0.633071
0.185
0.633071
0.185
0.633071
0.185
0.633071
0.185
0.547063
0.2875
0.334296
0.507796
0.185
0.633071
0.185
0.633071
0.185
0.633071
0.185
0.633071
0.185
0.633071
0.0899999
0.712786
0.0899999
0.712786
0.0899999
0.712786
0.0899999
0.712786
0.00749991
0.775283
0.00749991
0.775283
0.00749991
0.775283
-0.00500009
0.650333
-8.98732e-08
-8.98732e-08
-8.98732e-08
-8.98732e-08
-8.98732e-08
-8.98732e-08
-8.98732e-08
-8.98732e-08
-8.98732e-08
-8.98732e-08
-8.98732e-08
-8.98732e-08
-0.00500009
0.0487499
-0.00500009
0.00749991
0.3
-0.00500009
0.775283
0.00749991
0.775283
0.00749991
0.775283
0.00749991
0.712786
0.0899999
0.712786
0.0899999
0.712786
0.0899999
0.712786
0.0899999
0.633071
0.185
0.7825
-0.00500002
0.7825
-0.00500002
0.7825
-0.00500002
0.7825
-0.00500002
0.751244
0.0441666
0.334296
0.520296
0.0332044
0.772943
-0.00500002
0.795
-0.00500002
0.795
-0.00500002
0.795
-0.00500002
0.795
-0.00500009
0.795
-0.00500009
0.795
-0.00500009
0.795
0.00749991
0.787783
0.00749991
0.787783
0.00749991
0.787783
0.00749991
0.787783
-0.00500009
0.650333
-0.00500009
0.20875
-0.00500009
0.22375
-0.00500009
0.205
-0.00500009
0.205
0.00124991
0.31375
-0.00500009
0.205
-0.00500009
0.205
-8.98732e-08
0.20375
0.2925
0.31125
0.7825
-0.00500009
0.7825
-0.00500009
0.7825
-0.00500009
0.7825
-0.00500009
0.7825
-0.00500009
0.7825
-0.00500009
0.7825
-0.00500009
0.7825
-0.00500009
0.725372
0.0749999
0.725372
0.0749999
0.725372
0.0749999
0.725372
0.0749999
0.670831
0.14
0.334296
0.520296
0.0332044
0.772943
-0.00500002
0.795
-0.00500002
0.795
-0.00500002
0.795
0.185
0.645571
0.0899999
0.725286
0.0899999
0.725286
0.00749991
0.787783
0.00749991
0.787783
0.00749991
0.787783
0.00749991
0.787783
0.00749991
0.787783
-0.00500009
0.650333
-0.00500009
0.16375
-0.00500009
0.105
-0.00500009
0.105
-0.00500009
0.16375
-0.00500009
0.115
-0.00500009
0.105
-0.00500009
0.105
-8.98732e-08
0.13
-0.00500009
0.135
0.7825
-0.00500009
0.7825
-0.00500009
0.7825
-0.00500009
0.7825
-0.00500009
0.7825
-0.00500009
0.7825
-0.00500009
0.725372
0.0749999
0.725372
0.0749999
0.697402
0.108333
0.697402
0.108333
0.697402
0.108333
0.697402
0.108333
0.63447
0.183333
0.334296
0.520296
0.0332044
0.772943
0.185
0.645571
0.185
0.645571
0.185
0.645571
0.185
0.645571
0.0899999
0.725286
0.0899999
0.725286
0.0899999
0.725286
0.00749991
0.787783
0.00749991
0.787783
0.00749991
0.787783
0.00749991
0.787783
-0.00500009
0.650333
-0.00500009
0.121667
-0.00500009
0.0816666
-8.98732e-08
0.0666666
-8.98732e-08
0.0666666
-0.00500009
0.115417
-8.98732e-08
0.0666666
-8.98732e-08
0.0666666
-8.98732e-08
0.0966666
0.0999999
0.129167
0.7825
-0.00500009
0.7825
-0.00500009
0.7825
-0.00500009
0.7825
-0.00500009
0.7825
-0.00500009
0.7825
-0.00500009
0.7825
-0.00500009
0.7825
-0.00500009
0.683417
0.125
0.683417
0.125
0.683417
0.125
0.683417
0.125
0.612618
0.209375
0.334296
0.520296
0.185
0.645571
0.185
0.645571
0.185
0.645571
0.185
0.645571
0.185
0.645571
0.0899999
0.725286
0.0899999
0.725286
0.0899999
0.725286
0.00749991
0.787783
0.00749991
0.787783
0.00749991
0.787783
0.00749991
0.787783
-0.00500009
0.650333
-0.00500009
0.0893749
0.0487499
0.0449999
-8.98732e-08
0.0599999
-8.98732e-08
0.0499999
-0.00500009
0.115625
-0.00500009
0.0856249
-8.98732e-08
0.0499999
0.00749991
0.0449999
-0.00500009
0.0856249
0.772757
0.0118749
0.772757
0.0118749
0.772757
0.0118749
0.772757
0.0118749
0.772757
0.0118749
0.772757
0.0118749
0.772757
0.0118749
0.772757
0.0118749
0.675026
0.135
0.675026
0.135
0.675026
0.135
0.675026
0.135
0.599507
0.225
0.334296
0.520296
0.185
0.645571
0.185
0.645571
0.185
0.645571
0.185
0.645571
0.185
0.645571
0.0899999
0.725286
0.0899999
0.725286
0.0899999
0.725286
0.00749991
0.787783
0.00749991
0.787783
0.00749991
0.787783
0.00749991
0.787783
-0.00500009
0.650333
-8.98732e-08
0.0399999
0.0124999
0.0637499
-8.98732e-08
0.0399999
-8.98732e-08
0.0399999
0.00749991
0.0349999
-0.00500009
0.0699999
-0.00500009
0.0699999
-8.98732e-08
0.0699999
-0.00500009
0.0799999
0.7825
-0.00500009
0.763736
0.0274999
0.763736
0.0274999
0.763736
0.0274999
0.763736
0.0274999
0.763736
0.0274999
0.763736
0.0274999
0.763736
0.0274999
0.795
-0.00500009
0.795
-0.005
0.795
-0.005
0.795
-0.005
0.772943
0.0332044
0.334296
0.507796
0.0332044
0.760443
-0.00500002
0.7825
-0.00500002
0.7825
-0.00500002
0.7825
-0.00500002
0.7825
-0.00500009
0.7825
-0.00500009
0.7825
-0.00500009
0.7825
-0.00500009
0.7825
-0.00500009
0.7825
-0.00500009
0.7825
-0.00500009
0.7825
0.31125
0.45097
0.205
-0.00500009
0.2
-8.98732e-08
0.205
-0.00500009
0.205
-0.00500009
0.205
-0.00500009
0.205
0.00624991
0.205
-0.00500009
0.205
-0.00500009
0.2775
-0.00500009
0.787783
0.00749991
0.787783
0.00749991
0.787783
0.00749991
0.787783
0.00749991
0.795
-0.00500009
0.795
-0.00500009
0.795
-0.00500009
0.795
-0.00500009
0.795
-0.00500002
0.763744
0.0441666
0.763744
0.0441666
0.763744
0.0441666
0.763744
0.0441666
0.334296
0.520296
0.0441666
0.763744
0.0441666
0.763744
0.0441666
0.763744
-0.00500002
0.795
-0.00500002
0.795
-0.00500009
0.795
-0.00500009
0.795
-0.00500009
0.795
-0.00500009
0.795
-0.00500009
0.795
-0.00500009
0.795
-0.00500009
0.795
0.31125
0.45097
0.31125
0.1475
0.31125
0.115
0.31125
0.22375
0.31125
0.33
0.12125
0.31125
0.115
0.31125
0.115
0.31125
0.0466666
0.152917
0.0991666
0.31125
0.795
-0.00500009
0.795
-0.00500009
0.795
-0.00500009
0.795
-0.00500009
0.795
-0.00500009
0.795
-0.00500009
0.795
-0.00500009
0.795
-0.00500009
0.795
-0.00500002
0.795
-0.00500002
0.795
-0.00500002
0.795
-0.00500002
0.772943
0.0332044
0.334296
0.520296
0.0441666
0.763744
-0.00500002
0.795
-0.00500002
0.795
-0.00500002
0.795
-0.00500002
0.795
-0.00500009
0.795
-0.00500009
0.795
-0.00500009
0.795
-0.00500009
0.795
-0.00500009
0.795
-0.00500009
0.795
-0.00500009
0.795
0.31125
0.45097
0.31125
0.17375
0.31125
0.115
0.31125
0.17375
0.31125
0.17375
0.31125
0.1675
0.11125
0.16375
0.11125
0.17375
0.11125
0.1675
0.1075
0.135
0.795
-0.00500009
0.795
-0.00500009
0.795
-0.00500009
0.795
-0.00500009
0.775515
0.0287499
0.775515
0.0287499
0.795
-0.00500009
0.795
-0.00500009
0.795
-0.00500009
0.795
-0.005
0.795
-0.005
0.795
-0.005
0.772943
0.0332044
0.334296
0.520296
0.0332044
0.772943
-0.00500002
0.795
-0.00500002
0.795
-0.00500002
0.795
-0.00500002
0.795
-0.00500009
0.795
-0.00500009
0.795
-0.00500009
0.795
-0.00500009
0.795
-0.00500009
0.795
-0.00500009
0.795
-0.00500009
0.795
0.31125
0.45097
0.31125
0.0904166
0.31125
0.0816666
0.13625
0.129167
0.31125
0.141667
0.31125
0.115417
0.31125
0.130417
0.205
0.0991666
0.20875
0.102917
0.205
0.129167
0.795
-0.00500009
0.795
-0.00500009
0.795
-0.00500009
0.795
-0.00500009
0.795
-0.00500009
0.795
-0.00500009
0.795
-0.00500009
0.795
-0.00500009
0.795
-0.00500009
0.795
-0.005
0.795
-0.005
0.795
-0.005
0.772943
0.0332044
0.334296
0.520296
0.0332044
0.772943
-0.00500002
0.795
-0.00500002
0.795
-0.00500002
0.795
-0.00500002
0.795
-0.00500009
0.795
-0.00500009
0.795
-0.00500009
0.795
-0.00500009
0.795
-0.00500009
0.795
-0.00500009
0.795
-0.00500009
0.795
0.31125
0.45097
0.22375
0.0487499
0.2
0.0499999
0.19875
0.0893749
0.31375
0.109375
0.195
0.0893749
0.21375
0.104375
0.19875
0.0956249
0.205
0.0549999
0.195
0.0856249
0.795
-0.00500009
0.785257
0.0118749
0.785257
0.0118749
0.785257
0.0118749
0.795
-0.00500009
0.795
-0.00500009
0.795
-0.00500009
0.795
-0.00500009
0.795
-0.00500009
0.795
-0.005
0.795
-0.005
0.795
-0.005
0.772943
0.0332044
0.334296
0.520296
0.0332044
0.772943
-0.00500002
0.795
-0.00500002
0.795
-0.00500002
0.795
-0.00500002
0.795
-0.00500009
0.795
-0.00500009
0.795
-0.00500009
0.795
-0.00500009
0.795
-0.00500009
0.795
-0.00500009
0.795
-0.00500009
0.795
0.31125
0.45097
0.215
0.0274999
0.2
0.0499999
0.195
0.0887499
0.205
0.0449999
0.195
0.0999999
0.195
0.0799999
0.19875
0.0799999
0.205
0.0474999
0.195
0.0799999
0.795
-0.00500009
0.795
-0.00500009
0.776236
0.0274999
0.795
-0.00500009
0.795
-0.00500009
0.795
-0.00500009
0.795
-0.00500009
0.795
-0.00500009
0.795
-0.00500009
0.795
-0.005
0.795
-0.005
0.795
-0.005
0.772943
0.0332044
0.334296
0.507796
0.0749999
0.725372
0.0749999
0.725372
0.0749999
0.725372
0.0749999
0.725372
0.0749999
0.725372
0.0749999
0.725372
-0.00500009
0.7825
-0.00500009
0.7825
-0.00500009
0.7825
-0.00500009
0.7825
-0.00500009
0.7825
-0.00500009
0.7825
0.135
0.59818
0.105
-0.00500009
0.0999999
-8.98732e-08
0.105
-0.00500009
0.105
-0.00500009
0.105
-0.00500009
0.105
0.00624991
0.105
-0.00500009
0.105
-0.00500009
0.25
-0.00500009
0.787783
0.00749991
0.787783
0.00749991
0.787783
0.00749991
0.787783
0.00749991
0.787783
0.00749991
0.725286
0.0899999
0.725286
0.0899999
0.645571
0.185
0.795
-0.00500002
0.795
-0.00500002
0.795
-0.00500002
0.763744
0.0441666
0.763744
0.0441666
0.334296
0.520296
0.0332044
0.772943
-0.00500002
0.795
-0.00500002
0.795
-0.00500002
0.795
-0.00500002
0.795
-0.00500009
0.795
0.0287499
0.775515
0.0287499
0.775515
-0.00500009
0.795
-0.00500009
0.795
-0.00500009
0.795
-0.00500009
0.795
0.135
0.59818
0.16375
0.11125
0.19375
0.31125
0.105
0.12625
0.16375
0.31125
0.105
0.31125
0.16375
0.31125
0.105
0.31125
0.0949999
0.13375
0.17
0.31125
0.795
-0.00500009
0.795
-0.00500009
0.795
-0.00500009
0.795
-0.00500009
0.795
-0.00500009
0.795
-0.00500009
0.795
-0.00500009
0.795
-0.00500009
0.737872
0.0749999
0.737872
0.0749999
0.737872
0.0749999
0.737872
0.0749999
0.690673
0.13125
0.334296
0.520296
0.0749999
0.737872
0.0749999
0.737872
0.0749999
0.737872
0.0749999
0.737872
0.0749999
0.737872
0.0749999
0.737872
0.0287499
0.775515
-0.00500009
0.795
-0.00500009
0.795
-0.00500009
0.795
-0.00500009
0.795
-0.00500009
0.795
0.135
0.59818
0.16375
0.11375
0.17375
0.0949999
0.17625
0.17625
0.155
0.135
0.16375
0.155
0.0512499
0.16375
0.15125
0.17375
0.125
0.1675
0.0512499
0.135
0.795
-0.00500009
0.795
-0.00500009
0.795
-0.00500009
0.795
-0.00500009
0.795
-0.00500009
0.775515
0.0287499
0.737872
0.0749999
0.737872
0.0749999
0.709902
0.108333
0.709902
0.108333
0.709902
0.108333
0.709902
0.108333
0.772943
0.0332044
0.334296
0.520296
0.0749999
0.737872
0.0749999
0.737872
0.0749999
0.737872
0.0749999
0.737872
0.0749999
0.737872
0.0749999
0.737872
-0.00500009
0.795
-0.00500009
0.795
-0.00500009
0.795
-0.00500009
0.795
-0.00500009
0.795
-0.00500009
0.795
0.135
0.59818
0.16375
0.0424999
0.18125
0.101667
0.17625
0.105417
0.155
0.141667
0.16375
0.129167
0.135
0.129167
0.0949999
0.141667
0.105
0.102917
0.105
0.129167
0.795
-0.00500009
0.795
-0.00500009
0.795
-0.00500009
0.795
-0.00500009
0.795
-0.00500009
0.795
-0.00500009
0.795
-0.00500009
0.795
-0.00500009
0.695917
0.125
0.695917
0.125
0.695917
0.125
0.795
-0.005
0.772943
0.0332044
0.334296
0.520296
0.0749999
0.737872
0.0749999
0.737872
0.0749999
0.737872
0.0749999
0.737872
0.0749999
0.737872
0.0749999
0.737872
-0.00500009
0.795
-0.00500009
0.795
-0.00500009
0.795
-0.00500009
0.795
-0.00500009
0.795
-0.00500009
0.795
0.135
0.59818
0.16375
0.0418749
0.1875
0.109375
0.17625
0.0981249
0.125
0.104375
0.16375
0.0918749
0.1825
0.103125
0.1675
0.103125
0.0949999
0.0956249
0.0949999
0.0856249
0.785257
0.0118749
0.785257
0.0118749
0.785257
0.0118749
0.785257
0.0118749
0.785257
0.0118749
0.785257
0.0118749
0.785257
0.0118749
0.785257
0.0118749
0.687526
0.135
0.687526
0.135
0.795
-0.005
0.795
-0.005
0.772943
0.0332044
0.334296
0.520296
0.0749999
0.737872
0.0749999
0.737872
0.0749999
0.737872
0.0749999
0.737872
0.0749999
0.737872
0.0749999
0.737872
-0.00500009
0.795
-0.00500009
0.795
-0.00500009
0.795
-0.00500009
0.795
-0.00500009
0.795
-0.00500009
0.795
0.135
0.59818
0.16375
0.0274999
0.17375
0.0449999
0.105
0.0999999
0.1575
0.0937499
0.17375
0.0874999
0.1575
0.0937499
0.1675
0.0874999
0.0949999
0.0999999
0.0949999
0.0799999
0.795
-0.00500009
0.776236
0.0274999
0.776236
0.0274999
0.776236
0.0274999
0.776236
0.0274999
0.776236
0.0274999
0.776236
0.0274999
0.776236
0.0274999
0.645571
0.185
0.645571
0.185
0.645571
0.185
0.795
-0.005
0.772943
0.0332044
0.334296
0.507796
0.108333
0.697402
0.108333
0.697402
0.108333
0.697402
0.108333
0.697402
-0.00500002
0.7825
-0.00500009
0.7825
-0.00500009
0.7825
-0.00500009
0.7825
-0.00500009
0.7825
-0.00500009
0.7825
-0.00500009
0.7825
-0.00500009
0.7825
0.129167
0.596057
0.0716666
-0.00500009
0.0666666
-8.98732e-08
0.0716666
-0.00500009
0.0666666
-8.98732e-08
0.0666666
-8.98732e-08
0.0716666
0.00624991
0.0666666
-8.98732e-08
0.0616666
0.00749991
0.2625
-0.00500009
0.787783
0.00749991
0.787783
0.00749991
0.787783
0.00749991
0.787783
0.00749991
0.725286
0.0899999
0.725286
0.0899999
0.725286
0.0899999
0.645571
0.185
0.795
-0.00500002
0.795
-0.00500002
0.795
-0.00500002
0.795
-0.005
0.763744
0.0441666
0.334296
0.520296
0.0332044
0.772943
-0.00500002
0.795
-0.00500002
0.795
-0.00500002
0.795
-0.00500002
0.795
-0.00500009
0.795
-0.00500009
0.795
-0.00500009
0.795
-0.00500009
0.795
-0.00500009
0.795
-0.00500009
0.795
-0.00500009
0.795
0.129167
0.596057
0.130417
0.31125
0.0854166
0.23
0.0804166
0.215
0.111667
0.31125
0.111667
0.31125
0.0116666
0.205
0.0399999
0.2075
0.0616666
0.13625
0.205
0.31125
0.795
-0.00500009
0.795
-0.00500009
0.795
-0.00500009
0.795
-0.00500009
0.795
-0.00500009
0.795
-0.00500009
0.795
-0.00500009
0.795
-0.00500009
0.737872
0.0749999
0.737872
0.0749999
0.737872
0.0749999
0.737872
0.0749999
0.683331
0.14
0.334296
0.520296
0.108333
0.709902
0.108333
0.709902
0.108333
0.709902
0.108333
0.709902
-0.00500002
0.795
-0.00500009
0.795
-0.00500009
0.795
-0.00500009
0.795
-0.00500009
0.795
-0.00500009
0.795
-0.00500009
0.795
-0.00500009
0.795
0.129167
0.596057
0.141667
0.0987499
0.0854166
0.13
0.141667
0.105
0.105417
0.1575
0.0716666
0.155
0.0324999
0.16375
0.0991666
0.17375
0.0991666
0.1675
0.0324999
0.135
0.795
-0.00500009
0.795
-0.00500009
0.795
-0.00500009
0.795
-0.00500009
0.795
-0.00500009
0.795
-0.00500009
0.737872
0.0749999
0.737872
0.0749999
0.709902
0.108333
0.709902
0.108333
0.709902
0.108333
0.709902
0.108333
0.64697
0.183333
0.334296
0.520296
0.108333
0.709902
0.108333
0.709902
0.108333
0.709902
0.108333
0.709902
-0.00500002
0.795
-0.00500009
0.795
-0.00500009
0.795
-0.00500009
0.795
-0.00500009
0.795
-0.00500009
0.795
-0.00500009
0.795
-0.00500009
0.795
0.129167
0.596057
0.0916666
0.130417
0.0991666
0.121667
0.115417
0.129167
0.129167
0.0904166
0.0816666
0.129167
0.135417
0.135417
0.0991666
0.141667
0.111667
0.102917
0.0716666
0.129167
0.795
-0.00500009
0.795
-0.00500009
0.795
-0.00500009
0.795
-0.00500009
0.795
-0.00500009
0.795
-0.00500009
0.795
-0.00500009
0.795
-0.00500009
0.695917
0.125
0.695917
0.125
0.695917
0.125
0.695917
0.125
0.625118
0.209375
0.334296
0.520296
0.108333
0.709902
0.108333
0.709902
0.108333
0.709902
0.108333
0.709902
-0.00500002
0.795
-0.00500009
0.795
-0.00500009
0.795
-0.00500009
0.795
-0.00500009
0.795
-0.00500009
0.795
-0.00500009
0.795
-0.00500009
0.795
0.129167
0.596057
0.0916666
0.104375
0.135417
0.109375
0.130417
0.103125
0.105417
0.0981249
0.135417
0.109375
0.105417
0.0981249
0.115417
0.103125
0.0616666
0.0956249
0.0616666
0.0856249
0.785257
0.0118749
0.785257
0.0118749
0.785257
0.0118749
0.785257
0.0118749
0.785257
0.0118749
0.785257
0.0118749
0.785257
0.0118749
0.785257
0.0118749
0.687526
0.135
0.687526
0.135
0.687526
0.135
0.687526
0.135
0.772943
0.0332044
0.334296
0.520296
0.108333
0.709902
0.108333
0.709902
0.108333
0.709902
0.108333
0.709902
-0.00500002
0.795
-0.00500009
0.795
-0.00500009
0.795
-0.00500009
0.795
-0.00500009
0.795
-0.00500009
0.795
-0.00500009
0.795
-0.00500009
0.795
0.129167
0.596057
0.130417
0.0387499
0.141667
0.0762499
0.0804166
0.0999999
0.141667
0.0874999
0.135417
0.0824999
0.105417
0.0937499
0.115417
0.0874999
0.0616666
0.0999999
0.0616666
0.0799999
0.795
-0.00500009
0.776236
0.0274999
0.776236
0.0274999
0.776236
0.0274999
0.776236
0.0274999
0.776236
0.0274999
0.776236
0.0274999
0.776236
0.0274999
0.645571
0.185
0.645571
0.185
0.645571
0.185
0.645571
0.185
0.772943
0.0332044
0.334296
0.507796
0.125
0.683417
0.125
0.683417
0.125
0.683417
0.125
0.683417
0.0118749
0.772757
0.0118749
0.772757
0.0118749
0.772757
0.0118749
0.772757
0.0118749
0.772757
0.0118749
0.772757
0.0118749
0.772757
0.0118749
0.772757
0.0856249
0.600957
0.0499999
0.0112499
0.0499999
-8.98732e-08
0.0499999
0.0412499
0.0499999
-8.98732e-08
0.0499999
-8.98732e-08
0.0499999
0.0412499
0.0499999
-8.98732e-08
0.0449999
0.00749991
0.271875
-0.00500009
0.787783
0.00749991
0.787783
0.00749991
0.787783
0.00749991
0.787783
0.00749991
0.725286
0.0899999
0.725286
0.0899999
0.725286
0.0899999
0.645571
0.185
0.795
-0.00500002
0.795
-0.00500002
0.795
-0.00500002
0.795
-0.005
0.763744
0.0441666
0.334296
0.520296
0.0332044
0.772943
-0.00500002
0.795
-0.00500002
0.795
-0.00500002
0.795
-0.00500002
0.795
-0.00500009
0.795
-0.00500009
0.795
-0.00500009
0.795
0.0118749
0.785257
0.0118749
0.785257
0.0118749
0.785257
-0.00500009
0.795
0.0856249
0.600957
0.0893749
0.19875
0.103125
0.235
0.0956249
0.21375
0.00749991
0.32
0.0831249
0.235
0.00749991
0.205
0.0799999
0.2
0.0856249
0.205
0.226875
0.31125
0.795
-0.00500009
0.795
-0.00500009
0.795
-0.00500009
0.795
-0.00500009
0.795
-0.00500009
0.795
-0.00500009
0.795
-0.00500009
0.795
-0.00500009
0.737872
0.0749999
0.737872
0.0749999
0.737872
0.0749999
0.737872
0.0749999
0.683331
0.14
0.334296
0.520296
0.0332044
0.772943
0.125
0.695917
0.125
0.695917
0.125
0.695917
0.0118749
0.785257
0.0118749
0.785257
0.0118749
0.785257
0.0118749
0.785257
0.0118749
0.785257
0.0118749
0.785257
0.0118749
0.785257
0.0118749
0.785257
0.0856249
0.600957
0.109375
0.1575
0.0793749
0.17625
0.0956249
0.105
0.0231249
0.135
0.0793749
0.1575
0.0231249
0.19375
0.0231249
0.17375
0.0231249
0.1675
0.0231249
0.135
0.795
-0.00500009
0.795
-0.00500009
0.795
-0.00500009
0.795
-0.00500009
0.795
-0.00500009
0.795
-0.00500009
0.737872
0.0749999
0.737872
0.0749999
0.709902
0.108333
0.709902
0.108333
0.709902
0.108333
0.709902
0.108333
0.64697
0.183333
0.334296
0.520296
0.125
0.695917
0.125
0.695917
0.125
0.695917
0.125
0.695917
0.0118749
0.785257
0.0118749
0.785257
0.0118749
0.785257
0.0118749
0.785257
0.0118749
0.785257
0.0118749
0.785257
0.0118749
0.785257
0.0118749
0.785257
0.0856249
0.600957
0.0956249
0.0916666
0.0793749
0.135417
0.0956249
0.0916666
0.0831249
0.0904166
0.0831249
0.135417
0.0793749
0.135417
0.0537499
0.0854166
0.0981249
0.109167
0.0718749
0.129167
0.795
-0.00500009
0.795
-0.00500009
0.795
-0.00500009
0.795
-0.00500009
0.795
-0.00500009
0.795
-0.00500009
0.795
-0.00500009
0.795
-0.00500009
0.695917
0.125
0.695917
0.125
0.695917
0.125
0.695917
0.125
0.625118
0.209375
0.334296
0.520296
0.125
0.695917
0.125
0.695917
0.125
0.695917
0.125
0.695917
0.0118749
0.785257
0.0118749
0.785257
0.0118749
0.785257
0.0118749
0.785257
0.0118749
0.785257
0.0118749
0.785257
0.0118749
0.785257
0.0118749
0.785257
0.0856249
0.600957
0.115625
0.0487499
0.0793749
0.0981249
0.109375
0.0981249
0.0981249
0.109375
0.0793749
0.109375
0.0549999
0.0956249
0.0487499
0.0956249
0.0487499
0.0956249
0.0449999
0.0856249
0.785257
0.0118749
0.785257
0.0118749
0.785257
0.0118749
0.785257
0.0118749
0.785257
0.0118749
0.785257
0.0118749
0.785257
0.0118749
0.785257
0.0118749
0.687526
0.135
0.687526
0.135
0.687526
0.135
0.687526
0.135
0.612007
0.225
0.334296
0.520296
0.125
0.695917
0.125
0.695917
0.125
0.695917
0.125
0.695917
0.0118749
0.785257
0.0118749
0.785257
0.0118749
0.785257
0.0118749
0.785257
0.0118749
0.785257
0.0118749
0.785257
0.0118749
0.785257
0.0118749
0.785257
0.0856249
0.600957
0.109375
0.0637499
0.0793749
0.0824999
0.0549999
0.0999999
0.0981249
0.0824999
0.0981249
0.0637499
0.0981249
0.0937499
0.0981249
0.0937499
0.0487499
0.0999999
0.0449999
0.0799999
0.795
-0.00500009
0.776236
0.0274999
0.776236
0.0274999
0.776236
0.0274999
0.776236
0.0274999
0.776236
0.0274999
0.776236
0.0274999
0.776236
0.0274999
0.645571
0.185
0.645571
0.185
0.645571
0.185
0.645571
0.185
0.772943
0.0332044
0.334296
0.507796
0.135
0.675026
0.135
0.675026
0.135
0.675026
0.135
0.675026
0.0274999
0.763736
0.0274999
0.763736
0.0274999
0.763736
0.0274999
0.763736
0.0274999
0.763736
0.0274999
0.763736
0.0274999
0.763736
-0.00500009
0.7825
0.0799999
0.590294
0.0399999
0.0112499
0.0399999
-8.98732e-08
0.0399999
0.0412499
0.0399999
-8.98732e-08
0.0399999
-8.98732e-08
0.0399999
0.0412499
0.0399999
-8.98732e-08
0.0349999
0.00749991
0.2775
-0.00500009
0.787783
0.00749991
0.787783
0.00749991
0.787783
0.00749991
0.787783
0.00749991
0.725286
0.0899999
0.725286
0.0899999
0.725286
0.0899999
0.645571
0.185
0.795
-0.00500002
0.795
-0.00500002
0.795
-0.00500002
0.795
-0.005
0.763744
0.0441666
0.334296
0.520296
0.0332044
0.772943
-0.00500002
0.795
-0.00500002
0.795
-0.00500002
0.795
-0.00500002
0.795
-0.00500009
0.795
-0.00500009
0.795
-0.00500009
0.795
-0.00500009
0.795
0.0274999
0.776236
-0.00500009
0.795
-0.00500009
0.795
0.0799999
0.590294
0.0874999
0.205
0.0874999
0.235
0.0999999
0.195
0.00499991
0.32
0.0174999
0.32375
0.00499991
0.205
0.0399999
0.2
0.0537499
0.205
0.24
0.31125
0.795
-0.00500009
0.795
-0.00500009
0.795
-0.00500009
0.795
-0.00500009
0.795
-0.00500009
0.795
-0.00500009
0.795
-0.00500009
0.795
-0.00500009
0.737872
0.0749999
0.737872
0.0749999
0.737872
0.0749999
0.737872
0.0749999
0.683331
0.14
0.334296
0.520296
0.0332044
0.772943
-0.00500002
0.795
0.135
0.687526
0.135
0.687526
0.0274999
0.776236
0.0274999
0.776236
0.0274999
0.776236
0.0274999
0.776236
0.0274999
0.776236
0.0274999
0.776236
0.0274999
0.776236
-0.00500009
0.795
0.0799999
0.590294
0.0874999
0.105
0.0499999
0.13
0.0999999
0.105
0.0612499
0.135
0.0174999
0.135
0.0174999
0.19375
0.0874999
0.17375
0.0537499
0.1675
0.0174999
0.135
0.795
-0.00500009
0.795
-0.00500009
0.795
-0.00500009
0.795
-0.00500009
0.795
-0.00500009
0.795
-0.00500009
0.737872
0.0749999
0.737872
0.0749999
0.709902
0.108333
0.709902
0.108333
0.709902
0.108333
0.709902
0.108333
0.64697
0.183333
0.334296
0.520296
0.135
0.687526
0.135
0.687526
0.135
0.687526
0.135
0.687526
0.0274999
0.776236
0.0274999
0.776236
0.0274999
0.776236
0.0274999
0.776236
0.0274999
0.776236
0.0274999
0.776236
0.0274999
0.776236
-0.00500009
0.795
0.0799999
0.590294
0.0574999
0.115417
0.0874999
0.141667
0.0999999
0.0804166
0.0637499
0.135417
0.0574999
0.121667
0.0937499
0.135417
0.0874999
0.141667
0.0737499
0.109167
0.0774999
0.129167
0.795
-0.00500009
0.795
-0.00500009
0.795
-0.00500009
0.795
-0.00500009
0.795
-0.00500009
0.795
-0.00500009
0.795
-0.00500009
0.795
-0.00500009
0.695917
0.125
0.695917
0.125
0.695917
0.125
0.695917
0.125
0.625118
0.209375
0.334296
0.520296
0.135
0.687526
0.135
0.687526
0.135
0.687526
0.135
0.687526
0.0274999
0.776236
0.0274999
0.776236
0.0274999
0.776236
0.0274999
0.776236
0.0274999
0.776236
0.0274999
0.776236
0.0274999
0.776236
-0.00500009
0.795
0.0799999
0.590294
0.0824999
0.0793749
0.0824999
0.0981249
0.0387499
0.0956249
0.0399999
0.0799999
0.0999999
0.0449999
0.0537499
0.0956249
0.0349999
0.0893749
0.0349999
0.0956249
0.0349999
0.0856249
0.785257
0.0118749
0.785257
0.0118749
0.785257
0.0118749
0.785257
0.0118749
0.785257
0.0118749
0.785257
0.0118749
0.785257
0.0118749
0.785257
0.0118749
0.687526
0.135
0.687526
0.135
0.687526
0.135
0.687526
0.135
0.612007
0.225
0.334296
0.520296
0.135
0.687526
0.135
0.687526
0.135
0.687526
0.135
0.687526
0.0274999
0.776236
0.0274999
0.776236
0.0274999
0.776236
0.0274999
0.776236
0.0274999
0.776236
0.0274999
0.776236
0.0274999
0.776236
-0.00500009
0.795
0.0799999
0.590294
0.0799999
0.0387499
0.0799999
0.0537499
0.0387499
0.0999999
0.0387499
0.0799999
0.0999999
0.0387499
0.0349999
0.0799999
0.0349999
0.0799999
0.0349999
0.0999999
0.0349999
0.0799999
0.795
-0.00500009
0.776236
0.0274999
0.776236
0.0274999
0.776236
0.0274999
0.776236
0.0274999
0.776236
0.0274999
0.776236
0.0274999
0.776236
0.0274999
