0.016038
0.0128964
0.016038
0.0200475
0.016038
0.0200475
0.016038
0.0200475
0.016038
0.0200475
0.016038
0.0200475
0.0200475
0.016038
0.0200475
0.016038
0.0200475
0.016038
0.0200475
0.016038
0.0200475
0.016038
-0.307118
0.016038
-0.888859
0.016038
-0.80222
0.016038
-0.80222
0.016038
-0.895298
0.016038
-0.734968
0.016038
-0.872029
0.016038
-0.872029
0.016038
-0.313557
0.016038
-0.922798
-0.0219525
-0.870779
-0.870779
-0.79972
-0.642984
-0.503557
-0.722972
-0.871404
-0.491682
-0.80222
-0.512984
-0.871404
-0.491682
-0.313557
-0.794219
-0.461892
-0.80222
-0.872029
-0.65471
-0.86059
-0.922798
0.016038
-0.731356
0.016038
-0.522984
0.016038
-0.574379
0.016038
-0.80222
0.016038
-0.313557
0.016038
-0.872029
0.016038
-0.872029
0.016038
-0.86559
0.016038
-0.60778
0.016038
0.0128964
0.016038
0.0200475
0.016038
0.0200475
0.016038
0.0200475
0.016038
0.0200475
0.016038
0.0200475
0.016038
0.0200475
0.016038
0.0200475
0.016038
0.0200475
0.016038
0.0200475
0.016038
0.0200475
-0.504045
0.0200475
-0.597118
0.0200475
-0.913859
0.0200475
-0.504045
0.0200475
-0.504045
0.0200475
-0.8782
0.0200475
-0.597118
0.0200475
-0.597118
0.0200475
-0.313557
0.016038
-0.922798
-0.0219525
-0.870779
-0.860779
-0.922798
-0.692984
-0.682121
-0.672121
-0.922798
-0.697468
-0.922798
-0.712447
-0.922798
-0.859529
-0.870779
-0.784012
-0.922798
-0.502984
-0.800553
-0.742684
-0.913859
-0.922798
0.016038
-0.885298
0.016038
-0.862029
0.016038
-0.512984
0.016038
-0.885298
0.016038
-0.79222
0.016038
-0.885298
0.016038
-0.755151
0.016038
-0.755151
0.016038
-0.79222
0.016038
0.0128964
0.016038
0.0200475
0.016038
0.0200475
0.016038
0.0200475
0.016038
0.0200475
0.016038
0.0200475
0.016038
0.0200475
0.016038
0.0200475
0.016038
0.0200475
0.016038
0.0200475
0.016038
0.0200475
-0.504045
0.0200475
-0.597118
0.0200475
-0.913859
0.0200475
-0.504045
0.0200475
-0.504045
0.0200475
-0.8782
0.0200475
-0.597118
0.0200475
-0.597118
0.0200475
-0.888859
0.016038
-0.922798
-0.0219525
-0.870779
-0.860779
-0.79972
-0.64971
-0.682121
-0.672121
-0.922798
-0.371892
-0.79722
-0.862029
-0.922798
-0.859529
-0.807121
-0.756012
-0.922798
-0.502984
-0.922798
-0.676892
-0.913859
-0.922798
0.016038
-0.885298
0.016038
-0.862029
0.016038
-0.512984
0.016038
-0.885298
0.016038
-0.79222
0.016038
-0.885298
0.016038
-0.650151
0.016038
-0.885298
0.016038
-0.79222
0.016038
0.0128964
0.016038
0.0200475
0.016038
0.0200475
0.016038
0.0200475
0.016038
0.0200475
0.016038
0.0200475
0.016038
0.0200475
0.016038
0.0200475
0.016038
0.0200475
0.016038
0.0200475
0.016038
0.0200475
-0.504045
0.0200475
-0.597118
0.0200475
-0.913859
0.0200475
-0.504045
0.0200475
-0.504045
0.0200475
-0.8782
0.0200475
-0.597118
0.0200475
-0.597118
0.0200475
-0.888859
0.016038
-0.922798
-0.0219525
-0.870779
-0.860779
-0.79972
-0.481392
-0.682121
-0.672121
-0.922798
-0.371892
-0.79722
-0.862029
-0.922798
-0.859529
-0.807121
-0.756012
-0.922798
-0.502984
-0.922798
-0.676892
-0.913859
-0.922798
0.016038
-0.885298
0.016038
-0.862029
0.016038
-0.512984
0.016038
-0.885298
0.016038
-0.79222
0.016038
-0.885298
0.016038
-0.885298
0.016038
-0.319529
0.016038
-0.79222
0.016038
0.0128964
0.016038
0.0200475
0.016038
0.0200475
0.016038
0.0200475
0.016038
0.0200475
0.016038
0.0200475
0.016038
0.0200475
0.016038
0.0200475
0.016038
0.0200475
0.016038
0.0200475
0.016038
0.0200475
-0.504045
0.0200475
-0.597118
0.0200475
-0.913859
0.0200475
-0.504045
0.0200475
-0.504045
0.0200475
-0.8782
0.0200475
-0.597118
0.0200475
-0.597118
0.0200475
-0.888859
0.016038
-0.922798
-0.0219525
-0.870779
-0.860779
-0.922798
-0.692984
-0.682121
-0.672121
-0.922798
-0.371892
-0.79722
-0.862029
-0.922798
-0.859529
-0.807121
-0.756012
-0.922798
-0.502984
-0.922798
-0.676892
-0.913859
-0.922798
0.016038
-0.885298
0.016038
-0.144529
0.016038
-0.512984
0.016038
-0.885298
0.016038
-0.79222
0.016038
-0.885298
0.016038
-0.221392
0.016038
-0.885298
0.016038
-0.79222
0.016038
0.0128964
0.016038
0.0200475
0.016038
0.0200475
0.016038
0.0200475
0.016038
0.0200475
0.016038
0.0200475
0.016038
0.0200475
0.016038
0.0200475
0.016038
0.0200475
0.016038
0.0200475
0.016038
0.0200475
-0.8782
0.0200475
-0.597118
0.0200475
-0.913859
0.0200475
-0.504045
0.0200475
-0.504045
0.0200475
-0.8782
0.0200475
-0.597118
0.0200475
-0.597118
0.0200475
-0.888859
0.016038
-0.922798
-0.0219525
-0.870779
-0.860779
-0.922798
-0.692984
-0.682121
-0.672121
-0.922798
-0.371892
-0.79722
-0.862029
-0.922798
-0.859529
-0.807121
-0.756012
-0.922798
-0.502984
-0.922798
-0.676892
-0.913859
-0.922798
0.016038
-0.885298
0.016038
-0.862029
0.016038
-0.512984
0.016038
-0.885298
0.016038
-0.79222
0.016038
-0.885298
0.016038
-0.221392
0.016038
-0.885298
0.016038
-0.79222
0.0200475
0.016038
0.0200475
0.016038
0.0200475
0.016038
0.0200475
0.016038
0.0200475
0.016038
0.0200475
0.016038
0.0200475
0.016038
0.0200475
0.016038
0.0200475
0.016038
0.0200475
0.016038
0.0200475
0.016038
-0.303557
0.016038
-0.79222
0.016038
-0.303557
0.016038
-0.303557
0.016038
-0.885298
0.016038
-0.79222
0.016038
-0.885298
0.016038
-0.512984
0.016038
-0.842798
0.016038
-0.922798
-0.0219525
-0.859529
-0.922798
-0.860154
-0.497932
-0.861195
-0.682984
-0.859529
-0.847262
-0.860779
-0.846012
-0.859529
-0.922798
-0.303557
-0.794219
-0.837538
-0.80222
-0.860779
-0.846012
-0.859529
-0.922798
0.016038
-0.80222
0.0200475
-0.86309
0.0200475
-0.759045
0.0200475
-0.788281
0.0200475
-0.86309
0.0200475
-0.85028
0.0200475
-0.788281
0.0200475
-0.793281
0.0200475
-0.788281
0.0200475
0
0.0200475
0.016038
0.0200475
0.016038
0.0200475
0.016038
0.0200475
0.016038
0.0200475
0.016038
0.016038
0.0200475
0.016038
0.0200475
0.016038
0.0200475
0.016038
0.0200475
0.016038
0.0200475
-0.87971
0.0200475
-0.79222
0.0200475
-0.859529
0.0200475
-0.303557
0.0200475
-0.859529
0.0200475
-0.859529
0.0200475
-0.493557
0.0200475
-0.512984
0.0200475
-0.596057
0.0200475
-0.922798
-0.0219525
-0.859529
-0.922798
-0.493557
-0.594219
-0.922798
-0.755151
-0.922798
-0.885298
-0.922798
-0.885298
-0.755151
-0.91472
-0.922798
-0.79222
-0.859529
-0.742798
-0.795985
-0.832571
-0.922798
-0.922798
0.0200475
-0.885298
0.0200475
-0.502984
0.0200475
-0.877651
0.0200475
-0.885298
0.0200475
-0.79222
0.0200475
-0.885298
0.0200475
-0.91472
0.0200475
-0.78722
0.0200475
-0.91472
0.0200475
0
0.0200475
0.016038
0.0200475
0.016038
0.0200475
0.016038
0.0200475
0.016038
0.0200475
0.016038
0.016038
0.0200475
0.016038
0.0200475
0.016038
0.0200475
0.016038
0.0200475
0.016038
0.0200475
-0.87971
0.0200475
-0.79222
0.0200475
-0.859529
0.0200475
-0.303557
0.0200475
-0.859529
0.0200475
-0.859529
0.0200475
-0.493557
0.0200475
-0.512984
0.0200475
-0.596057
0.0200475
-0.922798
-0.0219525
-0.859529
-0.922798
-0.922798
-0.862029
-0.922798
-0.746392
-0.922798
-0.885298
-0.922798
-0.885298
-0.755151
-0.91472
-0.922798
-0.79222
-0.860362
-0.687552
-0.922798
-0.79222
-0.922798
-0.922798
0.0200475
-0.885298
0.0200475
-0.502984
0.0200475
-0.754762
0.0200475
-0.885298
0.0200475
-0.79222
0.0200475
-0.885298
0.0200475
-0.91472
0.0200475
-0.78722
0.0200475
-0.91472
0.0200475
0
0.0200475
0.016038
0.0200475
0.016038
0.0200475
0.016038
0.0200475
0.016038
0.0200475
0.016038
0.016038
0.0200475
0.016038
0.0200475
0.016038
0.0200475
0.016038
0.0200475
0.016038
0.0200475
-0.87971
0.0200475
-0.79222
0.0200475
-0.859529
0.0200475
-0.303557
0.0200475
-0.859529
0.0200475
-0.859529
0.0200475
-0.493557
0.0200475
-0.512984
0.0200475
-0.596057
0.0200475
-0.922798
-0.0219525
-0.859529
-0.922798
-0.734237
-0.481879
-0.922798
-0.66971
-0.922798
-0.885298
-0.922798
-0.885298
-0.755151
-0.91472
-0.922798
-0.79222
-0.860362
-0.687552
-0.922798
-0.79222
-0.922798
-0.922798
0.0200475
-0.885298
0.0200475
-0.502984
0.0200475
-0.754762
0.0200475
-0.885298
0.0200475
-0.79222
0.0200475
-0.885298
0.0200475
-0.91472
0.0200475
-0.78722
0.0200475
-0.91472
0.0200475
0
0.0200475
0.016038
0.0200475
0.016038
0.0200475
0.016038
0.0200475
0.016038
0.0200475
0.016038
0.016038
0.0200475
0.016038
0.0200475
0.016038
0.0200475
0.016038
0.0200475
0.016038
0.0200475
-0.87971
0.0200475
-0.79222
0.0200475
-0.859529
0.0200475
-0.303557
0.0200475
-0.859529
0.0200475
-0.859529
0.0200475
-0.493557
0.0200475
-0.512984
0.0200475
-0.596057
0.0200475
-0.922798
-0.0219525
-0.859529
-0.922798
-0.734237
-0.481879
-0.922798
-0.66971
-0.922798
-0.885298
-0.922798
-0.885298
-0.755151
-0.91472
-0.922798
-0.79222
-0.860362
-0.687552
-0.922798
-0.79222
-0.922798
-0.922798
0.0200475
-0.885298
0.0200475
-0.502984
0.0200475
-0.754762
0.0200475
-0.885298
0.0200475
-0.79222
0.0200475
-0.885298
0.0200475
-0.91472
0.0200475
-0.78722
0.0200475
-0.91472
0.0200475
-0.0920286
0.0200475
0.016038
0.0200475
0.016038
0.0200475
0.016038
0.0200475
0.016038
0.0200475
0.016038
0.016038
0.0200475
0.016038
0.0200475
0.016038
0.0200475
0.016038
0.0200475
0.016038
0.0200475
-0.87971
0.0200475
-0.79222
0.0200475
-0.859529
0.0200475
-0.303557
0.0200475
-0.859529
0.0200475
-0.859529
0.0200475
-0.493557
0.0200475
-0.512984
0.0200475
-0.596057
0.0200475
-0.922798
-0.0219525
-0.859529
-0.922798
-0.734237
-0.481879
-0.922798
-0.66971
-0.922798
-0.885298
-0.922798
-0.885298
-0.755151
-0.91472
-0.922798
-0.79222
-0.860362
-0.687552
-0.922798
-0.79222
-0.922798
-0.922798
0.0200475
-0.885298
0.0200475
-0.502984
0.0200475
-0.754762
0.0200475
-0.885298
0.0200475
-0.79222
0.0200475
-0.885298
0.0200475
-0.91472
0.0200475
-0.78722
0.0200475
-0.91472
0.0200475
0.016038
0.0200475
0.016038
0.0200475
0.016038
0.0200475
0.016038
0.0200475
0.016038
0.0200475
0.016038
0.0200475
0.016038
0.0200475
0.016038
0.0200475
0.016038
0.0200475
0.016038
0.0200475
0.016038
-0.303557
0.016038
-0.79222
0.016038
-0.303557
0.016038
-0.303557
0.016038
-0.757262
0.016038
-0.79222
0.016038
-0.757262
0.016038
-0.512984
0.016038
-0.757262
0.016038
-0.922798
-0.0219525
-0.859529
-0.922798
-0.860154
-0.497932
-0.861195
-0.682984
-0.859529
-0.847262
-0.860779
-0.846012
-0.859529
-0.922798
-0.303557
-0.794219
-0.837538
-0.80222
-0.860779
-0.846012
-0.859529
-0.922798
0.016038
-0.658271
0.0200475
-0.86309
0.0200475
-0.759045
0.0200475
-0.788281
0.0200475
-0.86309
0.0200475
-0.85028
0.0200475
-0.788281
0.0200475
-0.793281
0.0200475
-0.788281
0.0200475
0
0.0200475
0.016038
0.0200475
0.016038
0.0200475
0.016038
0.0200475
0.016038
0.0200475
0.016038
0.016038
0.0200475
0.016038
0.0200475
0.016038
0.0200475
0.016038
0.0200475
0.016038
0.0200475
-0.772651
0.0200475
-0.79222
0.0200475
-0.704237
0.0200475
-0.303557
0.0200475
-0.859529
0.0200475
-0.859529
0.0200475
-0.493557
0.0200475
-0.512984
0.0200475
-0.596057
0.0200475
-0.922798
-0.0219525
-0.859529
-0.922798
-0.493557
-0.594219
-0.922798
-0.755151
-0.922798
-0.885298
-0.922798
-0.885298
-0.680262
-0.91472
-0.922798
-0.79222
-0.859529
-0.742798
-0.922798
-0.79222
-0.922798
-0.922798
0.0200475
-0.885298
0.0200475
-0.502984
0.0200475
-0.877651
0.0200475
-0.885298
0.0200475
-0.79222
0.0200475
-0.885298
0.0200475
-0.91472
0.0200475
-0.78722
0.0200475
-0.91472
0.0200475
0
0.0200475
0.016038
0.0200475
0.016038
0.0200475
0.016038
0.0200475
0.016038
0.0200475
0.016038
0.016038
0.0200475
0.016038
0.0200475
0.016038
0.0200475
0.016038
0.0200475
0.016038
0.0200475
-0.772651
0.0200475
-0.79222
0.0200475
-0.704237
0.0200475
-0.303557
0.0200475
-0.859529
0.0200475
-0.859529
0.0200475
-0.493557
0.0200475
-0.512984
0.0200475
-0.596057
0.0200475
-0.922798
-0.0219525
-0.859529
-0.922798
-0.922798
-0.862029
-0.922798
-0.746392
-0.922798
-0.885298
-0.922798
-0.885298
-0.680262
-0.91472
-0.922798
-0.79222
-0.860362
-0.687552
-0.922798
-0.79222
-0.922798
-0.922798
0.0200475
-0.885298
0.0200475
-0.502984
0.0200475
-0.754762
0.0200475
-0.885298
0.0200475
-0.79222
0.0200475
-0.885298
0.0200475
-0.91472
0.0200475
-0.78722
0.0200475
-0.91472
0.0200475
0
0.0200475
0.016038
0.0200475
0.016038
0.0200475
0.016038
0.0200475
0.016038
0.0200475
0.016038
0.016038
0.0200475
0.016038
0.0200475
0.016038
0.0200475
0.016038
0.0200475
0.016038
0.0200475
-0.772651
0.0200475
-0.79222
0.0200475
-0.704237
0.0200475
-0.303557
0.0200475
-0.859529
0.0200475
-0.859529
0.0200475
-0.493557
0.0200475
-0.512984
0.0200475
-0.596057
0.0200475
-0.922798
-0.0219525
-0.859529
-0.922798
-0.922798
-0.862029
-0.922798
-0.66971
-0.922798
-0.885298
-0.922798
-0.885298
-0.680262
-0.91472
-0.922798
-0.79222
-0.860362
-0.687552
-0.922798
-0.79222
-0.922798
-0.922798
0.0200475
-0.885298
0.0200475
-0.502984
0.0200475
-0.754762
0.0200475
-0.885298
0.0200475
-0.79222
0.0200475
-0.885298
0.0200475
-0.91472
0.0200475
-0.78722
0.0200475
-0.91472
0.0200475
0
0.0200475
0.016038
0.0200475
0.016038
0.0200475
0.016038
0.0200475
0.016038
0.0200475
0.016038
0.016038
0.0200475
0.016038
0.0200475
0.016038
0.0200475
0.016038
0.0200475
0.016038
0.0200475
-0.772651
0.0200475
-0.79222
0.0200475
-0.704237
0.0200475
-0.303557
0.0200475
-0.859529
0.0200475
-0.859529
0.0200475
-0.493557
0.0200475
-0.512984
0.0200475
-0.596057
0.0200475
-0.922798
-0.0219525
-0.859529
-0.922798
-0.771903
-0.358697
-0.922798
-0.66971
-0.922798
-0.885298
-0.922798
-0.885298
-0.680262
-0.91472
-0.922798
-0.79222
-0.860362
-0.687552
-0.922798
-0.79222
-0.922798
-0.922798
0.0200475
-0.885298
0.0200475
-0.502984
0.0200475
-0.754762
0.0200475
-0.885298
0.0200475
-0.79222
0.0200475
-0.885298
0.0200475
-0.91472
0.0200475
-0.78722
0.0200475
-0.91472
0.0200475
-0.0920286
0.0200475
0.016038
0.0200475
0.016038
0.0200475
0.016038
0.0200475
0.016038
0.0200475
0.016038
0.016038
0.0200475
0.016038
0.0200475
0.016038
0.0200475
0.016038
0.0200475
0.016038
0.0200475
-0.859529
0.0200475
-0.79222
0.0200475
-0.704237
0.0200475
-0.303557
0.0200475
-0.859529
0.0200475
-0.859529
0.0200475
-0.493557
0.0200475
-0.512984
0.0200475
-0.596057
0.0200475
-0.922798
-0.0219525
-0.859529
-0.922798
-0.771903
-0.358697
-0.922798
-0.66971
-0.922798
-0.885298
-0.922798
-0.885298
-0.680262
-0.91472
-0.922798
-0.79222
-0.860362
-0.687552
-0.922798
-0.79222
-0.922798
-0.922798
0.0200475
-0.885298
0.0200475
-0.502984
0.0200475
-0.754762
0.0200475
-0.885298
0.0200475
-0.79222
0.0200475
-0.885298
0.0200475
-0.91472
0.0200475
-0.78722
0.0200475
-0.91472
0.0200475
0.016038
0.0200475
0.016038
0.0200475
0.016038
0.0200475
0.016038
0.0200475
0.016038
0.0200475
0.016038
0.0200475
0.016038
0.0200475
0.016038
0.0200475
0.016038
0.0200475
0.016038
0.0200475
0.016038
-0.303557
0.016038
-0.79222
0.016038
-0.303557
0.016038
-0.303557
0.016038
-0.757262
0.016038
-0.79222
0.016038
-0.757262
0.016038
-0.512984
0.016038
-0.757262
0.016038
-0.922798
-0.0219525
-0.859529
-0.922798
-0.860154
-0.497932
-0.861195
-0.682984
-0.859529
-0.847262
-0.860779
-0.846012
-0.859529
-0.922798
-0.303557
-0.794219
-0.837538
-0.80222
-0.860779
-0.846012
-0.859529
-0.922798
0.016038
-0.658271
0.0200475
-0.86309
0.0200475
-0.759045
0.0200475
-0.788281
0.0200475
-0.86309
0.0200475
-0.85028
0.0200475
-0.788281
0.0200475
-0.793281
0.0200475
-0.788281
0.0200475
0
0.0200475
0.016038
0.0200475
0.016038
0.0200475
0.016038
0.0200475
0.016038
0.0200475
0.016038
0.016038
0.0200475
0.016038
0.0200475
0.016038
0.0200475
0.016038
0.0200475
0.016038
0.0200475
-0.885298
0.0200475
-0.79222
0.0200475
-0.859529
0.0200475
-0.319529
0.0200475
-0.859529
0.0200475
-0.859529
0.0200475
-0.493557
0.0200475
-0.512984
0.0200475
-0.596057
0.0200475
-0.922798
-0.0219525
-0.859529
-0.922798
-0.493557
-0.594219
-0.922798
-0.755151
-0.922798
-0.885298
-0.922798
-0.885298
-0.922798
-0.859529
-0.922798
-0.79222
-0.859529
-0.742798
-0.360362
-0.832571
-0.922798
-0.922798
0.0200475
-0.885298
0.0200475
-0.502984
0.0200475
-0.877651
0.0200475
-0.885298
0.0200475
-0.79222
0.0200475
-0.885298
0.0200475
-0.91472
0.0200475
-0.78722
0.0200475
-0.91472
0.0200475
0
0.0200475
0.016038
0.0200475
0.016038
0.0200475
0.016038
0.0200475
0.016038
0.0200475
0.016038
0.016038
0.0200475
0.016038
0.0200475
0.016038
0.0200475
0.016038
0.0200475
0.016038
0.0200475
-0.885298
0.0200475
-0.79222
0.0200475
-0.859529
0.0200475
-0.319529
0.0200475
-0.859529
0.0200475
-0.859529
0.0200475
-0.493557
0.0200475
-0.512984
0.0200475
-0.596057
0.0200475
-0.922798
-0.0219525
-0.859529
-0.922798
-0.922798
-0.862029
-0.922798
-0.746392
-0.922798
-0.885298
-0.922798
-0.885298
-0.922798
-0.859529
-0.922798
-0.79222
-0.860362
-0.687552
-0.922798
-0.79222
-0.922798
-0.922798
0.0200475
-0.885298
0.0200475
-0.502984
0.0200475
-0.754762
0.0200475
-0.885298
0.0200475
-0.79222
0.0200475
-0.885298
0.0200475
-0.91472
0.0200475
-0.78722
0.0200475
-0.91472
0.0200475
0
0.0200475
0.016038
0.0200475
0.016038
0.0200475
0.016038
0.0200475
0.016038
0.0200475
0.016038
0.016038
0.0200475
0.016038
0.0200475
0.016038
0.0200475
0.016038
0.0200475
0.016038
0.0200475
-0.885298
0.0200475
-0.79222
0.0200475
-0.859529
0.0200475
-0.319529
0.0200475
-0.859529
0.0200475
-0.859529
0.0200475
-0.493557
0.0200475
-0.512984
0.0200475
-0.596057
0.0200475
-0.922798
-0.0219525
-0.859529
-0.922798
-0.922798
-0.862029
-0.922798
-0.66971
-0.922798
-0.885298
-0.922798
-0.885298
-0.922798
-0.859529
-0.922798
-0.79222
-0.860362
-0.687552
-0.922798
-0.79222
-0.922798
-0.922798
0.0200475
-0.885298
0.0200475
-0.502984
0.0200475
-0.754762
0.0200475
-0.885298
0.0200475
-0.79222
0.0200475
-0.885298
0.0200475
-0.91472
0.0200475
-0.78722
0.0200475
-0.91472
0.0200475
0
0.0200475
0.016038
0.0200475
0.016038
0.0200475
0.016038
0.0200475
0.016038
0.0200475
0.016038
0.016038
0.0200475
0.016038
0.0200475
0.016038
0.0200475
0.016038
0.0200475
0.016038
0.0200475
-0.885298
0.0200475
-0.79222
0.0200475
-0.859529
0.0200475
-0.319529
0.0200475
-0.859529
0.0200475
-0.859529
0.0200475
-0.493557
0.0200475
-0.512984
0.0200475
-0.596057
0.0200475
-0.922798
-0.0219525
-0.859529
-0.922798
-0.771903
-0.358697
-0.922798
-0.66971
-0.922798
-0.885298
-0.922798
-0.885298
-0.922798
-0.859529
-0.922798
-0.79222
-0.860362
-0.687552
-0.922798
-0.79222
-0.922798
-0.922798
0.0200475
-0.885298
0.0200475
-0.502984
0.0200475
-0.754762
0.0200475
-0.885298
0.0200475
-0.79222
0.0200475
-0.885298
0.0200475
-0.91472
0.0200475
-0.78722
0.0200475
-0.91472
0.0200475
-0.0920286
0.0200475
0.016038
0.0200475
0.016038
0.0200475
0.016038
0.0200475
0.016038
0.0200475
0.016038
0.016038
0.0200475
0.016038
0.0200475
0.016038
0.0200475
0.016038
0.0200475
0.016038
0.0200475
-0.859529
0.0200475
-0.79222
0.0200475
-0.859529
0.0200475
-0.319529
0.0200475
-0.859529
0.0200475
-0.859529
0.0200475
-0.493557
0.0200475
-0.512984
0.0200475
-0.596057
0.0200475
-0.922798
-0.0219525
-0.859529
-0.922798
-0.771903
-0.358697
-0.922798
-0.66971
-0.922798
-0.885298
-0.922798
-0.885298
-0.922798
-0.859529
-0.922798
-0.79222
-0.860362
-0.687552
-0.922798
-0.79222
-0.922798
-0.922798
0.0200475
-0.885298
0.0200475
-0.502984
0.0200475
-0.754762
0.0200475
-0.885298
0.0200475
-0.79222
0.0200475
-0.885298
0.0200475
-0.91472
0.0200475
-0.78722
0.0200475
-0.91472
0.0200475
0.016038
0.0200475
0.016038
0.0200475
0.016038
0.0200475
0.016038
0.0200475
0.016038
0.0200475
0.016038
0.0200475
0.016038
0.0200475
0.016038
0.0200475
0.016038
0.0200475
0.016038
0.0200475
0.016038
-0.303557
0.016038
-0.79222
0.016038
-0.303557
0.016038
-0.303557
0.016038
-0.757262
0.016038
-0.79222
0.016038
-0.757262
0.016038
-0.512984
0.016038
-0.757262
0.016038
-0.922798
-0.0219525
-0.859529
-0.922798
-0.860154
-0.497932
-0.861195
-0.682984
-0.859529
-0.847262
-0.860779
-0.846012
-0.859529
-0.922798
-0.303557
-0.794219
-0.837538
-0.80222
-0.860779
-0.846012
-0.859529
-0.922798
0.016038
-0.658271
0.0200475
-0.86309
0.0200475
-0.759045
0.0200475
-0.788281
0.0200475
-0.86309
0.0200475
-0.85028
0.0200475
-0.788281
0.0200475
-0.793281
0.0200475
-0.788281
0.0200475
0
0.0200475
0.016038
0.0200475
0.016038
0.0200475
0.016038
0.0200475
0.016038
0.0200475
0.016038
0.016038
0.0200475
0.016038
0.0200475
0.016038
0.0200475
0.016038
0.0200475
0.016038
0.0200475
-0.885298
0.0200475
-0.79222
0.0200475
-0.859529
0.0200475
-0.303557
0.0200475
-0.859529
0.0200475
-0.859529
0.0200475
-0.493557
0.0200475
-0.512984
0.0200475
-0.596057
0.0200475
-0.922798
-0.0219525
-0.859529
-0.922798
-0.493557
-0.594219
-0.922798
-0.755151
-0.922798
-0.885298
-0.922798
-0.885298
-0.164351
-0.91472
-0.922798
-0.79222
-0.859529
-0.742798
-0.922798
-0.79222
-0.922798
-0.922798
0.0200475
-0.885298
0.0200475
-0.502984
0.0200475
-0.877651
0.0200475
-0.885298
0.0200475
-0.79222
0.0200475
-0.885298
0.0200475
-0.91472
0.0200475
-0.78722
0.0200475
-0.91472
0.0200475
0
0.0200475
0.016038
0.0200475
0.016038
0.0200475
0.016038
0.0200475
0.016038
0.0200475
0.016038
0.016038
0.0200475
0.016038
0.0200475
0.016038
0.0200475
0.016038
0.0200475
0.016038
0.0200475
-0.885298
0.0200475
-0.79222
0.0200475
-0.859529
0.0200475
-0.303557
0.0200475
-0.859529
0.0200475
-0.859529
0.0200475
-0.493557
0.0200475
-0.512984
0.0200475
-0.596057
0.0200475
-0.922798
-0.0219525
-0.859529
-0.922798
-0.922798
-0.862029
-0.922798
-0.746392
-0.922798
-0.885298
-0.922798
-0.885298
-0.164351
-0.91472
-0.922798
-0.79222
-0.860362
-0.687552
-0.922798
-0.79222
-0.922798
-0.922798
0.0200475
-0.885298
0.0200475
-0.502984
0.0200475
-0.754762
0.0200475
-0.885298
0.0200475
-0.79222
0.0200475
-0.885298
0.0200475
-0.91472
0.0200475
-0.78722
0.0200475
-0.91472
0.0200475
0
0.0200475
0.016038
0.0200475
0.016038
0.0200475
0.016038
0.0200475
0.016038
0.0200475
0.016038
0.016038
0.0200475
0.016038
0.0200475
0.016038
0.0200475
0.016038
0.0200475
0.016038
0.0200475
-0.885298
0.0200475
-0.79222
0.0200475
-0.859529
0.0200475
-0.303557
0.0200475
-0.859529
0.0200475
-0.859529
0.0200475
-0.493557
0.0200475
-0.512984
0.0200475
-0.596057
0.0200475
-0.922798
-0.0219525
-0.859529
-0.922798
-0.922798
-0.862029
-0.922798
-0.66971
-0.922798
-0.885298
-0.922798
-0.885298
-0.164351
-0.91472
-0.922798
-0.79222
-0.860362
-0.687552
-0.922798
-0.79222
-0.922798
-0.922798
0.0200475
-0.885298
0.0200475
-0.502984
0.0200475
-0.754762
0.0200475
-0.885298
0.0200475
-0.79222
0.0200475
-0.885298
0.0200475
-0.91472
0.0200475
-0.78722
0.0200475
-0.91472
0.0200475
0
0.0200475
0.016038
0.0200475
0.016038
0.0200475
0.016038
0.0200475
0.016038
0.0200475
0.016038
0.016038
0.0200475
0.016038
0.0200475
0.016038
0.0200475
0.016038
0.0200475
0.016038
0.0200475
-0.885298
0.0200475
-0.79222
0.0200475
-0.859529
0.0200475
-0.303557
0.0200475
-0.859529
0.0200475
-0.859529
0.0200475
-0.493557
0.0200475
-0.512984
0.0200475
-0.596057
0.0200475
-0.922798
-0.0219525
-0.859529
-0.922798
-0.771903
-0.358697
-0.922798
-0.66971
-0.922798
-0.885298
-0.922798
-0.885298
-0.164351
-0.91472
-0.922798
-0.79222
-0.860362
-0.687552
-0.922798
-0.79222
-0.922798
-0.922798
0.0200475
-0.885298
0.0200475
-0.502984
0.0200475
-0.754762
0.0200475
-0.885298
0.0200475
-0.79222
0.0200475
-0.885298
0.0200475
-0.91472
0.0200475
-0.78722
0.0200475
-0.91472
0.0200475
-0.0920286
0.0200475
0.016038
0.0200475
0.016038
0.0200475
0.016038
0.0200475
0.016038
0.0200475
0.016038
0.016038
0.0200475
0.016038
0.0200475
0.016038
0.0200475
0.016038
0.0200475
0.016038
0.0200475
-0.859529
0.0200475
-0.79222
0.0200475
-0.859529
0.0200475
-0.303557
0.0200475
-0.859529
0.0200475
-0.859529
0.0200475
-0.493557
0.0200475
-0.512984
0.0200475
-0.596057
0.0200475
-0.922798
-0.0219525
-0.859529
-0.922798
-0.771903
-0.358697
-0.922798
-0.66971
-0.922798
-0.885298
-0.922798
-0.885298
-0.164351
-0.91472
-0.922798
-0.79222
-0.860362
-0.687552
-0.922798
-0.79222
-0.922798
-0.922798
0.0200475
-0.885298
0.0200475
-0.502984
0.0200475
-0.754762
0.0200475
-0.885298
0.0200475
-0.79222
0.0200475
-0.885298
0.0200475
-0.91472
0.0200475
-0.78722
0.0200475
-0.91472
0.0200475
0.016038
0.0200475
0.016038
0.0200475
0.016038
0.0200475
0.016038
0.0200475
0.016038
0.0200475
0.016038
0.0200475
0.016038
0.0200475
0.016038
0.0200475
0.016038
0.0200475
0.016038
0.0200475
0.016038
-0.303557
0.016038
-0.79222
0.016038
-0.303557
0.016038
-0.303557
0.016038
-0.757262
0.016038
-0.79222
0.016038
-0.757262
0.016038
-0.512984
0.016038
-0.757262
0.016038
-0.922798
-0.0219525
-0.859529
-0.922798
-0.860154
-0.497932
-0.861195
-0.682984
-0.859529
-0.847262
-0.860779
-0.846012
-0.859529
-0.922798
-0.303557
-0.794219
-0.837538
-0.80222
-0.860779
-0.846012
-0.859529
-0.922798
0.016038
-0.658271
0.0200475
-0.86309
0.0200475
-0.759045
0.0200475
-0.788281
0.0200475
-0.86309
0.0200475
-0.85028
0.0200475
-0.788281
0.0200475
-0.793281
0.0200475
-0.788281
0.0200475
0
0.0200475
0.016038
0.0200475
0.016038
0.0200475
0.016038
0.0200475
0.016038
0.0200475
0.016038
0.016038
0.0200475
0.016038
0.0200475
0.016038
0.0200475
0.016038
0.0200475
0.016038
0.0200475
-0.885298
0.0200475
-0.79222
0.0200475
-0.859529
0.0200475
-0.179237
0.0200475
-0.859529
0.0200475
-0.859529
0.0200475
-0.493557
0.0200475
-0.512984
0.0200475
-0.596057
0.0200475
-0.922798
-0.0219525
-0.859529
-0.922798
-0.493557
-0.594219
-0.922798
-0.755151
-0.922798
-0.885298
-0.922798
-0.885298
-0.164351
-0.91472
-0.922798
-0.79222
-0.859529
-0.742798
-0.0103619
-0.832571
-0.922798
-0.922798
0.0200475
-0.885298
0.0200475
-0.502984
0.0200475
-0.877651
0.0200475
-0.885298
0.0200475
-0.79222
0.0200475
-0.885298
0.0200475
-0.91472
0.0200475
-0.78722
0.0200475
-0.91472
0.0200475
0
0.0200475
0.016038
0.0200475
0.016038
0.0200475
0.016038
0.0200475
0.016038
0.0200475
0.016038
0.016038
0.0200475
0.016038
0.0200475
0.016038
0.0200475
0.016038
0.0200475
0.016038
0.0200475
-0.885298
0.0200475
-0.79222
0.0200475
-0.859529
0.0200475
-0.179237
0.0200475
-0.859529
0.0200475
-0.859529
0.0200475
-0.493557
0.0200475
-0.512984
0.0200475
-0.596057
0.0200475
-0.922798
-0.0219525
-0.859529
-0.922798
-0.922798
-0.862029
-0.922798
-0.746392
-0.922798
-0.885298
-0.922798
-0.885298
-0.164351
-0.91472
-0.922798
-0.79222
-0.860362
-0.687552
-0.922798
-0.79222
-0.922798
-0.922798
0.0200475
-0.885298
0.0200475
-0.502984
0.0200475
-0.754762
0.0200475
-0.885298
0.0200475
-0.79222
0.0200475
-0.885298
0.0200475
-0.91472
0.0200475
-0.78722
0.0200475
-0.91472
0.0200475
0
0.0200475
0.016038
0.0200475
0.016038
0.0200475
0.016038
0.0200475
0.016038
0.0200475
0.016038
0.016038
0.0200475
0.016038
0.0200475
0.016038
0.0200475
0.016038
0.0200475
0.016038
0.0200475
-0.885298
0.0200475
-0.79222
0.0200475
-0.859529
0.0200475
-0.179237
0.0200475
-0.859529
0.0200475
-0.859529
0.0200475
-0.493557
0.0200475
-0.512984
0.0200475
-0.596057
0.0200475
-0.922798
-0.0219525
-0.859529
-0.922798
-0.922798
-0.862029
-0.922798
-0.66971
-0.922798
-0.885298
-0.922798
-0.885298
-0.164351
-0.91472
-0.922798
-0.79222
-0.860362
-0.687552
-0.922798
-0.79222
-0.922798
-0.922798
0.0200475
-0.885298
0.0200475
-0.502984
0.0200475
-0.754762
0.0200475
-0.885298
0.0200475
-0.79222
0.0200475
-0.885298
0.0200475
-0.91472
0.0200475
-0.78722
0.0200475
-0.91472
0.0200475
0
0.0200475
0.016038
0.0200475
0.016038
0.0200475
0.016038
0.0200475
0.016038
0.0200475
0.016038
0.016038
0.0200475
0.016038
0.0200475
0.016038
0.0200475
0.016038
0.0200475
0.016038
0.0200475
-0.885298
0.0200475
-0.79222
0.0200475
-0.859529
0.0200475
-0.179237
0.0200475
-0.859529
0.0200475
-0.859529
0.0200475
-0.493557
0.0200475
-0.512984
0.0200475
-0.596057
0.0200475
-0.922798
-0.0219525
-0.859529
-0.922798
-0.771903
-0.358697
-0.922798
-0.66971
-0.922798
-0.885298
-0.922798
-0.885298
-0.164351
-0.91472
-0.922798
-0.79222
-0.860362
-0.687552
-0.922798
-0.79222
-0.922798
-0.922798
0.0200475
-0.885298
0.0200475
-0.502984
0.0200475
-0.754762
0.0200475
-0.885298
0.0200475
-0.79222
0.0200475
-0.885298
0.0200475
-0.91472
0.0200475
-0.78722
0.0200475
-0.91472
0.0200475
-0.0920286
0.0200475
0.016038
0.0200475
0.016038
0.0200475
0.016038
0.0200475
0.016038
0.0200475
0.016038
0.016038
0.0200475
0.016038
0.0200475
0.016038
0.0200475
0.016038
0.0200475
0.016038
0.0200475
-0.859529
0.0200475
-0.79222
0.0200475
-0.859529
0.0200475
-0.179237
0.0200475
-0.859529
0.0200475
-0.859529
0.0200475
-0.493557
0.0200475
-0.512984
0.0200475
-0.596057
0.0200475
-0.922798
-0.0219525
-0.859529
-0.922798
-0.771903
-0.358697
-0.922798
-0.66971
-0.922798
-0.885298
-0.922798
-0.885298
-0.164351
-0.91472
-0.922798
-0.79222
-0.860362
-0.687552
-0.922798
-0.79222
-0.922798
-0.922798
0.0200475
-0.885298
0.0200475
-0.502984
0.0200475
-0.754762
0.0200475
-0.885298
0.0200475
-0.79222
0.0200475
-0.885298
0.0200475
-0.91472
0.0200475
-0.78722
0.0200475
-0.91472
