0.3072
0
0.3072
0.3072
0.3072
0.3072
0.3072
0.3072
0.3072
0.3072
0.3072
0.3072
0.3072
0.3072
0.3072
0.3072
0.3072
0.3072
0.3072
0.3072
-6.6312
0.3072
-6.6312
0.3072
-6.6312
0.3072
-6.6062
0.3072
-6.6062
0.3072
-14.1312
0.3072
-13.8812
0.3072
-6.6062
0.3072
-13.1312
0.3072
-14.1312
-6.7937
-6.6312
-6.2812
-13.8812
-6.64787
-6.5812
-14.0312
-6.61453
-5.76453
-6.68745
-6.36245
-14.1312
-6.4062
-14.1312
-14.0312
-14.1312
-13.1312
0.3072
-14.0312
0.3072
-13.8812
0.3072
-13.8812
0.3072
-6.6062
0.3072
-13.8812
0.3072
-6.6062
0.3072
-6.6062
0.3072
-14.1312
0.3072
0
0.3072
0.37648
0.3072
0.37648
0.3072
0.37648
0.3072
0.37648
0.3072
0.37648
0.3072
0.37648
0.3072
0.37648
0.3072
0.37648
0.3072
0.37648
-6.6312
0.37648
-14.1312
0.37648
-6.6312
0.37648
-6.6312
0.37648
-13.8812
0.37648
-14.1312
0.37648
-13.8812
0.37648
-6.6312
0.37648
-13.1312
0.3072
-6.6312
-14.0312
-6.8187
-14.0479
-6.58745
-13.9625
-6.61453
-13.6645
-6.6812
-13.8687
-6.61453
-14.0645
-6.6062
-14.1187
-6.6812
-13.8687
-6.62495
-13.2875
0.3072
-13.7812
0.3072
-13.8937
0.3072
-14.0812
0.3072
-13.9812
0.3072
-13.8687
0.3072
-13.9812
0.3072
-14.0812
0.3072
-13.4687
0.3072
0
0.3072
0.37648
0.3072
0.37648
0.3072
0.37648
0.3072
0.37648
0.3072
0.37648
0.3072
0.37648
0.3072
0.37648
0.3072
0.37648
0.3072
0.37648
-6.6312
0.37648
-14.1312
0.37648
-6.6312
0.37648
-6.6312
0.37648
-13.8812
0.37648
-14.1312
0.37648
-13.8812
0.37648
-6.6312
0.37648
-13.1312
0.3072
-6.5812
-14.0312
-6.6312
-13.85
-5.8687
-13.5125
-6.5812
-14.1062
-6.6312
-13.225
-6.7062
-13.9812
-6.6062
-14.1062
-6.6312
-13.625
-6.5687
-13.2875
0.3072
-14.0937
0.3072
-14.0062
0.3072
-13.5562
0.3072
-14.0062
0.3072
-14.0937
0.3072
-14.0666
0.3072
-13.5562
0.3072
-13.9562
0.3072
0
0.3072
0.37648
0.3072
0.37648
0.3072
0.37648
0.3072
0.37648
0.3072
0.37648
0.3072
0.37648
0.3072
0.37648
0.3072
0.37648
0.3072
0.37648
-6.6312
0.37648
-14.1312
0.37648
-6.6312
0.37648
-6.6312
0.37648
-13.8812
0.37648
-14.1312
0.37648
-13.8812
0.37648
-6.6312
0.37648
-13.1312
0.3072
-6.5562
-14.0645
-6.4312
-13.8895
-6.58745
-14.0208
-6.7312
-14.0937
-6.5312
-13.8687
-6.5562
-14.0645
-6.5937
-14.0562
-6.5312
-13.8687
-6.5562
-13.8687
0.3072
-14.0645
0.3072
-13.9187
0.3072
-13.9187
0.3072
-13.9812
0.3072
-13.9187
0.3072
-13.9812
0.3072
-13.9812
0.3072
-13.9812
0.3072
0
0.3072
0.37648
0.3072
0.37648
0.3072
0.37648
0.3072
0.37648
0.3072
0.37648
0.3072
0.37648
0.3072
0.37648
0.3072
0.37648
0.3072
0.37648
-6.6312
0.37648
-14.1312
0.37648
-6.6312
0.37648
-6.6312
0.37648
-13.8812
0.37648
-14.1312
0.37648
-13.8812
0.37648
-6.6312
0.37648
-13.1312
0.3072
-6.5562
-14.0812
-6.4812
-14.0062
-5.8687
-13.5906
-6.5812
-14.0312
-6.6312
-13.9281
-6.5562
-13.9812
-6.6312
-13.9281
-6.6312
-13.7031
-6.5687
-13.3656
0.3072
-13.9468
0.3072
-13.9468
0.3072
-13.5562
0.3072
-13.9468
0.3072
-13.9468
0.3072
-13.9593
0.3072
-13.9468
0.3072
-13.9468
0.3072
0
0.3072
0.37648
0.3072
0.37648
0.3072
0.37648
0.3072
0.37648
0.3072
0.37648
0.3072
0.37648
0.3072
0.37648
0.3072
0.37648
0.3072
0.37648
-6.6312
0.37648
-14.1312
0.37648
-6.6312
0.37648
-6.6312
0.37648
-13.8812
0.37648
-14.1312
0.37648
-13.8812
0.37648
-6.6312
0.37648
-13.1312
0.3072
-6.5562
-14.1062
-6.5062
-14.0212
-5.8687
-13.9812
-6.5812
-13.9412
-6.5312
-13.7287
-6.5562
-14.0212
-6.5937
-14.0462
-6.5062
-13.7287
-6.5562
-13.4437
0.3072
-14.0337
0.3072
-13.9412
0.3072
-13.8462
0.3072
-13.9412
0.3072
-13.9412
0.3072
-13.9412
0.3072
-13.9162
0.3072
-13.8462
0.37648
-14.1312
0.37648
0.3072
0.37648
0.3072
0.37648
0.3072
0.37648
0.3072
0.37648
0.3072
0.37648
0.3072
0.37648
0.3072
0.37648
0.3072
0.3072
0.3072
-14.0187
0.3072
-13.2437
0.3072
-13.7812
0.3072
-13.8812
0.3072
-14.0812
0.3072
-13.8812
0.3072
-13.8937
0.3072
-13.9812
0.3072
-13.8687
0.3072
-14.0812
-6.6062
-14.1187
-6.5562
-14.0645
-5.71453
-13.8687
-6.6812
-14.1125
-6.27495
-14.0062
-6.5062
-14.0062
-6.1562
-14.1062
-6.5187
-14.0812
-13.1312
0.37648
-14.1312
0.37648
-13.8812
0.37648
-13.8812
0.37648
-14.0312
0.37648
-6.6312
0.37648
-6.6312
0.37648
-6.6312
0.37648
-13.8812
0.37648
-14.127
0.37648
0.3072
0.37648
0.3072
0.37648
0.3072
0.37648
0.3072
0.3072
0.37648
0.3072
0.37648
0.3072
0.37648
0.3072
0.37648
0.3072
0.37648
-14.077
0.37648
-14.1145
0.37648
-13.852
0.37648
-13.302
0.37648
-13.727
0.37648
-14.077
0.37648
-14.1145
0.37648
-13.302
0.37648
-13.8687
0.3072
-14.1187
-13.8312
-14.1062
-14.1062
-13.8812
-13.9812
-13.8687
-13.4687
-14.1062
-13.8812
-13.9812
-13.4812
-14.0062
-13.6562
-13.8687
-13.8687
-14.1125
-13.2875
0.37648
-13.302
0.37648
-14.1145
0.37648
-13.9895
0.37648
-14.127
0.37648
-14.077
0.37648
-13.852
0.37648
-13.977
0.37648
-14.1145
0.37648
-14.0312
0.37648
0.3072
0.37648
0.3072
0.37648
0.3072
0.37648
0.3072
0.3072
0.37648
0.3072
0.37648
0.3072
0.37648
0.3072
0.37648
0.3072
0.37648
-14.077
0.37648
-14.1145
0.37648
-13.852
0.37648
-13.302
0.37648
-13.727
0.37648
-14.077
0.37648
-14.1145
0.37648
-13.302
0.37648
-13.8687
0.3072
-13.8687
-13.925
-14.0562
-14.1062
-14.0645
-14.0333
-13.8687
-13.625
-13.8812
-13.8812
-14.0062
-13.9812
-14.0645
-13.4333
-14.0812
-13.625
-13.7562
-13.2875
0.37648
-13.85
0.37648
-14
0.37648
-14.0937
0.37648
-14.0937
0.37648
-14.0937
0.37648
-14.0312
0.37648
-14.0312
0.37648
-14.0062
0.37648
-13.9979
0.37648
0.3072
0.37648
0.3072
0.37648
0.3072
0.37648
0.3072
0.3072
0.37648
0.3072
0.37648
0.3072
0.37648
0.3072
0.37648
0.3072
0.37648
-14.077
0.37648
-14.1145
0.37648
-13.852
0.37648
-13.302
0.37648
-13.727
0.37648
-14.077
0.37648
-14.1145
0.37648
-13.302
0.37648
-13.8687
0.3072
-13.8687
-14.077
-13.8312
-14.0645
-13.8687
-14.077
-13.8687
-13.852
-14.0312
-14.0937
-14.0062
-14.0645
-14.0062
-14.1187
-13.9437
-13.8687
-13.9437
-13.8687
0.37648
-13.8687
0.37648
-14.1145
0.37648
-13.8812
0.37648
-13.7812
0.37648
-13.5979
0.37648
-13.9812
0.37648
-13.9937
0.37648
-13.9812
0.37648
-13.9812
0.37648
0.3072
0.37648
0.3072
0.37648
0.3072
0.37648
0.3072
0.3072
0.37648
0.3072
0.37648
0.3072
0.37648
0.3072
0.37648
0.3072
0.37648
-14.077
0.37648
-14.1145
0.37648
-13.852
0.37648
-13.302
0.37648
-13.727
0.37648
-14.077
0.37648
-14.1145
0.37648
-13.302
0.37648
-13.8687
0.3072
-13.8687
-14.1031
-13.8312
-14.1031
-13.8812
-13.8062
-13.8687
-13.4781
-13.6937
-13.7031
-13.9812
-13.4906
-14.0187
-13.9281
-13.9437
-13.7031
-13.7562
-13.3656
0.37648
-13.9281
0.37648
-13.9281
0.37648
-13.9812
0.37648
-13.9812
0.37648
-13.9281
0.37648
-13.9812
0.37648
-13.9281
0.37648
-13.9812
0.37648
-13.9687
0.37648
0.3072
0.37648
0.3072
0.37648
0.3072
0.37648
0.3072
0.3072
0.37648
0.3072
0.37648
0.3072
0.37648
0.3072
0.37648
0.3072
0.37648
-14.077
0.37648
-14.1145
0.37648
-13.852
0.37648
-13.302
0.37648
-13.727
0.37648
-14.077
0.37648
-14.1145
0.37648
-13.302
0.37648
-13.8687
0.3072
-13.8687
-14.1187
-13.8312
-14.1287
-13.8687
-14.1187
-13.9437
-13.7087
-13.8812
-13.4162
-13.6937
-14.0212
-13.9812
-14.0462
-13.8312
-13.7287
-13.9437
-13.4437
0.37648
-13.9912
0.37648
-13.9912
0.37648
-13.9912
0.37648
-13.9912
0.37648
-13.9412
0.37648
-13.9662
0.37648
-13.9412
0.37648
-13.9687
0.37648
-14.1312
0.37648
0.3072
0.37648
0.3072
0.37648
0.3072
0.37648
0.3072
0.37648
0.3072
0.37648
0.3072
0.37648
0.3072
0.37648
0.3072
0.3072
0.3072
-14.0062
0.3072
-13.8812
0.3072
-14
0.3072
-13.5562
0.3072
-14.0062
0.3072
-14.1062
0.3072
-14.0062
0.3072
-14.0937
0.3072
-13.2875
0.3072
-14.1166
-6.7312
-14.1166
-6.7312
-13.85
-5.6312
-14.1312
-6.1062
-14.1062
-5.8312
-14.075
-6.5062
-14.0062
-6.4062
-14.1187
-6.47495
-14.0312
-13.1312
0.37648
-14.1312
0.37648
-13.8812
0.37648
-6.6312
0.37648
-14.0312
0.37648
-13.8812
0.37648
-6.6312
0.37648
-6.6312
0.37648
-13.8812
0.37648
-14.127
0.37648
0.3072
0.37648
0.3072
0.37648
0.3072
0.37648
0.3072
0.3072
0.37648
0.3072
0.37648
0.3072
0.37648
0.3072
0.37648
0.3072
0.37648
-14.0062
0.37648
-13.9312
0.37648
-14.0062
0.37648
-13.9187
0.37648
-14.1
0.37648
-14.0937
0.37648
-14
0.37648
-13.625
0.37648
-13.2875
0.3072
-14.0312
-13.8312
-14.1166
-14.0062
-13.85
-14.0187
-14.0312
-13.4687
-14.0375
-13.8812
-14.075
-13.4687
-14.0062
-13.6937
-14.025
-13.8687
-14.1187
-13.2875
0.37648
-13.302
0.37648
-14.1145
0.37648
-13.9895
0.37648
-14.127
0.37648
-14.077
0.37648
-13.852
0.37648
-13.977
0.37648
-14.1145
0.37648
-14.0625
0.37648
0.3072
0.37648
0.3072
0.37648
0.3072
0.37648
0.3072
0.3072
0.37648
0.3072
0.37648
0.3072
0.37648
0.3072
0.37648
0.3072
0.37648
-13.9375
0.37648
-13.9812
0.37648
-14.0937
0.37648
-13.9375
0.37648
-14.0937
0.37648
-14.1187
0.37648
-14.0937
0.37648
-14.125
0.37648
-13.2875
0.3072
-14.0375
-13.9375
-14.1062
-13.9312
-13.85
-14.1062
-14.0375
-14.0375
-14.1062
-13.225
-14.075
-13.85
-14.0645
-13.4333
-14.1062
-13.625
-13.9125
-13.2875
0.37648
-14.075
0.37648
-14.0937
0.37648
-14.0375
0.37648
-14.0937
0.37648
-14.0937
0.37648
-14.1187
0.37648
-14.0062
0.37648
-13.8812
0.37648
-14.0104
0.37648
0.3072
0.37648
0.3072
0.37648
0.3072
0.37648
0.3072
0.3072
0.37648
0.3072
0.37648
0.3072
0.37648
0.3072
0.37648
0.3072
0.37648
-14.0062
0.37648
-14.0187
0.37648
-14.0937
0.37648
-13.9375
0.37648
-14.0937
0.37648
-14.1187
0.37648
-14.0937
0.37648
-13.9375
0.37648
-13.2875
0.3072
-14.0375
-14.0562
-14.075
-13.7395
-13.85
-14.0937
-14
-13.8395
-14.0312
-13.7937
-14.075
-13.9395
-14.0062
-13.9937
-13.9312
-13.8687
-13.9687
-13.8687
0.37648
-13.8687
0.37648
-14.1145
0.37648
-14.1145
0.37648
-14.0479
0.37648
-14.0854
0.37648
-13.9812
0.37648
-14.0062
0.37648
-13.8812
0.37648
-13.9843
0.37648
0.3072
0.37648
0.3072
0.37648
0.3072
0.37648
0.3072
0.3072
0.37648
0.3072
0.37648
0.3072
0.37648
0.3072
0.37648
0.3072
0.37648
-14.0062
0.37648
-14.0187
0.37648
-14.0937
0.37648
-13.9375
0.37648
-14.0937
0.37648
-14.1187
0.37648
-14.0937
0.37648
-13.9375
0.37648
-13.2875
0.3072
-13.9375
-14.0156
-14.075
-13.9281
-13.85
-14.1187
-13.6875
-13.3656
-14.075
-13.9281
-14.075
-13.9812
-14.0062
-13.5281
-14.075
-13.7031
-13.9125
-13.3656
0.37648
-13.9531
0.37648
-14.0968
0.37648
-14.0812
0.37648
-14.0562
0.37648
-14.0156
0.37648
-14.0406
0.37648
-13.5562
0.37648
-13.9812
0.37648
-13.9687
0.37648
0.3072
0.37648
0.3072
0.37648
0.3072
0.37648
0.3072
0.3072
0.37648
0.3072
0.37648
0.3072
0.37648
0.3072
0.37648
0.3072
0.37648
-14.0062
0.37648
-14.0187
0.37648
-14.0937
0.37648
-13.9375
0.37648
-14.0937
0.37648
-14.1187
0.37648
-14.0937
0.37648
-13.9375
0.37648
-13.2875
0.3072
-13.9375
-14.0312
-14.075
-13.9912
-13.85
-14.1212
-13.9812
-13.9412
-14
-13.4962
-13.85
-14.0212
-14
-14.1212
-14
-14.1212
-13.9875
-13.4437
0.37648
-13.9912
0.37648
-13.9912
0.37648
-14.0937
0.37648
-14.0562
0.37648
-13.6362
0.37648
-14.0562
0.37648
-13.9962
0.37648
-13.5687
0.37648
-14.1312
0.37648
0.3072
0.37648
0.3072
0.37648
0.3072
0.37648
0.3072
0.37648
0.3072
0.37648
0.3072
0.37648
0.3072
0.37648
0.3072
0.3072
0.3072
-13.9187
0.3072
-13.9812
0.3072
-14.0645
0.3072
-13.9187
0.3072
-13.9479
0.3072
-13.9187
0.3072
-13.9187
0.3072
-13.9812
0.3072
-13.8687
0.3072
-13.8687
-6.5312
-14.1187
-6.7312
-14.0937
-6.5062
-13.8687
-5.5062
-14.0937
-5.8312
-14.0937
-6.5062
-14.0645
-6.4312
-14.1187
-6.6312
-13.9854
-13.1312
0.37648
-6.6312
0.37648
-13.8812
0.37648
-13.8812
0.37648
-6.6312
0.37648
-13.8812
0.37648
-14.0312
0.37648
-6.6312
0.37648
-13.8812
0.37648
-14.127
0.37648
0.3072
0.37648
0.3072
0.37648
0.3072
0.37648
0.3072
0.3072
0.37648
0.3072
0.37648
0.3072
0.37648
0.3072
0.37648
0.3072
0.37648
-13.9812
0.37648
-13.9979
0.37648
-13.8812
0.37648
-13.9812
0.37648
-13.9979
0.37648
-13.9979
0.37648
-14.1145
0.37648
-13.8687
0.37648
-13.8687
0.3072
-14.1145
-13.8312
-14.1187
-14.0062
-14.0937
-13.6937
-13.8687
-13.4687
-13.9645
-13.7937
-14.0937
-13.4687
-14.0645
-13.0687
-14.077
-13.8687
-14.1208
-13.2875
0.37648
-13.302
0.37648
-14.1145
0.37648
-13.9895
0.37648
-14.127
0.37648
-14.077
0.37648
-13.852
0.37648
-13.977
0.37648
-14.1145
0.37648
-14.0312
0.37648
0.3072
0.37648
0.3072
0.37648
0.3072
0.37648
0.3072
0.3072
0.37648
0.3072
0.37648
0.3072
0.37648
0.3072
0.37648
0.3072
0.37648
-14.0062
0.37648
-14.0104
0.37648
-13.8812
0.37648
-14.0187
0.37648
-14.0854
0.37648
-14.0937
0.37648
-14.1145
0.37648
-13.8687
0.37648
-13.8687
0.3072
-14.1145
-13.8312
-14.1145
-13.9312
-14.0937
-13.9312
-13.8687
-13.85
-14.0937
-13.225
-14.0895
-13.4812
-14.0645
-13.45
-14.1145
-13.625
-13.9645
-13.2875
0.37648
-13.9375
0.37648
-14.0937
0.37648
-14.0375
0.37648
-14.0937
0.37648
-14.0937
0.37648
-14.1187
0.37648
-14.1187
0.37648
-14.0062
0.37648
-13.9979
0.37648
0.3072
0.37648
0.3072
0.37648
0.3072
0.37648
0.3072
0.3072
0.37648
0.3072
0.37648
0.3072
0.37648
0.3072
0.37648
0.3072
0.37648
-13.9812
0.37648
-14.0854
0.37648
-13.8812
0.37648
-14.0187
0.37648
-14.0854
0.37648
-14.0937
0.37648
-14.1145
0.37648
-13.8687
0.37648
-13.8687
0.3072
-13.8687
-13.9645
-14.0562
-14.0645
-14.0937
-13.902
-14.0187
-13.6645
-13.9645
-14.0937
-14.0937
-13.9395
-14.0645
-13.9395
-13.902
-13.8687
-13.9354
-13.8687
0.37648
-13.8687
0.37648
-14.1145
0.37648
-14.1145
0.37648
-14.0479
0.37648
-14.0854
0.37648
-13.9812
0.37648
-14.0812
0.37648
-13.9812
0.37648
-13.9812
0.37648
0.3072
0.37648
0.3072
0.37648
0.3072
0.37648
0.3072
0.3072
0.37648
0.3072
0.37648
0.3072
0.37648
0.3072
0.37648
0.3072
0.37648
-13.9812
0.37648
-14.0854
0.37648
-13.8812
0.37648
-14.0187
0.37648
-14.0854
0.37648
-14.0479
0.37648
-14.1145
0.37648
-13.8687
0.37648
-13.8687
0.3072
-13.8687
-13.9812
-14.0562
-14.0656
-14.0937
-13.9812
-13.9645
-13.3656
-14.0937
-13.9281
-14.0937
-13.9812
-14.0645
-13.9281
-14.0937
-13.7031
-13.9645
-13.3656
0.37648
-14.1281
0.37648
-14.1187
0.37648
-14.0156
0.37648
-14.0562
0.37648
-14.0156
0.37648
-14.0406
0.37648
-14.0156
0.37648
-13.9812
0.37648
-13.9687
0.37648
0.3072
0.37648
0.3072
0.37648
0.3072
0.37648
0.3072
0.3072
0.37648
0.3072
0.37648
0.3072
0.37648
0.3072
0.37648
0.3072
0.37648
-13.9812
0.37648
-14.0854
0.37648
-13.8812
0.37648
-14.0187
0.37648
-14.0854
0.37648
-14.0479
0.37648
-14.1145
0.37648
-13.8687
0.37648
-13.8687
0.3072
-13.8687
-13.9912
-14.0937
-13.9912
-14.0937
-13.9662
-13.8645
-13.7087
-13.9645
-13.8662
-13.977
-14.0937
-14.0645
-14.0462
-14.0562
-14.0712
-13.9729
-13.4437
0.37648
-13.8662
0.37648
-14.1287
0.37648
-14.1212
0.37648
-14.0562
0.37648
-13.6362
0.37648
-14.0562
0.37648
-13.9962
0.37648
-13.9687
0.37648
-14.1312
0.37648
0.3072
0.37648
0.3072
0.37648
0.3072
0.37648
0.3072
0.37648
0.3072
0.37648
0.3072
0.37648
0.3072
0.37648
0.3072
0.3072
0.3072
-13.9593
0.3072
-13.9593
0.3072
-13.9593
0.3072
-13.9468
0.3072
-13.9593
0.3072
-14.1062
0.3072
-13.9468
0.3072
-13.9468
0.3072
-13.3656
0.3072
-14.1281
-6.5562
-14.1187
-6.5562
-14.1156
-6.5937
-14.1312
-6.1062
-13.9281
-6.3812
-13.9281
-5.9312
-14.0062
-6.4812
-14.1187
-6.4312
-13.9593
-13.1312
0.37648
-14.1312
0.37648
-6.6312
0.37648
-6.6312
0.37648
-14.0312
0.37648
-13.8812
0.37648
-6.6312
0.37648
-6.6312
0.37648
-13.8812
0.37648
-14.127
0.37648
0.3072
0.37648
0.3072
0.37648
0.3072
0.37648
0.3072
0.3072
0.37648
0.3072
0.37648
0.3072
0.37648
0.3072
0.37648
0.3072
0.37648
-13.8687
0.37648
-13.9812
0.37648
-13.9281
0.37648
-13.9812
0.37648
-13.8812
0.37648
-13.9812
0.37648
-13.9281
0.37648
-13.9812
0.37648
-13.3656
0.3072
-14.1281
-13.8312
-14.1187
-13.8312
-14.1156
-13.9812
-14.1218
-13.2875
-14.0312
-13.8812
-14.0937
-13.4687
-13.9281
-13.9937
-14.0781
-13.8687
-14.1218
-13.2875
0.37648
-13.302
0.37648
-14.1145
0.37648
-13.9895
0.37648
-14.127
0.37648
-14.077
0.37648
-13.852
0.37648
-13.977
0.37648
-14.1145
0.37648
-14.0312
0.37648
0.3072
0.37648
0.3072
0.37648
0.3072
0.37648
0.3072
0.3072
0.37648
0.3072
0.37648
0.3072
0.37648
0.3072
0.37648
0.3072
0.37648
-13.8718
0.37648
-13.9812
0.37648
-14.0156
0.37648
-14.0562
0.37648
-14.0156
0.37648
-14.1093
0.37648
-14.0968
0.37648
-14.1281
0.37648
-13.3656
0.3072
-14.1187
-13.8312
-14.1187
-13.9312
-14.1156
-13.9375
-14.1187
-13.85
-14.0312
-13.8812
-14.1187
-13.85
-13.9281
-14.075
-14.1187
-13.625
-13.9906
-13.2875
0.37648
-13.9375
0.37648
-14.0937
0.37648
-14.0375
0.37648
-14.0937
0.37648
-14.0937
0.37648
-14.1187
0.37648
-14.1187
0.37648
-14.0062
0.37648
-13.9979
0.37648
0.3072
0.37648
0.3072
0.37648
0.3072
0.37648
0.3072
0.3072
0.37648
0.3072
0.37648
0.3072
0.37648
0.3072
0.37648
0.3072
0.37648
-13.8687
0.37648
-14.0656
0.37648
-14.0156
0.37648
-14.0562
0.37648
-14.0156
0.37648
-14.0656
0.37648
-14.1187
0.37648
-14.1281
0.37648
-13.3656
0.3072
-14.0812
-13.902
-13.9281
-14.0645
-13.9812
-14.0937
-13.9281
-13.8395
-13.9812
-13.8687
-13.9812
-14.0937
-13.9281
-13.9937
-13.9281
-13.8687
-13.9187
-13.8687
0.37648
-13.8687
0.37648
-14.1145
0.37648
-13.9479
0.37648
-14.0479
0.37648
-14.0854
0.37648
-13.9812
0.37648
-14.0812
0.37648
-13.9812
0.37648
-13.9812
0.37648
0.3072
0.37648
0.3072
0.37648
0.3072
0.37648
0.3072
0.3072
0.37648
0.3072
0.37648
0.3072
0.37648
0.3072
0.37648
0.3072
0.37648
-13.8687
0.37648
-14.0656
0.37648
-14.0156
0.37648
-14.0562
0.37648
-14.0156
0.37648
-14.0656
0.37648
-14.1187
0.37648
-14.1281
0.37648
-13.3656
0.3072
-13.8406
-14.0156
-13.9281
-14.1031
-14.1156
-14.0406
-13.3656
-13.3656
-13.9812
-13.7031
-13.9812
-14.0031
-13.9281
-14.0781
-14.0812
-13.7031
-13.9906
-13.3656
0.37648
-14.1281
0.37648
-14.1187
0.37648
-14.0156
0.37648
-14.0562
0.37648
-14.0156
0.37648
-14.0406
0.37648
-14.0156
0.37648
-13.9812
0.37648
-13.9687
0.37648
0.3072
0.37648
0.3072
0.37648
0.3072
0.37648
0.3072
0.3072
0.37648
0.3072
0.37648
0.3072
0.37648
0.3072
0.37648
0.3072
0.37648
-13.8687
0.37648
-14.0656
0.37648
-14.0156
0.37648
-14.0562
0.37648
-14.0156
0.37648
-14.0656
0.37648
-14.1187
0.37648
-14.1281
0.37648
-13.3656
0.3072
-13.8406
-14.0312
-13.9281
-14.0912
-14.1156
-14.0462
-13.9281
-13.7087
-14.0312
-13.4162
-14.0062
-14.0412
-13.9281
-14.0837
-14.0656
-14.0712
-13.9656
-13.4437
0.37648
-14.1212
0.37648
-14.1287
0.37648
-14.1212
0.37648
-14.0562
0.37648
-13.6362
0.37648
-14.0562
0.37648
-13.9962
0.37648
-13.9687
0.37648
-14.1312
0.37648
0.3072
0.37648
0.3072
0.37648
0.3072
0.37648
0.3072
0.37648
0.3072
0.37648
0.3072
0.37648
0.3072
0.37648
0.3072
0.3072
0.3072
-13.9187
0.3072
-13.8812
0.3072
-13.9412
0.3072
-13.9629
0.3072
-13.9412
0.3072
-13.9162
0.3072
-13.9412
0.3072
-14.0337
0.3072
-13.4437
0.3072
-14.0975
-6.72495
-14.1287
-6.5562
-14.0937
-6.4312
-14.0212
-6.4312
-14.1212
-6.4062
-14.0062
-6.3187
-14.0212
-6.4062
-14.1212
-6.4312
-13.9437
-13.1312
0.37648
-14.1312
0.37648
-13.8812
0.37648
-13.8812
0.37648
-14.0312
0.37648
-13.8812
0.37648
-6.6312
0.37648
-6.6312
0.37648
-13.8812
0.37648
-14.127
0.37648
0.3072
0.37648
0.3072
0.37648
0.3072
0.37648
0.3072
0.3072
0.37648
0.3072
0.37648
0.3072
0.37648
0.3072
0.37648
0.3072
0.37648
-13.8687
0.37648
-13.8687
0.37648
-13.9462
0.37648
-13.9412
0.37648
-13.9912
0.37648
-13.9912
0.37648
-13.9912
0.37648
-13.9912
0.37648
-13.4437
0.3072
-14.0975
-13.9125
-14.1287
-13.8312
-14.0937
-13.8687
-14.0212
-13.0687
-14.0462
-13.8812
-14.1187
-13.8687
-14.0062
-13.6562
-14.1187
-13.8687
-14.1225
-13.2875
0.37648
-13.302
0.37648
-14.1145
0.37648
-13.9895
0.37648
-14.127
0.37648
-14.077
0.37648
-13.852
0.37648
-13.977
0.37648
-14.1145
0.37648
-14.0312
0.37648
0.3072
0.37648
0.3072
0.37648
0.3072
0.37648
0.3072
0.3072
0.37648
0.3072
0.37648
0.3072
0.37648
0.3072
0.37648
0.3072
0.37648
-13.8687
0.37648
-13.6362
0.37648
-14.0562
0.37648
-13.9187
0.37648
-13.7937
0.37648
-14.0937
0.37648
-14.1287
0.37648
-13.7287
0.37648
-13.4437
0.3072
-14.0712
-13.9375
-14.1212
-13.9312
-14.0937
-14
-13.7087
-13.85
-14.1212
-13.625
-14.0062
-13.5125
-14.0062
-13.5125
-14.0687
-13.625
-14.0062
-13.2875
0.37648
-13.9375
0.37648
-14.0937
0.37648
-14.0375
0.37648
-14.0937
0.37648
-14.0937
0.37648
-14.1187
0.37648
-13.4937
0.37648
-14.0062
0.37648
-13.9979
0.37648
0.3072
0.37648
0.3072
0.37648
0.3072
0.37648
0.3072
0.3072
0.37648
0.3072
0.37648
0.3072
0.37648
0.3072
0.37648
0.3072
0.37648
-13.8687
0.37648
-13.6362
0.37648
-14.0562
0.37648
-13.9187
0.37648
-13.7937
0.37648
-14.0212
0.37648
-14.1287
0.37648
-13.7287
0.37648
-13.4437
0.3072
-14.0712
-14.0562
-14.0062
-13.7395
-14.0937
-14.077
-13.9437
-13.8395
-14.0912
-13.7937
-14.0062
-13.9395
-13.8462
-14.0562
-13.9912
-13.8687
-13.9087
-13.8687
0.37648
-13.8687
0.37648
-14.1145
0.37648
-13.9479
0.37648
-14.0479
0.37648
-14.0854
0.37648
-13.9812
0.37648
-14.0812
0.37648
-13.9812
0.37648
-13.9812
0.37648
0.3072
0.37648
0.3072
0.37648
0.3072
0.37648
0.3072
0.3072
0.37648
0.3072
0.37648
0.3072
0.37648
0.3072
0.37648
0.3072
0.37648
-13.8687
0.37648
-13.6362
0.37648
-14.0562
0.37648
-13.9187
0.37648
-13.7937
0.37648
-14.0212
0.37648
-14.1287
0.37648
-13.7287
0.37648
-13.4437
0.3072
-13.8462
-14.0156
-14.0412
-14.0062
-14.0937
-14.0781
-14.0062
-13.3656
-14.0912
-13.9281
-14.1187
-14.0031
-13.8462
-13.4906
-13.9912
-13.7031
-14.0062
-13.3656
0.37648
-14.1281
0.37648
-14.1187
0.37648
-14.0156
0.37648
-14.0562
0.37648
-14.0156
0.37648
-14.0406
0.37648
-14.0156
0.37648
-13.9812
0.37648
-13.9687
0.37648
0.3072
0.37648
0.3072
0.37648
0.3072
0.37648
0.3072
0.3072
0.37648
0.3072
0.37648
0.3072
0.37648
0.3072
0.37648
0.3072
0.37648
-13.8687
0.37648
-13.6362
0.37648
-14.0562
0.37648
-13.9187
0.37648
-13.7937
0.37648
-14.0212
0.37648
-14.1287
0.37648
-13.7287
0.37648
-13.4437
0.3072
-13.8462
-14.0312
-14.0412
-13.6412
-14.0937
-14.1187
-13.9437
-13.7087
-14.0412
-13.6412
-14.0062
-13.9812
-14.0062
-14.0062
-14.0712
-14.0712
-13.9612
-13.4437
0.37648
-14.1212
0.37648
-14.1287
0.37648
-14.1212
0.37648
-14.0562
0.37648
-13.6362
0.37648
-14.0562
0.37648
-13.9962
0.37648
-13.9687
