0.000194711
0.0910433
0.000194711
0.000194711
0.000194711
0.000194711
0.000194711
0.000194711
0.000194711
0.000194711
0.000194711
0.000194711
0.000194711
0.000194711
0.000194711
0.000194711
0.000194711
0.000194711
0.100175
0.000194711
0.0910433
0.000194711
-0.00895671
0.000194711
-0.00895671
0.000194711
-0.00895671
0.000194711
-0.00895671
0.000194711
-0.00895671
0.000194711
0.0910433
0.000194711
0.0910433
0.000194711
-0.00895671
0.000194711
-0.00895671
-0.00895671
-0.00895671
-0.00895671
-0.00895671
0.0910433
-0.00895671
0.0910433
-0.00895671
0.0910433
-0.00895671
0.0910433
-0.00895671
-0.00895671
0.0910433
-0.00895671
-0.00895671
-0.00895671
0.000194711
0.0910433
0.000194711
0.0910433
0.000194711
-0.00895671
0.000194711
-0.00895671
0.000194711
-0.00895671
0.000194711
-0.00895671
0.000194711
0.0910433
0.000194711
-0.00895671
0.000194711
0.0810433
0.000194711
0.100175
0.000194711
0.100175
0.000194711
0.100175
0.000194711
0.100175
0.000194711
0.100175
0.000194711
0.100175
0.000194711
0.100175
0.000194711
0.100175
0.000194711
0.100175
-0.00895671
0.100175
-0.00895671
0.100175
-0.00895671
0.100175
-0.00895671
0.100175
-0.00895671
0.100175
-0.00895671
0.100175
-0.00895671
0.100175
-0.00895671
0.100175
-0.00895671
0.100175
0.0910433
-0.00895671
0.0910433
-0.00895671
0.0910433
-0.00895671
0.0910433
-0.00895671
0.0910433
-0.00895671
0.0910433
-0.00895671
0.0910433
-0.00895671
0.0910433
-0.00895671
0.0910433
-0.00895671
0.100175
-0.00895671
0.100175
-0.00895671
0.100175
-0.00895671
0.100175
-0.00895671
0.100175
-0.00895671
0.100175
-0.00895671
0.100175
-0.00895671
0.100175
-0.00895671
0.000194711
0.112293
0.000194711
0.100175
0.000194711
0.100175
0.000194711
0.100175
0.000194711
0.100175
0.000194711
0.100175
0.000194711
0.100175
0.000194711
0.100175
0.000194711
0.100175
0.000194711
0.100175
-0.00895671
0.100175
-0.00895671
0.100175
-0.00895671
0.100175
-0.00895671
0.100175
-0.00895671
0.100175
-0.00895671
0.100175
-0.00895671
0.100175
-0.00895671
0.100175
-0.00895671
0.100175
0.0910433
-0.00895671
0.0910433
-0.00270671
0.0910433
-0.00895671
0.0910433
-0.00895671
0.0910433
-0.00895671
0.0910433
-0.00895671
0.0910433
-0.00895671
0.0910433
-0.00270671
0.0910433
-0.00895671
0.100175
-0.00270671
0.100175
-0.00895671
0.100175
-0.00270671
0.100175
-0.00895671
0.100175
-0.00895671
0.100175
-0.00270671
0.100175
-0.00270671
0.100175
-0.00270671
0.000194711
0.106043
0.000194711
0.100175
0.000194711
0.100175
0.000194711
0.100175
0.000194711
0.100175
0.000194711
0.100175
0.000194711
0.100175
0.000194711
0.100175
0.000194711
0.100175
0.000194711
0.100175
-0.00895671
0.100175
-0.00895671
0.100175
-0.00895671
0.100175
-0.00895671
0.100175
-0.00895671
0.100175
-0.00895671
0.100175
-0.00895671
0.100175
-0.00895671
0.100175
-0.00895671
0.100175
0.0910433
-0.00895671
0.0910433
-0.00895671
0.0910433
-0.00895671
0.0910433
-0.00895671
0.0910433
-0.00895671
0.0910433
-0.00895671
0.0910433
-0.00895671
0.0910433
-0.00895671
0.0910433
-0.00895671
0.100175
-0.00895671
0.100175
-0.00895671
0.100175
-0.00895671
0.100175
-0.00895671
0.100175
-0.00895671
0.100175
-0.00895671
0.100175
-0.00895671
0.100175
-0.00895671
0.000194711
0.106043
0.000194711
0.100175
0.000194711
0.100175
0.000194711
0.100175
0.000194711
0.100175
0.000194711
0.100175
0.000194711
0.100175
0.000194711
0.100175
0.000194711
0.100175
0.000194711
0.100175
-0.00895671
0.100175
-0.00895671
0.100175
-0.00895671
0.100175
-0.00895671
0.100175
-0.00895671
0.100175
-0.00895671
0.100175
-0.00895671
0.100175
-0.00895671
0.100175
-0.00895671
0.100175
0.0910433
-0.00895671
0.0910433
-0.00895671
0.0910433
-0.00895671
0.0910433
-0.00895671
0.0910433
-0.00895671
0.0910433
-0.00895671
0.0910433
-0.00895671
0.0910433
-0.00895671
0.0910433
-0.00895671
0.100175
-0.00895671
0.100175
-0.00895671
0.100175
-0.00895671
0.100175
-0.00895671
0.100175
-0.00895671
0.100175
-0.00895671
0.100175
-0.00895671
0.100175
-0.00895671
0.000194711
0.106043
0.000194711
0.100175
0.000194711
0.100175
0.000194711
0.100175
0.000194711
0.100175
0.000194711
0.100175
0.000194711
0.100175
0.000194711
0.100175
0.000194711
0.100175
0.000194711
0.100175
-0.00895671
0.100175
-0.00895671
0.100175
-0.00895671
0.100175
-0.00895671
0.100175
-0.00895671
0.100175
-0.00895671
0.100175
-0.00895671
0.100175
-0.00895671
0.100175
-0.00895671
0.100175
0.0910433
-0.00895671
0.0910433
-0.00895671
0.0910433
-0.00895671
0.0910433
-0.00895671
0.0910433
-0.00895671
0.0910433
-0.00895671
0.0910433
-0.00895671
0.0910433
-0.00895671
0.0910433
-0.00895671
0.100175
-0.00895671
0.100175
-0.00895671
0.100175
-0.00895671
0.100175
-0.00895671
0.100175
-0.00895671
0.100175
-0.00895671
0.100175
-0.00895671
0.100175
-0.00895671
0.100175
0.000194711
0.100175
0.000194711
0.100175
0.000194711
0.100175
0.000194711
0.100175
0.000194711
0.100175
0.000194711
0.100175
0.000194711
0.100175
0.000194711
0.100175
0.000194711
0.100175
0.000194711
-0.00895671
0.100175
-0.00895671
0.100175
-0.00895671
0.100175
-0.00895671
0.100175
-0.00895671
0.100175
-0.00895671
0.100175
-0.00895671
0.100175
-0.00895671
0.100175
-0.00895671
0.100175
-0.00895671
0.0910433
-0.00895671
0.0910433
-0.00895671
0.0910433
-0.00895671
0.0910433
-0.00895671
0.0910433
-0.00895671
0.0910433
-0.00895671
0.0910433
-0.00895671
0.0910433
0.0810433
-0.00895671
0.100175
-0.00895671
0.100175
-0.00895671
0.100175
-0.00895671
0.100175
-0.00895671
0.100175
-0.00895671
0.100175
-0.00895671
0.100175
-0.00895671
0.100175
-0.00895671
0.100175
0.000194711
0.100175
0.000194711
0.100175
0.000194711
0.100175
0.000194711
0.100175
0.000194711
0.000194711
0.100175
0.000194711
0.100175
0.000194711
0.100175
0.000194711
0.100175
0.000194711
0.100175
-0.00479005
0.100175
-0.00479005
0.100175
-0.00479005
0.100175
-0.00479005
0.100175
-0.00479005
0.100175
-0.00479005
0.100175
-0.00479005
0.100175
-0.00479005
0.100175
0.0410433
0.0658992
0.0410433
0.0410433
0.0410433
0.0410433
0.0410433
0.0410433
0.0410433
0.0410433
0.0410433
0.0410433
0.0410433
0.0410433
0.0410433
0.0410433
0.0410433
0.0410433
0.0410433
0.0410433
0.100175
-0.00479005
0.100175
-0.00479005
0.100175
-0.00479005
0.100175
-0.00479005
0.100175
-0.00479005
0.100175
-0.00479005
0.100175
-0.00479005
0.100175
-0.00479005
0.100175
0.000194711
0.100175
0.000194711
0.100175
0.000194711
0.100175
0.000194711
0.100175
0.000194711
0.000194711
0.100175
0.000194711
0.100175
0.000194711
0.100175
0.000194711
0.100175
0.000194711
0.100175
-0.00479005
0.100175
-0.00479005
0.100175
-0.00479005
0.100175
-0.00479005
0.100175
-0.00479005
0.100175
-0.00479005
0.100175
-0.00479005
0.100175
-0.00479005
0.100175
-0.00895671
0.100175
0.116043
0.0181266
0.0368766
0.0493766
0.0368766
0.0493766
0.0368766
0.0493766
0.0368766
0.0493766
0.0368766
0.0493766
0.0160433
0.0722933
0.0160433
0.0722933
0.0160433
0.0722933
0.100175
-0.00687338
0.100175
-0.00687338
0.100175
-0.00687338
0.100175
-0.00687338
0.100175
-0.00687338
0.100175
-0.00687338
0.100175
-0.00270671
0.100175
-0.00270671
0.100175
0.000194711
0.100175
0.000194711
0.100175
0.000194711
0.100175
0.000194711
0.100175
0.000194711
0.000194711
0.100175
0.000194711
0.100175
0.000194711
0.100175
0.000194711
0.100175
0.000194711
0.100175
-0.00479005
0.100175
-0.00479005
0.100175
-0.00479005
0.100175
-0.00479005
0.100175
-0.00479005
0.100175
-0.00479005
0.100175
-0.00479005
0.100175
-0.00479005
0.100175
-0.00895671
0.100175
0.116043
0.0160433
0.0368766
0.0660433
0.0410433
0.0493766
0.0410433
0.0493766
0.0368766
0.0660433
0.0410433
0.0493766
0.0410433
0.0493766
0.0410433
0.0160433
0.0410433
0.0493766
0.100175
-0.00895671
0.100175
-0.00895671
0.100175
-0.00895671
0.100175
-0.00895671
0.100175
-0.00895671
0.100175
-0.00895671
0.100175
-0.00895671
0.100175
-0.00895671
0.100175
0.000194711
0.100175
0.000194711
0.100175
0.000194711
0.100175
0.000194711
0.100175
0.000194711
0.000194711
0.100175
0.000194711
0.100175
0.000194711
0.100175
0.000194711
0.100175
0.000194711
0.100175
-0.00479005
0.100175
-0.00479005
0.100175
-0.00479005
0.100175
-0.00479005
0.100175
-0.00479005
0.100175
-0.00479005
0.100175
-0.00479005
0.100175
-0.00479005
0.100175
-0.00895671
0.100175
0.116043
0.0160433
0.0410433
0.0160433
0.0410433
0.0160433
0.116043
0.0160433
0.0410433
0.0160433
0.0410433
0.0160433
0.0410433
0.0160433
0.0410433
0.0160433
0.0560433
-0.00895671
0.100175
-0.00895671
0.100175
-0.00895671
0.100175
-0.00895671
0.100175
-0.00895671
0.100175
-0.00895671
0.100175
-0.00895671
0.100175
-0.00895671
0.100175
-0.00895671
0.100175
0.000194711
0.100175
0.000194711
0.100175
0.000194711
0.100175
0.000194711
0.100175
0.000194711
0.000194711
0.100175
0.000194711
0.100175
0.000194711
0.100175
0.000194711
0.100175
0.000194711
0.100175
-0.00479005
0.100175
-0.00479005
0.100175
-0.00479005
0.100175
-0.00479005
0.100175
-0.00479005
0.100175
-0.00479005
0.100175
-0.00479005
0.100175
-0.00479005
0.100175
-0.00895671
0.100175
0.116043
0.0160433
0.0410433
0.0160433
0.0410433
0.0160433
0.116043
0.0160433
0.0410433
0.0160433
0.0410433
0.0160433
0.0410433
0.0160433
0.0410433
0.0160433
0.0493766
0.04771
0.100175
-0.00895671
0.100175
-0.00895671
0.100175
-0.00895671
0.100175
-0.00895671
0.100175
-0.00895671
0.100175
-0.00895671
0.100175
-0.00895671
0.100175
-0.00895671
0.100175
0.000194711
0.100175
0.000194711
0.100175
0.000194711
0.100175
0.000194711
0.100175
0.000194711
0.100175
0.000194711
0.100175
0.000194711
0.100175
0.000194711
0.100175
0.000194711
0.100175
0.000194711
-0.00895671
0.100175
-0.00270671
0.100175
-0.00270671
0.100175
-0.00895671
0.100175
-0.00895671
0.100175
-0.00895671
0.100175
-0.00895671
0.100175
-0.00270671
0.100175
-0.00895671
0.100175
-0.00895671
0.0910433
-0.00895671
0.0910433
-0.00895671
0.0910433
-0.00895671
0.0910433
-0.00895671
0.0910433
-0.00895671
0.0910433
-0.00270671
0.0910433
-0.00270671
0.0910433
0.0560433
-0.00895671
0.100175
-0.00895671
0.100175
-0.00895671
0.100175
-0.00895671
0.100175
-0.00895671
0.100175
-0.00895671
0.100175
-0.00895671
0.100175
-0.00895671
0.100175
-0.00895671
0.100175
0.000194711
0.100175
0.000194711
0.100175
0.000194711
0.100175
0.000194711
0.100175
0.000194711
0.000194711
0.100175
0.000194711
0.100175
0.000194711
0.100175
0.000194711
0.100175
0.000194711
0.100175
-0.00895671
0.100175
-0.00270671
0.100175
-0.00687338
0.100175
-0.00687338
0.100175
-0.00687338
0.100175
-0.00687338
0.100175
-0.00687338
0.100175
-0.00687338
0.100175
0.0722933
0.0334231
0.0722933
0.0160433
0.0722933
0.0160433
0.0493766
0.0368766
0.0931266
0.0410433
0.0181266
0.116043
0.0181266
0.0410433
0.0493766
0.0368766
0.0181266
0.116043
0.0706266
-0.00895671
0.100175
-0.00479005
0.100175
-0.00479005
0.100175
-0.00479005
0.100175
-0.00479005
0.100175
-0.00479005
0.100175
-0.00479005
0.100175
-0.00479005
0.100175
-0.00479005
0.076388
0.0285433
0.076388
0.0285433
0.000194711
0.100175
0.000194711
0.100175
0.000194711
0.100175
0.100175
0.000194711
0.100175
0.000194711
0.100175
0.000194711
0.0285433
0.076388
0.0285433
0.076388
0.0285433
0.076388
0.0285433
0.076388
0.0285433
0.076388
0.0285433
0.076388
0.0285433
0.076388
0.0285433
0.076388
0.0285433
0.076388
0.0306266
0.0746398
0.0306266
0.0746398
0.0306266
0.0493766
0.0306266
0.0493766
0.0306266
0.0493766
0.0306266
0.0493766
0.0493766
0.0306266
0.0493766
0.0306266
0.0493766
0.0306266
0.0493766
0.0306266
0.0493766
0.0306266
0.0746398
0.0306266
0.076388
0.0285433
0.076388
0.0285433
0.076388
0.0285433
0.076388
0.0285433
0.076388
0.0285433
0.076388
0.0285433
0.076388
0.0285433
0.100175
0.000194711
0.100175
0.000194711
0.0658992
0.0410433
0.0658992
0.0410433
0.0658992
0.0410433
0.0545586
0.0545586
0.0285433
0.076388
0.0285433
0.076388
0.0285433
0.076388
0.0285433
0.076388
0.0285433
0.076388
0.0285433
0.076388
0.0285433
0.076388
0.0285433
0.076388
0.0285433
0.076388
0.0285433
0.076388
0.0285433
0.076388
0.0285433
0.076388
0.0410433
0.0658992
0.0410433
0.05771
0.0410433
0.05771
0.0410433
0.05771
0.0410433
0.05771
0.0597933
0.02646
0.0410433
0.05771
0.0410433
0.05771
0.0410433
0.05771
0.0410433
0.05771
0.076388
0.0285433
0.076388
0.0285433
0.076388
0.0285433
0.076388
0.0285433
0.076388
0.0285433
0.076388
0.0285433
0.076388
0.0285433
0.076388
0.0285433
0.100175
0.000194711
0.100175
0.000194711
0.100175
0.000194711
0.100175
0.000194711
0.0658992
0.0410433
0.0545586
0.0545586
0.0285433
0.076388
0.0285433
0.076388
0.0285433
0.076388
0.0285433
0.076388
0.0285433
0.076388
0.0285433
0.076388
0.0285433
0.076388
0.0285433
0.076388
0.0285433
0.076388
0.0285433
0.076388
0.0285433
0.076388
0.0285433
0.076388
0.0660433
0.0408716
0.0597933
0.0316683
0.0597933
0.0316683
0.0597933
0.0316683
0.0597933
0.0316683
0.0597933
0.0316683
0.0597933
0.0316683
0.0597933
0.0316683
0.0597933
0.0316683
0.0493766
0.0493766
0.0589067
0.0493766
0.0589067
0.0493766
0.0589067
0.0493766
0.0589067
0.0493766
0.0589067
0.0493766
0.0589067
0.0493766
0.0589067
0.0493766
0.100175
-0.00895671
0.100175
0.000194711
0.100175
0.000194711
0.100175
0.000194711
0.100175
0.000194711
0.0658992
0.0410433
0.0545586
0.0545586
0.0285433
0.076388
0.0285433
0.076388
0.0285433
0.076388
0.0285433
0.076388
0.0285433
0.076388
0.0285433
0.076388
0.0285433
0.076388
0.0285433
0.076388
0.0285433
0.076388
0.0285433
0.076388
0.0285433
0.076388
0.0285433
0.076388
0.0597933
0.04832
0.0597933
0.0372933
0.0597933
0.0372933
0.0597933
0.0372933
0.0597933
0.0372933
0.0597933
0.0372933
0.0597933
0.0372933
0.0597933
0.0372933
0.0597933
0.0372933
0.0597933
0.0372933
0.0690458
0.0372933
0.0690458
0.0372933
0.0690458
0.0372933
0.0690458
0.0372933
0.0690458
0.0372933
0.0220022
0.0818766
0.100175
-0.00895671
0.100175
-0.00895671
0.100175
0.000194711
0.100175
0.000194711
0.100175
0.000194711
0.100175
0.000194711
0.100175
0.000194711
0.100175
0.000194711
0.100175
0.000194711
0.100175
0.000194711
0.100175
0.000194711
0.100175
0.000194711
-0.00895671
0.100175
-0.00895671
0.100175
-0.00895671
0.100175
-0.00895671
0.100175
-0.00895671
0.100175
-0.00895671
0.100175
-0.00895671
0.100175
-0.00895671
0.100175
-0.00895671
0.100175
-0.00895671
0.0910433
-0.00895671
0.0910433
-0.00895671
0.0910433
-0.00895671
0.0910433
-0.00895671
0.0910433
-0.00895671
0.0910433
-0.00895671
0.0910433
-0.00895671
0.0910433
0.0935433
-0.00895671
0.100175
-0.00895671
0.100175
-0.00895671
0.100175
-0.00895671
0.100175
-0.00895671
0.100175
-0.00895671
0.100175
-0.00895671
0.100175
-0.00895671
0.100175
-0.00895671
0.100175
0.000194711
0.100175
0.000194711
0.100175
0.000194711
0.100175
0.000194711
0.100175
0.000194711
0.000194711
0.100175
0.000194711
0.100175
0.000194711
0.100175
0.000194711
0.100175
0.000194711
0.100175
-0.00895671
0.100175
-0.00895671
0.100175
-0.00895671
0.100175
-0.00895671
0.100175
-0.00895671
0.100175
-0.00895671
0.100175
-0.00895671
0.100175
-0.00895671
0.100175
0.0493766
0.0589067
0.0493766
0.0410433
0.0160433
0.116043
0.0660433
0.0368766
0.0660433
0.0368766
0.0160433
0.116043
0.0493766
0.0410433
0.0660433
0.0368766
0.0660433
0.0368766
0.09771
-0.00895671
0.100175
-0.00479005
0.100175
-0.00479005
0.100175
-0.00479005
0.100175
-0.00479005
0.100175
-0.00479005
0.100175
-0.00479005
0.100175
-0.00479005
0.100175
-0.00479005
0.076388
0.0285433
0.076388
0.0285433
0.076388
0.0285433
0.076388
0.0285433
0.076388
0.0285433
0.0545586
0.0545586
0.0410433
0.0658992
0.0410433
0.0658992
0.000194711
0.100175
0.000194711
0.100175
0.0285433
0.076388
0.0285433
0.076388
0.0285433
0.076388
0.0285433
0.076388
0.0285433
0.076388
0.0285433
0.076388
0.0285433
0.076388
0.0285433
0.076388
0.05771
0.0508029
0.05771
0.0410433
0.05771
0.0410433
0.05771
0.0410433
0.05771
0.0410433
0.05771
0.0410433
0.05771
0.0410433
0.02646
0.0597933
0.05771
0.0410433
0.05771
0.0410433
0.076388
0.0285433
0.076388
0.0285433
0.076388
0.0285433
0.076388
0.0285433
0.076388
0.0285433
0.076388
0.0285433
0.076388
0.0285433
0.076388
0.0285433
0.0458372
0.0618766
0.0458372
0.0618766
0.0458372
0.0618766
0.0458372
0.0618766
0.0458372
0.0618766
0.0618766
0.0458372
0.0618766
0.0458372
0.0618766
0.0458372
0.0618766
0.0458372
0.0618766
0.0458372
0.0618766
0.0458372
0.0618766
0.0458372
0.0618766
0.0458372
0.0618766
0.0458372
0.0618766
0.0458372
0.0285433
0.076388
0.0285433
0.076388
0.0285433
0.076388
0.05771
0.0508029
0.10146
0.02646
0.08271
0.02021
0.02021
0.08271
0.02021
0.08271
0.02646
0.10146
0.02646
0.10146
0.02646
0.02646
0.08271
0.02021
0.0285433
0.05771
0.076388
0.0285433
0.076388
0.0285433
0.076388
0.0285433
0.0458372
0.0618766
0.0458372
0.0618766
0.0458372
0.0618766
0.0458372
0.0618766
0.0458372
0.0618766
0.0272161
0.0775016
0.000194711
0.100175
0.100175
0.000194711
0.100175
0.000194711
0.100175
0.000194711
0.0618766
0.0458372
0.0618766
0.0458372
0.0618766
0.0458372
0.0618766
0.0458372
0.0618766
0.0458372
0.0618766
0.0458372
0.0618766
0.0458372
0.0618766
0.0458372
0.0618766
0.0458372
0.0618766
0.0458372
0.0285433
0.076388
0.0285433
0.076388
0.0285433
0.076388
0.05771
0.0508029
0.02021
0.0660433
0.02021
0.0660433
0.02021
0.0660433
0.02021
0.0660433
0.02021
0.0660433
0.02021
0.0660433
0.02021
0.0660433
0.02021
0.0660433
0.05771
0.04521
0.062403
0.04521
0.062403
0.04521
0.062403
0.04521
0.062403
0.04521
0.0272161
0.0775016
0.0272161
0.0775016
0.0272161
0.0775016
0.0272161
0.0775016
0.000194711
0.100175
0.000194711
0.100175
0.100175
0.000194711
0.100175
0.000194711
0.100175
0.000194711
0.0618766
0.0458372
0.0618766
0.0458372
0.0618766
0.0458372
0.0618766
0.0458372
0.0618766
0.0458372
0.0618766
0.0458372
0.0618766
0.0458372
0.0618766
0.0458372
0.0618766
0.0458372
0.0618766
0.0458372
0.0618766
0.0458372
0.02646
0.0781361
0.02646
0.0781361
0.05771
0.0508029
0.07021
0.0285433
0.07021
0.0285433
0.07021
0.0285433
0.07021
0.0285433
0.02021
0.0560433
0.02021
0.0560433
0.02021
0.0560433
0.07021
0.0285433
0.05771
0.04271
0.0527891
0.0560433
0.0527891
0.0560433
0.0527891
0.0560433
0.0527891
0.0560433
0.0527891
0.0560433
0.0220022
0.0818766
0.0220022
0.0818766
0.000194711
0.0968766
0.100175
0.000194711
0.100175
0.000194711
0.100175
0.000194711
0.100175
0.000194711
0.100175
0.000194711
0.100175
0.000194711
0.100175
0.000194711
0.100175
0.000194711
0.100175
0.000194711
0.100175
0.000194711
-0.00895671
0.100175
-0.00895671
0.100175
-0.00895671
0.100175
-0.00895671
0.100175
-0.00895671
0.100175
-0.00895671
0.100175
-0.00895671
0.100175
-0.00895671
0.100175
-0.00895671
0.100175
-0.00895671
0.0910433
-0.00895671
0.0910433
-0.00895671
0.0910433
-0.00895671
0.0910433
-0.00895671
0.0910433
-0.00895671
0.0910433
-0.00895671
0.0910433
-0.00895671
0.0910433
0.0893766
-0.00895671
0.100175
-0.00895671
0.100175
-0.00895671
0.100175
-0.00895671
0.100175
-0.00895671
0.100175
-0.00895671
0.100175
-0.00895671
0.100175
-0.00895671
0.100175
-0.00895671
0.100175
0.000194711
0.100175
0.000194711
0.100175
0.000194711
0.100175
0.000194711
0.100175
0.000194711
0.000194711
0.100175
0.000194711
0.100175
0.000194711
0.100175
0.000194711
0.100175
0.000194711
0.100175
-0.00895671
0.100175
-0.00895671
0.100175
-0.00895671
0.100175
-0.00895671
0.100175
-0.00895671
0.100175
-0.00895671
0.100175
-0.00895671
0.100175
-0.00895671
0.100175
-0.00895671
0.100175
0.0160433
0.0410433
0.0160433
0.0410433
0.0160433
0.0410433
0.0160433
0.116043
0.0160433
0.116043
0.0160433
0.0410433
0.0160433
0.0410433
0.0160433
0.116043
0.0560433
-0.00895671
0.100175
-0.00479005
0.100175
-0.00479005
0.100175
-0.00479005
0.100175
-0.00479005
0.100175
-0.00479005
0.100175
-0.00479005
0.100175
-0.00479005
0.100175
-0.00479005
0.076388
0.0285433
0.076388
0.0285433
0.076388
0.0285433
0.076388
0.0285433
0.076388
0.0285433
0.0545586
0.0545586
0.000194711
0.100175
0.000194711
0.100175
0.000194711
0.100175
0.000194711
0.100175
-0.00895671
0.100175
0.0493766
0.0589067
0.0493766
0.0589067
0.0493766
0.0589067
0.0493766
0.0589067
0.0493766
0.0589067
0.0493766
0.0589067
0.0493766
0.0589067
0.0493766
0.0589067
0.0316683
0.0597933
0.0316683
0.0597933
0.0316683
0.0597933
0.0316683
0.0597933
0.0316683
0.0597933
0.0316683
0.0597933
0.0316683
0.0597933
0.0316683
0.0597933
0.0379183
0.0660433
0.076388
0.0285433
0.076388
0.0285433
0.076388
0.0285433
0.076388
0.0285433
0.076388
0.0285433
0.076388
0.0285433
0.076388
0.0285433
0.076388
0.0285433
0.0458372
0.0618766
0.0458372
0.0618766
0.0458372
0.0618766
0.0458372
0.0618766
0.0458372
0.0618766
0.000194711
0.100175
0.000194711
0.100175
0.000194711
0.100175
0.100175
0.000194711
0.0775016
0.0272161
0.0775016
0.0272161
0.0775016
0.0272161
0.0775016
0.0272161
0.0775016
0.0272161
0.04521
0.062403
0.04521
0.062403
0.04521
0.062403
0.04521
0.062403
0.04521
0.062403
0.0660433
0.02021
0.0660433
0.02021
0.0660433
0.02021
0.0660433
0.02021
0.0660433
0.02021
0.0660433
0.02021
0.0660433
0.02021
0.0660433
0.02021
0.0379183
0.05771
0.076388
0.0285433
0.076388
0.0285433
0.076388
0.0285433
0.0458372
0.0618766
0.0458372
0.0618766
0.0458372
0.0618766
0.0458372
0.0618766
0.0458372
0.0618766
0.0272161
0.0775016
0.000194711
0.100175
0.000194711
0.100175
0.000194711
0.100175
0.000194711
0.100175
0.100175
0.000194711
0.100175
0.000194711
0.100175
0.000194711
0.100175
0.000194711
0.0775016
0.0272161
0.0775016
0.0272161
0.0775016
0.0272161
0.0775016
0.0272161
0.0775016
0.0272161
0.04521
0.062403
0.04521
0.062403
0.04521
0.062403
0.04521
0.062403
0.04521
0.062403
0.0441683
0.0441683
0.0441683
0.0441683
0.0441683
0.0441683
0.0441683
0.0441683
0.0441683
0.0441683
0.0441683
0.0441683
0.0441683
0.0441683
0.0441683
0.0441683
0.05771
0.04521
0.062403
0.04521
0.062403
0.04521
0.062403
0.04521
0.062403
0.04521
0.0272161
0.0775016
0.0272161
0.0775016
0.0272161
0.0775016
0.0272161
0.0775016
0.000194711
0.100175
0.000194711
0.100175
0.000194711
0.100175
0.000194711
0.100175
0.100175
0.000194711
0.100175
0.000194711
0.100175
0.000194711
0.100175
0.000194711
0.100175
0.000194711
0.0775016
0.0272161
0.0775016
0.0272161
0.0775016
0.0272161
0.0775016
0.0272161
0.0775016
0.0272161
0.04521
0.062403
0.04521
0.062403
0.04521
0.062403
0.04521
0.062403
0.04521
0.062403
0.0816683
0.0160433
0.0441683
0.0285433
0.0441683
0.0285433
0.0816683
0.0160433
0.0441683
0.0285433
0.0441683
0.0285433
0.0816683
0.0160433
0.0816683
0.0160433
0.05771
0.04271
0.0527891
0.0560433
0.0527891
0.0560433
0.0527891
0.0560433
0.0527891
0.0560433
0.0527891
0.0560433
0.0220022
0.0818766
0.0220022
0.0818766
0.000194711
0.0968766
0.100175
0.000194711
0.100175
0.000194711
0.100175
0.000194711
0.100175
0.000194711
0.100175
0.000194711
0.100175
0.000194711
0.100175
0.000194711
0.100175
0.000194711
0.100175
0.000194711
0.100175
0.000194711
-0.00895671
0.100175
-0.00895671
0.100175
-0.00895671
0.100175
-0.00895671
0.100175
-0.00895671
0.100175
-0.00895671
0.100175
-0.00895671
0.100175
-0.00895671
0.100175
-0.00895671
0.100175
-0.00895671
0.0910433
-0.00895671
0.0910433
-0.00895671
0.0910433
-0.00895671
0.0910433
-0.00895671
0.0910433
-0.00895671
0.0910433
-0.00895671
0.0910433
-0.00895671
0.0910433
0.0993766
-0.00895671
0.100175
-0.00895671
0.100175
-0.00895671
0.100175
-0.00895671
0.100175
-0.00895671
0.100175
-0.00895671
0.100175
-0.00895671
0.100175
-0.00895671
0.100175
-0.00895671
0.100175
0.000194711
0.100175
0.000194711
0.100175
0.000194711
0.100175
0.000194711
0.100175
0.000194711
0.000194711
0.100175
0.000194711
0.100175
0.000194711
0.100175
0.000194711
0.100175
0.000194711
0.100175
-0.00895671
0.100175
-0.00895671
0.100175
-0.00895671
0.100175
-0.00895671
0.100175
-0.00895671
0.100175
-0.00895671
0.100175
-0.00895671
0.100175
-0.00895671
0.100175
0.04771
0.0603052
0.0160433
0.0410433
0.0160433
0.116043
0.0160433
0.0410433
0.0160433
0.116043
0.0160433
0.116043
0.0160433
0.0410433
0.0160433
0.0410433
0.0160433
0.116043
0.0560433
-0.00895671
0.100175
-0.00479005
0.100175
-0.00479005
0.100175
-0.00479005
0.100175
-0.00479005
0.100175
-0.00479005
0.100175
-0.00479005
0.100175
-0.00479005
0.100175
-0.00479005
0.076388
0.0285433
0.076388
0.0285433
0.076388
0.0285433
0.076388
0.0285433
0.076388
0.0285433
0.0545586
0.0545586
0.000194711
0.100175
0.000194711
0.100175
0.000194711
0.100175
0.000194711
0.100175
-0.00895671
0.100175
-0.00895671
0.100175
0.0818766
0.0220022
0.0372933
0.0690458
0.0372933
0.0690458
0.0372933
0.0690458
0.0372933
0.0690458
0.0372933
0.0690458
0.0372933
0.0690458
0.0372933
0.0597933
0.0372933
0.0597933
0.0372933
0.0597933
0.0372933
0.0597933
0.0372933
0.0597933
0.0372933
0.0597933
0.0372933
0.0597933
0.0372933
0.0597933
0.0372933
0.0597933
0.076388
0.0285433
0.076388
0.0285433
0.076388
0.0285433
0.076388
0.0285433
0.076388
0.0285433
0.076388
0.0285433
0.076388
0.0285433
0.076388
0.0285433
0.0458372
0.0618766
0.0458372
0.0618766
0.0458372
0.0618766
0.0458372
0.0618766
0.0458372
0.0618766
0.000194711
0.100175
0.000194711
0.100175
0.000194711
0.100175
0.100175
0.000194711
0.100175
0.000194711
0.0968766
0.000194711
0.0818766
0.0220022
0.0818766
0.0220022
0.0560433
0.0527891
0.0560433
0.0527891
0.0560433
0.0527891
0.0560433
0.0527891
0.0560433
0.0527891
0.04271
0.0645007
0.0285433
0.07021
0.0285433
0.07021
0.0285433
0.07021
0.0285433
0.07021
0.0285433
0.07021
0.0285433
0.07021
0.0285433
0.07021
0.0285433
0.07021
0.0435433
0.05771
0.0781361
0.02646
0.0781361
0.02646
0.0458372
0.0618766
0.0458372
0.0618766
0.0458372
0.0618766
0.0458372
0.0618766
0.0458372
0.0618766
0.0458372
0.0618766
0.0272161
0.0775016
0.000194711
0.100175
0.000194711
0.100175
0.000194711
0.100175
0.000194711
0.100175
0.000194711
0.100175
0.100175
0.000194711
0.100175
0.000194711
0.100175
0.000194711
0.100175
0.000194711
0.0968766
0.000194711
0.0818766
0.0220022
0.0818766
0.0220022
0.0560433
0.0527891
0.0560433
0.0527891
0.0560433
0.0527891
0.0560433
0.0527891
0.0560433
0.0527891
0.04271
0.0645007
0.0160433
0.0816683
0.0160433
0.0816683
0.0285433
0.0441683
0.0160433
0.0816683
0.0285433
0.0441683
0.0160433
0.0816683
0.0285433
0.0441683
0.0285433
0.0441683
0.05771
0.04521
0.062403
0.04521
0.062403
0.04521
0.062403
0.04521
0.062403
0.04521
0.0272161
0.0775016
0.0272161
0.0775016
0.0272161
0.0775016
0.0272161
0.0775016
0.000194711
0.100175
0.000194711
0.100175
0.000194711
0.100175
0.000194711
0.100175
0.000194711
0.100175
0.100175
0.000194711
0.100175
0.000194711
0.100175
0.000194711
0.100175
0.000194711
0.100175
0.000194711
0.0968766
0.000194711
0.0818766
0.0220022
0.0818766
0.0220022
0.0560433
0.0527891
0.0560433
0.0527891
0.0560433
0.0527891
0.0560433
0.0527891
0.0560433
0.0527891
0.04271
0.0645007
0.0160433
0.0760433
0.103543
0.0285433
0.0760433
0.0160433
0.0760433
0.0160433
0.103543
0.0285433
0.0160433
0.0760433
0.0760433
0.0160433
0.0760433
0.0160433
0.05771
0.04271
0.0527891
0.0560433
0.0527891
0.0560433
0.0527891
0.0560433
0.0527891
0.0560433
0.0527891
0.0560433
0.0220022
0.0818766
0.0220022
0.0818766
0.000194711
0.0968766
