0.0159853
-0.465322
0.0159853
0.0199394
0.0159853
0.0199394
0.0159853
0.0199394
0.0159853
0.0199394
0.0159853
0.0199394
0.0199394
0.0159853
0.0199394
0.0159853
0.0199394
0.0159853
0.0199394
0.0159853
0.0199394
0.0159853
-0.0176278
0.0159853
-0.438534
0.0159853
-0.421703
0.0159853
-0.412473
0.0159853
-0.444973
0.0159853
-0.421703
0.0159853
-0.351894
0.0159853
-0.421703
0.0159853
-0.421703
0.0159853
-0.472473
-0.0220606
-0.42087
-0.232658
-0.364103
-0.391066
-0.421703
-0.346894
-0.0626583
-0.421703
-0.235546
-0.376412
-0.365475
-0.35348
-0.420453
-0.420453
-0.228046
-0.350328
-0.345328
-0.364936
-0.421703
-0.345328
0.0159853
-0.350328
0.0159853
-0.0726583
0.0159853
-0.351894
0.0159853
-0.421703
0.0159853
-0.0726583
0.0159853
-0.421703
0.0159853
-0.421703
0.0159853
-0.345455
0.0159853
-0.345455
0.0159853
-0.465322
0.0159853
0.0199394
0.0159853
0.0199394
0.0159853
0.0199394
0.0159853
0.0199394
0.0159853
0.0199394
0.0159853
0.0199394
0.0159853
0.0199394
0.0159853
0.0199394
0.0159853
0.0199394
0.0159853
0.0199394
-0.342955
0.0199394
-0.436034
0.0199394
-0.436034
0.0199394
-0.0537194
0.0199394
-0.436034
0.0199394
-0.436034
0.0199394
-0.410264
0.0199394
-0.410264
0.0199394
-0.421703
0.0159853
-0.472473
-0.0220606
-0.304385
-0.233893
-0.395687
-0.373897
-0.472473
-0.409203
-0.228046
-0.330328
-0.472473
-0.414313
-0.472473
-0.409203
-0.472473
-0.325328
-0.472473
-0.325328
-0.349394
-0.327828
-0.466034
-0.307658
0.0159853
-0.434973
0.0159853
-0.434973
0.0159853
-0.434973
0.0159853
-0.0626583
0.0159853
-0.434973
0.0159853
-0.225546
0.0159853
-0.225546
0.0159853
-0.434973
0.0159853
-0.411703
0.0159853
-0.465322
0.0159853
0.0199394
0.0159853
0.0199394
0.0159853
0.0199394
0.0159853
0.0199394
0.0159853
0.0199394
0.0159853
0.0199394
0.0159853
0.0199394
0.0159853
0.0199394
0.0159853
0.0199394
0.0159853
0.0199394
-0.436034
0.0199394
-0.436034
0.0199394
-0.436034
0.0199394
-0.0537194
0.0199394
-0.436034
0.0199394
-0.436034
0.0199394
-0.410264
0.0199394
-0.410264
0.0199394
-0.0176278
0.0159853
-0.472473
-0.0220606
-0.472473
-0.336894
-0.472473
-0.0432314
-0.472473
-0.409203
-0.0626583
-0.0626583
-0.235546
-0.344313
-0.472473
-0.409203
-0.420453
-0.305687
-0.472473
-0.259385
-0.472473
-0.259385
-0.466034
-0.307658
0.0159853
-0.434973
0.0159853
-0.434973
0.0159853
-0.434973
0.0159853
-0.0626583
0.0159853
-0.434973
0.0159853
-0.225546
0.0159853
-0.225546
0.0159853
-0.434973
0.0159853
-0.411703
0.0159853
0.0199394
0.0159853
0.0199394
0.0159853
0.0199394
0.0159853
0.0199394
0.0159853
0.0199394
0.0159853
0.0199394
0.0159853
0.0199394
0.0159853
0.0199394
0.0159853
0.0199394
0.0159853
0.0199394
0.0159853
0.0199394
-0.342955
0.0199394
-0.436034
0.0199394
-0.436034
0.0199394
-0.0537194
0.0199394
-0.436034
0.0199394
-0.436034
0.0199394
-0.410264
0.0199394
-0.410264
0.0199394
-0.0176278
0.0159853
-0.472473
-0.0220606
-0.472473
-0.336894
-0.472473
-0.0432314
-0.472473
-0.409203
-0.235546
-0.117098
-0.235546
-0.344313
-0.472473
-0.409203
-0.420453
-0.305687
-0.412473
-0.255328
-0.27978
-0.123686
-0.466034
-0.307658
0.0159853
-0.434973
0.0159853
-0.434973
0.0159853
-0.434973
0.0159853
-0.0626583
0.0159853
-0.434973
0.0159853
-0.225546
0.0159853
-0.225546
0.0159853
-0.434973
0.0159853
-0.411703
0.0159853
0.0199394
0.0159853
0.0199394
0.0159853
0.0199394
0.0159853
0.0199394
0.0159853
0.0199394
0.0159853
0.0199394
0.0159853
0.0199394
0.0159853
0.0199394
0.0159853
0.0199394
0.0159853
0.0199394
0.0159853
0.0199394
-0.436034
0.0199394
-0.436034
0.0199394
-0.436034
0.0199394
-0.0537194
0.0199394
-0.436034
0.0199394
-0.436034
0.0199394
-0.410264
0.0199394
-0.410264
0.0199394
-0.0176278
0.0159853
-0.472473
-0.0220606
-0.472473
-0.336894
-0.472473
-0.0432314
-0.472473
-0.409203
-0.0626583
-0.0626583
-0.235546
-0.344313
-0.472473
-0.409203
-0.420453
-0.305687
-0.412473
-0.255328
-0.27978
-0.123686
-0.466034
-0.307658
0.0159853
-0.434973
0.0159853
-0.434973
0.0159853
-0.434973
0.0159853
-0.0626583
0.0159853
-0.434973
0.0159853
-0.225546
0.0159853
-0.225546
0.0159853
-0.434973
0.0159853
-0.411703
0.0159853
0.0199394
0.0159853
0.0199394
0.0159853
0.0199394
0.0159853
0.0199394
0.0159853
0.0199394
0.0159853
0.0199394
0.0159853
0.0199394
0.0159853
0.0199394
0.0159853
0.0199394
0.0159853
0.0199394
0.0159853
0.0199394
-0.436034
0.0199394
-0.436034
0.0199394
-0.436034
0.0199394
-0.0537194
0.0199394
-0.436034
0.0199394
-0.436034
0.0199394
-0.410264
0.0199394
-0.410264
0.0199394
-0.0176278
0.0159853
-0.472473
-0.0220606
-0.472473
-0.336894
-0.472473
-0.0432314
-0.472473
-0.409203
-0.0626583
-0.0626583
-0.235546
-0.344313
-0.472473
-0.409203
-0.420453
-0.305687
-0.412473
-0.255328
-0.27978
-0.123686
-0.466034
-0.307658
0.0159853
-0.434973
0.0159853
-0.434973
0.0159853
-0.434973
0.0159853
-0.0626583
0.0159853
-0.434973
0.0159853
-0.225546
0.0159853
-0.225546
0.0159853
-0.434973
0.0159853
-0.411703
0.0199394
0
0.0199394
0.0159853
0.0199394
0.0159853
0.0199394
0.0159853
0.0199394
0.0159853
0.0199394
0.0159853
0.0199394
0.0159853
0.0199394
0.0159853
0.0199394
0.0159853
0.0199394
0.0159853
0.0199394
0.0159853
-0.0626583
0.0159853
-0.434973
0.0159853
-0.434973
0.0159853
-0.434973
0.0159853
-0.434973
0.0159853
-0.434973
0.0159853
-0.434973
0.0159853
-0.434973
0.0159853
-0.434973
0.0159853
-0.472473
-0.0220606
-0.304385
-0.332326
-0.323893
-0.364936
-0.410453
-0.420453
-0.0626583
-0.0115668
-0.410036
-0.377718
-0.1624
-0.350227
-0.410453
-0.420453
-0.409203
-0.350328
-0.414313
-0.364936
-0.411703
-0.345328
0.0159853
-0.350328
0.0199394
-0.436034
0.0199394
-0.410264
0.0199394
-0.0537194
0.0199394
-0.436034
0.0199394
-0.436034
0.0199394
-0.412764
0.0199394
-0.463534
0.0199394
-0.436034
0.0199394
0.0159853
0.0199394
0.0159853
0.0199394
0.0159853
0.0199394
0.0159853
0.0199394
0.0159853
0.0199394
0.0159853
0.0159853
0.0199394
0.0159853
0.0199394
0.0159853
0.0199394
0.0159853
0.0199394
0.0159853
0.0199394
-0.434973
0.0199394
-0.434973
0.0199394
-0.434973
0.0199394
-0.434973
0.0199394
-0.426525
0.0199394
-0.434973
0.0199394
-0.434973
0.0199394
-0.434973
0.0199394
-0.434973
0.0199394
-0.472473
-0.0220606
-0.304385
-0.327828
-0.387213
-0.286135
-0.472473
-0.472473
-0.434973
-0.452828
-0.472473
-0.414313
-0.225546
-0.452828
-0.472473
-0.434973
-0.472473
-0.325328
-0.225992
-0.333269
-0.472473
-0.307658
0.0199394
-0.336894
0.0199394
-0.434973
0.0199394
-0.434973
0.0199394
-0.399598
0.0199394
-0.464394
0.0199394
-0.225546
0.0199394
-0.464394
0.0199394
-0.434973
0.0199394
-0.434973
0.0199394
-0.179054
0.0199394
0.0159853
0.0199394
0.0159853
0.0199394
0.0159853
0.0199394
0.0159853
0.0199394
0.0159853
0.0159853
0.0199394
0.0159853
0.0199394
0.0159853
0.0199394
0.0159853
0.0199394
0.0159853
0.0199394
-0.434973
0.0199394
-0.434973
0.0199394
-0.434973
0.0199394
-0.434973
0.0199394
-0.426525
0.0199394
-0.434973
0.0199394
-0.434973
0.0199394
-0.434973
0.0199394
-0.434973
0.0199394
-0.472473
-0.0220606
-0.472473
-0.472473
-0.472473
-0.307658
-0.472473
-0.472473
-0.389713
-0.0626583
-0.389713
-0.434973
-0.328893
-0.434973
-0.472473
-0.434973
-0.472473
-0.259385
-0.267121
-0.346813
-0.472473
-0.307658
0.0199394
-0.336894
0.0199394
-0.434973
0.0199394
-0.434973
0.0199394
-0.434973
0.0199394
-0.464394
0.0199394
-0.225546
0.0199394
-0.464394
0.0199394
-0.434973
0.0199394
-0.434973
0.0199394
0.0159853
0.0199394
0.0159853
0.0199394
0.0159853
0.0199394
0.0159853
0.0199394
0.0159853
0.0199394
0.0159853
0.0159853
0.0199394
0.0159853
0.0199394
0.0159853
0.0199394
0.0159853
0.0199394
0.0159853
0.0199394
-0.328893
0.0199394
-0.434973
0.0199394
-0.434973
0.0199394
-0.434973
0.0199394
-0.426525
0.0199394
-0.434973
0.0199394
-0.434973
0.0199394
-0.434973
0.0199394
-0.434973
0.0199394
-0.472473
-0.0220606
-0.304385
-0.0923257
-0.472473
-0.307658
-0.472473
-0.472473
-0.389713
-0.0626583
-0.389713
-0.434973
-0.328893
-0.434973
-0.472473
-0.434973
-0.387213
-0.434973
-0.267121
-0.346813
-0.472473
-0.307658
0.0199394
-0.336894
0.0199394
-0.434973
0.0199394
-0.434973
0.0199394
0.0128788
0.0199394
-0.464394
0.0199394
-0.225546
0.0199394
-0.464394
0.0199394
-0.434973
0.0199394
-0.434973
0.0199394
-0.0160665
0.0199394
0.0159853
0.0199394
0.0159853
0.0199394
0.0159853
0.0199394
0.0159853
0.0199394
0.0159853
0.0159853
0.0199394
0.0159853
0.0199394
0.0159853
0.0199394
0.0159853
0.0199394
0.0159853
0.0199394
-0.434973
0.0199394
-0.434973
0.0199394
-0.434973
0.0199394
-0.434973
0.0199394
-0.426525
0.0199394
-0.434973
0.0199394
-0.434973
0.0199394
-0.434973
0.0199394
-0.434973
0.0199394
-0.472473
-0.0220606
-0.304385
-0.0923257
-0.472473
-0.307658
-0.472473
-0.472473
-0.389713
-0.0626583
-0.389713
-0.434973
-0.328893
-0.434973
-0.472473
-0.434973
-0.387213
-0.434973
-0.267121
-0.346813
-0.472473
-0.307658
0.0199394
-0.336894
0.0199394
-0.434973
0.0199394
-0.434973
0.0199394
-0.434973
0.0199394
-0.464394
0.0199394
-0.225546
0.0199394
-0.464394
0.0199394
-0.434973
0.0199394
-0.434973
0.0199394
-0.0160665
0.0199394
0.0159853
0.0199394
0.0159853
0.0199394
0.0159853
0.0199394
0.0159853
0.0199394
0.0159853
0.0159853
0.0199394
0.0159853
0.0199394
0.0159853
0.0199394
0.0159853
0.0199394
0.0159853
0.0199394
-0.434973
0.0199394
-0.434973
0.0199394
-0.434973
0.0199394
-0.434973
0.0199394
-0.426525
0.0199394
-0.434973
0.0199394
-0.434973
0.0199394
-0.434973
0.0199394
-0.434973
0.0199394
-0.472473
-0.0220606
-0.304385
-0.0923257
-0.472473
-0.307658
-0.472473
-0.472473
-0.389713
-0.0626583
-0.389713
-0.434973
-0.328893
-0.434973
-0.472473
-0.434973
-0.387213
-0.434973
-0.267121
-0.346813
-0.472473
-0.307658
0.0199394
-0.336894
0.0199394
-0.434973
0.0199394
-0.434973
0.0199394
-0.434973
0.0199394
-0.464394
0.0199394
-0.225546
0.0199394
-0.464394
0.0199394
-0.434973
0.0199394
-0.434973
0.0199394
0
0.0199394
0.0159853
0.0199394
0.0159853
0.0199394
0.0159853
0.0199394
0.0159853
0.0199394
0.0159853
0.0199394
0.0159853
0.0199394
0.0159853
0.0199394
0.0159853
0.0199394
0.0159853
0.0199394
0.0159853
-0.0626583
0.0159853
-0.434973
0.0159853
-0.434973
0.0159853
-0.434973
0.0159853
-0.434973
0.0159853
-0.434973
0.0159853
-0.434973
0.0159853
-0.434973
0.0159853
-0.434973
0.0159853
-0.472473
-0.0220606
-0.0547803
-0.393897
-0.411703
-0.346894
-0.410453
-0.420453
-0.0626583
-0.0115668
-0.410036
-0.377718
-0.055197
-0.391066
-0.410453
-0.420453
-0.409203
-0.350328
-0.0244908
-0.345328
-0.411703
-0.345328
0.0159853
-0.345455
0.0199394
-0.436034
0.0199394
-0.410264
0.0199394
-0.0537194
0.0199394
-0.436034
0.0199394
-0.436034
0.0199394
-0.412764
0.0199394
-0.463534
0.0199394
-0.436034
0.0199394
0.0159853
0.0199394
0.0159853
0.0199394
0.0159853
0.0199394
0.0159853
0.0199394
0.0159853
0.0199394
0.0159853
0.0159853
0.0199394
0.0159853
0.0199394
0.0159853
0.0199394
0.0159853
0.0199394
0.0159853
0.0199394
-0.434973
0.0199394
-0.434973
0.0199394
-0.434973
0.0199394
-0.434973
0.0199394
-0.434973
0.0199394
-0.434973
0.0199394
-0.434973
0.0199394
-0.434973
0.0199394
-0.434973
0.0199394
-0.472473
-0.0220606
-0.472473
-0.472473
-0.387213
-0.286135
-0.472473
-0.472473
-0.434973
-0.452828
-0.472473
-0.414313
-0.225546
-0.452828
-0.472473
-0.434973
-0.472473
-0.325328
-0.225992
-0.333269
-0.472473
-0.307658
0.0199394
-0.336894
0.0199394
-0.434973
0.0199394
-0.434973
0.0199394
-0.399598
0.0199394
-0.464394
0.0199394
-0.225546
0.0199394
-0.464394
0.0199394
-0.434973
0.0199394
-0.434973
0.0199394
-0.179054
0.0199394
0.0159853
0.0199394
0.0159853
0.0199394
0.0159853
0.0199394
0.0159853
0.0199394
0.0159853
0.0159853
0.0199394
0.0159853
0.0199394
0.0159853
0.0199394
0.0159853
0.0199394
0.0159853
0.0199394
-0.434973
0.0199394
-0.434973
0.0199394
-0.434973
0.0199394
-0.434973
0.0199394
-0.434973
0.0199394
-0.434973
0.0199394
-0.434973
0.0199394
-0.434973
0.0199394
-0.434973
0.0199394
-0.472473
-0.0220606
-0.472473
-0.472473
-0.472473
-0.307658
-0.472473
-0.472473
-0.389713
-0.0626583
-0.389713
-0.434973
-0.286525
-0.434973
-0.472473
-0.434973
-0.472473
-0.259385
-0.0244908
-0.346813
-0.472473
-0.307658
0.0199394
-0.336894
0.0199394
-0.434973
0.0199394
-0.434973
0.0199394
-0.434973
0.0199394
-0.464394
0.0199394
-0.225546
0.0199394
-0.464394
0.0199394
-0.434973
0.0199394
-0.434973
0.0199394
0.0159853
0.0199394
0.0159853
0.0199394
0.0159853
0.0199394
0.0159853
0.0199394
0.0159853
0.0199394
0.0159853
0.0159853
0.0199394
0.0159853
0.0199394
0.0159853
0.0199394
0.0159853
0.0199394
0.0159853
0.0199394
-0.434973
0.0199394
-0.434973
0.0199394
-0.434973
0.0199394
-0.434973
0.0199394
-0.434973
0.0199394
-0.434973
0.0199394
-0.434973
0.0199394
-0.434973
0.0199394
-0.434973
0.0199394
-0.472473
-0.0220606
-0.472473
-0.472473
-0.472473
-0.307658
-0.472473
-0.472473
-0.389713
-0.0626583
-0.389713
-0.434973
-0.286525
-0.434973
-0.472473
-0.434973
-0.387213
-0.434973
-0.0244908
-0.346813
-0.472473
-0.307658
0.0199394
-0.336894
0.0199394
-0.434973
0.0199394
-0.434973
0.0199394
0.0128788
0.0199394
-0.464394
0.0199394
-0.225546
0.0199394
-0.464394
0.0199394
-0.434973
0.0199394
-0.434973
0.0199394
-0.0160665
0.0199394
0.0159853
0.0199394
0.0159853
0.0199394
0.0159853
0.0199394
0.0159853
0.0199394
0.0159853
0.0159853
0.0199394
0.0159853
0.0199394
0.0159853
0.0199394
0.0159853
0.0199394
0.0159853
0.0199394
-0.434973
0.0199394
-0.434973
0.0199394
-0.434973
0.0199394
-0.434973
0.0199394
-0.434973
0.0199394
-0.434973
0.0199394
-0.434973
0.0199394
-0.434973
0.0199394
-0.434973
0.0199394
-0.472473
-0.0220606
-0.472473
-0.472473
-0.472473
-0.307658
-0.472473
-0.472473
-0.389713
-0.0626583
-0.389713
-0.434973
-0.286525
-0.434973
-0.472473
-0.434973
-0.387213
-0.434973
-0.0244908
-0.346813
-0.472473
-0.307658
0.0199394
-0.336894
0.0199394
-0.434973
0.0199394
-0.434973
0.0199394
-0.434973
0.0199394
-0.464394
0.0199394
-0.225546
0.0199394
-0.464394
0.0199394
-0.434973
0.0199394
-0.434973
0.0199394
-0.0160665
0.0199394
0.0159853
0.0199394
0.0159853
0.0199394
0.0159853
0.0199394
0.0159853
0.0199394
0.0159853
0.0159853
0.0199394
0.0159853
0.0199394
0.0159853
0.0199394
0.0159853
0.0199394
0.0159853
0.0199394
-0.434973
0.0199394
-0.434973
0.0199394
-0.434973
0.0199394
-0.434973
0.0199394
-0.434973
0.0199394
-0.434973
0.0199394
-0.434973
0.0199394
-0.434973
0.0199394
-0.434973
0.0199394
-0.472473
-0.0220606
-0.472473
-0.472473
-0.472473
-0.307658
-0.472473
-0.472473
-0.389713
-0.0626583
-0.389713
-0.434973
-0.286525
-0.434973
-0.472473
-0.434973
-0.387213
-0.434973
-0.0244908
-0.346813
-0.472473
-0.307658
0.0199394
-0.336894
0.0199394
-0.434973
0.0199394
-0.434973
0.0199394
-0.434973
0.0199394
-0.464394
0.0199394
-0.225546
0.0199394
-0.464394
0.0199394
-0.434973
0.0199394
-0.434973
0.0199394
0
0.0199394
0.0159853
0.0199394
0.0159853
0.0199394
0.0159853
0.0199394
0.0159853
0.0199394
0.0159853
0.0199394
0.0159853
0.0199394
0.0159853
0.0199394
0.0159853
0.0199394
0.0159853
0.0199394
0.0159853
-0.0626583
0.0159853
-0.434973
0.0159853
-0.434973
0.0159853
-0.434973
0.0159853
-0.434973
0.0159853
-0.434973
0.0159853
-0.434973
0.0159853
-0.434973
0.0159853
-0.434973
0.0159853
-0.472473
-0.0220606
-0.340227
-0.282387
-0.411703
-0.346894
-0.410453
-0.420453
-0.0626583
-0.0115668
-0.410036
-0.377718
-0.0123588
-0.350227
-0.410453
-0.420453
-0.409203
-0.350328
-0.123686
-0.393897
-0.411703
-0.345328
0.0159853
-0.345455
0.0199394
-0.436034
0.0199394
-0.410264
0.0199394
-0.0537194
0.0199394
-0.436034
0.0199394
-0.436034
0.0199394
-0.412764
0.0199394
-0.463534
0.0199394
-0.436034
0.0199394
0.0159853
0.0199394
0.0159853
0.0199394
0.0159853
0.0199394
0.0159853
0.0199394
0.0159853
0.0199394
0.0159853
0.0159853
0.0199394
0.0159853
0.0199394
0.0159853
0.0199394
0.0159853
0.0199394
0.0159853
0.0199394
-0.434973
0.0199394
-0.434973
0.0199394
-0.434973
0.0199394
-0.434973
0.0199394
-0.434973
0.0199394
-0.434973
0.0199394
-0.434973
0.0199394
-0.434973
0.0199394
-0.434973
0.0199394
-0.472473
-0.0220606
-0.472473
-0.472473
-0.387213
-0.286135
-0.472473
-0.472473
-0.434973
-0.452828
-0.472473
-0.414313
-0.225546
-0.452828
-0.472473
-0.434973
-0.472473
-0.325328
-0.225992
-0.333269
-0.472473
-0.307658
0.0199394
-0.336894
0.0199394
-0.434973
0.0199394
-0.434973
0.0199394
-0.399598
0.0199394
-0.464394
0.0199394
-0.225546
0.0199394
-0.464394
0.0199394
-0.434973
0.0199394
-0.434973
0.0199394
-0.179054
0.0199394
0.0159853
0.0199394
0.0159853
0.0199394
0.0159853
0.0199394
0.0159853
0.0199394
0.0159853
0.0159853
0.0199394
0.0159853
0.0199394
0.0159853
0.0199394
0.0159853
0.0199394
0.0159853
0.0199394
-0.434973
0.0199394
-0.434973
0.0199394
-0.434973
0.0199394
-0.434973
0.0199394
-0.434973
0.0199394
-0.434973
0.0199394
-0.434973
0.0199394
-0.434973
0.0199394
-0.434973
0.0199394
-0.472473
-0.0220606
-0.119598
-0.0738929
-0.472473
-0.307658
-0.472473
-0.472473
-0.389713
-0.0626583
-0.389713
-0.434973
-0.472473
-0.472473
-0.472473
-0.434973
-0.472473
-0.259385
0.0128788
-0.346813
-0.472473
-0.307658
0.0199394
-0.336894
0.0199394
-0.434973
0.0199394
-0.434973
0.0199394
-0.434973
0.0199394
-0.464394
0.0199394
-0.225546
0.0199394
-0.464394
0.0199394
-0.434973
0.0199394
-0.434973
0.0199394
0.0159853
0.0199394
0.0159853
0.0199394
0.0159853
0.0199394
0.0159853
0.0199394
0.0159853
0.0199394
0.0159853
0.0159853
0.0199394
0.0159853
0.0199394
0.0159853
0.0199394
0.0159853
0.0199394
0.0159853
0.0199394
-0.434973
0.0199394
-0.434973
0.0199394
-0.434973
0.0199394
-0.434973
0.0199394
-0.434973
0.0199394
-0.434973
0.0199394
-0.434973
0.0199394
-0.434973
0.0199394
-0.434973
0.0199394
-0.472473
-0.0220606
-0.119598
-0.0738929
-0.472473
-0.307658
-0.472473
-0.472473
-0.389713
-0.0626583
-0.389713
-0.434973
-0.472473
-0.472473
-0.472473
-0.434973
-0.387213
-0.434973
0.0128788
-0.346813
-0.472473
-0.307658
0.0199394
-0.336894
0.0199394
-0.434973
0.0199394
-0.434973
0.0199394
0.0128788
0.0199394
-0.464394
0.0199394
-0.225546
0.0199394
-0.464394
0.0199394
-0.434973
0.0199394
-0.434973
0.0199394
-0.0160665
0.0199394
0.0159853
0.0199394
0.0159853
0.0199394
0.0159853
0.0199394
0.0159853
0.0199394
0.0159853
0.0159853
0.0199394
0.0159853
0.0199394
0.0159853
0.0199394
0.0159853
0.0199394
0.0159853
0.0199394
-0.434973
0.0199394
-0.434973
0.0199394
-0.434973
0.0199394
-0.434973
0.0199394
-0.434973
0.0199394
-0.434973
0.0199394
-0.434973
0.0199394
-0.434973
0.0199394
-0.434973
0.0199394
-0.472473
-0.0220606
-0.119598
-0.0738929
-0.472473
-0.307658
-0.472473
-0.472473
-0.389713
-0.0626583
-0.389713
-0.434973
-0.472473
-0.472473
-0.472473
-0.434973
-0.387213
-0.434973
0.0128788
-0.346813
-0.472473
-0.307658
0.0199394
-0.336894
0.0199394
-0.434973
0.0199394
-0.434973
0.0199394
-0.434973
0.0199394
-0.464394
0.0199394
-0.225546
0.0199394
-0.464394
0.0199394
-0.434973
0.0199394
-0.434973
0.0199394
-0.0160665
0.0199394
0.0159853
0.0199394
0.0159853
0.0199394
0.0159853
0.0199394
0.0159853
0.0199394
0.0159853
0.0159853
0.0199394
0.0159853
0.0199394
0.0159853
0.0199394
0.0159853
0.0199394
0.0159853
0.0199394
-0.434973
0.0199394
-0.434973
0.0199394
-0.434973
0.0199394
-0.434973
0.0199394
-0.434973
0.0199394
-0.434973
0.0199394
-0.434973
0.0199394
-0.434973
0.0199394
-0.434973
0.0199394
-0.472473
-0.0220606
-0.119598
-0.0738929
-0.472473
-0.307658
-0.472473
-0.472473
-0.389713
-0.0626583
-0.389713
-0.434973
-0.472473
-0.472473
-0.472473
-0.434973
-0.387213
-0.434973
0.0128788
-0.346813
-0.472473
-0.307658
0.0199394
-0.336894
0.0199394
-0.434973
0.0199394
-0.434973
0.0199394
-0.434973
0.0199394
-0.464394
0.0199394
-0.225546
0.0199394
-0.464394
0.0199394
-0.434973
0.0199394
-0.434973
0.0199394
0
0.0199394
0.0159853
0.0199394
0.0159853
0.0199394
0.0159853
0.0199394
0.0159853
0.0199394
0.0159853
0.0199394
0.0159853
0.0199394
0.0159853
0.0199394
0.0159853
0.0199394
0.0159853
0.0199394
0.0159853
-0.0626583
0.0159853
-0.434973
0.0159853
-0.434973
0.0159853
-0.434973
0.0159853
-0.434973
0.0159853
-0.434973
0.0159853
-0.434973
0.0159853
-0.434973
0.0159853
-0.434973
0.0159853
-0.472473
-0.0220606
-0.340227
-0.282387
-0.411703
-0.346894
-0.410453
-0.420453
-0.0626583
-0.0115668
-0.410036
-0.377718
-0.409203
-0.472473
-0.410453
-0.420453
-0.409203
-0.350328
-0.123686
-0.393897
-0.411703
-0.345328
0.0159853
-0.345455
0.0199394
-0.436034
0.0199394
-0.410264
0.0199394
-0.0537194
0.0199394
-0.436034
0.0199394
-0.436034
0.0199394
-0.412764
0.0199394
-0.463534
0.0199394
-0.436034
0.0199394
0.0159853
0.0199394
0.0159853
0.0199394
0.0159853
0.0199394
0.0159853
0.0199394
0.0159853
0.0199394
0.0159853
0.0159853
0.0199394
0.0159853
0.0199394
0.0159853
0.0199394
0.0159853
0.0199394
0.0159853
0.0199394
-0.434973
0.0199394
-0.434973
0.0199394
-0.434973
0.0199394
-0.434973
0.0199394
-0.434973
0.0199394
-0.434973
0.0199394
-0.434973
0.0199394
-0.434973
0.0199394
-0.434973
0.0199394
-0.472473
-0.0220606
-0.472473
-0.472473
-0.387213
-0.286135
-0.472473
-0.472473
-0.434973
-0.452828
-0.472473
-0.414313
-0.225546
-0.452828
-0.472473
-0.434973
-0.472473
-0.325328
-0.225992
-0.333269
-0.472473
-0.307658
0.0199394
-0.336894
0.0199394
-0.434973
0.0199394
-0.434973
0.0199394
-0.399598
0.0199394
-0.464394
0.0199394
-0.225546
0.0199394
-0.464394
0.0199394
-0.434973
0.0199394
-0.434973
0.0199394
-0.179054
0.0199394
0.0159853
0.0199394
0.0159853
0.0199394
0.0159853
0.0199394
0.0159853
0.0199394
0.0159853
0.0159853
0.0199394
0.0159853
0.0199394
0.0159853
0.0199394
0.0159853
0.0199394
0.0159853
0.0199394
-0.434973
0.0199394
-0.434973
0.0199394
-0.434973
0.0199394
-0.434973
0.0199394
-0.434973
0.0199394
-0.434973
0.0199394
-0.434973
0.0199394
-0.434973
0.0199394
-0.434973
0.0199394
-0.472473
-0.0220606
-0.472473
-0.472473
-0.472473
-0.307658
-0.472473
-0.472473
-0.389713
-0.0626583
-0.389713
-0.434973
-0.472473
-0.472473
-0.472473
-0.434973
-0.472473
-0.259385
-0.472473
-0.259385
-0.472473
-0.307658
0.0199394
-0.336894
0.0199394
-0.434973
0.0199394
-0.434973
0.0199394
-0.434973
0.0199394
-0.464394
0.0199394
-0.225546
0.0199394
-0.464394
0.0199394
-0.434973
0.0199394
-0.434973
0.0199394
0.0159853
0.0199394
0.0159853
0.0199394
0.0159853
0.0199394
0.0159853
0.0199394
0.0159853
0.0199394
0.0159853
0.0159853
0.0199394
0.0159853
0.0199394
0.0159853
0.0199394
0.0159853
0.0199394
0.0159853
0.0199394
-0.434973
0.0199394
-0.434973
0.0199394
-0.434973
0.0199394
-0.434973
0.0199394
-0.434973
0.0199394
-0.434973
0.0199394
-0.434973
0.0199394
-0.434973
0.0199394
-0.434973
0.0199394
-0.472473
-0.0220606
-0.472473
-0.472473
-0.472473
-0.307658
-0.472473
-0.472473
-0.389713
-0.0626583
-0.389713
-0.434973
-0.472473
-0.472473
-0.472473
-0.434973
-0.387213
-0.434973
-0.389713
-0.434973
-0.472473
-0.307658
0.0199394
-0.336894
0.0199394
-0.434973
0.0199394
-0.434973
0.0199394
0.0128788
0.0199394
-0.464394
0.0199394
-0.225546
0.0199394
-0.464394
0.0199394
-0.434973
0.0199394
-0.434973
0.0199394
-0.0160665
0.0199394
0.0159853
0.0199394
0.0159853
0.0199394
0.0159853
0.0199394
0.0159853
0.0199394
0.0159853
0.0159853
0.0199394
0.0159853
0.0199394
0.0159853
0.0199394
0.0159853
0.0199394
0.0159853
0.0199394
-0.434973
0.0199394
-0.434973
0.0199394
-0.434973
0.0199394
-0.434973
0.0199394
-0.434973
0.0199394
-0.434973
0.0199394
-0.434973
0.0199394
-0.434973
0.0199394
-0.434973
0.0199394
-0.472473
-0.0220606
-0.472473
-0.472473
-0.472473
-0.307658
-0.472473
-0.472473
-0.389713
-0.0626583
-0.389713
-0.434973
-0.472473
-0.472473
-0.472473
-0.434973
-0.387213
-0.434973
-0.389713
-0.434973
-0.472473
-0.307658
0.0199394
-0.336894
0.0199394
-0.434973
0.0199394
-0.434973
0.0199394
-0.434973
0.0199394
-0.464394
0.0199394
-0.225546
0.0199394
-0.464394
0.0199394
-0.434973
0.0199394
-0.434973
0.0199394
-0.0160665
0.0199394
0.0159853
0.0199394
0.0159853
0.0199394
0.0159853
0.0199394
0.0159853
0.0199394
0.0159853
0.0159853
0.0199394
0.0159853
0.0199394
0.0159853
0.0199394
0.0159853
0.0199394
0.0159853
0.0199394
-0.434973
0.0199394
-0.434973
0.0199394
-0.434973
0.0199394
-0.434973
0.0199394
-0.434973
0.0199394
-0.434973
0.0199394
-0.434973
0.0199394
-0.434973
0.0199394
-0.434973
0.0199394
-0.472473
-0.0220606
-0.472473
-0.472473
-0.472473
-0.307658
-0.472473
-0.472473
-0.389713
-0.0626583
-0.389713
-0.434973
-0.472473
-0.472473
-0.472473
-0.434973
-0.387213
-0.434973
-0.389713
-0.434973
-0.472473
-0.307658
0.0199394
-0.336894
0.0199394
-0.434973
0.0199394
-0.434973
0.0199394
-0.434973
0.0199394
-0.464394
0.0199394
-0.225546
0.0199394
-0.464394
0.0199394
-0.434973
0.0199394
-0.434973
0.0199394
0
0.0199394
0.0159853
0.0199394
0.0159853
0.0199394
0.0159853
0.0199394
0.0159853
0.0199394
0.0159853
0.0199394
0.0159853
0.0199394
0.0159853
0.0199394
0.0159853
0.0199394
0.0159853
0.0199394
0.0159853
-0.0626583
0.0159853
-0.434973
0.0159853
-0.434973
0.0159853
-0.434973
0.0159853
-0.434973
0.0159853
-0.434973
0.0159853
-0.434973
0.0159853
-0.434973
0.0159853
-0.434973
0.0159853
-0.472473
-0.0220606
-0.340227
-0.282387
-0.411703
-0.346894
-0.410453
-0.420453
-0.0626583
-0.0115668
-0.410036
-0.377718
-0.409203
-0.472473
-0.410453
-0.420453
-0.409203
-0.350328
-0.123686
-0.393897
-0.411703
-0.345328
0.0159853
-0.345455
0.0199394
-0.436034
0.0199394
-0.410264
0.0199394
-0.0537194
0.0199394
-0.436034
0.0199394
-0.436034
0.0199394
-0.412764
0.0199394
-0.463534
0.0199394
-0.436034
0.0199394
0.0159853
0.0199394
0.0159853
0.0199394
0.0159853
0.0199394
0.0159853
0.0199394
0.0159853
0.0199394
0.0159853
0.0159853
0.0199394
0.0159853
0.0199394
0.0159853
0.0199394
0.0159853
0.0199394
0.0159853
0.0199394
-0.434973
0.0199394
-0.434973
0.0199394
-0.434973
0.0199394
-0.434973
0.0199394
-0.434973
0.0199394
-0.434973
0.0199394
-0.434973
0.0199394
-0.434973
0.0199394
-0.434973
0.0199394
-0.472473
-0.0220606
-0.472473
-0.472473
-0.387213
-0.286135
-0.472473
-0.472473
-0.434973
-0.452828
-0.472473
-0.414313
-0.225546
-0.452828
-0.472473
-0.434973
-0.472473
-0.325328
-0.225992
-0.333269
-0.472473
-0.307658
0.0199394
-0.336894
0.0199394
-0.434973
0.0199394
-0.434973
0.0199394
-0.399598
0.0199394
-0.464394
0.0199394
-0.225546
0.0199394
-0.464394
0.0199394
-0.434973
0.0199394
-0.434973
0.0199394
-0.179054
0.0199394
0.0159853
0.0199394
0.0159853
0.0199394
0.0159853
0.0199394
0.0159853
0.0199394
0.0159853
0.0159853
0.0199394
0.0159853
0.0199394
0.0159853
0.0199394
0.0159853
0.0199394
0.0159853
0.0199394
-0.434973
0.0199394
-0.434973
0.0199394
-0.434973
0.0199394
-0.434973
0.0199394
-0.434973
0.0199394
-0.434973
0.0199394
-0.434973
0.0199394
-0.434973
0.0199394
-0.434973
0.0199394
-0.472473
-0.0220606
-0.472473
-0.472473
-0.472473
-0.307658
-0.472473
-0.472473
-0.389713
-0.0626583
-0.389713
-0.434973
-0.472473
-0.472473
-0.472473
-0.434973
-0.472473
-0.259385
-0.472473
-0.259385
-0.472473
-0.307658
0.0199394
-0.336894
0.0199394
-0.434973
0.0199394
-0.434973
0.0199394
-0.434973
0.0199394
-0.464394
0.0199394
-0.225546
0.0199394
-0.464394
0.0199394
-0.434973
0.0199394
-0.434973
0.0199394
0.0159853
0.0199394
0.0159853
0.0199394
0.0159853
0.0199394
0.0159853
0.0199394
0.0159853
0.0199394
0.0159853
0.0159853
0.0199394
0.0159853
0.0199394
0.0159853
0.0199394
0.0159853
0.0199394
0.0159853
0.0199394
-0.434973
0.0199394
-0.434973
0.0199394
-0.434973
0.0199394
-0.434973
0.0199394
-0.434973
0.0199394
-0.434973
0.0199394
-0.434973
0.0199394
-0.434973
0.0199394
-0.434973
0.0199394
-0.472473
-0.0220606
-0.472473
-0.472473
-0.472473
-0.307658
-0.472473
-0.472473
-0.389713
-0.0626583
-0.389713
-0.434973
-0.472473
-0.472473
-0.472473
-0.434973
-0.387213
-0.434973
-0.389713
-0.434973
-0.472473
-0.307658
0.0199394
-0.336894
0.0199394
-0.434973
0.0199394
-0.434973
0.0199394
0.0128788
0.0199394
-0.464394
0.0199394
-0.225546
0.0199394
-0.464394
0.0199394
-0.434973
0.0199394
-0.434973
0.0199394
-0.0160665
0.0199394
0.0159853
0.0199394
0.0159853
0.0199394
0.0159853
0.0199394
0.0159853
0.0199394
0.0159853
0.0159853
0.0199394
0.0159853
0.0199394
0.0159853
0.0199394
0.0159853
0.0199394
0.0159853
0.0199394
-0.434973
0.0199394
-0.434973
0.0199394
-0.434973
0.0199394
-0.434973
0.0199394
-0.434973
0.0199394
-0.434973
0.0199394
-0.434973
0.0199394
-0.434973
0.0199394
-0.434973
0.0199394
-0.472473
-0.0220606
-0.472473
-0.472473
-0.472473
-0.307658
-0.472473
-0.472473
-0.389713
-0.0626583
-0.389713
-0.434973
-0.472473
-0.472473
-0.472473
-0.434973
-0.387213
-0.434973
-0.389713
-0.434973
-0.472473
-0.307658
0.0199394
-0.336894
0.0199394
-0.434973
0.0199394
-0.434973
0.0199394
-0.434973
0.0199394
-0.464394
0.0199394
-0.225546
0.0199394
-0.464394
0.0199394
-0.434973
0.0199394
-0.434973
0.0199394
-0.0160665
0.0199394
0.0159853
0.0199394
0.0159853
0.0199394
0.0159853
0.0199394
0.0159853
0.0199394
0.0159853
0.0159853
0.0199394
0.0159853
0.0199394
0.0159853
0.0199394
0.0159853
0.0199394
0.0159853
0.0199394
-0.434973
0.0199394
-0.434973
0.0199394
-0.434973
0.0199394
-0.434973
0.0199394
-0.434973
0.0199394
-0.434973
0.0199394
-0.434973
0.0199394
-0.434973
0.0199394
-0.434973
0.0199394
-0.472473
-0.0220606
-0.472473
-0.472473
-0.472473
-0.307658
-0.472473
-0.472473
-0.389713
-0.0626583
-0.389713
-0.434973
-0.472473
-0.472473
-0.472473
-0.434973
-0.387213
-0.434973
-0.389713
-0.434973
-0.472473
-0.307658
0.0199394
-0.336894
0.0199394
-0.434973
0.0199394
-0.434973
0.0199394
-0.434973
0.0199394
-0.464394
0.0199394
-0.225546
0.0199394
-0.464394
0.0199394
-0.434973
0.0199394
-0.434973
