0.633264
0.184778
0.633264
0.184778
0.633264
0.184778
0.633264
0.184778
0.547256
0.287278
0.3343
0.5078
0.184778
0.633264
0.184778
0.633264
0.184778
0.633264
0.184778
0.633264
0.184778
0.633264
0.0897784
0.712978
0.0897784
0.712978
0.0897784
0.712978
0.0897784
0.712978
0.00727845
0.775474
0.00727845
0.775474
0.00727845
0.775474
-0.00522155
0.65039
-0.00522155
0.0185284
-0.00522155
0.0322784
-0.00522155
0.0185284
-0.000221555
-0.000221555
-0.00522155
0.0322784
-0.000221555
-0.000221555
-0.000221555
-0.000221555
-0.00522155
0.00727845
0.299778
-0.00522155
0.775474
0.00727845
0.775474
0.00727845
0.775474
0.00727845
0.712978
0.0897784
0.712978
0.0897784
0.712978
0.0897784
0.712978
0.0897784
0.633264
0.184778
0.782557
-0.00498937
0.782557
-0.00498937
0.782557
-0.00498937
0.782557
-0.00498937
0.751437
0.0439451
0.3343
0.5203
0.0329896
0.77313
-0.00498937
0.795057
-0.00498937
0.795057
-0.00498937
0.795057
-0.00522155
0.795057
-0.00522155
0.795057
-0.00522155
0.795057
-0.00522155
0.795057
0.00727845
0.787974
0.00727845
0.787974
0.00727845
0.787974
0.00727845
0.787974
-0.00522155
0.65039
-0.00522155
0.214778
-0.00522155
0.214778
0.0410284
0.199778
-0.00522155
0.204778
-0.00522155
0.323528
-0.00522155
0.204778
-0.00522155
0.204778
-0.00522155
0.204778
0.292278
0.307278
0.782557
-0.00522155
0.782557
-0.00522155
0.782557
-0.00522155
0.782557
-0.00522155
0.782557
-0.00522155
0.782557
-0.00522155
0.782557
-0.00522155
0.782557
-0.00522155
0.725565
0.0747784
0.725565
0.0747784
0.725565
0.0747784
0.725565
0.0747784
0.671023
0.139778
0.3343
0.5203
0.0329896
0.77313
-0.00498937
0.795057
-0.00498937
0.795057
-0.00498937
0.795057
0.184778
0.645764
0.0897784
0.725478
0.0897784
0.725478
0.00727845
0.787974
0.00727845
0.787974
0.00727845
0.787974
0.00727845
0.787974
0.00727845
0.787974
-0.00522155
0.65039
-0.00522155
0.163528
-0.00522155
0.104778
-0.00522155
0.104778
-0.00522155
0.163528
0.00727845
0.0947784
-0.00522155
0.104778
-0.00522155
0.104778
-0.00522155
0.104778
0.192278
0.151028
0.782557
-0.00522155
0.782557
-0.00522155
0.782557
-0.00522155
0.782557
-0.00522155
0.782557
-0.00522155
0.782557
-0.00522155
0.725565
0.0747784
0.725565
0.0747784
0.697595
0.108112
0.697595
0.108112
0.697595
0.108112
0.697595
0.108112
0.634662
0.183112
0.3343
0.5203
0.0329896
0.77313
0.184778
0.645764
0.184778
0.645764
0.184778
0.645764
0.184778
0.645764
0.0897784
0.725478
0.0897784
0.725478
0.0897784
0.725478
0.00727845
0.787974
0.00727845
0.787974
0.00727845
0.787974
0.00727845
0.787974
-0.00522155
0.65039
-0.00522155
0.141445
-0.00522155
0.111445
-0.000221555
0.0664451
-0.000221555
0.0664451
0.00102845
0.105195
-0.000221555
0.0664451
-0.000221555
0.0664451
-0.000221555
0.0664451
-0.00522155
0.130195
0.782557
-0.00522155
0.782557
-0.00522155
0.782557
-0.00522155
0.782557
-0.00522155
0.782557
-0.00522155
0.782557
-0.00522155
0.782557
-0.00522155
0.782557
-0.00522155
0.68361
0.124778
0.68361
0.124778
0.68361
0.124778
0.68361
0.124778
0.612811
0.209153
0.3343
0.5203
0.184778
0.645764
0.184778
0.645764
0.184778
0.645764
0.184778
0.645764
0.184778
0.645764
0.0897784
0.725478
0.0897784
0.725478
0.0897784
0.725478
0.00727845
0.787974
0.00727845
0.787974
0.00727845
0.787974
0.00727845
0.787974
-0.00522155
0.65039
-0.00522155
0.0891534
-0.000221555
0.0597784
-0.000221555
0.0497784
-0.000221555
0.0497784
0.00102845
0.0829034
-0.00522155
0.0854034
-0.00522155
0.0854034
0.0322784
0.0447784
0.0997784
0.0729034
0.772948
0.0116534
0.772948
0.0116534
0.772948
0.0116534
0.772948
0.0116534
0.772948
0.0116534
0.772948
0.0116534
0.772948
0.0116534
0.772948
0.0116534
0.675219
0.134778
0.675219
0.134778
0.675219
0.134778
0.675219
0.134778
0.5997
0.224778
0.3343
0.5203
0.184778
0.645764
0.184778
0.645764
0.184778
0.645764
0.184778
0.645764
0.184778
0.645764
0.0897784
0.725478
0.0897784
0.725478
0.0897784
0.725478
0.00727845
0.787974
0.00727845
0.787974
0.00727845
0.787974
0.00727845
0.787974
-0.00522155
0.65039
-0.000221555
0.0397784
0.0122784
0.0635284
-0.000221555
0.0397784
-0.000221555
0.0397784
0.00727845
0.0347784
-0.00522155
0.0697784
-0.00522155
0.0697784
0.0322784
0.0447784
-0.00522155
0.0697784
0.782557
-0.00522155
0.763927
0.0272784
0.763927
0.0272784
0.763927
0.0272784
0.763927
0.0272784
0.763927
0.0272784
0.763927
0.0272784
0.763927
0.0272784
0.795057
-0.00498937
0.795057
-0.00498937
0.795057
-0.00498937
0.795057
-0.00498937
0.77313
0.0329896
0.3343
0.5078
0.0329896
0.76063
-0.00498937
0.782557
-0.00498937
0.782557
-0.00498937
0.782557
-0.00522155
0.782557
-0.00522155
0.782557
-0.00522155
0.782557
-0.00522155
0.782557
-0.00522155
0.782557
-0.00522155
0.782557
-0.00522155
0.782557
-0.00522155
0.782557
0.307278
0.414974
0.204778
0.00602845
0.204778
0.0197784
0.204778
0.0197784
0.204778
-0.00522155
0.204778
-0.00522155
0.204778
-0.00522155
0.194778
0.0485284
0.204778
-0.00522155
0.277278
-0.00522155
0.787974
0.00727845
0.787974
0.00727845
0.787974
0.00727845
0.787974
0.00727845
0.795057
-0.00522155
0.795057
-0.00522155
0.795057
-0.00522155
0.795057
-0.00522155
0.795057
-0.00498937
0.763937
0.0439451
0.763937
0.0439451
0.763937
0.0439451
0.763937
0.0439451
0.3343
0.5203
0.0439451
0.763937
0.0439451
0.763937
0.0439451
0.763937
-0.00498937
0.795057
-0.00522155
0.795057
-0.00522155
0.795057
-0.00522155
0.795057
-0.00522155
0.795057
-0.00522155
0.795057
-0.00522155
0.795057
-0.00522155
0.795057
-0.00522155
0.795057
0.307278
0.414974
0.317278
0.136028
0.319778
0.311028
0.171028
0.191028
0.311028
0.329778
0.323528
0.198528
0.107278
0.319778
0.114778
0.311028
0.107278
0.319778
0.0989451
0.307278
0.795057
-0.00522155
0.795057
-0.00522155
0.795057
-0.00522155
0.795057
-0.00522155
0.795057
-0.00522155
0.795057
-0.00522155
0.795057
-0.00522155
0.795057
-0.00522155
0.795057
-0.00498937
0.795057
-0.00498937
0.795057
-0.00498937
0.795057
-0.00498937
0.77313
0.0329896
0.3343
0.5203
0.0439451
0.763937
-0.00498937
0.795057
-0.00498937
0.795057
-0.00498937
0.795057
-0.00522155
0.795057
-0.00522155
0.795057
-0.00522155
0.795057
-0.00522155
0.795057
-0.00522155
0.795057
-0.00522155
0.795057
-0.00522155
0.795057
-0.00522155
0.795057
0.307278
0.414974
0.317278
0.161028
0.307278
0.163528
0.107278
0.182278
0.311028
0.173528
0.323528
0.154778
0.343528
0.187278
0.117278
0.154778
0.194778
0.167278
0.114778
0.151028
0.795057
-0.00522155
0.795057
-0.00522155
0.795057
-0.00522155
0.795057
-0.00522155
0.775705
0.0285284
0.775705
0.0285284
0.795057
-0.00522155
0.795057
-0.00522155
0.795057
-0.00498937
0.795057
-0.00498937
0.795057
-0.00498937
0.795057
-0.00498937
0.77313
0.0329896
0.3343
0.5203
0.0329896
0.77313
-0.00498937
0.795057
-0.00498937
0.795057
-0.00498937
0.795057
-0.00522155
0.795057
-0.00522155
0.795057
-0.00522155
0.795057
-0.00522155
0.795057
-0.00522155
0.795057
-0.00522155
0.795057
-0.00522155
0.795057
-0.00522155
0.795057
0.307278
0.414974
0.317278
0.108945
0.307278
0.115195
0.194778
0.130195
0.313528
0.123945
0.313528
0.135195
0.194778
0.130195
0.198528
0.141445
0.307278
0.111445
0.194778
0.130195
0.795057
-0.00522155
0.795057
-0.00522155
0.795057
-0.00522155
0.795057
-0.00522155
0.795057
-0.00522155
0.795057
-0.00522155
0.795057
-0.00522155
0.795057
-0.00522155
0.795057
-0.00498937
0.795057
-0.00498937
0.795057
-0.00498937
0.795057
-0.00498937
0.77313
0.0329896
0.3343
0.5203
0.0329896
0.77313
-0.00498937
0.795057
-0.00498937
0.795057
-0.00498937
0.795057
-0.00522155
0.795057
-0.00522155
0.795057
-0.00522155
0.795057
-0.00522155
0.795057
-0.00522155
0.795057
-0.00522155
0.795057
-0.00522155
0.795057
-0.00522155
0.795057
0.307278
0.414974
0.317278
0.0829034
0.323528
0.0485284
0.203528
0.0497784
0.313528
0.109153
0.323528
0.0747784
0.194778
0.0854034
0.204778
0.0485284
0.199778
0.0797784
0.204778
0.0729034
0.795057
-0.00522155
0.785448
0.0116534
0.785448
0.0116534
0.785448
0.0116534
0.795057
-0.00522155
0.795057
-0.00522155
0.795057
-0.00522155
0.795057
-0.00522155
0.795057
-0.00498937
0.795057
-0.00498937
0.795057
-0.00498937
0.795057
-0.00498937
0.77313
0.0329896
0.3343
0.5203
0.0329896
0.77313
-0.00498937
0.795057
-0.00498937
0.795057
-0.00498937
0.795057
-0.00522155
0.795057
-0.00522155
0.795057
-0.00522155
0.795057
-0.00522155
0.795057
-0.00522155
0.795057
-0.00522155
0.795057
-0.00522155
0.795057
-0.00522155
0.795057
0.307278
0.414974
0.313528
0.0935284
0.319778
0.0672784
0.203528
0.0435284
0.313528
0.0822784
0.313528
0.0672784
0.194778
0.0697784
0.198528
0.0997784
0.319778
0.0472784
0.194778
0.0697784
0.795057
-0.00522155
0.795057
-0.00522155
0.776427
0.0272784
0.795057
-0.00522155
0.795057
-0.00522155
0.795057
-0.00522155
0.795057
-0.00522155
0.795057
-0.00522155
0.795057
-0.00498937
0.795057
-0.00498937
0.795057
-0.00498937
0.795057
-0.00498937
0.77313
0.0329896
0.3343
0.5078
0.0747784
0.725565
0.0747784
0.725565
0.0747784
0.725565
0.0747784
0.725565
0.0747784
0.725565
0.0747784
0.725565
-0.00522155
0.782557
-0.00522155
0.782557
-0.00522155
0.782557
-0.00522155
0.782557
-0.00522155
0.782557
-0.00522155
0.782557
0.151028
0.546083
0.104778
0.00602845
0.104778
0.0197784
0.104778
-0.00522155
0.104778
-0.00522155
0.104778
-0.00522155
0.104778
-0.00522155
0.0947784
0.0485284
0.104778
-0.00522155
0.249778
-0.00522155
0.787974
0.00727845
0.787974
0.00727845
0.787974
0.00727845
0.787974
0.00727845
0.787974
0.00727845
0.725478
0.0897784
0.725478
0.0897784
0.645764
0.184778
0.795057
-0.00498937
0.795057
-0.00498937
0.795057
-0.00498937
0.763937
0.0439451
0.763937
0.0439451
0.3343
0.5203
0.0329896
0.77313
-0.00498937
0.795057
-0.00498937
0.795057
-0.00498937
0.795057
-0.00522155
0.795057
-0.00522155
0.795057
0.0285284
0.775705
0.0285284
0.775705
-0.00522155
0.795057
-0.00522155
0.795057
-0.00522155
0.795057
-0.00522155
0.795057
0.151028
0.546083
0.163528
0.198528
0.163528
0.137278
0.182278
0.194778
0.157278
0.313528
0.0947784
0.323528
0.0947784
0.319778
0.157278
0.323528
0.0985284
0.319778
0.169778
0.307278
0.795057
-0.00522155
0.795057
-0.00522155
0.795057
-0.00522155
0.795057
-0.00522155
0.795057
-0.00522155
0.795057
-0.00522155
0.795057
-0.00522155
0.795057
-0.00522155
0.738065
0.0747784
0.738065
0.0747784
0.738065
0.0747784
0.738065
0.0747784
0.690865
0.131028
0.3343
0.5203
0.0747784
0.738065
0.0747784
0.738065
0.0747784
0.738065
0.0747784
0.738065
0.0747784
0.738065
0.0747784
0.738065
0.0285284
0.775705
-0.00522155
0.795057
-0.00522155
0.795057
-0.00522155
0.795057
-0.00522155
0.795057
-0.00522155
0.795057
0.151028
0.546083
0.151028
0.193528
0.193528
0.154778
0.151028
0.182278
0.157278
0.157278
0.163528
0.154778
0.157278
0.187278
0.161028
0.187278
0.0947784
0.167278
0.138528
0.151028
0.795057
-0.00522155
0.795057
-0.00522155
0.795057
-0.00522155
0.795057
-0.00522155
0.795057
-0.00522155
0.775705
0.0285284
0.738065
0.0747784
0.738065
0.0747784
0.710095
0.108112
0.710095
0.108112
0.710095
0.108112
0.710095
0.108112
0.77313
0.0329896
0.3343
0.5203
0.0747784
0.738065
0.0747784
0.738065
0.0747784
0.738065
0.0747784
0.738065
0.0747784
0.738065
0.0747784
0.738065
-0.00522155
0.795057
-0.00522155
0.795057
-0.00522155
0.795057
-0.00522155
0.795057
-0.00522155
0.795057
-0.00522155
0.795057
0.151028
0.546083
0.163528
0.0360284
0.157278
0.135195
0.161028
0.130195
0.154778
0.141445
0.0947784
0.130195
0.0947784
0.130195
0.157278
0.135195
0.151028
0.141445
0.0947784
0.130195
0.795057
-0.00522155
0.795057
-0.00522155
0.795057
-0.00522155
0.795057
-0.00522155
0.795057
-0.00522155
0.795057
-0.00522155
0.795057
-0.00522155
0.795057
-0.00522155
0.69611
0.124778
0.69611
0.124778
0.69611
0.124778
0.795057
-0.00498937
0.77313
0.0329896
0.3343
0.5203
0.0747784
0.738065
0.0747784
0.738065
0.0747784
0.738065
0.0747784
0.738065
0.0747784
0.738065
0.0747784
0.738065
-0.00522155
0.795057
-0.00522155
0.795057
-0.00522155
0.795057
-0.00522155
0.795057
-0.00522155
0.795057
-0.00522155
0.795057
0.151028
0.546083
0.163528
0.0529034
0.163528
0.0829034
0.173528
0.0447784
0.157278
0.0791534
0.163528
0.0729034
0.182278
0.0766534
0.0947784
0.0854034
0.103528
0.0797784
0.104778
0.0729034
0.785448
0.0116534
0.785448
0.0116534
0.785448
0.0116534
0.785448
0.0116534
0.785448
0.0116534
0.785448
0.0116534
0.785448
0.0116534
0.785448
0.0116534
0.687719
0.134778
0.687719
0.134778
0.795057
-0.00498937
0.795057
-0.00498937
0.77313
0.0329896
0.3343
0.5203
0.0747784
0.738065
0.0747784
0.738065
0.0747784
0.738065
0.0747784
0.738065
0.0747784
0.738065
0.0747784
0.738065
-0.00522155
0.795057
-0.00522155
0.795057
-0.00522155
0.795057
-0.00522155
0.795057
-0.00522155
0.795057
-0.00522155
0.795057
0.151028
0.546083
0.163528
0.0535284
0.157278
0.0735284
0.173528
0.0347784
0.157278
0.0935284
0.157278
0.0822784
0.157278
0.0672784
0.157278
0.0672784
0.124778
0.0797784
0.0947784
0.0697784
0.795057
-0.00522155
0.776427
0.0272784
0.776427
0.0272784
0.776427
0.0272784
0.776427
0.0272784
0.776427
0.0272784
0.776427
0.0272784
0.776427
0.0272784
0.645764
0.184778
0.645764
0.184778
0.645764
0.184778
0.795057
-0.00498937
0.77313
0.0329896
0.3343
0.5078
0.108112
0.697595
0.108112
0.697595
0.108112
0.697595
0.108112
0.697595
-0.00522155
0.782557
-0.00522155
0.782557
-0.00522155
0.782557
-0.00522155
0.782557
-0.00522155
0.782557
-0.00522155
0.782557
-0.00522155
0.782557
-0.00522155
0.782557
0.130195
0.601119
0.0714451
-0.00522155
0.0614451
0.0322784
0.0714451
-0.00522155
0.0664451
-0.000221555
0.0664451
-0.000221555
0.0664451
-0.000221555
0.0614451
0.0485284
0.0614451
0.00727845
0.262278
-0.00522155
0.787974
0.00727845
0.787974
0.00727845
0.787974
0.00727845
0.787974
0.00727845
0.725478
0.0897784
0.725478
0.0897784
0.725478
0.0897784
0.645764
0.184778
0.795057
-0.00522155
0.795057
-0.00498937
0.795057
-0.00498937
0.795057
-0.00498937
0.763937
0.0439451
0.3343
0.5203
0.0329896
0.77313
-0.00498937
0.795057
-0.00498937
0.795057
-0.00498937
0.795057
-0.00522155
0.795057
-0.00522155
0.795057
-0.00522155
0.795057
-0.00522155
0.795057
-0.00522155
0.795057
-0.00522155
0.795057
-0.00522155
0.795057
-0.00522155
0.795057
0.130195
0.601119
0.135195
0.317278
0.108945
0.313528
0.115195
0.326028
0.111445
0.311028
0.135195
0.323528
0.111445
0.317278
0.115195
0.307278
0.0651951
0.319778
0.204778
0.307278
0.795057
-0.00522155
0.795057
-0.00522155
0.795057
-0.00522155
0.795057
-0.00522155
0.795057
-0.00522155
0.795057
-0.00522155
0.795057
-0.00522155
0.795057
-0.00522155
0.738065
0.0747784
0.738065
0.0747784
0.738065
0.0747784
0.738065
0.0747784
0.683523
0.139778
0.3343
0.5203
0.108112
0.710095
0.108112
0.710095
0.108112
0.710095
0.108112
0.710095
-0.00522155
0.795057
-0.00522155
0.795057
-0.00522155
0.795057
-0.00522155
0.795057
-0.00522155
0.795057
-0.00522155
0.795057
-0.00522155
0.795057
-0.00522155
0.795057
0.130195
0.601119
0.135195
0.187278
0.141445
0.151028
0.108945
0.187278
0.111445
0.151028
0.0714451
0.154778
0.105195
0.187278
0.0801951
0.173528
0.0322784
0.167278
0.153112
0.151028
0.795057
-0.00522155
0.795057
-0.00522155
0.795057
-0.00522155
0.795057
-0.00522155
0.795057
-0.00522155
0.795057
-0.00522155
0.738065
0.0747784
0.738065
0.0747784
0.710095
0.108112
0.710095
0.108112
0.710095
0.108112
0.710095
0.108112
0.647162
0.183112
0.3343
0.5203
0.108112
0.710095
0.108112
0.710095
0.108112
0.710095
0.108112
0.710095
-0.00522155
0.795057
-0.00522155
0.795057
-0.00522155
0.795057
-0.00522155
0.795057
-0.00522155
0.795057
-0.00522155
0.795057
-0.00522155
0.795057
-0.00522155
0.795057
0.130195
0.601119
0.135195
0.123945
0.135195
0.115195
0.123945
0.108945
0.141445
0.108945
0.123945
0.135195
0.108945
0.115195
0.115195
0.108945
0.117695
0.141445
0.0614451
0.130195
0.795057
-0.00522155
0.795057
-0.00522155
0.795057
-0.00522155
0.795057
-0.00522155
0.795057
-0.00522155
0.795057
-0.00522155
0.795057
-0.00522155
0.795057
-0.00522155
0.69611
0.124778
0.69611
0.124778
0.69611
0.124778
0.69611
0.124778
0.625311
0.209153
0.3343
0.5203
0.108112
0.710095
0.108112
0.710095
0.108112
0.710095
0.108112
0.710095
-0.00522155
0.795057
-0.00522155
0.795057
-0.00522155
0.795057
-0.00522155
0.795057
-0.00522155
0.795057
-0.00522155
0.795057
-0.00522155
0.795057
-0.00522155
0.795057
0.130195
0.601119
0.135195
0.0979034
0.141445
0.0747784
0.115195
0.0916534
0.141445
0.0729034
0.130195
0.0747784
0.111445
0.0766534
0.115195
0.0891534
0.0701951
0.0797784
0.0714451
0.0729034
0.785448
0.0116534
0.785448
0.0116534
0.785448
0.0116534
0.785448
0.0116534
0.785448
0.0116534
0.785448
0.0116534
0.785448
0.0116534
0.785448
0.0116534
0.687719
0.134778
0.687719
0.134778
0.687719
0.134778
0.687719
0.134778
0.77313
0.0329896
0.3343
0.5203
0.108112
0.710095
0.108112
0.710095
0.108112
0.710095
0.108112
0.710095
-0.00522155
0.795057
-0.00522155
0.795057
-0.00522155
0.795057
-0.00522155
0.795057
-0.00522155
0.795057
-0.00522155
0.795057
-0.00522155
0.795057
-0.00522155
0.795057
0.130195
0.601119
0.135195
0.0822784
0.108945
0.0822784
0.115195
0.0872784
0.135195
0.0935284
0.130195
0.0760284
0.111445
0.0672784
0.0814451
0.0672784
0.0914451
0.0797784
0.0614451
0.0697784
0.795057
-0.00522155
0.776427
0.0272784
0.776427
0.0272784
0.776427
0.0272784
0.776427
0.0272784
0.776427
0.0272784
0.776427
0.0272784
0.776427
0.0272784
0.645764
0.184778
0.645764
0.184778
0.645764
0.184778
0.645764
0.184778
0.77313
0.0329896
0.3343
0.5078
0.124778
0.68361
0.124778
0.68361
0.124778
0.68361
0.124778
0.68361
0.0116534
0.772948
0.0116534
0.772948
0.0116534
0.772948
0.0116534
0.772948
0.0116534
0.772948
0.0116534
0.772948
0.0116534
0.772948
0.0116534
0.772948
0.0729034
0.611638
0.0497784
0.0110284
0.0447784
0.0322784
0.0497784
0.0410284
0.0497784
-0.000221555
0.0497784
-0.000221555
0.0497784
-0.000221555
0.0447784
0.0485284
0.0447784
0.00727845
0.271653
-0.00522155
0.787974
0.00727845
0.787974
0.00727845
0.787974
0.00727845
0.787974
0.00727845
0.725478
0.0897784
0.725478
0.0897784
0.725478
0.0897784
0.645764
0.184778
0.795057
-0.00522155
0.795057
-0.00498937
0.795057
-0.00498937
0.795057
-0.00498937
0.763937
0.0439451
0.3343
0.5203
0.0329896
0.77313
-0.00498937
0.795057
-0.00498937
0.795057
-0.00498937
0.795057
-0.00522155
0.795057
-0.00522155
0.795057
-0.00522155
0.795057
-0.00522155
0.795057
0.0116534
0.785448
0.0116534
0.785448
0.0116534
0.785448
-0.00522155
0.795057
0.0729034
0.611638
0.0954034
0.198528
0.0829034
0.313528
0.0747784
0.214778
0.0447784
0.329778
0.0791534
0.323528
0.0747784
0.319778
0.0791534
0.317278
0.00727845
0.319778
0.226653
0.307278
0.795057
-0.00522155
0.795057
-0.00522155
0.795057
-0.00522155
0.795057
-0.00522155
0.795057
-0.00522155
0.795057
-0.00522155
0.795057
-0.00522155
0.795057
-0.00522155
0.738065
0.0747784
0.738065
0.0747784
0.738065
0.0747784
0.738065
0.0747784
0.683523
0.139778
0.3343
0.5203
0.0329896
0.77313
0.124778
0.69611
0.124778
0.69611
0.124778
0.69611
0.0116534
0.785448
0.0116534
0.785448
0.0116534
0.785448
0.0116534
0.785448
0.0116534
0.785448
0.0116534
0.785448
0.0116534
0.785448
0.0116534
0.785448
0.0729034
0.611638
0.0954034
0.0985284
0.0791534
0.161028
0.0747784
0.193528
0.0447784
0.173528
0.0791534
0.157278
0.0791534
0.167278
0.0329034
0.163528
0.0416534
0.167278
0.160403
0.151028
0.795057
-0.00522155
0.795057
-0.00522155
0.795057
-0.00522155
0.795057
-0.00522155
0.795057
-0.00522155
0.795057
-0.00522155
0.738065
0.0747784
0.738065
0.0747784
0.710095
0.108112
0.710095
0.108112
0.710095
0.108112
0.710095
0.108112
0.647162
0.183112
0.3343
0.5203
0.124778
0.69611
0.124778
0.69611
0.124778
0.69611
0.124778
0.69611
0.0116534
0.785448
0.0116534
0.785448
0.0116534
0.785448
0.0116534
0.785448
0.0116534
0.785448
0.0116534
0.785448
0.0116534
0.785448
0.0116534
0.785448
0.0729034
0.611638
0.0729034
0.0814451
0.0747784
0.115195
0.0766534
0.130195
0.0729034
0.141445
0.0791534
0.108945
0.0447784
0.115195
0.0766534
0.141445
0.0447784
0.111445
0.0447784
0.130195
0.795057
-0.00522155
0.795057
-0.00522155
0.795057
-0.00522155
0.795057
-0.00522155
0.795057
-0.00522155
0.795057
-0.00522155
0.795057
-0.00522155
0.795057
-0.00522155
0.69611
0.124778
0.69611
0.124778
0.69611
0.124778
0.69611
0.124778
0.625311
0.209153
0.3343
0.5203
0.124778
0.69611
0.124778
0.69611
0.124778
0.69611
0.124778
0.69611
0.0116534
0.785448
0.0116534
0.785448
0.0116534
0.785448
0.0116534
0.785448
0.0116534
0.785448
0.0116534
0.785448
0.0116534
0.785448
0.0116534
0.785448
0.0729034
0.611638
0.0797784
0.0797784
0.0485284
0.0954034
0.0791534
0.0891534
0.0829034
0.0791534
0.0854034
0.0747784
0.0447784
0.0891534
0.0747784
0.0891534
0.0447784
0.0854034
0.0716534
0.0729034
0.785448
0.0116534
0.785448
0.0116534
0.785448
0.0116534
0.785448
0.0116534
0.785448
0.0116534
0.785448
0.0116534
0.785448
0.0116534
0.785448
0.0116534
0.687719
0.134778
0.687719
0.134778
0.687719
0.134778
0.687719
0.134778
0.6122
0.224778
0.3343
0.5203
0.124778
0.69611
0.124778
0.69611
0.124778
0.69611
0.124778
0.69611
0.0116534
0.785448
0.0116534
0.785448
0.0116534
0.785448
0.0116534
0.785448
0.0116534
0.785448
0.0116534
0.785448
0.0116534
0.785448
0.0116534
0.785448
0.0729034
0.611638
0.0954034
0.0647784
0.0791534
0.0822784
0.0791534
0.0935284
0.0829034
0.0672784
0.0791534
0.0822784
0.0447784
0.0735284
0.0747784
0.0885284
0.0547784
0.0797784
0.0447784
0.0697784
0.795057
-0.00522155
0.776427
0.0272784
0.776427
0.0272784
0.776427
0.0272784
0.776427
0.0272784
0.776427
0.0272784
0.776427
0.0272784
0.776427
0.0272784
0.645764
0.184778
0.645764
0.184778
0.645764
0.184778
0.645764
0.184778
0.77313
0.0329896
0.3343
0.5078
0.134778
0.675219
0.134778
0.675219
0.134778
0.675219
0.134778
0.675219
0.0272784
0.763927
0.0272784
0.763927
0.0272784
0.763927
0.0272784
0.763927
0.0272784
0.763927
0.0272784
0.763927
0.0272784
0.763927
-0.00522155
0.782557
0.0697784
0.61426
0.0397784
0.0110284
0.0347784
0.0322784
0.0397784
0.0410284
0.0397784
-0.000221555
0.0397784
-0.000221555
0.0397784
-0.000221555
0.0347784
0.0485284
0.0347784
0.00727845
0.277278
-0.00522155
0.787974
0.00727845
0.787974
0.00727845
0.787974
0.00727845
0.787974
0.00727845
0.725478
0.0897784
0.725478
0.0897784
0.725478
0.0897784
0.645764
0.184778
0.795057
-0.00522155
0.795057
-0.00498937
0.795057
-0.00498937
0.795057
-0.00498937
0.763937
0.0439451
0.3343
0.5203
0.0329896
0.77313
-0.00498937
0.795057
-0.00498937
0.795057
-0.00498937
0.795057
-0.00522155
0.795057
-0.00522155
0.795057
-0.00522155
0.795057
-0.00522155
0.795057
-0.00522155
0.795057
0.0272784
0.776427
-0.00522155
0.795057
-0.00522155
0.795057
0.0697784
0.61426
0.0735284
0.343528
0.00477845
0.329778
0.00477845
0.329778
0.00477845
0.329778
0.0822784
0.323528
0.0672784
0.317278
0.0347784
0.323528
0.0347784
0.319778
0.239778
0.307278
0.795057
-0.00522155
0.795057
-0.00522155
0.795057
-0.00522155
0.795057
-0.00522155
0.795057
-0.00522155
0.795057
-0.00522155
0.795057
-0.00522155
0.795057
-0.00522155
0.738065
0.0747784
0.738065
0.0747784
0.738065
0.0747784
0.738065
0.0747784
0.683523
0.139778
0.3343
0.5203
0.0329896
0.77313
-0.00498937
0.795057
0.134778
0.687719
0.134778
0.687719
0.0272784
0.776427
0.0272784
0.776427
0.0272784
0.776427
0.0272784
0.776427
0.0272784
0.776427
0.0272784
0.776427
0.0272784
0.776427
-0.00522155
0.795057
0.0697784
0.61426
0.0735284
0.187278
0.0760284
0.167278
0.0672784
0.187278
0.0635284
0.157278
0.0572784
0.167278
0.0672784
0.187278
0.0210284
0.163528
0.0172784
0.167278
0.164778
0.151028
0.795057
-0.00522155
0.795057
-0.00522155
0.795057
-0.00522155
0.795057
-0.00522155
0.795057
-0.00522155
0.795057
-0.00522155
0.738065
0.0747784
0.738065
0.0747784
0.710095
0.108112
0.710095
0.108112
0.710095
0.108112
0.710095
0.108112
0.647162
0.183112
0.3343
0.5203
0.134778
0.687719
0.134778
0.687719
0.134778
0.687719
0.134778
0.687719
0.0272784
0.776427
0.0272784
0.776427
0.0272784
0.776427
0.0272784
0.776427
0.0272784
0.776427
0.0272784
0.776427
0.0272784
0.776427
-0.00522155
0.795057
0.0697784
0.61426
0.0760284
0.130195
0.0672784
0.115195
0.0672784
0.130195
0.0822784
0.135195
0.0572784
0.130195
0.0347784
0.115195
0.0397784
0.0964451
0.0397784
0.0964451
0.0347784
0.130195
0.795057
-0.00522155
0.795057
-0.00522155
0.795057
-0.00522155
0.795057
-0.00522155
0.795057
-0.00522155
0.795057
-0.00522155
0.795057
-0.00522155
0.795057
-0.00522155
0.69611
0.124778
0.69611
0.124778
0.69611
0.124778
0.69611
0.124778
0.625311
0.209153
0.3343
0.5203
0.134778
0.687719
0.134778
0.687719
0.134778
0.687719
0.134778
0.687719
0.0272784
0.776427
0.0272784
0.776427
0.0272784
0.776427
0.0272784
0.776427
0.0272784
0.776427
0.0272784
0.776427
0.0272784
0.776427
-0.00522155
0.795057
0.0697784
0.61426
0.0435284
0.0797784
0.0935284
0.0979034
0.0672784
0.0891534
0.0672784
0.0791534
0.0735284
0.0747784
0.0347784
0.0891534
0.0885284
0.0747784
0.0397784
0.0797784
0.0772784
0.0729034
0.785448
0.0116534
0.785448
0.0116534
0.785448
0.0116534
0.785448
0.0116534
0.785448
0.0116534
0.785448
0.0116534
0.785448
0.0116534
0.785448
0.0116534
0.687719
0.134778
0.687719
0.134778
0.687719
0.134778
0.687719
0.134778
0.6122
0.224778
0.3343
0.5203
0.134778
0.687719
0.134778
0.687719
0.134778
0.687719
0.134778
0.687719
0.0272784
0.776427
0.0272784
0.776427
0.0272784
0.776427
0.0272784
0.776427
0.0272784
0.776427
0.0272784
0.776427
0.0272784
0.776427
-0.00522155
0.795057
0.0697784
0.61426
0.0735284
0.0935284
0.0672784
0.0672784
0.0672784
0.0672784
0.0672784
0.0672784
0.0822784
0.0822784
0.0347784
0.0735284
0.0672784
0.0672784
0.0347784
0.0735284
0.0347784
0.0697784
0.795057
-0.00522155
0.776427
0.0272784
0.776427
0.0272784
0.776427
0.0272784
0.776427
0.0272784
0.776427
0.0272784
0.776427
0.0272784
0.776427
0.0272784
