0.633194
0.184858
0.633194
0.184858
0.633194
0.184858
0.633194
0.184858
0.547187
0.287358
0.334299
0.507799
0.184858
0.633194
0.184858
0.633194
0.184858
0.633194
0.184858
0.633194
0.184858
0.633194
0.0898582
0.712909
0.0898582
0.712909
0.0898582
0.712909
0.0898582
0.712909
0.00735821
0.775405
0.00735821
0.775405
0.00735821
0.775405
-0.00514179
0.65037
-0.00514179
0.0186082
-0.000141795
-0.000141795
-0.000141795
-0.000141795
-0.000141795
-0.000141795
-0.000141795
-0.000141795
-0.000141795
-0.000141795
-0.000141795
-0.000141795
-0.00514179
0.00735821
0.299858
-0.00514179
0.775405
0.00735821
0.775405
0.00735821
0.775405
0.00735821
0.712909
0.0898582
0.712909
0.0898582
0.712909
0.0898582
0.712909
0.0898582
0.633194
0.184858
0.782536
-0.0049932
0.782536
-0.0049932
0.782536
-0.0049932
0.782536
-0.0049932
0.751368
0.0440249
0.334299
0.520299
0.033067
0.773062
-0.0049932
0.795036
-0.0049932
0.795036
-0.0049932
0.795036
-0.00514179
0.795036
-0.00514179
0.795036
-0.00514179
0.795036
-0.00514179
0.795036
0.00735821
0.787905
0.00735821
0.787905
0.00735821
0.787905
0.00735821
0.787905
-0.00514179
0.65037
-0.00514179
0.214858
-0.00514179
0.319858
-0.00514179
0.204858
-0.00514179
0.204858
0.00110821
0.317358
-0.00514179
0.204858
-0.00514179
0.214858
-0.00514179
0.323608
0.292358
0.307358
0.782536
-0.00514179
0.782536
-0.00514179
0.782536
-0.00514179
0.782536
-0.00514179
0.782536
-0.00514179
0.782536
-0.00514179
0.782536
-0.00514179
0.782536
-0.00514179
0.725495
0.0748582
0.725495
0.0748582
0.725495
0.0748582
0.725495
0.0748582
0.670954
0.139858
0.334299
0.520299
0.033067
0.773062
-0.0049932
0.795036
-0.0049932
0.795036
-0.0049932
0.795036
0.184858
0.645694
0.0898582
0.725409
0.0898582
0.725409
0.00735821
0.787905
0.00735821
0.787905
0.00735821
0.787905
0.00735821
0.787905
0.00735821
0.787905
-0.00514179
0.65037
-0.00514179
0.163608
-0.00514179
0.104858
-0.000141795
0.0998582
-0.00514179
0.163608
0.00735821
0.0948582
-0.00514179
0.104858
-0.00514179
0.123608
-0.00514179
0.104858
-0.00514179
0.134858
0.782536
-0.00514179
0.782536
-0.00514179
0.782536
-0.00514179
0.782536
-0.00514179
0.782536
-0.00514179
0.782536
-0.00514179
0.725495
0.0748582
0.725495
0.0748582
0.697525
0.108192
0.697525
0.108192
0.697525
0.108192
0.697525
0.108192
0.634593
0.183192
0.334299
0.520299
0.033067
0.773062
0.184858
0.645694
0.184858
0.645694
0.184858
0.645694
0.184858
0.645694
0.0898582
0.725409
0.0898582
0.725409
0.0898582
0.725409
0.00735821
0.787905
0.00735821
0.787905
0.00735821
0.787905
0.00735821
0.787905
-0.00514179
0.65037
-0.00514179
0.141525
-0.00514179
0.111525
-0.000141795
0.0852749
-0.000141795
0.0665249
0.00110821
0.109025
-0.000141795
0.0665249
-0.00514179
0.0752749
-0.000141795
0.0665249
0.0998582
0.129025
0.782536
-0.00514179
0.782536
-0.00514179
0.782536
-0.00514179
0.782536
-0.00514179
0.782536
-0.00514179
0.782536
-0.00514179
0.782536
-0.00514179
0.782536
-0.00514179
0.68354
0.124858
0.68354
0.124858
0.68354
0.124858
0.68354
0.124858
0.612741
0.209233
0.334299
0.520299
0.184858
0.645694
0.184858
0.645694
0.184858
0.645694
0.184858
0.645694
0.184858
0.645694
0.0898582
0.725409
0.0898582
0.725409
0.0898582
0.725409
0.00735821
0.787905
0.00735821
0.787905
0.00735821
0.787905
0.00735821
0.787905
-0.00514179
0.65037
-0.00514179
0.0892332
-0.000141795
0.0598582
-0.000141795
0.0598582
-0.000141795
0.0498582
0.00110821
0.0892332
-0.00514179
0.0854832
-0.00514179
0.0954832
-0.000141795
0.0498582
-0.00514179
0.0854832
0.772879
0.0117332
0.772879
0.0117332
0.772879
0.0117332
0.772879
0.0117332
0.772879
0.0117332
0.772879
0.0117332
0.772879
0.0117332
0.772879
0.0117332
0.675149
0.134858
0.675149
0.134858
0.675149
0.134858
0.675149
0.134858
0.59963
0.224858
0.334299
0.520299
0.184858
0.645694
0.184858
0.645694
0.184858
0.645694
0.184858
0.645694
0.184858
0.645694
0.0898582
0.725409
0.0898582
0.725409
0.0898582
0.725409
0.00735821
0.787905
0.00735821
0.787905
0.00735821
0.787905
0.00735821
0.787905
-0.00514179
0.65037
-0.000141795
0.0398582
-0.000141795
0.0398582
-0.000141795
0.0398582
-0.000141795
0.0398582
0.00735821
0.0386082
-0.00514179
0.0698582
-0.00514179
0.0698582
-0.000141795
0.0398582
-0.00514179
0.0798582
0.782536
-0.00514179
0.763858
0.0273582
0.763858
0.0273582
0.763858
0.0273582
0.763858
0.0273582
0.763858
0.0273582
0.763858
0.0273582
0.763858
0.0273582
0.795036
-0.0049932
0.795036
-0.0049932
0.795036
-0.0049932
0.795036
-0.0049932
0.773062
0.033067
0.334299
0.507799
0.033067
0.760562
-0.0049932
0.782536
-0.0049932
0.782536
-0.0049932
0.782536
-0.00514179
0.782536
-0.00514179
0.782536
-0.00514179
0.782536
-0.00514179
0.782536
-0.00514179
0.782536
-0.00514179
0.782536
-0.00514179
0.782536
-0.00514179
0.782536
0.307358
0.414905
0.204858
0.00610821
0.199858
-0.000141795
0.204858
-0.00514179
0.204858
-0.00514179
0.204858
-0.00514179
0.204858
-0.00514179
0.204858
-0.00514179
0.204858
-0.00514179
0.277358
-0.00514179
0.787905
0.00735821
0.787905
0.00735821
0.787905
0.00735821
0.787905
0.00735821
0.795036
-0.00514179
0.795036
-0.00514179
0.795036
-0.00514179
0.795036
-0.00514179
0.795036
-0.0049932
0.763868
0.0440249
0.763868
0.0440249
0.763868
0.0440249
0.763868
0.0440249
0.334299
0.520299
0.0440249
0.763868
0.0440249
0.763868
0.0440249
0.763868
-0.0049932
0.795036
-0.00514179
0.795036
-0.00514179
0.795036
-0.00514179
0.795036
-0.00514179
0.795036
-0.00514179
0.795036
-0.00514179
0.795036
-0.00514179
0.795036
-0.00514179
0.795036
0.307358
0.414905
0.313608
0.313608
0.126108
0.204858
0.129858
0.114858
0.133608
0.311108
0.323608
0.198608
0.107358
0.323608
0.161108
0.179858
0.307358
0.133608
0.0990249
0.307358
0.795036
-0.00514179
0.795036
-0.00514179
0.795036
-0.00514179
0.795036
-0.00514179
0.795036
-0.00514179
0.795036
-0.00514179
0.795036
-0.00514179
0.795036
-0.00514179
0.795036
-0.0049932
0.795036
-0.0049932
0.795036
-0.0049932
0.795036
-0.0049932
0.773062
0.033067
0.334299
0.520299
0.0440249
0.763868
-0.0049932
0.795036
-0.0049932
0.795036
-0.0049932
0.795036
-0.00514179
0.795036
-0.00514179
0.795036
-0.00514179
0.795036
-0.00514179
0.795036
-0.00514179
0.795036
-0.00514179
0.795036
-0.00514179
0.795036
-0.00514179
0.795036
0.307358
0.414905
0.147358
0.0948582
0.199858
0.0998582
0.137358
0.163608
0.311108
0.134858
0.313608
0.157358
0.107358
0.193608
0.307358
0.193608
0.307358
0.163608
0.107358
0.134858
0.795036
-0.00514179
0.795036
-0.00514179
0.795036
-0.00514179
0.795036
-0.00514179
0.775637
0.0286082
0.775637
0.0286082
0.795036
-0.00514179
0.795036
-0.00514179
0.795036
-0.0049932
0.795036
-0.0049932
0.795036
-0.0049932
0.795036
-0.0049932
0.773062
0.033067
0.334299
0.520299
0.033067
0.773062
-0.0049932
0.795036
-0.0049932
0.795036
-0.0049932
0.795036
-0.00514179
0.795036
-0.00514179
0.795036
-0.00514179
0.795036
-0.00514179
0.795036
-0.00514179
0.795036
-0.00514179
0.795036
-0.00514179
0.795036
-0.00514179
0.795036
0.307358
0.414905
0.242358
0.0340249
0.199858
0.0965249
0.147358
0.129025
0.338608
0.0990249
0.313608
0.115275
0.194858
0.130275
0.127358
0.129025
0.307358
0.111525
0.204858
0.129025
0.795036
-0.00514179
0.795036
-0.00514179
0.795036
-0.00514179
0.795036
-0.00514179
0.795036
-0.00514179
0.795036
-0.00514179
0.795036
-0.00514179
0.795036
-0.00514179
0.795036
-0.0049932
0.795036
-0.0049932
0.795036
-0.0049932
0.795036
-0.0049932
0.773062
0.033067
0.334299
0.520299
0.033067
0.773062
-0.0049932
0.795036
-0.0049932
0.795036
-0.0049932
0.795036
-0.00514179
0.795036
-0.00514179
0.795036
-0.00514179
0.795036
-0.00514179
0.795036
-0.00514179
0.795036
-0.00514179
0.795036
-0.00514179
0.795036
-0.00514179
0.795036
0.307358
0.414905
0.204858
0.115483
0.199858
0.0686082
0.194858
0.0892332
0.199858
0.0798582
0.313608
0.0892332
0.313608
0.109233
0.198608
0.0954832
0.204858
0.0954832
0.194858
0.0854832
0.795036
-0.00514179
0.785379
0.0117332
0.785379
0.0117332
0.785379
0.0117332
0.795036
-0.00514179
0.795036
-0.00514179
0.795036
-0.00514179
0.795036
-0.00514179
0.795036
-0.0049932
0.795036
-0.0049932
0.795036
-0.0049932
0.795036
-0.0049932
0.773062
0.033067
0.334299
0.520299
0.033067
0.773062
-0.0049932
0.795036
-0.0049932
0.795036
-0.0049932
0.795036
-0.00514179
0.795036
-0.00514179
0.795036
-0.00514179
0.795036
-0.00514179
0.795036
-0.00514179
0.795036
-0.00514179
0.795036
-0.00514179
0.795036
-0.00514179
0.795036
0.307358
0.414905
0.313608
0.0636082
0.199858
0.0398582
0.214858
0.0873582
0.313608
0.0936082
0.323608
0.0361082
0.194858
0.0998582
0.214858
0.0873582
0.313608
0.0936082
0.194858
0.0798582
0.795036
-0.00514179
0.795036
-0.00514179
0.776358
0.0273582
0.795036
-0.00514179
0.795036
-0.00514179
0.795036
-0.00514179
0.795036
-0.00514179
0.795036
-0.00514179
0.795036
-0.0049932
0.795036
-0.0049932
0.795036
-0.0049932
0.795036
-0.0049932
0.773062
0.033067
0.334299
0.507799
0.0748582
0.725495
0.0748582
0.725495
0.0748582
0.725495
0.0748582
0.725495
0.0748582
0.725495
0.0748582
0.725495
-0.00514179
0.782536
-0.00514179
0.782536
-0.00514179
0.782536
-0.00514179
0.782536
-0.00514179
0.782536
-0.00514179
0.782536
0.134858
0.598217
0.104858
0.00610821
0.0998582
-0.000141795
0.104858
-0.00514179
0.104858
-0.00514179
0.104858
-0.00514179
0.104858
-0.00514179
0.104858
-0.00514179
0.104858
-0.00514179
0.249858
-0.00514179
0.787905
0.00735821
0.787905
0.00735821
0.787905
0.00735821
0.787905
0.00735821
0.787905
0.00735821
0.725409
0.0898582
0.725409
0.0898582
0.645694
0.184858
0.795036
-0.0049932
0.795036
-0.0049932
0.795036
-0.0049932
0.763868
0.0440249
0.763868
0.0440249
0.334299
0.520299
0.033067
0.773062
-0.0049932
0.795036
-0.0049932
0.795036
-0.0049932
0.795036
-0.00514179
0.795036
-0.00514179
0.795036
0.0286082
0.775637
0.0286082
0.775637
-0.00514179
0.795036
-0.00514179
0.795036
-0.00514179
0.795036
-0.00514179
0.795036
0.134858
0.598217
0.151108
0.127358
0.193608
0.204858
0.163608
0.107358
0.173608
0.311108
0.104858
0.311108
0.104858
0.326108
0.103608
0.199858
0.0215249
0.159025
0.169858
0.307358
0.795036
-0.00514179
0.795036
-0.00514179
0.795036
-0.00514179
0.795036
-0.00514179
0.795036
-0.00514179
0.795036
-0.00514179
0.795036
-0.00514179
0.795036
-0.00514179
0.737995
0.0748582
0.737995
0.0748582
0.737995
0.0748582
0.737995
0.0748582
0.690796
0.131108
0.334299
0.520299
0.0748582
0.737995
0.0748582
0.737995
0.0748582
0.737995
0.0748582
0.737995
0.0748582
0.737995
0.0748582
0.737995
0.0286082
0.775637
-0.00514179
0.795036
-0.00514179
0.795036
-0.00514179
0.795036
-0.00514179
0.795036
-0.00514179
0.795036
0.134858
0.598217
0.173608
0.104858
0.193608
0.113608
0.129858
0.103608
0.151108
0.134858
0.104858
0.154858
0.182358
0.154858
0.163608
0.181108
0.167358
0.176108
0.0511082
0.134858
0.795036
-0.00514179
0.795036
-0.00514179
0.795036
-0.00514179
0.795036
-0.00514179
0.795036
-0.00514179
0.775637
0.0286082
0.737995
0.0748582
0.737995
0.0748582
0.710025
0.108192
0.710025
0.108192
0.710025
0.108192
0.710025
0.108192
0.773062
0.033067
0.334299
0.520299
0.0748582
0.737995
0.0748582
0.737995
0.0748582
0.737995
0.0748582
0.737995
0.0748582
0.737995
0.0748582
0.737995
-0.00514179
0.795036
-0.00514179
0.795036
-0.00514179
0.795036
-0.00514179
0.795036
-0.00514179
0.795036
-0.00514179
0.795036
0.134858
0.598217
0.161108
0.135275
0.181108
0.0752749
0.134858
0.129025
0.157358
0.124025
0.0948582
0.130275
0.113608
0.130275
0.124858
0.130275
0.0948582
0.115275
0.104858
0.129025
0.795036
-0.00514179
0.795036
-0.00514179
0.795036
-0.00514179
0.795036
-0.00514179
0.795036
-0.00514179
0.795036
-0.00514179
0.795036
-0.00514179
0.795036
-0.00514179
0.69604
0.124858
0.69604
0.124858
0.69604
0.124858
0.795036
-0.0049932
0.773062
0.033067
0.334299
0.520299
0.0748582
0.737995
0.0748582
0.737995
0.0748582
0.737995
0.0748582
0.737995
0.0748582
0.737995
0.0748582
0.737995
-0.00514179
0.795036
-0.00514179
0.795036
-0.00514179
0.795036
-0.00514179
0.795036
-0.00514179
0.795036
-0.00514179
0.795036
0.134858
0.598217
0.161108
0.109233
0.173608
0.0229832
0.123608
0.102983
0.157358
0.0892332
0.157358
0.0792332
0.113608
0.115483
0.0948582
0.104233
0.0948582
0.0892332
0.0948582
0.0854832
0.785379
0.0117332
0.785379
0.0117332
0.785379
0.0117332
0.785379
0.0117332
0.785379
0.0117332
0.785379
0.0117332
0.785379
0.0117332
0.785379
0.0117332
0.687649
0.134858
0.687649
0.134858
0.795036
-0.0049932
0.795036
-0.0049932
0.773062
0.033067
0.334299
0.520299
0.0748582
0.737995
0.0748582
0.737995
0.0748582
0.737995
0.0748582
0.737995
0.0748582
0.737995
0.0748582
0.737995
-0.00514179
0.795036
-0.00514179
0.795036
-0.00514179
0.795036
-0.00514179
0.795036
-0.00514179
0.795036
-0.00514179
0.795036
0.134858
0.598217
0.161108
0.0673582
0.187358
0.0823582
0.134858
0.0873582
0.124858
0.0998582
0.163608
0.0873582
0.113608
0.0798582
0.0948582
0.0998582
0.0948582
0.0998582
0.0948582
0.0798582
0.795036
-0.00514179
0.776358
0.0273582
0.776358
0.0273582
0.776358
0.0273582
0.776358
0.0273582
0.776358
0.0273582
0.776358
0.0273582
0.776358
0.0273582
0.645694
0.184858
0.645694
0.184858
0.645694
0.184858
0.795036
-0.0049932
0.773062
0.033067
0.334299
0.507799
0.108192
0.697525
0.108192
0.697525
0.108192
0.697525
0.108192
0.697525
-0.00514179
0.782536
-0.00514179
0.782536
-0.00514179
0.782536
-0.00514179
0.782536
-0.00514179
0.782536
-0.00514179
0.782536
-0.00514179
0.782536
-0.00514179
0.782536
0.129025
0.596093
0.0665249
0.0111082
0.0665249
-0.000141795
0.0715249
-0.00514179
0.0665249
-0.000141795
0.0665249
-0.000141795
0.0665249
-0.000141795
0.0665249
-0.000141795
0.0615249
0.00735821
0.262358
-0.00514179
0.787905
0.00735821
0.787905
0.00735821
0.787905
0.00735821
0.787905
0.00735821
0.725409
0.0898582
0.725409
0.0898582
0.725409
0.0898582
0.645694
0.184858
0.795036
-0.0049932
0.795036
-0.0049932
0.795036
-0.0049932
0.795036
-0.0049932
0.763868
0.0440249
0.334299
0.520299
0.033067
0.773062
-0.0049932
0.795036
-0.0049932
0.795036
-0.0049932
0.795036
-0.00514179
0.795036
-0.00514179
0.795036
-0.00514179
0.795036
-0.00514179
0.795036
-0.00514179
0.795036
-0.00514179
0.795036
-0.00514179
0.795036
-0.00514179
0.795036
0.129025
0.596093
0.130275
0.326108
0.105275
0.343608
0.0990249
0.204858
0.111525
0.311108
0.0665249
0.209858
0.0115249
0.204858
0.00402487
0.231108
0.0169415
0.159025
0.204858
0.307358
0.795036
-0.00514179
0.795036
-0.00514179
0.795036
-0.00514179
0.795036
-0.00514179
0.795036
-0.00514179
0.795036
-0.00514179
0.795036
-0.00514179
0.795036
-0.00514179
0.737995
0.0748582
0.737995
0.0748582
0.737995
0.0748582
0.737995
0.0748582
0.683454
0.139858
0.334299
0.520299
0.108192
0.710025
0.108192
0.710025
0.108192
0.710025
0.108192
0.710025
-0.00514179
0.795036
-0.00514179
0.795036
-0.00514179
0.795036
-0.00514179
0.795036
-0.00514179
0.795036
-0.00514179
0.795036
-0.00514179
0.795036
-0.00514179
0.795036
0.129025
0.596093
0.0815249
0.169858
0.0852749
0.129858
0.0990249
0.163608
0.111525
0.151108
0.130275
0.154858
0.0323582
0.193608
0.0990249
0.173608
0.0990249
0.167358
0.0323582
0.134858
0.795036
-0.00514179
0.795036
-0.00514179
0.795036
-0.00514179
0.795036
-0.00514179
0.795036
-0.00514179
0.795036
-0.00514179
0.737995
0.0748582
0.737995
0.0748582
0.710025
0.108192
0.710025
0.108192
0.710025
0.108192
0.710025
0.108192
0.647093
0.183192
0.334299
0.520299
0.108192
0.710025
0.108192
0.710025
0.108192
0.710025
0.108192
0.710025
-0.00514179
0.795036
-0.00514179
0.795036
-0.00514179
0.795036
-0.00514179
0.795036
-0.00514179
0.795036
-0.00514179
0.795036
-0.00514179
0.795036
-0.00514179
0.795036
0.129025
0.596093
0.0815249
0.117775
0.0815249
0.102775
0.141525
0.0802749
0.102775
0.141525
0.130275
0.129025
0.109025
0.135275
0.0852749
0.0852749
0.111525
0.0990249
0.0715249
0.129025
0.795036
-0.00514179
0.795036
-0.00514179
0.795036
-0.00514179
0.795036
-0.00514179
0.795036
-0.00514179
0.795036
-0.00514179
0.795036
-0.00514179
0.795036
-0.00514179
0.69604
0.124858
0.69604
0.124858
0.69604
0.124858
0.69604
0.124858
0.625241
0.209233
0.334299
0.520299
0.108192
0.710025
0.108192
0.710025
0.108192
0.710025
0.108192
0.710025
-0.00514179
0.795036
-0.00514179
0.795036
-0.00514179
0.795036
-0.00514179
0.795036
-0.00514179
0.795036
-0.00514179
0.795036
-0.00514179
0.795036
-0.00514179
0.795036
0.129025
0.596093
0.0802749
0.0892332
0.0852749
0.0536082
0.141525
0.102983
0.105275
0.109233
0.130275
0.102983
0.105275
0.0979832
0.0615249
0.104233
0.0615249
0.0954832
0.0615249
0.0854832
0.785379
0.0117332
0.785379
0.0117332
0.785379
0.0117332
0.785379
0.0117332
0.785379
0.0117332
0.785379
0.0117332
0.785379
0.0117332
0.785379
0.0117332
0.687649
0.134858
0.687649
0.134858
0.687649
0.134858
0.687649
0.134858
0.773062
0.033067
0.334299
0.520299
0.108192
0.710025
0.108192
0.710025
0.108192
0.710025
0.108192
0.710025
-0.00514179
0.795036
-0.00514179
0.795036
-0.00514179
0.795036
-0.00514179
0.795036
-0.00514179
0.795036
-0.00514179
0.795036
-0.00514179
0.795036
-0.00514179
0.795036
0.129025
0.596093
0.0852749
0.0398582
0.0852749
0.0586082
0.0802749
0.0998582
0.105275
0.0823582
0.130275
0.0448582
0.135275
0.0823582
0.0615249
0.0998582
0.115275
0.0936082
0.0615249
0.0798582
0.795036
-0.00514179
0.776358
0.0273582
0.776358
0.0273582
0.776358
0.0273582
0.776358
0.0273582
0.776358
0.0273582
0.776358
0.0273582
0.776358
0.0273582
0.645694
0.184858
0.645694
0.184858
0.645694
0.184858
0.645694
0.184858
0.773062
0.033067
0.334299
0.507799
0.124858
0.68354
0.124858
0.68354
0.124858
0.68354
0.124858
0.68354
0.0117332
0.772879
0.0117332
0.772879
0.0117332
0.772879
0.0117332
0.772879
0.0117332
0.772879
0.0117332
0.772879
0.0117332
0.772879
0.0117332
0.772879
0.0854832
0.60108
0.0498582
0.0111082
0.0498582
-0.000141795
0.0498582
0.0248582
0.0498582
-0.000141795
0.0498582
-0.000141795
0.0498582
-0.000141795
0.0498582
-0.000141795
0.0448582
0.00735821
0.271733
-0.00514179
0.787905
0.00735821
0.787905
0.00735821
0.787905
0.00735821
0.787905
0.00735821
0.725409
0.0898582
0.725409
0.0898582
0.725409
0.0898582
0.645694
0.184858
0.795036
-0.0049932
0.795036
-0.0049932
0.795036
-0.0049932
0.795036
-0.0049932
0.763868
0.0440249
0.334299
0.520299
0.033067
0.773062
-0.0049932
0.795036
-0.0049932
0.795036
-0.0049932
0.795036
-0.00514179
0.795036
-0.00514179
0.795036
-0.00514179
0.795036
-0.00514179
0.795036
0.0117332
0.785379
0.0117332
0.785379
0.0117332
0.785379
-0.00514179
0.795036
0.0854832
0.60108
0.0798582
0.203608
0.109233
0.343608
0.0954832
0.194858
0.109233
0.323608
0.0498582
0.209858
0.00735821
0.338608
0.0267332
0.338608
0.00735821
0.323608
0.226733
0.307358
0.795036
-0.00514179
0.795036
-0.00514179
0.795036
-0.00514179
0.795036
-0.00514179
0.795036
-0.00514179
0.795036
-0.00514179
0.795036
-0.00514179
0.795036
-0.00514179
0.737995
0.0748582
0.737995
0.0748582
0.737995
0.0748582
0.737995
0.0748582
0.683454
0.139858
0.334299
0.520299
0.033067
0.773062
0.124858
0.69604
0.124858
0.69604
0.124858
0.69604
0.0117332
0.785379
0.0117332
0.785379
0.0117332
0.785379
0.0117332
0.785379
0.0117332
0.785379
0.0117332
0.785379
0.0117332
0.785379
0.0117332
0.785379
0.0854832
0.60108
0.0954832
0.104858
0.109233
0.167358
0.0954832
0.104858
0.0548582
0.193608
0.0792332
0.157358
0.0229832
0.193608
0.0229832
0.173608
0.0792332
0.157358
0.0229832
0.134858
0.795036
-0.00514179
0.795036
-0.00514179
0.795036
-0.00514179
0.795036
-0.00514179
0.795036
-0.00514179
0.795036
-0.00514179
0.737995
0.0748582
0.737995
0.0748582
0.710025
0.108192
0.710025
0.108192
0.710025
0.108192
0.710025
0.108192
0.647093
0.183192
0.334299
0.520299
0.124858
0.69604
0.124858
0.69604
0.124858
0.69604
0.124858
0.69604
0.0117332
0.785379
0.0117332
0.785379
0.0117332
0.785379
0.0117332
0.785379
0.0117332
0.785379
0.0117332
0.785379
0.0117332
0.785379
0.0117332
0.785379
0.0854832
0.60108
0.0954832
0.0715249
0.0979832
0.135275
0.0954832
0.0915249
0.109233
0.124025
0.0829832
0.135275
0.0792332
0.135275
0.0498582
0.0852749
0.0979832
0.109025
0.0717332
0.129025
0.795036
-0.00514179
0.795036
-0.00514179
0.795036
-0.00514179
0.795036
-0.00514179
0.795036
-0.00514179
0.795036
-0.00514179
0.795036
-0.00514179
0.795036
-0.00514179
0.69604
0.124858
0.69604
0.124858
0.69604
0.124858
0.69604
0.124858
0.625241
0.209233
0.334299
0.520299
0.124858
0.69604
0.124858
0.69604
0.124858
0.69604
0.124858
0.69604
0.0117332
0.785379
0.0117332
0.785379
0.0117332
0.785379
0.0117332
0.785379
0.0117332
0.785379
0.0117332
0.785379
0.0117332
0.785379
0.0117332
0.785379
0.0854832
0.60108
0.115483
0.0448582
0.0979832
0.0829832
0.0792332
0.0979832
0.109233
0.0892332
0.0979832
0.0979832
0.0548582
0.0954832
0.0448582
0.104233
0.0448582
0.0954832
0.0448582
0.0854832
0.785379
0.0117332
0.785379
0.0117332
0.785379
0.0117332
0.785379
0.0117332
0.785379
0.0117332
0.785379
0.0117332
0.785379
0.0117332
0.785379
0.0117332
0.687649
0.134858
0.687649
0.134858
0.687649
0.134858
0.687649
0.134858
0.61213
0.224858
0.334299
0.520299
0.124858
0.69604
0.124858
0.69604
0.124858
0.69604
0.124858
0.69604
0.0117332
0.785379
0.0117332
0.785379
0.0117332
0.785379
0.0117332
0.785379
0.0117332
0.785379
0.0117332
0.785379
0.0117332
0.785379
0.0117332
0.785379
0.0854832
0.60108
0.0954832
0.0448582
0.0954832
0.0536082
0.0954832
0.0348582
0.0979832
0.0936082
0.0448582
0.0998582
0.0448582
0.0798582
0.0448582
0.0998582
0.0979832
0.0936082
0.0448582
0.0798582
0.795036
-0.00514179
0.776358
0.0273582
0.776358
0.0273582
0.776358
0.0273582
0.776358
0.0273582
0.776358
0.0273582
0.776358
0.0273582
0.776358
0.0273582
0.645694
0.184858
0.645694
0.184858
0.645694
0.184858
0.645694
0.184858
0.773062
0.033067
0.334299
0.507799
0.134858
0.675149
0.134858
0.675149
0.134858
0.675149
0.134858
0.675149
0.0273582
0.763858
0.0273582
0.763858
0.0273582
0.763858
0.0273582
0.763858
0.0273582
0.763858
0.0273582
0.763858
0.0273582
0.763858
-0.00514179
0.782536
0.0798582
0.590331
0.0398582
0.0111082
0.0398582
-0.000141795
0.0398582
0.0248582
0.0398582
-0.000141795
0.0398582
-0.000141795
0.0398582
-0.000141795
0.0398582
-0.000141795
0.0348582
0.00735821
0.277358
-0.00514179
0.787905
0.00735821
0.787905
0.00735821
0.787905
0.00735821
0.787905
0.00735821
0.725409
0.0898582
0.725409
0.0898582
0.725409
0.0898582
0.645694
0.184858
0.795036
-0.0049932
0.795036
-0.0049932
0.795036
-0.0049932
0.795036
-0.0049932
0.763868
0.0440249
0.334299
0.520299
0.033067
0.773062
-0.0049932
0.795036
-0.0049932
0.795036
-0.0049932
0.795036
-0.00514179
0.795036
-0.00514179
0.795036
-0.00514179
0.795036
-0.00514179
0.795036
-0.00514179
0.795036
0.0273582
0.776358
-0.00514179
0.795036
-0.00514179
0.795036
0.0798582
0.590331
0.0998582
0.194858
0.0936082
0.343608
0.0798582
0.194858
0.0386082
0.208608
0.0398582
0.209858
0.0823582
0.323608
0.0573582
0.338608
0.00485821
0.323608
0.239858
0.307358
0.795036
-0.00514179
0.795036
-0.00514179
0.795036
-0.00514179
0.795036
-0.00514179
0.795036
-0.00514179
0.795036
-0.00514179
0.795036
-0.00514179
0.795036
-0.00514179
0.737995
0.0748582
0.737995
0.0748582
0.737995
0.0748582
0.737995
0.0748582
0.683454
0.139858
0.334299
0.520299
0.033067
0.773062
-0.0049932
0.795036
0.134858
0.687649
0.134858
0.687649
0.0273582
0.776358
0.0273582
0.776358
0.0273582
0.776358
0.0273582
0.776358
0.0273582
0.776358
0.0273582
0.776358
0.0273582
0.776358
-0.00514179
0.795036
0.0798582
0.590331
0.0998582
0.124858
0.0211082
0.167358
0.0936082
0.176108
0.0636082
0.157358
0.0823582
0.187358
0.0173582
0.193608
0.0348582
0.173608
0.0823582
0.157358
0.0173582
0.134858
0.795036
-0.00514179
0.795036
-0.00514179
0.795036
-0.00514179
0.795036
-0.00514179
0.795036
-0.00514179
0.795036
-0.00514179
0.737995
0.0748582
0.737995
0.0748582
0.710025
0.108192
0.710025
0.108192
0.710025
0.108192
0.710025
0.108192
0.647093
0.183192
0.334299
0.520299
0.134858
0.687649
0.134858
0.687649
0.134858
0.687649
0.134858
0.687649
0.0273582
0.776358
0.0273582
0.776358
0.0273582
0.776358
0.0273582
0.776358
0.0273582
0.776358
0.0273582
0.776358
0.0273582
0.776358
-0.00514179
0.795036
0.0798582
0.590331
0.0823582
0.124025
0.0936082
0.115275
0.0998582
0.0915249
0.0611082
0.130275
0.0823582
0.135275
0.0936082
0.135275
0.0498582
0.0852749
0.0348582
0.111525
0.0773582
0.129025
0.795036
-0.00514179
0.795036
-0.00514179
0.795036
-0.00514179
0.795036
-0.00514179
0.795036
-0.00514179
0.795036
-0.00514179
0.795036
-0.00514179
0.795036
-0.00514179
0.69604
0.124858
0.69604
0.124858
0.69604
0.124858
0.69604
0.124858
0.625241
0.209233
0.334299
0.520299
0.134858
0.687649
0.134858
0.687649
0.134858
0.687649
0.134858
0.687649
0.0273582
0.776358
0.0273582
0.776358
0.0273582
0.776358
0.0273582
0.776358
0.0273582
0.776358
0.0273582
0.776358
0.0273582
0.776358
-0.00514179
0.795036
0.0798582
0.590331
0.0998582
0.0448582
0.0936082
0.0892332
0.0936082
0.0979832
0.0636082
0.0792332
0.0823582
0.0979832
0.0536082
0.0954832
0.0673582
0.109233
0.0348582
0.0954832
0.0348582
0.0854832
0.785379
0.0117332
0.785379
0.0117332
0.785379
0.0117332
0.785379
0.0117332
0.785379
0.0117332
0.785379
0.0117332
0.785379
0.0117332
0.785379
0.0117332
0.687649
0.134858
0.687649
0.134858
0.687649
0.134858
0.687649
0.134858
0.61213
0.224858
0.334299
0.520299
0.134858
0.687649
0.134858
0.687649
0.134858
0.687649
0.134858
0.687649
0.0273582
0.776358
0.0273582
0.776358
0.0273582
0.776358
0.0273582
0.776358
0.0273582
0.776358
0.0273582
0.776358
0.0273582
0.776358
-0.00514179
0.795036
0.0798582
0.590331
0.0823582
0.0823582
0.0998582
0.0536082
0.0348582
0.0998582
0.0936082
0.0823582
0.0348582
0.0998582
0.0348582
0.0798582
0.0673582
0.0936082
0.0348582
0.0798582
0.0348582
0.0798582
0.795036
-0.00514179
0.776358
0.0273582
0.776358
0.0273582
0.776358
0.0273582
0.776358
0.0273582
0.776358
0.0273582
0.776358
0.0273582
0.776358
0.0273582
