0.653973
0.160979
0.653973
0.160979
0.653973
0.160979
0.653973
0.160979
0.567966
0.263479
0.334702
0.508202
0.160979
0.653973
0.160979
0.653973
0.160979
0.653973
0.160979
0.653973
0.160979
0.653973
0.065979
0.733688
0.065979
0.733688
0.065979
0.733688
0.065979
0.733688
-0.016521
0.788679
-0.016521
0.788679
-0.016521
0.788679
-0.029021
0.656513
-0.029021
-0.00527099
-0.024021
-0.024021
-0.024021
-0.024021
-0.024021
-0.024021
-0.024021
-0.024021
-0.024021
-0.024021
-0.029021
0.024729
-0.029021
-0.016521
0.275979
-0.029021
0.788679
-0.016521
0.788679
-0.016521
0.788679
-0.016521
0.733688
0.065979
0.733688
0.065979
0.733688
0.065979
0.733688
0.065979
0.653973
0.160979
0.788679
-0.00384766
0.788679
-0.00384766
0.788679
-0.00384766
0.788679
-0.00384766
0.772146
0.0201457
0.334702
0.520702
0.00990596
0.793239
-0.00384766
0.801179
-0.00384766
0.801179
-0.00384766
0.801179
-0.026521
0.801179
-0.029021
0.801179
-0.0248543
0.801179
-0.0248543
0.801179
-0.016521
0.801179
-0.016521
0.801179
-0.016521
0.801179
-0.016521
0.801179
-0.029021
0.656513
-0.029021
0.325979
-0.029021
0.295979
-0.029021
0.180979
-0.029021
0.180979
-0.022771
0.299729
-0.029021
0.180979
-0.029021
0.190979
-0.024021
0.179729
-0.029021
0.190979
0.788679
-0.029021
0.788679
-0.029021
0.788679
-0.029021
0.788679
-0.029021
0.788679
-0.016521
0.788679
-0.029021
0.788679
-0.029021
0.788679
-0.029021
0.746274
0.050979
0.746274
0.050979
0.746274
0.050979
0.746274
0.050979
0.691733
0.115979
0.334702
0.520702
0.00990596
0.793239
-0.00384766
0.801179
-0.00384766
0.801179
0.160979
0.666473
0.160979
0.666473
0.065979
0.746188
0.065979
0.746188
-0.016521
0.801179
-0.016521
0.801179
-0.016521
0.801179
-0.016521
0.801179
-0.016521
0.801179
-0.029021
0.656513
-0.029021
0.143479
-0.029021
0.080979
0.017229
0.075979
-0.029021
0.139729
-0.029021
0.143479
-0.029021
0.080979
-0.029021
0.139729
-0.024021
0.075979
-0.029021
0.139729
0.788679
-0.029021
0.788679
-0.029021
0.788679
-0.022771
0.788679
-0.022771
0.788679
-0.029021
0.746274
0.050979
0.746274
0.050979
0.746274
0.050979
0.718304
0.0843123
0.718304
0.0843123
0.718304
0.0843123
0.718304
0.0843123
0.655372
0.159312
0.334702
0.520702
0.00990596
0.793239
0.160979
0.666473
0.160979
0.666473
0.160979
0.666473
0.160979
0.666473
0.065979
0.746188
0.065979
0.746188
0.065979
0.746188
-0.016521
0.801179
-0.016521
0.801179
-0.016521
0.801179
-0.016521
0.801179
-0.029021
0.656513
-0.029021
0.117646
-0.029021
0.0876457
-0.024021
0.0426457
-0.024021
0.0426457
-0.022771
0.0913957
-0.024021
0.0426457
-0.029021
0.0513957
-0.024021
0.0426457
0.075979
0.0751457
0.788679
-0.029021
0.788679
-0.0248543
0.788679
-0.0123543
0.788679
-0.0248543
0.788679
-0.029021
0.788679
-0.029021
0.788679
-0.029021
0.718304
0.0843123
0.704319
0.100979
0.704319
0.100979
0.704319
0.100979
0.704319
0.100979
0.63352
0.185354
0.334702
0.520702
0.160979
0.666473
0.160979
0.666473
0.160979
0.666473
0.160979
0.666473
0.160979
0.666473
0.065979
0.746188
0.065979
0.746188
0.065979
0.746188
-0.016521
0.801179
-0.016521
0.801179
-0.016521
0.801179
-0.016521
0.801179
-0.029021
0.656513
-0.024021
0.055979
-0.024021
0.035979
0.017229
0.035979
-0.024021
0.025979
0.000979011
0.035979
-0.029021
0.061604
-0.029021
0.061604
-0.024021
0.025979
0.275979
-0.029021
0.788679
-0.012146
0.788679
-0.012146
0.788679
-0.00902099
0.788679
-0.00902099
0.788679
-0.012146
0.788679
-0.00902099
0.788679
-0.012146
0.788679
-0.012146
0.695928
0.110979
0.695928
0.110979
0.695928
0.110979
0.695928
0.110979
0.620409
0.200979
0.334702
0.520702
0.160979
0.666473
0.160979
0.666473
0.160979
0.666473
0.160979
0.666473
0.160979
0.666473
0.065979
0.746188
0.065979
0.746188
0.065979
0.746188
-0.016521
0.801179
-0.016521
0.801179
-0.016521
0.801179
-0.016521
0.801179
-0.029021
0.656513
-0.024021
0.019729
-0.024021
0.015979
0.017229
0.015979
-0.024021
0.015979
0.000979011
0.015979
-0.029021
0.045979
-0.029021
0.045979
-0.024021
0.015979
0.275979
-0.029021
0.784449
0.00347901
0.784449
0.00347901
0.784449
0.00347901
0.784449
0.00347901
0.784449
0.00347901
0.784449
0.00347901
0.784449
0.00347901
0.784449
0.00347901
0.801179
-0.029021
0.801179
-0.00384766
0.801179
-0.00384766
0.801179
-0.00384766
0.793239
0.00990596
0.334702
0.508202
0.00990596
0.780739
-0.00384766
0.788679
-0.00384766
0.788679
-0.00384766
0.788679
-0.029021
0.788679
-0.029021
0.788679
-0.029021
0.788679
-0.029021
0.788679
-0.029021
0.788679
-0.029021
0.788679
-0.029021
0.788679
-0.029021
0.788679
0.188479
0.515398
0.185979
-0.012771
0.175979
-0.024021
0.180979
-0.00402099
0.180979
0.012229
0.175979
-0.024021
0.180979
-0.029021
0.180979
-0.029021
0.170979
-0.016521
0.253479
-0.029021
0.801179
-0.016521
0.801179
-0.016521
0.801179
-0.016521
0.801179
-0.016521
0.801179
-0.0248543
0.801179
-0.0248543
0.801179
-0.029021
0.801179
-0.026521
0.784646
0.0201457
0.784646
0.0201457
0.784646
0.0201457
0.784646
0.0201457
0.784646
0.0201457
0.334702
0.520702
0.0201457
0.784646
0.0201457
0.784646
0.0201457
0.784646
0.0201457
0.784646
-0.029021
0.801179
-0.029021
0.801179
-0.029021
0.801179
-0.016521
0.801179
-0.029021
0.801179
-0.029021
0.801179
-0.029021
0.801179
-0.029021
0.801179
0.188479
0.515398
0.314729
0.087229
0.189729
0.314729
0.192229
0.188479
0.287229
0.314729
0.287229
0.314729
0.087229
0.314729
0.090979
0.189729
0.020979
0.190979
0.020979
0.190979
0.801179
-0.029021
0.801179
-0.029021
0.801179
-0.029021
0.801179
-0.029021
0.801179
-0.016521
0.801179
-0.029021
0.801179
-0.029021
0.801179
-0.029021
0.752481
0.058479
0.801179
-0.00384766
0.801179
-0.00384766
0.801179
-0.00384766
0.793239
0.00990596
0.334702
0.520702
0.0201457
0.784646
0.0201457
0.784646
-0.00384766
0.801179
-0.00384766
0.801179
-0.029021
0.801179
-0.029021
0.801179
-0.029021
0.801179
-0.016521
0.801179
-0.029021
0.801179
-0.029021
0.801179
-0.029021
0.801179
-0.029021
0.801179
0.188479
0.515398
0.314729
0.074729
0.189729
0.139729
0.192229
0.062229
0.289729
0.133479
0.319729
0.137229
0.109729
0.130979
0.093479
0.127229
0.289729
0.143479
0.083479
0.139729
0.801179
-0.029021
0.801179
-0.0111043
0.796228
0.00472901
0.796228
0.00472901
0.796228
0.00472901
0.796228
0.00472901
0.752481
0.058479
0.752481
0.058479
0.801179
-0.016521
0.801179
-0.00384766
0.801179
-0.00384766
0.801179
-0.00384766
0.793239
0.00990596
0.334702
0.520702
0.00990596
0.793239
-0.00384766
0.801179
-0.00384766
0.801179
-0.00384766
0.801179
-0.029021
0.801179
-0.029021
0.801179
-0.029021
0.801179
-0.016521
0.801179
-0.029021
0.801179
-0.029021
0.801179
-0.029021
0.801179
-0.029021
0.801179
0.188479
0.515398
0.314729
-0.00860432
0.189729
0.0913957
0.192229
-0.0198543
0.200979
0.0976457
0.319729
0.111396
0.314729
0.0751457
0.199729
0.0751457
0.190979
0.0851457
0.180979
0.0751457
0.801179
-0.0123543
0.801179
-0.029021
0.801179
-0.029021
0.801179
-0.0248543
0.801179
-0.0248543
0.801179
-0.0248543
0.801179
-0.029021
0.801179
-0.016521
0.801179
-0.00714599
0.801179
-0.00384766
0.801179
-0.00384766
0.801179
-0.00384766
0.793239
0.00990596
0.334702
0.520702
0.00990596
0.793239
-0.00384766
0.801179
-0.00384766
0.801179
-0.00384766
0.801179
-0.029021
0.801179
-0.029021
0.801179
-0.029021
0.801179
-0.016521
0.801179
-0.029021
0.801179
-0.029021
0.801179
-0.029021
0.801179
-0.029021
0.801179
0.188479
0.515398
0.314729
0.024729
0.189729
0.065354
0.190979
0.067854
0.190979
0.030979
0.319729
0.055354
0.189729
0.091604
0.189729
0.091604
0.189729
0.061604
0.253479
-0.029021
0.801179
-0.016521
0.801179
-0.012146
0.801179
-0.012146
0.801179
-0.00902099
0.801179
-0.0248543
0.801179
-0.0248543
0.801179
-0.029021
0.801179
-0.00714599
0.801179
-0.029021
0.801179
-0.00384766
0.801179
-0.00384766
0.801179
-0.00384766
0.793239
0.00990596
0.334702
0.520702
0.00990596
0.793239
-0.00384766
0.801179
-0.00384766
0.801179
-0.00384766
0.801179
-0.029021
0.801179
-0.029021
0.801179
-0.029021
0.801179
-0.016521
0.801179
-0.029021
0.801179
-0.029021
0.801179
-0.029021
0.801179
-0.029021
0.801179
0.188479
0.515398
0.314729
-0.00277099
0.189729
0.045979
0.199729
0.063479
0.200979
0.064729
0.189729
0.055979
0.190979
0.037229
0.190979
0.037229
0.189729
0.055979
0.253479
-0.029021
0.801179
-0.019021
0.801179
-0.019021
0.796949
0.00347901
0.796949
0.00347901
0.801179
-0.0248543
0.801179
-0.0248543
0.801179
-0.029021
0.801179
-0.026521
0.666473
0.160979
0.801179
-0.00384766
0.801179
-0.00384766
0.801179
-0.00384766
0.793239
0.00990596
0.334702
0.508202
0.050979
0.746274
0.050979
0.746274
0.050979
0.746274
0.050979
0.746274
0.050979
0.746274
0.050979
0.746274
0.050979
0.746274
-0.029021
0.788679
-0.029021
0.788679
-0.029021
0.788679
-0.029021
0.788679
-0.029021
0.788679
0.139729
0.556304
0.137229
0.037229
0.075979
-0.024021
0.080979
-0.029021
0.080979
0.012229
0.075979
-0.024021
0.080979
-0.029021
0.080979
-0.029021
0.070979
-0.016521
0.225979
-0.029021
0.801179
-0.016521
0.801179
-0.016521
0.801179
-0.016521
0.801179
-0.016521
0.801179
-0.016521
0.746188
0.065979
0.746188
0.065979
0.666473
0.160979
0.801179
-0.00384766
0.801179
-0.00384766
0.784646
0.0201457
0.784646
0.0201457
0.784646
0.0201457
0.334702
0.520702
0.00990596
0.793239
-0.00384766
0.801179
-0.00384766
0.801179
0.058479
0.752481
0.058479
0.752481
0.058479
0.752481
0.00472901
0.796228
0.00472901
0.796228
0.00472901
0.796228
0.00472901
0.796228
-0.0111043
0.801179
-0.029021
0.801179
0.139729
0.556304
0.139729
0.189729
0.127229
0.190979
0.074729
0.190979
0.133479
0.319729
0.133479
0.319729
0.127229
0.314729
0.034729
0.183479
0.143479
0.319729
-0.00402099
0.190979
0.801179
-0.029021
0.801179
-0.029021
0.801179
-0.029021
0.801179
-0.029021
0.801179
-0.029021
0.801179
-0.029021
0.801179
-0.029021
0.801179
-0.029021
0.758774
0.050979
0.758774
0.050979
0.758774
0.050979
0.758774
0.050979
0.711575
0.107229
0.334702
0.520702
0.050979
0.758774
0.050979
0.758774
0.050979
0.758774
0.050979
0.758774
0.050979
0.758774
0.050979
0.758774
0.00472901
0.796228
0.00472901
0.796228
0.00472901
0.796228
-0.029021
0.801179
-0.029021
0.801179
-0.029021
0.801179
0.139729
0.556304
0.137229
0.143479
0.130979
0.099729
0.143479
0.127229
0.133479
0.133479
0.139729
0.130979
0.110979
0.130979
0.027229
0.149729
0.070979
0.143479
0.027229
0.139729
0.801179
-0.029021
0.801179
-0.029021
0.801179
-0.022771
0.796228
0.00472901
0.796228
0.00472901
0.796228
0.00472901
0.758774
0.050979
0.758774
0.050979
0.730804
0.0843123
0.730804
0.0843123
0.730804
0.0843123
0.730804
0.0843123
0.793239
0.00990596
0.334702
0.520702
0.050979
0.758774
0.050979
0.758774
0.050979
0.758774
0.050979
0.758774
0.050979
0.758774
0.050979
0.758774
0.050979
0.758774
-0.022771
0.801179
-0.022771
0.801179
-0.029021
0.801179
-0.029021
0.801179
-0.029021
0.801179
0.139729
0.556304
0.149729
0.0476457
0.133479
0.0913957
0.152229
0.0813957
0.145979
0.0776457
0.139729
0.0851457
0.139729
0.0751457
0.149729
0.0751457
0.099729
0.0851457
0.080979
0.0751457
0.801179
-0.029021
0.801179
-0.029021
0.801179
-0.029021
0.801179
-0.0248543
0.801179
-0.0123543
0.801179
-0.0248543
0.801179
-0.0123543
0.730804
0.0843123
0.716819
0.100979
0.716819
0.100979
0.716819
0.100979
0.801179
-0.00384766
0.793239
0.00990596
0.334702
0.520702
0.050979
0.758774
0.050979
0.758774
0.050979
0.758774
0.050979
0.758774
0.050979
0.758774
0.050979
0.758774
0.050979
0.758774
-0.022771
0.801179
-0.022771
0.801179
-0.029021
0.801179
-0.029021
0.801179
-0.029021
0.801179
0.139729
0.556304
0.149729
0.00910401
0.149729
0.050979
0.143479
0.067854
0.133479
0.074104
0.139729
0.067854
0.070979
0.091604
0.070979
0.065354
0.070979
0.091604
0.225979
-0.029021
0.801179
-0.012146
0.801179
-0.012146
0.801179
-0.012146
0.801179
-0.00902099
0.801179
-0.012146
0.801179
-0.012146
0.801179
-0.00902099
0.801179
-0.012146
0.708428
0.110979
0.708428
0.110979
0.708428
0.110979
0.801179
-0.00384766
0.793239
0.00990596
0.334702
0.520702
0.050979
0.758774
0.050979
0.758774
0.050979
0.758774
0.050979
0.758774
0.050979
0.758774
0.050979
0.758774
0.050979
0.758774
-0.022771
0.801179
-0.022771
0.801179
-0.029021
0.801179
-0.029021
0.801179
-0.029021
0.801179
0.139729
0.556304
0.149729
0.00347901
0.133479
0.058479
0.149729
0.063479
0.133479
0.039729
0.139729
0.014729
0.133479
0.049729
0.070979
0.055979
0.133479
0.043479
0.225979
-0.029021
0.801179
-0.029021
0.796949
0.00347901
0.796949
0.00347901
0.796949
0.00347901
0.796949
0.00347901
0.796949
0.00347901
0.796949
0.00347901
0.796949
0.00347901
0.666473
0.160979
0.666473
0.160979
0.666473
0.160979
0.801179
-0.00384766
0.793239
0.00990596
0.334702
0.508202
0.0843123
0.718304
0.0843123
0.718304
0.0843123
0.718304
0.0843123
0.718304
0.0843123
0.718304
-0.029021
0.788679
-0.029021
0.788679
-0.029021
0.788679
-0.029021
0.788679
-0.029021
0.788679
-0.029021
0.788679
-0.029021
0.788679
0.0751457
0.610496
0.0426457
-0.012771
0.0426457
-0.024021
0.0476457
-0.029021
0.0476457
0.012229
0.0426457
-0.024021
0.0426457
-0.024021
0.0426457
-0.024021
0.0376457
-0.016521
0.238479
-0.029021
0.801179
-0.016521
0.801179
-0.016521
0.801179
-0.016521
0.801179
-0.016521
0.746188
0.065979
0.746188
0.065979
0.746188
0.065979
0.666473
0.160979
0.801179
-0.00384766
0.801179
-0.00384766
0.801179
-0.00384766
0.801179
-0.00384766
0.784646
0.0201457
0.334702
0.520702
0.00990596
0.793239
-0.00384766
0.801179
-0.00384766
0.801179
-0.00384766
0.801179
-0.026521
0.801179
-0.029021
0.801179
-0.0248543
0.801179
-0.0248543
0.801179
-0.0248543
0.801179
-0.029021
0.801179
-0.029021
0.801179
-0.029021
0.801179
0.0751457
0.610496
0.0788957
0.199729
0.0751457
0.190979
0.0788957
0.190979
0.100146
0.319729
0.0613957
0.185979
-0.0123543
0.199729
0.012229
0.183479
-0.0123543
0.190979
-0.0123543
0.190979
0.801179
-0.029021
0.801179
-0.029021
0.801179
-0.029021
0.801179
-0.029021
0.801179
-0.016521
0.801179
-0.029021
0.801179
-0.029021
0.801179
-0.029021
0.758774
0.050979
0.758774
0.050979
0.758774
0.050979
0.758774
0.050979
0.704233
0.115979
0.334702
0.520702
0.0843123
0.730804
0.0843123
0.730804
0.0843123
0.730804
0.0843123
0.730804
0.0843123
0.730804
-0.0123543
0.801179
-0.0248543
0.801179
-0.0248543
0.801179
-0.0248543
0.801179
-0.029021
0.801179
-0.029021
0.801179
-0.029021
0.801179
0.0751457
0.610496
0.0788957
0.149729
0.0876457
0.130979
0.0751457
0.090979
0.0851457
0.133479
0.0476457
0.137229
0.00847901
0.139729
0.0913957
0.127229
0.0376457
0.143479
0.00847901
0.139729
0.801179
-0.00402099
0.801179
-0.029021
0.801179
-0.022771
0.801179
-0.022771
0.801179
-0.029021
0.758774
0.050979
0.758774
0.050979
0.758774
0.050979
0.730804
0.0843123
0.730804
0.0843123
0.730804
0.0843123
0.730804
0.0843123
0.667872
0.159312
0.334702
0.520702
0.0843123
0.730804
0.0843123
0.730804
0.0843123
0.730804
0.0843123
0.730804
0.0843123
0.730804
-0.0123543
0.801179
-0.0248543
0.801179
-0.0248543
0.801179
-0.0248543
0.801179
-0.029021
0.801179
-0.029021
0.801179
-0.029021
0.801179
0.0751457
0.610496
0.0788957
0.0576457
0.0751457
0.0913957
0.0751457
0.0663957
0.100146
0.100146
0.0751457
0.0976457
0.0813957
0.0913957
0.0576457
0.0751457
0.0876457
0.0851457
0.0476457
0.0751457
0.801179
-0.0123543
0.801179
-0.0248543
0.801179
-0.029021
0.801179
-0.0248543
0.801179
-0.0123543
0.801179
-0.0248543
0.801179
-0.0123543
0.730804
0.0843123
0.716819
0.100979
0.716819
0.100979
0.716819
0.100979
0.716819
0.100979
0.64602
0.185354
0.334702
0.520702
0.0843123
0.730804
0.0843123
0.730804
0.0843123
0.730804
0.0843123
0.730804
0.0843123
0.730804
-0.0123543
0.801179
-0.029021
0.801179
-0.0248543
0.801179
-0.0248543
0.801179
-0.029021
0.801179
-0.029021
0.801179
-0.029021
0.801179
0.0751457
0.610496
0.106396
0.024729
0.0726457
0.025979
0.0563957
0.065354
0.100146
0.074104
0.0876457
0.067854
0.0476457
0.091604
0.0376457
0.065354
0.0376457
0.091604
0.238479
-0.029021
0.801179
-0.012146
0.801179
-0.012146
0.801179
-0.012146
0.801179
-0.00902099
0.801179
-0.00902099
0.801179
-0.012146
0.801179
-0.00902099
0.801179
-0.012146
0.708428
0.110979
0.708428
0.110979
0.708428
0.110979
0.708428
0.110979
0.793239
0.00990596
0.334702
0.520702
0.0843123
0.730804
0.0843123
0.730804
0.0843123
0.730804
0.0843123
0.730804
0.0843123
0.730804
-0.0123543
0.801179
-0.0248543
0.801179
-0.0248543
0.801179
-0.0248543
0.801179
-0.029021
0.801179
-0.029021
0.801179
-0.029021
0.801179
0.0751457
0.610496
0.0726457
0.034729
0.0726457
0.045979
0.0563957
0.064729
0.0813957
0.039729
0.0663957
0.063479
0.0813957
0.049729
0.0376457
0.055979
0.0813957
0.043479
0.238479
-0.029021
0.801179
-0.026521
0.796949
0.00347901
0.796949
0.00347901
0.796949
0.00347901
0.796949
0.00347901
0.796949
0.00347901
0.796949
0.00347901
0.796949
0.00347901
0.666473
0.160979
0.666473
0.160979
0.666473
0.160979
0.666473
0.160979
0.793239
0.00990596
0.334702
0.508202
0.100979
0.704319
0.100979
0.704319
0.100979
0.704319
0.100979
0.704319
-0.012146
0.788679
-0.012146
0.788679
-0.012146
0.788679
-0.012146
0.788679
-0.012146
0.788679
-0.012146
0.788679
-0.012146
0.788679
-0.012146
0.788679
-0.029021
0.656513
0.059104
0.037229
0.025979
-0.024021
0.025979
0.017229
0.025979
0.035979
0.025979
-0.024021
0.025979
-0.024021
0.025979
-0.024021
0.020979
-0.016521
0.247854
-0.029021
0.801179
-0.016521
0.801179
-0.016521
0.801179
-0.016521
0.801179
-0.016521
0.746188
0.065979
0.746188
0.065979
0.746188
0.065979
0.666473
0.160979
0.801179
-0.00384766
0.801179
-0.00384766
0.801179
-0.00384766
0.801179
-0.00384766
0.784646
0.0201457
0.334702
0.520702
0.00990596
0.793239
-0.00384766
0.801179
-0.00384766
0.801179
-0.00384766
0.801179
-0.00714599
0.801179
-0.029021
0.801179
-0.0248543
0.801179
-0.0248543
0.801179
-0.012146
0.801179
-0.012146
0.801179
-0.012146
0.801179
-0.016521
0.801179
-0.029021
0.656513
0.091604
0.170979
-0.012771
0.314729
0.071604
0.189729
-0.016521
0.314729
0.025979
0.185979
-0.016521
0.190979
0.065354
0.189729
0.020979
0.314729
-0.016521
0.190979
0.801179
-0.029021
0.801179
-0.016521
0.801179
-0.029021
0.801179
-0.029021
0.801179
-0.029021
0.801179
-0.029021
0.801179
-0.029021
0.801179
-0.029021
0.758774
0.050979
0.758774
0.050979
0.758774
0.050979
0.758774
0.050979
0.704233
0.115979
0.334702
0.520702
0.00990596
0.793239
0.100979
0.716819
0.100979
0.716819
0.100979
0.716819
-0.012146
0.801179
-0.00902099
0.801179
-0.012146
0.801179
-0.012146
0.801179
-0.012146
0.801179
-0.012146
0.801179
-0.012146
0.801179
-0.012146
0.801179
-0.029021
0.656513
0.091604
0.070979
0.065354
0.074729
0.061604
0.100979
0.059104
0.133479
0.055354
0.137229
0.065354
0.152229
0.050979
0.149729
0.024729
0.143479
-0.000895989
0.139729
0.801179
-0.00402099
0.801179
-0.029021
0.801179
-0.022771
0.801179
-0.022771
0.801179
-0.029021
0.758774
0.050979
0.758774
0.050979
0.758774
0.050979
0.730804
0.0843123
0.730804
0.0843123
0.730804
0.0843123
0.730804
0.0843123
0.667872
0.159312
0.334702
0.520702
0.100979
0.716819
0.100979
0.716819
0.100979
0.716819
0.100979
0.716819
-0.012146
0.801179
-0.00902099
0.801179
-0.012146
0.801179
-0.012146
0.801179
-0.012146
0.801179
-0.012146
0.801179
-0.012146
0.801179
-0.012146
0.801179
-0.029021
0.656513
0.091604
0.0376457
0.091604
0.0476457
0.059104
0.0851457
0.049104
0.0663957
0.055354
0.111396
0.049104
0.0913957
0.025979
0.0726457
0.074104
0.0851457
0.047854
0.0751457
0.801179
-0.0123543
0.801179
-0.029021
0.801179
-0.029021
0.801179
-0.0248543
0.801179
-0.029021
0.801179
-0.0248543
0.801179
-0.0123543
0.730804
0.0843123
0.716819
0.100979
0.716819
0.100979
0.716819
0.100979
0.716819
0.100979
0.64602
0.185354
0.334702
0.520702
0.100979
0.716819
0.100979
0.716819
0.100979
0.716819
0.100979
0.716819
-0.012146
0.801179
-0.00902099
0.801179
-0.012146
0.801179
-0.012146
0.801179
-0.012146
0.801179
-0.012146
0.801179
-0.012146
0.801179
-0.012146
0.801179
-0.029021
0.656513
0.091604
0.024729
0.091604
0.030979
0.029729
0.029729
0.091604
0.039729
0.065354
0.065354
0.024729
0.091604
0.020979
0.091604
0.024729
0.091604
0.247854
-0.029021
0.801179
-0.012146
0.801179
-0.012146
0.801179
-0.012146
0.801179
-0.00902099
0.801179
-0.012146
0.801179
-0.012146
0.801179
-0.00902099
0.801179
-0.012146
0.708428
0.110979
0.708428
0.110979
0.708428
0.110979
0.708428
0.110979
0.632909
0.200979
0.334702
0.520702
0.100979
0.716819
0.100979
0.716819
0.100979
0.716819
0.100979
0.716819
-0.012146
0.801179
-0.00902099
0.801179
-0.012146
0.801179
-0.012146
0.801179
-0.012146
0.801179
-0.012146
0.801179
-0.012146
0.801179
-0.012146
0.801179
-0.029021
0.656513
0.091604
0.010979
0.059104
0.069729
0.024729
0.064729
0.091604
0.020979
0.055354
0.058479
0.065354
0.058479
0.020979
0.075979
0.059104
0.043479
0.247854
-0.029021
0.801179
-0.026521
0.796949
0.00347901
0.796949
0.00347901
0.796949
0.00347901
0.796949
0.00347901
0.796949
0.00347901
0.796949
0.00347901
0.796949
0.00347901
0.666473
0.160979
0.666473
0.160979
0.666473
0.160979
0.666473
0.160979
0.793239
0.00990596
0.334702
0.508202
0.110979
0.695928
0.110979
0.695928
0.110979
0.695928
0.110979
0.695928
0.00347901
0.784449
0.00347901
0.784449
0.00347901
0.784449
0.00347901
0.784449
0.00347901
0.784449
0.00347901
0.784449
0.00347901
0.784449
0.00347901
0.784449
-0.029021
0.656513
0.039729
0.037229
0.015979
-0.024021
0.015979
0.017229
0.015979
0.035979
0.015979
-0.024021
0.015979
-0.024021
0.015979
-0.024021
0.010979
-0.016521
0.253479
-0.029021
0.801179
-0.016521
0.801179
-0.016521
0.801179
-0.016521
0.801179
-0.016521
0.746188
0.065979
0.746188
0.065979
0.746188
0.065979
0.666473
0.160979
0.801179
-0.00384766
0.801179
-0.00384766
0.801179
-0.00384766
0.801179
-0.00384766
0.784646
0.0201457
0.334702
0.520702
0.00990596
0.793239
-0.00384766
0.801179
-0.00384766
0.801179
-0.00384766
0.801179
-0.026521
0.801179
-0.029021
0.801179
-0.0248543
0.801179
-0.0248543
0.801179
0.00347901
0.796949
0.00347901
0.796949
-0.019021
0.801179
-0.029021
0.801179
-0.029021
0.656513
0.049729
0.189729
0.045979
0.189729
-0.019021
0.190979
-0.019021
0.314729
0.015979
0.185979
-0.019021
0.199729
0.045979
0.189729
-0.00652099
0.190979
-0.019021
0.190979
0.801179
-0.029021
0.801179
-0.029021
0.801179
-0.029021
0.801179
-0.029021
0.801179
-0.029021
0.801179
-0.029021
0.801179
-0.029021
0.801179
-0.016521
0.758774
0.050979
0.758774
0.050979
0.758774
0.050979
0.758774
0.050979
0.704233
0.115979
0.334702
0.520702
0.00990596
0.793239
0.110979
0.708428
0.110979
0.708428
0.110979
0.708428
0.00347901
0.796949
0.00347901
0.796949
0.00347901
0.796949
0.00347901
0.796949
0.00347901
0.796949
0.00347901
0.796949
0.00347901
0.796949
-0.029021
0.801179
-0.029021
0.656513
0.043479
0.143479
0.045979
0.100979
-0.00652099
0.090979
0.039729
0.133479
0.033479
0.139729
0.010979
0.143479
-0.00652099
0.149729
0.049729
0.133479
-0.00652099
0.139729
0.801179
-0.00402099
0.801179
-0.029021
0.801179
-0.022771
0.801179
-0.022771
0.801179
-0.029021
0.758774
0.050979
0.758774
0.050979
0.758774
0.050979
0.730804
0.0843123
0.730804
0.0843123
0.730804
0.0843123
0.730804
0.0843123
0.667872
0.159312
0.334702
0.520702
0.110979
0.708428
0.110979
0.708428
0.110979
0.708428
0.110979
0.708428
0.00347901
0.796949
0.00347901
0.796949
0.00347901
0.796949
0.00347901
0.796949
0.00347901
0.796949
0.00347901
0.796949
0.00347901
0.796949
-0.029021
0.801179
-0.029021
0.656513
0.063479
0.0663957
0.063479
0.0776457
0.064729
0.0563957
0.037229
0.0776457
0.033479
0.0976457
0.033479
0.0913957
0.015979
0.0726457
0.049729
0.0851457
0.053479
0.0751457
0.801179
-0.0123543
0.801179
-0.029021
0.801179
-0.029021
0.801179
-0.0248543
0.801179
-0.029021
0.801179
-0.0248543
0.801179
-0.0123543
0.730804
0.0843123
0.716819
0.100979
0.716819
0.100979
0.716819
0.100979
0.716819
0.100979
0.64602
0.185354
0.334702
0.520702
0.110979
0.708428
0.110979
0.708428
0.110979
0.708428
0.110979
0.708428
0.00347901
0.796949
0.00347901
0.796949
0.00347901
0.796949
0.00347901
0.796949
0.00347901
0.796949
0.00347901
0.796949
0.00347901
0.796949
-0.029021
0.801179
-0.029021
0.656513
0.049729
0.050979
0.069729
0.085354
0.019729
0.025979
0.039729
0.065354
0.049729
0.065354
0.014729
0.091604
0.010979
0.065354
0.010979
0.080354
0.253479
-0.029021
0.801179
-0.012146
0.801179
-0.012146
0.801179
-0.012146
0.801179
-0.00902099
0.801179
-0.012146
0.801179
-0.012146
0.801179
-0.00902099
0.801179
-0.012146
0.708428
0.110979
0.708428
0.110979
0.708428
0.110979
0.708428
0.110979
0.632909
0.200979
0.334702
0.520702
0.110979
0.708428
0.110979
0.708428
0.110979
0.708428
0.110979
0.708428
0.00347901
0.796949
0.00347901
0.796949
0.00347901
0.796949
0.00347901
0.796949
0.00347901
0.796949
0.00347901
0.796949
0.00347901
0.796949
-0.029021
0.801179
-0.029021
0.656513
0.049729
0.029729
0.069729
0.043479
0.019729
0.025979
0.039729
0.039729
0.039729
0.058479
0.039729
0.069729
0.010979
0.055979
0.015979
0.015979
0.253479
-0.029021
0.801179
-0.026521
0.796949
0.00347901
0.796949
0.00347901
0.796949
0.00347901
0.796949
0.00347901
0.796949
0.00347901
0.796949
0.00347901
0.796949
0.00347901
