0.000124615
0.0942677
0.000124615
0.000124615
0.000124615
0.000124615
0.000124615
0.000124615
0.000124615
0.000124615
0.000124615
0.000124615
0.000124615
0.000124615
0.000124615
0.000124615
0.000124615
0.000124615
0.000124615
0.000124615
-0.0057323
0.000124615
0.0942677
0.000124615
0.0942677
0.000124615
0.0942677
0.000124615
0.0942677
0.000124615
-0.0057323
0.000124615
-0.0057323
0.000124615
-0.0057323
0.000124615
0.0942677
0.000124615
0.0942677
-0.0057323
0.0942677
-0.0057323
-0.0057323
-0.0057323
-0.0057323
0.0942677
-0.0057323
0.0942677
-0.0057323
0.0942677
-0.0057323
0.0942677
0.0942677
-0.0057323
-0.0057323
0.0942677
0.000124615
0.0942677
0.000124615
-0.0057323
0.000124615
-0.0057323
0.000124615
0.0942677
0.000124615
-0.0057323
0.000124615
0.0942677
0.000124615
0.0942677
0.000124615
-0.0057323
0.000124615
0.100112
0.000124615
0.100112
0.000124615
0.100112
0.000124615
0.100112
0.000124615
0.100112
0.000124615
0.100112
0.000124615
0.100112
0.000124615
0.100112
0.000124615
0.100112
0.000124615
0.100112
-0.0057323
0.100112
-0.0057323
0.100112
-0.0057323
0.100112
-0.0057323
0.100112
-0.0057323
0.100112
-0.0057323
0.100112
-0.0057323
0.100112
-0.0057323
0.100112
0.0942677
0.000124615
0.0942677
-0.0057323
0.0942677
-0.0057323
0.0942677
-0.0057323
0.0942677
-0.0057323
0.0942677
-0.0057323
0.0942677
-0.0057323
0.0942677
-0.0057323
0.0942677
-0.0057323
0.0942677
-0.0057323
0.100112
-0.0057323
0.100112
-0.0057323
0.100112
-0.0057323
0.100112
-0.0057323
0.100112
-0.0057323
0.100112
-0.0057323
0.100112
-0.0057323
0.100112
-0.0057323
0.000124615
0.115518
0.000124615
0.100112
0.000124615
0.100112
0.000124615
0.100112
0.000124615
0.100112
0.000124615
0.100112
0.000124615
0.100112
0.000124615
0.100112
0.000124615
0.100112
0.000124615
0.100112
-0.0057323
0.100112
-0.0057323
0.100112
-0.0057323
0.100112
-0.0057323
0.100112
-0.0057323
0.100112
-0.0057323
0.100112
-0.0057323
0.100112
-0.0057323
0.100112
0.0942677
0.000124615
0.0942677
-0.0057323
0.0942677
-0.0057323
0.0942677
-0.0057323
0.0942677
-0.0057323
0.0942677
-0.0057323
0.0942677
-0.0057323
0.0942677
-0.0057323
0.0942677
-0.0057323
0.0942677
-0.0057323
0.100112
-0.0057323
0.100112
-0.0057323
0.100112
-0.0057323
0.100112
-0.0057323
0.100112
-0.0057323
0.100112
-0.0057323
0.100112
-0.0057323
0.100112
-0.0057323
0.000124615
0.109268
0.000124615
0.100112
0.000124615
0.100112
0.000124615
0.100112
0.000124615
0.100112
0.000124615
0.100112
0.000124615
0.100112
0.000124615
0.100112
0.000124615
0.100112
0.000124615
0.100112
-0.0057323
0.100112
-0.0057323
0.100112
-0.0057323
0.100112
-0.0057323
0.100112
-0.0057323
0.100112
-0.0057323
0.100112
-0.0057323
0.100112
-0.0057323
0.100112
0.0942677
0.000124615
0.0942677
-0.0057323
0.0942677
-0.0057323
0.0942677
-0.0057323
0.0942677
-0.0057323
0.0942677
-0.0057323
0.0942677
-0.0057323
0.0942677
-0.0057323
0.0942677
-0.0057323
0.0942677
-0.0057323
0.100112
-0.0057323
0.100112
-0.0057323
0.100112
-0.0057323
0.100112
-0.0057323
0.100112
-0.0057323
0.100112
-0.0057323
0.100112
-0.0057323
0.100112
-0.0057323
0.000124615
0.109268
0.000124615
0.100112
0.000124615
0.100112
0.000124615
0.100112
0.000124615
0.100112
0.000124615
0.100112
0.000124615
0.100112
0.000124615
0.100112
0.000124615
0.100112
0.000124615
0.100112
-0.0057323
0.100112
-0.0057323
0.100112
-0.0057323
0.100112
-0.0057323
0.100112
-0.0057323
0.100112
-0.0057323
0.100112
-0.0057323
0.100112
-0.0057323
0.100112
0.0942677
0.000124615
0.0942677
-0.0057323
0.0942677
-0.0057323
0.0942677
-0.0057323
0.0942677
-0.0057323
0.0942677
-0.0057323
0.0942677
-0.0057323
0.0942677
-0.0057323
0.0942677
-0.0057323
0.0942677
-0.0057323
0.100112
-0.0057323
0.100112
-0.0057323
0.100112
-0.0057323
0.100112
-0.0057323
0.100112
-0.0057323
0.100112
-0.0057323
0.100112
-0.0057323
0.100112
-0.0057323
0.000124615
0.109268
0.000124615
0.100112
0.000124615
0.100112
0.000124615
0.100112
0.000124615
0.100112
0.000124615
0.100112
0.000124615
0.100112
0.000124615
0.100112
0.000124615
0.100112
0.000124615
0.100112
-0.0057323
0.100112
-0.0057323
0.100112
-0.0057323
0.100112
-0.0057323
0.100112
-0.0057323
0.100112
-0.0057323
0.100112
-0.0057323
0.100112
-0.0057323
0.100112
0.0942677
0.000124615
0.0942677
-0.0057323
0.0942677
-0.0057323
0.0942677
-0.0057323
0.0942677
-0.0057323
0.0942677
-0.0057323
0.0942677
-0.0057323
0.0942677
-0.0057323
0.0942677
-0.0057323
0.0942677
-0.0057323
0.100112
-0.0057323
0.100112
-0.0057323
0.100112
-0.0057323
0.100112
-0.0057323
0.100112
-0.0057323
0.100112
-0.0057323
0.100112
-0.0057323
0.100112
-0.0057323
0.100112
0.000124615
0.100112
0.000124615
0.100112
0.000124615
0.100112
0.000124615
0.100112
0.000124615
0.100112
0.000124615
0.100112
0.000124615
0.100112
0.000124615
0.100112
0.000124615
0.140112
0.000124615
-0.0057323
0.100112
-0.0057323
0.100112
-0.0057323
0.100112
-0.0057323
0.100112
-0.0057323
0.100112
-0.0057323
0.100112
-0.0057323
0.100112
-0.0057323
0.100112
-0.0057323
0.100112
-0.0057323
0.0942677
-0.0057323
0.0942677
-0.0057323
0.0942677
-0.0057323
0.0942677
-0.0057323
0.0942677
-0.0057323
0.0942677
-0.0057323
0.0942677
-0.0057323
0.0942677
-0.0057323
0.0942677
0.100112
-0.0057323
0.100112
-0.0057323
0.100112
-0.0057323
0.100112
-0.0057323
0.100112
-0.0057323
0.100112
-0.0057323
0.100112
-0.0057323
0.100112
-0.0057323
0.100112
0.000124615
0.100112
0.000124615
0.100112
0.000124615
0.100112
0.000124615
0.100112
0.000124615
0.000124615
0.100112
0.000124615
0.100112
0.000124615
0.100112
0.000124615
0.100112
0.000124615
0.100112
-0.00156563
0.100112
-0.00156563
0.100112
-0.00156563
0.100112
-0.00156563
0.100112
-0.00156563
0.100112
-0.00156563
0.100112
-0.00156563
0.100112
-0.00156563
0.100112
0.0692677
0.0368836
0.0442677
0.0442677
0.0442677
0.0442677
0.0442677
0.0442677
0.0442677
0.0442677
0.0442677
0.0442677
0.0442677
0.0442677
0.0442677
0.0442677
0.0442677
0.0442677
0.0192677
0.0692677
0.100112
-0.00156563
0.100112
-0.00156563
0.100112
-0.00156563
0.100112
-0.00156563
0.100112
-0.00156563
0.100112
-0.00156563
0.100112
-0.00156563
0.100112
-0.00156563
0.100112
0.000124615
0.100112
0.000124615
0.100112
0.000124615
0.100112
0.000124615
0.100112
0.000124615
0.000124615
0.100112
0.000124615
0.100112
0.000124615
0.100112
0.000124615
0.100112
0.000124615
0.100112
-0.00156563
0.100112
-0.00156563
0.100112
-0.00156563
0.100112
-0.00156563
0.100112
-0.00156563
0.100112
-0.00156563
0.100112
-0.00156563
0.100112
-0.00156563
0.100112
0.0442677
0.0630717
0.119268
0.021351
0.0442677
0.096351
0.119268
0.021351
0.119268
0.021351
0.119268
0.021351
0.0442677
0.096351
0.0192677
0.0755177
0.0192677
0.0755177
0.0192677
0.0755177
0.100112
-0.00364896
0.100112
-0.00364896
0.100112
-0.00364896
0.100112
-0.00364896
0.100112
-0.00364896
0.100112
-0.00364896
0.100112
-0.0057323
0.100112
-0.0057323
0.100112
0.000124615
0.100112
0.000124615
0.100112
0.000124615
0.100112
0.000124615
0.100112
0.000124615
0.000124615
0.100112
0.000124615
0.100112
0.000124615
0.100112
0.000124615
0.100112
0.000124615
0.100112
-0.00156563
0.100112
-0.00156563
0.100112
-0.00156563
0.100112
-0.00156563
0.100112
-0.00156563
0.100112
-0.00156563
0.100112
-0.00156563
0.100112
-0.00156563
0.100112
0.0692677
0.0368836
0.119268
0.0192677
0.0442677
0.052601
0.0442677
0.052601
0.119268
0.0192677
0.119268
0.0192677
0.0442677
0.0942677
0.0442677
0.052601
0.0442677
0.052601
0.0442677
0.052601
0.100112
-0.0057323
0.100112
-0.0057323
0.100112
-0.0057323
0.100112
-0.0057323
0.100112
-0.0057323
0.100112
-0.0057323
0.100112
-0.0057323
0.100112
-0.0057323
0.100112
0.000124615
0.100112
0.000124615
0.100112
0.000124615
0.100112
0.000124615
0.100112
0.000124615
0.000124615
0.100112
0.000124615
0.100112
0.000124615
0.100112
0.000124615
0.100112
0.000124615
0.100112
-0.00156563
0.100112
-0.00156563
0.100112
-0.00156563
0.100112
-0.00156563
0.100112
-0.00156563
0.100112
-0.00156563
0.100112
-0.00156563
0.100112
-0.00156563
0.100112
0.0692677
0.0368836
0.119268
0.0192677
0.0442677
0.0192677
0.0442677
0.0192677
0.119268
0.0192677
0.119268
0.0192677
0.0442677
0.0942677
0.0442677
0.0942677
0.0442677
0.0192677
0.0592677
-0.0057323
0.100112
-0.0057323
0.100112
-0.0057323
0.100112
-0.0057323
0.100112
-0.0057323
0.100112
-0.0057323
0.100112
-0.0057323
0.100112
-0.0057323
0.100112
-0.0057323
0.100112
0.000124615
0.100112
0.000124615
0.100112
0.000124615
0.100112
0.000124615
0.100112
0.000124615
0.000124615
0.100112
0.000124615
0.100112
0.000124615
0.100112
0.000124615
0.100112
0.000124615
0.100112
-0.00156563
0.100112
-0.00156563
0.100112
-0.00156563
0.100112
-0.00156563
0.100112
-0.00156563
0.100112
-0.00156563
0.100112
-0.00156563
0.100112
-0.00156563
0.100112
0.0692677
0.0368836
0.119268
0.0192677
0.0442677
0.0192677
0.0442677
0.0192677
0.119268
0.0192677
0.119268
0.0192677
0.0442677
0.0942677
0.0442677
0.0942677
0.0442677
0.0192677
0.0592677
-0.0057323
0.100112
-0.0057323
0.100112
-0.0057323
0.100112
-0.0057323
0.100112
-0.0057323
0.100112
-0.0057323
0.100112
-0.0057323
0.100112
-0.0057323
0.100112
-0.0057323
0.100112
0.000124615
0.100112
0.000124615
0.100112
0.000124615
0.100112
0.000124615
0.100112
0.000124615
0.100112
0.000124615
0.100112
0.000124615
0.100112
0.000124615
0.100112
0.000124615
0.140112
0.000124615
-0.0057323
0.100112
-0.0057323
0.100112
-0.0057323
0.100112
-0.0057323
0.100112
-0.0057323
0.100112
-0.0057323
0.100112
-0.0057323
0.100112
-0.0057323
0.100112
-0.0057323
0.100112
-0.0057323
0.0942677
-0.0057323
0.0942677
-0.0057323
0.0942677
-0.0057323
0.0942677
-0.0057323
0.0942677
-0.0057323
0.0942677
-0.0057323
0.0942677
-0.0057323
0.0942677
-0.0057323
0.0942677
0.100112
-0.0057323
0.100112
-0.0057323
0.100112
-0.0057323
0.100112
-0.0057323
0.100112
-0.0057323
0.100112
-0.0057323
0.100112
-0.0057323
0.100112
-0.0057323
0.100112
0.000124615
0.100112
0.000124615
0.100112
0.000124615
0.100112
0.000124615
0.100112
0.000124615
0.000124615
0.100112
0.000124615
0.100112
0.000124615
0.100112
0.000124615
0.100112
0.000124615
0.100112
-0.0057323
0.100112
-0.0057323
0.100112
-0.00364896
0.100112
-0.00364896
0.100112
-0.00364896
0.100112
-0.00364896
0.100112
-0.00364896
0.100112
-0.00364896
0.100112
0.0755177
0.0294351
0.0755177
0.0192677
0.0755177
0.0192677
0.021351
0.0442677
0.096351
0.0442677
0.021351
0.119268
0.021351
0.119268
0.052601
0.040101
0.021351
0.119268
0.021351
0.0442677
0.100112
-0.00156563
0.100112
-0.00156563
0.100112
-0.00156563
0.100112
-0.00156563
0.100112
-0.00156563
0.100112
-0.00156563
0.100112
-0.00156563
0.100112
-0.00156563
0.0735604
0.0317677
0.0735604
0.0317677
0.0735604
0.0317677
0.0735604
0.0317677
0.0735604
0.0317677
0.0544923
0.0544923
0.0317677
0.0735604
0.0317677
0.0735604
0.0317677
0.0735604
0.0317677
0.0735604
0.0317677
0.0735604
0.0317677
0.0735604
0.0317677
0.0735604
0.0317677
0.0735604
0.0317677
0.0735604
0.0317677
0.0735604
0.0317677
0.0735604
0.033851
0.0718123
0.033851
0.0718123
0.033851
0.052601
0.033851
0.052601
0.033851
0.052601
0.033851
0.052601
0.052601
0.033851
0.052601
0.033851
0.052601
0.033851
0.052601
0.033851
0.052601
0.033851
0.0718123
0.033851
0.0735604
0.0317677
0.0735604
0.0317677
0.0735604
0.0317677
0.0735604
0.0317677
0.0735604
0.0317677
0.0735604
0.0317677
0.0735604
0.0317677
0.100112
0.000124615
0.100112
0.000124615
0.0630717
0.0442677
0.0630717
0.0442677
0.0630717
0.0442677
0.0544923
0.0544923
0.0317677
0.0735604
0.0317677
0.0735604
0.0317677
0.0735604
0.0317677
0.0735604
0.0317677
0.0735604
0.0317677
0.0735604
0.0317677
0.0735604
0.0317677
0.0735604
0.0317677
0.0735604
0.0317677
0.0735604
0.0317677
0.0735604
0.0317677
0.0735604
0.0692677
0.0368836
0.0442677
0.0609344
0.0630177
0.0296844
0.0630177
0.0296844
0.0630177
0.0296844
0.0630177
0.0296844
0.0442677
0.0609344
0.0442677
0.0609344
0.0442677
0.0609344
0.0442677
0.0609344
0.0735604
0.0317677
0.0735604
0.0317677
0.0735604
0.0317677
0.0735604
0.0317677
0.0735604
0.0317677
0.0735604
0.0317677
0.0735604
0.0317677
0.0735604
0.0317677
0.100112
0.000124615
0.100112
0.000124615
0.100112
0.000124615
0.100112
0.000124615
0.0630717
0.0442677
0.0544923
0.0544923
0.0317677
0.0735604
0.0317677
0.0735604
0.0317677
0.0735604
0.0317677
0.0735604
0.0317677
0.0735604
0.0317677
0.0735604
0.0317677
0.0735604
0.0317677
0.0735604
0.0317677
0.0735604
0.0317677
0.0735604
0.0317677
0.0735604
0.0317677
0.0735604
0.0630177
0.0443321
0.0630177
0.0348927
0.0630177
0.0348927
0.0630177
0.0348927
0.0630177
0.0348927
0.0630177
0.0348927
0.0630177
0.0348927
0.0630177
0.0348927
0.0630177
0.0348927
0.052601
0.052601
0.0560792
0.052601
0.0560792
0.052601
0.0560792
0.052601
0.0560792
0.052601
0.0560792
0.052601
0.0560792
0.052601
0.0560792
0.052601
0.100112
-0.0057323
0.100112
0.000124615
0.100112
0.000124615
0.100112
0.000124615
0.100112
0.000124615
0.0630717
0.0442677
0.0544923
0.0544923
0.0317677
0.0735604
0.0317677
0.0735604
0.0317677
0.0735604
0.0317677
0.0735604
0.0317677
0.0735604
0.0317677
0.0735604
0.0317677
0.0735604
0.0317677
0.0735604
0.0317677
0.0735604
0.0317677
0.0735604
0.0317677
0.0735604
0.0317677
0.0735604
0.0630177
0.0443321
0.0630177
0.0405177
0.0630177
0.0405177
0.0630177
0.0405177
0.0630177
0.0405177
0.0630177
0.0405177
0.0630177
0.0405177
0.0630177
0.0405177
0.0630177
0.0405177
0.0630177
0.0405177
0.0662183
0.0405177
0.0662183
0.0405177
0.0662183
0.0405177
0.0662183
0.0405177
0.0662183
0.0405177
0.100112
-0.0057323
0.100112
-0.0057323
0.100112
-0.0057323
0.100112
0.000124615
0.100112
0.000124615
0.100112
0.000124615
0.100112
0.000124615
0.100112
0.000124615
0.100112
0.000124615
0.100112
0.000124615
0.100112
0.000124615
0.100112
0.000124615
0.140112
0.000124615
-0.0057323
0.100112
-0.0057323
0.100112
-0.0057323
0.100112
-0.0057323
0.100112
-0.0057323
0.100112
-0.0057323
0.100112
-0.0057323
0.100112
-0.0057323
0.100112
-0.0057323
0.100112
-0.0057323
0.0942677
-0.0057323
0.0942677
-0.0057323
0.0942677
-0.0057323
0.0942677
-0.0057323
0.0942677
-0.0057323
0.0942677
-0.0057323
0.0942677
-0.0057323
0.0942677
-0.0057323
0.0942677
0.100112
-0.0057323
0.100112
-0.0057323
0.100112
-0.0057323
0.100112
-0.0057323
0.100112
-0.0057323
0.100112
-0.0057323
0.100112
-0.0057323
0.100112
-0.0057323
0.100112
0.000124615
0.100112
0.000124615
0.100112
0.000124615
0.100112
0.000124615
0.100112
0.000124615
0.000124615
0.100112
0.000124615
0.100112
0.000124615
0.100112
0.000124615
0.100112
0.000124615
0.100112
-0.0057323
0.100112
-0.0057323
0.100112
-0.0057323
0.100112
-0.0057323
0.100112
-0.0057323
0.100112
-0.0057323
0.100112
-0.0057323
0.100112
-0.0057323
0.100112
0.052601
0.0560792
0.0192677
0.119268
0.052601
0.0442677
0.0942677
0.0442677
0.0192677
0.119268
0.0192677
0.119268
0.0192677
0.119268
0.0192677
0.0442677
0.0192677
0.119268
0.0317677
0.0692677
0.100112
-0.00156563
0.100112
-0.00156563
0.100112
-0.00156563
0.100112
-0.00156563
0.100112
-0.00156563
0.100112
-0.00156563
0.100112
-0.00156563
0.100112
-0.00156563
0.0735604
0.0317677
0.0735604
0.0317677
0.0735604
0.0317677
0.0735604
0.0317677
0.0735604
0.0317677
0.0544923
0.0544923
0.0442677
0.0630717
0.0442677
0.0630717
0.000124615
0.100112
0.000124615
0.100112
0.0317677
0.0735604
0.0317677
0.0735604
0.0317677
0.0735604
0.0317677
0.0735604
0.0317677
0.0735604
0.0317677
0.0735604
0.0317677
0.0735604
0.0317677
0.0735604
0.0609344
0.0468149
0.0609344
0.0442677
0.0609344
0.0442677
0.0609344
0.0442677
0.0609344
0.0442677
0.0296844
0.0630177
0.0609344
0.0442677
0.0609344
0.0442677
0.0609344
0.0442677
0.0317677
0.0692677
0.0735604
0.0317677
0.0735604
0.0317677
0.0735604
0.0317677
0.0735604
0.0317677
0.0735604
0.0317677
0.0735604
0.0317677
0.0735604
0.0317677
0.0735604
0.0317677
0.031918
0.0734344
0.031918
0.0734344
0.000124615
0.100112
0.000124615
0.100112
0.000124615
0.100112
0.100112
0.000124615
0.100112
0.000124615
0.100112
0.000124615
0.0734344
0.031918
0.0734344
0.031918
0.0734344
0.031918
0.0317677
0.0735604
0.0317677
0.0735604
0.0317677
0.0735604
0.0317677
0.0735604
0.0317677
0.0735604
0.0317677
0.0735604
0.0317677
0.0735604
0.0609344
0.0468149
0.104684
0.0296844
0.104684
0.0296844
0.104684
0.0296844
0.104684
0.0296844
0.104684
0.0296844
0.0296844
0.104684
0.0296844
0.104684
0.0296844
0.0296844
0.0317677
0.0609344
0.0735604
0.0317677
0.0735604
0.0317677
0.0735604
0.0317677
0.0735604
0.0317677
0.0735604
0.0317677
0.0735604
0.0317677
0.0735604
0.0317677
0.031918
0.0734344
0.000124615
0.100112
0.000124615
0.100112
0.100112
0.000124615
0.100112
0.000124615
0.100112
0.000124615
0.100112
0.000124615
0.100112
0.000124615
0.100112
0.000124615
0.100112
0.000124615
0.100112
0.000124615
0.0967677
0.000124615
0.0967677
0.000124615
0.0967677
0.000124615
0.0967677
0.000124615
0.0967677
0.000124615
0.0296844
0.0753086
0.0296844
0.0753086
0.0296844
0.0753086
0.0609344
0.0468149
0.0234344
0.0692677
0.0234344
0.0692677
0.0234344
0.0692677
0.0234344
0.0692677
0.0234344
0.0692677
0.0234344
0.0692677
0.0234344
0.0692677
0.0234344
0.0692677
0.0234344
0.0692677
0.0368836
0.0692677
0.0368836
0.0692677
0.0368836
0.0692677
0.0709383
0.0348927
0.0232281
0.080726
0.0232281
0.080726
0.0232281
0.080726
0.0232281
0.080726
0.000124615
0.100112
0.000124615
0.100112
0.100112
0.000124615
0.100112
0.000124615
0.100112
0.000124615
0.100112
0.000124615
0.100112
0.000124615
0.100112
0.000124615
0.100112
0.000124615
0.100112
0.000124615
0.0967677
0.000124615
0.0817677
0.0219867
0.0817677
0.0219867
0.0817677
0.0219867
0.0817677
0.0219867
0.0817677
0.0219867
0.0296844
0.0753086
0.0296844
0.0753086
0.0609344
0.0468149
0.0234344
0.0592677
0.0234344
0.0592677
0.0234344
0.0592677
0.0234344
0.0592677
0.0234344
0.0592677
0.0234344
0.0592677
0.0234344
0.0592677
0.0234344
0.0592677
0.0609344
0.0459344
0.0488011
0.0592677
0.0488011
0.0592677
0.0488011
0.0592677
0.0488011
0.0592677
0.0488011
0.0592677
0.000124615
0.100101
0.000124615
0.100101
0.000124615
0.100101
0.100112
0.000124615
0.100112
0.000124615
0.100112
0.000124615
0.100112
0.000124615
0.100112
0.000124615
0.100112
0.000124615
0.100112
0.000124615
0.100112
0.000124615
0.100112
0.000124615
0.140112
0.000124615
-0.0057323
0.100112
-0.0057323
0.100112
-0.0057323
0.100112
-0.0057323
0.100112
-0.0057323
0.100112
-0.0057323
0.100112
-0.0057323
0.100112
-0.0057323
0.100112
-0.0057323
0.100112
-0.0057323
0.0942677
-0.0057323
0.0942677
-0.0057323
0.0942677
-0.0057323
0.0942677
-0.0057323
0.0942677
-0.0057323
0.0942677
-0.0057323
0.0942677
-0.0057323
0.0942677
-0.0057323
0.0942677
0.100112
-0.0057323
0.100112
-0.0057323
0.100112
-0.0057323
0.100112
-0.0057323
0.100112
-0.0057323
0.100112
-0.0057323
0.100112
-0.0057323
0.100112
-0.0057323
0.100112
0.000124615
0.100112
0.000124615
0.100112
0.000124615
0.100112
0.000124615
0.100112
0.000124615
0.000124615
0.100112
0.000124615
0.100112
0.000124615
0.100112
0.000124615
0.100112
0.000124615
0.100112
-0.0057323
0.100112
-0.0057323
0.100112
-0.0057323
0.100112
-0.0057323
0.100112
-0.0057323
0.100112
-0.0057323
0.100112
-0.0057323
0.100112
-0.0057323
0.100112
-0.0057323
0.100112
0.0192677
0.119268
0.0192677
0.119268
0.0942677
0.0442677
0.0192677
0.0442677
0.0192677
0.119268
0.0192677
0.119268
0.0192677
0.0442677
0.0192677
0.119268
0.0223927
0.0692677
0.100112
-0.00156563
0.100112
-0.00156563
0.100112
-0.00156563
0.100112
-0.00156563
0.100112
-0.00156563
0.100112
-0.00156563
0.100112
-0.00156563
0.100112
-0.00156563
0.0735604
0.0317677
0.0735604
0.0317677
0.0735604
0.0317677
0.0735604
0.0317677
0.0735604
0.0317677
0.0544923
0.0544923
0.000124615
0.100112
0.000124615
0.100112
0.000124615
0.100112
0.000124615
0.100112
-0.0057323
0.100112
0.052601
0.0560792
0.052601
0.0560792
0.052601
0.0560792
0.052601
0.0560792
0.052601
0.0560792
0.052601
0.0560792
0.052601
0.0560792
0.052601
0.0560792
0.0348927
0.0630177
0.0348927
0.0630177
0.0348927
0.0630177
0.0348927
0.0630177
0.0348927
0.0630177
0.0348927
0.0630177
0.0348927
0.0630177
0.0348927
0.0630177
0.0348927
0.0630177
0.0735604
0.0317677
0.0735604
0.0317677
0.0735604
0.0317677
0.0735604
0.0317677
0.0735604
0.0317677
0.0735604
0.0317677
0.0735604
0.0317677
0.0735604
0.0317677
0.000124615
0.100112
0.000124615
0.100112
0.000124615
0.100112
0.000124615
0.100112
0.000124615
0.100112
0.000124615
0.100112
0.000124615
0.100112
0.000124615
0.100112
0.100112
0.000124615
0.100112
0.000124615
0.080726
0.0232281
0.080726
0.0232281
0.080726
0.0232281
0.080726
0.0232281
0.0348927
0.0709383
0.0692677
0.0368836
0.0692677
0.0368836
0.0692677
0.0368836
0.0692677
0.0368836
0.0692677
0.0234344
0.0692677
0.0234344
0.0692677
0.0234344
0.0692677
0.0234344
0.0692677
0.0234344
0.0692677
0.0234344
0.0692677
0.0234344
0.0692677
0.0234344
0.0411427
0.0609344
0.0753086
0.0296844
0.0753086
0.0296844
0.0753086
0.0296844
0.000124615
0.0967677
0.000124615
0.0967677
0.000124615
0.0967677
0.000124615
0.0967677
0.000124615
0.0967677
0.000124615
0.100112
0.000124615
0.100112
0.000124615
0.100112
0.000124615
0.100112
0.000124615
0.100112
0.100112
0.000124615
0.100112
0.000124615
0.100112
0.000124615
0.100112
0.000124615
0.100112
0.000124615
0.080726
0.0232281
0.080726
0.0232281
0.080726
0.0232281
0.080726
0.0232281
0.0692677
0.0368836
0.0692677
0.0368836
0.0692677
0.0368836
0.0692677
0.0368836
0.0692677
0.0368836
0.0473927
0.0473927
0.0473927
0.0473927
0.0473927
0.0473927
0.0473927
0.0473927
0.0473927
0.0473927
0.0473927
0.0473927
0.0473927
0.0473927
0.0473927
0.0473927
0.0192677
0.0692677
0.0368836
0.0692677
0.0368836
0.0692677
0.0368836
0.0692677
0.0368836
0.0692677
0.0232281
0.080726
0.0232281
0.080726
0.0232281
0.080726
0.0232281
0.080726
0.000124615
0.100112
0.000124615
0.100112
0.000124615
0.100112
0.000124615
0.100112
0.100112
0.000124615
0.100112
0.000124615
0.100112
0.000124615
0.100112
0.000124615
0.100112
0.000124615
0.100112
0.000124615
0.080726
0.0232281
0.080726
0.0232281
0.080726
0.0232281
0.080726
0.0232281
0.0692677
0.0368836
0.0692677
0.0368836
0.0692677
0.0368836
0.0692677
0.0368836
0.0692677
0.0368836
0.0473927
0.0317677
0.0473927
0.0317677
0.0473927
0.0317677
0.0473927
0.0317677
0.0473927
0.0317677
0.0473927
0.0317677
0.0473927
0.0317677
0.0473927
0.0317677
0.0609344
0.0459344
0.0488011
0.0592677
0.0488011
0.0592677
0.0488011
0.0592677
0.0488011
0.0592677
0.0488011
0.0592677
0.000124615
0.100101
0.000124615
0.100101
0.000124615
0.100101
0.100112
0.000124615
0.100112
0.000124615
0.100112
0.000124615
0.100112
0.000124615
0.100112
0.000124615
0.100112
0.000124615
0.100112
0.000124615
0.100112
0.000124615
0.100112
0.000124615
0.140112
0.000124615
-0.0057323
0.100112
-0.0057323
0.100112
-0.0057323
0.100112
-0.0057323
0.100112
-0.0057323
0.100112
-0.0057323
0.100112
-0.0057323
0.100112
-0.0057323
0.100112
-0.0057323
0.100112
-0.0057323
0.0942677
-0.0057323
0.0942677
-0.0057323
0.0942677
-0.0057323
0.0942677
-0.0057323
0.0942677
-0.0057323
0.0942677
-0.0057323
0.0942677
-0.0057323
0.0942677
-0.0057323
0.0942677
0.100112
-0.0057323
0.100112
-0.0057323
0.100112
-0.0057323
0.100112
-0.0057323
0.100112
-0.0057323
0.100112
-0.0057323
0.100112
-0.0057323
0.100112
-0.0057323
0.100112
0.000124615
0.100112
0.000124615
0.100112
0.000124615
0.100112
0.000124615
0.100112
0.000124615
0.000124615
0.100112
0.000124615
0.100112
0.000124615
0.100112
0.000124615
0.100112
0.000124615
0.100112
-0.0057323
0.100112
-0.0057323
0.100112
-0.0057323
0.100112
-0.0057323
0.100112
-0.0057323
0.100112
-0.0057323
0.100112
-0.0057323
0.100112
-0.0057323
0.100112
-0.0057323
0.100112
0.0942677
0.0442677
0.0192677
0.0442677
0.0942677
0.0442677
0.0192677
0.119268
0.0192677
0.119268
0.0192677
0.119268
0.0192677
0.0442677
0.0192677
0.119268
0.0192677
0.0692677
0.100112
-0.00156563
0.100112
-0.00156563
0.100112
-0.00156563
0.100112
-0.00156563
0.100112
-0.00156563
0.100112
-0.00156563
0.100112
-0.00156563
0.100112
-0.00156563
0.0735604
0.0317677
0.0735604
0.0317677
0.0735604
0.0317677
0.0735604
0.0317677
0.0735604
0.0317677
0.0544923
0.0544923
0.000124615
0.100112
0.000124615
0.100112
0.000124615
0.100112
0.000124615
0.100112
-0.0057323
0.100112
-0.0057323
0.100112
-0.0057323
0.100112
0.0405177
0.0662183
0.0405177
0.0662183
0.0405177
0.0662183
0.0405177
0.0662183
0.0405177
0.0662183
0.0405177
0.0662183
0.0405177
0.0630177
0.0405177
0.0630177
0.0405177
0.0630177
0.0405177
0.0630177
0.0405177
0.0630177
0.0405177
0.0630177
0.0405177
0.0630177
0.0405177
0.0630177
0.0405177
0.0630177
0.0735604
0.0317677
0.0735604
0.0317677
0.0735604
0.0317677
0.0735604
0.0317677
0.0735604
0.0317677
0.0735604
0.0317677
0.0735604
0.0317677
0.0735604
0.0317677
0.000124615
0.100112
0.000124615
0.100112
0.000124615
0.100112
0.000124615
0.100112
0.000124615
0.100112
0.000124615
0.100112
0.000124615
0.100112
0.000124615
0.100112
0.100112
0.000124615
0.100112
0.000124615
0.100101
0.000124615
0.100101
0.000124615
0.100101
0.000124615
0.0592677
0.0488011
0.0592677
0.0488011
0.0592677
0.0488011
0.0592677
0.0488011
0.0592677
0.0488011
0.0459344
0.0616732
0.0592677
0.0234344
0.0592677
0.0234344
0.0592677
0.0234344
0.0317677
0.0734344
0.0317677
0.0734344
0.0317677
0.0734344
0.0592677
0.0234344
0.0592677
0.0234344
0.0467677
0.0609344
0.0753086
0.0296844
0.0753086
0.0296844
0.0219867
0.0817677
0.0219867
0.0817677
0.0219867
0.0817677
0.0219867
0.0817677
0.0219867
0.0817677
0.000124615
0.0967677
0.000124615
0.100112
0.000124615
0.100112
0.000124615
0.100112
0.000124615
0.100112
0.000124615
0.100112
0.000124615
0.100112
0.100112
0.000124615
0.100112
0.000124615
0.100112
0.000124615
0.100112
0.000124615
0.100101
0.000124615
0.100101
0.000124615
0.100101
0.000124615
0.0592677
0.0488011
0.0592677
0.0488011
0.0592677
0.0488011
0.0592677
0.0488011
0.0592677
0.0488011
0.0459344
0.0616732
0.0317677
0.0473927
0.0317677
0.0473927
0.0317677
0.0473927
0.0317677
0.0473927
0.0317677
0.0473927
0.0317677
0.0473927
0.0317677
0.0473927
0.0317677
0.0473927
0.0192677
0.0692677
0.0368836
0.0692677
0.0368836
0.0692677
0.0368836
0.0692677
0.0368836
0.0692677
0.0232281
0.080726
0.0232281
0.080726
0.0232281
0.080726
0.0232281
0.080726
0.000124615
0.100112
0.000124615
0.100112
0.000124615
0.100112
0.000124615
0.100112
0.000124615
0.100112
0.100112
0.000124615
0.100112
0.000124615
0.100112
0.000124615
0.100112
0.000124615
0.100112
0.000124615
0.100101
0.000124615
0.100101
0.000124615
0.100101
0.000124615
0.0592677
0.0488011
0.0592677
0.0488011
0.0592677
0.0488011
0.0592677
0.0488011
0.0592677
0.0488011
0.0459344
0.0616732
0.0192677
0.0792677
0.0192677
0.0792677
0.0792677
0.0192677
0.0792677
0.0192677
0.0792677
0.0192677
0.0192677
0.0792677
0.0792677
0.0192677
0.0192677
0.0792677
0.0609344
0.0459344
0.0488011
0.0592677
0.0488011
0.0592677
0.0488011
0.0592677
0.0488011
0.0592677
0.0488011
0.0592677
0.000124615
0.100101
0.000124615
0.100101
0.000124615
0.100101
