0.0172565
-6.86823
0.0172565
0.0209564
0.0172565
0.0209564
0.0172565
0.0209564
0.0172565
0.0209564
0.0209564
0.0172565
0.0209564
0.0172565
0.0209564
0.0172565
0.0209564
0.0172565
0.0209564
0.0172565
0.0209564
0.0172565
-6.46913
0.0172565
-6.84144
0.0172565
-6.82461
0.0172565
-6.6173
0.0172565
-6.82461
0.0172565
-6.84788
0.0172565
-6.79985
0.0172565
-6.63846
0.0172565
-6.5668
0.0172565
-6.87538
-0.0251808
-6.74981
-6.63846
-6.52198
-6.67194
-6.79985
-6.74824
-6.36114
-6.36114
-6.52198
-6.36114
-6.82461
-6.74981
-6.6173
-6.51446
-6.82461
-6.66806
-6.75231
-6.75231
-6.82336
-6.77365
0.0172565
-6.6173
0.0172565
-6.82461
0.0172565
-6.6173
0.0172565
-6.63846
0.0172565
-6.5668
0.0172565
-6.6173
0.0172565
-6.82461
0.0172565
-6.84144
0.0172565
-6.46913
0.0172565
-6.86823
0.0172565
0.0209564
0.0172565
0.0209564
0.0172565
0.0209564
0.0172565
0.0209564
0.0172565
0.0209564
0.0172565
0.0209564
0.0172565
0.0209564
0.0172565
0.0209564
0.0172565
0.0209564
0.0172565
0.0209564
-6.74587
0.0209564
-6.69609
0.0209564
-6.86644
0.0209564
-6.71163
0.0209564
-6.4472
0.0209564
-6.4472
0.0209564
-6.80513
0.0209564
-6.86644
0.0209564
-6.5668
0.0172565
-6.87538
-0.0251808
-6.6173
-6.7548
-6.7268
-6.77901
-6.87538
-6.48446
-6.36114
-6.50198
-6.71876
-6.49989
-6.87538
-6.73981
-6.6173
-6.39448
-6.82461
-6.62096
-6.63846
-6.48446
-6.86644
-6.65755
0.0172565
-6.62846
0.0172565
-6.62846
0.0172565
-6.83788
0.0172565
-6.62846
0.0172565
-6.62846
0.0172565
-6.73785
0.0172565
-6.83788
0.0172565
-6.81461
0.0172565
-6.81461
0.0172565
-6.86823
0.0172565
0.0209564
0.0172565
0.0209564
0.0172565
0.0209564
0.0172565
0.0209564
0.0172565
0.0209564
0.0172565
0.0209564
0.0172565
0.0209564
0.0172565
0.0209564
0.0172565
0.0209564
0.0172565
0.0209564
-6.74587
0.0209564
-6.69609
0.0209564
-6.86644
0.0209564
-6.71163
0.0209564
-6.4472
0.0209564
-6.4472
0.0209564
-6.80513
0.0209564
-6.86644
0.0209564
-6.76141
0.0172565
-6.87538
-0.0251808
-6.7373
-6.52753
-6.82461
-6.64557
-6.51446
-6.45398
-6.36114
-6.43198
-6.71876
-6.49989
-6.87538
-6.73981
-6.6173
-6.81211
-6.46557
-6.45398
-6.75231
-6.52753
-6.86644
-6.45398
0.0172565
-6.62846
0.0172565
-6.62846
0.0172565
-6.83788
0.0172565
-6.62846
0.0172565
-6.62846
0.0172565
-6.45398
0.0172565
-6.83788
0.0172565
-6.81461
0.0172565
-6.81461
0.0172565
-6.86823
0.0172565
0.0209564
0.0172565
0.0209564
0.0172565
0.0209564
0.0172565
0.0209564
0.0172565
0.0209564
0.0172565
0.0209564
0.0172565
0.0209564
0.0172565
0.0209564
0.0172565
0.0209564
0.0172565
0.0209564
-6.74587
0.0209564
-6.69609
0.0209564
-6.86644
0.0209564
-6.71163
0.0209564
-6.4472
0.0209564
-6.4472
0.0209564
-6.80513
0.0209564
-6.86644
0.0209564
-6.76141
0.0172565
-6.87538
-0.0251808
-6.87538
-6.81211
-6.73274
-6.2524
-6.71929
-6.70929
-6.36114
-6.43198
-6.71876
-6.49989
-6.87538
-6.73981
-6.6173
-6.2449
-6.82461
-6.62096
-6.75314
-6.4453
-6.86644
-6.41538
0.0172565
-6.62846
0.0172565
-6.62846
0.0172565
-6.2524
0.0172565
-6.62846
0.0172565
-6.62846
0.0172565
-6.41538
0.0172565
-6.83788
0.0172565
-6.81461
0.0172565
-6.25694
0.0172565
-6.86823
0.0172565
0.0209564
0.0172565
0.0209564
0.0172565
0.0209564
0.0172565
0.0209564
0.0172565
0.0209564
0.0172565
0.0209564
0.0172565
0.0209564
0.0172565
0.0209564
0.0172565
0.0209564
0.0172565
0.0209564
-6.74587
0.0209564
-6.69609
0.0209564
-6.86644
0.0209564
-6.71163
0.0209564
-6.4472
0.0209564
-6.4472
0.0209564
-6.80513
0.0209564
-6.86644
0.0209564
-6.76141
0.0172565
-6.87538
-0.0251808
-6.87538
-6.81211
-6.82461
-6.64557
-6.71929
-6.70929
-6.36114
-6.43198
-6.71876
-6.49989
-6.87538
-6.73981
-6.6173
-6.81211
-6.82461
-6.62096
-6.75314
-6.4453
-6.86644
-6.26905
0.0172565
-6.62846
0.0172565
-6.62846
0.0172565
-6.83788
0.0172565
-6.62846
0.0172565
-6.62846
0.0172565
-6.83788
0.0172565
-6.83788
0.0172565
-6.81461
0.0172565
-6.17398
0.0172565
-6.86823
0.0172565
0.0209564
0.0172565
0.0209564
0.0172565
0.0209564
0.0172565
0.0209564
0.0172565
0.0209564
0.0172565
0.0209564
0.0172565
0.0209564
0.0172565
0.0209564
0.0172565
0.0209564
0.0172565
0.0209564
-6.74587
0.0209564
-6.69609
0.0209564
-6.86644
0.0209564
-6.71163
0.0209564
-6.4472
0.0209564
-6.4472
0.0209564
-6.80513
0.0209564
-6.86644
0.0209564
-6.76141
0.0172565
-6.87538
-0.0251808
-6.87538
-6.81211
-6.82461
-6.64557
-6.71929
-6.70929
-6.36114
-6.43198
-6.71876
-6.49989
-6.87538
-6.73981
-6.6173
-6.81211
-6.82461
-6.62096
-6.75314
-6.4453
-6.86644
-6.26905
0.0172565
-6.62846
0.0172565
-6.62846
0.0172565
-6.83788
0.0172565
-6.62846
0.0172565
-6.62846
0.0172565
-6.83788
0.0172565
-6.83788
0.0172565
-6.81461
0.0172565
-6.17398
0.0209564
0
0.0209564
0.0172565
0.0209564
0.0172565
0.0209564
0.0172565
0.0209564
0.0172565
0.0209564
0.0172565
0.0209564
0.0172565
0.0209564
0.0172565
0.0209564
0.0172565
0.0209564
0.0172565
0.0209564
0.0172565
-6.5873
0.0172565
-6.62846
0.0172565
-6.83788
0.0172565
-6.73785
0.0172565
-6.65755
0.0172565
-6.83788
0.0172565
-6.62846
0.0172565
-6.73785
0.0172565
-6.81461
0.0172565
-6.87538
-0.0251808
-6.81211
-6.63846
-6.63194
-6.67194
-6.81461
-6.74824
-6.62846
-6.25364
-6.81922
-6.6173
-6.81211
-6.63846
-6.81211
-6.6173
-6.81336
-6.50989
-6.62846
-6.51446
-6.81336
-6.77365
0.0172565
-6.82461
0.0209564
-6.86644
0.0209564
-6.86644
0.0209564
-6.64663
0.0209564
-6.79336
0.0209564
-6.74587
0.0209564
-6.86644
0.0209564
-6.45663
0.0209564
-6.41804
0.0209564
0.0172565
0.0209564
0.0172565
0.0209564
0.0172565
0.0209564
0.0172565
0.0209564
0.0172565
0.0209564
0.0172565
0.0172565
0.0209564
0.0172565
0.0209564
0.0172565
0.0209564
0.0172565
0.0209564
0.0172565
0.0209564
-6.81211
0.0209564
-6.83194
0.0209564
-6.83788
0.0209564
-6.81211
0.0209564
-6.65005
0.0209564
-6.7268
0.0209564
-6.81211
0.0209564
-6.81211
0.0209564
-6.81211
0.0209564
-6.87538
-0.0251808
-6.62846
-6.58398
-6.68648
-6.68648
-6.87538
-6.48446
-6.62846
-6.45557
-6.49989
-6.63269
-6.87538
-6.73981
-6.87538
-6.64557
-6.81336
-6.49989
-6.81211
-6.81461
-6.87538
-6.65755
0.0209564
-6.81211
0.0209564
-6.81211
0.0209564
-6.65005
0.0209564
-6.81211
0.0209564
-6.81211
0.0209564
-6.81972
0.0209564
-6.81211
0.0209564
-6.83194
0.0209564
-6.81211
0.0209564
0.0172565
0.0209564
0.0172565
0.0209564
0.0172565
0.0209564
0.0172565
0.0209564
0.0172565
0.0209564
0.0172565
0.0172565
0.0209564
0.0172565
0.0209564
0.0172565
0.0209564
0.0172565
0.0209564
0.0172565
0.0209564
-6.81211
0.0209564
-6.83194
0.0209564
-6.83788
0.0209564
-6.81211
0.0209564
-6.65005
0.0209564
-6.7268
0.0209564
-6.81211
0.0209564
-6.81211
0.0209564
-6.81211
0.0209564
-6.87538
-0.0251808
-6.81211
-6.49834
-6.81211
-6.87538
-6.72991
-6.55944
-6.62846
-6.45557
-6.77681
-6.45769
-6.87538
-6.73981
-6.87538
-6.64557
-6.86731
-6.45398
-6.81211
-6.81461
-6.87538
-6.45398
0.0209564
-6.81211
0.0209564
-6.81211
0.0209564
-6.6673
0.0209564
-6.81211
0.0209564
-6.81211
0.0209564
-6.70985
0.0209564
-6.81211
0.0209564
-6.81211
0.0209564
-6.81211
0.0209564
0.0172565
0.0209564
0.0172565
0.0209564
0.0172565
0.0209564
0.0172565
0.0209564
0.0172565
0.0209564
0.0172565
0.0172565
0.0209564
0.0172565
0.0209564
0.0172565
0.0209564
0.0172565
0.0209564
0.0172565
0.0209564
-6.81211
0.0209564
-6.83194
0.0209564
-6.83788
0.0209564
-6.81211
0.0209564
-6.65005
0.0209564
-6.7268
0.0209564
-6.81211
0.0209564
-6.81211
0.0209564
-6.81211
0.0209564
-6.87538
-0.0251808
-6.81211
-6.44755
-6.79253
-6.2524
-6.73597
-6.44131
-6.62846
-6.45557
-6.63269
-6.49989
-6.87538
-6.73981
-6.87538
-6.64557
-6.81336
-6.49989
-6.81211
-6.81461
-6.87538
-6.41538
0.0209564
-6.81211
0.0209564
-6.81211
0.0209564
-6.38503
0.0209564
-6.81211
0.0209564
-6.81211
0.0209564
-6.70985
0.0209564
-6.81211
0.0209564
-6.4098
0.0209564
-6.81211
0.0209564
0.0172565
0.0209564
0.0172565
0.0209564
0.0172565
0.0209564
0.0172565
0.0209564
0.0172565
0.0209564
0.0172565
0.0172565
0.0209564
0.0172565
0.0209564
0.0172565
0.0209564
0.0172565
0.0209564
0.0172565
0.0209564
-6.81211
0.0209564
-6.83194
0.0209564
-6.83788
0.0209564
-6.81211
0.0209564
-6.65005
0.0209564
-6.7268
0.0209564
-6.81211
0.0209564
-6.81211
0.0209564
-6.81211
0.0209564
-6.87538
-0.0251808
-6.81211
-6.44755
-6.81211
-6.87538
-6.7548
-6.17398
-6.62846
-6.45557
-6.63269
-6.49989
-6.87538
-6.73981
-6.87538
-6.64557
-6.81336
-6.49989
-6.81211
-6.81461
-6.87538
-6.26905
0.0209564
-6.81211
0.0209564
-6.81211
0.0209564
-6.83788
0.0209564
-6.81211
0.0209564
-6.81211
0.0209564
-6.70985
0.0209564
-6.81211
0.0209564
-6.81211
0.0209564
-6.81211
0.0209564
0.0172565
0.0209564
0.0172565
0.0209564
0.0172565
0.0209564
0.0172565
0.0209564
0.0172565
0.0209564
0.0172565
0.0172565
0.0209564
0.0172565
0.0209564
0.0172565
0.0209564
0.0172565
0.0209564
0.0172565
0.0209564
-6.81211
0.0209564
-6.83194
0.0209564
-6.83788
0.0209564
-6.81211
0.0209564
-6.65005
0.0209564
-6.7268
0.0209564
-6.81211
0.0209564
-6.81211
0.0209564
-6.81211
0.0209564
-6.87538
-0.0251808
-6.81211
-6.44755
-6.81211
-6.87538
-6.7548
-6.17398
-6.62846
-6.45557
-6.63269
-6.49989
-6.87538
-6.73981
-6.87538
-6.64557
-6.81336
-6.49989
-6.81211
-6.81461
-6.87538
-6.26905
0.0209564
-6.81211
0.0209564
-6.81211
0.0209564
-6.83788
0.0209564
-6.81211
0.0209564
-6.81211
0.0209564
-6.70985
0.0209564
-6.81211
0.0209564
-6.81211
0.0209564
-6.81211
0.0209564
0
0.0209564
0.0172565
0.0209564
0.0172565
0.0209564
0.0172565
0.0209564
0.0172565
0.0209564
0.0172565
0.0209564
0.0172565
0.0209564
0.0172565
0.0209564
0.0172565
0.0209564
0.0172565
0.0209564
0.0172565
-6.45398
0.0172565
-6.62846
0.0172565
-6.83788
0.0172565
-6.45398
0.0172565
-6.81461
0.0172565
-6.83788
0.0172565
-6.62846
0.0172565
-6.70985
0.0172565
-6.81461
0.0172565
-6.87538
-0.0251808
-6.81211
-6.63846
-6.52753
-6.75231
-6.81461
-6.74824
-6.62846
-6.25364
-6.81461
-6.51446
-6.81211
-6.63846
-6.45398
-6.57682
-6.81336
-6.50989
-6.62846
-6.51446
-6.81336
-6.77365
0.0172565
-6.81818
0.0209564
-6.86644
0.0209564
-6.86644
0.0209564
-6.64663
0.0209564
-6.79336
0.0209564
-6.74587
0.0209564
-6.86644
0.0209564
-6.45663
0.0209564
-6.41804
0.0209564
0.0172565
0.0209564
0.0172565
0.0209564
0.0172565
0.0209564
0.0172565
0.0209564
0.0172565
0.0209564
0.0172565
0.0172565
0.0209564
0.0172565
0.0209564
0.0172565
0.0209564
0.0172565
0.0209564
0.0172565
0.0209564
-6.81211
0.0209564
-6.81211
0.0209564
-6.83788
0.0209564
-6.81211
0.0209564
-6.66251
0.0209564
-6.54655
0.0209564
-6.81211
0.0209564
-6.81211
0.0209564
-6.81211
0.0209564
-6.87538
-0.0251808
-6.62846
-6.58398
-6.81211
-6.87538
-6.45398
-6.48446
-6.62846
-6.45557
-6.49989
-6.63269
-6.87538
-6.73981
-6.45398
-6.64557
-6.81336
-6.49989
-6.81211
-6.81461
-6.87538
-6.65755
0.0209564
-6.81211
0.0209564
-6.81211
0.0209564
-6.65005
0.0209564
-6.81211
0.0209564
-6.81211
0.0209564
-6.81972
0.0209564
-6.81211
0.0209564
-6.83194
0.0209564
-6.81211
0.0209564
0.0172565
0.0209564
0.0172565
0.0209564
0.0172565
0.0209564
0.0172565
0.0209564
0.0172565
0.0209564
0.0172565
0.0172565
0.0209564
0.0172565
0.0209564
0.0172565
0.0209564
0.0172565
0.0209564
0.0172565
0.0209564
-6.81211
0.0209564
-6.81211
0.0209564
-6.83788
0.0209564
-6.81211
0.0209564
-6.66251
0.0209564
-6.54655
0.0209564
-6.81211
0.0209564
-6.81211
0.0209564
-6.81211
0.0209564
-6.87538
-0.0251808
-6.81211
-6.49834
-6.81211
-6.87538
-6.63898
-6.45398
-6.62846
-6.45557
-6.57648
-6.57648
-6.87538
-6.73981
-6.45398
-6.64557
-6.86731
-6.45398
-6.81211
-6.81461
-6.87538
-6.45398
0.0209564
-6.81211
0.0209564
-6.81211
0.0209564
-6.6673
0.0209564
-6.81211
0.0209564
-6.81211
0.0209564
-6.70985
0.0209564
-6.81211
0.0209564
-6.81211
0.0209564
-6.81211
0.0209564
0.0172565
0.0209564
0.0172565
0.0209564
0.0172565
0.0209564
0.0172565
0.0209564
0.0172565
0.0209564
0.0172565
0.0172565
0.0209564
0.0172565
0.0209564
0.0172565
0.0209564
0.0172565
0.0209564
0.0172565
0.0209564
-6.81211
0.0209564
-6.81211
0.0209564
-6.83788
0.0209564
-6.81211
0.0209564
-6.66251
0.0209564
-6.54655
0.0209564
-6.81211
0.0209564
-6.81211
0.0209564
-6.81211
0.0209564
-6.87538
-0.0251808
-6.81211
-6.44755
-6.81211
-6.87538
-6.63898
-6.41538
-6.62846
-6.45557
-6.81211
-6.81461
-6.87538
-6.73981
-6.45398
-6.64557
-6.81336
-6.49989
-6.81211
-6.81461
-6.87538
-6.41538
0.0209564
-6.81211
0.0209564
-6.81211
0.0209564
-6.38503
0.0209564
-6.81211
0.0209564
-6.81211
0.0209564
-6.70985
0.0209564
-6.81211
0.0209564
-6.4098
0.0209564
-6.81211
0.0209564
0.0172565
0.0209564
0.0172565
0.0209564
0.0172565
0.0209564
0.0172565
0.0209564
0.0172565
0.0209564
0.0172565
0.0172565
0.0209564
0.0172565
0.0209564
0.0172565
0.0209564
0.0172565
0.0209564
0.0172565
0.0209564
-6.81211
0.0209564
-6.81211
0.0209564
-6.83788
0.0209564
-6.81211
0.0209564
-6.66251
0.0209564
-6.54655
0.0209564
-6.81211
0.0209564
-6.81211
0.0209564
-6.81211
0.0209564
-6.87538
-0.0251808
-6.81211
-6.44755
-6.81211
-6.87538
-6.6673
-6.17398
-6.62846
-6.45557
-6.81211
-6.81461
-6.87538
-6.73981
-6.45398
-6.64557
-6.81336
-6.49989
-6.81211
-6.81461
-6.87538
-6.26905
0.0209564
-6.81211
0.0209564
-6.81211
0.0209564
-6.83788
0.0209564
-6.81211
0.0209564
-6.81211
0.0209564
-6.70985
0.0209564
-6.81211
0.0209564
-6.81211
0.0209564
-6.81211
0.0209564
0.0172565
0.0209564
0.0172565
0.0209564
0.0172565
0.0209564
0.0172565
0.0209564
0.0172565
0.0209564
0.0172565
0.0172565
0.0209564
0.0172565
0.0209564
0.0172565
0.0209564
0.0172565
0.0209564
0.0172565
0.0209564
-6.81211
0.0209564
-6.81211
0.0209564
-6.83788
0.0209564
-6.81211
0.0209564
-6.66251
0.0209564
-6.54655
0.0209564
-6.81211
0.0209564
-6.81211
0.0209564
-6.81211
0.0209564
-6.87538
-0.0251808
-6.81211
-6.44755
-6.81211
-6.87538
-6.6673
-6.17398
-6.62846
-6.45557
-6.81211
-6.81461
-6.87538
-6.73981
-6.45398
-6.64557
-6.81336
-6.49989
-6.81211
-6.81461
-6.87538
-6.26905
0.0209564
-6.81211
0.0209564
-6.81211
0.0209564
-6.83788
0.0209564
-6.81211
0.0209564
-6.81211
0.0209564
-6.70985
0.0209564
-6.81211
0.0209564
-6.81211
0.0209564
-6.81211
0.0209564
0
0.0209564
0.0172565
0.0209564
0.0172565
0.0209564
0.0172565
0.0209564
0.0172565
0.0209564
0.0172565
0.0209564
0.0172565
0.0209564
0.0172565
0.0209564
0.0172565
0.0209564
0.0172565
0.0209564
0.0172565
-6.41538
0.0172565
-6.62846
0.0172565
-6.2524
0.0172565
-6.41538
0.0172565
-6.41538
0.0172565
-6.41538
0.0172565
-6.62846
0.0172565
-6.70985
0.0172565
-6.81461
0.0172565
-6.87538
-0.0251808
-6.81211
-6.63846
-6.81211
-6.87538
-6.2524
-6.74824
-6.62846
-6.25364
-6.37932
-6.6173
-6.81211
-6.63846
-6.24865
-6.69569
-6.81336
-6.50989
-6.62846
-6.51446
-6.81336
-6.77365
0.0172565
-6.81818
0.0209564
-6.86644
0.0209564
-6.86644
0.0209564
-6.64663
0.0209564
-6.79336
0.0209564
-6.74587
0.0209564
-6.86644
0.0209564
-6.45663
0.0209564
-6.41804
0.0209564
0.0172565
0.0209564
0.0172565
0.0209564
0.0172565
0.0209564
0.0172565
0.0209564
0.0172565
0.0209564
0.0172565
0.0172565
0.0209564
0.0172565
0.0209564
0.0172565
0.0209564
0.0172565
0.0209564
0.0172565
0.0209564
-6.81211
0.0209564
-6.49398
0.0209564
-6.2524
0.0209564
-6.81211
0.0209564
-6.41538
0.0209564
-6.41538
0.0209564
-6.81211
0.0209564
-6.81211
0.0209564
-6.81211
0.0209564
-6.87538
-0.0251808
-6.62846
-6.58398
-6.81211
-6.87538
-6.87538
-6.48446
-6.62846
-6.45557
-6.49989
-6.63269
-6.87538
-6.73981
-6.87538
-6.64557
-6.81336
-6.49989
-6.81211
-6.81461
-6.87538
-6.65755
0.0209564
-6.81211
0.0209564
-6.81211
0.0209564
-6.65005
0.0209564
-6.81211
0.0209564
-6.81211
0.0209564
-6.81972
0.0209564
-6.81211
0.0209564
-6.83194
0.0209564
-6.81211
0.0209564
0.0172565
0.0209564
0.0172565
0.0209564
0.0172565
0.0209564
0.0172565
0.0209564
0.0172565
0.0209564
0.0172565
0.0172565
0.0209564
0.0172565
0.0209564
0.0172565
0.0209564
0.0172565
0.0209564
0.0172565
0.0209564
-6.81211
0.0209564
-6.49398
0.0209564
-6.2524
0.0209564
-6.81211
0.0209564
-6.41538
0.0209564
-6.41538
0.0209564
-6.81211
0.0209564
-6.81211
0.0209564
-6.81211
0.0209564
-6.87538
-0.0251808
-6.81211
-6.49834
-6.81211
-6.87538
-6.38503
-6.45398
-6.62846
-6.45557
-6.41538
-6.6448
-6.87538
-6.73981
-6.87538
-6.64557
-6.86731
-6.45398
-6.81211
-6.81461
-6.87538
-6.45398
0.0209564
-6.81211
0.0209564
-6.81211
0.0209564
-6.6673
0.0209564
-6.81211
0.0209564
-6.81211
0.0209564
-6.70985
0.0209564
-6.81211
0.0209564
-6.81211
0.0209564
-6.81211
0.0209564
0.0172565
0.0209564
0.0172565
0.0209564
0.0172565
0.0209564
0.0172565
0.0209564
0.0172565
0.0209564
0.0172565
0.0172565
0.0209564
0.0172565
0.0209564
0.0172565
0.0209564
0.0172565
0.0209564
0.0172565
0.0209564
-6.81211
0.0209564
-6.49398
0.0209564
-6.2524
0.0209564
-6.81211
0.0209564
-6.41538
0.0209564
-6.41538
0.0209564
-6.81211
0.0209564
-6.81211
0.0209564
-6.81211
0.0209564
-6.87538
-0.0251808
-6.81211
-6.44755
-6.49398
-6.2524
-6.38503
-6.41538
-6.62846
-6.45557
-6.45128
-6.45128
-6.87538
-6.73981
-6.87538
-6.64557
-6.81336
-6.49989
-6.81211
-6.81461
-6.87538
-6.41538
0.0209564
-6.81211
0.0209564
-6.81211
0.0209564
-6.38503
0.0209564
-6.81211
0.0209564
-6.81211
0.0209564
-6.70985
0.0209564
-6.81211
0.0209564
-6.4098
0.0209564
-6.81211
0.0209564
0.0172565
0.0209564
0.0172565
0.0209564
0.0172565
0.0209564
0.0172565
0.0209564
0.0172565
0.0209564
0.0172565
0.0172565
0.0209564
0.0172565
0.0209564
0.0172565
0.0209564
0.0172565
0.0209564
0.0172565
0.0209564
-6.81211
0.0209564
-6.49398
0.0209564
-6.2524
0.0209564
-6.81211
0.0209564
-6.41538
0.0209564
-6.41538
0.0209564
-6.81211
0.0209564
-6.81211
0.0209564
-6.81211
0.0209564
-6.87538
-0.0251808
-6.81211
-6.44755
-6.81211
-6.87538
-6.3773
-6.17398
-6.62846
-6.45557
-6.81211
-6.81461
-6.87538
-6.73981
-6.87538
-6.64557
-6.81336
-6.49989
-6.81211
-6.81461
-6.87538
-6.26905
0.0209564
-6.81211
0.0209564
-6.81211
0.0209564
-6.83788
0.0209564
-6.81211
0.0209564
-6.81211
0.0209564
-6.70985
0.0209564
-6.81211
0.0209564
-6.81211
0.0209564
-6.81211
0.0209564
0.0172565
0.0209564
0.0172565
0.0209564
0.0172565
0.0209564
0.0172565
0.0209564
0.0172565
0.0209564
0.0172565
0.0172565
0.0209564
0.0172565
0.0209564
0.0172565
0.0209564
0.0172565
0.0209564
0.0172565
0.0209564
-6.81211
0.0209564
-6.49398
0.0209564
-6.2524
0.0209564
-6.81211
0.0209564
-6.41538
0.0209564
-6.41538
0.0209564
-6.81211
0.0209564
-6.81211
0.0209564
-6.81211
0.0209564
-6.87538
-0.0251808
-6.81211
-6.44755
-6.81211
-6.87538
-6.3773
-6.17398
-6.62846
-6.45557
-6.81211
-6.81461
-6.87538
-6.73981
-6.87538
-6.64557
-6.81336
-6.49989
-6.81211
-6.81461
-6.87538
-6.26905
0.0209564
-6.81211
0.0209564
-6.81211
0.0209564
-6.83788
0.0209564
-6.81211
0.0209564
-6.81211
0.0209564
-6.70985
0.0209564
-6.81211
0.0209564
-6.81211
0.0209564
-6.81211
0.0209564
0
0.0209564
0.0172565
0.0209564
0.0172565
0.0209564
0.0172565
0.0209564
0.0172565
0.0209564
0.0172565
0.0209564
0.0172565
0.0209564
0.0172565
0.0209564
0.0172565
0.0209564
0.0172565
0.0209564
0.0172565
-6.17398
0.0172565
-6.62846
0.0172565
-6.83788
0.0172565
-6.26905
0.0172565
-6.81461
0.0172565
-6.83788
0.0172565
-6.62846
0.0172565
-6.70985
0.0172565
-6.81461
0.0172565
-6.87538
-0.0251808
-6.81211
-6.63846
-6.81211
-6.87538
-6.81461
-6.74824
-6.62846
-6.25364
-6.81461
-6.51446
-6.81211
-6.63846
-6.81211
-6.6173
-6.81336
-6.50989
-6.62846
-6.51446
-6.81336
-6.77365
0.0172565
-6.81818
0.0209564
-6.86644
0.0209564
-6.86644
0.0209564
-6.64663
0.0209564
-6.79336
0.0209564
-6.74587
0.0209564
-6.86644
0.0209564
-6.45663
0.0209564
-6.41804
0.0209564
0.0172565
0.0209564
0.0172565
0.0209564
0.0172565
0.0209564
0.0172565
0.0209564
0.0172565
0.0209564
0.0172565
0.0172565
0.0209564
0.0172565
0.0209564
0.0172565
0.0209564
0.0172565
0.0209564
0.0172565
0.0209564
-6.81211
0.0209564
-6.81211
0.0209564
-6.83788
0.0209564
-6.81211
0.0209564
-6.17398
0.0209564
-6.83788
0.0209564
-6.81211
0.0209564
-6.81211
0.0209564
-6.81211
0.0209564
-6.87538
-0.0251808
-6.62846
-6.58398
-6.81211
-6.87538
-6.29918
-6.70929
-6.62846
-6.45557
-6.49989
-6.63269
-6.87538
-6.73981
-6.87538
-6.64557
-6.81336
-6.49989
-6.81211
-6.81461
-6.87538
-6.65755
0.0209564
-6.81211
0.0209564
-6.81211
0.0209564
-6.65005
0.0209564
-6.81211
0.0209564
-6.81211
0.0209564
-6.81972
0.0209564
-6.81211
0.0209564
-6.83194
0.0209564
-6.81211
0.0209564
0.0172565
0.0209564
0.0172565
0.0209564
0.0172565
0.0209564
0.0172565
0.0209564
0.0172565
0.0209564
0.0172565
0.0172565
0.0209564
0.0172565
0.0209564
0.0172565
0.0209564
0.0172565
0.0209564
0.0172565
0.0209564
-6.81211
0.0209564
-6.81211
0.0209564
-6.83788
0.0209564
-6.81211
0.0209564
-6.17398
0.0209564
-6.83788
0.0209564
-6.81211
0.0209564
-6.81211
0.0209564
-6.81211
0.0209564
-6.87538
-0.0251808
-6.81211
-6.49834
-6.81211
-6.87538
-6.29918
-6.70929
-6.62846
-6.45557
-6.29398
-6.52753
-6.87538
-6.73981
-6.87538
-6.64557
-6.86731
-6.45398
-6.81211
-6.81461
-6.87538
-6.45398
0.0209564
-6.81211
0.0209564
-6.81211
0.0209564
-6.6673
0.0209564
-6.81211
0.0209564
-6.81211
0.0209564
-6.70985
0.0209564
-6.81211
0.0209564
-6.81211
0.0209564
-6.81211
0.0209564
0.0172565
0.0209564
0.0172565
0.0209564
0.0172565
0.0209564
0.0172565
0.0209564
0.0172565
0.0209564
0.0172565
0.0172565
0.0209564
0.0172565
0.0209564
0.0172565
0.0209564
0.0172565
0.0209564
0.0172565
0.0209564
-6.81211
0.0209564
-6.81211
0.0209564
-6.83788
0.0209564
-6.81211
0.0209564
-6.17398
0.0209564
-6.83788
0.0209564
-6.81211
0.0209564
-6.81211
0.0209564
-6.81211
0.0209564
-6.87538
-0.0251808
-6.81211
-6.44755
-6.81211
-6.87538
-6.29918
-6.70929
-6.62846
-6.45557
-6.81211
-6.81461
-6.87538
-6.73981
-6.87538
-6.64557
-6.81336
-6.49989
-6.81211
-6.81461
-6.87538
-6.41538
0.0209564
-6.81211
0.0209564
-6.81211
0.0209564
-6.38503
0.0209564
-6.81211
0.0209564
-6.81211
0.0209564
-6.70985
0.0209564
-6.81211
0.0209564
-6.4098
0.0209564
-6.81211
0.0209564
0.0172565
0.0209564
0.0172565
0.0209564
0.0172565
0.0209564
0.0172565
0.0209564
0.0172565
0.0209564
0.0172565
0.0172565
0.0209564
0.0172565
0.0209564
0.0172565
0.0209564
0.0172565
0.0209564
0.0172565
0.0209564
-6.81211
0.0209564
-6.81211
0.0209564
-6.83788
0.0209564
-6.81211
0.0209564
-6.17398
0.0209564
-6.83788
0.0209564
-6.81211
0.0209564
-6.81211
0.0209564
-6.81211
0.0209564
-6.87538
-0.0251808
-6.81211
-6.44755
-6.81211
-6.87538
-6.3773
-6.17398
-6.62846
-6.45557
-6.81211
-6.81461
-6.87538
-6.73981
-6.87538
-6.64557
-6.81336
-6.49989
-6.81211
-6.81461
-6.87538
-6.26905
0.0209564
-6.81211
0.0209564
-6.81211
0.0209564
-6.83788
0.0209564
-6.81211
0.0209564
-6.81211
0.0209564
-6.70985
0.0209564
-6.81211
0.0209564
-6.81211
0.0209564
-6.81211
0.0209564
0.0172565
0.0209564
0.0172565
0.0209564
0.0172565
0.0209564
0.0172565
0.0209564
0.0172565
0.0209564
0.0172565
0.0172565
0.0209564
0.0172565
0.0209564
0.0172565
0.0209564
0.0172565
0.0209564
0.0172565
0.0209564
-6.81211
0.0209564
-6.81211
0.0209564
-6.83788
0.0209564
-6.81211
0.0209564
-6.17398
0.0209564
-6.83788
0.0209564
-6.81211
0.0209564
-6.81211
0.0209564
-6.81211
0.0209564
-6.87538
-0.0251808
-6.81211
-6.44755
-6.81211
-6.87538
-6.3773
-6.17398
-6.62846
-6.45557
-6.81211
-6.81461
-6.87538
-6.73981
-6.87538
-6.64557
-6.81336
-6.49989
-6.81211
-6.81461
-6.87538
-6.26905
0.0209564
-6.81211
0.0209564
-6.81211
0.0209564
-6.83788
0.0209564
-6.81211
0.0209564
-6.81211
0.0209564
-6.70985
0.0209564
-6.81211
0.0209564
-6.81211
0.0209564
-6.81211
0.0209564
0
0.0209564
0.0172565
0.0209564
0.0172565
0.0209564
0.0172565
0.0209564
0.0172565
0.0209564
0.0172565
0.0209564
0.0172565
0.0209564
0.0172565
0.0209564
0.0172565
0.0209564
0.0172565
0.0209564
0.0172565
-6.17398
0.0172565
-6.62846
0.0172565
-6.83788
0.0172565
-6.26905
0.0172565
-6.81461
0.0172565
-6.83788
0.0172565
-6.62846
0.0172565
-6.70985
0.0172565
-6.81461
0.0172565
-6.87538
-0.0251808
-6.81211
-6.63846
-6.81211
-6.87538
-6.81461
-6.74824
-6.62846
-6.25364
-6.81461
-6.51446
-6.81211
-6.63846
-6.81211
-6.6173
-6.81336
-6.50989
-6.62846
-6.51446
-6.81336
-6.77365
0.0172565
-6.81818
0.0209564
-6.86644
0.0209564
-6.86644
0.0209564
-6.64663
0.0209564
-6.79336
0.0209564
-6.74587
0.0209564
-6.86644
0.0209564
-6.45663
0.0209564
-6.41804
0.0209564
0.0172565
0.0209564
0.0172565
0.0209564
0.0172565
0.0209564
0.0172565
0.0209564
0.0172565
0.0209564
0.0172565
0.0172565
0.0209564
0.0172565
0.0209564
0.0172565
0.0209564
0.0172565
0.0209564
0.0172565
0.0209564
-6.81211
0.0209564
-6.81211
0.0209564
-6.83788
0.0209564
-6.81211
0.0209564
-6.17398
0.0209564
-6.0598
0.0209564
-6.81211
0.0209564
-6.81211
0.0209564
-6.81211
0.0209564
-6.87538
-0.0251808
-6.62846
-6.58398
-6.81211
-6.87538
-6.29918
-6.70929
-6.62846
-6.45557
-6.49989
-6.63269
-6.87538
-6.73981
-6.87538
-6.64557
-6.81336
-6.49989
-6.81211
-6.81461
-6.87538
-6.65755
0.0209564
-6.81211
0.0209564
-6.81211
0.0209564
-6.65005
0.0209564
-6.81211
0.0209564
-6.81211
0.0209564
-6.81972
0.0209564
-6.81211
0.0209564
-6.83194
0.0209564
-6.81211
0.0209564
0.0172565
0.0209564
0.0172565
0.0209564
0.0172565
0.0209564
0.0172565
0.0209564
0.0172565
0.0209564
0.0172565
0.0172565
0.0209564
0.0172565
0.0209564
0.0172565
0.0209564
0.0172565
0.0209564
0.0172565
0.0209564
-6.81211
0.0209564
-6.81211
0.0209564
-6.83788
0.0209564
-6.81211
0.0209564
-6.17398
0.0209564
-6.0598
0.0209564
-6.81211
0.0209564
-6.81211
0.0209564
-6.81211
0.0209564
-6.87538
-0.0251808
-6.81211
-6.49834
-6.81211
-6.87538
-6.29918
-6.70929
-6.62846
-6.45557
-6.29398
-6.52753
-6.87538
-6.73981
-6.87538
-6.64557
-6.86731
-6.45398
-6.81211
-6.81461
-6.87538
-6.45398
0.0209564
-6.81211
0.0209564
-6.81211
0.0209564
-6.6673
0.0209564
-6.81211
0.0209564
-6.81211
0.0209564
-6.70985
0.0209564
-6.81211
0.0209564
-6.81211
0.0209564
-6.81211
0.0209564
0.0172565
0.0209564
0.0172565
0.0209564
0.0172565
0.0209564
0.0172565
0.0209564
0.0172565
0.0209564
0.0172565
0.0172565
0.0209564
0.0172565
0.0209564
0.0172565
0.0209564
0.0172565
0.0209564
0.0172565
0.0209564
-6.81211
0.0209564
-6.81211
0.0209564
-6.83788
0.0209564
-6.81211
0.0209564
-6.17398
0.0209564
-6.0598
0.0209564
-6.81211
0.0209564
-6.81211
0.0209564
-6.81211
0.0209564
-6.87538
-0.0251808
-6.81211
-6.44755
-6.81211
-6.87538
-6.29918
-6.70929
-6.62846
-6.45557
-6.81211
-6.81461
-6.87538
-6.73981
-6.87538
-6.64557
-6.81336
-6.49989
-6.81211
-6.81461
-6.87538
-6.41538
0.0209564
-6.81211
0.0209564
-6.81211
0.0209564
-6.38503
0.0209564
-6.81211
0.0209564
-6.81211
0.0209564
-6.70985
0.0209564
-6.81211
0.0209564
-6.4098
0.0209564
-6.81211
0.0209564
0.0172565
0.0209564
0.0172565
0.0209564
0.0172565
0.0209564
0.0172565
0.0209564
0.0172565
0.0209564
0.0172565
0.0172565
0.0209564
0.0172565
0.0209564
0.0172565
0.0209564
0.0172565
0.0209564
0.0172565
0.0209564
-6.81211
0.0209564
-6.81211
0.0209564
-6.83788
0.0209564
-6.81211
0.0209564
-6.17398
0.0209564
-6.0598
0.0209564
-6.81211
0.0209564
-6.81211
0.0209564
-6.81211
0.0209564
-6.87538
-0.0251808
-6.81211
-6.44755
-6.81211
-6.87538
-6.3773
-6.17398
-6.62846
-6.45557
-6.81211
-6.81461
-6.87538
-6.73981
-6.87538
-6.64557
-6.81336
-6.49989
-6.81211
-6.81461
-6.87538
-6.26905
0.0209564
-6.81211
0.0209564
-6.81211
0.0209564
-6.83788
0.0209564
-6.81211
0.0209564
-6.81211
0.0209564
-6.70985
0.0209564
-6.81211
0.0209564
-6.81211
0.0209564
-6.81211
0.0209564
0.0172565
0.0209564
0.0172565
0.0209564
0.0172565
0.0209564
0.0172565
0.0209564
0.0172565
0.0209564
0.0172565
0.0172565
0.0209564
0.0172565
0.0209564
0.0172565
0.0209564
0.0172565
0.0209564
0.0172565
0.0209564
-6.81211
0.0209564
-6.81211
0.0209564
-6.83788
0.0209564
-6.81211
0.0209564
-6.17398
0.0209564
-6.0598
0.0209564
-6.81211
0.0209564
-6.81211
0.0209564
-6.81211
0.0209564
-6.87538
-0.0251808
-6.81211
-6.44755
-6.81211
-6.87538
-6.3773
-6.17398
-6.62846
-6.45557
-6.81211
-6.81461
-6.87538
-6.73981
-6.87538
-6.64557
-6.81336
-6.49989
-6.81211
-6.81461
-6.87538
-6.26905
0.0209564
-6.81211
0.0209564
-6.81211
0.0209564
-6.83788
0.0209564
-6.81211
0.0209564
-6.81211
0.0209564
-6.70985
0.0209564
-6.81211
0.0209564
-6.81211
0.0209564
-6.81211
