0.805922
0.0754233
0.805922
0.0754233
0.805922
0.0754233
0.805922
0.0754233
0.805922
0.0754233
0.378288
0.551788
0.0754233
0.805922
0.0754233
0.805922
0.0754233
0.805922
0.0754233
0.805922
-2.41936
0.805922
-2.41936
0.805922
-2.35936
0.805922
-2.40811
0.805922
-2.51436
0.805922
-2.51436
0.805922
-2.59686
0.805922
-2.59686
0.805922
-2.60936
0.671755
-2.60436
-2.56311
-2.60436
-2.54436
-2.59811
-2.53686
-2.60436
-2.60436
-2.60936
-2.57186
-2.60436
-2.60436
-2.60936
-2.58561
-2.59686
-2.59811
-2.30436
-2.60936
0.805922
-2.59686
0.805922
-2.59686
0.805922
-2.51436
0.805922
-2.51436
0.805922
-2.40811
0.805922
-2.39436
0.805922
-2.41936
0.805922
-2.41936
0.805922
0.0754233
0.805922
0.0754233
0.805922
0.0754233
0.805922
0.0754233
0.805922
0.0754233
0.378288
0.564288
0.0754233
0.818422
0.0754233
0.818422
0.0754233
0.818422
0.0754233
0.818422
-2.31686
0.818422
-2.31686
0.818422
-2.34061
0.818422
-2.36561
0.818422
-2.59686
0.818422
-2.59686
0.818422
-2.59686
0.818422
-2.59686
0.818422
-2.60936
0.671755
-2.59811
-2.28436
-2.60936
-2.39936
-2.60936
-2.39936
-2.60936
-2.39936
-2.59811
-2.26561
-2.60936
-2.39936
-2.60936
-2.39936
-2.60936
-2.39936
-2.36061
-2.59686
0.805922
-2.59686
0.805922
-2.39936
0.805922
-2.59686
0.805922
-2.39936
0.805922
-2.59686
0.805922
-2.59686
0.805922
-2.55936
0.805922
-2.49686
0.805922
0.0754233
0.805922
0.0754233
0.805922
0.0754233
0.805922
0.0754233
0.805922
0.0754233
0.378288
0.564288
0.0754233
0.818422
0.0754233
0.818422
0.0754233
0.818422
0.0754233
0.818422
-2.40811
0.818422
-2.41936
0.818422
-2.35936
0.818422
-2.37811
0.818422
-2.51436
0.818422
-2.59686
0.818422
-2.59686
0.818422
-2.59686
0.818422
-2.60936
0.671755
-2.60936
-2.48936
-2.60936
-2.49936
-2.60936
-2.49936
-2.60936
-2.42186
-2.59811
-2.48061
-2.60936
-2.49561
-2.60936
-2.42186
-2.60436
-2.50436
-2.51061
-2.57186
0.805922
-2.44936
0.805922
-2.44936
0.805922
-2.58436
0.805922
-2.46936
0.805922
-2.49436
0.805922
-2.52936
0.805922
-2.52936
0.805922
-2.52936
0.805922
0.0754233
0.805922
0.0754233
0.805922
0.0754233
0.805922
0.0754233
0.805922
0.0754233
0.378288
0.564288
0.0754233
0.818422
0.0754233
0.818422
0.0754233
0.818422
0.0754233
0.818422
-2.40811
0.818422
-2.41936
0.818422
-2.35936
0.818422
-2.37811
0.818422
-2.51436
0.818422
-2.59686
0.818422
-2.59686
0.818422
-2.59686
0.818422
-2.60936
0.671755
-2.59311
-2.51894
-2.60936
-2.49269
-2.60311
-2.48894
-2.60436
-2.53769
-2.59811
-2.52269
-2.60936
-2.49269
-2.60936
-2.49269
-2.60436
-2.53769
-2.43686
-2.59269
0.805922
-2.49519
0.805922
-2.49519
0.805922
-2.59269
0.805922
-2.59269
0.805922
-2.46186
0.805922
-2.39186
0.805922
-2.49603
0.805922
-2.49603
0.805922
0.0754233
0.805922
0.0754233
0.805922
0.0754233
0.805922
0.0754233
0.805922
0.0754233
0.378288
0.564288
0.0754233
0.818422
0.0754233
0.818422
0.0754233
0.818422
0.0754233
0.818422
-2.40811
0.818422
-2.41936
0.818422
-2.35936
0.818422
-2.37811
0.818422
-2.51436
0.818422
-2.59686
0.818422
-2.59686
0.818422
-2.59686
0.818422
-2.60936
0.671755
-2.59311
-2.53561
-2.60936
-2.51874
-2.60436
-2.55436
-2.60936
-2.51499
-2.59811
-2.50874
-2.60936
-2.51499
-2.60436
-2.55061
-2.59311
-2.55061
-2.43686
-2.59686
0.805922
-2.57999
0.805922
-2.57999
0.805922
-2.57999
0.805922
-2.57999
0.805922
-2.47624
0.805922
-2.40124
0.805922
-2.47936
0.805922
-2.47936
0.805922
0.0754233
0.805922
0.0754233
0.805922
0.0754233
0.805922
0.0754233
0.805922
0.0754233
0.378288
0.564288
0.0754233
0.818422
0.0754233
0.818422
0.0754233
0.818422
0.0754233
0.818422
-2.40811
0.818422
-2.41936
0.818422
-2.35936
0.818422
-2.37811
0.818422
-2.51436
0.818422
-2.51436
0.818422
-2.59686
0.818422
-2.59686
0.818422
-2.60936
0.671755
-2.59311
-2.56061
-2.60936
-2.51561
-2.60311
-2.52186
-2.60436
-2.56436
-2.57811
-2.52186
-2.60936
-2.53436
-2.58561
-2.55061
-2.58561
-2.53936
-2.35561
-2.60686
0.805922
-2.56686
0.805922
-2.57436
0.805922
-2.57686
0.805922
-2.57686
0.805922
-2.45686
0.805922
-2.45936
0.805922
-2.46936
0.805922
-2.46311
0.818422
-2.31686
0.818422
0.0754233
0.818422
0.0754233
0.818422
0.0754233
0.818422
0.0754233
0.378288
0.551788
0.0754233
0.805922
0.0754233
0.805922
0.0754233
0.805922
0.0754233
0.805922
-2.59686
0.805922
-2.59686
0.805922
-2.39936
0.805922
-2.40936
0.805922
-2.37936
0.805922
-2.59686
0.805922
-2.39936
0.805922
-2.49686
0.805922
-2.59686
0.678972
-2.39936
-2.60936
-2.39936
-2.59811
-2.39936
-2.60936
-2.39936
-2.60936
-2.39936
-2.60936
-2.39936
-2.60936
-2.39936
-2.60936
-2.39936
-2.60936
-2.32686
-2.60936
0.818422
-2.59686
0.818422
-2.59686
0.818422
-2.59686
0.818422
-2.59686
0.818422
-2.36561
0.818422
-2.36561
0.818422
-2.31686
0.818422
-2.31686
0.818422
-2.56019
0.818422
0.0754233
0.818422
0.0754233
0.818422
0.0754233
0.818422
0.0754233
0.378288
0.564288
0.0754233
0.818422
0.0754233
0.818422
0.0754233
0.818422
0.0754233
0.818422
-2.24769
0.818422
-2.54769
0.818422
-2.39936
0.818422
-2.40936
0.818422
-2.39936
0.818422
-2.39936
0.818422
-2.55936
0.818422
-2.29311
0.818422
-2.59686
0.678972
-2.39936
-2.55936
-2.55769
-2.45519
-2.55936
-2.48936
-2.40936
-2.39561
-2.52186
-2.52728
-2.39936
-2.39936
-2.55686
-2.54686
-2.55686
-2.54686
-2.54561
-2.59686
0.818422
-2.39936
0.818422
-2.55936
0.818422
-2.40936
0.818422
-2.59686
0.818422
-2.59686
0.818422
-2.59686
0.818422
-2.56019
0.818422
-2.56019
0.818422
-2.46436
0.818422
0.0754233
0.818422
0.0754233
0.818422
0.0754233
0.818422
0.0754233
0.378288
0.564288
0.0754233
0.818422
0.0754233
0.818422
0.0754233
0.818422
0.0754233
0.818422
-2.24769
0.818422
-2.47811
0.818422
-2.39936
0.818422
-2.40936
0.818422
-2.39936
0.818422
-2.39936
0.818422
-2.55936
0.818422
-2.29311
0.818422
-2.59686
0.678972
-2.39936
-2.58436
-2.39936
-2.55311
-2.48936
-2.55311
-2.48686
-2.54311
-2.49686
-2.49936
-2.48936
-2.55311
-2.45519
-2.57269
-2.49311
-2.57186
-2.49311
-2.57186
0.818422
-2.44061
0.818422
-2.47936
0.818422
-2.41561
0.818422
-2.52186
0.818422
-2.52186
0.818422
-2.36561
0.818422
-2.46436
0.818422
-2.46436
0.818422
-2.42103
0.818422
0.0754233
0.818422
0.0754233
0.818422
0.0754233
0.818422
0.0754233
0.378288
0.564288
0.0754233
0.818422
0.0754233
0.818422
0.0754233
0.818422
0.0754233
0.818422
-2.59686
0.818422
-2.47811
0.818422
-2.39936
0.818422
-2.40936
0.818422
-2.39936
0.818422
-2.39936
0.818422
-2.55936
0.818422
-2.29311
0.818422
-2.59686
0.678972
-2.39936
-2.59269
-2.39936
-2.59269
-2.39936
-2.59269
-2.39936
-2.50144
-2.39936
-2.58269
-2.39936
-2.50144
-2.39936
-2.59269
-2.39936
-2.53269
-2.39936
-2.59269
0.818422
-2.50144
0.818422
-2.59269
0.818422
-2.59269
0.818422
-2.36561
0.818422
-2.46186
0.818422
-2.36561
0.818422
-2.42103
0.818422
-2.40436
0.818422
-2.39499
0.818422
0.0754233
0.818422
0.0754233
0.818422
0.0754233
0.818422
0.0754233
0.378288
0.564288
0.0754233
0.818422
0.0754233
0.818422
0.0754233
0.818422
0.0754233
0.818422
-2.59686
0.818422
-2.47811
0.818422
-2.39936
0.818422
-2.40936
0.818422
-2.39936
0.818422
-2.39936
0.818422
-2.55936
0.818422
-2.29311
0.818422
-2.59686
0.678972
-2.39936
-2.59686
-2.39936
-2.59686
-2.39936
-2.59686
-2.40936
-2.50874
-2.39936
-2.58686
-2.39936
-2.58124
-2.38936
-2.57811
-2.39936
-2.57811
-2.39936
-2.59686
0.818422
-2.51874
0.818422
-2.57999
0.818422
-2.57999
0.818422
-2.57999
0.818422
-2.41561
0.818422
-2.36561
0.818422
-2.39499
0.818422
-2.38249
0.818422
-2.37936
0.818422
0.0754233
0.818422
0.0754233
0.818422
0.0754233
0.818422
0.0754233
0.378288
0.564288
0.0754233
0.818422
0.0754233
0.818422
0.0754233
0.818422
0.0754233
0.818422
-2.59686
0.818422
-2.47811
0.818422
-2.39936
0.818422
-2.40936
0.818422
-2.39936
0.818422
-2.39936
0.818422
-2.55936
0.818422
-2.29311
0.818422
-2.59686
0.678972
-2.39936
-2.59936
-2.39936
-2.58686
-2.39936
-2.59936
-2.39936
-2.59936
-2.39936
-2.58686
-2.39936
-2.59936
-2.29061
-2.52186
-2.28061
-2.58686
-2.39061
-2.60686
0.818422
-2.53436
0.818422
-2.53436
0.818422
-2.51061
0.818422
-2.57686
0.818422
-2.42811
0.818422
-2.36561
0.818422
-2.37936
0.818422
-2.37936
0.818422
-2.31686
0.818422
0.0754233
0.818422
0.0754233
0.818422
0.0754233
0.818422
0.0754233
0.378288
0.551788
0.0754233
0.805922
0.0754233
0.805922
0.0754233
0.805922
0.0754233
0.805922
-2.52936
0.805922
-2.52311
0.805922
-2.41936
0.805922
-2.52936
0.805922
-2.46936
0.805922
-2.55311
0.805922
-2.55311
0.805922
-2.44311
0.805922
-2.58269
0.685811
-2.44686
-2.59186
-2.44686
-2.57811
-2.49936
-2.60936
-2.49936
-2.59811
-2.50436
-2.60436
-2.49936
-2.60936
-2.49936
-2.60936
-2.49936
-2.60936
-2.35436
-2.60936
0.818422
-2.59686
0.818422
-2.59686
0.818422
-2.59686
0.818422
-2.51436
0.818422
-2.41936
0.818422
-2.37811
0.818422
-2.41936
0.818422
-2.41936
0.818422
-2.56019
0.818422
0.0754233
0.818422
0.0754233
0.818422
0.0754233
0.818422
0.0754233
0.378288
0.564288
0.0754233
0.818422
0.0754233
0.818422
0.0754233
0.818422
0.0754233
0.818422
-2.46436
0.818422
-2.46436
0.818422
-2.52186
0.818422
-2.52186
0.818422
-2.52186
0.818422
-2.41936
0.818422
-2.47936
0.818422
-2.49936
0.818422
-2.58269
0.685811
-2.44686
-2.28686
-2.58269
-2.45519
-2.42186
-2.39936
-2.44936
-2.39561
-2.55269
-2.43644
-2.44936
-2.39936
-2.58269
-2.43644
-2.58436
-2.45936
-2.49186
-2.59686
0.818422
-2.39936
0.818422
-2.55936
0.818422
-2.40936
0.818422
-2.59686
0.818422
-2.59686
0.818422
-2.59686
0.818422
-2.59686
0.818422
-2.54769
0.818422
-2.47311
0.818422
0.0754233
0.818422
0.0754233
0.818422
0.0754233
0.818422
0.0754233
0.378288
0.564288
0.0754233
0.818422
0.0754233
0.818422
0.0754233
0.818422
0.0754233
0.818422
-2.52936
0.818422
-2.41936
0.818422
-2.41936
0.818422
-2.34311
0.818422
-2.52311
0.818422
-2.58436
0.818422
-2.43436
0.818422
-2.58436
0.818422
-2.58269
0.685811
-2.44686
-2.44311
-2.44686
-2.43686
-2.55311
-2.49936
-2.54936
-2.56186
-2.50436
-2.49436
-2.55311
-2.49936
-2.55311
-2.49561
-2.54936
-2.57186
-2.54936
-2.57186
0.818422
-2.55311
0.818422
-2.43436
0.818422
-2.58436
0.818422
-2.52311
0.818422
-2.34311
0.818422
-2.52311
0.818422
-2.52311
0.818422
-2.42936
0.818422
-2.42103
0.818422
0.0754233
0.818422
0.0754233
0.818422
0.0754233
0.818422
0.0754233
0.378288
0.564288
0.0754233
0.818422
0.0754233
0.818422
0.0754233
0.818422
0.0754233
0.818422
-2.46936
0.818422
-2.41936
0.818422
-2.41936
0.818422
-2.34311
0.818422
-2.46936
0.818422
-2.58436
0.818422
-2.43436
0.818422
-2.58436
0.818422
-2.58269
0.685811
-2.44686
-2.49519
-2.44686
-2.49894
-2.50436
-2.52769
-2.43061
-2.50144
-2.50436
-2.53769
-2.44936
-2.53269
-2.44686
-2.49519
-2.43686
-2.57186
-2.47936
-2.59269
0.818422
-2.50144
0.818422
-2.59269
0.818422
-2.59269
0.818422
-2.59269
0.818422
-2.46186
0.818422
-2.47936
0.818422
-2.47936
0.818422
-2.47936
0.818422
-2.39499
0.818422
0.0754233
0.818422
0.0754233
0.818422
0.0754233
0.818422
0.0754233
0.378288
0.564288
0.0754233
0.818422
0.0754233
0.818422
0.0754233
0.818422
0.0754233
0.818422
-2.46936
0.818422
-2.41936
0.818422
-2.41936
0.818422
-2.34311
0.818422
-2.46936
0.818422
-2.58436
0.818422
-2.43436
0.818422
-2.58436
0.818422
-2.58269
0.685811
-2.44686
-2.52499
-2.44686
-2.51499
-2.50936
-2.51874
-2.49061
-2.50874
-2.50936
-2.50874
-2.49936
-2.58124
-2.50436
-2.55436
-2.50061
-2.55061
-2.47936
-2.59686
0.818422
-2.59249
0.818422
-2.57999
0.818422
-2.57999
0.818422
-2.59249
0.818422
-2.47936
0.818422
-2.46686
0.818422
-2.47936
0.818422
-2.47936
0.818422
-2.37936
0.818422
0.0754233
0.818422
0.0754233
0.818422
0.0754233
0.818422
0.0754233
0.378288
0.564288
0.0754233
0.818422
0.0754233
0.818422
0.0754233
0.818422
0.0754233
0.818422
-2.46936
0.818422
-2.41936
0.818422
-2.41936
0.818422
-2.34311
0.818422
-2.52311
0.818422
-2.58436
0.818422
-2.43436
0.818422
-2.58436
0.818422
-2.58269
0.685811
-2.50436
-2.56436
-2.44686
-2.52186
-2.49936
-2.57686
-2.49936
-2.53686
-2.44061
-2.58686
-2.49936
-2.58686
-2.44061
-2.54686
-2.43686
-2.58686
-2.41186
-2.60686
0.818422
-2.53436
0.818422
-2.56686
0.818422
-2.51061
0.818422
-2.57686
0.818422
-2.43936
0.818422
-2.46686
0.818422
-2.46936
0.818422
-2.44686
0.818422
-2.31686
0.818422
0.0754233
0.818422
0.0754233
0.818422
0.0754233
0.818422
0.0754233
0.378288
0.551788
0.0754233
0.805922
0.0754233
0.805922
0.0754233
0.805922
0.0754233
0.805922
-2.49603
0.805922
-2.49603
0.805922
-2.49603
0.805922
-2.49603
0.805922
-2.59269
0.805922
-2.59269
0.805922
-2.49519
0.805922
-2.59269
0.805922
-2.60457
0.674522
-2.53269
-2.60936
-2.53769
-2.57936
-2.53269
-2.60936
-2.53769
-2.60436
-2.54269
-2.55561
-2.53769
-2.60436
-2.53769
-2.60436
-2.53769
-2.60436
-2.34186
-2.60936
0.818422
-2.59686
0.818422
-2.59686
0.818422
-2.59686
0.818422
-2.51436
0.818422
-2.41936
0.818422
-2.41936
0.818422
-2.41936
0.818422
-2.41936
0.818422
-2.56019
0.818422
0.0754233
0.818422
0.0754233
0.818422
0.0754233
0.818422
0.0754233
0.378288
0.564288
0.0754233
0.818422
0.0754233
0.818422
0.0754233
0.818422
0.0754233
0.818422
-2.42103
0.818422
-2.35353
0.818422
-2.36561
0.818422
-2.46978
0.818422
-2.36561
0.818422
-2.59269
0.818422
-2.59269
0.818422
-2.59269
0.818422
-2.60457
0.674522
-2.53269
-2.29686
-2.59269
-2.39936
-2.53269
-2.29686
-2.57186
-2.39561
-2.54269
-2.26561
-2.59019
-2.38186
-2.57186
-2.39936
-2.56436
-2.41561
-2.44811
-2.59686
0.818422
-2.39936
0.818422
-2.55936
0.818422
-2.48686
0.818422
-2.59686
0.818422
-2.59686
0.818422
-2.59686
0.818422
-2.59686
0.818422
-2.59686
0.818422
-2.46436
0.818422
0.0754233
0.818422
0.0754233
0.818422
0.0754233
0.818422
0.0754233
0.378288
0.564288
0.0754233
0.818422
0.0754233
0.818422
0.0754233
0.818422
0.0754233
0.818422
-2.47561
0.818422
-2.41936
0.818422
-2.49186
0.818422
-2.49186
0.818422
-2.59269
0.818422
-2.59269
0.818422
-2.59269
0.818422
-2.59269
0.818422
-2.60457
0.674522
-2.53269
-2.45311
-2.49269
-2.50936
-2.53269
-2.45311
-2.57186
-2.49936
-2.54269
-2.44061
-2.57186
-2.49936
-2.57186
-2.42186
-2.56436
-2.57186
-2.56811
-2.57186
0.818422
-2.55311
0.818422
-2.43436
0.818422
-2.58436
0.818422
-2.52936
0.818422
-2.34311
0.818422
-2.52311
0.818422
-2.46936
0.818422
-2.52311
0.818422
-2.42103
0.818422
0.0754233
0.818422
0.0754233
0.818422
0.0754233
0.818422
0.0754233
0.378288
0.564288
0.0754233
0.818422
0.0754233
0.818422
0.0754233
0.818422
0.0754233
0.818422
-2.49603
0.818422
-2.41936
0.818422
-2.49186
0.818422
-2.49186
0.818422
-2.59269
0.818422
-2.59269
0.818422
-2.59269
0.818422
-2.59269
0.818422
-2.60457
0.674522
-2.53769
-2.53769
-2.49269
-2.54269
-2.53269
-2.49519
-2.48644
-2.49269
-2.53769
-2.53769
-2.53769
-2.53769
-2.54269
-2.49269
-2.48894
-2.53269
-2.47436
-2.59269
0.818422
-2.50144
0.818422
-2.59269
0.818422
-2.59269
0.818422
-2.57186
0.818422
-2.46186
0.818422
-2.47936
0.818422
-2.49603
0.818422
-2.49186
0.818422
-2.39499
0.818422
0.0754233
0.818422
0.0754233
0.818422
0.0754233
0.818422
0.0754233
0.378288
0.564288
0.0754233
0.818422
0.0754233
0.818422
0.0754233
0.818422
0.0754233
0.818422
-2.49603
0.818422
-2.41936
0.818422
-2.49186
0.818422
-2.49186
0.818422
-2.59269
0.818422
-2.59269
0.818422
-2.59269
0.818422
-2.59269
0.818422
-2.60457
0.674522
-2.53769
-2.55436
-2.49269
-2.54936
-2.53269
-2.53124
-2.53269
-2.50874
-2.54269
-2.50874
-2.54269
-2.51874
-2.53769
-2.55436
-2.53769
-2.55061
-2.47436
-2.59686
0.818422
-2.59249
0.818422
-2.57999
0.818422
-2.57999
0.818422
-2.59249
0.818422
-2.47936
0.818422
-2.46686
0.818422
-2.47936
0.818422
-2.46686
0.818422
-2.37936
0.818422
0.0754233
0.818422
0.0754233
0.818422
0.0754233
0.818422
0.0754233
0.378288
0.564288
0.0754233
0.818422
0.0754233
0.818422
0.0754233
0.818422
0.0754233
0.818422
-2.49603
0.818422
-2.41936
0.818422
-2.49186
0.818422
-2.49186
0.818422
-2.59269
0.818422
-2.59269
0.818422
-2.59269
0.818422
-2.59269
0.818422
-2.60457
0.674522
-2.53769
-2.56436
-2.49269
-2.52811
-2.53269
-2.53686
-2.46894
-2.52186
-2.53769
-2.56436
-2.48019
-2.52186
-2.49519
-2.52186
-2.48894
-2.54686
-2.39311
-2.60686
0.818422
-2.53436
0.818422
-2.56686
0.818422
-2.51061
0.818422
-2.57686
0.818422
-2.43936
0.818422
-2.46686
0.818422
-2.46936
0.818422
-2.46686
0.818422
-2.31686
0.818422
0.0754233
0.818422
0.0754233
0.818422
0.0754233
0.818422
0.0754233
0.378288
0.551788
0.0754233
0.805922
0.0754233
0.805922
0.0754233
0.805922
0.0754233
0.805922
-2.47936
0.805922
-2.47936
0.805922
-2.47936
0.805922
-2.47936
0.805922
-2.59249
0.805922
-2.57999
0.805922
-2.59249
0.805922
-2.59249
0.805922
-2.59686
0.678972
-2.49999
-2.59811
-2.55936
-2.58561
-2.55436
-2.60436
-2.55936
-2.58561
-2.55436
-2.60436
-2.55436
-2.60436
-2.55436
-2.60436
-2.55936
-2.59686
-2.33249
-2.60936
0.818422
-2.59686
0.818422
-2.59686
0.818422
-2.59686
0.818422
-2.51436
0.818422
-2.41936
0.818422
-2.41936
0.818422
-2.41936
0.818422
-2.41936
0.818422
-2.56019
0.818422
0.0754233
0.818422
0.0754233
0.818422
0.0754233
0.818422
0.0754233
0.378288
0.564288
0.0754233
0.818422
0.0754233
0.818422
0.0754233
0.818422
0.0754233
0.818422
-2.39499
0.818422
-2.38249
0.818422
-2.40124
0.818422
-2.36561
0.818422
-2.57999
0.818422
-2.57999
0.818422
-2.57999
0.818422
-2.51874
0.818422
-2.59686
0.678972
-2.58686
-2.39936
-2.52499
-2.29061
-2.58124
-2.39936
-2.52499
-2.29061
-2.57811
-2.26561
-2.59686
-2.39936
-2.59686
-2.39936
-2.59686
-2.39936
-2.42624
-2.59686
0.818422
-2.39936
0.818422
-2.55936
0.818422
-2.40936
0.818422
-2.59686
0.818422
-2.59686
0.818422
-2.59686
0.818422
-2.59686
0.818422
-2.59686
0.818422
-2.46436
0.818422
0.0754233
0.818422
0.0754233
0.818422
0.0754233
0.818422
0.0754233
0.378288
0.564288
0.0754233
0.818422
0.0754233
0.818422
0.0754233
0.818422
0.0754233
0.818422
-2.47936
0.818422
-2.47936
0.818422
-2.47936
0.818422
-2.47936
0.818422
-2.57999
0.818422
-2.57999
0.818422
-2.57999
0.818422
-2.59249
0.818422
-2.59686
0.678972
-2.49999
-2.49936
-2.55936
-2.44061
-2.58124
-2.49936
-2.52499
-2.44686
-2.55936
-2.44061
-2.58124
-2.49936
-2.58124
-2.42186
-2.58124
-2.49936
-2.56061
-2.57186
0.818422
-2.55311
0.818422
-2.43436
0.818422
-2.58436
0.818422
-2.52311
0.818422
-2.34311
0.818422
-2.52311
0.818422
-2.46936
0.818422
-2.52311
0.818422
-2.42103
0.818422
0.0754233
0.818422
0.0754233
0.818422
0.0754233
0.818422
0.0754233
0.378288
0.564288
0.0754233
0.818422
0.0754233
0.818422
0.0754233
0.818422
0.0754233
0.818422
-2.47936
0.818422
-2.46686
0.818422
-2.47936
0.818422
-2.47936
0.818422
-2.57999
0.818422
-2.57999
0.818422
-2.57999
0.818422
-2.59249
0.818422
-2.59686
0.678972
-2.49999
-2.54269
-2.51874
-2.54269
-2.55436
-2.52769
-2.50874
-2.51269
-2.55436
-2.53769
-2.55436
-2.53769
-2.52499
-2.49519
-2.48874
-2.53269
-2.46499
-2.59269
0.818422
-2.50144
0.818422
-2.59269
0.818422
-2.59269
0.818422
-2.57186
0.818422
-2.46186
0.818422
-2.47936
0.818422
-2.49603
0.818422
-2.49186
0.818422
-2.39499
0.818422
0.0754233
0.818422
0.0754233
0.818422
0.0754233
0.818422
0.0754233
0.378288
0.564288
0.0754233
0.818422
0.0754233
0.818422
0.0754233
0.818422
0.0754233
0.818422
-2.47936
0.818422
-2.46686
0.818422
-2.47936
0.818422
-2.47936
0.818422
-2.57999
0.818422
-2.57999
0.818422
-2.57999
0.818422
-2.59249
0.818422
-2.59686
0.678972
-2.49999
-2.55561
-2.55936
-2.51874
-2.55936
-2.51874
-2.55436
-2.55436
-2.55936
-2.50874
-2.52499
-2.52499
-2.55436
-2.55436
-2.55936
-2.51874
-2.46499
-2.59686
0.818422
-2.59249
0.818422
-2.57999
0.818422
-2.57999
0.818422
-2.59249
0.818422
-2.47936
0.818422
-2.46686
0.818422
-2.47936
0.818422
-2.46686
0.818422
-2.37936
0.818422
0.0754233
0.818422
0.0754233
0.818422
0.0754233
0.818422
0.0754233
0.378288
0.564288
0.0754233
0.818422
0.0754233
0.818422
0.0754233
0.818422
0.0754233
0.818422
-2.47936
0.818422
-2.46686
0.818422
-2.47936
0.818422
-2.47936
0.818422
-2.57999
0.818422
-2.57999
0.818422
-2.57999
0.818422
-2.59249
0.818422
-2.59686
0.678972
-2.55436
-2.56436
-2.50874
-2.55936
-2.51874
-2.56936
-2.52499
-2.53686
-2.55436
-2.56436
-2.55936
-2.53436
-2.52499
-2.52186
-2.55936
-2.50436
-2.38374
-2.60686
0.818422
-2.53436
0.818422
-2.56686
0.818422
-2.51061
0.818422
-2.57686
0.818422
-2.43936
0.818422
-2.46686
0.818422
-2.46936
0.818422
-2.46686
0.818422
-2.31686
0.818422
0.0754233
0.818422
0.0754233
0.818422
0.0754233
0.818422
0.0754233
0.378288
0.551788
0.0754233
0.805922
0.0754233
0.805922
0.0754233
0.805922
0.0754233
0.805922
-2.46936
0.805922
-2.46936
0.805922
-2.45936
0.805922
-2.46936
0.805922
-2.56686
0.805922
-2.57686
0.805922
-2.57686
0.805922
-2.57686
0.805922
-2.60686
0.673198
-2.53686
-2.54311
-2.53436
-2.58436
-2.56436
-2.60436
-2.56436
-2.60436
-2.52186
-2.60311
-2.56436
-2.57936
-2.56436
-2.60436
-2.56436
-2.60436
-2.32686
-2.60936
0.818422
-2.59686
0.818422
-2.59686
0.818422
-2.51436
0.818422
-2.51436
0.818422
-2.40811
0.818422
-2.41936
0.818422
-2.41936
0.818422
-2.41936
0.818422
-2.56019
0.818422
0.0754233
0.818422
0.0754233
0.818422
0.0754233
0.818422
0.0754233
0.378288
0.564288
0.0754233
0.818422
0.0754233
0.818422
0.0754233
0.818422
0.0754233
0.818422
-2.37936
0.818422
-2.37936
0.818422
-2.36561
0.818422
-2.36561
0.818422
-2.57436
0.818422
-2.57686
0.818422
-2.53436
0.818422
-2.53436
0.818422
-2.60686
0.673198
-2.58686
-2.39936
-2.58686
-2.38936
-2.55061
-2.39936
-2.58686
-2.39561
-2.59936
-2.38061
-2.56936
-2.39936
-2.58311
-2.39936
-2.59936
-2.39936
-2.41311
-2.59686
0.818422
-2.39936
0.818422
-2.55936
0.818422
-2.48686
0.818422
-2.59686
0.818422
-2.59686
0.818422
-2.59686
0.818422
-2.59686
0.818422
-2.59686
0.818422
-2.46436
0.818422
0.0754233
0.818422
0.0754233
0.818422
0.0754233
0.818422
0.0754233
0.378288
0.564288
0.0754233
0.818422
0.0754233
0.818422
0.0754233
0.818422
0.0754233
0.818422
-2.46936
0.818422
-2.46936
0.818422
-2.45936
0.818422
-2.46936
0.818422
-2.57436
0.818422
-2.57686
0.818422
-2.56686
0.818422
-2.53436
0.818422
-2.60686
0.673198
-2.58686
-2.49936
-2.58686
-2.48061
-2.58686
-2.49936
-2.58686
-2.49936
-2.58686
-2.44061
-2.58686
-2.49936
-2.58311
-2.42186
-2.58686
-2.49561
-2.55061
-2.57186
0.818422
-2.55311
0.818422
-2.43436
0.818422
-2.58436
0.818422
-2.52311
0.818422
-2.34311
0.818422
-2.52311
0.818422
-2.46936
0.818422
-2.52311
0.818422
-2.42103
0.818422
0.0754233
0.818422
0.0754233
0.818422
0.0754233
0.818422
0.0754233
0.378288
0.564288
0.0754233
0.818422
0.0754233
0.818422
0.0754233
0.818422
0.0754233
0.818422
-2.46936
0.818422
-2.46686
0.818422
-2.45936
0.818422
-2.46936
0.818422
-2.57436
0.818422
-2.57686
0.818422
-2.56686
0.818422
-2.53436
0.818422
-2.60686
0.673198
-2.54686
-2.53269
-2.54686
-2.48269
-2.53436
-2.52394
-2.54686
-2.53269
-2.54061
-2.46894
-2.56436
-2.53769
-2.52811
-2.49269
-2.54311
-2.53269
-2.45936
-2.59269
0.818422
-2.50144
0.818422
-2.59269
0.818422
-2.59269
0.818422
-2.59269
0.818422
-2.46186
0.818422
-2.47936
0.818422
-2.49603
0.818422
-2.49186
0.818422
-2.39499
0.818422
0.0754233
0.818422
0.0754233
0.818422
0.0754233
0.818422
0.0754233
0.378288
0.564288
0.0754233
0.818422
0.0754233
0.818422
0.0754233
0.818422
0.0754233
0.818422
-2.46936
0.818422
-2.46686
0.818422
-2.45936
0.818422
-2.46936
0.818422
-2.57436
0.818422
-2.57686
0.818422
-2.56686
0.818422
-2.53436
0.818422
-2.60686
0.673198
-2.52186
-2.52499
-2.55936
-2.51874
-2.53436
-2.54936
-2.56436
-2.55436
-2.56936
-2.50874
-2.56936
-2.51874
-2.56436
-2.55436
-2.56436
-2.55061
-2.45936
-2.59686
0.818422
-2.59249
0.818422
-2.57999
0.818422
-2.57999
0.818422
-2.59249
0.818422
-2.47936
0.818422
-2.46686
0.818422
-2.47936
0.818422
-2.46686
0.818422
-2.37936
0.818422
0.0754233
0.818422
0.0754233
0.818422
0.0754233
0.818422
0.0754233
0.378288
0.564288
0.0754233
0.818422
0.0754233
0.818422
0.0754233
0.818422
0.0754233
0.818422
-2.46936
0.818422
-2.46686
0.818422
-2.45936
0.818422
-2.46936
0.818422
-2.57436
0.818422
-2.57686
0.818422
-2.56686
0.818422
-2.53436
0.818422
-2.60686
0.673198
-2.56436
-2.56436
-2.53436
-2.53936
-2.53436
-2.56936
-2.52186
-2.52186
-2.53686
-2.52186
-2.56936
-2.53436
-2.56436
-2.55436
-2.53436
-2.53936
-2.37811
-2.60686
0.818422
-2.53436
0.818422
-2.56686
0.818422
-2.51061
0.818422
-2.57686
0.818422
-2.43936
0.818422
-2.46686
0.818422
-2.46936
0.818422
-2.46686
