0.00553402
-0.00456507
0.00553402
0.00553402
0.00553402
0.00553402
0.00553402
0.00553402
0.00553402
0.00553402
0.00553402
0.00553402
0.00553402
0.00553402
0.00553402
0.00553402
0.00553402
0.00553402
0.144981
0.00553402
-0.00456507
0.00553402
-0.00456507
0.00553402
-0.154565
0.00553402
-0.154565
0.00553402
-0.00456507
0.00553402
-0.254565
0.00553402
-0.154565
0.00553402
-0.154565
0.00553402
-0.254565
0.00553402
-0.00456507
-0.00456507
-0.154565
-0.00456507
-0.254565
-0.254565
-0.254565
-0.254565
-0.254565
-0.254565
-0.254565
-0.254565
-0.254565
-0.254565
-0.254565
-0.254565
-0.254565
-0.254565
0.00553402
-0.254565
0.00553402
-0.254565
0.00553402
-0.254565
0.00553402
-0.254565
0.00553402
-0.254565
0.00553402
-0.254565
0.00553402
-0.00456507
0.00553402
-0.254565
0.00553402
0.202481
0.00553402
0.104981
0.00553402
0.104981
0.00553402
0.104981
0.00553402
0.104981
0.00553402
0.104981
0.00553402
0.104981
0.00553402
0.104981
0.00553402
0.104981
0.00553402
0.104981
-0.154565
0.104981
-0.254565
0.104981
-0.254565
0.104981
-0.154565
0.104981
-0.254565
0.104981
-0.254565
0.104981
-0.254565
0.104981
-0.00456507
0.104981
-0.254565
0.00553402
-0.154565
-0.229565
-0.00456507
-0.129565
-0.154565
-0.204565
-0.00456507
-0.0170651
-0.154565
-0.204565
-0.154565
0.157935
-0.154565
-0.208732
-0.154565
-0.204565
-0.154565
-0.204565
0.104981
-0.208732
0.104981
-0.229565
0.104981
-0.192065
0.104981
-0.208732
0.104981
-0.0795651
0.104981
-0.167065
0.104981
-0.229565
0.104981
-0.208732
0.00553402
0.202481
0.00553402
0.104981
0.00553402
0.104981
0.00553402
0.104981
0.00553402
0.104981
0.00553402
0.104981
0.00553402
0.104981
0.00553402
0.104981
0.00553402
0.104981
0.00553402
0.104981
-0.154565
0.104981
-0.254565
0.104981
-0.254565
0.104981
-0.154565
0.104981
-0.254565
0.104981
-0.254565
0.104981
-0.254565
0.104981
-0.00456507
0.104981
-0.254565
0.00553402
-0.154565
-0.0983151
-0.154565
-0.00456507
-0.154565
-0.229565
-0.00456507
0.145435
-0.00456507
0.176685
-0.154565
0.00168493
-0.154565
-0.229565
-0.154565
-0.173315
-0.154565
-0.173315
0.104981
-0.189982
0.104981
-0.189982
0.104981
-0.223315
0.104981
-0.204565
0.104981
-0.189982
0.104981
-0.129565
0.104981
0.00168493
0.104981
-0.204565
0.00553402
0.202481
0.00553402
0.104981
0.00553402
0.104981
0.00553402
0.104981
0.00553402
0.104981
0.00553402
0.104981
0.00553402
0.104981
0.00553402
0.104981
0.00553402
0.104981
0.00553402
0.104981
-0.154565
0.104981
-0.254565
0.104981
-0.254565
0.104981
-0.254565
0.104981
-0.254565
0.104981
-0.254565
0.104981
-0.254565
0.104981
-0.00456507
0.104981
-0.254565
0.00553402
-0.154565
-0.217065
-0.154565
-0.229565
-0.154565
-0.104565
-0.00456507
0.0329349
-0.154565
-0.0420651
-0.154565
0.00793493
-0.154565
-0.0420651
-0.154565
-0.104565
-0.154565
0.00793493
0.104981
-0.0420651
0.104981
-0.167065
0.104981
-0.204565
0.104981
-0.0462317
0.104981
-0.0920651
0.104981
-0.129565
0.104981
-0.0462317
0.104981
-0.204565
0.00553402
0.202481
0.00553402
0.104981
0.00553402
0.104981
0.00553402
0.104981
0.00553402
0.104981
0.00553402
0.104981
0.00553402
0.104981
0.00553402
0.104981
0.00553402
0.104981
0.00553402
0.104981
-0.154565
0.104981
-0.254565
0.104981
-0.254565
0.104981
-0.254565
0.104981
-0.254565
0.104981
-0.254565
0.104981
-0.254565
0.104981
-0.00456507
0.104981
-0.254565
0.00553402
-0.154565
-0.0295651
-0.00456507
0.0923099
-0.154565
-0.0795651
-0.154565
-0.20769
-0.154565
-0.196232
-0.154565
0.120435
-0.154565
-0.0826901
-0.154565
-0.0826901
-0.154565
0.0537683
0.104981
-0.0826901
0.104981
-0.179565
0.104981
-0.20769
0.104981
-0.20769
0.104981
-0.14519
0.104981
-0.14519
0.104981
-0.229565
0.104981
-0.20769
0.00553402
0.104981
0.00553402
0.104981
0.00553402
0.104981
0.00553402
0.104981
0.00553402
0.104981
0.00553402
0.104981
0.00553402
0.104981
0.00553402
0.104981
0.00553402
0.104981
0.00553402
0.104981
-0.154565
0.104981
-0.254565
0.104981
-0.254565
0.104981
-0.154565
0.104981
-0.254565
0.104981
-0.254565
0.104981
-0.254565
0.104981
-0.00456507
0.104981
-0.254565
0.00553402
-0.154565
-0.161232
-0.154565
-0.0395651
-0.154565
-0.0395651
-0.00456507
0.0329349
-0.00456507
-0.229565
-0.154565
0.120435
-0.154565
-0.157065
-0.154565
0.172935
-0.154565
0.0329349
0.104981
-0.0612317
0.104981
-0.157065
0.104981
-0.229565
0.104981
-0.204565
0.104981
-0.202065
0.104981
-0.161232
0.104981
-0.229565
0.104981
-0.136232
0.104981
-0.154565
0.104981
0.00553402
0.104981
0.00553402
0.104981
0.00553402
0.104981
0.00553402
0.104981
0.00553402
0.104981
0.00553402
0.104981
0.00553402
0.104981
0.00553402
0.181647
0.00553402
-0.129565
0.104981
-0.0170651
0.104981
-0.192065
0.104981
-0.00873173
0.104981
-0.0170651
0.104981
-0.229565
0.104981
-0.183732
0.104981
-0.204565
0.104981
-0.204565
0.104981
-0.208732
-0.154565
-0.0170651
-0.00456507
-0.204565
-0.154565
-0.0795651
-0.00456507
-0.0170651
-0.00456507
-0.204565
-0.154565
-0.204565
-0.154565
-0.204565
-0.00456507
-0.189565
-0.254565
0.104981
-0.154565
0.104981
-0.254565
0.104981
-0.254565
0.104981
-0.154565
0.104981
-0.254565
0.104981
-0.154565
0.104981
-0.154565
0.104981
-0.154565
0.104981
-0.225398
0.104981
0.00553402
0.104981
0.00553402
0.104981
0.00553402
0.104981
0.00553402
0.00553402
0.104981
0.00553402
0.104981
0.00553402
0.104981
0.00553402
0.104981
0.00553402
0.104981
-0.225398
0.104981
-0.250398
0.104981
-0.137898
0.104981
-0.250398
0.104981
-0.0128984
0.104981
-0.225398
0.104981
-0.250398
0.104981
-0.225398
0.104981
-0.254565
0.104981
-0.162898
-0.000398402
0.164185
-0.0108151
-0.204565
-0.204565
0.0746016
-0.162898
-0.0108151
0.164185
-0.204565
0.170435
-0.0420651
-0.217065
-0.204565
-0.204565
-0.127065
-0.254565
0.104981
-0.200398
0.104981
-0.250398
0.104981
-0.112898
0.104981
-0.250398
0.104981
-0.237898
0.104981
-0.225398
0.104981
-0.175398
0.104981
-0.225398
0.104981
-0.0545651
0.104981
0.00553402
0.104981
0.00553402
0.104981
0.00553402
0.104981
0.00553402
0.00553402
0.104981
0.00553402
0.104981
0.00553402
0.104981
0.00553402
0.104981
0.00553402
0.104981
-0.225398
0.104981
-0.250398
0.104981
-0.137898
0.104981
-0.250398
0.104981
-0.0128984
0.104981
-0.225398
0.104981
-0.250398
0.104981
-0.225398
0.104981
-0.254565
0.104981
-0.129565
-0.223315
-0.129565
-0.173315
-0.129565
-0.223315
-0.0420651
-0.223315
-0.129565
-0.223315
-0.129565
0.160018
-0.129565
-0.223315
-0.0420651
-0.204565
-0.0645651
-0.254565
0.104981
-0.123315
0.104981
-0.123315
0.104981
-0.198315
0.104981
-0.217065
0.104981
-0.217065
0.104981
-0.0545651
0.104981
-0.123315
0.104981
-0.129565
0.104981
-0.0962317
0.104981
0.00553402
0.104981
0.00553402
0.104981
0.00553402
0.104981
0.00553402
0.00553402
0.104981
0.00553402
0.104981
0.00553402
0.104981
0.00553402
0.104981
0.00553402
0.104981
-0.225398
0.104981
-0.250398
0.104981
-0.250398
0.104981
-0.250398
0.104981
-0.250398
0.104981
-0.225398
0.104981
-0.250398
0.104981
-0.225398
0.104981
-0.254565
0.104981
-0.117065
0.0746016
-0.0420651
-0.225398
-0.0795651
-0.154565
-0.0420651
-0.225398
0.0329349
0.162102
-0.0420651
-0.225398
-0.0420651
-0.162898
-0.0420651
-0.212898
0.0229349
-0.254565
0.104981
-0.187898
0.104981
-0.187898
0.104981
-0.0670651
0.104981
-0.0962317
0.104981
-0.121232
0.104981
-0.00456507
0.104981
-0.121232
0.104981
-0.0587317
0.104981
-0.0795651
0.104981
0.00553402
0.104981
0.00553402
0.104981
0.00553402
0.104981
0.00553402
0.00553402
0.104981
0.00553402
0.104981
0.00553402
0.104981
0.00553402
0.104981
0.00553402
0.104981
-0.225398
0.104981
-0.250398
0.104981
-0.137898
0.104981
-0.250398
0.104981
-0.0128984
0.104981
-0.225398
0.104981
-0.250398
0.104981
-0.250398
0.104981
-0.254565
0.104981
0.107935
-0.20144
-0.0420651
-0.22644
-0.0420651
-0.217065
0.0704349
-0.20144
0.0329349
-0.20144
-0.0420651
-0.20144
-0.0420651
-0.217065
-0.0420651
-0.20144
0.0229349
-0.254565
0.104981
-0.104565
0.104981
-0.0795651
0.104981
-0.104565
0.104981
-0.0576901
0.104981
-0.104565
0.104981
-0.0514401
0.104981
-0.00456507
0.104981
-0.0670651
0.104981
-0.0670651
0.104981
0.00553402
0.104981
0.00553402
0.104981
0.00553402
0.104981
0.00553402
0.00553402
0.104981
0.00553402
0.104981
0.00553402
0.104981
0.00553402
0.104981
0.00553402
0.104981
-0.225398
0.104981
-0.250398
0.104981
-0.250398
0.104981
-0.250398
0.104981
-0.250398
0.104981
-0.225398
0.104981
-0.250398
0.104981
-0.225398
0.104981
-0.254565
0.104981
-0.117065
-0.0145651
-0.0420651
-0.219565
-0.0420651
-0.227065
-0.0420651
-0.227065
-0.0108151
0.154185
-0.000398402
0.172102
-0.0420651
-0.207065
-0.000398402
-0.127898
0.0229349
-0.254565
0.104981
-0.114565
0.104981
-0.0420651
0.104981
-0.114565
0.104981
-0.0670651
0.104981
-0.0645651
0.104981
-0.0445651
0.104981
-0.0670651
0.104981
-0.0445651
0.104981
-0.154565
0.104981
0.00553402
0.104981
0.00553402
0.104981
0.00553402
0.104981
0.00553402
0.104981
0.00553402
0.104981
0.00553402
0.104981
0.00553402
0.104981
0.00553402
0.181647
0.00553402
-0.129565
0.104981
-0.129565
0.104981
-0.154565
0.104981
0.00168493
0.104981
0.00168493
0.104981
-0.229565
0.104981
-0.123315
0.104981
-0.248315
0.104981
-0.173315
0.104981
0.185018
-0.00456507
-0.189982
-0.00456507
-0.189982
-0.154565
0.176685
-0.154565
0.176685
-0.00456507
0.160018
-0.00456507
-0.123315
-0.154565
-0.123315
-0.154565
-0.139565
-0.254565
0.104981
-0.254565
0.104981
-0.254565
0.104981
-0.00456507
0.104981
-0.154565
0.104981
-0.254565
0.104981
-0.154565
0.104981
-0.154565
0.104981
-0.154565
0.104981
-0.225398
0.104981
0.00553402
0.104981
0.00553402
0.104981
0.00553402
0.104981
0.00553402
0.00553402
0.104981
0.00553402
0.104981
0.00553402
0.104981
0.00553402
0.104981
0.00553402
0.104981
-0.129565
0.104981
-0.154565
0.104981
-0.154565
0.104981
-0.0233151
0.104981
-0.217065
0.104981
-0.223315
0.104981
-0.123315
0.104981
-0.123315
0.104981
-0.254565
0.104981
0.101685
-0.104565
-0.223315
-0.129565
-0.223315
-0.0420651
-0.0816484
-0.162898
0.0766849
0.0329349
-0.223315
-0.129565
-0.156648
-0.162898
-0.223315
-0.129565
-0.0833151
-0.254565
0.104981
-0.200398
0.104981
-0.250398
0.104981
-0.212898
0.104981
-0.137898
0.104981
-0.237898
0.104981
-0.225398
0.104981
-0.225398
0.104981
-0.212898
0.104981
0.00553402
0.104981
0.00553402
0.104981
0.00553402
0.104981
0.00553402
0.104981
0.00553402
0.00553402
0.104981
0.00553402
0.104981
0.00553402
0.104981
0.00553402
0.104981
0.00553402
0.104981
-0.160815
0.104981
-0.185815
0.104981
-0.242065
0.104981
-0.242065
0.104981
-0.210815
0.104981
-0.242065
0.104981
-0.242065
0.104981
-0.248315
0.104981
-0.254565
0.104981
0.0641849
0.0641849
-0.204565
-0.0983151
-0.204565
-0.0983151
0.0204349
-0.104565
0.0766849
-0.0483151
-0.204565
-0.0983151
-0.179565
0.0204349
-0.179565
-0.129565
-0.0395651
-0.254565
0.104981
-0.248315
0.104981
-0.242065
0.104981
-0.160815
0.104981
-0.185815
0.104981
-0.242065
0.104981
-0.142065
0.104981
-0.160815
0.104981
-0.154565
0.104981
0.00553402
0.104981
0.00553402
0.104981
0.00553402
0.104981
0.00553402
0.104981
0.00553402
0.00553402
0.104981
0.00553402
0.104981
0.00553402
0.104981
0.00553402
0.104981
0.00553402
0.104981
-0.129565
0.104981
-0.242065
0.104981
-0.242065
0.104981
-0.242065
0.104981
-0.210815
0.104981
-0.217065
0.104981
-0.242065
0.104981
-0.242065
0.104981
-0.254565
0.104981
0.0641849
-0.154565
-0.135815
-0.154565
-0.135815
-0.154565
-0.0983151
-0.162898
-0.0295651
0.162102
-0.135815
0.187102
-0.0983151
-0.162898
-0.0983151
-0.212898
0.0166849
-0.254565
0.104981
-0.187898
0.104981
-0.250398
0.104981
-0.212898
0.104981
-0.183732
0.104981
-0.142065
0.104981
-0.179565
0.104981
-0.104565
0.104981
-0.108732
0.104981
0.00553402
0.104981
0.00553402
0.104981
0.00553402
0.104981
0.00553402
0.104981
0.00553402
0.00553402
0.104981
0.00553402
0.104981
0.00553402
0.104981
0.00553402
0.104981
0.00553402
0.104981
-0.129565
0.104981
-0.242065
0.104981
-0.242065
0.104981
-0.242065
0.104981
-0.242065
0.104981
-0.242065
0.104981
-0.242065
0.104981
-0.242065
0.104981
-0.254565
0.104981
0.101685
-0.104565
-0.135815
-0.16394
-0.0983151
-0.217065
0.170435
-0.20144
0.0766849
-0.20144
-0.0983151
-0.217065
-0.0983151
-0.217065
-0.0295651
-0.20144
0.0166849
-0.254565
0.104981
-0.20144
0.104981
0.00480993
0.104981
-0.204565
0.104981
-0.154565
0.104981
-0.16394
0.104981
-0.16394
0.104981
-0.0545651
0.104981
-0.0795651
0.104981
0.00553402
0.104981
0.00553402
0.104981
0.00553402
0.104981
0.00553402
0.104981
0.00553402
0.00553402
0.104981
0.00553402
0.104981
0.00553402
0.104981
0.00553402
0.104981
0.00553402
0.104981
-0.129565
0.104981
-0.242065
0.104981
-0.242065
0.104981
-0.242065
0.104981
-0.235815
0.104981
-0.217065
0.104981
-0.242065
0.104981
-0.242065
0.104981
-0.254565
0.104981
0.0641849
0.0304349
0.201685
-0.0145651
-0.0983151
-0.219565
-0.0233151
-0.219565
-0.173315
-0.0895651
-0.156648
0.172102
-0.135815
-0.229565
0.0433516
-0.127898
0.0166849
-0.254565
0.104981
-0.227065
0.104981
-0.114565
0.104981
-0.214565
0.104981
-0.172065
0.104981
-0.182065
0.104981
-0.172065
0.104981
-0.157065
0.104981
-0.0920651
0.104981
-0.254565
0.104981
0.00553402
0.104981
0.00553402
0.104981
0.00553402
0.104981
0.00553402
0.104981
0.00553402
0.104981
0.00553402
0.104981
0.00553402
0.104981
0.00553402
0.181647
0.00553402
-0.0170651
0.104981
-0.0420651
0.104981
-0.108732
0.104981
-0.0420651
0.104981
-0.0170651
0.104981
-0.212898
0.104981
-0.242065
0.104981
-0.104565
0.104981
0.00793493
0.104107
-0.0420651
-0.00456507
-0.0420651
-0.00456507
-0.204565
-0.00456507
0.00793493
-0.154565
-0.0420651
-0.00456507
-0.0420651
-0.00456507
-0.204565
-0.154565
-0.0420651
-0.154565
-0.0937317
-0.254565
0.104981
-0.154565
0.104981
-0.154565
0.104981
-0.254565
0.104981
-0.254565
0.104981
-0.154565
0.104981
-0.154565
0.104981
-0.154565
0.104981
-0.00456507
0.104981
-0.250398
0.104981
0.00553402
0.104981
0.00553402
0.104981
0.00553402
0.104981
0.00553402
0.00553402
0.104981
0.00553402
0.104981
0.00553402
0.104981
0.00553402
0.104981
0.00553402
0.104981
-0.0962317
0.104981
-0.121232
0.104981
-0.121232
0.104981
-0.0545651
0.104981
-0.0670651
0.104981
-0.0962317
0.104981
-0.187898
0.104981
-0.212898
0.104981
-0.254565
0.104981
-0.219148
0.0641849
-0.225398
0.157935
-0.225398
-0.0420651
0.0746016
0.0454349
-0.225398
-0.0420651
-0.219148
0.114185
-0.212898
-0.0420651
-0.217065
-0.129565
-0.0395651
-0.254565
0.104981
-0.200398
0.104981
-0.225398
0.104981
-0.100398
0.104981
-0.250398
0.104981
-0.225398
0.104981
-0.250398
0.104981
-0.175398
0.104981
-0.212898
0.104981
-0.0545651
0.104981
0.00553402
0.104981
0.00553402
0.104981
0.00553402
0.104981
0.00553402
0.00553402
0.104981
0.00553402
0.104981
0.00553402
0.104981
0.00553402
0.104981
0.00553402
0.104981
-0.108732
0.104981
-0.133732
0.104981
-0.104565
0.104981
-0.0920651
0.104981
-0.142065
0.104981
-0.229565
0.104981
-0.187898
0.104981
-0.212898
0.104981
-0.254565
0.104981
-0.187898
-0.204565
0.0871016
-0.0795651
-0.212898
-0.0983151
-0.175398
-0.123315
-0.187898
-0.129565
-0.212898
-0.0983151
-0.112898
0.120435
-0.000398402
-0.129565
-0.00206507
-0.254565
0.104981
-0.242065
0.104981
-0.242065
0.104981
-0.160815
0.104981
-0.185815
0.104981
-0.242065
0.104981
-0.142065
0.104981
-0.160815
0.104981
-0.123315
0.104981
0.00553402
0.104981
0.00553402
0.104981
0.00553402
0.104981
0.00553402
0.104981
0.00553402
0.00553402
0.104981
0.00553402
0.104981
0.00553402
0.104981
0.00553402
0.104981
0.00553402
0.104981
-0.0962317
0.104981
-0.179565
0.104981
-0.104565
0.104981
-0.0920651
0.104981
-0.142065
0.104981
-0.229565
0.104981
-0.187898
0.104981
-0.212898
0.104981
-0.254565
0.104981
-0.162898
-0.000398402
-0.162898
0.137102
-0.154565
-0.154565
-0.117065
-0.162898
-0.192065
0.0746016
-0.154565
-0.154565
-0.117065
-0.162898
-0.112898
0.0871016
0.0437683
-0.254565
0.104981
-0.187898
0.104981
-0.250398
0.104981
-0.254565
0.104981
-0.183732
0.104981
-0.142065
0.104981
-0.179565
0.104981
-0.167065
0.104981
-0.0837317
0.104981
0.00553402
0.104981
0.00553402
0.104981
0.00553402
0.104981
0.00553402
0.104981
0.00553402
0.00553402
0.104981
0.00553402
0.104981
0.00553402
0.104981
0.00553402
0.104981
0.00553402
0.104981
-0.0962317
0.104981
-0.179565
0.104981
-0.208732
0.104981
-0.0920651
0.104981
-0.142065
0.104981
-0.171232
0.104981
-0.187898
0.104981
-0.212898
0.104981
-0.254565
0.104981
-0.175398
-0.20144
-0.154565
-0.16394
-0.192065
-0.0795651
-0.175398
-0.20144
-0.175398
-0.20144
-0.000398402
-0.20144
-0.000398402
-0.20144
-0.0628984
-0.20144
0.0437683
-0.254565
0.104981
-0.20144
0.104981
-0.204565
0.104981
-0.154565
0.104981
-0.154565
0.104981
-0.16394
0.104981
-0.16394
0.104981
-0.167065
0.104981
-0.0764401
0.104981
0.00553402
0.104981
0.00553402
0.104981
0.00553402
0.104981
0.00553402
0.104981
0.00553402
0.00553402
0.104981
0.00553402
0.104981
0.00553402
0.104981
0.00553402
0.104981
0.00553402
0.104981
-0.0962317
0.104981
-0.179565
0.104981
-0.208732
0.104981
-0.0920651
0.104981
-0.142065
0.104981
-0.171232
0.104981
-0.187898
0.104981
-0.212898
0.104981
-0.254565
0.104981
-0.162898
0.0329349
0.0871016
-0.0645651
-0.192065
-0.0895651
0.0746016
-0.207065
-0.117065
-0.114565
-0.154565
-0.169565
-0.154565
-0.229565
-0.154565
-0.229565
0.0437683
-0.254565
0.104981
-0.227065
0.104981
-0.229565
0.104981
-0.254565
0.104981
-0.172065
0.104981
-0.182065
0.104981
-0.172065
0.104981
-0.157065
0.104981
-0.0895651
0.104981
-0.154565
0.104981
0.00553402
0.104981
0.00553402
0.104981
0.00553402
0.104981
0.00553402
0.104981
0.00553402
0.104981
0.00553402
0.104981
0.00553402
0.104981
0.00553402
0.181647
0.00553402
-0.0576901
0.104981
-0.0451901
0.104981
-0.254565
0.104981
-0.17019
0.104981
-0.0795651
0.104981
-0.171232
0.104981
-0.0826901
0.104981
-0.0826901
0.104981
0.0537683
0.089888
-0.0826901
-0.00456507
-0.0826901
-0.154565
-0.0795651
-0.154565
0.0923099
-0.00456507
-0.0826901
-0.00456507
-0.0826901
-0.00456507
-0.0826901
-0.154565
-0.0545651
-0.154565
-0.0676901
-0.254565
0.104981
-0.154565
0.104981
-0.254565
0.104981
-0.254565
0.104981
-0.154565
0.104981
-0.254565
0.104981
-0.154565
0.104981
-0.154565
0.104981
-0.254565
0.104981
0.00553402
0.104981
0.00553402
0.104981
0.00553402
0.104981
0.00553402
0.104981
0.00553402
0.00553402
0.104981
0.00553402
0.104981
0.00553402
0.104981
0.00553402
0.104981
0.00553402
0.104981
-0.0795651
0.104981
-0.104565
0.104981
-0.104565
0.104981
-0.0545651
0.104981
-0.0576901
0.104981
-0.104565
0.104981
-0.104565
0.104981
-0.104565
0.104981
-0.254565
0.104981
-0.20144
-0.0420651
-0.22644
-0.0420651
-0.22019
-0.0108151
0.195435
-0.0170651
-0.217065
0.0704349
-0.22644
-0.0420651
-0.22644
-0.0420651
-0.21394
-0.0795651
-0.0145651
-0.254565
0.104981
-0.200398
0.104981
-0.250398
0.104981
-0.200398
0.104981
-0.137898
0.104981
-0.237898
0.104981
-0.137898
0.104981
-0.225398
0.104981
-0.225398
0.104981
-0.0545651
0.104981
0.00553402
0.104981
0.00553402
0.104981
0.00553402
0.104981
0.00553402
0.00553402
0.104981
0.00553402
0.104981
0.00553402
0.104981
0.00553402
0.104981
0.00553402
0.104981
-0.0826901
0.104981
-0.10769
0.104981
-0.179565
0.104981
-0.192065
0.104981
-0.16394
0.104981
-0.229565
0.104981
0.00480993
0.104981
-0.20144
0.104981
-0.254565
0.104981
-0.20144
-0.0295651
-0.217065
-0.0983151
-0.217065
-0.0983151
-0.0795651
0.201685
-0.200398
-0.0816484
-0.217065
-0.0983151
-0.129565
0.120435
0.0360599
0.0641849
0.0198099
-0.254565
0.104981
-0.242065
0.104981
-0.242065
0.104981
-0.242065
0.104981
-0.160815
0.104981
-0.242065
0.104981
-0.217065
0.104981
-0.160815
0.104981
-0.123315
0.104981
0.00553402
0.104981
0.00553402
0.104981
0.00553402
0.104981
0.00553402
0.104981
0.00553402
0.00553402
0.104981
0.00553402
0.104981
0.00553402
0.104981
0.00553402
0.104981
0.00553402
0.104981
-0.0795651
0.104981
-0.179565
0.104981
-0.179565
0.104981
-0.179565
0.104981
-0.16394
0.104981
-0.192065
0.104981
-0.0764401
0.104981
-0.20144
0.104981
-0.254565
0.104981
-0.20144
-0.000398402
-0.20144
0.137102
-0.16394
-0.154565
-0.104565
-0.225398
0.0485599
0.0746016
-0.16394
-0.154565
-0.20144
0.137102
-0.20144
0.137102
0.0604349
-0.254565
0.104981
-0.187898
0.104981
-0.250398
0.104981
-0.171232
0.104981
-0.183732
0.104981
-0.142065
0.104981
-0.179565
0.104981
-0.167065
0.104981
-0.0295651
0.104981
0.00553402
0.104981
0.00553402
0.104981
0.00553402
0.104981
0.00553402
0.104981
0.00553402
0.00553402
0.104981
0.00553402
0.104981
0.00553402
0.104981
0.00553402
0.104981
0.00553402
0.104981
-0.0795651
0.104981
-0.179565
0.104981
-0.192065
0.104981
-0.192065
0.104981
-0.16394
0.104981
-0.192065
0.104981
-0.0764401
0.104981
-0.20144
0.104981
-0.254565
0.104981
-0.20144
-0.0795651
-0.16394
-0.16394
-0.20144
-0.0264401
-0.0795651
-0.20144
-0.0795651
-0.20144
-0.16394
-0.16394
-0.0795651
-0.20144
-0.20144
-0.0795651
0.0604349
-0.254565
0.104981
-0.20144
0.104981
-0.0764401
0.104981
-0.16394
0.104981
-0.0889401
0.104981
-0.16394
0.104981
-0.16394
0.104981
-0.167065
0.104981
-0.0764401
0.104981
0.00553402
0.104981
0.00553402
0.104981
0.00553402
0.104981
0.00553402
0.104981
0.00553402
0.00553402
0.104981
0.00553402
0.104981
0.00553402
0.104981
0.00553402
0.104981
0.00553402
0.104981
-0.0795651
0.104981
-0.179565
0.104981
-0.192065
0.104981
-0.179565
0.104981
-0.16394
0.104981
-0.192065
0.104981
-0.0764401
0.104981
-0.20144
0.104981
-0.254565
0.104981
-0.20144
-0.0420651
-0.16394
-0.229565
-0.20144
-0.0895651
-0.0795651
-0.207065
-0.20144
-0.0895651
-0.20144
-0.0895651
-0.16394
-0.229565
-0.20144
-0.0420651
0.0604349
-0.254565
0.104981
-0.227065
0.104981
-0.114565
0.104981
-0.207065
0.104981
-0.172065
0.104981
-0.182065
0.104981
-0.172065
0.104981
-0.157065
0.104981
-0.00456507
0.104981
-0.254565
0.104981
0.00553402
0.104981
0.00553402
0.104981
0.00553402
0.104981
0.00553402
0.104981
0.00553402
0.104981
0.00553402
0.104981
0.00553402
0.104981
0.00553402
0.144981
0.00553402
-0.0420651
0.104981
-0.227065
0.104981
-0.00706507
0.104981
-0.157065
0.104981
-0.157065
0.104981
-0.229565
0.104981
-0.157065
0.104981
-0.157065
0.104981
0.0329349
0.0950075
0.0329349
-0.00456507
-0.157065
-0.154565
-0.157065
-0.154565
-0.229565
-0.00456507
0.172935
-0.00456507
-0.0395651
-0.00456507
-0.0670651
-0.00456507
-0.0670651
-0.154565
-0.0520651
-0.254565
0.104981
-0.00456507
0.104981
-0.254565
0.104981
-0.254565
0.104981
-0.254565
0.104981
-0.254565
0.104981
-0.154565
0.104981
-0.154565
0.104981
-0.154565
0.104981
0.00553402
0.104981
0.00553402
0.104981
0.00553402
0.104981
0.00553402
0.104981
0.00553402
0.00553402
0.104981
0.00553402
0.104981
0.00553402
0.104981
0.00553402
0.104981
0.00553402
0.104981
-0.0670651
0.104981
-0.0920651
0.104981
-0.0920651
0.104981
-0.0920651
0.104981
-0.114565
0.104981
-0.114565
0.104981
-0.114565
0.104981
-0.114565
0.104981
-0.254565
0.104981
-0.227065
0.0329349
-0.227065
-0.0420651
-0.227065
-0.0420651
0.167935
-0.0170651
-0.227065
0.0704349
-0.227065
-0.0420651
-0.227065
-0.0420651
-0.229565
-0.0795651
0.000434932
-0.254565
0.104981
-0.200398
0.104981
-0.250398
0.104981
-0.250398
0.104981
-0.250398
0.104981
-0.237898
0.104981
-0.225398
0.104981
-0.225398
0.104981
-0.225398
0.104981
-0.0545651
0.104981
0.00553402
0.104981
0.00553402
0.104981
0.00553402
0.104981
0.00553402
0.00553402
0.104981
0.00553402
0.104981
0.00553402
0.104981
0.00553402
0.104981
0.00553402
0.104981
-0.0670651
0.104981
-0.182065
0.104981
-0.182065
0.104981
-0.179565
0.104981
-0.182065
0.104981
-0.207065
0.104981
-0.252065
0.104981
-0.252065
0.104981
-0.254565
0.104981
-0.219565
-0.0983151
-0.219565
-0.0983151
-0.219565
-0.0983151
0.0304349
0.0641849
-0.219565
0.101685
-0.219565
-0.0983151
-0.0895651
0.201685
-0.0420651
-0.129565
0.0329349
-0.254565
0.104981
-0.160815
0.104981
-0.242065
0.104981
-0.210815
0.104981
-0.160815
0.104981
-0.242065
0.104981
-0.217065
0.104981
-0.160815
0.104981
-0.129565
0.104981
0.00553402
0.104981
0.00553402
0.104981
0.00553402
0.104981
0.00553402
0.104981
0.00553402
0.00553402
0.104981
0.00553402
0.104981
0.00553402
0.104981
0.00553402
0.104981
0.00553402
0.104981
-0.0670651
0.104981
-0.179565
0.104981
-0.182065
0.104981
-0.179565
0.104981
-0.182065
0.104981
-0.229565
0.104981
-0.252065
0.104981
-0.252065
0.104981
-0.254565
0.104981
-0.169565
-0.154565
0.185435
-0.225398
-0.207065
-0.0628984
0.0104349
-0.225398
-0.207065
0.0121016
-0.169565
-0.154565
-0.207065
0.137102
-0.207065
0.137102
0.0704349
-0.254565
0.104981
-0.187898
0.104981
-0.250398
0.104981
-0.171232
0.104981
-0.179565
0.104981
-0.208732
0.104981
-0.204565
0.104981
-0.167065
0.104981
-0.0962317
0.104981
0.00553402
0.104981
0.00553402
0.104981
0.00553402
0.104981
0.00553402
0.104981
0.00553402
0.00553402
0.104981
0.00553402
0.104981
0.00553402
0.104981
0.00553402
0.104981
0.00553402
0.104981
-0.0670651
0.104981
-0.179565
0.104981
-0.182065
0.104981
-0.179565
0.104981
-0.172065
0.104981
-0.229565
0.104981
-0.252065
0.104981
-0.252065
0.104981
-0.254565
0.104981
-0.169565
-0.16394
-0.207065
-0.0795651
-0.207065
-0.0795651
0.0304349
-0.21394
0.0329349
-0.20144
-0.0895651
-0.20144
-0.0895651
-0.20144
-0.207065
-0.0795651
0.0704349
-0.254565
0.104981
-0.20144
0.104981
-0.204565
0.104981
-0.16394
0.104981
-0.0920651
0.104981
-0.16394
0.104981
-0.16394
0.104981
-0.167065
0.104981
-0.0264401
0.104981
0.00553402
0.104981
0.00553402
0.104981
0.00553402
0.104981
0.00553402
0.104981
0.00553402
0.00553402
0.104981
0.00553402
0.104981
0.00553402
0.104981
0.00553402
0.104981
0.00553402
0.104981
-0.0670651
0.104981
-0.179565
0.104981
-0.182065
0.104981
-0.179565
0.104981
-0.172065
0.104981
-0.229565
0.104981
-0.252065
0.104981
-0.252065
0.104981
-0.254565
0.104981
-0.169565
-0.169565
-0.169565
-0.229565
-0.207065
-0.0895651
-0.169565
-0.169565
-0.207065
-0.0895651
-0.207065
-0.0895651
-0.169565
-0.229565
-0.207065
-0.0420651
0.0704349
-0.254565
0.104981
-0.252065
0.104981
-0.214565
0.104981
-0.219565
0.104981
-0.172065
0.104981
-0.172065
0.104981
-0.172065
0.104981
-0.157065
0.104981
-0.0820651
