9.96921e-05
0.0954142
9.96921e-05
9.96921e-05
9.96921e-05
9.96921e-05
9.96921e-05
9.96921e-05
9.96921e-05
9.96921e-05
9.96921e-05
9.96921e-05
9.96921e-05
9.96921e-05
9.96921e-05
9.96921e-05
9.96921e-05
9.96921e-05
0.10009
9.96921e-05
0.0954142
9.96921e-05
0.0954142
9.96921e-05
0.0954142
9.96921e-05
0.0954142
9.96921e-05
0.0954142
9.96921e-05
-0.00458584
9.96921e-05
-0.00458584
9.96921e-05
0.0954142
9.96921e-05
-0.00458584
9.96921e-05
-0.00458584
0.0954142
0.0954142
-0.00458584
0.0954142
-0.00458584
-0.00458584
0.0954142
0.0954142
-0.00458584
-0.00458584
0.0954142
-0.00458584
0.0954142
0.0954142
-0.00458584
-0.00458584
-0.00458584
9.96921e-05
0.0954142
9.96921e-05
0.0954142
9.96921e-05
-0.00458584
9.96921e-05
-0.00458584
9.96921e-05
-0.00458584
9.96921e-05
-0.00458584
9.96921e-05
0.0954142
9.96921e-05
-0.00458584
9.96921e-05
0.0854142
9.96921e-05
0.10009
9.96921e-05
0.10009
9.96921e-05
0.10009
9.96921e-05
0.10009
9.96921e-05
0.10009
9.96921e-05
0.10009
9.96921e-05
0.10009
9.96921e-05
0.10009
9.96921e-05
0.10009
-0.00458584
0.10009
-0.00458584
0.10009
-0.00458584
0.10009
-0.00458584
0.10009
-0.00458584
0.10009
-0.00458584
0.10009
-0.00458584
0.10009
-0.00458584
0.10009
-0.00458584
0.10009
0.0954142
-0.00458584
0.0954142
-0.00458584
0.0954142
-0.00458584
0.0954142
-0.00458584
0.0954142
-0.00458584
0.0954142
-0.00458584
0.0954142
-0.00458584
0.0954142
-0.00458584
0.0954142
-0.00458584
0.10009
-0.00458584
0.10009
-0.00458584
0.10009
-0.00458584
0.10009
-0.00458584
0.10009
-0.00458584
0.10009
-0.00458584
0.10009
-0.00458584
0.10009
-0.00458584
9.96921e-05
0.14009
9.96921e-05
0.10009
9.96921e-05
0.10009
9.96921e-05
0.10009
9.96921e-05
0.10009
9.96921e-05
0.10009
9.96921e-05
0.10009
9.96921e-05
0.10009
9.96921e-05
0.10009
9.96921e-05
0.10009
-0.00458584
0.10009
-0.00458584
0.10009
-0.00458584
0.10009
-0.00458584
0.10009
-0.00458584
0.10009
-0.00458584
0.10009
-0.00458584
0.10009
-0.00458584
0.10009
-0.00458584
0.10009
0.0954142
-0.00458584
0.0954142
-0.00458584
0.0954142
-0.00458584
0.0954142
-0.00458584
0.0954142
-0.00458584
0.0954142
-0.00458584
0.0954142
-0.00458584
0.0954142
-0.00458584
0.0954142
-0.00458584
0.10009
-0.00458584
0.10009
-0.00458584
0.10009
-0.00458584
0.10009
-0.00458584
0.10009
-0.00458584
0.10009
-0.00458584
0.10009
-0.00458584
0.10009
-0.00458584
9.96921e-05
0.110414
9.96921e-05
0.10009
9.96921e-05
0.10009
9.96921e-05
0.10009
9.96921e-05
0.10009
9.96921e-05
0.10009
9.96921e-05
0.10009
9.96921e-05
0.10009
9.96921e-05
0.10009
9.96921e-05
0.10009
-0.00458584
0.10009
-0.00458584
0.10009
-0.00458584
0.10009
-0.00458584
0.10009
-0.00458584
0.10009
-0.00458584
0.10009
-0.00458584
0.10009
-0.00458584
0.10009
-0.00458584
0.10009
0.0954142
-0.00458584
0.0954142
-0.00458584
0.0954142
-0.00458584
0.0954142
-0.00458584
0.0954142
-0.00458584
0.0954142
-0.00458584
0.0954142
-0.00458584
0.0954142
-0.00458584
0.0954142
-0.00458584
0.10009
-0.00458584
0.10009
-0.00458584
0.10009
-0.00458584
0.10009
-0.00458584
0.10009
-0.00458584
0.10009
-0.00458584
0.10009
-0.00458584
0.10009
-0.00458584
9.96921e-05
0.110414
9.96921e-05
0.10009
9.96921e-05
0.10009
9.96921e-05
0.10009
9.96921e-05
0.10009
9.96921e-05
0.10009
9.96921e-05
0.10009
9.96921e-05
0.10009
9.96921e-05
0.10009
9.96921e-05
0.10009
-0.00458584
0.10009
-0.00458584
0.10009
-0.00458584
0.10009
-0.00458584
0.10009
-0.00458584
0.10009
-0.00458584
0.10009
-0.00458584
0.10009
-0.00458584
0.10009
-0.00458584
0.10009
0.0954142
-0.00458584
0.0954142
-0.00458584
0.0954142
-0.00458584
0.0954142
-0.00458584
0.0954142
-0.00458584
0.0954142
-0.00458584
0.0954142
-0.00458584
0.0954142
-0.00458584
0.0954142
-0.00458584
0.10009
-0.00458584
0.10009
-0.00458584
0.10009
-0.00458584
0.10009
-0.00458584
0.10009
-0.00458584
0.10009
-0.00458584
0.10009
-0.00458584
0.10009
-0.00458584
9.96921e-05
0.110414
9.96921e-05
0.10009
9.96921e-05
0.10009
9.96921e-05
0.10009
9.96921e-05
0.10009
9.96921e-05
0.10009
9.96921e-05
0.10009
9.96921e-05
0.10009
9.96921e-05
0.10009
9.96921e-05
0.10009
-0.00458584
0.10009
-0.00458584
0.10009
-0.00458584
0.10009
-0.00458584
0.10009
-0.00458584
0.10009
-0.00458584
0.10009
-0.00458584
0.10009
-0.00458584
0.10009
-0.00458584
0.10009
0.0954142
-0.00458584
0.0954142
-0.00458584
0.0954142
-0.00458584
0.0954142
-0.00458584
0.0954142
-0.00458584
0.0954142
-0.00458584
0.0954142
-0.00458584
0.0954142
-0.00458584
0.0954142
-0.00458584
0.10009
-0.00458584
0.10009
-0.00458584
0.10009
-0.00458584
0.10009
-0.00458584
0.10009
-0.00458584
0.10009
-0.00458584
0.10009
-0.00458584
0.10009
-0.00458584
0.10009
9.96921e-05
0.10009
9.96921e-05
0.10009
9.96921e-05
0.10009
9.96921e-05
0.10009
9.96921e-05
0.10009
9.96921e-05
0.10009
9.96921e-05
0.10009
9.96921e-05
0.10009
9.96921e-05
0.10009
9.96921e-05
-0.00458584
0.10009
-0.00458584
0.10009
-0.00458584
0.10009
-0.00458584
0.10009
-0.00458584
0.10009
-0.00458584
0.10009
-0.00458584
0.10009
-0.00458584
0.10009
-0.00458584
0.10009
-0.00458584
0.0954142
-0.00458584
0.0954142
-0.00458584
0.0954142
-0.00458584
0.0954142
-0.00458584
0.0954142
-0.00458584
0.0954142
-0.00458584
0.0954142
-0.00458584
0.0954142
0.0854142
-0.00458584
0.10009
-0.00458584
0.10009
-0.00458584
0.10009
-0.00458584
0.10009
-0.00458584
0.10009
-0.00458584
0.10009
-0.00458584
0.10009
-0.00458584
0.10009
-0.00458584
0.10009
9.96921e-05
0.10009
9.96921e-05
0.10009
9.96921e-05
0.10009
9.96921e-05
0.10009
9.96921e-05
9.96921e-05
0.10009
9.96921e-05
0.10009
9.96921e-05
0.10009
9.96921e-05
0.10009
9.96921e-05
0.10009
-0.00041917
0.10009
-0.00041917
0.10009
-0.00041917
0.10009
-0.00041917
0.10009
-0.00041917
0.10009
-0.00041917
0.10009
-0.00041917
0.10009
-0.00041917
0.10009
0.0204142
0.0830439
0.0454142
0.0454142
0.0454142
0.0454142
0.0454142
0.0454142
0.0454142
0.0454142
0.0454142
0.0454142
0.0454142
0.0454142
0.0454142
0.0454142
0.0454142
0.0454142
0.0662475
0.0204142
0.10009
-0.00041917
0.10009
-0.00041917
0.10009
-0.00041917
0.10009
-0.00041917
0.10009
-0.00041917
0.10009
-0.00041917
0.10009
-0.00041917
0.10009
-0.00041917
0.10009
9.96921e-05
0.10009
9.96921e-05
0.10009
9.96921e-05
0.10009
9.96921e-05
0.10009
9.96921e-05
9.96921e-05
0.10009
9.96921e-05
0.10009
9.96921e-05
0.10009
9.96921e-05
0.10009
9.96921e-05
0.10009
-0.00041917
0.10009
-0.00041917
0.10009
-0.00041917
0.10009
-0.00041917
0.10009
-0.00041917
0.10009
-0.00041917
0.10009
-0.00041917
0.10009
-0.00041917
0.10009
0.0204142
0.0830439
0.0454142
0.0224975
0.0412475
0.0537475
0.120414
0.0224975
0.120414
0.0224975
0.0412475
0.0537475
0.0454142
0.0974975
0.0204142
0.0766642
0.0204142
0.0766642
0.0204142
0.0766642
0.10009
-0.0025025
0.10009
-0.0025025
0.10009
-0.0025025
0.10009
-0.0025025
0.10009
-0.0025025
0.10009
-0.0025025
0.10009
-0.00458584
0.10009
-0.00458584
0.10009
9.96921e-05
0.10009
9.96921e-05
0.10009
9.96921e-05
0.10009
9.96921e-05
0.10009
9.96921e-05
9.96921e-05
0.10009
9.96921e-05
0.10009
9.96921e-05
0.10009
9.96921e-05
0.10009
9.96921e-05
0.10009
-0.00041917
0.10009
-0.00041917
0.10009
-0.00041917
0.10009
-0.00041917
0.10009
-0.00041917
0.10009
-0.00041917
0.10009
-0.00041917
0.10009
-0.00041917
0.10009
0.0204142
0.0830439
0.0454142
0.0204142
0.0454142
0.0204142
0.0454142
0.0954142
0.120414
0.0204142
0.0454142
0.0537475
0.0454142
0.0954142
0.0454142
0.0204142
0.0454142
0.0537475
0.0454142
0.0537475
0.10009
-0.00458584
0.10009
-0.00458584
0.10009
-0.00458584
0.10009
-0.00458584
0.10009
-0.00458584
0.10009
-0.00458584
0.10009
-0.00458584
0.10009
-0.00458584
0.10009
9.96921e-05
0.10009
9.96921e-05
0.10009
9.96921e-05
0.10009
9.96921e-05
0.10009
9.96921e-05
9.96921e-05
0.10009
9.96921e-05
0.10009
9.96921e-05
0.10009
9.96921e-05
0.10009
9.96921e-05
0.10009
-0.00041917
0.10009
-0.00041917
0.10009
-0.00041917
0.10009
-0.00041917
0.10009
-0.00041917
0.10009
-0.00041917
0.10009
-0.00041917
0.10009
-0.00041917
0.10009
0.0204142
0.0830439
0.0454142
0.0204142
0.0454142
0.0204142
0.0454142
0.0954142
0.120414
0.0204142
0.0454142
0.0204142
0.0454142
0.0954142
0.0454142
0.0204142
0.0454142
0.0204142
0.0604142
-0.00458584
0.10009
-0.00458584
0.10009
-0.00458584
0.10009
-0.00458584
0.10009
-0.00458584
0.10009
-0.00458584
0.10009
-0.00458584
0.10009
-0.00458584
0.10009
-0.00458584
0.10009
9.96921e-05
0.10009
9.96921e-05
0.10009
9.96921e-05
0.10009
9.96921e-05
0.10009
9.96921e-05
9.96921e-05
0.10009
9.96921e-05
0.10009
9.96921e-05
0.10009
9.96921e-05
0.10009
9.96921e-05
0.10009
-0.00041917
0.10009
-0.00041917
0.10009
-0.00041917
0.10009
-0.00041917
0.10009
-0.00041917
0.10009
-0.00041917
0.10009
-0.00041917
0.10009
-0.00041917
0.10009
0.0204142
0.0830439
0.0454142
0.0204142
0.0454142
0.0204142
0.0454142
0.0954142
0.120414
0.0204142
0.0454142
0.0204142
0.0454142
0.0954142
0.0454142
0.0954142
0.0454142
0.0204142
0.0604142
-0.00458584
0.10009
-0.00458584
0.10009
-0.00458584
0.10009
-0.00458584
0.10009
-0.00458584
0.10009
-0.00458584
0.10009
-0.00458584
0.10009
-0.00458584
0.10009
-0.00458584
0.10009
9.96921e-05
0.10009
9.96921e-05
0.10009
9.96921e-05
0.10009
9.96921e-05
0.10009
9.96921e-05
0.10009
9.96921e-05
0.10009
9.96921e-05
0.10009
9.96921e-05
0.10009
9.96921e-05
0.10009
9.96921e-05
-0.00458584
0.10009
-0.00458584
0.10009
-0.00458584
0.10009
-0.00458584
0.10009
-0.00458584
0.10009
-0.00458584
0.10009
-0.00458584
0.10009
-0.00458584
0.10009
-0.00458584
0.10009
-0.00458584
0.0954142
-0.00458584
0.0954142
-0.00458584
0.0954142
-0.00458584
0.0954142
-0.00458584
0.0954142
-0.00458584
0.0954142
-0.00458584
0.0954142
-0.00458584
0.0954142
0.0604142
-0.00458584
0.10009
-0.00458584
0.10009
-0.00458584
0.10009
-0.00458584
0.10009
-0.00458584
0.10009
-0.00458584
0.10009
-0.00458584
0.10009
-0.00458584
0.10009
-0.00458584
0.10009
9.96921e-05
0.10009
9.96921e-05
0.10009
9.96921e-05
0.10009
9.96921e-05
0.10009
9.96921e-05
9.96921e-05
0.10009
9.96921e-05
0.10009
9.96921e-05
0.10009
9.96921e-05
0.10009
9.96921e-05
0.10009
-0.00458584
0.10009
-0.00458584
0.10009
-0.0025025
0.10009
-0.0025025
0.10009
-0.0025025
0.10009
-0.0025025
0.10009
-0.0025025
0.10009
-0.0025025
0.10009
0.0766642
0.0280172
0.0766642
0.0204142
0.0766642
0.0204142
0.0224975
0.120414
0.0537475
0.0412475
0.0224975
0.120414
0.0224975
0.120414
0.0537475
0.0412475
0.0224975
0.0454142
0.0599975
0.0204142
0.10009
-0.00041917
0.10009
-0.00041917
0.10009
-0.00041917
0.10009
-0.00041917
0.10009
-0.00041917
0.10009
-0.00041917
0.10009
-0.00041917
0.10009
-0.00041917
0.0725551
0.0329142
0.0725551
0.0329142
0.0725551
0.0329142
0.0725551
0.0329142
0.0725551
0.0329142
0.0544687
0.0544687
0.0329142
0.0725551
0.0329142
0.0725551
0.0329142
0.0725551
0.0329142
0.0725551
0.0329142
0.0725551
0.0329142
0.0725551
0.0329142
0.0725551
0.0329142
0.0725551
0.0329142
0.0725551
0.0329142
0.0725551
0.0329142
0.0725551
0.0349975
0.070807
0.0349975
0.070807
0.0349975
0.0537475
0.0349975
0.0537475
0.0349975
0.0537475
0.0349975
0.0537475
0.0537475
0.0349975
0.0537475
0.0349975
0.0537475
0.0349975
0.0537475
0.0349975
0.0537475
0.0349975
0.070807
0.0349975
0.0725551
0.0329142
0.0725551
0.0329142
0.0725551
0.0329142
0.0725551
0.0329142
0.0725551
0.0329142
0.0725551
0.0329142
0.0725551
0.0329142
0.10009
9.96921e-05
0.10009
9.96921e-05
0.0620664
0.0454142
0.0620664
0.0454142
0.0620664
0.0454142
0.0544687
0.0544687
0.0329142
0.0725551
0.0329142
0.0725551
0.0329142
0.0725551
0.0329142
0.0725551
0.0329142
0.0725551
0.0329142
0.0725551
0.0329142
0.0725551
0.0329142
0.0725551
0.0329142
0.0725551
0.0329142
0.0725551
0.0329142
0.0725551
0.0329142
0.0725551
0.0349975
0.070807
0.0641642
0.0308308
0.0641642
0.0308308
0.0641642
0.0308308
0.0641642
0.0308308
0.0641642
0.0308308
0.0641642
0.0308308
0.0641642
0.0308308
0.0641642
0.0308308
0.0537475
0.0329142
0.0725551
0.0329142
0.0725551
0.0329142
0.0725551
0.0329142
0.0725551
0.0329142
0.0725551
0.0329142
0.0725551
0.0329142
0.0725551
0.0329142
0.0725551
0.0329142
0.10009
9.96921e-05
0.10009
9.96921e-05
0.10009
9.96921e-05
0.10009
9.96921e-05
0.0620664
0.0454142
0.0544687
0.0544687
0.0329142
0.0725551
0.0329142
0.0725551
0.0329142
0.0725551
0.0329142
0.0725551
0.0329142
0.0725551
0.0329142
0.0725551
0.0329142
0.0725551
0.0329142
0.0725551
0.0329142
0.0725551
0.0329142
0.0725551
0.0329142
0.0725551
0.0329142
0.0725551
0.0641642
0.0429141
0.0641642
0.0360392
0.0641642
0.0360392
0.0641642
0.0360392
0.0641642
0.0360392
0.0641642
0.0360392
0.0641642
0.0360392
0.0641642
0.0360392
0.0641642
0.0360392
0.0537475
0.0537475
0.0550739
0.0537475
0.0550739
0.0537475
0.0550739
0.0537475
0.0550739
0.0537475
0.0550739
0.0537475
0.0550739
0.0537475
0.0550739
0.0537475
0.10009
-0.00458584
0.10009
9.96921e-05
0.10009
9.96921e-05
0.10009
9.96921e-05
0.10009
9.96921e-05
0.0620664
0.0454142
0.0544687
0.0544687
0.0329142
0.0725551
0.0329142
0.0725551
0.0329142
0.0725551
0.0329142
0.0725551
0.0329142
0.0725551
0.0329142
0.0725551
0.0329142
0.0725551
0.0329142
0.0725551
0.0329142
0.0725551
0.0329142
0.0725551
0.0329142
0.0725551
0.0329142
0.0725551
0.0641642
0.0429141
0.0641642
0.0416642
0.0641642
0.0416642
0.0641642
0.0416642
0.0641642
0.0416642
0.0641642
0.0416642
0.0641642
0.0416642
0.0641642
0.0416642
0.0641642
0.0416642
0.0641642
0.0416642
0.065213
0.0416642
0.065213
0.0416642
0.065213
0.0416642
0.065213
0.0416642
0.065213
0.0416642
0.10009
-0.00458584
0.10009
-0.00458584
0.10009
-0.00458584
0.10009
9.96921e-05
0.10009
9.96921e-05
0.10009
9.96921e-05
0.10009
9.96921e-05
0.10009
9.96921e-05
0.10009
9.96921e-05
0.10009
9.96921e-05
0.10009
9.96921e-05
0.10009
9.96921e-05
0.10009
9.96921e-05
-0.00458584
0.10009
-0.00458584
0.10009
-0.00458584
0.10009
-0.00458584
0.10009
-0.00458584
0.10009
-0.00458584
0.10009
-0.00458584
0.10009
-0.00458584
0.10009
-0.00458584
0.10009
-0.00458584
0.0954142
-0.00458584
0.0954142
-0.00458584
0.0954142
-0.00458584
0.0954142
-0.00458584
0.0954142
-0.00458584
0.0954142
-0.00458584
0.0954142
-0.00458584
0.0954142
0.0979142
-0.00458584
0.10009
-0.00458584
0.10009
-0.00458584
0.10009
-0.00458584
0.10009
-0.00458584
0.10009
-0.00458584
0.10009
-0.00458584
0.10009
-0.00458584
0.10009
-0.00458584
0.10009
9.96921e-05
0.10009
9.96921e-05
0.10009
9.96921e-05
0.10009
9.96921e-05
0.10009
9.96921e-05
9.96921e-05
0.10009
9.96921e-05
0.10009
9.96921e-05
0.10009
9.96921e-05
0.10009
9.96921e-05
0.10009
-0.00458584
0.10009
-0.00458584
0.10009
-0.00458584
0.10009
-0.00458584
0.10009
-0.00458584
0.10009
-0.00458584
0.10009
-0.00458584
0.10009
-0.00458584
0.10009
0.0537475
0.0550739
0.0204142
0.120414
0.0204142
0.120414
0.0954142
0.0454142
0.0954142
0.0454142
0.0204142
0.120414
0.0204142
0.120414
0.0204142
0.0454142
0.0537475
0.0454142
0.0454142
0.0204142
0.10009
-0.00041917
0.10009
-0.00041917
0.10009
-0.00041917
0.10009
-0.00041917
0.10009
-0.00041917
0.10009
-0.00041917
0.10009
-0.00041917
0.10009
-0.00041917
0.0725551
0.0329142
0.0725551
0.0329142
0.0725551
0.0329142
0.0725551
0.0329142
0.0725551
0.0329142
0.0544687
0.0544687
0.0454142
0.0620664
0.0454142
0.0620664
9.96921e-05
0.10009
9.96921e-05
0.10009
0.0329142
0.0725551
0.0329142
0.0725551
0.0329142
0.0725551
0.0329142
0.0725551
0.0329142
0.0725551
0.0329142
0.0725551
0.0329142
0.0725551
0.0329142
0.0725551
0.0329142
0.0725551
0.0308308
0.0641642
0.0308308
0.0641642
0.0308308
0.0641642
0.0308308
0.0641642
0.0308308
0.0641642
0.0308308
0.0641642
0.0308308
0.0641642
0.0308308
0.0641642
0.0704142
0.0349975
0.0725551
0.0329142
0.0725551
0.0329142
0.0725551
0.0329142
0.0725551
0.0329142
0.0725551
0.0329142
0.0725551
0.0329142
0.0725551
0.0329142
0.0725551
0.0329142
0.0305
0.0745808
0.0305
0.0745808
9.96921e-05
0.10009
9.96921e-05
0.10009
9.96921e-05
0.10009
0.10009
9.96921e-05
0.10009
9.96921e-05
0.10009
9.96921e-05
0.0745808
0.0305
0.0745808
0.0305
0.0329142
0.0725551
0.0329142
0.0725551
0.0329142
0.0725551
0.0329142
0.0725551
0.0329142
0.0725551
0.0329142
0.0725551
0.0329142
0.0725551
0.0329142
0.0725551
0.0329142
0.0725551
0.0308308
0.105831
0.0308308
0.105831
0.0308308
0.0308308
0.105831
0.0308308
0.105831
0.0308308
0.0308308
0.105831
0.0308308
0.0308308
0.0308308
0.0308308
0.0704142
0.0329142
0.0725551
0.0329142
0.0725551
0.0329142
0.0725551
0.0329142
0.0725551
0.0329142
0.0725551
0.0329142
0.0725551
0.0329142
0.0725551
0.0329142
0.0725551
0.0329142
9.96921e-05
0.10009
9.96921e-05
0.10009
0.10009
9.96921e-05
0.10009
9.96921e-05
0.10009
9.96921e-05
0.10009
9.96921e-05
0.10009
9.96921e-05
0.10009
9.96921e-05
0.10009
9.96921e-05
0.10009
9.96921e-05
0.0979142
9.96921e-05
0.0979142
9.96921e-05
0.0979142
9.96921e-05
0.0979142
9.96921e-05
0.0979142
9.96921e-05
0.0308308
0.0743032
0.0308308
0.0743032
0.0308308
0.0743032
0.0308308
0.0743032
0.0245808
0.0704142
0.0245808
0.0704142
0.0245808
0.0704142
0.0245808
0.0704142
0.0245808
0.0704142
0.0245808
0.0704142
0.0245808
0.0704142
0.0245808
0.0704142
0.0245808
0.0704142
0.0354656
0.0704142
0.0354656
0.0704142
0.0354656
0.0704142
0.0699329
0.0360392
0.0218101
0.0818725
0.0218101
0.0818725
0.0218101
0.0818725
9.96921e-05
0.0968725
0.10009
9.96921e-05
0.10009
9.96921e-05
0.10009
9.96921e-05
0.10009
9.96921e-05
0.10009
9.96921e-05
0.10009
9.96921e-05
0.10009
9.96921e-05
0.10009
9.96921e-05
0.10009
9.96921e-05
0.10009
9.96921e-05
0.0979142
9.96921e-05
0.0829142
0.0205687
0.0829142
0.0205687
0.0829142
0.0205687
0.0829142
0.0205687
0.0829142
0.0205687
0.0308308
0.0743032
0.0308308
0.0743032
0.0308308
0.0743032
0.0245808
0.0604142
0.0245808
0.0604142
0.0245808
0.0604142
0.0245808
0.0604142
0.0245808
0.0604142
0.0245808
0.0604142
0.0245808
0.0604142
0.0245808
0.0604142
0.0245808
0.0604142
0.0473832
0.0604142
0.0473832
0.0604142
0.0473832
0.0604142
0.0473832
0.0604142
0.0473832
0.0604142
0.0473832
0.0604142
0.10009
-0.00458584
0.10009
-0.00458584
0.10009
9.96921e-05
0.10009
9.96921e-05
0.10009
9.96921e-05
0.10009
9.96921e-05
0.10009
9.96921e-05
0.10009
9.96921e-05
0.10009
9.96921e-05
0.10009
9.96921e-05
0.10009
9.96921e-05
0.10009
9.96921e-05
-0.00458584
0.10009
-0.00458584
0.10009
-0.00458584
0.10009
-0.00458584
0.10009
-0.00458584
0.10009
-0.00458584
0.10009
-0.00458584
0.10009
-0.00458584
0.10009
-0.00458584
0.10009
-0.00458584
0.0954142
-0.00458584
0.0954142
-0.00458584
0.0954142
-0.00458584
0.0954142
-0.00458584
0.0954142
-0.00458584
0.0954142
-0.00458584
0.0954142
-0.00458584
0.0954142
0.0937475
-0.00458584
0.10009
-0.00458584
0.10009
-0.00458584
0.10009
-0.00458584
0.10009
-0.00458584
0.10009
-0.00458584
0.10009
-0.00458584
0.10009
-0.00458584
0.10009
-0.00458584
0.10009
9.96921e-05
0.10009
9.96921e-05
0.10009
9.96921e-05
0.10009
9.96921e-05
0.10009
9.96921e-05
9.96921e-05
0.10009
9.96921e-05
0.10009
9.96921e-05
0.10009
9.96921e-05
0.10009
9.96921e-05
0.10009
-0.00458584
0.10009
-0.00458584
0.10009
-0.00458584
0.10009
-0.00458584
0.10009
-0.00458584
0.10009
-0.00458584
0.10009
-0.00458584
0.10009
-0.00458584
0.10009
-0.00458584
0.10009
0.0204142
0.0454142
0.0204142
0.0454142
0.0954142
0.0454142
0.0204142
0.0454142
0.0204142
0.120414
0.0204142
0.120414
0.0204142
0.0454142
0.0204142
0.0454142
0.0454142
0.0204142
0.10009
-0.00041917
0.10009
-0.00041917
0.10009
-0.00041917
0.10009
-0.00041917
0.10009
-0.00041917
0.10009
-0.00041917
0.10009
-0.00041917
0.10009
-0.00041917
0.0725551
0.0329142
0.0725551
0.0329142
0.0725551
0.0329142
0.0725551
0.0329142
0.0725551
0.0329142
0.0544687
0.0544687
9.96921e-05
0.10009
9.96921e-05
0.10009
9.96921e-05
0.10009
9.96921e-05
0.10009
-0.00458584
0.10009
0.0537475
0.0550739
0.0537475
0.0550739
0.0537475
0.0550739
0.0537475
0.0550739
0.0537475
0.0550739
0.0537475
0.0550739
0.0537475
0.0550739
0.0537475
0.0550739
0.0360392
0.0641642
0.0360392
0.0641642
0.0360392
0.0641642
0.0360392
0.0641642
0.0360392
0.0641642
0.0360392
0.0641642
0.0360392
0.0641642
0.0360392
0.0641642
0.0360392
0.0641642
0.0725551
0.0329142
0.0725551
0.0329142
0.0725551
0.0329142
0.0725551
0.0329142
0.0725551
0.0329142
0.0725551
0.0329142
0.0725551
0.0329142
0.0725551
0.0329142
9.96921e-05
0.10009
9.96921e-05
0.10009
9.96921e-05
0.10009
9.96921e-05
0.10009
9.96921e-05
0.10009
9.96921e-05
0.10009
9.96921e-05
0.10009
9.96921e-05
0.10009
0.10009
9.96921e-05
0.10009
9.96921e-05
0.0968725
9.96921e-05
0.0818725
0.0218101
0.0818725
0.0218101
0.0818725
0.0218101
0.0360392
0.0699329
0.0704142
0.0354656
0.0704142
0.0354656
0.0704142
0.0354656
0.0704142
0.0354656
0.0704142
0.0245808
0.0704142
0.0245808
0.0704142
0.0245808
0.0704142
0.0245808
0.0704142
0.0245808
0.0704142
0.0245808
0.0704142
0.0245808
0.0704142
0.0245808
0.0360392
0.0308308
0.0743032
0.0308308
0.0743032
0.0308308
0.0743032
0.0308308
9.96921e-05
0.0979142
9.96921e-05
0.0979142
9.96921e-05
0.0979142
9.96921e-05
0.0979142
9.96921e-05
0.0979142
9.96921e-05
0.10009
9.96921e-05
0.10009
9.96921e-05
0.10009
9.96921e-05
0.10009
9.96921e-05
0.10009
0.10009
9.96921e-05
0.10009
9.96921e-05
0.10009
9.96921e-05
0.10009
9.96921e-05
0.10009
9.96921e-05
0.0968725
9.96921e-05
0.0818725
0.0218101
0.0818725
0.0218101
0.0818725
0.0218101
0.0704142
0.0354656
0.0704142
0.0354656
0.0704142
0.0354656
0.0704142
0.0354656
0.0704142
0.0354656
0.0485392
0.0485392
0.0485392
0.0485392
0.0485392
0.0485392
0.0485392
0.0485392
0.0485392
0.0485392
0.0485392
0.0485392
0.0485392
0.0485392
0.0485392
0.0485392
0.0204142
0.0704142
0.0354656
0.0704142
0.0354656
0.0704142
0.0354656
0.0704142
0.0354656
0.0704142
0.0218101
0.0818725
0.0218101
0.0818725
0.0218101
0.0818725
9.96921e-05
0.0968725
0.10009
9.96921e-05
0.10009
9.96921e-05
0.10009
9.96921e-05
0.10009
9.96921e-05
0.10009
9.96921e-05
0.10009
9.96921e-05
0.10009
9.96921e-05
0.10009
9.96921e-05
0.10009
9.96921e-05
0.10009
9.96921e-05
0.0968725
9.96921e-05
0.0818725
0.0218101
0.0818725
0.0218101
0.0818725
0.0218101
0.0704142
0.0354656
0.0704142
0.0354656
0.0704142
0.0354656
0.0704142
0.0354656
0.0704142
0.0354656
0.0485392
0.0329142
0.0485392
0.0329142
0.0485392
0.0329142
0.0485392
0.0329142
0.0485392
0.0329142
0.0485392
0.0329142
0.0485392
0.0329142
0.0485392
0.0329142
0.0485392
0.0329142
0.0473832
0.0604142
0.0473832
0.0604142
0.0473832
0.0604142
0.0473832
0.0604142
0.0473832
0.0604142
0.0473832
0.0604142
0.0641641
0.0429142
0.0641641
0.0429142
0.10009
9.96921e-05
0.10009
9.96921e-05
0.10009
9.96921e-05
0.10009
9.96921e-05
0.10009
9.96921e-05
0.10009
9.96921e-05
0.10009
9.96921e-05
0.10009
9.96921e-05
0.10009
9.96921e-05
0.10009
9.96921e-05
-0.00458584
0.10009
-0.00458584
0.10009
-0.00458584
0.10009
-0.00458584
0.10009
-0.00458584
0.10009
-0.00458584
0.10009
-0.00458584
0.10009
-0.00458584
0.10009
-0.00458584
0.10009
-0.00458584
0.0954142
-0.00458584
0.0954142
-0.00458584
0.0954142
-0.00458584
0.0954142
-0.00458584
0.0954142
-0.00458584
0.0954142
-0.00458584
0.0954142
-0.00458584
0.0954142
0.0629142
-0.00458584
0.10009
-0.00458584
0.10009
-0.00458584
0.10009
-0.00458584
0.10009
-0.00458584
0.10009
-0.00458584
0.10009
-0.00458584
0.10009
-0.00458584
0.10009
-0.00458584
0.10009
9.96921e-05
0.10009
9.96921e-05
0.10009
9.96921e-05
0.10009
9.96921e-05
0.10009
9.96921e-05
9.96921e-05
0.10009
9.96921e-05
0.10009
9.96921e-05
0.10009
9.96921e-05
0.10009
9.96921e-05
0.10009
-0.00458584
0.10009
-0.00458584
0.10009
-0.00458584
0.10009
-0.00458584
0.10009
-0.00458584
0.10009
-0.00458584
0.10009
-0.00458584
0.10009
-0.00458584
0.10009
-0.00458584
0.10009
0.0204142
0.0454142
0.0204142
0.120414
0.0954142
0.0454142
0.0204142
0.0454142
0.0204142
0.120414
0.0204142
0.120414
0.0204142
0.0454142
0.0204142
0.0454142
0.0454142
0.0204142
0.10009
-0.00041917
0.10009
-0.00041917
0.10009
-0.00041917
0.10009
-0.00041917
0.10009
-0.00041917
0.10009
-0.00041917
0.10009
-0.00041917
0.10009
-0.00041917
0.0725551
0.0329142
0.0725551
0.0329142
0.0725551
0.0329142
0.0725551
0.0329142
0.0725551
0.0329142
0.0544687
0.0544687
9.96921e-05
0.10009
9.96921e-05
0.10009
9.96921e-05
0.10009
9.96921e-05
0.10009
-0.00458584
0.10009
-0.00458584
0.10009
-0.00458584
0.10009
0.0416642
0.065213
0.0416642
0.065213
0.0416642
0.065213
0.0416642
0.065213
0.0416642
0.065213
0.0416642
0.065213
0.0416642
0.0641642
0.0416642
0.0641642
0.0416642
0.0641642
0.0416642
0.0641642
0.0416642
0.0641642
0.0416642
0.0641642
0.0416642
0.0641642
0.0416642
0.0641642
0.0416642
0.0641642
0.0725551
0.0329142
0.0725551
0.0329142
0.0725551
0.0329142
0.0725551
0.0329142
0.0725551
0.0329142
0.0725551
0.0329142
0.0725551
0.0329142
0.0725551
0.0329142
9.96921e-05
0.10009
9.96921e-05
0.10009
9.96921e-05
0.10009
9.96921e-05
0.10009
9.96921e-05
0.10009
9.96921e-05
0.10009
9.96921e-05
0.10009
9.96921e-05
0.10009
9.96921e-05
0.10009
9.96921e-05
0.10009
-0.00458584
0.10009
-0.00458584
0.10009
0.0604142
0.0473832
0.0604142
0.0473832
0.0604142
0.0473832
0.0604142
0.0473832
0.0604142
0.0473832
0.0604142
0.0473832
0.0604142
0.0473832
0.0604142
0.0245808
0.0604142
0.0245808
0.0604142
0.0245808
0.0604142
0.0245808
0.0604142
0.0245808
0.0604142
0.0245808
0.0604142
0.0245808
0.0604142
0.0245808
0.0416642
0.0308308
0.0743032
0.0308308
0.0743032
0.0308308
0.0205687
0.0829142
0.0205687
0.0829142
0.0205687
0.0829142
0.0205687
0.0829142
0.0205687
0.0829142
9.96921e-05
0.0979142
9.96921e-05
0.10009
9.96921e-05
0.10009
9.96921e-05
0.10009
9.96921e-05
0.10009
9.96921e-05
0.10009
9.96921e-05
0.10009
9.96921e-05
0.10009
9.96921e-05
0.10009
9.96921e-05
0.10009
9.96921e-05
0.10009
0.0429142
0.0641641
0.0429142
0.0641641
0.0604142
0.0473832
0.0604142
0.0473832
0.0604142
0.0473832
0.0604142
0.0473832
0.0604142
0.0473832
0.0604142
0.0473832
0.0329142
0.0725551
0.0329142
0.0485392
0.0329142
0.0485392
0.0329142
0.0485392
0.0329142
0.0485392
0.0329142
0.0485392
0.0329142
0.0485392
0.0329142
0.0485392
0.0329142
0.0485392
0.0204142
0.0704142
0.0354656
0.0704142
0.0354656
0.0704142
0.0354656
0.0704142
0.0354656
0.0704142
0.0218101
0.0818725
0.0218101
0.0818725
0.0218101
0.0818725
9.96921e-05
0.0968725
0.0641641
0.0429142
0.0641641
0.0429142
0.0641641
0.0429142
0.0641641
0.0429142
0.0641641
0.0429142
0.0544687
0.0544687
0.0429142
0.0641641
0.0429142
0.0641641
0.0429142
0.0641641
0.0429142
0.0641641
0.0429142
0.0641641
0.0429142
0.0641641
0.0604142
0.0473832
0.0604142
0.0473832
0.0604142
0.0473832
0.0604142
0.0473832
0.0604142
0.0473832
0.0604142
0.0473832
0.0329142
0.0725551
0.0804142
0.0204142
0.0204142
0.0804142
0.0804142
0.0204142
0.107914
0.0329142
0.0329142
0.107914
0.0204142
0.0804142
0.0204142
0.0804142
0.0329142
0.0329142
0.0329142
0.0329142
0.0473832
0.0604142
0.0473832
0.0604142
0.0473832
0.0604142
0.0473832
0.0604142
0.0473832
0.0604142
0.0473832
0.0604142
0.0641641
0.0429142
0.0641641
0.0429142
