0.633074
0.184997
0.633074
0.184997
0.633074
0.184997
0.633074
0.184997
0.547066
0.287497
0.334297
0.507797
0.184997
0.633074
0.184997
0.633074
0.184997
0.633074
0.184997
0.633074
0.184997
0.633074
0.0899968
0.712788
0.0899968
0.712788
0.0899968
0.712788
0.0899968
0.712788
0.00749681
0.775286
0.00749681
0.775286
0.00749681
0.775286
-0.00500319
0.650334
-0.00500319
0.0487468
-3.19294e-06
-3.19294e-06
-3.19294e-06
-3.19294e-06
-3.19294e-06
-3.19294e-06
-3.19294e-06
-3.19294e-06
-3.19294e-06
-3.19294e-06
-3.19294e-06
-3.19294e-06
-0.00500319
0.00749681
0.299997
-0.00500319
0.775286
0.00749681
0.775286
0.00749681
0.775286
0.00749681
0.712788
0.0899968
0.712788
0.0899968
0.712788
0.0899968
0.712788
0.0899968
0.633074
0.184997
0.782501
-0.00499985
0.782501
-0.00499985
0.782501
-0.00499985
0.782501
-0.00499985
0.751247
0.0441635
0.334297
0.520297
0.0332014
0.772945
-0.00499985
0.795001
-0.00499985
0.795001
-0.00499985
0.795001
-0.00500319
0.795001
-0.00500319
0.795001
-0.00500319
0.795001
-0.00500319
0.795001
0.00749681
0.787786
0.00749681
0.787786
0.00749681
0.787786
0.00749681
0.787786
-0.00500319
0.650334
-0.00500319
0.349997
-0.00500319
0.319997
-0.00500319
0.204997
-0.00500319
0.204997
-0.00500319
0.323747
-0.00500319
0.214997
-0.00500319
0.338747
-3.19294e-06
0.199997
-0.00500319
0.204997
0.782501
-0.00500319
0.782501
-0.00500319
0.782501
-0.00500319
0.782501
-0.00500319
0.782501
-0.00500319
0.782501
-0.00500319
0.782501
-0.00500319
0.782501
-0.00500319
0.725375
0.0749968
0.725375
0.0749968
0.725375
0.0749968
0.725375
0.0749968
0.670833
0.139997
0.334297
0.520297
0.0332014
0.772945
-0.00499985
0.795001
-0.00499985
0.795001
-0.00499985
0.795001
0.184997
0.645574
0.0899968
0.725288
0.0899968
0.725288
0.00749681
0.787786
0.00749681
0.787786
0.00749681
0.787786
0.00749681
0.787786
0.00749681
0.787786
-0.00500319
0.650334
-0.00500319
0.163747
-0.00500319
0.104997
-0.00500319
0.104997
-0.00500319
0.163747
-0.00500319
0.114997
-0.00500319
0.163747
-0.00500319
0.123747
-3.19294e-06
0.0999968
-0.00500319
0.163747
0.782501
-0.00500319
0.782501
-0.00500319
0.782501
-0.00500319
0.782501
-0.00500319
0.782501
-0.00500319
0.782501
-0.00500319
0.725375
0.0749968
0.725375
0.0749968
0.697405
0.10833
0.697405
0.10833
0.697405
0.10833
0.697405
0.10833
0.634472
0.18333
0.334297
0.520297
0.0332014
0.772945
0.184997
0.645574
0.184997
0.645574
0.184997
0.645574
0.184997
0.645574
0.0899968
0.725288
0.0899968
0.725288
0.0899968
0.725288
0.00749681
0.787786
0.00749681
0.787786
0.00749681
0.787786
0.00749681
0.787786
-0.00500319
0.650334
-0.00500319
0.141663
-0.00500319
0.111663
-3.19294e-06
0.0666635
-3.19294e-06
0.0666635
-0.00500319
0.115413
-0.00500319
0.130413
0.0324968
0.0654135
-3.19294e-06
0.0666635
-0.00500319
0.130413
0.782501
-0.00500319
0.782501
-0.00500319
0.782501
-0.00500319
0.782501
-0.00500319
0.782501
-0.00500319
0.782501
-0.00500319
0.782501
-0.00500319
0.782501
-0.00500319
0.68342
0.124997
0.68342
0.124997
0.68342
0.124997
0.68342
0.124997
0.612621
0.209372
0.334297
0.520297
0.184997
0.645574
0.184997
0.645574
0.184997
0.645574
0.184997
0.645574
0.184997
0.645574
0.0899968
0.725288
0.0899968
0.725288
0.0899968
0.725288
0.00749681
0.787786
0.00749681
0.787786
0.00749681
0.787786
0.00749681
0.787786
-0.00500319
0.650334
-0.00500319
0.0893718
-3.19294e-06
0.0599968
-3.19294e-06
0.0499968
-3.19294e-06
0.0499968
-0.00500319
0.115622
-3.19294e-06
0.0499968
-0.00500319
0.0956218
-3.19294e-06
0.0499968
0.123747
0.0331218
0.77276
0.0118718
0.77276
0.0118718
0.77276
0.0118718
0.77276
0.0118718
0.77276
0.0118718
0.77276
0.0118718
0.77276
0.0118718
0.77276
0.0118718
0.675029
0.134997
0.675029
0.134997
0.675029
0.134997
0.675029
0.134997
0.59951
0.224997
0.334297
0.520297
0.184997
0.645574
0.184997
0.645574
0.184997
0.645574
0.184997
0.645574
0.184997
0.645574
0.0899968
0.725288
0.0899968
0.725288
0.0899968
0.725288
0.00749681
0.787786
0.00749681
0.787786
0.00749681
0.787786
0.00749681
0.787786
-0.00500319
0.650334
-0.00500319
0.0699968
-3.19294e-06
0.0399968
-3.19294e-06
0.0399968
-3.19294e-06
0.0399968
0.00749681
0.0349968
-3.19294e-06
0.0399968
-0.00500319
0.0699968
-3.19294e-06
0.0399968
0.194997
0.0349968
0.782501
-0.00500319
0.763739
0.0274968
0.763739
0.0274968
0.763739
0.0274968
0.763739
0.0274968
0.763739
0.0274968
0.763739
0.0274968
0.763739
0.0274968
0.795001
-0.00499985
0.795001
-0.00499985
0.795001
-0.00499985
0.795001
-0.00499985
0.772945
0.0332014
0.334297
0.507797
0.0332014
0.760445
-0.00499985
0.782501
-0.00499985
0.782501
-0.00499985
0.782501
-0.00500319
0.782501
-0.00500319
0.782501
-0.00500319
0.782501
-0.00500319
0.782501
-0.00500319
0.782501
-0.00500319
0.782501
-0.00500319
0.782501
-0.00500319
0.782501
0.204997
0.500792
0.317497
0.0262468
0.199997
-3.19294e-06
0.204997
-0.00500319
0.204997
-0.00500319
0.204997
-0.00500319
0.204997
-0.00500319
0.204997
-0.00500319
0.204997
-0.00500319
0.277497
-0.00500319
0.787786
0.00749681
0.787786
0.00749681
0.787786
0.00749681
0.787786
0.00749681
0.795001
-0.00500319
0.795001
-0.00500319
0.795001
-0.00500319
0.795001
-0.00500319
0.795001
-0.00499985
0.763747
0.0441635
0.763747
0.0441635
0.763747
0.0441635
0.763747
0.0441635
0.334297
0.520297
0.0441635
0.763747
0.0441635
0.763747
0.0441635
0.763747
-0.00499985
0.795001
-0.00500319
0.795001
-0.00500319
0.795001
-0.00500319
0.795001
-0.00500319
0.795001
-0.00500319
0.795001
-0.00500319
0.795001
-0.00500319
0.795001
-0.00500319
0.795001
0.204997
0.500792
0.317497
0.317497
0.307497
0.223747
0.223747
0.307497
0.343747
0.343747
0.311247
0.338747
0.224997
0.338747
0.194997
0.338747
0.107497
0.338747
0.0449968
0.204997
0.795001
-0.00500319
0.795001
-0.00500319
0.795001
-0.00500319
0.795001
-0.00500319
0.795001
-0.00500319
0.795001
-0.00500319
0.795001
-0.00500319
0.795001
-0.00500319
0.795001
-0.00499985
0.795001
-0.00499985
0.795001
-0.00499985
0.795001
-0.00499985
0.772945
0.0332014
0.334297
0.520297
0.0441635
0.763747
-0.00499985
0.795001
-0.00499985
0.795001
-0.00499985
0.795001
-0.00500319
0.795001
-0.00500319
0.795001
-0.00500319
0.795001
-0.00500319
0.795001
-0.00500319
0.795001
-0.00500319
0.795001
-0.00500319
0.795001
-0.00500319
0.795001
0.204997
0.500792
0.317497
0.108747
0.343747
0.161247
0.338747
0.161247
0.343747
0.157497
0.338747
0.124997
0.311247
0.193747
0.107497
0.173747
0.343747
0.157497
0.107497
0.163747
0.795001
-0.00500319
0.795001
-0.00500319
0.795001
-0.00500319
0.795001
-0.00500319
0.775517
0.0287468
0.775517
0.0287468
0.795001
-0.00500319
0.795001
-0.00500319
0.795001
-0.00499985
0.795001
-0.00499985
0.795001
-0.00499985
0.795001
-0.00499985
0.772945
0.0332014
0.334297
0.520297
0.0332014
0.772945
-0.00499985
0.795001
-0.00499985
0.795001
-0.00499985
0.795001
-0.00500319
0.795001
-0.00500319
0.795001
-0.00500319
0.795001
-0.00500319
0.795001
-0.00500319
0.795001
-0.00500319
0.795001
-0.00500319
0.795001
-0.00500319
0.795001
0.204997
0.500792
0.216247
0.0141635
0.307497
0.0754135
0.338747
0.0804135
0.343747
0.135413
0.213747
0.130413
0.194997
0.141663
0.313747
0.135413
0.307497
0.141663
0.194997
0.130413
0.795001
-0.00500319
0.795001
-0.00500319
0.795001
-0.00500319
0.795001
-0.00500319
0.795001
-0.00500319
0.795001
-0.00500319
0.795001
-0.00500319
0.795001
-0.00500319
0.795001
-0.00499985
0.795001
-0.00499985
0.795001
-0.00499985
0.795001
-0.00499985
0.772945
0.0332014
0.334297
0.520297
0.0332014
0.772945
-0.00499985
0.795001
-0.00499985
0.795001
-0.00499985
0.795001
-0.00500319
0.795001
-0.00500319
0.795001
-0.00500319
0.795001
-0.00500319
0.795001
-0.00500319
0.795001
-0.00500319
0.795001
-0.00500319
0.795001
-0.00500319
0.795001
0.204997
0.500792
0.338747
0.0174968
0.338747
0.0731218
0.338747
0.0831218
0.343747
0.109372
0.338747
0.0112468
0.234997
0.0918718
0.234997
0.0831218
0.214997
0.0487468
0.204997
0.0331218
0.795001
-0.00500319
0.78526
0.0118718
0.78526
0.0118718
0.78526
0.0118718
0.795001
-0.00500319
0.795001
-0.00500319
0.795001
-0.00500319
0.795001
-0.00500319
0.795001
-0.00499985
0.795001
-0.00499985
0.795001
-0.00499985
0.795001
-0.00499985
0.772945
0.0332014
0.334297
0.520297
0.0332014
0.772945
-0.00499985
0.795001
-0.00499985
0.795001
-0.00499985
0.795001
-0.00500319
0.795001
-0.00500319
0.795001
-0.00500319
0.795001
-0.00500319
0.795001
-0.00500319
0.795001
-0.00500319
0.795001
-0.00500319
0.795001
-0.00500319
0.795001
0.204997
0.500792
0.317497
0.0674968
0.338747
0.0612468
0.338747
0.0449968
0.343747
0.0737468
0.338747
0.0874968
0.234997
0.0474968
0.198747
0.0999968
0.338747
0.0212468
0.204997
0.0349968
0.795001
-0.00500319
0.795001
-0.00500319
0.776239
0.0274968
0.795001
-0.00500319
0.795001
-0.00500319
0.795001
-0.00500319
0.795001
-0.00500319
0.795001
-0.00500319
0.795001
-0.00499985
0.795001
-0.00499985
0.795001
-0.00499985
0.795001
-0.00499985
0.772945
0.0332014
0.334297
0.507797
0.0749968
0.725375
0.0749968
0.725375
0.0749968
0.725375
0.0749968
0.725375
0.0749968
0.725375
0.0749968
0.725375
-0.00500319
0.782501
-0.00500319
0.782501
-0.00500319
0.782501
-0.00500319
0.782501
-0.00500319
0.782501
-0.00500319
0.782501
0.163747
0.535405
0.161247
0.0612468
0.0999968
-3.19294e-06
0.104997
-0.00500319
0.104997
-0.00500319
0.104997
-0.00500319
0.104997
-0.00500319
0.104997
-0.00500319
0.104997
-0.00500319
0.249997
-0.00500319
0.787786
0.00749681
0.787786
0.00749681
0.787786
0.00749681
0.787786
0.00749681
0.787786
0.00749681
0.725288
0.0899968
0.725288
0.0899968
0.645574
0.184997
0.795001
-0.00499985
0.795001
-0.00499985
0.795001
-0.00499985
0.763747
0.0441635
0.763747
0.0441635
0.334297
0.520297
0.0332014
0.772945
-0.00499985
0.795001
-0.00499985
0.795001
-0.00499985
0.795001
-0.00500319
0.795001
-0.00500319
0.795001
0.0287468
0.775517
0.0287468
0.775517
-0.00500319
0.795001
-0.00500319
0.795001
-0.00500319
0.795001
-0.00500319
0.795001
0.163747
0.535405
0.173747
0.126247
0.157497
0.343747
0.0987468
0.214997
0.0949968
0.338747
0.0949968
0.338747
0.169997
0.338747
0.0949968
0.338747
0.0199968
0.338747
0.0199968
0.204997
0.795001
-0.00500319
0.795001
-0.00500319
0.795001
-0.00500319
0.795001
-0.00500319
0.795001
-0.00500319
0.795001
-0.00500319
0.795001
-0.00500319
0.795001
-0.00500319
0.737875
0.0749968
0.737875
0.0749968
0.737875
0.0749968
0.737875
0.0749968
0.690675
0.131247
0.334297
0.520297
0.0749968
0.737875
0.0749968
0.737875
0.0749968
0.737875
0.0749968
0.737875
0.0749968
0.737875
0.0749968
0.737875
0.0287468
0.775517
-0.00500319
0.795001
-0.00500319
0.795001
-0.00500319
0.795001
-0.00500319
0.795001
-0.00500319
0.795001
0.163747
0.535405
0.173747
0.0949968
0.181247
0.167497
0.104997
0.161247
0.157497
0.157497
0.167497
0.187497
0.157497
0.187497
0.0512468
0.173747
0.0512468
0.163747
0.0512468
0.163747
0.795001
-0.00500319
0.795001
-0.00500319
0.795001
-0.00500319
0.795001
-0.00500319
0.795001
-0.00500319
0.775517
0.0287468
0.737875
0.0749968
0.737875
0.0749968
0.709905
0.10833
0.709905
0.10833
0.709905
0.10833
0.709905
0.10833
0.772945
0.0332014
0.334297
0.520297
0.0749968
0.737875
0.0749968
0.737875
0.0749968
0.737875
0.0749968
0.737875
0.0749968
0.737875
0.0749968
0.737875
-0.00500319
0.795001
-0.00500319
0.795001
-0.00500319
0.795001
-0.00500319
0.795001
-0.00500319
0.795001
-0.00500319
0.795001
0.163747
0.535405
0.161247
0.135413
0.193747
0.0624968
0.0987468
0.130413
0.169997
0.130413
0.167497
0.135413
0.0949968
0.130413
0.157497
0.135413
0.104997
0.141663
0.0949968
0.130413
0.795001
-0.00500319
0.795001
-0.00500319
0.795001
-0.00500319
0.795001
-0.00500319
0.795001
-0.00500319
0.795001
-0.00500319
0.795001
-0.00500319
0.795001
-0.00500319
0.69592
0.124997
0.69592
0.124997
0.69592
0.124997
0.795001
-0.00499985
0.772945
0.0332014
0.334297
0.520297
0.0749968
0.737875
0.0749968
0.737875
0.0749968
0.737875
0.0749968
0.737875
0.0749968
0.737875
0.0749968
0.737875
-0.00500319
0.795001
-0.00500319
0.795001
-0.00500319
0.795001
-0.00500319
0.795001
-0.00500319
0.795001
-0.00500319
0.795001
0.163747
0.535405
0.173747
0.0531218
0.173747
0.0768718
0.0987468
0.0956218
0.157497
0.0981218
0.167497
0.0981218
0.0949968
0.115622
0.0949968
0.0856218
0.0949968
0.0856218
0.104997
0.0331218
0.78526
0.0118718
0.78526
0.0118718
0.78526
0.0118718
0.78526
0.0118718
0.78526
0.0118718
0.78526
0.0118718
0.78526
0.0118718
0.78526
0.0118718
0.687529
0.134997
0.687529
0.134997
0.795001
-0.00499985
0.795001
-0.00499985
0.772945
0.0332014
0.334297
0.520297
0.0749968
0.737875
0.0749968
0.737875
0.0749968
0.737875
0.0749968
0.737875
0.0749968
0.737875
0.0749968
0.737875
-0.00500319
0.795001
-0.00500319
0.795001
-0.00500319
0.795001
-0.00500319
0.795001
-0.00500319
0.795001
-0.00500319
0.795001
0.163747
0.535405
0.163747
0.0674968
0.193747
0.0574968
0.161247
0.0937468
0.157497
0.0737468
0.157497
0.0737468
0.0949968
0.0999968
0.0949968
0.0799968
0.0949968
0.0887468
0.138747
0.0349968
0.795001
-0.00500319
0.776239
0.0274968
0.776239
0.0274968
0.776239
0.0274968
0.776239
0.0274968
0.776239
0.0274968
0.776239
0.0274968
0.776239
0.0274968
0.645574
0.184997
0.645574
0.184997
0.645574
0.184997
0.795001
-0.00499985
0.772945
0.0332014
0.334297
0.507797
0.10833
0.697405
0.10833
0.697405
0.10833
0.697405
0.10833
0.697405
-0.00500319
0.782501
-0.00500319
0.782501
-0.00500319
0.782501
-0.00500319
0.782501
-0.00500319
0.782501
-0.00500319
0.782501
-0.00500319
0.782501
-0.00500319
0.782501
0.130413
0.601062
0.0666635
-3.19294e-06
0.0666635
-3.19294e-06
0.0666635
-3.19294e-06
0.0666635
-3.19294e-06
0.0666635
-3.19294e-06
0.0666635
-3.19294e-06
0.0666635
-3.19294e-06
0.0616635
0.00749681
0.262497
-0.00500319
0.787786
0.00749681
0.787786
0.00749681
0.787786
0.00749681
0.787786
0.00749681
0.725288
0.0899968
0.725288
0.0899968
0.725288
0.0899968
0.645574
0.184997
0.795001
-0.00499985
0.795001
-0.00499985
0.795001
-0.00499985
0.795001
-0.00499985
0.763747
0.0441635
0.334297
0.520297
0.0332014
0.772945
-0.00499985
0.795001
-0.00499985
0.795001
-0.00499985
0.795001
-0.00500319
0.795001
-0.00500319
0.795001
-0.00500319
0.795001
-0.00500319
0.795001
-0.00500319
0.795001
-0.00500319
0.795001
-0.00500319
0.795001
-0.00500319
0.795001
0.130413
0.601062
0.135413
0.323747
0.105413
0.343747
0.130413
0.213747
0.135413
0.343747
0.129163
0.338747
0.0116635
0.338747
0.0324968
0.338747
0.0324968
0.338747
0.0116635
0.204997
0.795001
-0.00500319
0.795001
-0.00500319
0.795001
-0.00500319
0.795001
-0.00500319
0.795001
-0.00500319
0.795001
-0.00500319
0.795001
-0.00500319
0.795001
-0.00500319
0.737875
0.0749968
0.737875
0.0749968
0.737875
0.0749968
0.737875
0.0749968
0.683333
0.139997
0.334297
0.520297
0.10833
0.709905
0.10833
0.709905
0.10833
0.709905
0.10833
0.709905
-0.00500319
0.795001
-0.00500319
0.795001
-0.00500319
0.795001
-0.00500319
0.795001
-0.00500319
0.795001
-0.00500319
0.795001
-0.00500319
0.795001
-0.00500319
0.795001
0.130413
0.601062
0.130413
0.161247
0.135413
0.157497
0.0804135
0.182497
0.130413
0.161247
0.130413
0.169997
0.0324968
0.167497
0.0324968
0.173747
0.0324968
0.163747
0.0324968
0.163747
0.795001
-0.00500319
0.795001
-0.00500319
0.795001
-0.00500319
0.795001
-0.00500319
0.795001
-0.00500319
0.795001
-0.00500319
0.737875
0.0749968
0.737875
0.0749968
0.709905
0.10833
0.709905
0.10833
0.709905
0.10833
0.709905
0.10833
0.646972
0.18333
0.334297
0.520297
0.10833
0.709905
0.10833
0.709905
0.10833
0.709905
0.10833
0.709905
-0.00500319
0.795001
-0.00500319
0.795001
-0.00500319
0.795001
-0.00500319
0.795001
-0.00500319
0.795001
-0.00500319
0.795001
-0.00500319
0.795001
-0.00500319
0.795001
0.130413
0.601062
0.130413
0.109163
0.135413
0.115413
0.0804135
0.130413
0.130413
0.0991635
0.0991635
0.130413
0.105413
0.135413
0.0616635
0.141663
0.0991635
0.141663
0.0616635
0.130413
0.795001
-0.00500319
0.795001
-0.00500319
0.795001
-0.00500319
0.795001
-0.00500319
0.795001
-0.00500319
0.795001
-0.00500319
0.795001
-0.00500319
0.795001
-0.00500319
0.69592
0.124997
0.69592
0.124997
0.69592
0.124997
0.69592
0.124997
0.625121
0.209372
0.334297
0.520297
0.10833
0.709905
0.10833
0.709905
0.10833
0.709905
0.10833
0.709905
-0.00500319
0.795001
-0.00500319
0.795001
-0.00500319
0.795001
-0.00500319
0.795001
-0.00500319
0.795001
-0.00500319
0.795001
-0.00500319
0.795001
-0.00500319
0.795001
0.130413
0.601062
0.141663
0.0449968
0.135413
0.0981218
0.141663
0.0918718
0.135413
0.0981218
0.130413
0.0918718
0.130413
0.0549968
0.0616635
0.0856218
0.0616635
0.0856218
0.0862468
0.0331218
0.78526
0.0118718
0.78526
0.0118718
0.78526
0.0118718
0.78526
0.0118718
0.78526
0.0118718
0.78526
0.0118718
0.78526
0.0118718
0.78526
0.0118718
0.687529
0.134997
0.687529
0.134997
0.687529
0.134997
0.687529
0.134997
0.772945
0.0332014
0.334297
0.520297
0.10833
0.709905
0.10833
0.709905
0.10833
0.709905
0.10833
0.709905
-0.00500319
0.795001
-0.00500319
0.795001
-0.00500319
0.795001
-0.00500319
0.795001
-0.00500319
0.795001
-0.00500319
0.795001
-0.00500319
0.795001
-0.00500319
0.795001
0.130413
0.601062
0.130413
0.0674968
0.135413
0.0937468
0.130413
0.0874968
0.130413
0.0874968
0.130413
0.0874968
0.105413
0.0824968
0.0616635
0.0799968
0.0616635
0.0887468
0.157497
0.0349968
0.795001
-0.00500319
0.776239
0.0274968
0.776239
0.0274968
0.776239
0.0274968
0.776239
0.0274968
0.776239
0.0274968
0.776239
0.0274968
0.776239
0.0274968
0.645574
0.184997
0.645574
0.184997
0.645574
0.184997
0.645574
0.184997
0.772945
0.0332014
0.334297
0.507797
0.124997
0.68342
0.124997
0.68342
0.124997
0.68342
0.124997
0.68342
0.0118718
0.77276
0.0118718
0.77276
0.0118718
0.77276
0.0118718
0.77276
0.0118718
0.77276
0.0118718
0.77276
0.0118718
0.77276
0.0118718
0.77276
0.0331218
0.558436
0.0499968
-3.19294e-06
0.0499968
-3.19294e-06
0.0499968
-3.19294e-06
0.0499968
-3.19294e-06
0.0499968
-3.19294e-06
0.0499968
-3.19294e-06
0.0499968
-3.19294e-06
0.0449968
0.00749681
0.271872
-0.00500319
0.787786
0.00749681
0.787786
0.00749681
0.787786
0.00749681
0.787786
0.00749681
0.725288
0.0899968
0.725288
0.0899968
0.725288
0.0899968
0.645574
0.184997
0.795001
-0.00499985
0.795001
-0.00499985
0.795001
-0.00499985
0.795001
-0.00499985
0.763747
0.0441635
0.334297
0.520297
0.0332014
0.772945
-0.00499985
0.795001
-0.00499985
0.795001
-0.00499985
0.795001
-0.00500319
0.795001
-0.00500319
0.795001
-0.00500319
0.795001
-0.00500319
0.795001
0.0118718
0.78526
0.0118718
0.78526
0.0118718
0.78526
-0.00500319
0.795001
0.0331218
0.558436
0.0799968
0.229997
0.109372
0.343747
0.0956218
0.213747
0.0449968
0.338747
0.00749681
0.338747
0.0731218
0.338747
0.0731218
0.338747
0.00749681
0.338747
0.00749681
0.204997
0.795001
-0.00500319
0.795001
-0.00500319
0.795001
-0.00500319
0.795001
-0.00500319
0.795001
-0.00500319
0.795001
-0.00500319
0.795001
-0.00500319
0.795001
-0.00500319
0.737875
0.0749968
0.737875
0.0749968
0.737875
0.0749968
0.737875
0.0749968
0.683333
0.139997
0.334297
0.520297
0.0332014
0.772945
0.124997
0.69592
0.124997
0.69592
0.124997
0.69592
0.0118718
0.78526
0.0118718
0.78526
0.0118718
0.78526
0.0118718
0.78526
0.0118718
0.78526
0.0118718
0.78526
0.0118718
0.78526
0.0118718
0.78526
0.0331218
0.558436
0.0799968
0.129997
0.109372
0.187497
0.0893718
0.161247
0.0731218
0.173747
0.0793718
0.187497
0.0793718
0.167497
0.0231218
0.173747
0.0449968
0.163747
0.0231218
0.163747
0.795001
-0.00500319
0.795001
-0.00500319
0.795001
-0.00500319
0.795001
-0.00500319
0.795001
-0.00500319
0.795001
-0.00500319
0.737875
0.0749968
0.737875
0.0749968
0.709905
0.10833
0.709905
0.10833
0.709905
0.10833
0.709905
0.10833
0.646972
0.18333
0.334297
0.520297
0.124997
0.69592
0.124997
0.69592
0.124997
0.69592
0.124997
0.69592
0.0118718
0.78526
0.0118718
0.78526
0.0118718
0.78526
0.0118718
0.78526
0.0118718
0.78526
0.0118718
0.78526
0.0118718
0.78526
0.0118718
0.78526
0.0331218
0.558436
0.0799968
0.0666635
0.0831218
0.115413
0.0893718
0.135413
0.0637468
0.130413
0.0831218
0.135413
0.0918718
0.130413
0.0487468
0.141663
0.0449968
0.141663
0.0449968
0.130413
0.795001
-0.00500319
0.795001
-0.00500319
0.795001
-0.00500319
0.795001
-0.00500319
0.795001
-0.00500319
0.795001
-0.00500319
0.795001
-0.00500319
0.795001
-0.00500319
0.69592
0.124997
0.69592
0.124997
0.69592
0.124997
0.69592
0.124997
0.625121
0.209372
0.334297
0.520297
0.124997
0.69592
0.124997
0.69592
0.124997
0.69592
0.124997
0.69592
0.0118718
0.78526
0.0118718
0.78526
0.0118718
0.78526
0.0118718
0.78526
0.0118718
0.78526
0.0118718
0.78526
0.0118718
0.78526
0.0118718
0.78526
0.0331218
0.558436
0.0893718
0.0893718
0.0893718
0.0749968
0.0893718
0.0981218
0.0893718
0.0549968
0.0831218
0.0981218
0.0893718
0.0981218
0.0449968
0.0856218
0.0449968
0.0856218
0.0956218
0.0331218
0.78526
0.0118718
0.78526
0.0118718
0.78526
0.0118718
0.78526
0.0118718
0.78526
0.0118718
0.78526
0.0118718
0.78526
0.0118718
0.78526
0.0118718
0.687529
0.134997
0.687529
0.134997
0.687529
0.134997
0.687529
0.134997
0.61201
0.224997
0.334297
0.520297
0.124997
0.69592
0.124997
0.69592
0.124997
0.69592
0.124997
0.69592
0.0118718
0.78526
0.0118718
0.78526
0.0118718
0.78526
0.0118718
0.78526
0.0118718
0.78526
0.0118718
0.78526
0.0118718
0.78526
0.0118718
0.78526
0.0331218
0.558436
0.0799968
0.0399968
0.109372
0.0737468
0.0893718
0.0349968
0.0831218
0.0937468
0.104372
0.0349968
0.0893718
0.0824968
0.0449968
0.0799968
0.0449968
0.0887468
0.166872
0.0349968
0.795001
-0.00500319
0.776239
0.0274968
0.776239
0.0274968
0.776239
0.0274968
0.776239
0.0274968
0.776239
0.0274968
0.776239
0.0274968
0.776239
0.0274968
0.645574
0.184997
0.645574
0.184997
0.645574
0.184997
0.645574
0.184997
0.772945
0.0332014
0.334297
0.507797
0.134997
0.675029
0.134997
0.675029
0.134997
0.675029
0.134997
0.675029
0.0274968
0.763739
0.0274968
0.763739
0.0274968
0.763739
0.0274968
0.763739
0.0274968
0.763739
0.0274968
0.763739
0.0274968
0.763739
-0.00500319
0.782501
0.0349968
0.643439
0.0399968
-3.19294e-06
0.0399968
-3.19294e-06
0.0399968
-3.19294e-06
0.0399968
-3.19294e-06
0.0399968
-3.19294e-06
0.0399968
-3.19294e-06
0.0399968
-3.19294e-06
0.0349968
0.00749681
0.277497
-0.00500319
0.787786
0.00749681
0.787786
0.00749681
0.787786
0.00749681
0.787786
0.00749681
0.725288
0.0899968
0.725288
0.0899968
0.725288
0.0899968
0.645574
0.184997
0.795001
-0.00499985
0.795001
-0.00499985
0.795001
-0.00499985
0.795001
-0.00499985
0.763747
0.0441635
0.334297
0.520297
0.0332014
0.772945
-0.00499985
0.795001
-0.00499985
0.795001
-0.00499985
0.795001
-0.00500319
0.795001
-0.00500319
0.795001
-0.00500319
0.795001
-0.00500319
0.795001
-0.00500319
0.795001
0.0274968
0.776239
-0.00500319
0.795001
-0.00500319
0.795001
0.0349968
0.643439
0.0362468
0.338747
0.0612468
0.338747
0.0799968
0.213747
0.00499681
0.338747
0.0174968
0.338747
0.00499681
0.338747
0.00499681
0.338747
0.00499681
0.338747
0.00499681
0.204997
0.795001
-0.00500319
0.795001
-0.00500319
0.795001
-0.00500319
0.795001
-0.00500319
0.795001
-0.00500319
0.795001
-0.00500319
0.795001
-0.00500319
0.795001
-0.00500319
0.737875
0.0749968
0.737875
0.0749968
0.737875
0.0749968
0.737875
0.0749968
0.683333
0.139997
0.334297
0.520297
0.0332014
0.772945
-0.00499985
0.795001
0.134997
0.687529
0.134997
0.687529
0.0274968
0.776239
0.0274968
0.776239
0.0274968
0.776239
0.0274968
0.776239
0.0274968
0.776239
0.0274968
0.776239
0.0274968
0.776239
-0.00500319
0.795001
0.0349968
0.643439
0.0362468
0.193747
0.0274968
0.173747
0.0212468
0.163747
0.0637468
0.157497
0.0674968
0.187497
0.0349968
0.167497
0.0174968
0.173747
0.0174968
0.163747
0.0174968
0.163747
0.795001
-0.00500319
0.795001
-0.00500319
0.795001
-0.00500319
0.795001
-0.00500319
0.795001
-0.00500319
0.795001
-0.00500319
0.737875
0.0749968
0.737875
0.0749968
0.709905
0.10833
0.709905
0.10833
0.709905
0.10833
0.709905
0.10833
0.646972
0.18333
0.334297
0.520297
0.134997
0.687529
0.134997
0.687529
0.134997
0.687529
0.134997
0.687529
0.0274968
0.776239
0.0274968
0.776239
0.0274968
0.776239
0.0274968
0.776239
0.0274968
0.776239
0.0274968
0.776239
0.0274968
0.776239
-0.00500319
0.795001
0.0349968
0.643439
0.0887468
0.0654135
0.0937468
0.135413
0.0349968
0.130413
0.0937468
0.135413
0.0674968
0.135413
0.0349968
0.130413
0.0387468
0.141663
0.0449968
0.141663
0.0349968
0.130413
0.795001
-0.00500319
0.795001
-0.00500319
0.795001
-0.00500319
0.795001
-0.00500319
0.795001
-0.00500319
0.795001
-0.00500319
0.795001
-0.00500319
0.795001
-0.00500319
0.69592
0.124997
0.69592
0.124997
0.69592
0.124997
0.69592
0.124997
0.625121
0.209372
0.334297
0.520297
0.134997
0.687529
0.134997
0.687529
0.134997
0.687529
0.134997
0.687529
0.0274968
0.776239
0.0274968
0.776239
0.0274968
0.776239
0.0274968
0.776239
0.0274968
0.776239
0.0274968
0.776239
0.0274968
0.776239
-0.00500319
0.795001
0.0349968
0.643439
0.0387468
0.115622
0.0937468
0.0831218
0.0824968
0.0893718
0.0637468
0.0981218
0.0674968
0.0981218
0.0349968
0.0856218
0.0387468
0.0893718
0.0449968
0.0856218
0.101247
0.0331218
0.78526
0.0118718
0.78526
0.0118718
0.78526
0.0118718
0.78526
0.0118718
0.78526
0.0118718
0.78526
0.0118718
0.78526
0.0118718
0.78526
0.0118718
0.687529
0.134997
0.687529
0.134997
0.687529
0.134997
0.687529
0.134997
0.61201
0.224997
0.334297
0.520297
0.134997
0.687529
0.134997
0.687529
0.134997
0.687529
0.134997
0.687529
0.0274968
0.776239
0.0274968
0.776239
0.0274968
0.776239
0.0274968
0.776239
0.0274968
0.776239
0.0274968
0.776239
0.0274968
0.776239
-0.00500319
0.795001
0.0349968
0.643439
0.0799968
0.0349968
0.0937468
0.0737468
0.0824968
0.0937468
0.0937468
0.0824968
0.0537468
0.0887468
0.0937468
0.0824968
0.0387468
0.0999968
0.0449968
0.0887468
0.172497
0.0349968
0.795001
-0.00500319
0.776239
0.0274968
0.776239
0.0274968
0.776239
0.0274968
0.776239
0.0274968
0.776239
0.0274968
0.776239
0.0274968
0.776239
0.0274968
