0.633071
0.185
0.633071
0.185
0.633071
0.185
0.633071
0.185
0.547064
0.2875
0.334296
0.507796
0.185
0.633071
0.185
0.633071
0.185
0.633071
0.185
0.633071
0.185
0.633071
0.0899997
0.712786
0.0899997
0.712786
0.0899997
0.712786
0.0899997
0.712786
0.00749966
0.775283
0.00749966
0.775283
0.00749966
0.775283
-0.00500034
0.650333
0.00624966
0.0187497
-3.42839e-07
-3.42839e-07
-3.42839e-07
0.0249997
-3.42839e-07
-3.42839e-07
-0.00500034
0.00749966
-3.42839e-07
-3.42839e-07
-0.00500034
0.0487497
-3.42839e-07
-3.42839e-07
0.3
-0.00500034
0.775283
0.00749966
0.775283
0.00749966
0.775283
0.00749966
0.712786
0.0899997
0.712786
0.0899997
0.712786
0.0899997
0.712786
0.0899997
0.633071
0.185
0.7825
-0.00499998
0.7825
-0.00499998
0.7825
-0.00499998
0.7825
-0.00499998
0.751245
0.0441663
0.334296
0.520296
0.0332042
0.772943
-0.00499998
0.795
-0.00499998
0.795
-0.00499998
0.795
-0.00500034
0.795
-0.00500034
0.795
-0.00500034
0.795
-0.00500034
0.795
0.00749966
0.787783
0.00749966
0.787783
0.00749966
0.787783
0.00749966
0.787783
-0.00500034
0.650333
0.00624966
0.35
-0.00500034
0.215
-0.00500034
0.205
-0.00500034
0.205
-0.00500034
0.32375
-0.00500034
0.235
-0.00500034
0.205
-3.42839e-07
0.2
0.2925
0.31125
0.7825
-0.00500034
0.7825
-0.00500034
0.7825
-0.00500034
0.7825
-0.00500034
0.7825
-0.00500034
0.7825
-0.00500034
0.7825
-0.00500034
0.7825
-0.00500034
0.725372
0.0749997
0.725372
0.0749997
0.725372
0.0749997
0.725372
0.0749997
0.670831
0.14
0.334296
0.520296
0.0332042
0.772943
-0.00499998
0.795
-0.00499998
0.795
-0.00499998
0.795
0.185
0.645571
0.0899997
0.725286
0.0899997
0.725286
0.00749966
0.787783
0.00749966
0.787783
0.00749966
0.787783
0.00749966
0.787783
0.00749966
0.787783
-0.00500034
0.650333
0.00624966
0.1675
-0.00500034
0.105
-0.00500034
0.105
-0.00500034
0.16375
-0.00500034
0.115
-0.00500034
0.105
-0.00500034
0.16375
-3.42839e-07
0.0999997
0.1925
0.15125
0.7825
-0.00500034
0.7825
-0.00500034
0.7825
-0.00500034
0.7825
-0.00500034
0.7825
-0.00500034
0.7825
-0.00500034
0.725372
0.0749997
0.725372
0.0749997
0.697402
0.108333
0.697402
0.108333
0.697402
0.108333
0.697402
0.108333
0.63447
0.183333
0.334296
0.520296
0.0332042
0.772943
0.185
0.645571
0.185
0.645571
0.185
0.645571
0.185
0.645571
0.0899997
0.725286
0.0899997
0.725286
0.0899997
0.725286
0.00749966
0.787783
0.00749966
0.787783
0.00749966
0.787783
0.00749966
0.787783
-0.00500034
0.650333
0.00624966
0.141666
-0.00500034
0.111666
-3.42839e-07
0.0666663
-3.42839e-07
0.0666663
-0.00500034
0.115416
-0.00500034
0.130416
-0.00500034
0.111666
-3.42839e-07
0.0666663
-0.00500034
0.130416
0.7825
-0.00500034
0.7825
-0.00500034
0.7825
-0.00500034
0.7825
-0.00500034
0.7825
-0.00500034
0.7825
-0.00500034
0.7825
-0.00500034
0.7825
-0.00500034
0.683417
0.125
0.683417
0.125
0.683417
0.125
0.683417
0.125
0.612618
0.209375
0.334296
0.520296
0.185
0.645571
0.185
0.645571
0.185
0.645571
0.185
0.645571
0.185
0.645571
0.0899997
0.725286
0.0899997
0.725286
0.0899997
0.725286
0.00749966
0.787783
0.00749966
0.787783
0.00749966
0.787783
0.00749966
0.787783
-0.00500034
0.650333
0.0112497
0.0799997
-3.42839e-07
0.0599997
-3.42839e-07
0.0499997
-3.42839e-07
0.0499997
-0.00500034
0.0956247
-3.42839e-07
0.0499997
-0.00500034
0.0856247
-3.42839e-07
0.0499997
0.0999997
0.0731247
0.772758
0.0118747
0.772758
0.0118747
0.772758
0.0118747
0.772758
0.0118747
0.772758
0.0118747
0.772758
0.0118747
0.772758
0.0118747
0.772758
0.0118747
0.675026
0.135
0.675026
0.135
0.675026
0.135
0.675026
0.135
0.599507
0.225
0.334296
0.520296
0.185
0.645571
0.185
0.645571
0.185
0.645571
0.185
0.645571
0.185
0.645571
0.0899997
0.725286
0.0899997
0.725286
0.0899997
0.725286
0.00749966
0.787783
0.00749966
0.787783
0.00749966
0.787783
0.00749966
0.787783
-0.00500034
0.650333
0.0112497
0.0399997
0.0124997
0.0637497
-3.42839e-07
0.0399997
-3.42839e-07
0.0399997
0.00749966
0.0349997
-3.42839e-07
0.0399997
-0.00500034
0.0699997
-3.42839e-07
0.0499997
-0.00500034
0.0699997
0.7825
-0.00500034
0.763736
0.0274997
0.763736
0.0274997
0.763736
0.0274997
0.763736
0.0274997
0.763736
0.0274997
0.763736
0.0274997
0.763736
0.0274997
0.795
-0.00499998
0.795
-0.00499998
0.795
-0.00499998
0.795
-0.00499998
0.772943
0.0332042
0.334296
0.507796
0.0332042
0.760443
-0.00499998
0.7825
-0.00499998
0.7825
-0.00499998
0.7825
-0.00500034
0.7825
-0.00500034
0.7825
-0.00500034
0.7825
-0.00500034
0.7825
-0.00500034
0.7825
-0.00500034
0.7825
-0.00500034
0.7825
-0.00500034
0.7825
0.31125
0.450971
0.31375
0.0612497
0.2
0.0599997
0.205
-0.00500034
0.205
-0.00500034
0.205
-0.00500034
0.205
-0.00500034
0.195
0.0487497
0.205
-0.00500034
0.2775
-0.00500034
0.787783
0.00749966
0.787783
0.00749966
0.787783
0.00749966
0.787783
0.00749966
0.795
-0.00500034
0.795
-0.00500034
0.795
-0.00500034
0.795
-0.00500034
0.795
-0.00499998
0.763745
0.0441663
0.763745
0.0441663
0.763745
0.0441663
0.763745
0.0441663
0.334296
0.520296
0.0441663
0.763745
0.0441663
0.763745
0.0441663
0.763745
-0.00499998
0.795
-0.00500034
0.795
-0.00500034
0.795
-0.00500034
0.795
-0.00500034
0.795
-0.00500034
0.795
-0.00500034
0.795
-0.00500034
0.795
-0.00500034
0.795
0.31125
0.450971
0.33875
0.0549997
0.32375
0.31375
0.32375
0.195
0.20875
0.31125
0.31125
0.32375
0.215
0.32625
0.1175
0.31125
0.31375
0.34375
0.0991663
0.31125
0.795
-0.00500034
0.795
-0.00500034
0.795
-0.00500034
0.795
-0.00500034
0.795
-0.00500034
0.795
-0.00500034
0.795
-0.00500034
0.795
-0.00500034
0.795
-0.00499998
0.795
-0.00499998
0.795
-0.00499998
0.795
-0.00499998
0.772943
0.0332042
0.334296
0.520296
0.0441663
0.763745
-0.00499998
0.795
-0.00499998
0.795
-0.00499998
0.795
-0.00500034
0.795
-0.00500034
0.795
-0.00500034
0.795
-0.00500034
0.795
-0.00500034
0.795
-0.00500034
0.795
-0.00500034
0.795
-0.00500034
0.795
0.31125
0.450971
0.33875
0.0612497
0.32375
0.15125
0.32375
0.15125
0.31125
0.17375
0.32375
0.155
0.31375
0.1875
0.13625
0.18125
0.195
0.1675
0.115
0.15125
0.795
-0.00500034
0.795
-0.00500034
0.795
-0.00500034
0.795
-0.00500034
0.775515
0.0287497
0.775515
0.0287497
0.795
-0.00500034
0.795
-0.00500034
0.795
-0.00499998
0.795
-0.00499998
0.795
-0.00499998
0.795
-0.00499998
0.772943
0.0332042
0.334296
0.520296
0.0332042
0.772943
-0.00499998
0.795
-0.00499998
0.795
-0.00499998
0.795
-0.00500034
0.795
-0.00500034
0.795
-0.00500034
0.795
-0.00500034
0.795
-0.00500034
0.795
-0.00500034
0.795
-0.00500034
0.795
-0.00500034
0.795
0.31125
0.450971
0.33875
0.0154163
0.32375
0.117916
0.31375
0.135416
0.31375
0.115416
0.31375
0.109166
0.31375
0.124166
0.13625
0.117916
0.205
0.109166
0.195
0.130416
0.795
-0.00500034
0.795
-0.00500034
0.795
-0.00500034
0.795
-0.00500034
0.795
-0.00500034
0.795
-0.00500034
0.795
-0.00500034
0.795
-0.00500034
0.795
-0.00499998
0.795
-0.00499998
0.795
-0.00499998
0.795
-0.00499998
0.772943
0.0332042
0.334296
0.520296
0.0332042
0.772943
-0.00499998
0.795
-0.00499998
0.795
-0.00499998
0.795
-0.00500034
0.795
-0.00500034
0.795
-0.00500034
0.795
-0.00500034
0.795
-0.00500034
0.795
-0.00500034
0.795
-0.00500034
0.795
-0.00500034
0.795
0.31125
0.450971
0.33875
0.0549997
0.32375
0.0768747
0.32375
0.0731247
0.31375
0.0831247
0.32375
0.0918747
0.31375
0.0893747
0.215
0.103125
0.33875
0.0749997
0.205
0.0731247
0.795
-0.00500034
0.785258
0.0118747
0.785258
0.0118747
0.785258
0.0118747
0.795
-0.00500034
0.795
-0.00500034
0.795
-0.00500034
0.795
-0.00500034
0.795
-0.00499998
0.795
-0.00499998
0.795
-0.00499998
0.795
-0.00499998
0.772943
0.0332042
0.334296
0.520296
0.0332042
0.772943
-0.00499998
0.795
-0.00499998
0.795
-0.00499998
0.795
-0.00500034
0.795
-0.00500034
0.795
-0.00500034
0.795
-0.00500034
0.795
-0.00500034
0.795
-0.00500034
0.795
-0.00500034
0.795
-0.00500034
0.795
0.31125
0.450971
0.33875
0.0674997
0.32375
0.0362497
0.31375
0.0937497
0.31375
0.0674997
0.31375
0.0824997
0.31375
0.0737497
0.31375
0.0937497
0.205
0.0674997
0.195
0.0699997
0.795
-0.00500034
0.795
-0.00500034
0.776236
0.0274997
0.795
-0.00500034
0.795
-0.00500034
0.795
-0.00500034
0.795
-0.00500034
0.795
-0.00500034
0.795
-0.00499998
0.795
-0.00499998
0.795
-0.00499998
0.795
-0.00499998
0.772943
0.0332042
0.334296
0.507796
0.0749997
0.725372
0.0749997
0.725372
0.0749997
0.725372
0.0749997
0.725372
0.0749997
0.725372
0.0749997
0.725372
-0.00500034
0.7825
-0.00500034
0.7825
-0.00500034
0.7825
-0.00500034
0.7825
-0.00500034
0.7825
-0.00500034
0.7825
0.15125
0.545891
0.105
-0.00500034
0.0999997
0.0599997
0.105
-0.00500034
0.105
-0.00500034
0.105
-0.00500034
0.105
-0.00500034
0.0949997
0.0487497
0.105
-0.00500034
0.25
-0.00500034
0.787783
0.00749966
0.787783
0.00749966
0.787783
0.00749966
0.787783
0.00749966
0.787783
0.00749966
0.725286
0.0899997
0.725286
0.0899997
0.645571
0.185
0.795
-0.00499998
0.795
-0.00499998
0.795
-0.00499998
0.763745
0.0441663
0.763745
0.0441663
0.334296
0.520296
0.0332042
0.772943
-0.00499998
0.795
-0.00499998
0.795
-0.00499998
0.795
-0.00500034
0.795
-0.00500034
0.795
0.0287497
0.775515
0.0287497
0.775515
-0.00500034
0.795
-0.00500034
0.795
-0.00500034
0.795
-0.00500034
0.795
0.15125
0.545891
0.16125
0.13625
0.17375
0.31125
0.155
0.32375
0.155
0.33875
0.105
0.32375
0.1825
0.32625
0.0512497
0.32375
0.1575
0.31375
0.17
0.31125
0.795
-0.00500034
0.795
-0.00500034
0.795
-0.00500034
0.795
-0.00500034
0.795
-0.00500034
0.795
-0.00500034
0.795
-0.00500034
0.795
-0.00500034
0.737872
0.0749997
0.737872
0.0749997
0.737872
0.0749997
0.737872
0.0749997
0.690673
0.13125
0.334296
0.520296
0.0749997
0.737872
0.0749997
0.737872
0.0749997
0.737872
0.0749997
0.737872
0.0749997
0.737872
0.0749997
0.737872
0.0287497
0.775515
-0.00500034
0.795
-0.00500034
0.795
-0.00500034
0.795
-0.00500034
0.795
-0.00500034
0.795
0.15125
0.545891
0.16375
0.16125
0.17375
0.155
0.105
0.18125
0.15125
0.16375
0.16375
0.155
0.1575
0.1875
0.16375
0.18125
0.1675
0.1675
0.13875
0.15125
0.795
-0.00500034
0.795
-0.00500034
0.795
-0.00500034
0.795
-0.00500034
0.795
-0.00500034
0.775515
0.0287497
0.737872
0.0749997
0.737872
0.0749997
0.709902
0.108333
0.709902
0.108333
0.709902
0.108333
0.709902
0.108333
0.772943
0.0332042
0.334296
0.520296
0.0749997
0.737872
0.0749997
0.737872
0.0749997
0.737872
0.0749997
0.737872
0.0749997
0.737872
0.0749997
0.737872
-0.00500034
0.795
-0.00500034
0.795
-0.00500034
0.795
-0.00500034
0.795
-0.00500034
0.795
-0.00500034
0.795
0.15125
0.545891
0.16375
0.117916
0.18125
0.0754163
0.16375
0.109166
0.155
0.141666
0.125
0.130416
0.0949997
0.130416
0.16125
0.135416
0.105
0.109166
0.0949997
0.130416
0.795
-0.00500034
0.795
-0.00500034
0.795
-0.00500034
0.795
-0.00500034
0.795
-0.00500034
0.795
-0.00500034
0.795
-0.00500034
0.795
-0.00500034
0.695917
0.125
0.695917
0.125
0.695917
0.125
0.795
-0.00499998
0.772943
0.0332042
0.334296
0.520296
0.0749997
0.737872
0.0749997
0.737872
0.0749997
0.737872
0.0749997
0.737872
0.0749997
0.737872
0.0749997
0.737872
-0.00500034
0.795
-0.00500034
0.795
-0.00500034
0.795
-0.00500034
0.795
-0.00500034
0.795
-0.00500034
0.795
0.15125
0.545891
0.16375
0.0449997
0.19375
0.0731247
0.16375
0.0918747
0.17375
0.0918747
0.16375
0.0918747
0.0949997
0.0856247
0.0949997
0.0893747
0.0949997
0.0856247
0.105
0.0731247
0.785258
0.0118747
0.785258
0.0118747
0.785258
0.0118747
0.785258
0.0118747
0.785258
0.0118747
0.785258
0.0118747
0.785258
0.0118747
0.785258
0.0118747
0.687526
0.135
0.687526
0.135
0.795
-0.00499998
0.795
-0.00499998
0.772943
0.0332042
0.334296
0.520296
0.0749997
0.737872
0.0749997
0.737872
0.0749997
0.737872
0.0749997
0.737872
0.0749997
0.737872
0.0749997
0.737872
-0.00500034
0.795
-0.00500034
0.795
-0.00500034
0.795
-0.00500034
0.795
-0.00500034
0.795
-0.00500034
0.795
0.15125
0.545891
0.16375
0.0349997
0.17375
0.0874997
0.16375
0.0674997
0.1575
0.0937497
0.1575
0.0824997
0.0949997
0.0699997
0.0949997
0.0999997
0.16125
0.0674997
0.0949997
0.0699997
0.795
-0.00500034
0.776236
0.0274997
0.776236
0.0274997
0.776236
0.0274997
0.776236
0.0274997
0.776236
0.0274997
0.776236
0.0274997
0.776236
0.0274997
0.645571
0.185
0.645571
0.185
0.645571
0.185
0.795
-0.00499998
0.772943
0.0332042
0.334296
0.507796
0.108333
0.697402
0.108333
0.697402
0.108333
0.697402
0.108333
0.697402
-0.00500034
0.7825
-0.00500034
0.7825
-0.00500034
0.7825
-0.00500034
0.7825
-0.00500034
0.7825
-0.00500034
0.7825
-0.00500034
0.7825
-0.00500034
0.7825
0.130416
0.601062
0.0716663
-0.00500034
0.0654163
0.0324997
0.0666663
-3.42839e-07
0.0666663
-3.42839e-07
0.0666663
-3.42839e-07
0.0666663
-3.42839e-07
0.0616663
0.0487497
0.0666663
-3.42839e-07
0.2625
-0.00500034
0.787783
0.00749966
0.787783
0.00749966
0.787783
0.00749966
0.787783
0.00749966
0.725286
0.0899997
0.725286
0.0899997
0.725286
0.0899997
0.645571
0.185
0.795
-0.00499998
0.795
-0.00499998
0.795
-0.00499998
0.795
-0.00499998
0.763745
0.0441663
0.334296
0.520296
0.0332042
0.772943
-0.00499998
0.795
-0.00499998
0.795
-0.00499998
0.795
-0.00500034
0.795
-0.00500034
0.795
-0.00500034
0.795
-0.00500034
0.795
-0.00500034
0.795
-0.00500034
0.795
-0.00500034
0.795
-0.00500034
0.795
0.130416
0.601062
0.130416
0.21375
0.135416
0.31375
0.0991663
0.32375
0.0324997
0.33875
0.115416
0.32375
0.0716663
0.32625
0.0324997
0.32375
0.105416
0.31375
0.205
0.31125
0.795
-0.00500034
0.795
-0.00500034
0.795
-0.00500034
0.795
-0.00500034
0.795
-0.00500034
0.795
-0.00500034
0.795
-0.00500034
0.795
-0.00500034
0.737872
0.0749997
0.737872
0.0749997
0.737872
0.0749997
0.737872
0.0749997
0.683331
0.14
0.334296
0.520296
0.108333
0.709902
0.108333
0.709902
0.108333
0.709902
0.108333
0.709902
-0.00500034
0.795
-0.00500034
0.795
-0.00500034
0.795
-0.00500034
0.795
-0.00500034
0.795
-0.00500034
0.795
-0.00500034
0.795
-0.00500034
0.795
0.130416
0.601062
0.135416
0.1575
0.135416
0.17625
0.109166
0.1875
0.130416
0.18125
0.0716663
0.155
0.105416
0.1875
0.0324997
0.19375
0.0324997
0.1675
0.153333
0.15125
0.795
-0.00500034
0.795
-0.00500034
0.795
-0.00500034
0.795
-0.00500034
0.795
-0.00500034
0.795
-0.00500034
0.737872
0.0749997
0.737872
0.0749997
0.709902
0.108333
0.709902
0.108333
0.709902
0.108333
0.709902
0.108333
0.64697
0.183333
0.334296
0.520296
0.108333
0.709902
0.108333
0.709902
0.108333
0.709902
0.108333
0.709902
-0.00500034
0.795
-0.00500034
0.795
-0.00500034
0.795
-0.00500034
0.795
-0.00500034
0.795
-0.00500034
0.795
-0.00500034
0.795
-0.00500034
0.795
0.130416
0.601062
0.109166
0.0816663
0.135416
0.109166
0.124166
0.109166
0.141666
0.109166
0.124166
0.135416
0.105416
0.109166
0.0854163
0.0966663
0.0716663
0.109166
0.0616663
0.130416
0.795
-0.00500034
0.795
-0.00500034
0.795
-0.00500034
0.795
-0.00500034
0.795
-0.00500034
0.795
-0.00500034
0.795
-0.00500034
0.795
-0.00500034
0.695917
0.125
0.695917
0.125
0.695917
0.125
0.695917
0.125
0.625118
0.209375
0.334296
0.520296
0.108333
0.709902
0.108333
0.709902
0.108333
0.709902
0.108333
0.709902
-0.00500034
0.795
-0.00500034
0.795
-0.00500034
0.795
-0.00500034
0.795
-0.00500034
0.795
-0.00500034
0.795
-0.00500034
0.795
-0.00500034
0.795
0.130416
0.601062
0.130416
0.0731247
0.0966663
0.0599997
0.115416
0.0918747
0.130416
0.0918747
0.130416
0.0749997
0.0616663
0.0856247
0.0616663
0.0893747
0.115416
0.0749997
0.0716663
0.0731247
0.785258
0.0118747
0.785258
0.0118747
0.785258
0.0118747
0.785258
0.0118747
0.785258
0.0118747
0.785258
0.0118747
0.785258
0.0118747
0.785258
0.0118747
0.687526
0.135
0.687526
0.135
0.687526
0.135
0.687526
0.135
0.772943
0.0332042
0.334296
0.520296
0.108333
0.709902
0.108333
0.709902
0.108333
0.709902
0.108333
0.709902
-0.00500034
0.795
-0.00500034
0.795
-0.00500034
0.795
-0.00500034
0.795
-0.00500034
0.795
-0.00500034
0.795
-0.00500034
0.795
-0.00500034
0.795
0.130416
0.601062
0.135416
0.0824997
0.135416
0.0737497
0.115416
0.0874997
0.141666
0.0762497
0.130416
0.0762497
0.105416
0.0674997
0.0616663
0.0999997
0.121666
0.0674997
0.0616663
0.0699997
0.795
-0.00500034
0.776236
0.0274997
0.776236
0.0274997
0.776236
0.0274997
0.776236
0.0274997
0.776236
0.0274997
0.776236
0.0274997
0.776236
0.0274997
0.645571
0.185
0.645571
0.185
0.645571
0.185
0.645571
0.185
0.772943
0.0332042
0.334296
0.507796
0.125
0.683417
0.125
0.683417
0.125
0.683417
0.125
0.683417
0.0118747
0.772758
0.0118747
0.772758
0.0118747
0.772758
0.0118747
0.772758
0.0118747
0.772758
0.0118747
0.772758
0.0118747
0.772758
0.0118747
0.772758
0.0731247
0.611446
0.0499997
0.0112497
0.0449997
0.0324997
0.0499997
-3.42839e-07
0.0499997
-3.42839e-07
0.0499997
-3.42839e-07
0.0499997
-3.42839e-07
0.0449997
0.0487497
0.0499997
-3.42839e-07
0.271875
-0.00500034
0.787783
0.00749966
0.787783
0.00749966
0.787783
0.00749966
0.787783
0.00749966
0.725286
0.0899997
0.725286
0.0899997
0.725286
0.0899997
0.645571
0.185
0.795
-0.00499998
0.795
-0.00499998
0.795
-0.00499998
0.795
-0.00499998
0.763745
0.0441663
0.334296
0.520296
0.0332042
0.772943
-0.00499998
0.795
-0.00499998
0.795
-0.00499998
0.795
-0.00500034
0.795
-0.00500034
0.795
-0.00500034
0.795
-0.00500034
0.795
0.0118747
0.785258
0.0118747
0.785258
0.0118747
0.785258
-0.00500034
0.795
0.0731247
0.611446
0.0793747
0.31375
0.0793747
0.31375
0.0893747
0.195
0.0731247
0.33875
0.103125
0.32375
0.0793747
0.31375
0.0731247
0.32375
0.00749966
0.32
0.226875
0.31125
0.795
-0.00500034
0.795
-0.00500034
0.795
-0.00500034
0.795
-0.00500034
0.795
-0.00500034
0.795
-0.00500034
0.795
-0.00500034
0.795
-0.00500034
0.737872
0.0749997
0.737872
0.0749997
0.737872
0.0749997
0.737872
0.0749997
0.683331
0.14
0.334296
0.520296
0.0332042
0.772943
0.125
0.695917
0.125
0.695917
0.125
0.695917
0.0118747
0.785258
0.0118747
0.785258
0.0118747
0.785258
0.0118747
0.785258
0.0118747
0.785258
0.0118747
0.785258
0.0118747
0.785258
0.0118747
0.785258
0.0731247
0.611446
0.0793747
0.1575
0.0793747
0.17625
0.0731247
0.19375
0.0731247
0.16375
0.0793747
0.1575
0.0793747
0.1675
0.0231247
0.17375
0.0749997
0.1675
0.160625
0.15125
0.795
-0.00500034
0.795
-0.00500034
0.795
-0.00500034
0.795
-0.00500034
0.795
-0.00500034
0.795
-0.00500034
0.737872
0.0749997
0.737872
0.0749997
0.709902
0.108333
0.709902
0.108333
0.709902
0.108333
0.709902
0.108333
0.64697
0.183333
0.334296
0.520296
0.125
0.695917
0.125
0.695917
0.125
0.695917
0.125
0.695917
0.0118747
0.785258
0.0118747
0.785258
0.0118747
0.785258
0.0118747
0.785258
0.0118747
0.785258
0.0118747
0.785258
0.0118747
0.785258
0.0118747
0.785258
0.0731247
0.611446
0.0918747
0.0816663
0.0793747
0.135416
0.0793747
0.135416
0.0731247
0.141666
0.0449997
0.130416
0.0449997
0.115416
0.0499997
0.0966663
0.0831247
0.109166
0.0449997
0.130416
0.795
-0.00500034
0.795
-0.00500034
0.795
-0.00500034
0.795
-0.00500034
0.795
-0.00500034
0.795
-0.00500034
0.795
-0.00500034
0.795
-0.00500034
0.695917
0.125
0.695917
0.125
0.695917
0.125
0.695917
0.125
0.625118
0.209375
0.334296
0.520296
0.125
0.695917
0.125
0.695917
0.125
0.695917
0.125
0.695917
0.0118747
0.785258
0.0118747
0.785258
0.0118747
0.785258
0.0118747
0.785258
0.0118747
0.785258
0.0118747
0.785258
0.0118747
0.785258
0.0118747
0.785258
0.0731247
0.611446
0.104375
0.0449997
0.0749997
0.104375
0.0793747
0.0893747
0.0831247
0.0793747
0.0856247
0.0749997
0.0749997
0.0856247
0.0487497
0.0893747
0.0449997
0.0856247
0.0718747
0.0731247
0.785258
0.0118747
0.785258
0.0118747
0.785258
0.0118747
0.785258
0.0118747
0.785258
0.0118747
0.785258
0.0118747
0.785258
0.0118747
0.785258
0.0118747
0.687526
0.135
0.687526
0.135
0.687526
0.135
0.687526
0.135
0.612007
0.225
0.334296
0.520296
0.125
0.695917
0.125
0.695917
0.125
0.695917
0.125
0.695917
0.0118747
0.785258
0.0118747
0.785258
0.0118747
0.785258
0.0118747
0.785258
0.0118747
0.785258
0.0118747
0.785258
0.0118747
0.785258
0.0118747
0.785258
0.0731247
0.611446
0.0956247
0.0449997
0.0793747
0.0737497
0.0793747
0.0937497
0.0831247
0.0674997
0.0981247
0.0824997
0.0749997
0.0699997
0.0487497
0.0999997
0.0831247
0.0674997
0.0449997
0.0699997
0.795
-0.00500034
0.776236
0.0274997
0.776236
0.0274997
0.776236
0.0274997
0.776236
0.0274997
0.776236
0.0274997
0.776236
0.0274997
0.776236
0.0274997
0.645571
0.185
0.645571
0.185
0.645571
0.185
0.645571
0.185
0.772943
0.0332042
0.334296
0.507796
0.135
0.675026
0.135
0.675026
0.135
0.675026
0.135
0.675026
0.0274997
0.763736
0.0274997
0.763736
0.0274997
0.763736
0.0274997
0.763736
0.0274997
0.763736
0.0274997
0.763736
0.0274997
0.763736
-0.00500034
0.7825
0.0699997
0.614068
0.0399997
-3.42839e-07
0.0349997
0.0324997
0.0399997
-3.42839e-07
0.0399997
-3.42839e-07
0.0399997
-3.42839e-07
0.0399997
-3.42839e-07
0.0349997
0.0487497
0.0399997
-3.42839e-07
0.2775
-0.00500034
0.787783
0.00749966
0.787783
0.00749966
0.787783
0.00749966
0.787783
0.00749966
0.725286
0.0899997
0.725286
0.0899997
0.725286
0.0899997
0.645571
0.185
0.795
-0.00499998
0.795
-0.00499998
0.795
-0.00499998
0.795
-0.00499998
0.763745
0.0441663
0.334296
0.520296
0.0332042
0.772943
-0.00499998
0.795
-0.00499998
0.795
-0.00499998
0.795
-0.00500034
0.795
-0.00500034
0.795
-0.00500034
0.795
-0.00500034
0.795
-0.00500034
0.795
0.0274997
0.776236
-0.00500034
0.795
-0.00500034
0.795
0.0699997
0.614068
0.0737497
0.21375
0.0612497
0.33875
0.0737497
0.195
0.00499966
0.33875
0.0737497
0.32375
0.0699997
0.205
0.0574997
0.33875
0.0637497
0.34375
0.24
0.31125
0.795
-0.00500034
0.795
-0.00500034
0.795
-0.00500034
0.795
-0.00500034
0.795
-0.00500034
0.795
-0.00500034
0.795
-0.00500034
0.795
-0.00500034
0.737872
0.0749997
0.737872
0.0749997
0.737872
0.0749997
0.737872
0.0749997
0.683331
0.14
0.334296
0.520296
0.0332042
0.772943
-0.00499998
0.795
0.135
0.687526
0.135
0.687526
0.0274997
0.776236
0.0274997
0.776236
0.0274997
0.776236
0.0274997
0.776236
0.0274997
0.776236
0.0274997
0.776236
0.0274997
0.776236
-0.00500034
0.795
0.0699997
0.614068
0.0674997
0.12375
0.0699997
0.11375
0.0737497
0.1875
0.0612497
0.1825
0.0574997
0.16375
0.0674997
0.1875
0.0349997
0.17375
0.0674997
0.1675
0.165
0.15125
0.795
-0.00500034
0.795
-0.00500034
0.795
-0.00500034
0.795
-0.00500034
0.795
-0.00500034
0.795
-0.00500034
0.737872
0.0749997
0.737872
0.0749997
0.709902
0.108333
0.709902
0.108333
0.709902
0.108333
0.709902
0.108333
0.64697
0.183333
0.334296
0.520296
0.135
0.687526
0.135
0.687526
0.135
0.687526
0.135
0.687526
0.0274997
0.776236
0.0274997
0.776236
0.0274997
0.776236
0.0274997
0.776236
0.0274997
0.776236
0.0274997
0.776236
0.0274997
0.776236
-0.00500034
0.795
0.0699997
0.614068
0.0674997
0.135416
0.0762497
0.115416
0.0674997
0.135416
0.0824997
0.135416
0.0349997
0.130416
0.0349997
0.115416
0.0674997
0.135416
0.0737497
0.109166
0.0349997
0.130416
0.795
-0.00500034
0.795
-0.00500034
0.795
-0.00500034
0.795
-0.00500034
0.795
-0.00500034
0.795
-0.00500034
0.795
-0.00500034
0.795
-0.00500034
0.695917
0.125
0.695917
0.125
0.695917
0.125
0.695917
0.125
0.625118
0.209375
0.334296
0.520296
0.135
0.687526
0.135
0.687526
0.135
0.687526
0.135
0.687526
0.0274997
0.776236
0.0274997
0.776236
0.0274997
0.776236
0.0274997
0.776236
0.0274997
0.776236
0.0274997
0.776236
0.0274997
0.776236
-0.00500034
0.795
0.0699997
0.614068
0.0737497
0.0831247
0.0699997
0.0749997
0.0674997
0.0893747
0.0387497
0.0893747
0.0737497
0.0749997
0.0349997
0.0856247
0.0674997
0.0793747
0.0449997
0.0856247
0.0774997
0.0731247
0.785258
0.0118747
0.785258
0.0118747
0.785258
0.0118747
0.785258
0.0118747
0.785258
0.0118747
0.785258
0.0118747
0.785258
0.0118747
0.785258
0.0118747
0.687526
0.135
0.687526
0.135
0.687526
0.135
0.687526
0.135
0.612007
0.225
0.334296
0.520296
0.135
0.687526
0.135
0.687526
0.135
0.687526
0.135
0.687526
0.0274997
0.776236
0.0274997
0.776236
0.0274997
0.776236
0.0274997
0.776236
0.0274997
0.776236
0.0274997
0.776236
0.0274997
0.776236
-0.00500034
0.795
0.0699997
0.614068
0.0674997
0.0674997
0.0699997
0.0699997
0.0674997
0.0937497
0.0674997
0.0674997
0.0674997
0.0737497
0.0349997
0.0699997
0.0674997
0.0937497
0.0349997
0.0699997
0.0349997
0.0699997
0.795
-0.00500034
0.776236
0.0274997
0.776236
0.0274997
0.776236
0.0274997
0.776236
0.0274997
0.776236
0.0274997
0.776236
0.0274997
0.776236
0.0274997
