0.633088
0.184981
0.633088
0.184981
0.633088
0.184981
0.633088
0.184981
0.54708
0.287481
0.334297
0.507797
0.184981
0.633088
0.184981
0.633088
0.184981
0.633088
0.184981
0.633088
0.184981
0.633088
0.089981
0.712802
0.089981
0.712802
0.089981
0.712802
0.089981
0.712802
0.00748097
0.7753
0.00748097
0.7753
0.00748097
0.7753
-0.00501903
0.650338
0.00623097
0.018731
-1.90314e-05
-1.90314e-05
-1.90314e-05
-1.90314e-05
-1.90314e-05
-1.90314e-05
-1.90314e-05
-1.90314e-05
-1.90314e-05
-1.90314e-05
-0.00501903
0.048731
-1.90314e-05
-1.90314e-05
0.299981
-0.00501903
0.7753
0.00748097
0.7753
0.00748097
0.7753
0.00748097
0.712802
0.089981
0.712802
0.089981
0.712802
0.089981
0.712802
0.089981
0.633088
0.184981
0.782505
-0.00499909
0.782505
-0.00499909
0.782505
-0.00499909
0.782505
-0.00499909
0.751261
0.0441476
0.334297
0.520297
0.033186
0.772959
-0.00499909
0.795005
-0.00499909
0.795005
-0.00499909
0.795005
-0.00501903
0.795005
-0.00501903
0.795005
-0.00501903
0.795005
-0.00501903
0.795005
0.00748097
0.7878
0.00748097
0.7878
0.00748097
0.7878
0.00748097
0.7878
-0.00501903
0.650338
0.00623097
0.349981
-0.00501903
0.214981
-0.00501903
0.204981
-0.00501903
0.204981
0.024981
0.229981
-0.00501903
0.204981
-0.00501903
0.204981
-0.00501903
0.319981
0.188314
0.144981
0.782505
-0.00501903
0.782505
-0.00501903
0.782505
-0.00501903
0.782505
-0.00501903
0.782505
-0.00501903
0.782505
-0.00501903
0.782505
-0.00501903
0.782505
-0.00501903
0.725389
0.074981
0.725389
0.074981
0.725389
0.074981
0.725389
0.074981
0.670847
0.139981
0.334297
0.520297
0.033186
0.772959
-0.00499909
0.795005
-0.00499909
0.795005
-0.00499909
0.795005
0.184981
0.645588
0.089981
0.725302
0.089981
0.725302
0.00748097
0.7878
0.00748097
0.7878
0.00748097
0.7878
0.00748097
0.7878
0.00748097
0.7878
-0.00501903
0.650338
0.00623097
0.167481
-0.00501903
0.104981
-1.90314e-05
0.099981
-0.00501903
0.163731
-0.00501903
0.167481
-0.00501903
0.104981
-0.00501903
0.104981
-1.90314e-05
0.099981
0.192481
0.151231
0.782505
-0.00501903
0.782505
-0.00501903
0.782505
-0.00501903
0.782505
-0.00501903
0.782505
-0.00501903
0.782505
-0.00501903
0.725389
0.074981
0.725389
0.074981
0.697419
0.108314
0.697419
0.108314
0.697419
0.108314
0.697419
0.108314
0.634486
0.183314
0.334297
0.520297
0.033186
0.772959
0.184981
0.645588
0.184981
0.645588
0.184981
0.645588
0.184981
0.645588
0.089981
0.725302
0.089981
0.725302
0.089981
0.725302
0.00748097
0.7878
0.00748097
0.7878
0.00748097
0.7878
0.00748097
0.7878
-0.00501903
0.650338
0.00623097
0.141648
-0.00501903
0.111648
-1.90314e-05
0.0853976
-1.90314e-05
0.0666476
0.00123097
0.115398
-1.90314e-05
0.0666476
-1.90314e-05
0.0666476
-1.90314e-05
0.0666476
0.099981
0.129148
0.782505
-0.00501903
0.782505
-0.00501903
0.782505
-0.00501903
0.782505
-0.00501903
0.782505
-0.00501903
0.782505
-0.00501903
0.782505
-0.00501903
0.782505
-0.00501903
0.683434
0.124981
0.683434
0.124981
0.683434
0.124981
0.683434
0.124981
0.612635
0.209356
0.334297
0.520297
0.184981
0.645588
0.184981
0.645588
0.184981
0.645588
0.184981
0.645588
0.184981
0.645588
0.089981
0.725302
0.089981
0.725302
0.089981
0.725302
0.00748097
0.7878
0.00748097
0.7878
0.00748097
0.7878
0.00748097
0.7878
-0.00501903
0.650338
0.00623097
0.095606
-1.90314e-05
0.059981
-1.90314e-05
0.059981
-1.90314e-05
0.049981
0.024981
0.059981
-0.00501903
0.085606
-1.90314e-05
0.049981
-1.90314e-05
0.049981
-1.90314e-05
0.068731
0.772774
0.011856
0.772774
0.011856
0.772774
0.011856
0.772774
0.011856
0.772774
0.011856
0.772774
0.011856
0.772774
0.011856
0.772774
0.011856
0.675043
0.134981
0.675043
0.134981
0.675043
0.134981
0.675043
0.134981
0.599524
0.224981
0.334297
0.520297
0.184981
0.645588
0.184981
0.645588
0.184981
0.645588
0.184981
0.645588
0.184981
0.645588
0.089981
0.725302
0.089981
0.725302
0.089981
0.725302
0.00748097
0.7878
0.00748097
0.7878
0.00748097
0.7878
0.00748097
0.7878
-0.00501903
0.650338
0.011231
0.039981
-1.90314e-05
0.039981
-1.90314e-05
0.039981
-1.90314e-05
0.039981
-1.90314e-05
0.039981
-0.00501903
0.069981
-1.90314e-05
0.039981
-1.90314e-05
0.039981
0.194981
0.064981
0.782505
-0.00501903
0.763753
0.027481
0.763753
0.027481
0.763753
0.027481
0.763753
0.027481
0.763753
0.027481
0.763753
0.027481
0.763753
0.027481
0.795005
-0.00499909
0.795005
-0.00499909
0.795005
-0.00499909
0.795005
-0.00499909
0.772959
0.033186
0.334297
0.507797
0.033186
0.760459
-0.00499909
0.782505
-0.00499909
0.782505
-0.00499909
0.782505
-0.00501903
0.782505
-0.00501903
0.782505
-0.00501903
0.782505
-0.00501903
0.782505
-0.00501903
0.782505
-0.00501903
0.782505
-0.00501903
0.782505
-0.00501903
0.782505
0.144981
0.551152
0.313731
0.026231
0.199981
-1.90314e-05
0.204981
-0.00501903
0.204981
0.036231
0.199981
-1.90314e-05
0.204981
-0.00501903
0.204981
-0.00501903
0.194981
0.00748097
0.277481
-0.00501903
0.7878
0.00748097
0.7878
0.00748097
0.7878
0.00748097
0.7878
0.00748097
0.795005
-0.00501903
0.795005
-0.00501903
0.795005
-0.00501903
0.795005
-0.00501903
0.795005
-0.00501903
0.763761
0.0441476
0.763761
0.0441476
0.763761
0.0441476
0.763761
0.0441476
0.334297
0.520297
0.0441476
0.763761
0.0441476
0.763761
0.0441476
0.763761
-0.00499909
0.795005
-0.00501903
0.795005
-0.00501903
0.795005
-0.00501903
0.795005
-0.00501903
0.795005
-0.00501903
0.795005
-0.00501903
0.795005
-0.00501903
0.795005
-0.00501903
0.795005
0.144981
0.551152
0.338731
0.337481
0.148731
0.0670643
0.137481
0.214981
0.224981
0.338731
0.313731
0.343731
0.044981
0.338731
0.0483143
0.148731
0.044981
0.338731
0.0483143
0.144981
0.795005
-0.00501903
0.795005
-0.00501903
0.795005
-0.00501903
0.795005
-0.00501903
0.795005
-0.00501903
0.795005
-0.00501903
0.795005
-0.00501903
0.795005
-0.00501903
0.795005
-0.00499909
0.795005
-0.00499909
0.795005
-0.00499909
0.795005
-0.00499909
0.772959
0.033186
0.334297
0.520297
0.0441476
0.763761
-0.00499909
0.795005
-0.00499909
0.795005
-0.00499909
0.795005
-0.00501903
0.795005
-0.00501903
0.795005
-0.00501903
0.795005
-0.00501903
0.795005
-0.00501903
0.795005
-0.00501903
0.795005
-0.00501903
0.795005
-0.00501903
0.795005
0.144981
0.551152
0.338731
0.023731
0.338731
0.154981
0.343731
0.161231
0.338731
0.181231
0.136231
0.154981
0.111231
0.123731
0.136231
0.151231
0.114981
0.081231
0.114981
0.151231
0.795005
-0.00501903
0.795005
-0.00501903
0.795005
-0.00501903
0.795005
-0.00501903
0.775531
0.028731
0.775531
0.028731
0.795005
-0.00501903
0.795005
-0.00501903
0.795005
-0.00499909
0.795005
-0.00499909
0.795005
-0.00499909
0.795005
-0.00499909
0.772959
0.033186
0.334297
0.520297
0.033186
0.772959
-0.00499909
0.795005
-0.00499909
0.795005
-0.00499909
0.795005
-0.00501903
0.795005
-0.00501903
0.795005
-0.00501903
0.795005
-0.00501903
0.795005
-0.00501903
0.795005
-0.00501903
0.795005
-0.00501903
0.795005
-0.00501903
0.795005
0.144981
0.551152
0.338731
0.102898
0.307481
0.111648
0.147481
0.129148
0.338731
0.0916476
0.343731
0.135398
0.204981
0.129148
0.117481
0.117898
0.307481
0.130398
0.204981
0.129148
0.795005
-0.00501903
0.795005
-0.00501903
0.795005
-0.00501903
0.795005
-0.00501903
0.795005
-0.00501903
0.795005
-0.00501903
0.795005
-0.00501903
0.795005
-0.00501903
0.795005
-0.00499909
0.795005
-0.00499909
0.795005
-0.00499909
0.795005
-0.00499909
0.772959
0.033186
0.334297
0.520297
0.033186
0.772959
-0.00499909
0.795005
-0.00499909
0.795005
-0.00499909
0.795005
-0.00501903
0.795005
-0.00501903
0.795005
-0.00501903
0.795005
-0.00501903
0.795005
-0.00501903
0.795005
-0.00501903
0.795005
-0.00501903
0.795005
-0.00501903
0.795005
0.144981
0.551152
0.338731
0.011231
0.338731
0.063731
0.343731
0.079356
0.338731
0.091856
0.343731
0.079356
0.234981
0.076856
0.198731
0.115606
0.338731
0.054981
0.199981
0.068731
0.795005
-0.00501903
0.785274
0.011856
0.785274
0.011856
0.785274
0.011856
0.795005
-0.00501903
0.795005
-0.00501903
0.795005
-0.00501903
0.795005
-0.00501903
0.795005
-0.00499909
0.795005
-0.00499909
0.795005
-0.00499909
0.795005
-0.00499909
0.772959
0.033186
0.334297
0.520297
0.033186
0.772959
-0.00499909
0.795005
-0.00499909
0.795005
-0.00499909
0.795005
-0.00501903
0.795005
-0.00501903
0.795005
-0.00501903
0.795005
-0.00501903
0.795005
-0.00501903
0.795005
-0.00501903
0.795005
-0.00501903
0.795005
-0.00501903
0.795005
0.144981
0.551152
0.338731
0.044981
0.338731
0.087481
0.338731
0.047481
0.343731
0.093731
0.343731
0.063731
0.234981
0.061231
0.343731
0.067481
0.214981
0.067481
0.204981
0.064981
0.795005
-0.00501903
0.795005
-0.00501903
0.776253
0.027481
0.795005
-0.00501903
0.795005
-0.00501903
0.795005
-0.00501903
0.795005
-0.00501903
0.795005
-0.00501903
0.795005
-0.00499909
0.795005
-0.00499909
0.795005
-0.00499909
0.795005
-0.00499909
0.772959
0.033186
0.334297
0.507797
0.074981
0.725389
0.074981
0.725389
0.074981
0.725389
0.074981
0.725389
0.074981
0.725389
0.074981
0.725389
-0.00501903
0.782505
-0.00501903
0.782505
-0.00501903
0.782505
-0.00501903
0.782505
-0.00501903
0.782505
-0.00501903
0.782505
0.151231
0.545907
0.157481
0.061231
0.099981
-1.90314e-05
0.104981
-0.00501903
0.104981
0.036231
0.099981
-1.90314e-05
0.104981
-0.00501903
0.104981
-0.00501903
0.094981
0.00748097
0.249981
-0.00501903
0.7878
0.00748097
0.7878
0.00748097
0.7878
0.00748097
0.7878
0.00748097
0.7878
0.00748097
0.725302
0.089981
0.725302
0.089981
0.645588
0.184981
0.795005
-0.00499909
0.795005
-0.00499909
0.795005
-0.00499909
0.763761
0.0441476
0.763761
0.0441476
0.334297
0.520297
0.033186
0.772959
-0.00499909
0.795005
-0.00499909
0.795005
-0.00499909
0.795005
-0.00501903
0.795005
-0.00501903
0.795005
0.028731
0.775531
0.028731
0.775531
-0.00501903
0.795005
-0.00501903
0.795005
-0.00501903
0.795005
-0.00501903
0.795005
0.151231
0.545907
0.114981
0.311231
0.151231
0.118731
0.051231
0.214981
0.051231
0.338731
0.104981
0.338731
0.051231
0.338731
0.051231
0.136231
0.019981
0.338731
0.103314
0.144981
0.795005
-0.00501903
0.795005
-0.00501903
0.795005
-0.00501903
0.795005
-0.00501903
0.795005
-0.00501903
0.795005
-0.00501903
0.795005
-0.00501903
0.795005
-0.00501903
0.737889
0.074981
0.737889
0.074981
0.737889
0.074981
0.737889
0.074981
0.690689
0.131231
0.334297
0.520297
0.074981
0.737889
0.074981
0.737889
0.074981
0.737889
0.074981
0.737889
0.074981
0.737889
0.074981
0.737889
0.028731
0.775531
-0.00501903
0.795005
-0.00501903
0.795005
-0.00501903
0.795005
-0.00501903
0.795005
-0.00501903
0.795005
0.151231
0.545907
0.151231
0.167481
0.151231
0.123731
0.154981
0.104981
0.151231
0.123731
0.108731
0.154981
0.157481
0.187481
0.108731
0.151231
0.104981
0.154981
0.138731
0.151231
0.795005
-0.00501903
0.795005
-0.00501903
0.795005
-0.00501903
0.795005
-0.00501903
0.795005
-0.00501903
0.775531
0.028731
0.737889
0.074981
0.737889
0.074981
0.709919
0.108314
0.709919
0.108314
0.709919
0.108314
0.709919
0.108314
0.772959
0.033186
0.334297
0.520297
0.074981
0.737889
0.074981
0.737889
0.074981
0.737889
0.074981
0.737889
0.074981
0.737889
0.074981
0.737889
-0.00501903
0.795005
-0.00501903
0.795005
-0.00501903
0.795005
-0.00501903
0.795005
-0.00501903
0.795005
-0.00501903
0.795005
0.151231
0.545907
0.114981
0.042481
0.151231
0.111648
0.154981
0.130398
0.151231
0.141648
0.169981
0.130398
0.134981
0.129148
0.094981
0.141648
0.094981
0.130398
0.104981
0.129148
0.795005
-0.00501903
0.795005
-0.00501903
0.795005
-0.00501903
0.795005
-0.00501903
0.795005
-0.00501903
0.795005
-0.00501903
0.795005
-0.00501903
0.795005
-0.00501903
0.695934
0.124981
0.695934
0.124981
0.695934
0.124981
0.795005
-0.00499909
0.772959
0.033186
0.334297
0.520297
0.074981
0.737889
0.074981
0.737889
0.074981
0.737889
0.074981
0.737889
0.074981
0.737889
0.074981
0.737889
-0.00501903
0.795005
-0.00501903
0.795005
-0.00501903
0.795005
-0.00501903
0.795005
-0.00501903
0.795005
-0.00501903
0.795005
0.151231
0.545907
0.124981
0.095606
0.099981
0.049981
0.104981
0.073106
0.104981
0.091856
0.124981
0.115606
0.094981
0.095606
0.098731
0.115606
0.094981
0.115606
0.099981
0.068731
0.785274
0.011856
0.785274
0.011856
0.785274
0.011856
0.785274
0.011856
0.785274
0.011856
0.785274
0.011856
0.785274
0.011856
0.785274
0.011856
0.687543
0.134981
0.687543
0.134981
0.795005
-0.00499909
0.795005
-0.00499909
0.772959
0.033186
0.334297
0.520297
0.074981
0.737889
0.074981
0.737889
0.074981
0.737889
0.074981
0.737889
0.074981
0.737889
0.074981
0.737889
-0.00501903
0.795005
-0.00501903
0.795005
-0.00501903
0.795005
-0.00501903
0.795005
-0.00501903
0.795005
-0.00501903
0.795005
0.151231
0.545907
0.114981
0.027481
0.099981
0.049981
0.124981
0.099981
0.104981
0.061231
0.104981
0.076231
0.114981
0.067481
0.094981
0.069981
0.114981
0.067481
0.138731
0.064981
0.795005
-0.00501903
0.776253
0.027481
0.776253
0.027481
0.776253
0.027481
0.776253
0.027481
0.776253
0.027481
0.776253
0.027481
0.776253
0.027481
0.645588
0.184981
0.645588
0.184981
0.645588
0.184981
0.795005
-0.00499909
0.772959
0.033186
0.334297
0.507797
0.108314
0.697419
0.108314
0.697419
0.108314
0.697419
0.108314
0.697419
-0.00501903
0.782505
-0.00501903
0.782505
-0.00501903
0.782505
-0.00501903
0.782505
-0.00501903
0.782505
-0.00501903
0.782505
-0.00501903
0.782505
-0.00501903
0.782505
0.129148
0.596062
0.105398
0.026231
0.0666476
-1.90314e-05
0.0716476
-0.00501903
0.0716476
0.036231
0.0666476
-1.90314e-05
0.0666476
-1.90314e-05
0.0716476
-0.00501903
0.0616476
0.00748097
0.262481
-0.00501903
0.7878
0.00748097
0.7878
0.00748097
0.7878
0.00748097
0.7878
0.00748097
0.725302
0.089981
0.725302
0.089981
0.725302
0.089981
0.645588
0.184981
0.795005
-0.00499909
0.795005
-0.00499909
0.795005
-0.00499909
0.795005
-0.00499909
0.763761
0.0441476
0.334297
0.520297
0.033186
0.772959
-0.00499909
0.795005
-0.00499909
0.795005
-0.00499909
0.795005
-0.00501903
0.795005
-0.00501903
0.795005
-0.00501903
0.795005
-0.00501903
0.795005
-0.00501903
0.795005
-0.00501903
0.795005
-0.00501903
0.795005
-0.00501903
0.795005
0.129148
0.596062
0.135398
0.313731
0.0853976
0.229981
0.0991476
0.214981
0.032481
0.338731
0.0991476
0.338731
0.0116476
0.338731
0.0653976
0.136231
0.0116476
0.338731
0.128314
0.144981
0.795005
-0.00501903
0.795005
-0.00501903
0.795005
-0.00501903
0.795005
-0.00501903
0.795005
-0.00501903
0.795005
-0.00501903
0.795005
-0.00501903
0.795005
-0.00501903
0.737889
0.074981
0.737889
0.074981
0.737889
0.074981
0.737889
0.074981
0.683347
0.139981
0.334297
0.520297
0.108314
0.709919
0.108314
0.709919
0.108314
0.709919
0.108314
0.709919
-0.00501903
0.795005
-0.00501903
0.795005
-0.00501903
0.795005
-0.00501903
0.795005
-0.00501903
0.795005
-0.00501903
0.795005
-0.00501903
0.795005
-0.00501903
0.795005
0.129148
0.596062
0.0916476
0.173731
0.111648
0.151231
0.141648
0.104981
0.141648
0.181231
0.0716476
0.151231
0.0716476
0.154981
0.0753976
0.151231
0.0716476
0.154981
0.153314
0.151231
0.795005
-0.00501903
0.795005
-0.00501903
0.795005
-0.00501903
0.795005
-0.00501903
0.795005
-0.00501903
0.795005
-0.00501903
0.737889
0.074981
0.737889
0.074981
0.709919
0.108314
0.709919
0.108314
0.709919
0.108314
0.709919
0.108314
0.646986
0.183314
0.334297
0.520297
0.108314
0.709919
0.108314
0.709919
0.108314
0.709919
0.108314
0.709919
-0.00501903
0.795005
-0.00501903
0.795005
-0.00501903
0.795005
-0.00501903
0.795005
-0.00501903
0.795005
-0.00501903
0.795005
-0.00501903
0.795005
-0.00501903
0.795005
0.129148
0.596062
0.0903976
0.0991476
0.111648
0.117898
0.129148
0.130398
0.124148
0.124148
0.109148
0.135398
0.130398
0.129148
0.117898
0.141648
0.0716476
0.102898
0.0716476
0.129148
0.795005
-0.00501903
0.795005
-0.00501903
0.795005
-0.00501903
0.795005
-0.00501903
0.795005
-0.00501903
0.795005
-0.00501903
0.795005
-0.00501903
0.795005
-0.00501903
0.695934
0.124981
0.695934
0.124981
0.695934
0.124981
0.695934
0.124981
0.625135
0.209356
0.334297
0.520297
0.108314
0.709919
0.108314
0.709919
0.108314
0.709919
0.108314
0.709919
-0.00501903
0.795005
-0.00501903
0.795005
-0.00501903
0.795005
-0.00501903
0.795005
-0.00501903
0.795005
-0.00501903
0.795005
-0.00501903
0.795005
-0.00501903
0.795005
0.129148
0.596062
0.130398
0.074981
0.141648
0.073106
0.130398
0.103106
0.135398
0.089356
0.130398
0.074981
0.135398
0.109356
0.0653976
0.115606
0.0616476
0.115606
0.0666476
0.068731
0.785274
0.011856
0.785274
0.011856
0.785274
0.011856
0.785274
0.011856
0.785274
0.011856
0.785274
0.011856
0.785274
0.011856
0.785274
0.011856
0.687543
0.134981
0.687543
0.134981
0.687543
0.134981
0.687543
0.134981
0.772959
0.033186
0.334297
0.520297
0.108314
0.709919
0.108314
0.709919
0.108314
0.709919
0.108314
0.709919
-0.00501903
0.795005
-0.00501903
0.795005
-0.00501903
0.795005
-0.00501903
0.795005
-0.00501903
0.795005
-0.00501903
0.795005
-0.00501903
0.795005
-0.00501903
0.795005
0.129148
0.596062
0.130398
0.053731
0.105398
0.073731
0.141648
0.087481
0.130398
0.061231
0.124148
0.082481
0.105398
0.067481
0.101648
0.087481
0.121648
0.064981
0.157481
0.064981
0.795005
-0.00501903
0.776253
0.027481
0.776253
0.027481
0.776253
0.027481
0.776253
0.027481
0.776253
0.027481
0.776253
0.027481
0.776253
0.027481
0.645588
0.184981
0.645588
0.184981
0.645588
0.184981
0.645588
0.184981
0.772959
0.033186
0.334297
0.507797
0.124981
0.683434
0.124981
0.683434
0.124981
0.683434
0.124981
0.683434
0.011856
0.772774
0.011856
0.772774
0.011856
0.772774
0.011856
0.772774
0.011856
0.772774
0.011856
0.772774
0.011856
0.772774
0.011856
0.772774
0.068731
0.571947
0.079356
0.061231
0.049981
-1.90314e-05
0.049981
0.024981
0.049981
0.059981
0.049981
-1.90314e-05
0.049981
-1.90314e-05
0.044981
0.048731
0.044981
0.00748097
0.271856
-0.00501903
0.7878
0.00748097
0.7878
0.00748097
0.7878
0.00748097
0.7878
0.00748097
0.725302
0.089981
0.725302
0.089981
0.725302
0.089981
0.645588
0.184981
0.795005
-0.00499909
0.795005
-0.00499909
0.795005
-0.00499909
0.795005
-0.00499909
0.763761
0.0441476
0.334297
0.520297
0.033186
0.772959
-0.00499909
0.795005
-0.00499909
0.795005
-0.00499909
0.795005
-0.00501903
0.795005
-0.00501903
0.795005
-0.00501903
0.795005
-0.00501903
0.795005
0.011856
0.785274
0.011856
0.785274
0.011856
0.785274
-0.00501903
0.795005
0.068731
0.571947
0.073106
0.338731
0.044981
0.338731
0.049981
0.209981
0.00748097
0.338731
0.049981
0.209981
0.044981
0.338731
0.00748097
0.338731
0.00748097
0.338731
0.140814
0.144981
0.795005
-0.00501903
0.795005
-0.00501903
0.795005
-0.00501903
0.795005
-0.00501903
0.795005
-0.00501903
0.795005
-0.00501903
0.795005
-0.00501903
0.795005
-0.00501903
0.737889
0.074981
0.737889
0.074981
0.737889
0.074981
0.737889
0.074981
0.683347
0.139981
0.334297
0.520297
0.033186
0.772959
0.124981
0.695934
0.124981
0.695934
0.124981
0.695934
0.011856
0.785274
0.011856
0.785274
0.011856
0.785274
0.011856
0.785274
0.011856
0.785274
0.011856
0.785274
0.011856
0.785274
0.011856
0.785274
0.068731
0.571947
0.083106
0.157481
0.115606
0.113731
0.073106
0.167481
0.059981
0.129981
0.079356
0.161231
0.089356
0.094981
0.023106
0.173731
0.073106
0.114981
0.160606
0.151231
0.795005
-0.00501903
0.795005
-0.00501903
0.795005
-0.00501903
0.795005
-0.00501903
0.795005
-0.00501903
0.795005
-0.00501903
0.737889
0.074981
0.737889
0.074981
0.709919
0.108314
0.709919
0.108314
0.709919
0.108314
0.709919
0.108314
0.646986
0.183314
0.334297
0.520297
0.124981
0.695934
0.124981
0.695934
0.124981
0.695934
0.124981
0.695934
0.011856
0.785274
0.011856
0.785274
0.011856
0.785274
0.011856
0.785274
0.011856
0.785274
0.011856
0.785274
0.011856
0.785274
0.011856
0.785274
0.068731
0.571947
0.044981
0.141648
0.044981
0.121648
0.109356
0.135398
0.103106
0.141648
0.089356
0.135398
0.091856
0.130398
0.073106
0.141648
0.048731
0.130398
0.071856
0.129148
0.795005
-0.00501903
0.795005
-0.00501903
0.795005
-0.00501903
0.795005
-0.00501903
0.795005
-0.00501903
0.795005
-0.00501903
0.795005
-0.00501903
0.795005
-0.00501903
0.695934
0.124981
0.695934
0.124981
0.695934
0.124981
0.695934
0.124981
0.625135
0.209356
0.334297
0.520297
0.124981
0.695934
0.124981
0.695934
0.124981
0.695934
0.124981
0.695934
0.011856
0.785274
0.011856
0.785274
0.011856
0.785274
0.011856
0.785274
0.011856
0.785274
0.011856
0.785274
0.011856
0.785274
0.011856
0.785274
0.068731
0.571947
0.054981
0.089356
0.115606
0.074981
0.063731
0.089356
0.085606
0.063731
0.049981
0.068731
0.089356
0.109356
0.048731
0.115606
0.048731
0.115606
0.049981
0.068731
0.785274
0.011856
0.785274
0.011856
0.785274
0.011856
0.785274
0.011856
0.785274
0.011856
0.785274
0.011856
0.785274
0.011856
0.785274
0.011856
0.687543
0.134981
0.687543
0.134981
0.687543
0.134981
0.687543
0.134981
0.612024
0.224981
0.334297
0.520297
0.124981
0.695934
0.124981
0.695934
0.124981
0.695934
0.124981
0.695934
0.011856
0.785274
0.011856
0.785274
0.011856
0.785274
0.011856
0.785274
0.011856
0.785274
0.011856
0.785274
0.011856
0.785274
0.011856
0.785274
0.068731
0.571947
0.054981
0.099981
0.115606
0.053731
0.063731
0.069981
0.083106
0.063731
0.079356
0.073731
0.089356
0.063731
0.044981
0.069981
0.079356
0.073731
0.166856
0.064981
0.795005
-0.00501903
0.776253
0.027481
0.776253
0.027481
0.776253
0.027481
0.776253
0.027481
0.776253
0.027481
0.776253
0.027481
0.776253
0.027481
0.645588
0.184981
0.645588
0.184981
0.645588
0.184981
0.645588
0.184981
0.772959
0.033186
0.334297
0.507797
0.134981
0.675043
0.134981
0.675043
0.134981
0.675043
0.134981
0.675043
0.027481
0.763753
0.027481
0.763753
0.027481
0.763753
0.027481
0.763753
0.027481
0.763753
0.027481
0.763753
0.027481
0.763753
-0.00501903
0.782505
0.063731
0.619328
0.063731
0.061231
0.039981
-1.90314e-05
0.039981
0.024981
0.039981
0.059981
0.039981
-1.90314e-05
0.039981
-1.90314e-05
0.034981
0.048731
0.034981
0.00748097
0.277481
-0.00501903
0.7878
0.00748097
0.7878
0.00748097
0.7878
0.00748097
0.7878
0.00748097
0.725302
0.089981
0.725302
0.089981
0.725302
0.089981
0.645588
0.184981
0.795005
-0.00499909
0.795005
-0.00499909
0.795005
-0.00499909
0.795005
-0.00499909
0.763761
0.0441476
0.334297
0.520297
0.033186
0.772959
-0.00499909
0.795005
-0.00499909
0.795005
-0.00499909
0.795005
-0.00501903
0.795005
-0.00501903
0.795005
-0.00501903
0.795005
-0.00501903
0.795005
-0.00501903
0.795005
0.027481
0.776253
-0.00501903
0.795005
-0.00501903
0.795005
0.063731
0.619328
0.069981
0.198731
0.063731
0.343731
0.043731
0.209981
0.00498097
0.338731
0.049981
0.209981
0.057481
0.338731
0.00498097
0.338731
0.00498097
0.338731
0.148314
0.144981
0.795005
-0.00501903
0.795005
-0.00501903
0.795005
-0.00501903
0.795005
-0.00501903
0.795005
-0.00501903
0.795005
-0.00501903
0.795005
-0.00501903
0.795005
-0.00501903
0.737889
0.074981
0.737889
0.074981
0.737889
0.074981
0.737889
0.074981
0.683347
0.139981
0.334297
0.520297
0.033186
0.772959
-0.00499909
0.795005
0.134981
0.687543
0.134981
0.687543
0.027481
0.776253
0.027481
0.776253
0.027481
0.776253
0.027481
0.776253
0.027481
0.776253
0.027481
0.776253
0.027481
0.776253
-0.00501903
0.795005
0.063731
0.619328
0.069981
0.094981
0.087481
0.104981
0.069981
0.104981
0.058731
0.129981
0.057481
0.114981
0.063731
0.187481
0.017481
0.173731
0.017481
0.114981
0.164981
0.151231
0.795005
-0.00501903
0.795005
-0.00501903
0.795005
-0.00501903
0.795005
-0.00501903
0.795005
-0.00501903
0.795005
-0.00501903
0.737889
0.074981
0.737889
0.074981
0.709919
0.108314
0.709919
0.108314
0.709919
0.108314
0.709919
0.108314
0.646986
0.183314
0.334297
0.520297
0.134981
0.687543
0.134981
0.687543
0.134981
0.687543
0.134981
0.687543
0.027481
0.776253
0.027481
0.776253
0.027481
0.776253
0.027481
0.776253
0.027481
0.776253
0.027481
0.776253
0.027481
0.776253
-0.00501903
0.795005
0.063731
0.619328
0.067481
0.115398
0.093731
0.135398
0.063731
0.105398
0.063731
0.124148
0.073731
0.135398
0.034981
0.130398
0.067481
0.124148
0.087481
0.130398
0.077481
0.129148
0.795005
-0.00501903
0.795005
-0.00501903
0.795005
-0.00501903
0.795005
-0.00501903
0.795005
-0.00501903
0.795005
-0.00501903
0.795005
-0.00501903
0.795005
-0.00501903
0.695934
0.124981
0.695934
0.124981
0.695934
0.124981
0.695934
0.124981
0.625135
0.209356
0.334297
0.520297
0.134981
0.687543
0.134981
0.687543
0.134981
0.687543
0.134981
0.687543
0.027481
0.776253
0.027481
0.776253
0.027481
0.776253
0.027481
0.776253
0.027481
0.776253
0.027481
0.776253
0.027481
0.776253
-0.00501903
0.795005
0.063731
0.619328
0.079981
0.063731
0.073731
0.074981
0.063731
0.079356
0.063731
0.089356
0.073731
0.048731
0.088731
0.063731
0.039981
0.059981
0.034981
0.115606
0.039981
0.068731
0.785274
0.011856
0.785274
0.011856
0.785274
0.011856
0.785274
0.011856
0.785274
0.011856
0.785274
0.011856
0.785274
0.011856
0.785274
0.011856
0.687543
0.134981
0.687543
0.134981
0.687543
0.134981
0.687543
0.134981
0.612024
0.224981
0.334297
0.520297
0.134981
0.687543
0.134981
0.687543
0.134981
0.687543
0.134981
0.687543
0.027481
0.776253
0.027481
0.776253
0.027481
0.776253
0.027481
0.776253
0.027481
0.776253
0.027481
0.776253
0.027481
0.776253
-0.00501903
0.795005
0.063731
0.619328
0.039981
0.043731
0.093731
0.073731
0.063731
0.067481
0.067481
0.063731
0.064981
0.099981
0.063731
0.067481
0.067481
0.063731
0.063731
0.067481
0.172481
0.064981
0.795005
-0.00501903
0.776253
0.027481
0.776253
0.027481
0.776253
0.027481
0.776253
0.027481
0.776253
0.027481
0.776253
0.027481
0.776253
0.027481
