0.633075
0.184995
0.633075
0.184995
0.633075
0.184995
0.633075
0.184995
0.547068
0.287495
0.334297
0.507797
0.184995
0.633075
0.184995
0.633075
0.184995
0.633075
0.184995
0.633075
0.184995
0.633075
0.089995
0.71279
0.089995
0.71279
0.089995
0.71279
0.089995
0.71279
0.00749501
0.775287
0.00749501
0.775287
0.00749501
0.775287
-0.00500499
0.650335
-4.98896e-06
-4.98896e-06
-4.98896e-06
-4.98896e-06
-0.00500499
0.018745
-4.98896e-06
-4.98896e-06
-4.98896e-06
-4.98896e-06
-4.98896e-06
-4.98896e-06
-4.98896e-06
-4.98896e-06
-0.00500499
0.00749501
0.299995
-0.00500499
0.775287
0.00749501
0.775287
0.00749501
0.775287
0.00749501
0.71279
0.089995
0.71279
0.089995
0.71279
0.089995
0.71279
0.089995
0.633075
0.184995
0.782501
-0.00499976
0.782501
-0.00499976
0.782501
-0.00499976
0.782501
-0.00499976
0.751249
0.0441617
0.334297
0.520297
0.0331996
0.772947
-0.00499976
0.795001
-0.00499976
0.795001
-0.00499976
0.795001
-0.00500499
0.795001
-0.00500499
0.795001
-0.00500499
0.795001
-0.00500499
0.795001
0.00749501
0.787787
0.00749501
0.787787
0.00749501
0.787787
0.00749501
0.787787
-0.00500499
0.650335
0.00624501
0.349995
-0.00500499
0.329995
0.041245
0.199995
-0.00500499
0.204995
-0.00500499
0.323745
-0.00500499
0.204995
-0.00500499
0.204995
-4.98896e-06
0.203745
-0.00500499
0.319995
0.782501
-0.00500499
0.782501
-0.00500499
0.782501
-0.00500499
0.782501
-0.00500499
0.782501
-0.00500499
0.782501
-0.00500499
0.782501
-0.00500499
0.782501
-0.00500499
0.725376
0.074995
0.725376
0.074995
0.725376
0.074995
0.725376
0.074995
0.670835
0.139995
0.334297
0.520297
0.0331996
0.772947
-0.00499976
0.795001
-0.00499976
0.795001
-0.00499976
0.795001
0.184995
0.645575
0.089995
0.72529
0.089995
0.72529
0.00749501
0.787787
0.00749501
0.787787
0.00749501
0.787787
0.00749501
0.787787
0.00749501
0.787787
-0.00500499
0.650335
-0.00500499
0.163745
-0.00500499
0.173745
0.041245
0.099995
-0.00500499
0.167495
-0.00500499
0.134995
-0.00500499
0.104995
-0.00500499
0.104995
-4.98896e-06
0.099995
0.117495
0.073745
0.782501
-0.00500499
0.782501
-0.00500499
0.782501
-0.00500499
0.782501
-0.00500499
0.782501
-0.00500499
0.782501
-0.00500499
0.725376
0.074995
0.725376
0.074995
0.697406
0.108328
0.697406
0.108328
0.697406
0.108328
0.697406
0.108328
0.634474
0.183328
0.334297
0.520297
0.0331996
0.772947
0.184995
0.645575
0.184995
0.645575
0.184995
0.645575
0.184995
0.645575
0.089995
0.72529
0.089995
0.72529
0.089995
0.72529
0.00749501
0.787787
0.00749501
0.787787
0.00749501
0.787787
0.00749501
0.787787
-0.00500499
0.650335
0.00624501
0.141662
-0.00500499
0.0816617
-4.98896e-06
0.0666617
-4.98896e-06
0.0666617
0.00124501
0.105412
-4.98896e-06
0.0666617
-4.98896e-06
0.0666617
-4.98896e-06
0.0666617
-4.98896e-06
0.0704117
0.782501
-0.00500499
0.782501
-0.00500499
0.782501
-0.00500499
0.782501
-0.00500499
0.782501
-0.00500499
0.782501
-0.00500499
0.782501
-0.00500499
0.782501
-0.00500499
0.683421
0.124995
0.683421
0.124995
0.683421
0.124995
0.683421
0.124995
0.612622
0.20937
0.334297
0.520297
0.184995
0.645575
0.184995
0.645575
0.184995
0.645575
0.184995
0.645575
0.184995
0.645575
0.089995
0.72529
0.089995
0.72529
0.089995
0.72529
0.00749501
0.787787
0.00749501
0.787787
0.00749501
0.787787
0.00749501
0.787787
-0.00500499
0.650335
0.011245
0.079995
0.048745
0.044995
-4.98896e-06
0.049995
-0.00500499
0.08562
-0.00500499
0.11562
-0.00500499
0.08562
-4.98896e-06
0.049995
-4.98896e-06
0.049995
0.099995
0.07312
0.772762
0.01187
0.772762
0.01187
0.772762
0.01187
0.772762
0.01187
0.772762
0.01187
0.772762
0.01187
0.772762
0.01187
0.772762
0.01187
0.67503
0.134995
0.67503
0.134995
0.67503
0.134995
0.67503
0.134995
0.599511
0.224995
0.334297
0.520297
0.184995
0.645575
0.184995
0.645575
0.184995
0.645575
0.184995
0.645575
0.184995
0.645575
0.089995
0.72529
0.089995
0.72529
0.089995
0.72529
0.00749501
0.787787
0.00749501
0.787787
0.00749501
0.787787
0.00749501
0.787787
-0.00500499
0.650335
0.011245
0.043745
0.012495
0.063745
-4.98896e-06
0.039995
-4.98896e-06
0.039995
0.00749501
0.034995
-0.00500499
0.069995
-4.98896e-06
0.039995
-4.98896e-06
0.039995
-0.00500499
0.069995
0.782501
-0.00500499
0.76374
0.027495
0.76374
0.027495
0.76374
0.027495
0.76374
0.027495
0.76374
0.027495
0.76374
0.027495
0.76374
0.027495
0.795001
-0.00499976
0.795001
-0.00499976
0.795001
-0.00499976
0.795001
-0.00499976
0.772947
0.0331996
0.334297
0.507797
0.0331996
0.760447
-0.00499976
0.782501
-0.00499976
0.782501
-0.00499976
0.782501
-0.00500499
0.782501
-0.00500499
0.782501
-0.00500499
0.782501
-0.00500499
0.782501
-0.00500499
0.782501
-0.00500499
0.782501
-0.00500499
0.782501
-0.00500499
0.782501
0.319995
0.404297
0.317495
0.026245
0.199995
-4.98896e-06
0.204995
0.019995
0.204995
-0.00500499
0.204995
0.019995
0.204995
-0.00500499
0.204995
-0.00500499
0.204995
-0.00500499
0.277495
-0.00500499
0.787787
0.00749501
0.787787
0.00749501
0.787787
0.00749501
0.787787
0.00749501
0.795001
-0.00500499
0.795001
-0.00500499
0.795001
-0.00500499
0.795001
-0.00500499
0.795001
-0.00499976
0.763749
0.0441617
0.763749
0.0441617
0.763749
0.0441617
0.763749
0.0441617
0.334297
0.520297
0.0441617
0.763749
0.0441617
0.763749
0.0441617
0.763749
-0.00499976
0.795001
-0.00500499
0.795001
-0.00500499
0.795001
-0.00500499
0.795001
-0.00500499
0.795001
-0.00500499
0.795001
-0.00500499
0.795001
-0.00500499
0.795001
-0.00500499
0.795001
0.319995
0.404297
0.329995
0.107495
0.319995
0.107495
0.329995
0.194995
0.313745
0.313745
0.317495
0.313745
0.194995
0.338745
0.107495
0.319995
0.349995
0.317495
0.044995
0.319995
0.795001
-0.00500499
0.795001
-0.00500499
0.795001
-0.00500499
0.795001
-0.00500499
0.795001
-0.00500499
0.795001
-0.00500499
0.795001
-0.00500499
0.795001
-0.00500499
0.795001
-0.00499976
0.795001
-0.00499976
0.795001
-0.00499976
0.795001
-0.00499976
0.772947
0.0331996
0.334297
0.520297
0.0441617
0.763749
-0.00499976
0.795001
-0.00499976
0.795001
-0.00499976
0.795001
-0.00500499
0.795001
-0.00500499
0.795001
-0.00500499
0.795001
-0.00500499
0.795001
-0.00500499
0.795001
-0.00500499
0.795001
-0.00500499
0.795001
-0.00500499
0.795001
0.319995
0.404297
0.349995
0.054995
0.319995
0.054995
0.332495
0.187495
0.313745
0.176245
0.319995
0.181245
0.332495
0.176245
0.114995
0.181245
0.107495
0.173745
0.111245
0.073745
0.795001
-0.00500499
0.795001
-0.00500499
0.795001
-0.00500499
0.795001
-0.00500499
0.775519
0.028745
0.775519
0.028745
0.795001
-0.00500499
0.795001
-0.00500499
0.795001
-0.00499976
0.795001
-0.00499976
0.795001
-0.00499976
0.795001
-0.00499976
0.772947
0.0331996
0.334297
0.520297
0.0331996
0.772947
-0.00499976
0.795001
-0.00499976
0.795001
-0.00499976
0.795001
-0.00500499
0.795001
-0.00500499
0.795001
-0.00500499
0.795001
-0.00500499
0.795001
-0.00500499
0.795001
-0.00500499
0.795001
-0.00500499
0.795001
-0.00500499
0.795001
0.319995
0.404297
0.349995
0.0116617
0.319995
0.102912
0.349995
0.0804117
0.319995
0.042495
0.323745
0.051245
0.326245
0.0816617
0.198745
0.121662
0.313745
0.109162
0.199995
0.0704117
0.795001
-0.00500499
0.795001
-0.00500499
0.795001
-0.00500499
0.795001
-0.00500499
0.795001
-0.00500499
0.795001
-0.00500499
0.795001
-0.00500499
0.795001
-0.00500499
0.795001
-0.00499976
0.795001
-0.00499976
0.795001
-0.00499976
0.795001
-0.00499976
0.772947
0.0331996
0.334297
0.520297
0.0331996
0.772947
-0.00499976
0.795001
-0.00499976
0.795001
-0.00499976
0.795001
-0.00500499
0.795001
-0.00500499
0.795001
-0.00500499
0.795001
-0.00500499
0.795001
-0.00500499
0.795001
-0.00500499
0.795001
-0.00500499
0.795001
-0.00500499
0.795001
0.319995
0.404297
0.349995
0.054995
0.323745
0.026245
0.332495
0.10937
0.319995
0.10312
0.323745
0.074995
0.323745
0.07687
0.349995
0.074995
0.349995
0.10312
0.204995
0.07312
0.795001
-0.00500499
0.785262
0.01187
0.785262
0.01187
0.785262
0.01187
0.795001
-0.00500499
0.795001
-0.00500499
0.795001
-0.00500499
0.795001
-0.00500499
0.795001
-0.00499976
0.795001
-0.00499976
0.795001
-0.00499976
0.795001
-0.00499976
0.772947
0.0331996
0.334297
0.520297
0.0331996
0.772947
-0.00499976
0.795001
-0.00499976
0.795001
-0.00499976
0.795001
-0.00500499
0.795001
-0.00500499
0.795001
-0.00500499
0.795001
-0.00500499
0.795001
-0.00500499
0.795001
-0.00500499
0.795001
-0.00500499
0.795001
-0.00500499
0.795001
0.319995
0.404297
0.349995
0.021245
0.319995
0.064995
0.349995
0.027495
0.332495
0.093745
0.313745
0.073745
0.319995
0.067495
0.349995
0.053745
0.204995
0.067495
0.194995
0.069995
0.795001
-0.00500499
0.795001
-0.00500499
0.77624
0.027495
0.795001
-0.00500499
0.795001
-0.00500499
0.795001
-0.00500499
0.795001
-0.00500499
0.795001
-0.00500499
0.795001
-0.00499976
0.795001
-0.00499976
0.795001
-0.00499976
0.795001
-0.00499976
0.772947
0.0331996
0.334297
0.507797
0.074995
0.725376
0.074995
0.725376
0.074995
0.725376
0.074995
0.725376
0.074995
0.725376
0.074995
0.725376
-0.00500499
0.782501
-0.00500499
0.782501
-0.00500499
0.782501
-0.00500499
0.782501
-0.00500499
0.782501
-0.00500499
0.782501
0.066245
0.582528
0.104995
-0.00500499
0.099995
-4.98896e-06
0.104995
-0.00500499
0.104995
-0.00500499
0.104995
0.019995
0.104995
-0.00500499
0.104995
-0.00500499
0.104995
-0.00500499
0.249995
-0.00500499
0.787787
0.00749501
0.787787
0.00749501
0.787787
0.00749501
0.787787
0.00749501
0.787787
0.00749501
0.72529
0.089995
0.72529
0.089995
0.645575
0.184995
0.795001
-0.00499976
0.795001
-0.00499976
0.795001
-0.00499976
0.763749
0.0441617
0.763749
0.0441617
0.334297
0.520297
0.0331996
0.772947
-0.00499976
0.795001
-0.00499976
0.795001
-0.00499976
0.795001
-0.00500499
0.795001
-0.00500499
0.795001
0.028745
0.775519
0.028745
0.775519
-0.00500499
0.795001
-0.00500499
0.795001
-0.00500499
0.795001
-0.00500499
0.795001
0.066245
0.582528
0.173745
0.311245
0.054995
0.319995
0.104995
0.317495
0.154995
0.319995
0.151245
0.323745
0.151245
0.338745
0.051245
0.319995
0.167495
0.317495
0.019995
0.319995
0.795001
-0.00500499
0.795001
-0.00500499
0.795001
-0.00500499
0.795001
-0.00500499
0.795001
-0.00500499
0.795001
-0.00500499
0.795001
-0.00500499
0.795001
-0.00500499
0.737876
0.074995
0.737876
0.074995
0.737876
0.074995
0.737876
0.074995
0.690677
0.131245
0.334297
0.520297
0.074995
0.737876
0.074995
0.737876
0.074995
0.737876
0.074995
0.737876
0.074995
0.737876
0.074995
0.737876
0.028745
0.775519
-0.00500499
0.795001
-0.00500499
0.795001
-0.00500499
0.795001
-0.00500499
0.795001
-0.00500499
0.795001
0.066245
0.582528
0.176245
0.176245
0.173745
0.113745
0.104995
0.181245
0.176245
0.176245
0.061245
0.182495
0.187495
0.187495
0.051245
0.173745
0.051245
0.173745
0.054995
0.073745
0.795001
-0.00500499
0.795001
-0.00500499
0.795001
-0.00500499
0.795001
-0.00500499
0.795001
-0.00500499
0.775519
0.028745
0.737876
0.074995
0.737876
0.074995
0.709906
0.108328
0.709906
0.108328
0.709906
0.108328
0.709906
0.108328
0.772947
0.0331996
0.334297
0.520297
0.074995
0.737876
0.074995
0.737876
0.074995
0.737876
0.074995
0.737876
0.074995
0.737876
0.074995
0.737876
-0.00500499
0.795001
-0.00500499
0.795001
-0.00500499
0.795001
-0.00500499
0.795001
-0.00500499
0.795001
-0.00500499
0.795001
0.066245
0.582528
0.173745
0.0716617
0.173745
0.0991617
0.104995
0.042495
0.173745
0.0991617
0.181245
0.0754117
0.113745
0.121662
0.193745
0.0991617
0.129995
0.0704117
0.099995
0.0704117
0.795001
-0.00500499
0.795001
-0.00500499
0.795001
-0.00500499
0.795001
-0.00500499
0.795001
-0.00500499
0.795001
-0.00500499
0.795001
-0.00500499
0.795001
-0.00500499
0.695921
0.124995
0.695921
0.124995
0.695921
0.124995
0.795001
-0.00499976
0.772947
0.0331996
0.334297
0.520297
0.074995
0.737876
0.074995
0.737876
0.074995
0.737876
0.074995
0.737876
0.074995
0.737876
0.074995
0.737876
-0.00500499
0.795001
-0.00500499
0.795001
-0.00500499
0.795001
-0.00500499
0.795001
-0.00500499
0.795001
-0.00500499
0.795001
0.066245
0.582528
0.176245
0.09812
0.173745
0.074995
0.173745
0.02312
0.173745
0.054995
0.173745
0.074995
0.113745
0.11562
0.193745
0.10312
0.094995
0.08562
0.104995
0.07312
0.785262
0.01187
0.785262
0.01187
0.785262
0.01187
0.785262
0.01187
0.785262
0.01187
0.785262
0.01187
0.785262
0.01187
0.785262
0.01187
0.68753
0.134995
0.68753
0.134995
0.795001
-0.00499976
0.795001
-0.00499976
0.772947
0.0331996
0.334297
0.520297
0.074995
0.737876
0.074995
0.737876
0.074995
0.737876
0.074995
0.737876
0.074995
0.737876
0.074995
0.737876
-0.00500499
0.795001
-0.00500499
0.795001
-0.00500499
0.795001
-0.00500499
0.795001
-0.00500499
0.795001
-0.00500499
0.795001
0.066245
0.582528
0.173745
0.034995
0.173745
0.027495
0.173745
0.034995
0.193745
0.061245
0.157495
0.073745
0.114995
0.067495
0.124995
0.069995
0.182495
0.067495
0.094995
0.069995
0.795001
-0.00500499
0.77624
0.027495
0.77624
0.027495
0.77624
0.027495
0.77624
0.027495
0.77624
0.027495
0.77624
0.027495
0.77624
0.027495
0.645575
0.184995
0.645575
0.184995
0.645575
0.184995
0.795001
-0.00499976
0.772947
0.0331996
0.334297
0.507797
0.108328
0.697406
0.108328
0.697406
0.108328
0.697406
0.108328
0.697406
-0.00500499
0.782501
-0.00500499
0.782501
-0.00500499
0.782501
-0.00500499
0.782501
-0.00500499
0.782501
-0.00500499
0.782501
-0.00500499
0.782501
-0.00500499
0.782501
0.0716617
0.612673
0.0666617
-4.98896e-06
0.0666617
-4.98896e-06
0.0716617
-0.00500499
0.0666617
-4.98896e-06
0.0716617
0.019995
0.0666617
-4.98896e-06
0.0666617
-4.98896e-06
0.0666617
-4.98896e-06
0.262495
-0.00500499
0.787787
0.00749501
0.787787
0.00749501
0.787787
0.00749501
0.787787
0.00749501
0.72529
0.089995
0.72529
0.089995
0.72529
0.089995
0.645575
0.184995
0.795001
-0.00499976
0.795001
-0.00499976
0.795001
-0.00499976
0.795001
-0.00499976
0.763749
0.0441617
0.334297
0.520297
0.0331996
0.772947
-0.00499976
0.795001
-0.00499976
0.795001
-0.00499976
0.795001
-0.00500499
0.795001
-0.00500499
0.795001
-0.00500499
0.795001
-0.00500499
0.795001
-0.00500499
0.795001
-0.00500499
0.795001
-0.00500499
0.795001
-0.00500499
0.795001
0.0716617
0.612673
0.135412
0.343745
0.105412
0.343745
0.0716617
0.326245
0.032495
0.319995
0.0991617
0.329995
0.051245
0.338745
0.032495
0.319995
0.0116617
0.319995
0.0116617
0.319995
0.795001
-0.00500499
0.795001
-0.00500499
0.795001
-0.00500499
0.795001
-0.00500499
0.795001
-0.00500499
0.795001
-0.00500499
0.795001
-0.00500499
0.795001
-0.00500499
0.737876
0.074995
0.737876
0.074995
0.737876
0.074995
0.737876
0.074995
0.683335
0.139995
0.334297
0.520297
0.108328
0.709906
0.108328
0.709906
0.108328
0.709906
0.108328
0.709906
-0.00500499
0.795001
-0.00500499
0.795001
-0.00500499
0.795001
-0.00500499
0.795001
-0.00500499
0.795001
-0.00500499
0.795001
-0.00500499
0.795001
-0.00500499
0.795001
0.0716617
0.612673
0.051245
0.182495
0.105412
0.187495
0.0804117
0.182495
0.0754117
0.181245
0.0716617
0.181245
0.032495
0.173745
0.032495
0.173745
0.032495
0.173745
0.0508283
0.073745
0.795001
-0.00500499
0.795001
-0.00500499
0.795001
-0.00500499
0.795001
-0.00500499
0.795001
-0.00500499
0.795001
-0.00500499
0.737876
0.074995
0.737876
0.074995
0.709906
0.108328
0.709906
0.108328
0.709906
0.108328
0.709906
0.108328
0.646974
0.183328
0.334297
0.520297
0.108328
0.709906
0.108328
0.709906
0.108328
0.709906
0.108328
0.709906
-0.00500499
0.795001
-0.00500499
0.795001
-0.00500499
0.795001
-0.00500499
0.795001
-0.00500499
0.795001
-0.00500499
0.795001
-0.00500499
0.795001
-0.00500499
0.795001
0.0716617
0.612673
0.117912
0.0816617
0.0716617
0.117912
0.0704117
0.0766617
0.0704117
0.0854117
0.0716617
0.129162
0.0704117
0.0704117
0.0616617
0.111662
0.0616617
0.111662
0.0666617
0.0704117
0.795001
-0.00500499
0.795001
-0.00500499
0.795001
-0.00500499
0.795001
-0.00500499
0.795001
-0.00500499
0.795001
-0.00500499
0.795001
-0.00500499
0.795001
-0.00500499
0.695921
0.124995
0.695921
0.124995
0.695921
0.124995
0.695921
0.124995
0.625122
0.20937
0.334297
0.520297
0.108328
0.709906
0.108328
0.709906
0.108328
0.709906
0.108328
0.709906
-0.00500499
0.795001
-0.00500499
0.795001
-0.00500499
0.795001
-0.00500499
0.795001
-0.00500499
0.795001
-0.00500499
0.795001
-0.00500499
0.795001
-0.00500499
0.795001
0.0716617
0.612673
0.111662
0.10312
0.0716617
0.07687
0.0716617
0.10312
0.0716617
0.07312
0.0716617
0.07312
0.0716617
0.07687
0.0716617
0.07312
0.0616617
0.08562
0.0716617
0.07312
0.785262
0.01187
0.785262
0.01187
0.785262
0.01187
0.785262
0.01187
0.785262
0.01187
0.785262
0.01187
0.785262
0.01187
0.785262
0.01187
0.68753
0.134995
0.68753
0.134995
0.68753
0.134995
0.68753
0.134995
0.772947
0.0331996
0.334297
0.520297
0.108328
0.709906
0.108328
0.709906
0.108328
0.709906
0.108328
0.709906
-0.00500499
0.795001
-0.00500499
0.795001
-0.00500499
0.795001
-0.00500499
0.795001
-0.00500499
0.795001
-0.00500499
0.795001
-0.00500499
0.795001
-0.00500499
0.795001
0.0716617
0.612673
0.0704117
0.049995
0.111662
0.038745
0.0704117
0.043745
0.0716617
0.061245
0.0716617
0.099995
0.105412
0.067495
0.0654117
0.069995
0.121662
0.067495
0.0616617
0.069995
0.795001
-0.00500499
0.77624
0.027495
0.77624
0.027495
0.77624
0.027495
0.77624
0.027495
0.77624
0.027495
0.77624
0.027495
0.77624
0.027495
0.645575
0.184995
0.645575
0.184995
0.645575
0.184995
0.645575
0.184995
0.772947
0.0331996
0.334297
0.507797
0.124995
0.683421
0.124995
0.683421
0.124995
0.683421
0.124995
0.683421
0.01187
0.772762
0.01187
0.772762
0.01187
0.772762
0.01187
0.772762
0.01187
0.772762
0.01187
0.772762
0.01187
0.772762
0.01187
0.772762
0.07312
0.61145
0.049995
-4.98896e-06
0.049995
-4.98896e-06
0.049995
0.041245
0.049995
-4.98896e-06
0.049995
0.041245
0.049995
-4.98896e-06
0.049995
-4.98896e-06
0.049995
-4.98896e-06
0.27187
-0.00500499
0.787787
0.00749501
0.787787
0.00749501
0.787787
0.00749501
0.787787
0.00749501
0.72529
0.089995
0.72529
0.089995
0.72529
0.089995
0.645575
0.184995
0.795001
-0.00499976
0.795001
-0.00499976
0.795001
-0.00499976
0.795001
-0.00499976
0.763749
0.0441617
0.334297
0.520297
0.0331996
0.772947
-0.00499976
0.795001
-0.00499976
0.795001
-0.00499976
0.795001
-0.00500499
0.795001
-0.00500499
0.795001
-0.00500499
0.795001
-0.00500499
0.795001
0.01187
0.785262
0.01187
0.785262
0.01187
0.785262
-0.00500499
0.795001
0.07312
0.61145
0.054995
0.208745
0.044995
0.319995
0.044995
0.323745
0.00749501
0.329995
0.07937
0.313745
0.07312
0.319995
0.02312
0.319995
0.00749501
0.319995
0.00749501
0.319995
0.795001
-0.00500499
0.795001
-0.00500499
0.795001
-0.00500499
0.795001
-0.00500499
0.795001
-0.00500499
0.795001
-0.00500499
0.795001
-0.00500499
0.795001
-0.00500499
0.737876
0.074995
0.737876
0.074995
0.737876
0.074995
0.737876
0.074995
0.683335
0.139995
0.334297
0.520297
0.0331996
0.772947
0.124995
0.695921
0.124995
0.695921
0.124995
0.695921
0.01187
0.785262
0.01187
0.785262
0.01187
0.785262
0.01187
0.785262
0.01187
0.785262
0.01187
0.785262
0.01187
0.785262
0.01187
0.785262
0.07312
0.61145
0.044995
0.193745
0.04187
0.173745
0.07312
0.193745
0.07312
0.173745
0.07937
0.187495
0.02312
0.173745
0.02312
0.173745
0.044995
0.173745
0.067495
0.073745
0.795001
-0.00500499
0.795001
-0.00500499
0.795001
-0.00500499
0.795001
-0.00500499
0.795001
-0.00500499
0.795001
-0.00500499
0.737876
0.074995
0.737876
0.074995
0.709906
0.108328
0.709906
0.108328
0.709906
0.108328
0.709906
0.108328
0.646974
0.183328
0.334297
0.520297
0.124995
0.695921
0.124995
0.695921
0.124995
0.695921
0.124995
0.695921
0.01187
0.785262
0.01187
0.785262
0.01187
0.785262
0.01187
0.785262
0.01187
0.785262
0.01187
0.785262
0.01187
0.785262
0.01187
0.785262
0.07312
0.61145
0.054995
0.115412
0.074995
0.111662
0.09562
0.0916617
0.07312
0.0716617
0.07312
0.101662
0.044995
0.111662
0.044995
0.111662
0.044995
0.111662
0.049995
0.0704117
0.795001
-0.00500499
0.795001
-0.00500499
0.795001
-0.00500499
0.795001
-0.00500499
0.795001
-0.00500499
0.795001
-0.00500499
0.795001
-0.00500499
0.795001
-0.00500499
0.695921
0.124995
0.695921
0.124995
0.695921
0.124995
0.695921
0.124995
0.625122
0.20937
0.334297
0.520297
0.124995
0.695921
0.124995
0.695921
0.124995
0.695921
0.124995
0.695921
0.01187
0.785262
0.01187
0.785262
0.01187
0.785262
0.01187
0.785262
0.01187
0.785262
0.01187
0.785262
0.01187
0.785262
0.01187
0.785262
0.07312
0.61145
0.044995
0.10437
0.074995
0.08562
0.074995
0.09562
0.09562
0.074995
0.07937
0.10937
0.044995
0.09562
0.09562
0.074995
0.044995
0.08562
0.07187
0.07312
0.785262
0.01187
0.785262
0.01187
0.785262
0.01187
0.785262
0.01187
0.785262
0.01187
0.785262
0.01187
0.785262
0.01187
0.785262
0.01187
0.68753
0.134995
0.68753
0.134995
0.68753
0.134995
0.68753
0.134995
0.612011
0.224995
0.334297
0.520297
0.124995
0.695921
0.124995
0.695921
0.124995
0.695921
0.124995
0.695921
0.01187
0.785262
0.01187
0.785262
0.01187
0.785262
0.01187
0.785262
0.01187
0.785262
0.01187
0.785262
0.01187
0.785262
0.01187
0.785262
0.07312
0.61145
0.10937
0.067495
0.074995
0.069995
0.074995
0.099995
0.074995
0.069995
0.09812
0.073745
0.054995
0.069995
0.048745
0.069995
0.044995
0.099995
0.044995
0.069995
0.795001
-0.00500499
0.77624
0.027495
0.77624
0.027495
0.77624
0.027495
0.77624
0.027495
0.77624
0.027495
0.77624
0.027495
0.77624
0.027495
0.645575
0.184995
0.645575
0.184995
0.645575
0.184995
0.645575
0.184995
0.772947
0.0331996
0.334297
0.507797
0.134995
0.67503
0.134995
0.67503
0.134995
0.67503
0.134995
0.67503
0.027495
0.76374
0.027495
0.76374
0.027495
0.76374
0.027495
0.76374
0.027495
0.76374
0.027495
0.76374
0.027495
0.76374
-0.00500499
0.782501
0.069995
0.614072
0.039995
-4.98896e-06
0.039995
-4.98896e-06
0.039995
0.041245
0.039995
-4.98896e-06
0.039995
0.041245
0.039995
-4.98896e-06
0.039995
-4.98896e-06
0.039995
-4.98896e-06
0.277495
-0.00500499
0.787787
0.00749501
0.787787
0.00749501
0.787787
0.00749501
0.787787
0.00749501
0.72529
0.089995
0.72529
0.089995
0.72529
0.089995
0.645575
0.184995
0.795001
-0.00499976
0.795001
-0.00499976
0.795001
-0.00499976
0.795001
-0.00499976
0.763749
0.0441617
0.334297
0.520297
0.0331996
0.772947
-0.00499976
0.795001
-0.00499976
0.795001
-0.00499976
0.795001
-0.00500499
0.795001
-0.00500499
0.795001
-0.00500499
0.795001
-0.00500499
0.795001
-0.00500499
0.795001
0.027495
0.77624
-0.00500499
0.795001
-0.00500499
0.795001
0.069995
0.614072
0.069995
0.198745
0.038745
0.319995
0.00499501
0.323745
0.00499501
0.319995
0.057495
0.323745
0.067495
0.338745
0.00499501
0.338745
0.067495
0.317495
0.00499501
0.319995
0.795001
-0.00500499
0.795001
-0.00500499
0.795001
-0.00500499
0.795001
-0.00500499
0.795001
-0.00500499
0.795001
-0.00500499
0.795001
-0.00500499
0.795001
-0.00500499
0.737876
0.074995
0.737876
0.074995
0.737876
0.074995
0.737876
0.074995
0.683335
0.139995
0.334297
0.520297
0.0331996
0.772947
-0.00499976
0.795001
0.134995
0.68753
0.134995
0.68753
0.027495
0.77624
0.027495
0.77624
0.027495
0.77624
0.027495
0.77624
0.027495
0.77624
0.027495
0.77624
0.027495
0.77624
-0.00500499
0.795001
0.069995
0.614072
0.067495
0.123745
0.069995
0.113745
0.073745
0.187495
0.063745
0.176245
0.057495
0.182495
0.017495
0.173745
0.034995
0.173745
0.017495
0.173745
0.077495
0.073745
0.795001
-0.00500499
0.795001
-0.00500499
0.795001
-0.00500499
0.795001
-0.00500499
0.795001
-0.00500499
0.795001
-0.00500499
0.737876
0.074995
0.737876
0.074995
0.709906
0.108328
0.709906
0.108328
0.709906
0.108328
0.709906
0.108328
0.646974
0.183328
0.334297
0.520297
0.134995
0.68753
0.134995
0.68753
0.134995
0.68753
0.134995
0.68753
0.027495
0.77624
0.027495
0.77624
0.027495
0.77624
0.027495
0.77624
0.027495
0.77624
0.027495
0.77624
0.027495
0.77624
-0.00500499
0.795001
0.069995
0.614072
0.073745
0.0716617
0.069995
0.0716617
0.099995
0.0616617
0.069995
0.0804117
0.057495
0.101662
0.058745
0.0854117
0.034995
0.115412
0.058745
0.0704117
0.039995
0.0704117
0.795001
-0.00500499
0.795001
-0.00500499
0.795001
-0.00500499
0.795001
-0.00500499
0.795001
-0.00500499
0.795001
-0.00500499
0.795001
-0.00500499
0.795001
-0.00500499
0.695921
0.124995
0.695921
0.124995
0.695921
0.124995
0.695921
0.124995
0.625122
0.20937
0.334297
0.520297
0.134995
0.68753
0.134995
0.68753
0.134995
0.68753
0.134995
0.68753
0.027495
0.77624
0.027495
0.77624
0.027495
0.77624
0.027495
0.77624
0.027495
0.77624
0.027495
0.77624
0.027495
0.77624
-0.00500499
0.795001
0.069995
0.614072
0.069995
0.048745
0.069995
0.074995
0.069995
0.044995
0.069995
0.054995
0.073745
0.044995
0.034995
0.09562
0.039995
0.059995
0.044995
0.08562
0.077495
0.07312
0.785262
0.01187
0.785262
0.01187
0.785262
0.01187
0.785262
0.01187
0.785262
0.01187
0.785262
0.01187
0.785262
0.01187
0.785262
0.01187
0.68753
0.134995
0.68753
0.134995
0.68753
0.134995
0.68753
0.134995
0.612011
0.224995
0.334297
0.520297
0.134995
0.68753
0.134995
0.68753
0.134995
0.68753
0.134995
0.68753
0.027495
0.77624
0.027495
0.77624
0.027495
0.77624
0.027495
0.77624
0.027495
0.77624
0.027495
0.77624
0.027495
0.77624
-0.00500499
0.795001
0.069995
0.614072
0.069995
0.038745
0.069995
0.053745
0.069995
0.053745
0.069995
0.069995
0.073745
0.044995
0.053745
0.069995
0.069995
0.069995
0.063745
0.067495
0.034995
0.069995
0.795001
-0.00500499
0.77624
0.027495
0.77624
0.027495
0.77624
0.027495
0.77624
0.027495
0.77624
0.027495
0.77624
0.027495
0.77624
0.027495
