0.48
0
0.48
0.48
0.48
0.48
0.48
0.48
0.48
0.48
0.48
0.48
0.48
0.48
0.48
0.48
0.48
0.48
0.48
0.48
-14.455
0.48
-14.555
0.48
-22.08
0.48
-21.98
0.48
-21.98
0.48
-14.58
0.48
-14.58
0.48
-14.68
0.48
-22.08
0.48
-21.08
-14.455
-22.08
-22.08
-14.68
-21.83
-14.5675
-14.2175
-22.08
-22.08
-14.5738
-13.6738
-22.08
-14.655
-14.68
-21.98
-22.08
-22.08
0.48
-14.68
0.48
-14.58
0.48
-14.68
0.48
-14.68
0.48
-21.98
0.48
-22.08
0.48
-14.5967
0.48
-21.38
0.48
0
0.48
0.532
0.48
0.532
0.48
0.532
0.48
0.532
0.48
0.532
0.48
0.532
0.48
0.532
0.48
0.532
0.48
0.532
-14.58
0.532
-21.98
0.532
-22.08
0.532
-14.58
0.532
-21.98
0.532
-21.98
0.532
-22.08
0.532
-21.98
0.532
-22.08
0.48
-14.555
-21.88
-14.5175
-21.48
-14.5675
-22.055
-14.555
-21.6675
-14.58
-21.88
-14.58
-21.78
-14.505
-21.805
-14.655
-21.98
-14.5675
-21.555
0.48
-22.0342
0.48
-22.0175
0.48
-21.98
0.48
-22.0342
0.48
-22.0342
0.48
-22.0175
0.48
-22.0175
0.48
-22.0342
0.48
0
0.48
0.532
0.48
0.532
0.48
0.532
0.48
0.532
0.48
0.532
0.48
0.532
0.48
0.532
0.48
0.532
0.48
0.532
-14.58
0.532
-21.98
0.532
-22.08
0.532
-14.58
0.532
-21.98
0.532
-21.98
0.532
-22.08
0.532
-21.98
0.532
-22.08
0.48
-14.58
-21.88
-14.655
-22.03
-14.58
-21.78
-14.505
-22.0738
-14.58
-21.88
-14.58
-21.78
-14.5425
-21.7613
-14.68
-21.98
-14.58
-21.3988
0.48
-21.78
0.48
-22.055
0.48
-21.98
0.48
-22.0738
0.48
-21.98
0.48
-21.98
0.48
-22.0738
0.48
-21.8238
0.48
0
0.48
0.532
0.48
0.532
0.48
0.532
0.48
0.532
0.48
0.532
0.48
0.532
0.48
0.532
0.48
0.532
0.48
0.532
-14.58
0.532
-21.98
0.532
-22.08
0.532
-14.58
0.532
-21.98
0.532
-21.98
0.532
-22.08
0.532
-21.98
0.532
-22.08
0.48
-14.58
-21.9133
-14.5425
-21.6383
-14.58
-21.6258
-14.505
-21.9508
-14.58
-21.9425
-14.5425
-21.78
-14.505
-21.8383
-14.68
-21.9758
-14.505
-22.08
0.48
-21.9175
0.48
-21.905
0.48
-21.8675
0.48
-21.8675
0.48
-21.8675
0.48
-21.98
0.48
-21.2717
0.48
-21.9175
0.48
0
0.48
0.532
0.48
0.532
0.48
0.532
0.48
0.532
0.48
0.532
0.48
0.532
0.48
0.532
0.48
0.532
0.48
0.532
-14.58
0.532
-21.98
0.532
-22.08
0.532
-14.58
0.532
-21.98
0.532
-21.98
0.532
-22.08
0.532
-21.98
0.532
-22.08
0.48
-14.505
-22.0769
-14.5425
-22.0644
-14.455
-22.055
-14.505
-21.9675
-14.58
-21.705
-14.53
-21.355
-14.505
-21.9019
-14.68
-21.98
-14.58
-21.4769
0.48
-21.9081
0.48
-21.9956
0.48
-22.0581
0.48
-21.9956
0.48
-21.88
0.48
-21.88
0.48
-21.9956
0.48
-21.8456
0.48
0
0.48
0.532
0.48
0.532
0.48
0.532
0.48
0.532
0.48
0.532
0.48
0.532
0.48
0.532
0.48
0.532
0.48
0.532
-14.58
0.532
-21.98
0.532
-22.08
0.532
-14.58
0.532
-21.98
0.532
-21.98
0.532
-22.08
0.532
-21.98
0.532
-22.08
0.48
-14.5425
-21.98
-14.23
-22.045
-14.58
-21.94
-14.505
-22.0575
-14.58
-21.94
-14.5425
-21.62
-14.505
-21.94
-14.68
-22.07
-14.5175
-21.555
0.48
-21.94
0.48
-21.765
0.48
-21.765
0.48
-22.0117
0.48
-21.965
0.48
-22.0117
0.48
-21.17
0.48
-21.605
0.532
-22.08
0.532
0.48
0.532
0.48
0.532
0.48
0.532
0.48
0.532
0.48
0.532
0.48
0.532
0.48
0.532
0.48
0.48
0.48
-21.98
0.48
-21.98
0.48
-22.03
0.48
-22.0342
0.48
-21.9175
0.48
-22.0342
0.48
-22.0175
0.48
-22.0175
0.48
-21.7113
0.48
-21.88
-14.455
-22.0342
-14.58
-22.005
-14.555
-22.055
-14.5675
-21.9363
-14.5363
-22.055
-14.5675
-22.08
-14.23
-21.9967
-14.005
-22.03
-22.08
0.532
-21.98
0.532
-22.08
0.532
-21.98
0.532
-21.98
0.532
-21.98
0.532
-22.08
0.532
-14.58
0.532
-21.98
0.532
-22.0758
0.532
0.48
0.532
0.48
0.532
0.48
0.532
0.48
0.48
0.532
0.48
0.532
0.48
0.532
0.48
0.532
0.48
0.532
-21.9758
0.532
-21.8383
0.532
-22.0633
0.532
-21.9383
0.532
-21.9758
0.532
-21.9758
0.532
-21.9383
0.532
-21.9758
0.532
-21.7113
0.48
-21.9675
-21.88
-22.0342
-21.88
-22.0613
-21.7613
-22.055
-22.03
-21.8925
-21.78
-22.0613
-21.7613
-22.0613
-21.7613
-21.905
-21.98
-22.055
-21.555
0.532
-22.0758
0.532
-21.9383
0.532
-21.9758
0.532
-21.9758
0.532
-21.9758
0.532
-21.8383
0.532
-21.9758
0.532
-22.0633
0.532
-21.98
0.532
0.48
0.532
0.48
0.532
0.48
0.532
0.48
0.48
0.532
0.48
0.532
0.48
0.532
0.48
0.532
0.48
0.532
-21.9758
0.532
-21.8383
0.532
-22.0633
0.532
-21.9383
0.532
-21.9758
0.532
-21.9758
0.532
-21.9383
0.532
-21.9758
0.532
-21.7113
0.48
-21.9675
-21.88
-21.805
-21.83
-21.98
-22.0738
-22.005
-22.03
-21.8925
-21.8238
-21.9967
-21.8238
-21.83
-21.7613
-21.905
-21.9613
-22.03
-21.3988
0.532
-21.88
0.532
-21.88
0.532
-21.6238
0.532
-21.8238
0.532
-21.9425
0.532
-21.98
0.532
-21.355
0.532
-21.98
0.532
-21.9467
0.532
0.48
0.532
0.48
0.532
0.48
0.532
0.48
0.48
0.532
0.48
0.532
0.48
0.532
0.48
0.532
0.48
0.532
-21.9758
0.532
-21.8383
0.532
-22.0633
0.532
-21.9383
0.532
-21.9758
0.532
-21.9758
0.532
-21.9383
0.532
-21.9758
0.532
-21.7113
0.48
-21.4675
-21.9758
-21.805
-21.9633
-21.9675
-21.6258
-21.78
-21.9508
-21.8925
-21.3508
-21.83
-21.8633
-21.8675
-21.8383
-21.905
-21.98
-21.8425
-22.08
0.532
-22.0758
0.532
-21.9758
0.532
-21.9217
0.532
-21.805
0.532
-21.78
0.532
-21.9425
0.532
-21.9425
0.532
-21.78
0.532
-21.93
0.532
0.48
0.532
0.48
0.532
0.48
0.532
0.48
0.48
0.532
0.48
0.532
0.48
0.532
0.48
0.532
0.48
0.532
-21.9758
0.532
-21.8383
0.532
-22.0633
0.532
-21.9383
0.532
-21.9758
0.532
-21.9758
0.532
-21.9383
0.532
-21.9758
0.532
-21.7113
0.48
-21.83
-21.88
-21.805
-21.98
-21.78
-22.005
-21.78
-21.9675
-21.8925
-21.6675
-21.9675
-21.905
-21.83
-21.355
-21.905
-22.0394
-21.9675
-21.4769
0.532
-21.83
0.532
-21.4769
0.532
-21.83
0.532
-21.8581
0.532
-21.9019
0.532
-21.9175
0.532
-21.9175
0.532
-21.8019
0.532
-21.9175
0.532
0.48
0.532
0.48
0.532
0.48
0.532
0.48
0.48
0.532
0.48
0.532
0.48
0.532
0.48
0.532
0.48
0.532
-21.9758
0.532
-21.8383
0.532
-22.0633
0.532
-21.9383
0.532
-21.9758
0.532
-21.9758
0.532
-21.9383
0.532
-21.9758
0.532
-21.7113
0.48
-21.4675
-22.04
-21.805
-21.89
-21.9675
-21.94
-21.9675
-21.6675
-21.8925
-22.07
-21.9675
-21.94
-21.8675
-21.94
-21.905
-21.98
-21.705
-21.555
0.532
-21.94
0.532
-21.94
0.532
-21.94
0.532
-21.6675
0.532
-21.9175
0.532
-21.9175
0.532
-21.9175
0.532
-21.63
0.532
-22.08
0.532
0.48
0.532
0.48
0.532
0.48
0.532
0.48
0.532
0.48
0.532
0.48
0.532
0.48
0.532
0.48
0.48
0.48
-21.98
0.48
-21.98
0.48
-21.98
0.48
-21.6238
0.48
-21.98
0.48
-21.78
0.48
-22.055
0.48
-21.98
0.48
-21.3988
0.48
-22.0738
-14.455
-21.7613
-14.2675
-21.98
-14.505
-22.055
-14.505
-22.0363
-14.3863
-22.0738
-14.28
-22.08
-14.23
-21.98
-14.455
-21.98
-22.08
0.532
-21.98
0.532
-22.08
0.532
-21.98
0.532
-21.98
0.532
-21.98
0.532
-22.08
0.532
-14.58
0.532
-21.98
0.532
-22.0758
0.532
0.48
0.532
0.48
0.532
0.48
0.532
0.48
0.48
0.532
0.48
0.532
0.48
0.532
0.48
0.532
0.48
0.532
-21.88
0.532
-21.98
0.532
-21.98
0.532
-22.0175
0.532
-22.0488
0.532
-21.6238
0.532
-21.88
0.532
-21.88
0.532
-21.3988
0.48
-21.9654
-21.88
-21.7613
-21.68
-21.9863
-21.605
-22.055
-21.8925
-22.0363
-21.9363
-22.0738
-21.78
-22.0675
-21.7613
-22.0363
-21.3113
-22.0488
-21.555
0.532
-22.0758
0.532
-21.9383
0.532
-21.9758
0.532
-21.9758
0.532
-21.9758
0.532
-21.8383
0.532
-21.9758
0.532
-22.0633
0.532
-22.0113
0.532
0.48
0.532
0.48
0.532
0.48
0.532
0.48
0.48
0.532
0.48
0.532
0.48
0.532
0.48
0.532
0.48
0.532
-21.905
0.532
-21.98
0.532
-22.0113
0.532
-21.9613
0.532
-21.7425
0.532
-21.7863
0.532
-22.0175
0.532
-21.98
0.532
-21.3988
0.48
-21.98
-21.88
-21.7613
-21.8363
-21.9863
-21.7613
-22.055
-21.88
-22.0363
-21.9363
-22.055
-21.88
-22.03
-21.805
-21.9863
-21.9613
-22.055
-21.3988
0.532
-22.0738
0.532
-22.0175
0.532
-21.5113
0.532
-21.6675
0.532
-22.0425
0.532
-21.9425
0.532
-21.98
0.532
-21.78
0.532
-21.9592
0.532
0.48
0.532
0.48
0.532
0.48
0.532
0.48
0.48
0.532
0.48
0.532
0.48
0.532
0.48
0.532
0.48
0.532
-21.88
0.532
-22.0363
0.532
-22.0113
0.532
-21.9613
0.532
-21.7425
0.532
-21.7863
0.532
-22.0175
0.532
-21.9613
0.532
-21.3988
0.48
-21.9863
-22.005
-21.7613
-21.9133
-21.9863
-21.9383
-21.88
-22.0425
-22.0363
-22.0446
-21.9863
-21.98
-21.9488
-21.8383
-21.9863
-21.98
-21.8488
-22.08
0.532
-22.0758
0.532
-21.9758
0.532
-22.0633
0.532
-22.0342
0.532
-22.0342
0.532
-22.0342
0.532
-21.9175
0.532
-21.6675
0.532
-21.9331
0.532
0.48
0.532
0.48
0.532
0.48
0.532
0.48
0.48
0.532
0.48
0.532
0.48
0.532
0.48
0.532
0.48
0.532
-21.88
0.532
-22.0363
0.532
-22.0113
0.532
-21.9613
0.532
-21.7425
0.532
-21.7863
0.532
-22.0175
0.532
-21.9613
0.532
-21.3988
0.48
-21.83
-21.88
-21.7613
-21.9144
-21.9863
-22.0144
-21.88
-22.03
-21.9613
-21.3894
-21.9863
-22.0144
-21.9863
-22.0144
-21.9863
-22.0394
-22.0238
-21.4769
0.532
-21.83
0.532
-22.0581
0.532
-22.0581
0.532
-22.0144
0.532
-22.0144
0.532
-22.0144
0.532
-21.8831
0.532
-21.8206
0.532
-21.9175
0.532
0.48
0.532
0.48
0.532
0.48
0.532
0.48
0.48
0.532
0.48
0.532
0.48
0.532
0.48
0.532
0.48
0.532
-21.88
0.532
-22.0363
0.532
-22.0113
0.532
-21.9613
0.532
-21.7425
0.532
-21.7863
0.532
-22.0175
0.532
-21.9613
0.532
-21.3988
0.48
-21.9863
-22.02
-21.7613
-21.33
-21.9863
-22.055
-21.88
-21.9575
-21.9613
-22.055
-21.9863
-22.02
-22.0238
-21.94
-21.9863
-21.98
-21.8613
-21.555
0.532
-21.94
0.532
-21.94
0.532
-21.98
0.532
-22.005
0.532
-21.78
0.532
-21.98
0.532
-21.98
0.532
-21.63
0.532
-22.08
0.532
0.48
0.532
0.48
0.532
0.48
0.532
0.48
0.532
0.48
0.532
0.48
0.532
0.48
0.532
0.48
0.48
0.48
-21.9175
0.48
-21.98
0.48
-21.8675
0.48
-21.4675
0.48
-21.9175
0.48
-21.8675
0.48
-21.905
0.48
-21.98
0.48
-22.08
0.48
-22.0758
-14.455
-21.8383
-14.505
-21.98
-14.5425
-22.005
-13.8425
-21.8883
-13.8175
-22.0633
-14.505
-22.08
-14.23
-21.9758
-14.455
-21.9342
-22.08
0.532
-21.98
0.532
-22.08
0.532
-21.98
0.532
-21.98
0.532
-21.98
0.532
-22.08
0.532
-21.98
0.532
-21.98
0.532
-22.0758
0.532
0.48
0.532
0.48
0.532
0.48
0.532
0.48
0.48
0.532
0.48
0.532
0.48
0.532
0.48
0.532
0.48
0.532
-21.78
0.532
-21.78
0.532
-21.9467
0.532
-21.9217
0.532
-21.9467
0.532
-21.605
0.532
-21.9758
0.532
-21.9758
0.532
-22.08
0.48
-21.9675
-21.88
-21.8383
-21.8925
-22.0696
-21.7613
-22.0633
-21.6675
-21.8883
-21.78
-22.0633
-21.78
-22.0696
-21.7613
-21.6675
-21.98
-22.0175
-21.555
0.532
-22.0758
0.532
-21.9383
0.532
-21.9758
0.532
-21.9758
0.532
-21.9758
0.532
-21.8383
0.532
-21.9758
0.532
-22.0633
0.532
-21.98
0.532
0.48
0.532
0.48
0.532
0.48
0.532
0.48
0.48
0.532
0.48
0.532
0.48
0.532
0.48
0.532
0.48
0.532
-21.8592
0.532
-21.9217
0.532
-22.0342
0.532
-22.0342
0.532
-22.0342
0.532
-21.8383
0.532
-21.9758
0.532
-21.9758
0.532
-22.08
0.48
-21.9675
-21.88
-21.8383
-21.9488
-22.0467
-21.7821
-22.005
-21.8863
-21.8883
-21.8238
-22.0633
-21.9238
-21.9133
-21.7613
-21.8883
-21.98
-22.0633
-21.3988
0.532
-22.0613
0.532
-22.0175
0.532
-21.5113
0.532
-21.6675
0.532
-22.0425
0.532
-21.9425
0.532
-21.5113
0.532
-21.98
0.532
-21.9467
0.532
0.48
0.532
0.48
0.532
0.48
0.532
0.48
0.48
0.532
0.48
0.532
0.48
0.532
0.48
0.532
0.48
0.532
-21.78
0.532
-21.4092
0.532
-22.0342
0.532
-22.0342
0.532
-22.0342
0.532
-21.8383
0.532
-21.9758
0.532
-21.9758
0.532
-22.08
0.48
-22.005
-22.005
-21.8008
-22.0258
-22.005
-21.9383
-22.005
-22.0383
-21.8883
-21.3508
-22.005
-21.98
-22.0258
-21.8008
-21.8883
-21.9758
-21.8217
-22.08
0.532
-22.0758
0.532
-21.9758
0.532
-22.0633
0.532
-22.0342
0.532
-22.0342
0.532
-22.0342
0.532
-22.0342
0.532
-21.78
0.532
-21.93
0.532
0.48
0.532
0.48
0.532
0.48
0.532
0.48
0.48
0.532
0.48
0.532
0.48
0.532
0.48
0.532
0.48
0.532
-21.78
0.532
-21.4092
0.532
-22.0342
0.532
-22.0342
0.532
-22.0342
0.532
-22.0342
0.532
-21.9758
0.532
-21.9758
0.532
-22.08
0.48
-21.9633
-21.88
-21.8008
-22.0269
-22.005
-22.0144
-22.005
-22.0144
-21.8883
-21.8394
-22.005
-22.0144
-21.8675
-21.805
-21.905
-22.0394
-22.0425
-21.4769
0.532
-22.0425
0.532
-22.0019
0.532
-22.0144
0.532
-22.0144
0.532
-22.0144
0.532
-22.0144
0.532
-22.0144
0.532
-21.8019
0.532
-21.9175
0.532
0.48
0.532
0.48
0.532
0.48
0.532
0.48
0.48
0.532
0.48
0.532
0.48
0.532
0.48
0.532
0.48
0.532
-21.78
0.532
-21.4092
0.532
-22.0342
0.532
-22.0342
0.532
-22.0342
0.532
-22.0342
0.532
-21.9758
0.532
-21.9758
0.532
-22.08
0.48
-22.005
-22.02
-21.8008
-22.0675
-22.005
-22.055
-21.9133
-21.94
-21.8883
-22.04
-22.005
-22.02
-21.9508
-21.94
-21.905
-21.98
-21.9133
-21.555
0.532
-22.0775
0.532
-22.0775
0.532
-22.07
0.532
-22.005
0.532
-21.78
0.532
-21.98
0.532
-21.98
0.532
-21.63
0.532
-22.08
0.532
0.48
0.532
0.48
0.532
0.48
0.532
0.48
0.532
0.48
0.532
0.48
0.532
0.48
0.532
0.48
0.48
0.48
-21.78
0.48
-21.8581
0.48
-21.9081
0.48
-21.9956
0.48
-21.78
0.48
-21.8581
0.48
-21.9956
0.48
-22.0581
0.48
-21.4769
0.48
-22.055
-14.455
-22.0144
-14.5425
-21.98
-13.53
-22.0144
-14.6425
-22.08
-14.48
-22.0644
-14.5425
-22.08
-14.23
-21.98
-13.83
-21.9081
-22.08
0.532
-21.98
0.532
-22.08
0.532
-21.98
0.532
-21.98
0.532
-21.98
0.532
-22.08
0.532
-21.98
0.532
-21.98
0.532
-22.0758
0.532
0.48
0.532
0.48
0.532
0.48
0.532
0.48
0.48
0.532
0.48
0.532
0.48
0.532
0.48
0.532
0.48
0.532
-21.8019
0.532
-21.78
0.532
-21.9269
0.532
-21.9175
0.532
-21.8581
0.532
-21.705
0.532
-21.4769
0.532
-21.8769
0.532
-21.4769
0.48
-21.3894
-21.93
-22.0144
-21.83
-22.0144
-21.605
-22.0769
-21.6675
-22.0144
-21.605
-22.0144
-21.43
-22.03
-21.4675
-21.6675
-21.155
-22.0019
-21.555
0.532
-22.0758
0.532
-21.9383
0.532
-21.9758
0.532
-21.9758
0.532
-21.9758
0.532
-21.8383
0.532
-21.9758
0.532
-22.0633
0.532
-21.98
0.532
0.48
0.532
0.48
0.532
0.48
0.532
0.48
0.48
0.532
0.48
0.532
0.48
0.532
0.48
0.532
0.48
0.532
-21.8206
0.532
-21.8831
0.532
-22.0144
0.532
-21.9175
0.532
-21.98
0.532
-22.0581
0.532
-22.0581
0.532
-21.98
0.532
-21.4769
0.48
-21.3894
-21.9863
-22.0144
-21.9863
-22.0144
-21.7613
-22.0144
-21.9613
-22.0144
-21.7613
-22.0144
-21.9863
-22.0644
-21.7613
-21.8394
-21.9613
-22.0675
-21.3988
0.532
-22.0613
0.532
-22.0175
0.532
-21.5113
0.532
-21.6675
0.532
-22.0425
0.532
-21.9425
0.532
-21.5113
0.532
-21.98
0.532
-21.9467
0.532
0.48
0.532
0.48
0.532
0.48
0.532
0.48
0.48
0.532
0.48
0.532
0.48
0.532
0.48
0.532
0.48
0.532
-21.8019
0.532
-22.0144
0.532
-22.0144
0.532
-21.9175
0.532
-21.98
0.532
-21.3894
0.532
-22.0019
0.532
-21.98
0.532
-21.4769
0.48
-21.3894
-22.005
-22.0144
-22.005
-22.0144
-21.9383
-22.0144
-21.9383
-22.0144
-21.78
-22.0144
-22.005
-22.0269
-21.8008
-21.905
-21.9758
-21.805
-22.08
0.532
-22.0633
0.532
-21.9758
0.532
-22.0342
0.532
-22.0342
0.532
-22.0342
0.532
-22.0342
0.532
-22.0342
0.532
-21.78
0.532
-21.93
0.532
0.48
0.532
0.48
0.532
0.48
0.532
0.48
0.48
0.532
0.48
0.532
0.48
0.532
0.48
0.532
0.48
0.532
-21.8019
0.532
-22.0144
0.532
-22.0144
0.532
-21.9175
0.532
-21.98
0.532
-21.3894
0.532
-22.0019
0.532
-21.98
0.532
-21.4769
0.48
-21.98
-21.88
-22.0144
-22.0144
-22.0144
-22.0144
-22.0144
-21.9644
-22.0144
-22.0144
-22.0144
-22.0144
-22.0644
-22.0144
-21.8394
-21.3894
-22.0519
-21.4769
0.532
-22.0425
0.532
-22.0019
0.532
-22.0144
0.532
-22.0144
0.532
-22.0144
0.532
-22.0144
0.532
-22.0144
0.532
-21.8019
0.532
-21.9175
0.532
0.48
0.532
0.48
0.532
0.48
0.532
0.48
0.48
0.532
0.48
0.532
0.48
0.532
0.48
0.532
0.48
0.532
-21.8019
0.532
-22.0144
0.532
-22.0144
0.532
-21.9175
0.532
-21.98
0.532
-21.3894
0.532
-22.0019
0.532
-21.98
0.532
-21.4769
0.48
-21.3894
-22.02
-22.0144
-22.02
-22.0144
-22.055
-22.0144
-22.02
-22.0144
-22.02
-22.0144
-21.62
-21.83
-21.9175
-22.0269
-21.315
-21.9394
-21.555
0.532
-22.0775
0.532
-22.0775
0.532
-22.07
0.532
-22.005
0.532
-21.78
0.532
-21.98
0.532
-21.98
0.532
-21.63
0.532
-22.08
0.532
0.48
0.532
0.48
0.532
0.48
0.532
0.48
0.532
0.48
0.532
0.48
0.532
0.48
0.532
0.48
0.48
0.48
-21.78
0.48
-21.94
0.48
-21.8925
0.48
-22.0117
0.48
-21.94
0.48
-21.965
0.48
-21.765
0.48
-21.8525
0.48
-21.555
0.48
-22.055
-14.455
-21.94
-14.58
-21.94
-14.33
-22.07
-14.505
-22.0775
-14.23
-22.0775
-14.205
-22.08
-14.23
-22.0775
-14.455
-21.8925
-22.08
0.532
-21.98
0.532
-22.08
0.532
-21.98
0.532
-21.98
0.532
-21.98
0.532
-22.08
0.532
-21.98
0.532
-21.98
0.532
-22.0758
0.532
0.48
0.532
0.48
0.532
0.48
0.532
0.48
0.48
0.532
0.48
0.532
0.48
0.532
0.48
0.532
0.48
0.532
-21.8075
0.532
-21.2925
0.532
-21.9175
0.532
-21.9175
0.532
-21.94
0.532
-21.94
0.532
-21.94
0.532
-21.315
0.532
-21.555
0.48
-21.6675
-21.88
-21.94
-21.9675
-21.62
-21.605
-22.0775
-21.6675
-22.0775
-21.78
-22.0775
-21.78
-22.0463
-21.7613
-22.0325
-21.155
-21.9925
-21.555
0.532
-22.0758
0.532
-21.9383
0.532
-21.9758
0.532
-21.9758
0.532
-21.9758
0.532
-21.8383
0.532
-21.9758
0.532
-22.0633
0.532
-21.98
0.532
0.48
0.532
0.48
0.532
0.48
0.532
0.48
0.48
0.532
0.48
0.532
0.48
0.532
0.48
0.532
0.48
0.532
-21.8075
0.532
-21.98
0.532
-22.0075
0.532
-21.78
0.532
-21.98
0.532
-21.94
0.532
-22.0775
0.532
-22.07
0.532
-21.555
0.48
-22.07
-21.88
-21.94
-22.0238
-21.62
-21.7613
-22.07
-21.78
-21.94
-21.8238
-22.07
-21.88
-21.62
-21.7613
-21.6675
-21.98
-22.07
-21.3988
0.532
-22.0613
0.532
-22.0175
0.532
-21.5113
0.532
-21.6675
0.532
-22.0425
0.532
-21.9425
0.532
-21.5113
0.532
-21.98
0.532
-21.9467
0.532
0.48
0.532
0.48
0.532
0.48
0.532
0.48
0.48
0.532
0.48
0.532
0.48
0.532
0.48
0.532
0.48
0.532
-21.8075
0.532
-21.98
0.532
-22.0075
0.532
-21.78
0.532
-21.98
0.532
-21.94
0.532
-22.0775
0.532
-22.07
0.532
-21.555
0.48
-22.02
-22.005
-21.94
-22.0425
-21.62
-21.9383
-22.02
-21.9383
-21.94
-21.3508
-22.02
-21.98
-22.0675
-21.8008
-21.6675
-21.9758
-21.795
-22.08
0.532
-22.0758
0.532
-21.9758
0.532
-22.0342
0.532
-22.0342
0.532
-22.0342
0.532
-22.0342
0.532
-22.0342
0.532
-21.78
0.532
-21.93
0.532
0.48
0.532
0.48
0.532
0.48
0.532
0.48
0.48
0.532
0.48
0.532
0.48
0.532
0.48
0.532
0.48
0.532
-21.8075
0.532
-21.98
0.532
-22.0075
0.532
-21.78
0.532
-21.98
0.532
-21.94
0.532
-22.0775
0.532
-22.07
0.532
-21.555
0.48
-21.765
-21.88
-21.94
-22.0019
-21.62
-22.0144
-22.02
-21.9644
-22.02
-21.3894
-22.02
-22.0144
-21.94
-21.9019
-21.99
-21.98
-22.0575
-21.4769
0.532
-22.0425
0.532
-22.0019
0.532
-22.0144
0.532
-22.0144
0.532
-22.0144
0.532
-22.0144
0.532
-22.0144
0.532
-21.8019
0.532
-21.9175
0.532
0.48
0.532
0.48
0.532
0.48
0.532
0.48
0.48
0.532
0.48
0.532
0.48
0.532
0.48
0.532
0.48
0.532
-21.8075
0.532
-21.98
0.532
-22.0075
0.532
-21.78
0.532
-21.98
0.532
-21.94
0.532
-22.0775
0.532
-22.07
0.532
-21.555
0.48
-22.02
-22.02
-21.94
-22.0575
-21.62
-22.055
-22.02
-22.02
-21.94
-21.9575
-22.02
-22.02
-21.94
-21.9175
-21.395
-21.98
-21.955
-21.555
0.532
-22.0775
0.532
-22.0775
0.532
-22.07
0.532
-22.005
0.532
-21.78
0.532
-21.98
0.532
-21.98
0.532
-21.63
