0.788805
0.00602969
0.788805
0.00602969
0.788805
0.00602969
0.788805
0.00602969
0.702797
0.10853
0.33732
0.51082
0.00602969
0.788805
0.00602969
0.788805
0.00602969
0.788805
0.00602969
0.788805
0.00602969
0.788805
0.00602969
0.788805
0.00602969
0.788805
0.00602969
0.788805
-0.0639703
0.793422
-0.0777203
0.793422
-0.17147
0.793422
-0.17147
0.793422
-0.18397
0.659256
-0.18397
-0.16022
-0.17897
-0.17897
-0.17897
-0.17897
-0.17897
-0.17897
-0.17897
-0.17897
-0.17897
-0.17897
-0.18397
-0.13022
-0.18397
-0.17147
0.12103
-0.18397
0.793422
-0.17147
0.793422
-0.17147
0.793422
-0.0889703
0.793422
-0.0639703
0.788805
0.00602969
0.788805
0.00602969
0.788805
0.00602969
0.788805
0.00602969
0.793422
0.000526645
0.793422
0.000526645
0.793422
0.000526645
0.793422
0.000526645
0.793422
0.000526645
0.33732
0.52332
0.000526645
0.805922
0.000526645
0.805922
0.000526645
0.805922
0.000526645
0.805922
0.0597797
0.756203
0.0597797
0.756203
0.00602969
0.801305
0.00602969
0.801305
-0.17147
0.805922
-0.17147
0.805922
-0.17147
0.805922
-0.17147
0.805922
-0.18397
0.659256
-0.18397
0.17103
-0.18397
0.14103
-0.18397
0.0260297
-0.18397
0.0260297
-0.17772
0.13478
-0.18397
0.0260297
-0.18397
0.0260297
-0.17897
0.0210297
0.11603
-0.18397
0.793422
-0.0414703
0.793422
-0.0614703
0.793422
-0.0614703
0.793422
-0.17147
0.793422
-0.17147
0.793422
-0.17147
0.793422
-0.13397
0.793422
-0.0714703
0.793422
0.000526645
0.793422
0.000526645
0.793422
0.000526645
0.793422
0.000526645
0.793422
0.000526645
0.33732
0.52332
0.000526645
0.805922
0.00602969
0.801305
0.00602969
0.801305
0.00602969
0.801305
0.00602969
0.801305
0.00602969
0.801305
0.00602969
0.801305
0.00602969
0.801305
-0.0639703
0.805922
-0.17147
0.805922
-0.17147
0.805922
-0.17147
0.805922
-0.18397
0.659256
-0.18397
-0.0114703
-0.18397
-0.0739703
-0.17897
-0.0789703
-0.18397
-0.0152203
-0.17772
-0.0214703
-0.18397
-0.0739703
-0.18397
-0.0739703
-0.17897
-0.0689703
0.11853
-0.18397
0.793422
-0.0839703
0.793422
-0.15897
0.793422
-0.12772
0.793422
-0.0977203
0.793422
-0.10397
0.793422
-0.0789703
0.793422
-0.10397
0.793422
-0.10397
0.793422
0.000526645
0.793422
0.000526645
0.790203
0.00436302
0.790203
0.00436302
0.790203
0.00436302
0.33732
0.52332
0.00602969
0.801305
0.00602969
0.801305
0.00602969
0.801305
0.00602969
0.801305
0.00602969
0.801305
0.00602969
0.801305
0.00602969
0.801305
0.00602969
0.801305
-0.0639703
0.805922
-0.17147
0.805922
-0.17147
0.805922
-0.17147
0.805922
-0.18397
0.659256
-0.18397
-0.0373036
-0.18397
-0.0673036
-0.17897
-0.0935536
-0.17897
-0.112304
-0.17147
-0.0985536
-0.17897
-0.112304
-0.18397
-0.0673036
-0.17897
-0.112304
-0.18397
-0.156054
0.793422
-0.0798036
0.793422
-0.14647
0.793422
-0.117304
0.793422
-0.167304
0.793422
-0.0664703
0.793422
-0.0664703
0.793422
-0.070637
0.793422
-0.070637
0.793422
0.000526645
0.793422
0.000526645
0.793422
0.000526645
0.793422
0.000526645
0.768352
0.0304047
0.33732
0.52332
0.00602969
0.801305
0.00602969
0.801305
0.00602969
0.801305
0.00602969
0.801305
0.00602969
0.801305
0.00602969
0.801305
0.00602969
0.801305
0.00602969
0.801305
-0.0639703
0.805922
-0.17147
0.805922
-0.17147
0.805922
-0.17147
0.805922
-0.18397
0.659256
-0.18397
-0.0833453
-0.18397
-0.0933453
-0.17897
-0.11897
-0.18397
-0.0933453
-0.17897
-0.12897
-0.18397
-0.0933453
-0.18397
-0.0933453
-0.17897
-0.12897
0.12103
-0.18397
0.793422
-0.167095
0.793422
-0.0789703
0.793422
-0.16397
0.793422
-0.167095
0.793422
-0.0508453
0.793422
-0.0539703
0.793422
-0.0539703
0.793422
-0.0539703
0.793422
0.000526645
0.793422
0.000526645
0.793422
0.000526645
0.793422
0.000526645
0.755241
0.0460297
0.33732
0.52332
0.00602969
0.801305
0.00602969
0.801305
0.00602969
0.801305
0.00602969
0.801305
0.00602969
0.801305
0.00602969
0.801305
0.00602969
0.801305
0.00602969
0.801305
-0.0639703
0.805922
-0.0889703
0.805922
-0.17147
0.805922
-0.17147
0.805922
-0.18397
0.659256
-0.18397
-0.10897
-0.17897
-0.13897
-0.17897
-0.13897
-0.17897
-0.13897
-0.17897
-0.12897
-0.18397
-0.10897
-0.18397
-0.10897
-0.17897
-0.12897
0.12103
-0.18397
0.793422
-0.15147
0.793422
-0.14897
0.793422
-0.10772
0.793422
-0.15147
0.793422
-0.0439703
0.793422
-0.0227203
0.793422
-0.0439703
0.793422
-0.0439703
0.805922
-0.0686277
0.805922
0.000526645
0.805922
0.000526645
0.805922
0.000526645
0.805922
0.000526645
0.33732
0.51082
0.000526645
0.793422
0.000526645
0.793422
0.000526645
0.793422
0.000526645
0.793422
-0.17147
0.793422
-0.17147
0.793422
-0.17147
0.793422
-0.17147
0.793422
-0.17147
0.793422
-0.17147
0.793422
-0.17147
0.793422
-0.17147
0.793422
-0.18397
0.659256
0.0260297
-0.18397
0.0210297
-0.17897
0.0260297
-0.18397
0.0260297
-0.18397
0.0260297
-0.15897
0.0260297
-0.18397
0.0260297
-0.18397
0.0160297
-0.17147
0.0985297
-0.18397
0.805922
-0.17147
0.805922
-0.17147
0.805922
-0.17147
0.805922
-0.17147
0.801305
0.00602969
0.801305
0.00602969
0.756203
0.0597797
0.756203
0.0597797
0.805922
0.000526645
0.805922
0.000526645
0.805922
0.000526645
0.805922
0.000526645
0.805922
0.000526645
0.33732
0.52332
0.000526645
0.805922
0.000526645
0.805922
0.000526645
0.805922
0.000526645
0.805922
-0.0748036
0.805922
-0.0223036
0.805922
-0.0714703
0.805922
-0.0614703
0.805922
-0.13397
0.805922
-0.13397
0.805922
-0.17147
0.805922
-0.17147
0.805922
-0.18397
0.659256
0.15978
0.0160297
-0.12772
-0.13147
-0.12522
-0.0714703
0.13228
0.15978
0.16478
0.14478
0.0160297
0.15978
-0.0639703
-0.13022
0.14478
0.16478
-0.0564703
-0.18397
0.805922
-0.0677203
0.805922
-0.17147
0.805922
-0.17147
0.805922
-0.17147
0.805922
-0.17147
0.805922
-0.0614703
0.805922
-0.122304
0.805922
-0.134804
0.805922
0.000526645
0.805922
0.000526645
0.805922
0.000526645
0.805922
0.000526645
0.805922
0.000526645
0.33732
0.52332
0.000526645
0.805922
0.000526645
0.805922
0.000526645
0.805922
0.000526645
0.805922
-0.0748036
0.805922
-0.0714703
0.805922
-0.0714703
0.805922
-0.0614703
0.805922
-0.13397
0.805922
-0.13397
0.805922
-0.17147
0.805922
-0.17147
0.805922
-0.18397
0.659256
0.15978
-0.0239703
-0.0639703
-0.15897
-0.0639703
-0.15897
0.15978
-0.0277203
-0.0639703
-0.0277203
-0.0639703
-0.15897
-0.0639703
-0.12897
0.15978
-0.15897
0.00852969
-0.18397
0.805922
-0.0739703
0.805922
-0.0964703
0.805922
-0.15022
0.805922
-0.0902203
0.805922
-0.0902203
0.805922
-0.0902203
0.805922
-0.0139703
0.805922
-0.0389703
0.802703
0.00436302
0.802703
0.00436302
0.802703
0.00436302
0.805922
0.000526645
0.805922
0.000526645
0.33732
0.52332
0.000526645
0.805922
0.000526645
0.805922
0.000526645
0.805922
0.000526645
0.805922
-0.17147
0.805922
-0.0714703
0.805922
-0.0714703
0.805922
-0.17147
0.805922
-0.13397
0.805922
-0.17147
0.805922
-0.17147
0.805922
-0.17147
0.805922
-0.18397
0.659256
0.15978
-0.113554
0.0260297
-0.167304
0.0210297
-0.112304
0.13478
-0.0548036
0.0260297
-0.0760536
0.0210297
-0.0823036
0.0335297
-0.171054
0.14103
-0.167304
0.0335297
-0.156054
0.805922
-0.0798036
0.805922
-0.117304
0.805922
-0.0698036
0.805922
-0.0402203
0.805922
-0.0277203
0.805922
-0.0364703
0.802703
0.00436302
0.802703
0.00436302
0.805922
0.000526645
0.780852
0.0304047
0.805922
0.000526645
0.805922
0.000526645
0.805922
0.000526645
0.33732
0.52332
0.000526645
0.805922
0.000526645
0.805922
0.000526645
0.805922
0.000526645
0.805922
-0.17147
0.805922
-0.0714703
0.805922
-0.0714703
0.805922
-0.0614703
0.805922
-0.13397
0.805922
-0.13397
0.805922
-0.17147
0.805922
-0.17147
0.805922
-0.18397
0.659256
0.15978
-0.152095
0.0260297
-0.155845
0.0260297
-0.13397
0.0160297
-0.0933453
0.13478
-0.0995953
0.0260297
-0.13022
0.0210297
-0.12897
0.14103
-0.155845
0.0985297
-0.18397
0.805922
-0.0895953
0.805922
-0.154595
0.805922
-0.167095
0.805922
-0.0889703
0.805922
-0.0152203
0.805922
-0.0183453
0.805922
-0.0183453
0.805922
-0.0183453
0.805922
0.000526645
0.805922
0.000526645
0.805922
0.000526645
0.805922
0.000526645
0.805922
0.000526645
0.33732
0.52332
0.000526645
0.805922
0.000526645
0.805922
0.000526645
0.805922
0.000526645
0.805922
-0.17147
0.805922
-0.0714703
0.805922
-0.0714703
0.805922
-0.0614703
0.805922
-0.13397
0.805922
-0.17147
0.805922
-0.17147
0.805922
-0.17147
0.805922
-0.18397
0.659256
0.15978
-0.14397
0.0210297
-0.13897
0.0160297
-0.10897
0.0260297
-0.11772
0.0160297
-0.0902203
0.0560297
-0.13147
0.0210297
-0.12897
0.15978
-0.16147
0.0985297
-0.18397
0.805922
-0.10897
0.805922
-0.10897
0.805922
-0.12897
0.805922
-0.15147
0.805922
-0.00272031
0.805922
-0.00272031
0.805922
-0.00272031
0.805922
-0.00272031
0.801305
0.00602969
0.801305
0.00602969
0.801305
0.00602969
0.805922
0.000526645
0.805922
0.000526645
0.33732
0.51082
0.000526645
0.793422
0.000526645
0.793422
0.000526645
0.793422
0.000526645
0.793422
-0.10397
0.793422
-0.0977203
0.793422
-0.10397
0.793422
-0.0477203
0.793422
-0.0977203
0.793422
-0.15897
0.793422
-0.15897
0.793422
-0.15897
0.793422
-0.18397
0.659256
-0.0739703
-0.18397
-0.0789703
-0.17897
-0.0739703
-0.18397
-0.0739703
-0.18397
-0.0839703
-0.17147
-0.0739703
-0.18397
-0.0739703
-0.18397
-0.0839703
-0.17147
0.0710297
-0.18397
0.805922
-0.17147
0.805922
-0.17147
0.805922
-0.17147
0.805922
-0.0889703
0.801305
0.00602969
0.801305
0.00602969
0.801305
0.00602969
0.801305
0.00602969
0.805922
-0.134804
0.805922
0.000526645
0.805922
0.000526645
0.805922
0.000526645
0.805922
0.000526645
0.33732
0.52332
0.000526645
0.805922
0.000526645
0.805922
0.000526645
0.805922
0.000526645
0.805922
-0.0389703
0.805922
-0.0139703
0.805922
-0.0902203
0.805922
-0.0902203
0.805922
-0.0902203
0.805922
-0.15022
0.805922
-0.10022
0.805922
-0.0152203
0.805922
-0.18397
0.659256
-0.12397
0.00977969
-0.12772
0.0360297
-0.15897
-0.0639703
-0.0239703
0.15978
-0.15897
0.14478
-0.12772
0.15978
-0.15897
-0.0639703
-0.0177203
0.16478
-0.00897031
-0.18397
0.805922
-0.17147
0.805922
-0.17147
0.805922
-0.17147
0.805922
-0.0714703
0.805922
-0.17147
0.805922
-0.0614703
0.805922
-0.0714703
0.805922
-0.134804
0.805922
-0.0477203
0.805922
0.000526645
0.805922
0.000526645
0.805922
0.000526645
0.805922
0.000526645
0.33732
0.52332
0.000526645
0.805922
0.000526645
0.805922
0.000526645
0.805922
0.000526645
0.805922
-0.0439703
0.805922
-0.0977203
0.805922
-0.0977203
0.805922
-0.0977203
0.805922
-0.0789703
0.805922
-0.12772
0.805922
-0.15897
0.805922
-0.15897
0.805922
-0.18397
0.659256
-0.12397
-0.12397
-0.12772
-0.0152203
-0.12772
-0.0739703
-0.12397
-0.12397
-0.12397
-0.12022
-0.12397
-0.11397
-0.12272
-0.11897
-0.12397
-0.12397
0.0247797
-0.18397
0.805922
-0.12772
0.805922
-0.0839703
0.805922
-0.12772
0.805922
-0.10397
0.805922
-0.10397
0.805922
-0.0977203
0.805922
-0.10397
0.805922
-0.10397
0.802703
0.00436302
0.802703
0.00436302
0.802703
0.00436302
0.802703
0.00436302
0.805922
0.000526645
0.33732
0.52332
0.000526645
0.805922
0.000526645
0.805922
0.000526645
0.805922
0.000526645
0.805922
-0.0439703
0.805922
-0.0977203
0.805922
-0.0977203
0.805922
-0.10397
0.805922
-0.0789703
0.805922
-0.12772
0.805922
-0.15897
0.805922
-0.15897
0.805922
-0.18397
0.659256
-0.00272031
-0.0735536
0.00227969
-0.0885536
-0.11897
-0.174804
-0.0214703
-0.0548036
-0.0739703
-0.0760536
-0.0839703
-0.0635536
-0.12272
-0.171054
-0.14647
-0.13272
-0.12272
-0.156054
0.805922
-0.117304
0.805922
-0.0760536
0.805922
-0.0698036
0.805922
-0.167304
0.805922
-0.0539703
0.805922
-0.0664703
0.805922
-0.0539703
0.805922
-0.070637
0.805922
0.000526645
0.805922
0.000526645
0.805922
0.000526645
0.780852
0.0304047
0.805922
0.000526645
0.33732
0.52332
0.000526645
0.805922
0.000526645
0.805922
0.000526645
0.805922
0.000526645
0.805922
-0.0439703
0.805922
-0.0977203
0.805922
-0.0977203
0.805922
-0.0977203
0.805922
-0.10397
0.805922
-0.12772
0.805922
-0.15897
0.805922
-0.15897
0.805922
-0.18397
0.659256
-0.0739703
-0.152095
-0.0739703
-0.155845
-0.0639703
-0.155845
-0.0839703
-0.0933453
-0.0839703
-0.0633453
-0.0214703
-0.0995953
-0.0739703
-0.155845
-0.0152203
-0.155845
0.0710297
-0.18397
0.805922
-0.117095
0.805922
-0.154595
0.805922
-0.167095
0.805922
-0.167095
0.805922
-0.0258453
0.805922
-0.0508453
0.805922
-0.0227203
0.805922
-0.0539703
0.805922
0.000526645
0.805922
0.000526645
0.805922
0.000526645
0.805922
0.000526645
0.805922
0.000526645
0.33732
0.52332
0.000526645
0.805922
0.000526645
0.805922
0.000526645
0.805922
0.000526645
0.805922
-0.10397
0.805922
-0.0977203
0.805922
-0.0977203
0.805922
-0.0977203
0.805922
-0.10397
0.805922
-0.12772
0.805922
-0.15897
0.805922
-0.15897
0.805922
-0.18397
0.659256
-0.0839703
-0.10897
-0.0789703
-0.13897
-0.0739703
-0.16147
-0.0839703
-0.0989703
-0.0839703
-0.0902203
-0.0214703
-0.11522
-0.0752203
-0.12897
-0.0152203
-0.13147
0.0710297
-0.18397
0.805922
-0.10897
0.805922
-0.14897
0.805922
-0.12897
0.805922
-0.15147
0.805922
-0.0314703
0.805922
-0.000220311
0.805922
-0.0227203
0.805922
-0.0177203
0.801305
0.00602969
0.801305
0.00602969
0.801305
0.00602969
0.801305
0.00602969
0.805922
0.000526645
0.33732
0.51082
0.00436302
0.790203
0.00436302
0.790203
0.000526645
0.793422
0.000526645
0.793422
-0.070637
0.793422
-0.070637
0.793422
-0.070637
0.793422
-0.070637
0.793422
-0.167304
0.793422
-0.167304
0.793422
-0.167304
0.793422
-0.167304
0.793422
-0.156054
0.539103
-0.107304
-0.18397
-0.112304
-0.17897
-0.107304
-0.18397
-0.107304
-0.18397
-0.117304
-0.17147
-0.112304
-0.17897
-0.112304
-0.17897
-0.117304
-0.17147
0.0835297
-0.18397
0.805922
-0.17147
0.805922
-0.17147
0.805922
-0.17147
0.805922
-0.0889703
0.801305
0.00602969
0.801305
0.00602969
0.801305
0.00602969
0.801305
0.00602969
0.805922
0.000526645
0.805922
0.000526645
0.805922
0.000526645
0.805922
0.000526645
0.805922
0.000526645
0.33732
0.52332
0.000526645
0.805922
0.00436302
0.802703
0.00436302
0.802703
0.00436302
0.802703
0.00436302
0.802703
0.00436302
0.802703
-0.0364703
0.805922
-0.0277203
0.805922
-0.0402203
0.805922
-0.167304
0.805922
-0.167304
0.805922
-0.117304
0.805922
-0.156054
0.539103
-0.174804
0.0435297
-0.117304
0.0360297
-0.167304
0.0260297
-0.117304
0.15978
-0.167304
0.14478
-0.117304
0.15978
-0.167304
0.0260297
-0.0735536
0.16478
0.0285297
-0.18397
0.805922
-0.0414703
0.805922
-0.17147
0.805922
-0.17147
0.805922
-0.0414703
0.805922
-0.17147
0.805922
-0.0614703
0.805922
-0.0714703
0.805922
-0.17147
0.805922
0.000526645
0.805922
0.000526645
0.805922
0.000526645
0.805922
0.000526645
0.805922
0.000526645
0.33732
0.52332
0.00436302
0.802703
0.00436302
0.802703
0.00436302
0.802703
0.00436302
0.802703
-0.070637
0.805922
-0.0539703
0.805922
-0.0664703
0.805922
-0.0539703
0.805922
-0.14647
0.805922
-0.167304
0.805922
-0.167304
0.805922
-0.117304
0.805922
-0.156054
0.539103
-0.117304
-0.0152203
-0.0735536
-0.0214703
-0.0798036
-0.0739703
-0.0573036
-0.0539703
-0.112304
-0.0689703
-0.14272
-0.12772
-0.174804
-0.11897
-0.14647
-0.0739703
0.051863
-0.18397
0.805922
-0.0277203
0.805922
-0.15897
0.805922
-0.15897
0.805922
-0.0939703
0.805922
-0.10397
0.805922
-0.0977203
0.805922
-0.10397
0.805922
-0.10397
0.805922
-0.070637
0.805922
0.000526645
0.802703
0.00436302
0.802703
0.00436302
0.802703
0.00436302
0.33732
0.52332
0.00436302
0.802703
0.00436302
0.802703
0.000526645
0.805922
0.000526645
0.805922
-0.070637
0.805922
-0.0539703
0.805922
-0.0664703
0.805922
-0.070637
0.805922
-0.14647
0.805922
-0.167304
0.805922
-0.167304
0.805922
-0.117304
0.805922
-0.156054
0.539103
-0.117304
-0.0673036
-0.0735536
-0.0548036
-0.144804
-0.174804
-0.0735536
-0.0548036
-0.112304
-0.102304
-0.112304
-0.0935536
-0.174804
-0.171054
-0.174804
-0.174804
-0.174804
-0.156054
0.805922
-0.117304
0.805922
-0.117304
0.805922
-0.0698036
0.805922
-0.117304
0.805922
-0.0539703
0.805922
-0.0664703
0.805922
-0.0539703
0.805922
-0.070637
0.805922
-0.0539703
0.805922
0.000526645
0.805922
0.000526645
0.805922
0.000526645
0.780852
0.0304047
0.33732
0.52332
0.00436302
0.802703
0.00436302
0.802703
0.000526645
0.805922
0.000526645
0.805922
-0.070637
0.805922
-0.0539703
0.805922
-0.0664703
0.805922
-0.0539703
0.805922
-0.14647
0.805922
-0.167304
0.805922
-0.167304
0.805922
-0.117304
0.805922
-0.156054
0.539103
-0.0485536
-0.0870953
-0.0735536
-0.0958453
-0.117304
-0.0933453
-0.112304
-0.12522
-0.112304
-0.11897
-0.0735536
-0.0995953
-0.0673036
-0.13022
-0.0485536
-0.13022
0.0835297
-0.18397
0.805922
-0.167095
0.805922
-0.154595
0.805922
-0.167095
0.805922
-0.167095
0.805922
-0.0508453
0.805922
-0.0508453
0.805922
-0.0227203
0.805922
-0.0539703
0.805922
-0.0439703
0.805922
0.000526645
0.805922
0.000526645
0.805922
0.000526645
0.805922
0.000526645
0.33732
0.52332
0.00436302
0.802703
0.00436302
0.802703
0.000526645
0.805922
0.000526645
0.805922
-0.070637
0.805922
-0.0539703
0.805922
-0.0664703
0.805922
-0.0539703
0.805922
-0.14647
0.805922
-0.167304
0.805922
-0.167304
0.805922
-0.117304
0.805922
-0.156054
0.539103
-0.117304
-0.10897
-0.112304
-0.13897
-0.117304
-0.10897
-0.112304
-0.13897
-0.112304
-0.13522
-0.0735536
-0.11522
-0.108554
-0.13522
-0.112304
-0.13897
0.0835297
-0.18397
0.805922
-0.10897
0.805922
-0.14897
0.805922
-0.12897
0.805922
-0.15147
0.805922
-0.0177203
0.805922
-0.000220311
0.805922
-0.0227203
0.805922
-0.0177203
0.801305
0.00602969
0.801305
0.00602969
0.801305
0.00602969
0.801305
0.00602969
0.805922
0.000526645
0.33732
0.51082
0.000526645
0.793422
0.000526645
0.793422
0.000526645
0.793422
0.000526645
0.793422
-0.0539703
0.793422
-0.0539703
0.793422
-0.0539703
0.793422
-0.0539703
0.793422
-0.167095
0.793422
-0.167095
0.793422
-0.167095
0.793422
-0.167095
0.793422
-0.18397
0.659256
-0.12897
-0.16772
-0.12897
-0.17897
-0.12897
-0.15397
-0.13397
-0.16022
-0.13397
-0.14647
-0.12897
-0.17897
-0.12897
-0.17897
-0.13397
-0.17147
0.0929047
-0.18397
0.805922
-0.17147
0.805922
-0.17147
0.805922
-0.17147
0.805922
-0.0639703
0.801305
0.00602969
0.801305
0.00602969
0.801305
0.00602969
0.801305
0.00602969
0.805922
0.000526645
0.805922
0.000526645
0.805922
0.000526645
0.805922
0.000526645
0.805922
0.000526645
0.33732
0.52332
0.000526645
0.805922
0.000526645
0.805922
0.0304047
0.780852
0.000526645
0.805922
0.000404689
0.805922
-0.0183453
0.805922
-0.0183453
0.805922
-0.0152203
0.805922
-0.167095
0.805922
-0.167095
0.805922
-0.167095
0.805922
-0.0895953
0.805922
-0.18397
0.659256
-0.155845
0.14478
-0.155845
0.0360297
-0.17147
0.0360297
-0.155845
0.15978
-0.17147
0.14478
-0.155845
0.15978
-0.17147
0.0260297
-0.0995953
0.16478
0.0504047
-0.18397
0.805922
-0.0414703
0.805922
-0.17147
0.805922
-0.17147
0.805922
-0.0414703
0.805922
-0.17147
0.805922
-0.17147
0.805922
-0.0714703
0.805922
-0.17147
0.805922
0.000526645
0.805922
0.000526645
0.805922
0.000526645
0.805922
0.000526645
0.805922
0.000526645
0.33732
0.52332
0.0304047
0.780852
0.000526645
0.805922
0.000526645
0.805922
0.000526645
0.805922
-0.0539703
0.805922
-0.0227203
0.805922
-0.0508453
0.805922
-0.0508453
0.805922
-0.167095
0.805922
-0.167095
0.805922
-0.167095
0.805922
-0.167095
0.805922
-0.18397
0.659256
-0.155845
-0.0152203
-0.155845
-0.0739703
-0.12522
-0.0789703
-0.12897
-0.0489703
-0.12897
-0.0689703
-0.0995953
0.00852969
-0.155845
-0.0739703
-0.155845
-0.0739703
0.0685297
-0.18397
0.805922
-0.0277203
0.805922
-0.15897
0.805922
-0.15897
0.805922
-0.10397
0.805922
-0.10397
0.805922
-0.0789703
0.805922
-0.10397
0.805922
-0.10397
0.805922
-0.070637
0.805922
0.000526645
0.802703
0.00436302
0.802703
0.00436302
0.802703
0.00436302
0.33732
0.52332
0.000526645
0.805922
0.000526645
0.805922
0.000526645
0.805922
0.000526645
0.805922
-0.0539703
0.805922
-0.0227203
0.805922
-0.0508453
0.805922
-0.0508453
0.805922
-0.167095
0.805922
-0.167095
0.805922
-0.167095
0.805922
-0.167095
0.805922
-0.18397
0.659256
-0.12897
-0.108554
-0.12897
-0.112304
-0.12897
-0.112304
-0.12897
-0.102304
-0.12897
-0.112304
-0.12897
-0.102304
-0.12522
-0.0823036
-0.12897
-0.112304
-0.18397
-0.156054
0.805922
-0.117304
0.805922
-0.117304
0.805922
-0.0698036
0.805922
-0.117304
0.805922
-0.0539703
0.805922
-0.0539703
0.805922
-0.0539703
0.805922
-0.070637
0.805922
-0.0539703
0.805922
0.000526645
0.805922
0.000526645
0.805922
0.000526645
0.780852
0.0304047
0.33732
0.52332
0.000526645
0.805922
0.000526645
0.805922
0.000526645
0.805922
0.000526645
0.805922
-0.0539703
0.805922
-0.0227203
0.805922
-0.0508453
0.805922
-0.0508453
0.805922
-0.167095
0.805922
-0.167095
0.805922
-0.167095
0.805922
-0.167095
0.805922
-0.18397
0.659256
-0.12897
-0.12897
-0.12897
-0.12897
-0.12522
-0.0989703
-0.11897
-0.12897
-0.12897
-0.12897
-0.12897
-0.12522
-0.0933453
-0.13022
-0.0933453
-0.13022
0.0929047
-0.18397
0.805922
-0.167095
0.805922
-0.154595
0.805922
-0.167095
0.805922
-0.167095
0.805922
-0.0508453
0.805922
-0.0508453
0.805922
-0.0227203
0.805922
-0.0539703
0.805922
-0.0439703
0.805922
0.000526645
0.805922
0.000526645
0.805922
0.000526645
0.767741
0.0460297
0.33732
0.52332
0.000526645
0.805922
0.000526645
0.805922
0.000526645
0.805922
0.000526645
0.805922
-0.0539703
0.805922
-0.0227203
0.805922
-0.0508453
0.805922
-0.0508453
0.805922
-0.167095
0.805922
-0.167095
0.805922
-0.167095
0.805922
-0.167095
0.805922
-0.18397
0.659256
-0.13397
-0.10897
-0.12897
-0.12897
-0.13397
-0.0989703
-0.11897
-0.12897
-0.12897
-0.13522
-0.12897
-0.10897
-0.12522
-0.12897
-0.12897
-0.13897
0.0929047
-0.18397
0.805922
-0.10522
0.805922
-0.14897
0.805922
-0.12897
0.805922
-0.15147
0.805922
-0.0177203
0.805922
-0.00272031
0.805922
-0.0227203
0.805922
-0.0177203
0.801305
0.00602969
0.801305
0.00602969
0.801305
0.00602969
0.801305
0.00602969
0.805922
0.000526645
0.33732
0.51082
0.000526645
0.793422
0.000526645
0.793422
0.000526645
0.793422
0.000526645
0.793422
-0.0439703
0.793422
-0.0439703
0.793422
-0.0439703
0.793422
-0.0439703
0.793422
-0.15147
0.793422
-0.15147
0.793422
-0.15147
0.793422
-0.14147
0.793422
-0.18397
0.659256
-0.13897
-0.16772
-0.13897
-0.17897
-0.13897
-0.15397
-0.14397
-0.16022
-0.14397
-0.14647
-0.13897
-0.17897
-0.13897
-0.17897
-0.14397
-0.17147
0.0985297
-0.18397
0.805922
-0.17147
0.805922
-0.17147
0.805922
-0.0889703
0.805922
-0.0889703
0.801305
0.00602969
0.801305
0.00602969
0.801305
0.00602969
0.801305
0.00602969
0.805922
0.000526645
0.805922
0.000526645
0.805922
0.000526645
0.805922
0.000526645
0.805922
0.000526645
0.33732
0.52332
0.000526645
0.805922
0.000526645
0.805922
0.000526645
0.805922
0.000526645
0.805922
-0.00272031
0.805922
-0.00272031
0.805922
-0.00272031
0.805922
-0.00272031
0.805922
-0.15147
0.805922
-0.15147
0.805922
-0.10897
0.805922
-0.10897
0.805922
-0.18397
0.659256
-0.17397
0.0447797
-0.10897
0.0460297
-0.17397
0.0260297
-0.11522
0.16478
-0.10897
0.0197797
-0.16147
0.15978
-0.17397
0.0260297
-0.11147
0.16478
0.0635297
-0.18397
0.805922
-0.17147
0.805922
-0.17147
0.805922
-0.17147
0.805922
-0.0414703
0.805922
-0.17147
0.805922
-0.0614703
0.805922
-0.0714703
0.805922
-0.17147
0.805922
0.000526645
0.805922
0.000526645
0.805922
0.000526645
0.805922
0.000526645
0.805922
0.000526645
0.33732
0.52332
0.000526645
0.805922
0.000526645
0.805922
0.000526645
0.805922
0.000526645
0.805922
-0.0439703
0.805922
-0.0227203
0.805922
-0.000220311
0.805922
-0.0314703
0.805922
-0.15147
0.805922
-0.15147
0.805922
-0.15147
0.805922
-0.10897
0.805922
-0.18397
0.659256
-0.11522
-0.0214703
-0.16147
-0.0152203
-0.16147
-0.0739703
-0.11772
-0.0739703
-0.12147
-0.0702203
-0.11522
0.00852969
-0.16147
-0.0739703
-0.16147
-0.0739703
0.0785297
-0.18397
0.805922
-0.15897
0.805922
-0.15897
0.805922
-0.15897
0.805922
-0.0939703
0.805922
-0.10397
0.805922
-0.0977203
0.805922
-0.10397
0.805922
-0.10397
0.805922
-0.070637
0.805922
0.000526645
0.802703
0.00436302
0.802703
0.00436302
0.802703
0.00436302
0.33732
0.52332
0.000526645
0.805922
0.000526645
0.805922
0.000526645
0.805922
0.000526645
0.805922
-0.0439703
0.805922
-0.0227203
0.805922
-0.000220311
0.805922
-0.0439703
0.805922
-0.15147
0.805922
-0.15147
0.805922
-0.15147
0.805922
-0.10897
0.805922
-0.18397
0.659256
-0.11522
-0.0735536
-0.12897
-0.112304
-0.12897
-0.112304
-0.11522
-0.0735536
-0.10897
-0.117304
-0.13897
-0.0823036
-0.13897
-0.112304
-0.13897
-0.112304
-0.18397
-0.156054
0.805922
-0.117304
0.805922
-0.117304
0.805922
-0.0698036
0.805922
-0.117304
0.805922
-0.0539703
0.805922
-0.0664703
0.805922
-0.0539703
0.805922
-0.033137
0.805922
-0.0539703
0.805922
0.000526645
0.805922
0.000526645
0.805922
0.000526645
0.780852
0.0304047
0.33732
0.52332
0.000526645
0.805922
0.000526645
0.805922
0.000526645
0.805922
0.000526645
0.805922
-0.0439703
0.805922
-0.0227203
0.805922
-0.000220311
0.805922
-0.0314703
0.805922
-0.15147
0.805922
-0.15147
0.805922
-0.15147
0.805922
-0.10897
0.805922
-0.18397
0.659256
-0.13897
-0.12897
-0.12897
-0.12897
-0.13897
-0.0989703
-0.11522
-0.0958453
-0.11522
-0.0995953
-0.10897
-0.13022
-0.13897
-0.12522
-0.0902203
-0.13022
0.0985297
-0.18397
0.805922
-0.16397
0.805922
-0.154595
0.805922
-0.167095
0.805922
-0.0852203
0.805922
-0.0508453
0.805922
-0.0508453
0.805922
-0.0227203
0.805922
-0.0539703
0.805922
-0.0439703
0.805922
0.000526645
0.805922
0.000526645
0.805922
0.000526645
0.767741
0.0460297
0.33732
0.52332
0.000526645
0.805922
0.000526645
0.805922
0.000526645
0.805922
0.000526645
0.805922
-0.0439703
0.805922
-0.0227203
0.805922
-0.000220311
0.805922
-0.0314703
0.805922
-0.15147
0.805922
-0.15147
0.805922
-0.15147
0.805922
-0.10897
0.805922
-0.18397
0.659256
-0.14397
-0.10897
-0.12897
-0.12897
-0.13397
-0.0989703
-0.11522
-0.11147
-0.13522
-0.12022
-0.11522
-0.11522
-0.13897
-0.13522
-0.14397
-0.10897
0.0985297
-0.18397
0.805922
-0.10897
0.805922
-0.14897
0.805922
-0.12897
0.805922
-0.15147
0.805922
-0.0177203
0.805922
-0.000220311
0.805922
-0.0227203
0.805922
-0.0177203
