0.633122
0.184942
0.633122
0.184942
0.633122
0.184942
0.633122
0.184942
0.547114
0.287442
0.334297
0.507797
0.184942
0.633122
0.184942
0.633122
0.184942
0.633122
0.184942
0.633122
0.184942
0.633122
0.0899419
0.712836
0.0899419
0.712836
0.0899419
0.712836
0.0899419
0.712836
0.00744192
0.775333
0.00744192
0.775333
0.00744192
0.775333
-0.00505808
0.650348
-5.80792e-05
-5.80792e-05
-5.80792e-05
-5.80792e-05
-5.80792e-05
0.0249419
-5.80792e-05
-5.80792e-05
-5.80792e-05
-5.80792e-05
-5.80792e-05
-5.80792e-05
-5.80792e-05
-5.80792e-05
-5.80792e-05
-5.80792e-05
0.299942
-0.00505808
0.775333
0.00744192
0.775333
0.00744192
0.775333
0.00744192
0.712836
0.0899419
0.712836
0.0899419
0.712836
0.0899419
0.712836
0.0899419
0.633122
0.184942
0.782515
-0.00499721
0.782515
-0.00499721
0.782515
-0.00499721
0.782515
-0.00499721
0.751295
0.0441086
0.334297
0.520297
0.0331482
0.772992
-0.00499721
0.795015
-0.00499721
0.795015
-0.00499721
0.795015
-0.00505808
0.795015
-0.00505808
0.795015
-0.00505808
0.795015
-0.00505808
0.795015
0.00744192
0.787833
0.00744192
0.787833
0.00744192
0.787833
0.00744192
0.787833
-0.00505808
0.650348
0.00619192
0.349942
-0.00505808
0.329942
-0.00505808
0.204942
0.0361919
0.234942
0.00119192
0.317442
-0.00505808
0.234942
-0.00505808
0.204942
-5.80792e-05
0.203692
-0.00505808
0.204942
0.782515
-0.00505808
0.782515
-0.00505808
0.782515
-0.00505808
0.782515
-0.00505808
0.782515
-0.00505808
0.782515
-0.00505808
0.782515
-0.00505808
0.782515
-0.00505808
0.725423
0.0749419
0.725423
0.0749419
0.725423
0.0749419
0.725423
0.0749419
0.670881
0.139942
0.334297
0.520297
0.0331482
0.772992
-0.00499721
0.795015
-0.00499721
0.795015
-0.00499721
0.795015
0.184942
0.645622
0.0899419
0.725336
0.0899419
0.725336
0.00744192
0.787833
0.00744192
0.787833
0.00744192
0.787833
0.00744192
0.787833
0.00744192
0.787833
-0.00505808
0.650348
-0.00505808
0.163692
-0.00505808
0.173692
-0.00505808
0.104942
0.0111919
0.0999419
0.00119192
0.167442
-0.00505808
0.163692
-0.00505808
0.104942
-5.80792e-05
0.0999419
-0.00505808
0.163692
0.782515
-0.00505808
0.782515
-0.00505808
0.782515
-0.00505808
0.782515
-0.00505808
0.782515
-0.00505808
0.782515
-0.00505808
0.725423
0.0749419
0.725423
0.0749419
0.697453
0.108275
0.697453
0.108275
0.697453
0.108275
0.697453
0.108275
0.63452
0.183275
0.334297
0.520297
0.0331482
0.772992
0.184942
0.645622
0.184942
0.645622
0.184942
0.645622
0.184942
0.645622
0.0899419
0.725336
0.0899419
0.725336
0.0899419
0.725336
0.00744192
0.787833
0.00744192
0.787833
0.00744192
0.787833
0.00744192
0.787833
-0.00505808
0.650348
0.00619192
0.141609
-0.00505808
0.111609
-5.80792e-05
0.0666086
0.00744192
0.0716086
0.00119192
0.115359
-0.00505808
0.130359
-5.80792e-05
0.0666086
-5.80792e-05
0.0666086
-0.00505808
0.130359
0.782515
-0.00505808
0.782515
-0.00505808
0.782515
-0.00505808
0.782515
-0.00505808
0.782515
-0.00505808
0.782515
-0.00505808
0.782515
-0.00505808
0.782515
-0.00505808
0.683468
0.124942
0.683468
0.124942
0.683468
0.124942
0.683468
0.124942
0.612669
0.209317
0.334297
0.520297
0.184942
0.645622
0.184942
0.645622
0.184942
0.645622
0.184942
0.645622
0.184942
0.645622
0.0899419
0.725336
0.0899419
0.725336
0.0899419
0.725336
0.00744192
0.787833
0.00744192
0.787833
0.00744192
0.787833
0.00744192
0.787833
-0.00505808
0.650348
0.0111919
0.0799419
0.0486919
0.0449419
-5.80792e-05
0.0499419
0.00744192
0.0549419
0.00619192
0.0955669
-5.80792e-05
0.0499419
-5.80792e-05
0.0499419
-5.80792e-05
0.0499419
0.123692
0.0330669
0.772807
0.0118169
0.772807
0.0118169
0.772807
0.0118169
0.772807
0.0118169
0.772807
0.0118169
0.772807
0.0118169
0.772807
0.0118169
0.772807
0.0118169
0.675077
0.134942
0.675077
0.134942
0.675077
0.134942
0.675077
0.134942
0.599558
0.224942
0.334297
0.520297
0.184942
0.645622
0.184942
0.645622
0.184942
0.645622
0.184942
0.645622
0.184942
0.645622
0.0899419
0.725336
0.0899419
0.725336
0.0899419
0.725336
0.00744192
0.787833
0.00744192
0.787833
0.00744192
0.787833
0.00744192
0.787833
-0.00505808
0.650348
0.0111919
0.0436919
0.0124419
0.0636919
-5.80792e-05
0.0399419
-5.80792e-05
0.0399419
0.00119192
0.0736919
-5.80792e-05
0.0399419
-5.80792e-05
0.0399419
-5.80792e-05
0.0499419
0.194942
0.0349419
0.782515
-0.00505808
0.763786
0.0274419
0.763786
0.0274419
0.763786
0.0274419
0.763786
0.0274419
0.763786
0.0274419
0.763786
0.0274419
0.763786
0.0274419
0.795015
-0.00499721
0.795015
-0.00499721
0.795015
-0.00499721
0.795015
-0.00499721
0.772992
0.0331482
0.334297
0.507797
0.0331482
0.760492
-0.00499721
0.782515
-0.00499721
0.782515
-0.00499721
0.782515
-0.00505808
0.782515
-0.00505808
0.782515
-0.00505808
0.782515
-0.00505808
0.782515
-0.00505808
0.782515
-0.00505808
0.782515
-0.00505808
0.782515
-0.00505808
0.782515
0.204942
0.50084
0.204942
-0.00505808
0.199942
-5.80792e-05
0.204942
-0.00505808
0.204942
-0.00505808
0.204942
-0.00505808
0.204942
-0.00505808
0.204942
-0.00505808
0.204942
-0.00505808
0.277442
-0.00505808
0.787833
0.00744192
0.787833
0.00744192
0.787833
0.00744192
0.787833
0.00744192
0.795015
-0.00505808
0.795015
-0.00505808
0.795015
-0.00505808
0.795015
-0.00505808
0.795015
-0.00499721
0.763795
0.0441086
0.763795
0.0441086
0.763795
0.0441086
0.763795
0.0441086
0.334297
0.520297
0.0441086
0.763795
0.0441086
0.763795
0.0441086
0.763795
-0.00499721
0.795015
-0.00505808
0.795015
-0.00505808
0.795015
-0.00505808
0.795015
-0.00505808
0.795015
-0.00505808
0.795015
-0.00505808
0.795015
-0.00505808
0.795015
-0.00505808
0.795015
0.204942
0.50084
0.338692
0.0449419
0.338692
0.126192
0.223692
0.307442
0.311192
0.338692
0.343692
0.323692
0.107442
0.338692
0.0449419
0.338692
0.0449419
0.319942
0.0449419
0.204942
0.795015
-0.00505808
0.795015
-0.00505808
0.795015
-0.00505808
0.795015
-0.00505808
0.795015
-0.00505808
0.795015
-0.00505808
0.795015
-0.00505808
0.795015
-0.00505808
0.795015
-0.00499721
0.795015
-0.00499721
0.795015
-0.00499721
0.795015
-0.00499721
0.772992
0.0331482
0.334297
0.520297
0.0441086
0.763795
-0.00499721
0.795015
-0.00499721
0.795015
-0.00499721
0.795015
-0.00505808
0.795015
-0.00505808
0.795015
-0.00505808
0.795015
-0.00505808
0.795015
-0.00505808
0.795015
-0.00505808
0.795015
-0.00505808
0.795015
-0.00505808
0.795015
0.204942
0.50084
0.338692
0.0949419
0.338692
0.0499419
0.338692
0.161192
0.338692
0.181192
0.343692
0.187442
0.311192
0.193692
0.307442
0.193692
0.107442
0.167442
0.107442
0.163692
0.795015
-0.00505808
0.795015
-0.00505808
0.795015
-0.00505808
0.795015
-0.00505808
0.775565
0.0286919
0.775565
0.0286919
0.795015
-0.00505808
0.795015
-0.00505808
0.795015
-0.00499721
0.795015
-0.00499721
0.795015
-0.00499721
0.795015
-0.00499721
0.772992
0.0331482
0.334297
0.520297
0.0331482
0.772992
-0.00499721
0.795015
-0.00499721
0.795015
-0.00499721
0.795015
-0.00505808
0.795015
-0.00505808
0.795015
-0.00505808
0.795015
-0.00505808
0.795015
-0.00505808
0.795015
-0.00505808
0.795015
-0.00505808
0.795015
-0.00505808
0.795015
0.204942
0.50084
0.338692
0.0324419
0.343692
0.135359
0.338692
0.0803586
0.311192
0.141609
0.343692
0.135359
0.234942
0.0991086
0.214942
0.0991086
0.307442
0.0816086
0.194942
0.130359
0.795015
-0.00505808
0.795015
-0.00505808
0.795015
-0.00505808
0.795015
-0.00505808
0.795015
-0.00505808
0.795015
-0.00505808
0.795015
-0.00505808
0.795015
-0.00505808
0.795015
-0.00499721
0.795015
-0.00499721
0.795015
-0.00499721
0.795015
-0.00499721
0.772992
0.0331482
0.334297
0.520297
0.0331482
0.772992
-0.00499721
0.795015
-0.00499721
0.795015
-0.00499721
0.795015
-0.00505808
0.795015
-0.00505808
0.795015
-0.00505808
0.795015
-0.00505808
0.795015
-0.00505808
0.795015
-0.00505808
0.795015
-0.00505808
0.795015
-0.00505808
0.795015
0.204942
0.50084
0.338692
0.0449419
0.343692
0.109317
0.338692
0.0830669
0.343692
0.0980669
0.343692
0.0893169
0.234942
0.0486919
0.214942
0.0830669
0.338692
0.0549419
0.204942
0.0330669
0.795015
-0.00505808
0.785307
0.0118169
0.785307
0.0118169
0.785307
0.0118169
0.795015
-0.00505808
0.795015
-0.00505808
0.795015
-0.00505808
0.795015
-0.00505808
0.795015
-0.00499721
0.795015
-0.00499721
0.795015
-0.00499721
0.795015
-0.00499721
0.772992
0.0331482
0.334297
0.520297
0.0331482
0.772992
-0.00499721
0.795015
-0.00499721
0.795015
-0.00499721
0.795015
-0.00505808
0.795015
-0.00505808
0.795015
-0.00505808
0.795015
-0.00505808
0.795015
-0.00505808
0.795015
-0.00505808
0.795015
-0.00505808
0.795015
-0.00505808
0.795015
0.204942
0.50084
0.338692
0.0574419
0.338692
0.0449419
0.338692
0.0449419
0.223692
0.0874419
0.343692
0.0936919
0.194942
0.0799419
0.234942
0.0874419
0.338692
0.0236919
0.204942
0.0349419
0.795015
-0.00505808
0.795015
-0.00505808
0.776286
0.0274419
0.795015
-0.00505808
0.795015
-0.00505808
0.795015
-0.00505808
0.795015
-0.00505808
0.795015
-0.00505808
0.795015
-0.00499721
0.795015
-0.00499721
0.795015
-0.00499721
0.795015
-0.00499721
0.772992
0.0331482
0.334297
0.507797
0.0749419
0.725423
0.0749419
0.725423
0.0749419
0.725423
0.0749419
0.725423
0.0749419
0.725423
0.0749419
0.725423
-0.00505808
0.782515
-0.00505808
0.782515
-0.00505808
0.782515
-0.00505808
0.782515
-0.00505808
0.782515
-0.00505808
0.782515
0.163692
0.535452
0.104942
-0.00505808
0.0999419
-5.80792e-05
0.104942
-0.00505808
0.104942
-0.00505808
0.104942
-0.00505808
0.104942
-0.00505808
0.104942
-0.00505808
0.104942
-0.00505808
0.249942
-0.00505808
0.787833
0.00744192
0.787833
0.00744192
0.787833
0.00744192
0.787833
0.00744192
0.787833
0.00744192
0.725336
0.0899419
0.725336
0.0899419
0.645622
0.184942
0.795015
-0.00499721
0.795015
-0.00499721
0.795015
-0.00499721
0.763795
0.0441086
0.763795
0.0441086
0.334297
0.520297
0.0331482
0.772992
-0.00499721
0.795015
-0.00499721
0.795015
-0.00499721
0.795015
-0.00505808
0.795015
-0.00505808
0.795015
0.0286919
0.775565
0.0286919
0.775565
-0.00505808
0.795015
-0.00505808
0.795015
-0.00505808
0.795015
-0.00505808
0.795015
0.163692
0.535452
0.163692
0.311192
0.0549419
0.338692
0.161192
0.214942
0.181192
0.338692
0.181192
0.323692
0.0511919
0.338692
0.0199419
0.223692
0.0199419
0.319942
0.0199419
0.204942
0.795015
-0.00505808
0.795015
-0.00505808
0.795015
-0.00505808
0.795015
-0.00505808
0.795015
-0.00505808
0.795015
-0.00505808
0.795015
-0.00505808
0.795015
-0.00505808
0.737923
0.0749419
0.737923
0.0749419
0.737923
0.0749419
0.737923
0.0749419
0.690723
0.131192
0.334297
0.520297
0.0749419
0.737923
0.0749419
0.737923
0.0749419
0.737923
0.0749419
0.737923
0.0749419
0.737923
0.0749419
0.737923
0.0286919
0.775565
-0.00505808
0.795015
-0.00505808
0.795015
-0.00505808
0.795015
-0.00505808
0.795015
-0.00505808
0.795015
0.163692
0.535452
0.163692
0.124942
0.173692
0.124942
0.161192
0.104942
0.157442
0.167442
0.157442
0.157442
0.157442
0.187442
0.0511919
0.173692
0.0511919
0.167442
0.0511919
0.163692
0.795015
-0.00505808
0.795015
-0.00505808
0.795015
-0.00505808
0.795015
-0.00505808
0.795015
-0.00505808
0.775565
0.0286919
0.737923
0.0749419
0.737923
0.0749419
0.709953
0.108275
0.709953
0.108275
0.709953
0.108275
0.709953
0.108275
0.772992
0.0331482
0.334297
0.520297
0.0749419
0.737923
0.0749419
0.737923
0.0749419
0.737923
0.0749419
0.737923
0.0749419
0.737923
0.0749419
0.737923
-0.00505808
0.795015
-0.00505808
0.795015
-0.00505808
0.795015
-0.00505808
0.795015
-0.00505808
0.795015
-0.00505808
0.795015
0.163692
0.535452
0.157442
0.135359
0.187442
0.115359
0.161192
0.135359
0.157442
0.135359
0.169942
0.121609
0.0949419
0.130359
0.0949419
0.141609
0.0949419
0.141609
0.0949419
0.130359
0.795015
-0.00505808
0.795015
-0.00505808
0.795015
-0.00505808
0.795015
-0.00505808
0.795015
-0.00505808
0.795015
-0.00505808
0.795015
-0.00505808
0.795015
-0.00505808
0.695968
0.124942
0.695968
0.124942
0.695968
0.124942
0.795015
-0.00499721
0.772992
0.0331482
0.334297
0.520297
0.0749419
0.737923
0.0749419
0.737923
0.0749419
0.737923
0.0749419
0.737923
0.0749419
0.737923
0.0749419
0.737923
-0.00505808
0.795015
-0.00505808
0.795015
-0.00505808
0.795015
-0.00505808
0.795015
-0.00505808
0.795015
-0.00505808
0.795015
0.163692
0.535452
0.163692
0.0530669
0.173692
0.0268169
0.161192
0.0980669
0.157442
0.0893169
0.163692
0.0830669
0.0949419
0.115567
0.0999419
0.0499419
0.0949419
0.0893169
0.104942
0.0330669
0.785307
0.0118169
0.785307
0.0118169
0.785307
0.0118169
0.785307
0.0118169
0.785307
0.0118169
0.785307
0.0118169
0.785307
0.0118169
0.785307
0.0118169
0.687577
0.134942
0.687577
0.134942
0.795015
-0.00499721
0.795015
-0.00499721
0.772992
0.0331482
0.334297
0.520297
0.0749419
0.737923
0.0749419
0.737923
0.0749419
0.737923
0.0749419
0.737923
0.0749419
0.737923
0.0749419
0.737923
-0.00505808
0.795015
-0.00505808
0.795015
-0.00505808
0.795015
-0.00505808
0.795015
-0.00505808
0.795015
-0.00505808
0.795015
0.163692
0.535452
0.163692
0.0449419
0.173692
0.0386919
0.161192
0.0936919
0.157442
0.0636919
0.163692
0.0361919
0.0949419
0.0999419
0.0999419
0.0499419
0.0949419
0.0999419
0.138692
0.0349419
0.795015
-0.00505808
0.776286
0.0274419
0.776286
0.0274419
0.776286
0.0274419
0.776286
0.0274419
0.776286
0.0274419
0.776286
0.0274419
0.776286
0.0274419
0.645622
0.184942
0.645622
0.184942
0.645622
0.184942
0.795015
-0.00499721
0.772992
0.0331482
0.334297
0.507797
0.108275
0.697453
0.108275
0.697453
0.108275
0.697453
0.108275
0.697453
-0.00505808
0.782515
-0.00505808
0.782515
-0.00505808
0.782515
-0.00505808
0.782515
-0.00505808
0.782515
-0.00505808
0.782515
-0.00505808
0.782515
-0.00505808
0.782515
0.130359
0.601077
0.0666086
-5.80792e-05
0.0666086
-5.80792e-05
0.0666086
-5.80792e-05
0.0716086
-0.00505808
0.0666086
-5.80792e-05
0.0666086
-5.80792e-05
0.0666086
-5.80792e-05
0.0616086
0.00744192
0.262442
-0.00505808
0.787833
0.00744192
0.787833
0.00744192
0.787833
0.00744192
0.787833
0.00744192
0.725336
0.0899419
0.725336
0.0899419
0.725336
0.0899419
0.645622
0.184942
0.795015
-0.00499721
0.795015
-0.00499721
0.795015
-0.00499721
0.795015
-0.00499721
0.763795
0.0441086
0.334297
0.520297
0.0331482
0.772992
-0.00499721
0.795015
-0.00499721
0.795015
-0.00499721
0.795015
-0.00505808
0.795015
-0.00505808
0.795015
-0.00505808
0.795015
-0.00505808
0.795015
-0.00505808
0.795015
-0.00505808
0.795015
-0.00505808
0.795015
-0.00505808
0.795015
0.130359
0.601077
0.135359
0.332442
0.0991086
0.338692
0.130359
0.213692
0.0324419
0.338692
0.0666086
0.209942
0.0511919
0.338692
0.0116086
0.338692
0.0116086
0.319942
0.0116086
0.204942
0.795015
-0.00505808
0.795015
-0.00505808
0.795015
-0.00505808
0.795015
-0.00505808
0.795015
-0.00505808
0.795015
-0.00505808
0.795015
-0.00505808
0.795015
-0.00505808
0.737923
0.0749419
0.737923
0.0749419
0.737923
0.0749419
0.737923
0.0749419
0.683381
0.139942
0.334297
0.520297
0.108275
0.709953
0.108275
0.709953
0.108275
0.709953
0.108275
0.709953
-0.00505808
0.795015
-0.00505808
0.795015
-0.00505808
0.795015
-0.00505808
0.795015
-0.00505808
0.795015
-0.00505808
0.795015
-0.00505808
0.795015
-0.00505808
0.795015
0.130359
0.601077
0.0766086
0.109942
0.105359
0.176192
0.0803586
0.182442
0.141609
0.181192
0.135359
0.157442
0.0324419
0.167442
0.0324419
0.173692
0.0324419
0.167442
0.0324419
0.163692
0.795015
-0.00505808
0.795015
-0.00505808
0.795015
-0.00505808
0.795015
-0.00505808
0.795015
-0.00505808
0.795015
-0.00505808
0.737923
0.0749419
0.737923
0.0749419
0.709953
0.108275
0.709953
0.108275
0.709953
0.108275
0.709953
0.108275
0.64702
0.183275
0.334297
0.520297
0.108275
0.709953
0.108275
0.709953
0.108275
0.709953
0.108275
0.709953
-0.00505808
0.795015
-0.00505808
0.795015
-0.00505808
0.795015
-0.00505808
0.795015
-0.00505808
0.795015
-0.00505808
0.795015
-0.00505808
0.795015
-0.00505808
0.795015
0.130359
0.601077
0.130359
0.117859
0.105359
0.135359
0.0803586
0.130359
0.117859
0.141609
0.135359
0.135359
0.105359
0.135359
0.0803586
0.141609
0.0616086
0.141609
0.0616086
0.130359
0.795015
-0.00505808
0.795015
-0.00505808
0.795015
-0.00505808
0.795015
-0.00505808
0.795015
-0.00505808
0.795015
-0.00505808
0.795015
-0.00505808
0.795015
-0.00505808
0.695968
0.124942
0.695968
0.124942
0.695968
0.124942
0.695968
0.124942
0.625169
0.209317
0.334297
0.520297
0.108275
0.709953
0.108275
0.709953
0.108275
0.709953
0.108275
0.709953
-0.00505808
0.795015
-0.00505808
0.795015
-0.00505808
0.795015
-0.00505808
0.795015
-0.00505808
0.795015
-0.00505808
0.795015
-0.00505808
0.795015
-0.00505808
0.795015
0.130359
0.601077
0.130359
0.0830669
0.141609
0.0830669
0.141609
0.0918169
0.141609
0.0918169
0.130359
0.0918169
0.130359
0.0486919
0.130359
0.0486919
0.0616086
0.0893169
0.0861919
0.0330669
0.785307
0.0118169
0.785307
0.0118169
0.785307
0.0118169
0.785307
0.0118169
0.785307
0.0118169
0.785307
0.0118169
0.785307
0.0118169
0.785307
0.0118169
0.687577
0.134942
0.687577
0.134942
0.687577
0.134942
0.687577
0.134942
0.772992
0.0331482
0.334297
0.520297
0.108275
0.709953
0.108275
0.709953
0.108275
0.709953
0.108275
0.709953
-0.00505808
0.795015
-0.00505808
0.795015
-0.00505808
0.795015
-0.00505808
0.795015
-0.00505808
0.795015
-0.00505808
0.795015
-0.00505808
0.795015
-0.00505808
0.795015
0.130359
0.601077
0.135359
0.0824419
0.105359
0.0824419
0.130359
0.0874419
0.141609
0.0349419
0.130359
0.0386919
0.105359
0.0824419
0.130359
0.0536919
0.0616086
0.0999419
0.157442
0.0349419
0.795015
-0.00505808
0.776286
0.0274419
0.776286
0.0274419
0.776286
0.0274419
0.776286
0.0274419
0.776286
0.0274419
0.776286
0.0274419
0.776286
0.0274419
0.645622
0.184942
0.645622
0.184942
0.645622
0.184942
0.645622
0.184942
0.772992
0.0331482
0.334297
0.507797
0.124942
0.683468
0.124942
0.683468
0.124942
0.683468
0.124942
0.683468
0.0118169
0.772807
0.0118169
0.772807
0.0118169
0.772807
0.0118169
0.772807
0.0118169
0.772807
0.0118169
0.772807
0.0118169
0.772807
0.0118169
0.772807
0.0330669
0.558451
0.0499419
-5.80792e-05
0.0499419
-5.80792e-05
0.0499419
-5.80792e-05
0.0449419
0.0186919
0.0499419
-5.80792e-05
0.0499419
-5.80792e-05
0.0499419
-5.80792e-05
0.0449419
0.00744192
0.271817
-0.00505808
0.787833
0.00744192
0.787833
0.00744192
0.787833
0.00744192
0.787833
0.00744192
0.725336
0.0899419
0.725336
0.0899419
0.725336
0.0899419
0.645622
0.184942
0.795015
-0.00499721
0.795015
-0.00499721
0.795015
-0.00499721
0.795015
-0.00499721
0.763795
0.0441086
0.334297
0.520297
0.0331482
0.772992
-0.00499721
0.795015
-0.00499721
0.795015
-0.00499721
0.795015
-0.00505808
0.795015
-0.00505808
0.795015
-0.00505808
0.795015
-0.00505808
0.795015
0.0118169
0.785307
0.0118169
0.785307
0.0118169
0.785307
-0.00505808
0.795015
0.0330669
0.558451
0.0799419
0.203692
0.0549419
0.338692
0.0111919
0.214942
0.00744192
0.338692
0.0499419
0.209942
0.0793169
0.343692
0.00744192
0.338692
0.00744192
0.319942
0.00744192
0.204942
0.795015
-0.00505808
0.795015
-0.00505808
0.795015
-0.00505808
0.795015
-0.00505808
0.795015
-0.00505808
0.795015
-0.00505808
0.795015
-0.00505808
0.795015
-0.00505808
0.737923
0.0749419
0.737923
0.0749419
0.737923
0.0749419
0.737923
0.0749419
0.683381
0.139942
0.334297
0.520297
0.0331482
0.772992
0.124942
0.695968
0.124942
0.695968
0.124942
0.695968
0.0118169
0.785307
0.0118169
0.785307
0.0118169
0.785307
0.0118169
0.785307
0.0118169
0.785307
0.0118169
0.785307
0.0118169
0.785307
0.0118169
0.785307
0.0330669
0.558451
0.0830669
0.167442
0.0330669
0.173692
0.0918169
0.163692
0.109317
0.157442
0.0793169
0.161192
0.0793169
0.167442
0.0230669
0.173692
0.0449419
0.167442
0.0230669
0.163692
0.795015
-0.00505808
0.795015
-0.00505808
0.795015
-0.00505808
0.795015
-0.00505808
0.795015
-0.00505808
0.795015
-0.00505808
0.737923
0.0749419
0.737923
0.0749419
0.709953
0.108275
0.709953
0.108275
0.709953
0.108275
0.709953
0.108275
0.64702
0.183275
0.334297
0.520297
0.124942
0.695968
0.124942
0.695968
0.124942
0.695968
0.124942
0.695968
0.0118169
0.785307
0.0118169
0.785307
0.0118169
0.785307
0.0118169
0.785307
0.0118169
0.785307
0.0118169
0.785307
0.0118169
0.785307
0.0118169
0.785307
0.0330669
0.558451
0.0918169
0.0816086
0.0793169
0.135359
0.0830669
0.135359
0.0730669
0.141609
0.0893169
0.135359
0.0918169
0.130359
0.0486919
0.130359
0.0449419
0.141609
0.0449419
0.130359
0.795015
-0.00505808
0.795015
-0.00505808
0.795015
-0.00505808
0.795015
-0.00505808
0.795015
-0.00505808
0.795015
-0.00505808
0.795015
-0.00505808
0.795015
-0.00505808
0.695968
0.124942
0.695968
0.124942
0.695968
0.124942
0.695968
0.124942
0.625169
0.209317
0.334297
0.520297
0.124942
0.695968
0.124942
0.695968
0.124942
0.695968
0.124942
0.695968
0.0118169
0.785307
0.0118169
0.785307
0.0118169
0.785307
0.0118169
0.785307
0.0118169
0.785307
0.0118169
0.785307
0.0118169
0.785307
0.0118169
0.785307
0.0330669
0.558451
0.0980669
0.0893169
0.0830669
0.109317
0.0893169
0.0486919
0.0830669
0.0980669
0.0830669
0.0893169
0.0893169
0.109317
0.0855669
0.0549419
0.0449419
0.0855669
0.0955669
0.0330669
0.785307
0.0118169
0.785307
0.0118169
0.785307
0.0118169
0.785307
0.0118169
0.785307
0.0118169
0.785307
0.0118169
0.785307
0.0118169
0.785307
0.0118169
0.687577
0.134942
0.687577
0.134942
0.687577
0.134942
0.687577
0.134942
0.612058
0.224942
0.334297
0.520297
0.124942
0.695968
0.124942
0.695968
0.124942
0.695968
0.124942
0.695968
0.0118169
0.785307
0.0118169
0.785307
0.0118169
0.785307
0.0118169
0.785307
0.0118169
0.785307
0.0118169
0.785307
0.0118169
0.785307
0.0118169
0.785307
0.0330669
0.558451
0.0955669
0.0349419
0.0830669
0.0736919
0.0893169
0.0536919
0.0830669
0.0824419
0.0855669
0.0349419
0.0893169
0.0936919
0.0449419
0.0799419
0.0449419
0.0886919
0.166817
0.0349419
0.795015
-0.00505808
0.776286
0.0274419
0.776286
0.0274419
0.776286
0.0274419
0.776286
0.0274419
0.776286
0.0274419
0.776286
0.0274419
0.776286
0.0274419
0.645622
0.184942
0.645622
0.184942
0.645622
0.184942
0.645622
0.184942
0.772992
0.0331482
0.334297
0.507797
0.134942
0.675077
0.134942
0.675077
0.134942
0.675077
0.134942
0.675077
0.0274419
0.763786
0.0274419
0.763786
0.0274419
0.763786
0.0274419
0.763786
0.0274419
0.763786
0.0274419
0.763786
0.0274419
0.763786
-0.00505808
0.782515
0.0349419
0.643487
0.0399419
-5.80792e-05
0.0399419
-5.80792e-05
0.0399419
-5.80792e-05
0.0349419
0.0186919
0.0399419
-5.80792e-05
0.0399419
-5.80792e-05
0.0399419
-5.80792e-05
0.0349419
0.00744192
0.277442
-0.00505808
0.787833
0.00744192
0.787833
0.00744192
0.787833
0.00744192
0.787833
0.00744192
0.725336
0.0899419
0.725336
0.0899419
0.725336
0.0899419
0.645622
0.184942
0.795015
-0.00499721
0.795015
-0.00499721
0.795015
-0.00499721
0.795015
-0.00499721
0.763795
0.0441086
0.334297
0.520297
0.0331482
0.772992
-0.00499721
0.795015
-0.00499721
0.795015
-0.00499721
0.795015
-0.00505808
0.795015
-0.00505808
0.795015
-0.00505808
0.795015
-0.00505808
0.795015
-0.00505808
0.795015
0.0274419
0.776286
-0.00505808
0.795015
-0.00505808
0.795015
0.0349419
0.643487
0.0936919
0.343692
0.0874419
0.338692
0.0211919
0.329942
0.00494192
0.338692
0.0399419
0.209942
0.0574419
0.338692
0.00494192
0.338692
0.00494192
0.319942
0.00494192
0.204942
0.795015
-0.00505808
0.795015
-0.00505808
0.795015
-0.00505808
0.795015
-0.00505808
0.795015
-0.00505808
0.795015
-0.00505808
0.795015
-0.00505808
0.795015
-0.00505808
0.737923
0.0749419
0.737923
0.0749419
0.737923
0.0749419
0.737923
0.0749419
0.683381
0.139942
0.334297
0.520297
0.0331482
0.772992
-0.00499721
0.795015
0.134942
0.687577
0.134942
0.687577
0.0274419
0.776286
0.0274419
0.776286
0.0274419
0.776286
0.0274419
0.776286
0.0274419
0.776286
0.0274419
0.776286
0.0274419
0.776286
-0.00505808
0.795015
0.0349419
0.643487
0.0999419
0.113692
0.0936919
0.176192
0.0936919
0.157442
0.0574419
0.182442
0.0824419
0.157442
0.0349419
0.167442
0.0174419
0.173692
0.0174419
0.167442
0.0174419
0.163692
0.795015
-0.00505808
0.795015
-0.00505808
0.795015
-0.00505808
0.795015
-0.00505808
0.795015
-0.00505808
0.795015
-0.00505808
0.737923
0.0749419
0.737923
0.0749419
0.709953
0.108275
0.709953
0.108275
0.709953
0.108275
0.709953
0.108275
0.64702
0.183275
0.334297
0.520297
0.134942
0.687577
0.134942
0.687577
0.134942
0.687577
0.134942
0.687577
0.0274419
0.776286
0.0274419
0.776286
0.0274419
0.776286
0.0274419
0.776286
0.0274419
0.776286
0.0274419
0.776286
0.0274419
0.776286
-0.00505808
0.795015
0.0349419
0.643487
0.0886919
0.0653586
0.0936919
0.135359
0.0674419
0.135359
0.0574419
0.141609
0.0824419
0.135359
0.0349419
0.130359
0.0874419
0.141609
0.0449419
0.141609
0.0349419
0.130359
0.795015
-0.00505808
0.795015
-0.00505808
0.795015
-0.00505808
0.795015
-0.00505808
0.795015
-0.00505808
0.795015
-0.00505808
0.795015
-0.00505808
0.795015
-0.00505808
0.695968
0.124942
0.695968
0.124942
0.695968
0.124942
0.695968
0.124942
0.625169
0.209317
0.334297
0.520297
0.134942
0.687577
0.134942
0.687577
0.134942
0.687577
0.134942
0.687577
0.0274419
0.776286
0.0274419
0.776286
0.0274419
0.776286
0.0274419
0.776286
0.0274419
0.776286
0.0274419
0.776286
0.0274419
0.776286
-0.00505808
0.795015
0.0349419
0.643487
0.0386919
0.115567
0.0936919
0.0980669
0.0886919
0.0486919
0.0386919
0.0893169
0.0399419
0.0799419
0.0936919
0.109317
0.0636919
0.0830669
0.0449419
0.0855669
0.101192
0.0330669
0.785307
0.0118169
0.785307
0.0118169
0.785307
0.0118169
0.785307
0.0118169
0.785307
0.0118169
0.785307
0.0118169
0.785307
0.0118169
0.785307
0.0118169
0.687577
0.134942
0.687577
0.134942
0.687577
0.134942
0.687577
0.134942
0.612058
0.224942
0.334297
0.520297
0.134942
0.687577
0.134942
0.687577
0.134942
0.687577
0.134942
0.687577
0.0274419
0.776286
0.0274419
0.776286
0.0274419
0.776286
0.0274419
0.776286
0.0274419
0.776286
0.0274419
0.776286
0.0274419
0.776286
-0.00505808
0.795015
0.0349419
0.643487
0.0936919
0.0936919
0.0936919
0.0824419
0.0349419
0.0886919
0.0349419
0.0799419
0.0886919
0.0349419
0.0936919
0.0936919
0.0636919
0.0824419
0.0449419
0.0886919
0.172442
0.0349419
0.795015
-0.00505808
0.776286
0.0274419
0.776286
0.0274419
0.776286
0.0274419
0.776286
0.0274419
0.776286
0.0274419
0.776286
0.0274419
0.776286
0.0274419
