0.63317
0.184887
0.63317
0.184887
0.63317
0.184887
0.63317
0.184887
0.547162
0.287387
0.334298
0.507798
0.184887
0.63317
0.184887
0.63317
0.184887
0.63317
0.184887
0.63317
0.184887
0.63317
0.0898866
0.712884
0.0898866
0.712884
0.0898866
0.712884
0.0898866
0.712884
0.00738656
0.775381
0.00738656
0.775381
0.00738656
0.775381
0.00113656
0.649928
-0.00511344
0.0186366
-0.000113436
-0.000113436
-0.000113436
0.0248866
-0.000113436
-0.000113436
0.00113656
0.00113656
-0.000113436
-0.000113436
-0.00511344
0.0486366
-0.00511344
0.00738656
0.299887
0.0198866
0.775381
0.00738656
0.775381
0.00738656
0.775381
0.00738656
0.712884
0.0898866
0.712884
0.0898866
0.712884
0.0898866
0.712884
0.0898866
0.63317
0.184887
0.782529
-0.00499456
0.782529
-0.00499456
0.782529
-0.00499456
0.782529
-0.00499456
0.751343
0.0440532
0.334298
0.520298
0.0330945
0.773038
-0.00499456
0.795029
-0.00499456
0.795029
-0.00499456
0.795029
-0.00511344
0.795029
-0.00511344
0.795029
-0.00511344
0.795029
-0.00511344
0.795029
0.00738656
0.787881
0.00738656
0.787881
0.00738656
0.787881
0.00738656
0.787881
0.00113656
0.649928
-0.00511344
0.349887
-0.00511344
0.214887
-0.00511344
0.204887
0.00738656
0.204887
0.00113656
0.313637
-0.00511344
0.204887
-0.00511344
0.204887
-0.000113436
0.199887
0.18822
0.144887
0.782529
-0.00511344
0.782529
-0.00511344
0.782529
-0.00511344
0.782529
-0.00511344
0.782529
-0.00511344
0.782529
-0.00511344
0.782529
-0.00511344
0.782529
-0.00511344
0.725471
0.0748866
0.725471
0.0748866
0.725471
0.0748866
0.725471
0.0748866
0.670929
0.139887
0.334298
0.520298
0.0330945
0.773038
-0.00499456
0.795029
-0.00499456
0.795029
-0.00499456
0.795029
0.184887
0.64567
0.0898866
0.725384
0.0898866
0.725384
0.00738656
0.787881
0.00738656
0.787881
0.00738656
0.787881
0.00738656
0.787881
0.00738656
0.787881
0.00113656
0.649928
-0.00511344
0.167387
-0.00511344
0.104887
-0.00511344
0.104887
-0.000113436
0.0998866
0.00738656
0.0948866
-0.00511344
0.104887
-0.00511344
0.163637
-0.00511344
0.104887
0.192387
0.151137
0.782529
-0.00511344
0.782529
-0.00511344
0.782529
-0.00511344
0.782529
-0.00511344
0.782529
-0.00511344
0.782529
-0.00511344
0.725471
0.0748866
0.725471
0.0748866
0.697501
0.10822
0.697501
0.10822
0.697501
0.10822
0.697501
0.10822
0.634568
0.18322
0.334298
0.520298
0.0330945
0.773038
0.184887
0.64567
0.184887
0.64567
0.184887
0.64567
0.184887
0.64567
0.0898866
0.725384
0.0898866
0.725384
0.0898866
0.725384
0.00738656
0.787881
0.00738656
0.787881
0.00738656
0.787881
0.00738656
0.787881
0.00113656
0.649928
-0.00511344
0.141553
-0.00511344
0.111553
-0.000113436
0.0665532
0.00738656
0.0715532
0.00113656
0.105303
-0.000113436
0.0665532
-0.00511344
0.111553
-0.000113436
0.0665532
0.0998866
0.129053
0.782529
-0.00511344
0.782529
-0.00511344
0.782529
-0.00511344
0.782529
-0.00511344
0.782529
-0.00511344
0.782529
-0.00511344
0.782529
-0.00511344
0.782529
-0.00511344
0.683516
0.124887
0.683516
0.124887
0.683516
0.124887
0.683516
0.124887
0.612717
0.209262
0.334298
0.520298
0.184887
0.64567
0.184887
0.64567
0.184887
0.64567
0.184887
0.64567
0.184887
0.64567
0.0898866
0.725384
0.0898866
0.725384
0.0898866
0.725384
0.00738656
0.787881
0.00738656
0.787881
0.00738656
0.787881
0.00738656
0.787881
0.00113656
0.649928
-0.000113436
0.0798866
-0.000113436
0.0598866
-0.000113436
0.0598866
-0.00511344
0.0855116
0.00738656
0.0548866
-0.00511344
0.0855116
-0.00511344
0.0855116
0.0323866
0.0448866
-0.000113436
0.0686366
0.772855
0.0117616
0.772855
0.0117616
0.772855
0.0117616
0.772855
0.0117616
0.772855
0.0117616
0.772855
0.0117616
0.772855
0.0117616
0.772855
0.0117616
0.675125
0.134887
0.675125
0.134887
0.675125
0.134887
0.675125
0.134887
0.599606
0.224887
0.334298
0.520298
0.184887
0.64567
0.184887
0.64567
0.184887
0.64567
0.184887
0.64567
0.184887
0.64567
0.0898866
0.725384
0.0898866
0.725384
0.0898866
0.725384
0.00738656
0.787881
0.00738656
0.787881
0.00738656
0.787881
0.00738656
0.787881
0.00113656
0.649928
-0.000113436
0.0436366
0.0123866
0.0636366
-0.000113436
0.0398866
-0.000113436
0.0398866
0.00738656
0.0348866
-0.00511344
0.0698866
-0.00511344
0.0698866
0.0323866
0.0448866
0.194887
0.0648866
0.782529
-0.00511344
0.763834
0.0273866
0.763834
0.0273866
0.763834
0.0273866
0.763834
0.0273866
0.763834
0.0273866
0.763834
0.0273866
0.763834
0.0273866
0.795029
-0.00499456
0.795029
-0.00499456
0.795029
-0.00499456
0.795029
-0.00499456
0.773038
0.0330945
0.334298
0.507798
0.0330945
0.760538
-0.00499456
0.782529
-0.00499456
0.782529
-0.00499456
0.782529
-0.00511344
0.782529
-0.00511344
0.782529
-0.00511344
0.782529
-0.00511344
0.782529
-0.00511344
0.782529
-0.00511344
0.782529
-0.00511344
0.782529
-0.00511344
0.782529
0.144887
0.551234
0.204887
0.00613656
0.204887
-0.00511344
0.204887
-0.00511344
0.204887
-0.00511344
0.204887
0.0198866
0.204887
0.00613656
0.194887
0.0486366
0.194887
0.00738656
0.277387
0.0198866
0.787881
0.00738656
0.787881
0.00738656
0.787881
0.00738656
0.787881
0.00738656
0.795029
-0.00511344
0.795029
-0.00511344
0.795029
-0.00511344
0.795029
-0.00511344
0.795029
-0.00499456
0.763843
0.0440532
0.763843
0.0440532
0.763843
0.0440532
0.763843
0.0440532
0.334298
0.520298
0.0440532
0.763843
0.0440532
0.763843
0.0440532
0.763843
-0.00499456
0.795029
-0.00511344
0.795029
-0.00511344
0.795029
-0.00511344
0.795029
-0.00511344
0.795029
-0.00511344
0.795029
-0.00511344
0.795029
-0.00511344
0.795029
-0.00511344
0.795029
0.144887
0.551234
0.313637
0.323637
0.207387
0.121137
0.124887
0.107387
0.118637
0.311137
0.311137
0.338637
0.118637
0.311137
0.111137
0.207387
0.313637
0.323637
0.0482199
0.144887
0.795029
-0.00511344
0.795029
-0.00511344
0.795029
-0.00511344
0.795029
-0.00511344
0.795029
-0.00511344
0.795029
-0.00511344
0.795029
-0.00511344
0.795029
-0.00511344
0.795029
-0.00499456
0.795029
-0.00499456
0.795029
-0.00499456
0.795029
-0.00499456
0.773038
0.0330945
0.334298
0.520298
0.0440532
0.763843
-0.00499456
0.795029
-0.00499456
0.795029
-0.00499456
0.795029
-0.00511344
0.795029
-0.00511344
0.795029
-0.00511344
0.795029
-0.00511344
0.795029
-0.00511344
0.795029
-0.00511344
0.795029
-0.00511344
0.795029
-0.00511344
0.795029
0.144887
0.551234
0.313637
0.161137
0.207387
0.0586366
0.124887
0.104887
0.323637
0.151137
0.323637
0.151137
0.311137
0.114887
0.117387
0.154887
0.114887
0.151137
0.114887
0.151137
0.795029
-0.00511344
0.795029
-0.00511344
0.795029
-0.00511344
0.795029
-0.00511344
0.775612
0.0286366
0.775612
0.0286366
0.795029
-0.00511344
0.795029
-0.00511344
0.795029
-0.00499456
0.795029
-0.00499456
0.795029
-0.00499456
0.795029
-0.00499456
0.773038
0.0330945
0.334298
0.520298
0.0330945
0.773038
-0.00499456
0.795029
-0.00499456
0.795029
-0.00499456
0.795029
-0.00511344
0.795029
-0.00511344
0.795029
-0.00511344
0.795029
-0.00511344
0.795029
-0.00511344
0.795029
-0.00511344
0.795029
-0.00511344
0.795029
-0.00511344
0.795029
0.144887
0.551234
0.313637
0.135303
0.311137
0.121553
0.313637
0.105303
0.311137
0.141553
0.313637
0.135303
0.204887
0.129053
0.214887
0.117803
0.214887
0.129053
0.204887
0.129053
0.795029
-0.00511344
0.795029
-0.00511344
0.795029
-0.00511344
0.795029
-0.00511344
0.795029
-0.00511344
0.795029
-0.00511344
0.795029
-0.00511344
0.795029
-0.00511344
0.795029
-0.00499456
0.795029
-0.00499456
0.795029
-0.00499456
0.795029
-0.00499456
0.773038
0.0330945
0.334298
0.520298
0.0330945
0.773038
-0.00499456
0.795029
-0.00499456
0.795029
-0.00499456
0.795029
-0.00511344
0.795029
-0.00511344
0.795029
-0.00511344
0.795029
-0.00511344
0.795029
-0.00511344
0.795029
-0.00511344
0.795029
-0.00511344
0.795029
-0.00511344
0.795029
0.144887
0.551234
0.313637
0.109262
0.313637
0.0980116
0.323637
0.0730116
0.343637
0.0792616
0.313637
0.0892616
0.234887
0.0767616
0.323637
0.103012
0.214887
0.0548866
0.199887
0.0686366
0.795029
-0.00511344
0.785355
0.0117616
0.785355
0.0117616
0.785355
0.0117616
0.795029
-0.00511344
0.795029
-0.00511344
0.795029
-0.00511344
0.795029
-0.00511344
0.795029
-0.00499456
0.795029
-0.00499456
0.795029
-0.00499456
0.795029
-0.00499456
0.773038
0.0330945
0.334298
0.520298
0.0330945
0.773038
-0.00499456
0.795029
-0.00499456
0.795029
-0.00499456
0.795029
-0.00511344
0.795029
-0.00511344
0.795029
-0.00511344
0.795029
-0.00511344
0.795029
-0.00511344
0.795029
-0.00511344
0.795029
-0.00511344
0.795029
-0.00511344
0.795029
0.144887
0.551234
0.313637
0.0736366
0.323637
0.0648866
0.343637
0.0636366
0.323637
0.0648866
0.313637
0.0673866
0.234887
0.0473866
0.323637
0.0536366
0.313637
0.0636366
0.204887
0.0648866
0.795029
-0.00511344
0.795029
-0.00511344
0.776334
0.0273866
0.795029
-0.00511344
0.795029
-0.00511344
0.795029
-0.00511344
0.795029
-0.00511344
0.795029
-0.00511344
0.795029
-0.00499456
0.795029
-0.00499456
0.795029
-0.00499456
0.795029
-0.00499456
0.773038
0.0330945
0.334298
0.507798
0.0748866
0.725471
0.0748866
0.725471
0.0748866
0.725471
0.0748866
0.725471
0.0748866
0.725471
0.0748866
0.725471
-0.00511344
0.782529
-0.00511344
0.782529
-0.00511344
0.782529
-0.00511344
0.782529
-0.00511344
0.782529
-0.00511344
0.782529
0.151137
0.545989
0.0998866
0.0111366
0.104887
-0.00511344
0.104887
-0.00511344
0.104887
-0.00511344
0.104887
0.0198866
0.104887
0.00613656
0.0948866
0.0486366
0.0948866
0.00738656
0.249887
0.0198866
0.787881
0.00738656
0.787881
0.00738656
0.787881
0.00738656
0.787881
0.00738656
0.787881
0.00738656
0.725384
0.0898866
0.725384
0.0898866
0.64567
0.184887
0.795029
-0.00499456
0.795029
-0.00499456
0.795029
-0.00499456
0.763843
0.0440532
0.763843
0.0440532
0.334298
0.520298
0.0330945
0.773038
-0.00499456
0.795029
-0.00499456
0.795029
-0.00499456
0.795029
-0.00511344
0.795029
-0.00511344
0.795029
0.0286366
0.775612
0.0286366
0.775612
-0.00511344
0.795029
-0.00511344
0.795029
-0.00511344
0.795029
-0.00511344
0.795029
0.151137
0.545989
0.114887
0.326137
0.151137
0.147387
0.0986366
0.214887
0.154887
0.349887
0.104887
0.311137
0.151137
0.338637
0.0586366
0.207387
0.0198866
0.144887
0.10322
0.144887
0.795029
-0.00511344
0.795029
-0.00511344
0.795029
-0.00511344
0.795029
-0.00511344
0.795029
-0.00511344
0.795029
-0.00511344
0.795029
-0.00511344
0.795029
-0.00511344
0.737971
0.0748866
0.737971
0.0748866
0.737971
0.0748866
0.737971
0.0748866
0.690771
0.131137
0.334298
0.520298
0.0748866
0.737971
0.0748866
0.737971
0.0748866
0.737971
0.0748866
0.737971
0.0748866
0.737971
0.0748866
0.737971
0.0286366
0.775612
-0.00511344
0.795029
-0.00511344
0.795029
-0.00511344
0.795029
-0.00511344
0.795029
-0.00511344
0.795029
0.151137
0.545989
0.0848866
0.0848866
0.154887
0.108637
0.154887
0.104887
0.151137
0.114887
0.151137
0.114887
0.157387
0.187387
0.0511366
0.173637
0.163637
0.154887
0.138637
0.151137
0.795029
-0.00511344
0.795029
-0.00511344
0.795029
-0.00511344
0.795029
-0.00511344
0.795029
-0.00511344
0.775612
0.0286366
0.737971
0.0748866
0.737971
0.0748866
0.710001
0.10822
0.710001
0.10822
0.710001
0.10822
0.710001
0.10822
0.773038
0.0330945
0.334298
0.520298
0.0748866
0.737971
0.0748866
0.737971
0.0748866
0.737971
0.0748866
0.737971
0.0748866
0.737971
0.0748866
0.737971
-0.00511344
0.795029
-0.00511344
0.795029
-0.00511344
0.795029
-0.00511344
0.795029
-0.00511344
0.795029
-0.00511344
0.795029
0.151137
0.545989
0.114887
0.129053
0.154887
0.141553
0.154887
0.130303
0.154887
0.141553
0.0948866
0.130303
0.134887
0.129053
0.0986366
0.141553
0.151137
0.141553
0.104887
0.129053
0.795029
-0.00511344
0.795029
-0.00511344
0.795029
-0.00511344
0.795029
-0.00511344
0.795029
-0.00511344
0.795029
-0.00511344
0.795029
-0.00511344
0.795029
-0.00511344
0.696016
0.124887
0.696016
0.124887
0.696016
0.124887
0.795029
-0.00499456
0.773038
0.0330945
0.334298
0.520298
0.0748866
0.737971
0.0748866
0.737971
0.0748866
0.737971
0.0748866
0.737971
0.0748866
0.737971
0.0748866
0.737971
-0.00511344
0.795029
-0.00511344
0.795029
-0.00511344
0.795029
-0.00511344
0.795029
-0.00511344
0.795029
-0.00511344
0.795029
0.151137
0.545989
0.114887
0.0530116
0.114887
0.0830116
0.0986366
0.0892616
0.157387
0.0892616
0.0948866
0.115512
0.104887
0.115512
0.0998866
0.0498866
0.104887
0.115512
0.0998866
0.0686366
0.785355
0.0117616
0.785355
0.0117616
0.785355
0.0117616
0.785355
0.0117616
0.785355
0.0117616
0.785355
0.0117616
0.785355
0.0117616
0.785355
0.0117616
0.687625
0.134887
0.687625
0.134887
0.795029
-0.00499456
0.795029
-0.00499456
0.773038
0.0330945
0.334298
0.520298
0.0748866
0.737971
0.0748866
0.737971
0.0748866
0.737971
0.0748866
0.737971
0.0748866
0.737971
0.0748866
0.737971
-0.00511344
0.795029
-0.00511344
0.795029
-0.00511344
0.795029
-0.00511344
0.795029
-0.00511344
0.795029
-0.00511344
0.795029
0.151137
0.545989
0.114887
0.0673866
0.0998866
0.0436366
0.124887
0.0998866
0.157387
0.0673866
0.114887
0.0761366
0.118637
0.0698866
0.0948866
0.0698866
0.0948866
0.0698866
0.138637
0.0648866
0.795029
-0.00511344
0.776334
0.0273866
0.776334
0.0273866
0.776334
0.0273866
0.776334
0.0273866
0.776334
0.0273866
0.776334
0.0273866
0.776334
0.0273866
0.64567
0.184887
0.64567
0.184887
0.64567
0.184887
0.795029
-0.00499456
0.773038
0.0330945
0.334298
0.507798
0.10822
0.697501
0.10822
0.697501
0.10822
0.697501
0.10822
0.697501
-0.00511344
0.782529
-0.00511344
0.782529
-0.00511344
0.782529
-0.00511344
0.782529
-0.00511344
0.782529
-0.00511344
0.782529
-0.00511344
0.782529
-0.00511344
0.782529
0.129053
0.596086
0.0665532
0.0111366
0.0665532
-0.000113436
0.0715532
-0.00511344
0.0665532
-0.000113436
0.0715532
0.0198866
0.0715532
0.00613656
0.0615532
0.0486366
0.0615532
0.00738656
0.262387
0.0198866
0.787881
0.00738656
0.787881
0.00738656
0.787881
0.00738656
0.787881
0.00738656
0.725384
0.0898866
0.725384
0.0898866
0.725384
0.0898866
0.64567
0.184887
0.795029
-0.00499456
0.795029
-0.00499456
0.795029
-0.00499456
0.795029
-0.00499456
0.763843
0.0440532
0.334298
0.520298
0.0330945
0.773038
-0.00499456
0.795029
-0.00499456
0.795029
-0.00499456
0.795029
-0.00511344
0.795029
-0.00511344
0.795029
-0.00511344
0.795029
-0.00511344
0.795029
-0.00511344
0.795029
-0.00511344
0.795029
-0.00511344
0.795029
-0.00511344
0.795029
0.129053
0.596086
0.129053
0.147387
0.0990532
0.323637
0.0703032
0.209887
0.111553
0.311137
0.130303
0.326137
0.0115532
0.323637
0.0398866
0.207387
0.0361366
0.207387
0.12822
0.144887
0.795029
-0.00511344
0.795029
-0.00511344
0.795029
-0.00511344
0.795029
-0.00511344
0.795029
-0.00511344
0.795029
-0.00511344
0.795029
-0.00511344
0.795029
-0.00511344
0.737971
0.0748866
0.737971
0.0748866
0.737971
0.0748866
0.737971
0.0748866
0.683429
0.139887
0.334298
0.520298
0.10822
0.710001
0.10822
0.710001
0.10822
0.710001
0.10822
0.710001
-0.00511344
0.795029
-0.00511344
0.795029
-0.00511344
0.795029
-0.00511344
0.795029
-0.00511344
0.795029
-0.00511344
0.795029
-0.00511344
0.795029
-0.00511344
0.795029
0.129053
0.596086
0.129053
0.193637
0.141553
0.151137
0.115303
0.113637
0.111553
0.151137
0.130303
0.154887
0.105303
0.187387
0.0323866
0.173637
0.0715532
0.154887
0.15322
0.151137
0.795029
-0.00511344
0.795029
-0.00511344
0.795029
-0.00511344
0.795029
-0.00511344
0.795029
-0.00511344
0.795029
-0.00511344
0.737971
0.0748866
0.737971
0.0748866
0.710001
0.10822
0.710001
0.10822
0.710001
0.10822
0.710001
0.10822
0.647068
0.18322
0.334298
0.520298
0.10822
0.710001
0.10822
0.710001
0.10822
0.710001
0.10822
0.710001
-0.00511344
0.795029
-0.00511344
0.795029
-0.00511344
0.795029
-0.00511344
0.795029
-0.00511344
0.795029
-0.00511344
0.795029
-0.00511344
0.795029
-0.00511344
0.795029
0.129053
0.596086
0.130303
0.117803
0.141553
0.0990532
0.0990532
0.141553
0.141553
0.109053
0.130303
0.102803
0.130303
0.129053
0.115303
0.135303
0.117803
0.141553
0.0715532
0.129053
0.795029
-0.00511344
0.795029
-0.00511344
0.795029
-0.00511344
0.795029
-0.00511344
0.795029
-0.00511344
0.795029
-0.00511344
0.795029
-0.00511344
0.795029
-0.00511344
0.696016
0.124887
0.696016
0.124887
0.696016
0.124887
0.696016
0.124887
0.625217
0.209262
0.334298
0.520298
0.10822
0.710001
0.10822
0.710001
0.10822
0.710001
0.10822
0.710001
-0.00511344
0.795029
-0.00511344
0.795029
-0.00511344
0.795029
-0.00511344
0.795029
-0.00511344
0.795029
-0.00511344
0.795029
-0.00511344
0.795029
-0.00511344
0.795029
0.129053
0.596086
0.135303
0.0892616
0.141553
0.0917616
0.124053
0.0980116
0.141553
0.0730116
0.130303
0.0548866
0.0615532
0.115512
0.121553
0.0486366
0.0715532
0.115512
0.0665532
0.0686366
0.785355
0.0117616
0.785355
0.0117616
0.785355
0.0117616
0.785355
0.0117616
0.785355
0.0117616
0.785355
0.0117616
0.785355
0.0117616
0.785355
0.0117616
0.687625
0.134887
0.687625
0.134887
0.687625
0.134887
0.687625
0.134887
0.773038
0.0330945
0.334298
0.520298
0.10822
0.710001
0.10822
0.710001
0.10822
0.710001
0.10822
0.710001
-0.00511344
0.795029
-0.00511344
0.795029
-0.00511344
0.795029
-0.00511344
0.795029
-0.00511344
0.795029
-0.00511344
0.795029
-0.00511344
0.795029
-0.00511344
0.795029
0.129053
0.596086
0.135303
0.0736366
0.105303
0.0636366
0.109053
0.0673866
0.141553
0.0448866
0.130303
0.0761366
0.105303
0.0636366
0.121553
0.0536366
0.0615532
0.0698866
0.157387
0.0648866
0.795029
-0.00511344
0.776334
0.0273866
0.776334
0.0273866
0.776334
0.0273866
0.776334
0.0273866
0.776334
0.0273866
0.776334
0.0273866
0.776334
0.0273866
0.64567
0.184887
0.64567
0.184887
0.64567
0.184887
0.64567
0.184887
0.773038
0.0330945
0.334298
0.507798
0.124887
0.683516
0.124887
0.683516
0.124887
0.683516
0.124887
0.683516
0.0117616
0.772855
0.0117616
0.772855
0.0117616
0.772855
0.0117616
0.772855
0.0117616
0.772855
0.0117616
0.772855
0.0117616
0.772855
0.0117616
0.772855
0.0686366
0.571971
0.0498866
0.0111366
0.0498866
-0.000113436
0.0498866
0.0411366
0.0498866
-0.000113436
0.0498866
0.0411366
0.0498866
0.0411366
0.0448866
0.0486366
0.0448866
0.00738656
0.271762
0.0198866
0.787881
0.00738656
0.787881
0.00738656
0.787881
0.00738656
0.787881
0.00738656
0.725384
0.0898866
0.725384
0.0898866
0.725384
0.0898866
0.64567
0.184887
0.795029
-0.00499456
0.795029
-0.00499456
0.795029
-0.00499456
0.795029
-0.00499456
0.763843
0.0440532
0.334298
0.520298
0.0330945
0.773038
-0.00499456
0.795029
-0.00499456
0.795029
-0.00499456
0.795029
-0.00511344
0.795029
-0.00511344
0.795029
-0.00511344
0.795029
-0.00511344
0.795029
0.0117616
0.785355
0.0117616
0.785355
0.0117616
0.785355
-0.00511344
0.795029
0.0686366
0.571971
0.0686366
0.229887
0.0448866
0.338637
0.0955116
0.213637
0.0730116
0.223637
0.0498866
0.209887
0.0792616
0.313637
0.0230116
0.204887
0.00738656
0.204887
0.14072
0.144887
0.795029
-0.00511344
0.795029
-0.00511344
0.795029
-0.00511344
0.795029
-0.00511344
0.795029
-0.00511344
0.795029
-0.00511344
0.795029
-0.00511344
0.795029
-0.00511344
0.737971
0.0748866
0.737971
0.0748866
0.737971
0.0748866
0.737971
0.0748866
0.683429
0.139887
0.334298
0.520298
0.0330945
0.773038
0.124887
0.696016
0.124887
0.696016
0.124887
0.696016
0.0117616
0.785355
0.0117616
0.785355
0.0117616
0.785355
0.0117616
0.785355
0.0117616
0.785355
0.0117616
0.785355
0.0117616
0.785355
0.0117616
0.785355
0.0686366
0.571971
0.0798866
0.109887
0.0498866
0.109887
0.0730116
0.193637
0.0855116
0.124887
0.0498866
0.118637
0.0892616
0.124887
0.0230116
0.173637
0.0230116
0.104887
0.160512
0.151137
0.795029
-0.00511344
0.795029
-0.00511344
0.795029
-0.00511344
0.795029
-0.00511344
0.795029
-0.00511344
0.795029
-0.00511344
0.737971
0.0748866
0.737971
0.0748866
0.710001
0.10822
0.710001
0.10822
0.710001
0.10822
0.710001
0.10822
0.647068
0.18322
0.334298
0.520298
0.124887
0.696016
0.124887
0.696016
0.124887
0.696016
0.124887
0.696016
0.0117616
0.785355
0.0117616
0.785355
0.0117616
0.785355
0.0117616
0.785355
0.0117616
0.785355
0.0117616
0.785355
0.0117616
0.785355
0.0117616
0.785355
0.0686366
0.571971
0.115512
0.0715532
0.0548866
0.121553
0.0636366
0.130303
0.0730116
0.141553
0.0792616
0.135303
0.0792616
0.135303
0.0748866
0.141553
0.0448866
0.141553
0.0717616
0.129053
0.795029
-0.00511344
0.795029
-0.00511344
0.795029
-0.00511344
0.795029
-0.00511344
0.795029
-0.00511344
0.795029
-0.00511344
0.795029
-0.00511344
0.795029
-0.00511344
0.696016
0.124887
0.696016
0.124887
0.696016
0.124887
0.696016
0.124887
0.625217
0.209262
0.334298
0.520298
0.124887
0.696016
0.124887
0.696016
0.124887
0.696016
0.124887
0.696016
0.0117616
0.785355
0.0117616
0.785355
0.0117616
0.785355
0.0117616
0.785355
0.0117616
0.785355
0.0117616
0.785355
0.0117616
0.785355
0.0117616
0.785355
0.0686366
0.571971
0.0636366
0.104262
0.0792616
0.109262
0.0686366
0.0498866
0.115512
0.0636366
0.0548866
0.115512
0.0448866
0.115512
0.0448866
0.0892616
0.0448866
0.115512
0.0498866
0.0686366
0.785355
0.0117616
0.785355
0.0117616
0.785355
0.0117616
0.785355
0.0117616
0.785355
0.0117616
0.785355
0.0117616
0.785355
0.0117616
0.785355
0.0117616
0.687625
0.134887
0.687625
0.134887
0.687625
0.134887
0.687625
0.134887
0.612106
0.224887
0.334298
0.520298
0.124887
0.696016
0.124887
0.696016
0.124887
0.696016
0.124887
0.696016
0.0117616
0.785355
0.0117616
0.785355
0.0117616
0.785355
0.0117616
0.785355
0.0117616
0.785355
0.0117616
0.785355
0.0117616
0.785355
0.0117616
0.785355
0.0686366
0.571971
0.0980116
0.0636366
0.0792616
0.0636366
0.0686366
0.0498866
0.0636366
0.0798866
0.0855116
0.0536366
0.0636366
0.0698866
0.0448866
0.0698866
0.0792616
0.0673866
0.166762
0.0648866
0.795029
-0.00511344
0.776334
0.0273866
0.776334
0.0273866
0.776334
0.0273866
0.776334
0.0273866
0.776334
0.0273866
0.776334
0.0273866
0.776334
0.0273866
0.64567
0.184887
0.64567
0.184887
0.64567
0.184887
0.64567
0.184887
0.773038
0.0330945
0.334298
0.507798
0.134887
0.675125
0.134887
0.675125
0.134887
0.675125
0.134887
0.675125
0.0273866
0.763834
0.0273866
0.763834
0.0273866
0.763834
0.0273866
0.763834
0.0273866
0.763834
0.0273866
0.763834
0.0273866
0.763834
-0.00511344
0.782529
0.0636366
0.619411
0.0398866
0.0111366
0.0398866
-0.000113436
0.0398866
0.0411366
0.0398866
-0.000113436
0.0398866
0.0411366
0.0398866
0.0411366
0.0348866
0.0486366
0.0348866
0.00738656
0.277387
0.0198866
0.787881
0.00738656
0.787881
0.00738656
0.787881
0.00738656
0.787881
0.00738656
0.725384
0.0898866
0.725384
0.0898866
0.725384
0.0898866
0.64567
0.184887
0.795029
-0.00499456
0.795029
-0.00499456
0.795029
-0.00499456
0.795029
-0.00499456
0.763843
0.0440532
0.334298
0.520298
0.0330945
0.773038
-0.00499456
0.795029
-0.00499456
0.795029
-0.00499456
0.795029
-0.00511344
0.795029
-0.00511344
0.795029
-0.00511344
0.795029
-0.00511344
0.795029
-0.00511344
0.795029
0.0273866
0.776334
-0.00511344
0.795029
-0.00511344
0.795029
0.0636366
0.619411
0.0698866
0.229887
0.0636366
0.313637
0.0798866
0.213637
0.0573866
0.223637
0.0398866
0.209887
0.0636366
0.313637
0.00488656
0.338637
0.0673866
0.313637
0.14822
0.144887
0.795029
-0.00511344
0.795029
-0.00511344
0.795029
-0.00511344
0.795029
-0.00511344
0.795029
-0.00511344
0.795029
-0.00511344
0.795029
-0.00511344
0.795029
-0.00511344
0.737971
0.0748866
0.737971
0.0748866
0.737971
0.0748866
0.737971
0.0748866
0.683429
0.139887
0.334298
0.520298
0.0330945
0.773038
-0.00499456
0.795029
0.134887
0.687625
0.134887
0.687625
0.0273866
0.776334
0.0273866
0.776334
0.0273866
0.776334
0.0273866
0.776334
0.0273866
0.776334
0.0273866
0.776334
0.0273866
0.776334
-0.00511344
0.795029
0.0636366
0.619411
0.0698866
0.129887
0.0698866
0.0986366
0.0736366
0.187387
0.0698866
0.124887
0.0736366
0.124887
0.0636366
0.187387
0.0173866
0.114887
0.0736366
0.157387
0.164887
0.151137
0.795029
-0.00511344
0.795029
-0.00511344
0.795029
-0.00511344
0.795029
-0.00511344
0.795029
-0.00511344
0.795029
-0.00511344
0.737971
0.0748866
0.737971
0.0748866
0.710001
0.10822
0.710001
0.10822
0.710001
0.10822
0.710001
0.10822
0.647068
0.18322
0.334298
0.520298
0.134887
0.687625
0.134887
0.687625
0.134887
0.687625
0.134887
0.687625
0.0273866
0.776334
0.0273866
0.776334
0.0273866
0.776334
0.0273866
0.776334
0.0273866
0.776334
0.0273866
0.776334
0.0273866
0.776334
-0.00511344
0.795029
0.0636366
0.619411
0.0698866
0.0615532
0.0536366
0.111553
0.0636366
0.135303
0.0636366
0.135303
0.0823866
0.135303
0.0761366
0.141553
0.0398866
0.0965532
0.0698866
0.0915532
0.0773866
0.129053
0.795029
-0.00511344
0.795029
-0.00511344
0.795029
-0.00511344
0.795029
-0.00511344
0.795029
-0.00511344
0.795029
-0.00511344
0.795029
-0.00511344
0.795029
-0.00511344
0.696016
0.124887
0.696016
0.124887
0.696016
0.124887
0.696016
0.124887
0.625217
0.209262
0.334298
0.520298
0.134887
0.687625
0.134887
0.687625
0.134887
0.687625
0.134887
0.687625
0.0273866
0.776334
0.0273866
0.776334
0.0273866
0.776334
0.0273866
0.776334
0.0273866
0.776334
0.0273866
0.776334
0.0273866
0.776334
-0.00511344
0.795029
0.0636366
0.619411
0.0636366
0.0792616
0.0936366
0.0792616
0.0636366
0.0830116
0.0736366
0.0792616
0.0648866
0.115512
0.0348866
0.115512
0.0398866
0.0598866
0.0448866
0.115512
0.0398866
0.0686366
0.785355
0.0117616
0.785355
0.0117616
0.785355
0.0117616
0.785355
0.0117616
0.785355
0.0117616
0.785355
0.0117616
0.785355
0.0117616
0.785355
0.0117616
0.687625
0.134887
0.687625
0.134887
0.687625
0.134887
0.687625
0.134887
0.612106
0.224887
0.334298
0.520298
0.134887
0.687625
0.134887
0.687625
0.134887
0.687625
0.134887
0.687625
0.0273866
0.776334
0.0273866
0.776334
0.0273866
0.776334
0.0273866
0.776334
0.0273866
0.776334
0.0273866
0.776334
0.0273866
0.776334
-0.00511344
0.795029
0.0636366
0.619411
0.0936366
0.0636366
0.0698866
0.0648866
0.0636366
0.0636366
0.0736366
0.0673866
0.0636366
0.0636366
0.0636366
0.0636366
0.0673866
0.0636366
0.0636366
0.0636366
0.172387
0.0648866
0.795029
-0.00511344
0.776334
0.0273866
0.776334
0.0273866
0.776334
0.0273866
0.776334
0.0273866
0.776334
0.0273866
0.776334
0.0273866
0.776334
0.0273866
