0.732741
0.070459
0.732741
0.070459
0.732741
0.070459
0.732741
0.070459
0.646733
0.172959
0.336231
0.509731
0.070459
0.732741
0.070459
0.732741
0.070459
0.732741
0.070459
0.732741
0.070459
0.732741
0.070459
0.732741
-0.024541
0.79309
-0.024541
0.79309
-0.024541
0.79309
-0.024541
0.79309
-0.107041
0.79309
-0.107041
0.79309
-0.119541
0.658924
-0.108291
-0.065791
-0.114541
-0.114541
-0.114541
-0.114541
-0.114541
-0.114541
-0.113291
-0.113291
-0.114541
-0.114541
-0.119541
-0.065791
-0.119541
-0.107041
0.185459
-0.119541
0.79309
-0.107041
0.79309
-0.107041
0.79309
-0.024541
0.79309
-0.024541
0.79309
-0.024541
0.79309
-0.024541
0.732741
0.070459
0.732741
0.070459
0.79309
-0.0441984
0.79309
-0.00146295
0.79309
-0.00146295
0.79309
-0.00146295
0.79309
-0.00146295
0.336231
0.522231
-0.00146295
0.80559
-0.00146295
0.80559
-0.00146295
0.80559
-0.00146295
0.80559
-0.004541
0.80559
-0.053916
0.80559
-0.077041
0.80559
-0.077041
0.80559
-0.107041
0.80559
-0.107041
0.80559
-0.107041
0.80559
-0.107041
0.80559
-0.119541
0.658924
-0.108291
0.235459
-0.119541
0.215459
-0.119541
0.090459
-0.119541
0.090459
-0.113291
0.209209
-0.119541
0.090459
-0.119541
0.090459
-0.114541
0.085459
-0.020791
0.074209
0.79309
-0.007041
0.79309
-0.003291
0.79309
-0.007041
0.79309
-0.003291
0.79309
-0.107041
0.79309
-0.069541
0.79309
-0.107041
0.79309
-0.007041
0.79309
-0.00146295
0.79309
-0.00146295
0.79309
-0.00146295
0.79309
-0.00146295
0.7705
0.025459
0.336231
0.522231
-0.00146295
0.80559
-0.00146295
0.80559
0.070459
0.745241
0.070459
0.745241
0.070459
0.745241
0.070459
0.745241
-0.024541
0.80559
-0.013291
0.80559
-0.024541
0.80559
-0.107041
0.80559
-0.107041
0.80559
-0.107041
0.80559
-0.119541
0.658924
-0.108291
0.052959
-0.119541
-0.009541
-0.119541
-0.009541
-0.119541
0.049209
-0.119541
0.052959
-0.119541
-0.009541
-0.119541
0.000459001
-0.119541
-0.009541
-0.119541
0.067959
0.79309
-0.063291
0.79309
-0.094541
0.79309
-0.063291
0.79309
-0.039541
0.79309
-0.039541
0.79309
-0.033291
0.79309
-0.039541
0.79309
-0.039541
0.79309
-0.00146295
0.79309
-0.00146295
0.79309
-0.00146295
0.79309
-0.00146295
0.734139
0.0687923
0.336231
0.522231
-0.00146295
0.80559
0.070459
0.745241
0.070459
0.745241
0.070459
0.745241
0.070459
0.745241
0.070459
0.745241
-0.024541
0.80559
-0.013291
0.80559
-0.024541
0.80559
-0.107041
0.80559
-0.107041
0.80559
-0.107041
0.80559
-0.119541
0.658924
-0.108291
0.0271257
-0.119541
-0.00287433
-0.114541
-0.0478743
-0.114541
-0.0478743
-0.113291
0.000875668
-0.114541
-0.0478743
-0.119541
-0.00287433
-0.114541
-0.0478743
0.009209
-0.082041
0.79309
-0.0528743
0.79309
-0.102874
0.79309
-0.0528743
0.79309
-0.082041
0.79309
-0.002041
0.79309
-0.00620767
0.79309
-0.00620767
0.79309
-0.00620767
0.783087
0.010459
0.783087
0.010459
0.783087
0.010459
0.783087
0.010459
0.712288
0.094834
0.336231
0.522231
0.070459
0.745241
0.070459
0.745241
0.070459
0.745241
0.070459
0.745241
0.070459
0.745241
0.070459
0.745241
-0.024541
0.80559
-0.013291
0.80559
-0.024541
0.80559
-0.107041
0.80559
-0.107041
0.80559
-0.107041
0.80559
-0.119541
0.658924
-0.103291
-0.034541
-0.114541
-0.054541
-0.114541
-0.064541
-0.114541
-0.064541
-0.119541
-0.018916
-0.119541
-0.028916
-0.119541
-0.028916
-0.114541
-0.064541
0.009209
-0.081416
0.79309
-0.090166
0.79309
-0.099541
0.79309
-0.099541
0.79309
-0.020791
0.79309
-0.099541
0.783087
0.010459
0.783087
0.010459
0.783087
0.010459
0.774696
0.020459
0.774696
0.020459
0.774696
0.020459
0.774696
0.020459
0.699177
0.110459
0.336231
0.522231
0.070459
0.745241
0.070459
0.745241
0.070459
0.745241
0.070459
0.745241
0.070459
0.745241
0.070459
0.745241
-0.024541
0.80559
-0.013291
0.80559
-0.024541
0.80559
-0.024541
0.80559
-0.107041
0.80559
-0.107041
0.80559
-0.119541
0.658924
-0.103291
-0.074541
-0.102041
-0.050791
-0.114541
-0.074541
-0.114541
-0.074541
-0.114541
-0.074541
-0.119541
-0.044541
-0.119541
-0.044541
-0.114541
-0.074541
0.080459
-0.079541
0.79309
-0.087041
0.79309
-0.087041
0.79309
-0.064541
0.79309
-0.043291
0.79309
-0.087041
0.774696
0.020459
0.774696
0.020459
0.774696
0.020459
0.80559
-0.004541
0.80559
-0.00146295
0.80559
-0.00146295
0.80559
-0.00146295
0.80559
-0.00146295
0.336231
0.509731
-0.00146295
0.79309
-0.00146295
0.79309
-0.00146295
0.79309
-0.00146295
0.79309
-0.107041
0.79309
-0.007041
0.79309
-0.107041
0.79309
-0.107041
0.79309
-0.107041
0.79309
-0.069541
0.79309
-0.107041
0.79309
-0.107041
0.79309
-0.0678743
0.67759
0.199209
-0.053291
0.085459
-0.114541
0.090459
-0.119541
0.090459
-0.078291
0.085459
-0.114541
0.090459
-0.119541
0.090459
-0.119541
0.090459
-0.119541
0.162959
-0.119541
0.80559
-0.107041
0.80559
-0.107041
0.80559
-0.107041
0.80559
-0.107041
0.80559
-0.077041
0.80559
-0.077041
0.80559
-0.042666
0.80559
-0.004541
0.80559
-0.00146295
0.80559
-0.00146295
0.80559
-0.00146295
0.80559
-0.00146295
0.80559
-0.00146295
0.336231
0.522231
-0.00146295
0.80559
-0.00146295
0.80559
-0.00146295
0.80559
-0.00146295
0.80559
-0.0703743
0.80559
-0.0703743
0.80559
-0.107041
0.80559
-0.107041
0.80559
-0.107041
0.80559
-0.069541
0.80559
-0.107041
0.80559
-0.107041
0.80559
-0.0678743
0.67759
0.090459
0.080459
0.085459
0.085459
-0.067041
-0.067041
0.085459
0.089209
0.229209
0.229209
-0.069541
0.000459001
-0.067041
-0.067041
-0.069541
0.000459001
-0.003291
0.074209
0.80559
-0.107041
0.80559
-0.107041
0.80559
-0.107041
0.80559
-0.107041
0.80559
-0.107041
0.80559
-0.107041
0.80559
-0.0703743
0.80559
-0.0703743
0.783
0.025459
0.783
0.025459
0.783
0.025459
0.80559
-0.00146295
0.80559
-0.00146295
0.336231
0.522231
-0.00146295
0.80559
-0.00146295
0.80559
-0.00146295
0.80559
-0.00146295
0.80559
-0.0703743
0.80559
-0.003291
0.80559
-0.107041
0.80559
-0.107041
0.80559
-0.107041
0.80559
-0.107041
0.80559
-0.107041
0.80559
-0.107041
0.80559
-0.0678743
0.67759
0.080459
0.067959
0.085459
-0.014541
0.080459
0.067959
0.090459
0.066709
-0.003291
-0.063291
0.000459001
-0.019541
-0.003291
-0.059541
0.199209
0.072959
-0.007041
0.067959
0.80559
-0.009541
0.80559
-0.035791
0.80559
-0.079541
0.80559
-0.025791
0.80559
-0.025791
0.80559
-0.025791
0.80559
-0.007041
0.80559
-0.032041
0.787545
0.0200423
0.787545
0.0200423
0.80559
-0.00146295
0.80559
-0.00146295
0.80559
-0.00146295
0.336231
0.522231
-0.00146295
0.80559
-0.00146295
0.80559
-0.00146295
0.80559
-0.00146295
0.80559
-0.107041
0.80559
-0.003291
0.80559
-0.107041
0.80559
-0.107041
0.80559
-0.107041
0.80559
-0.069541
0.80559
-0.107041
0.80559
-0.107041
0.80559
-0.0678743
0.67759
0.080459
0.0158757
0.085459
-0.0291243
0.080459
0.0158757
0.199209
0.00962567
0.090459
-0.0528743
0.090459
-0.0153743
0.090459
-0.082041
0.090459
-0.082041
0.090459
-0.082041
0.80559
-0.102874
0.80559
-0.082041
0.80559
-0.082041
0.80559
-0.0162077
0.787545
0.0200423
0.787545
0.0200423
0.787545
0.0200423
0.787545
0.0200423
0.765694
0.046084
0.80559
-0.00146295
0.80559
-0.00146295
0.80559
-0.00146295
0.80559
-0.00146295
0.336231
0.522231
-0.00146295
0.80559
-0.00146295
0.80559
-0.00146295
0.80559
-0.00146295
0.80559
-0.107041
0.80559
-0.003291
0.80559
-0.107041
0.80559
-0.107041
0.80559
-0.107041
0.80559
-0.069541
0.80559
-0.107041
0.80559
-0.107041
0.80559
-0.0678743
0.67759
0.090459
-0.072666
0.085459
-0.064541
0.080459
-0.025166
0.090459
-0.107041
0.090459
-0.081416
0.080459
-0.028916
0.090459
-0.081416
0.090459
-0.069541
0.090459
-0.081416
0.80559
-0.025166
0.80559
-0.090166
0.80559
-0.099541
0.80559
-0.074541
0.80559
-0.007666
0.80559
-0.004541
0.765694
0.046084
0.765694
0.046084
0.80559
-0.0262077
0.80559
-0.00146295
0.80559
-0.00146295
0.80559
-0.00146295
0.80559
-0.00146295
0.336231
0.522231
-0.00146295
0.80559
-0.00146295
0.80559
-0.00146295
0.80559
-0.00146295
0.80559
-0.107041
0.80559
-0.003291
0.80559
-0.107041
0.80559
-0.107041
0.80559
-0.107041
0.80559
-0.069541
0.80559
-0.107041
0.80559
-0.107041
0.80559
-0.0678743
0.67759
0.090459
-0.109541
0.085459
-0.074541
0.080459
-0.025791
0.090459
-0.109541
0.080459
-0.025791
0.090459
-0.109541
0.085459
-0.074541
0.090459
-0.109541
0.090459
-0.079541
0.80559
-0.044541
0.80559
-0.044541
0.80559
-0.064541
0.80559
-0.020791
0.797684
0.007959
0.797684
0.007959
0.752583
0.061709
0.752583
0.061709
0.745241
0.070459
0.745241
0.070459
0.80559
-0.00146295
0.80559
-0.00146295
0.80559
-0.00146295
0.336231
0.509731
-0.00146295
0.79309
-0.00146295
0.79309
-0.00146295
0.79309
-0.00146295
0.79309
-0.039541
0.79309
-0.039541
0.79309
-0.039541
0.79309
-0.039541
0.79309
-0.039541
0.79309
-0.019541
0.79309
-0.094541
0.79309
-0.094541
0.79309
0.067959
0.637942
-0.009541
-0.119541
-0.014541
-0.114541
-0.009541
-0.119541
-0.009541
-0.078291
-0.014541
-0.114541
-0.009541
-0.119541
-0.009541
-0.119541
-0.009541
-0.119541
0.135459
-0.119541
0.80559
-0.107041
0.80559
-0.107041
0.80559
-0.107041
0.80559
-0.024541
0.80559
-0.024541
0.80559
-0.024541
0.745241
0.070459
0.745241
0.070459
0.80559
-0.00146295
0.80559
-0.00146295
0.80559
-0.00146295
0.80559
-0.00146295
0.80559
-0.00146295
0.336231
0.522231
-0.00146295
0.80559
0.025459
0.783
0.025459
0.783
0.025459
0.783
-0.032041
0.80559
-0.007041
0.80559
-0.025791
0.80559
-0.032041
0.80559
-0.007041
0.80559
-0.079541
0.80559
-0.035791
0.80559
-0.009541
0.80559
0.067959
0.637942
-0.059541
0.026709
0.066709
0.004209
-0.029541
0.074209
0.036709
0.224209
-0.094541
0.209209
-0.094541
0.209209
-0.059541
0.092959
0.052959
0.229209
-0.059541
0.074209
0.80559
-0.107041
0.80559
-0.107041
0.80559
-0.107041
0.80559
-0.107041
0.80559
-0.107041
0.80559
-0.107041
0.80559
-0.007041
0.80559
-0.0703743
0.80559
-0.00146295
0.80559
-0.00146295
0.790342
0.016709
0.790342
0.016709
0.790342
0.016709
0.336231
0.522231
0.016709
0.790342
0.016709
0.790342
-0.00146295
0.80559
-0.00146295
0.80559
-0.039541
0.80559
-0.014541
0.80559
-0.033291
0.80559
-0.039541
0.80559
-0.014541
0.80559
-0.094541
0.80559
-0.094541
0.80559
-0.094541
0.80559
0.067959
0.637942
0.036709
-0.009541
0.079209
0.040459
-0.059541
-0.072041
0.040459
0.020459
-0.059541
-0.063291
-0.059541
-0.055791
-0.063291
0.079209
0.042959
0.072959
-0.063291
0.067959
0.80559
-0.094541
0.80559
-0.094541
0.80559
-0.063291
0.80559
-0.014541
0.80559
-0.033291
0.80559
-0.033291
0.80559
-0.014541
0.80559
-0.039541
0.80559
-0.00146295
0.80559
-0.00146295
0.80559
-0.00146295
0.80559
-0.00146295
0.80559
-0.00146295
0.336231
0.522231
-0.00146295
0.80559
-0.00146295
0.80559
-0.00146295
0.80559
-0.00146295
0.80559
-0.039541
0.80559
-0.014541
0.80559
-0.033291
0.80559
-0.039541
0.80559
-0.039541
0.80559
-0.094541
0.80559
-0.094541
0.80559
-0.094541
0.80559
0.067959
0.637942
0.036709
-0.0241243
0.072959
-0.00537433
-0.009541
-0.082041
0.042959
0.00962567
-0.019541
0.00712567
-0.009541
-0.0153743
-0.009541
-0.082041
-0.009541
-0.082041
-0.009541
-0.082041
0.80559
-0.102874
0.80559
-0.102874
0.80559
-0.082041
0.80559
-0.082041
0.80559
-0.00620767
0.80559
-0.00620767
0.80559
-0.00620767
0.80559
-0.00620767
0.795587
0.010459
0.795587
0.010459
0.795587
0.010459
0.795587
0.010459
0.80559
-0.00146295
0.336231
0.522231
-0.00146295
0.80559
-0.00146295
0.80559
-0.00146295
0.80559
-0.00146295
0.80559
-0.039541
0.80559
-0.014541
0.80559
-0.033291
0.80559
-0.039541
0.80559
-0.014541
0.80559
-0.094541
0.80559
-0.094541
0.80559
-0.094541
0.80559
0.067959
0.637942
0.049209
-0.072666
0.072959
-0.005166
-0.009541
-0.081416
-0.009541
-0.091416
-0.019541
-0.018916
-0.019541
-0.028916
-0.009541
-0.081416
-0.019541
-0.028916
-0.009541
-0.081416
0.80559
-0.102666
0.80559
-0.090166
0.80559
-0.099541
0.80559
-0.074541
0.80559
-0.099541
0.795587
0.010459
0.795587
0.010459
0.795587
0.010459
0.787196
0.020459
0.787196
0.020459
0.787196
0.020459
0.80559
-0.00146295
0.80559
-0.00146295
0.336231
0.522231
-0.00146295
0.80559
-0.00146295
0.80559
-0.00146295
0.80559
-0.00146295
0.80559
-0.039541
0.80559
-0.014541
0.80559
-0.033291
0.80559
-0.039541
0.80559
-0.014541
0.80559
-0.094541
0.80559
-0.094541
0.80559
-0.094541
0.80559
0.067959
0.637942
0.046709
-0.040791
0.079209
-0.079541
0.059209
-0.079541
-0.014541
-0.074541
-0.019541
-0.025791
-0.014541
-0.070791
0.049209
-0.075791
-0.014541
-0.074541
0.024209
-0.079541
0.80559
-0.044541
0.80559
-0.087041
0.80559
-0.064541
0.80559
-0.020791
0.80559
-0.087041
0.787196
0.020459
0.787196
0.020459
0.787196
0.020459
0.745241
0.070459
0.745241
0.070459
0.745241
0.070459
0.80559
-0.00146295
0.80559
-0.00146295
0.336231
0.509731
-0.00146295
0.79309
-0.00146295
0.79309
-0.00146295
0.79309
-0.00146295
0.79309
-0.00620767
0.79309
-0.00620767
0.79309
-0.00620767
0.79309
-0.00620767
0.79309
-0.082041
0.79309
-0.0153743
0.79309
-0.102874
0.79309
-0.102874
0.79309
-0.082041
0.676923
-0.0478743
-0.114541
-0.0478743
-0.114541
-0.0478743
-0.114541
-0.0428743
-0.078291
-0.0478743
-0.114541
-0.0478743
-0.114541
-0.0478743
-0.114541
-0.0478743
-0.114541
0.147959
-0.119541
0.80559
-0.107041
0.80559
-0.107041
0.80559
-0.107041
0.80559
-0.024541
0.80559
-0.024541
0.80559
-0.024541
0.745241
0.070459
0.745241
0.070459
0.80559
-0.00146295
0.80559
-0.00146295
0.80559
-0.00146295
0.80559
-0.00146295
0.80559
-0.00146295
0.336231
0.522231
-0.00146295
0.80559
-0.00146295
0.80559
0.0200423
0.787545
0.0200423
0.787545
0.0200423
0.787545
0.0200423
0.787545
0.0200423
0.787545
0.0200423
0.787545
-0.0124577
0.80559
-0.102874
0.80559
-0.102874
0.80559
-0.102874
0.80559
-0.082041
0.676923
-0.082041
0.090459
-0.082041
0.090459
-0.082041
0.090459
-0.101208
0.0646257
-0.101208
0.0346257
-0.102874
0.090459
-0.078291
0.077959
-0.00912433
0.229209
-0.078291
0.074209
0.80559
-0.107041
0.80559
-0.107041
0.80559
-0.007041
0.80559
-0.107041
0.80559
-0.107041
0.80559
-0.107041
0.80559
-0.007041
0.80559
-0.107041
0.80559
-0.00146295
0.80559
-0.00146295
0.80559
-0.00146295
0.80559
-0.00146295
0.783
0.025459
0.336231
0.522231
-0.00146295
0.80559
-0.00146295
0.80559
-0.00146295
0.80559
-0.00146295
0.80559
-0.00620767
0.80559
-0.00620767
0.80559
-0.00620767
0.80559
-0.00620767
0.80559
-0.082041
0.80559
-0.102874
0.80559
-0.102874
0.80559
-0.102874
0.80559
-0.082041
0.676923
-0.082041
-0.009541
-0.082041
-0.009541
-0.082041
0.000459001
0.00712567
0.066709
-0.082041
0.067959
-0.082041
-0.009541
-0.082041
0.059209
-0.00912433
0.072959
-0.082041
0.067959
0.80559
-0.063291
0.80559
-0.094541
0.80559
-0.094541
0.80559
-0.039541
0.80559
-0.039541
0.80559
-0.033291
0.80559
-0.014541
0.80559
-0.039541
0.80559
-0.00146295
0.80559
-0.00146295
0.80559
-0.00146295
0.80559
-0.00146295
0.746639
0.0687923
0.336231
0.522231
-0.00146295
0.80559
-0.00146295
0.80559
-0.00146295
0.80559
-0.00146295
0.80559
-0.00620767
0.80559
-0.00620767
0.80559
-0.00620767
0.80559
-0.00620767
0.80559
-0.082041
0.80559
-0.102874
0.80559
-0.102874
0.80559
-0.102874
0.80559
-0.082041
0.676923
-0.106624
-0.106624
-0.00912433
-0.00912433
-0.0153743
-0.0241243
0.00962567
0.00962567
-0.0478743
-0.0291243
-0.0428743
-0.0153743
-0.100374
-0.0916243
-0.0528743
-0.00287433
-0.028291
-0.082041
0.80559
-0.102874
0.80559
-0.0528743
0.80559
-0.082041
0.80559
-0.102874
0.80559
-0.002041
0.80559
-0.00620767
0.80559
-0.00620767
0.80559
-0.00620767
0.795587
0.010459
0.795587
0.010459
0.795587
0.010459
0.795587
0.010459
0.724788
0.094834
0.336231
0.522231
-0.00146295
0.80559
-0.00146295
0.80559
-0.00146295
0.80559
-0.00146295
0.80559
-0.00620767
0.80559
-0.00620767
0.80559
-0.00620767
0.80559
-0.00620767
0.80559
-0.082041
0.80559
-0.102874
0.80559
-0.102874
0.80559
-0.102874
0.80559
-0.082041
0.676923
-0.0491243
0.001084
-0.00912433
-0.016416
0.000875668
-0.069541
-0.0528743
-0.028916
-0.00912433
-0.016416
-0.0528743
-0.028916
-0.00287433
-0.069541
-0.0528743
-0.028916
-0.028291
-0.081416
0.80559
-0.074541
0.80559
-0.090166
0.80559
-0.099541
0.80559
-0.102666
0.80559
-0.099541
0.795587
0.010459
0.795587
0.010459
0.795587
0.010459
0.787196
0.020459
0.787196
0.020459
0.787196
0.020459
0.787196
0.020459
0.80559
-0.00146295
0.336231
0.522231
-0.00146295
0.80559
-0.00146295
0.80559
-0.00146295
0.80559
-0.00146295
0.80559
-0.00620767
0.80559
-0.00620767
0.80559
-0.00620767
0.80559
-0.00620767
0.80559
-0.082041
0.80559
-0.102874
0.80559
-0.102874
0.80559
-0.102874
0.80559
-0.082041
0.676923
-0.0428743
-0.025791
-0.0178743
-0.055791
0.000875668
-0.079541
-0.0478743
-0.074541
-0.0391243
-0.027041
-0.0478743
-0.074541
-0.00287433
-0.075791
-0.0528743
-0.044541
0.042959
-0.079541
0.80559
-0.044541
0.80559
-0.087041
0.80559
-0.064541
0.80559
-0.020791
0.80559
-0.087041
0.787196
0.020459
0.787196
0.020459
0.787196
0.020459
0.745241
0.070459
0.745241
0.070459
0.745241
0.070459
0.745241
0.070459
0.80559
-0.00146295
0.336231
0.509731
0.010459
0.783087
0.010459
0.783087
0.010459
0.783087
0.010459
0.783087
0.010459
0.783087
0.010459
0.783087
0.010459
0.783087
-0.102666
0.79309
-0.074541
0.79309
-0.102666
0.79309
-0.102666
0.79309
-0.102666
0.79309
-0.081416
0.57128
-0.064541
-0.114541
-0.064541
-0.114541
-0.064541
-0.114541
-0.064541
-0.054541
-0.064541
-0.114541
-0.064541
-0.114541
-0.064541
-0.114541
-0.064541
-0.114541
0.157334
-0.119541
0.80559
-0.107041
0.80559
-0.107041
0.80559
-0.107041
0.80559
-0.024541
0.80559
-0.024541
0.80559
-0.024541
0.745241
0.070459
0.745241
0.070459
0.80559
-0.00146295
0.80559
-0.00146295
0.80559
-0.00146295
0.80559
-0.00146295
0.80559
-0.00146295
0.336231
0.522231
-0.00146295
0.80559
-0.00146295
0.80559
-0.00146295
0.80559
0.046084
0.765694
0.046084
0.765694
0.046084
0.765694
-0.004541
0.80559
-0.007666
0.80559
-0.074541
0.80559
-0.102666
0.80559
-0.102666
0.80559
-0.025166
0.80559
-0.081416
0.57128
-0.091416
0.094209
-0.081416
0.100459
-0.081416
0.090459
-0.091416
0.094209
-0.107041
0.209209
-0.107041
0.090459
-0.107041
0.090459
-0.016416
0.229209
-0.070791
0.074209
0.80559
-0.107041
0.80559
-0.107041
0.80559
-0.007041
0.80559
-0.107041
0.80559
-0.107041
0.80559
-0.107041
0.80559
-0.007041
0.80559
-0.107041
0.80559
-0.00146295
0.80559
-0.00146295
0.80559
-0.00146295
0.80559
-0.00146295
0.783
0.025459
0.336231
0.522231
0.010459
0.795587
0.010459
0.795587
0.010459
0.795587
0.010459
0.795587
0.010459
0.795587
0.010459
0.795587
0.010459
0.795587
-0.102666
0.80559
-0.074541
0.80559
-0.102666
0.80559
-0.102666
0.80559
-0.074541
0.80559
-0.081416
0.57128
-0.091416
-0.005791
-0.081416
-0.009541
-0.069541
0.067959
-0.091416
-0.009541
-0.035166
0.042959
-0.091416
-0.009541
-0.091416
0.059209
-0.031416
0.072959
-0.091416
0.067959
0.80559
-0.063291
0.80559
-0.094541
0.80559
-0.094541
0.80559
-0.039541
0.80559
-0.039541
0.80559
-0.035791
0.80559
-0.014541
0.80559
-0.039541
0.80559
-0.00146295
0.80559
-0.00146295
0.80559
-0.00146295
0.80559
-0.00146295
0.746639
0.0687923
0.336231
0.522231
0.010459
0.795587
0.010459
0.795587
0.010459
0.795587
0.010459
0.795587
0.010459
0.795587
0.010459
0.795587
0.010459
0.795587
-0.102666
0.80559
-0.102666
0.80559
-0.102666
0.80559
-0.102666
0.80559
-0.074541
0.80559
-0.081416
0.57128
-0.065791
0.0158757
-0.069541
-0.00287433
-0.018916
-0.0228743
-0.064541
-0.0378743
-0.028916
-0.0528743
-0.069541
0.000875668
-0.069541
-0.00287433
-0.069541
-0.00287433
-0.018916
-0.082041
0.80559
-0.102874
0.80559
-0.0528743
0.80559
-0.082041
0.80559
-0.102874
0.80559
-0.00620767
0.80559
-0.00620767
0.80559
-0.00620767
0.80559
-0.00620767
0.795587
0.010459
0.795587
0.010459
0.795587
0.010459
0.795587
0.010459
0.724788
0.094834
0.336231
0.522231
0.010459
0.795587
0.010459
0.795587
0.010459
0.795587
0.010459
0.795587
0.010459
0.795587
0.010459
0.795587
0.010459
0.795587
-0.102666
0.80559
-0.102666
0.80559
-0.102666
0.80559
-0.102666
0.80559
-0.074541
0.80559
-0.081416
0.57128
-0.059541
0.001084
-0.064541
-0.060791
-0.018916
-0.069541
-0.069541
-0.028916
-0.035166
-0.035166
-0.069541
-0.028916
-0.028916
-0.069541
-0.069541
-0.028916
-0.018916
-0.081416
0.80559
-0.074541
0.80559
-0.090166
0.80559
-0.099541
0.80559
-0.102666
0.80559
-0.099541
0.795587
0.010459
0.795587
0.010459
0.795587
0.010459
0.787196
0.020459
0.787196
0.020459
0.787196
0.020459
0.787196
0.020459
0.711677
0.110459
0.336231
0.522231
0.010459
0.795587
0.010459
0.795587
0.010459
0.795587
0.010459
0.795587
0.010459
0.795587
0.010459
0.795587
0.010459
0.795587
-0.102666
0.80559
-0.102666
0.80559
-0.102666
0.80559
-0.102666
0.80559
-0.074541
0.80559
-0.081416
0.57128
-0.065791
-0.025791
-0.069541
-0.044541
-0.025166
-0.079541
-0.064541
-0.074541
-0.039541
-0.025791
-0.069541
-0.044541
-0.069541
-0.014541
-0.069541
-0.044541
0.052334
-0.079541
0.80559
-0.040791
0.80559
-0.087041
0.80559
-0.064541
0.80559
-0.087041
0.80559
-0.087041
0.787196
0.020459
0.787196
0.020459
0.787196
0.020459
0.745241
0.070459
0.745241
0.070459
0.745241
0.070459
0.745241
0.070459
0.80559
-0.00146295
0.336231
0.509731
0.020459
0.774696
0.020459
0.774696
0.020459
0.774696
0.020459
0.774696
0.020459
0.774696
0.020459
0.774696
0.020459
0.774696
-0.087041
0.79309
-0.087041
0.79309
-0.087041
0.79309
-0.087041
0.79309
-0.087041
0.79309
-0.079541
0.67759
-0.074541
-0.114541
-0.074541
-0.114541
-0.074541
-0.114541
-0.074541
-0.054541
-0.074541
-0.114541
-0.074541
-0.114541
-0.074541
-0.114541
-0.074541
-0.114541
0.162959
-0.119541
0.80559
-0.107041
0.80559
-0.107041
0.80559
-0.024541
0.80559
-0.024541
0.80559
-0.013291
0.80559
-0.024541
0.745241
0.070459
0.745241
0.070459
0.80559
-0.00146295
0.80559
-0.00146295
0.80559
-0.00146295
0.80559
-0.00146295
0.80559
-0.00146295
0.336231
0.522231
-0.00146295
0.80559
-0.00146295
0.80559
-0.00146295
0.80559
-0.00146295
0.80559
0.061709
0.752583
0.061709
0.752583
0.007959
0.797684
0.007959
0.797684
-0.077041
0.80559
-0.087041
0.80559
-0.044541
0.80559
-0.044541
0.80559
-0.079541
0.67759
-0.044541
0.090459
-0.079541
0.090459
-0.079541
0.090459
-0.109541
0.094209
-0.109541
0.209209
-0.109541
0.090459
-0.109541
0.090459
-0.047041
0.229209
-0.060791
0.074209
0.80559
-0.107041
0.80559
-0.107041
0.80559
-0.007041
0.80559
-0.107041
0.80559
-0.107041
0.80559
-0.107041
0.80559
-0.007041
0.80559
-0.107041
0.80559
-0.00146295
0.80559
-0.00146295
0.80559
-0.00146295
0.80559
-0.00146295
0.783
0.025459
0.336231
0.522231
-0.00146295
0.80559
0.020459
0.787196
0.020459
0.787196
0.020459
0.787196
0.020459
0.787196
0.020459
0.787196
0.020459
0.787196
-0.087041
0.80559
-0.077041
0.80559
-0.084541
0.80559
-0.087041
0.80559
-0.044541
0.80559
-0.079541
0.67759
-0.079541
0.052959
-0.079541
0.079209
-0.079541
0.067959
-0.074541
-0.004541
-0.079541
0.067959
-0.097041
-0.009541
-0.097041
0.059209
-0.020791
0.072959
-0.097041
0.067959
0.80559
-0.063291
0.80559
-0.094541
0.80559
-0.094541
0.80559
-0.039541
0.80559
-0.039541
0.80559
-0.033291
0.80559
-0.014541
0.80559
-0.039541
0.80559
-0.00146295
0.80559
-0.00146295
0.80559
-0.00146295
0.80559
-0.00146295
0.746639
0.0687923
0.336231
0.522231
0.020459
0.787196
0.020459
0.787196
0.020459
0.787196
0.020459
0.787196
0.020459
0.787196
0.020459
0.787196
0.020459
0.787196
-0.087041
0.80559
-0.077041
0.80559
-0.087041
0.80559
-0.087041
0.80559
-0.044541
0.80559
-0.079541
0.67759
-0.079541
0.0158757
-0.074541
-0.0478743
-0.079541
0.0158757
-0.074541
-0.0478743
-0.079541
-0.00287433
-0.079541
-0.00287433
-0.079541
-0.00287433
-0.079541
-0.00287433
-0.013291
-0.082041
0.80559
-0.0116243
0.80559
-0.0528743
0.80559
-0.082041
0.80559
-0.102874
0.80559
-0.00620767
0.80559
-0.00620767
0.80559
-0.00620767
0.80559
-0.00620767
0.795587
0.010459
0.795587
0.010459
0.795587
0.010459
0.795587
0.010459
0.724788
0.094834
0.336231
0.522231
0.020459
0.787196
0.020459
0.787196
0.020459
0.787196
0.020459
0.787196
0.020459
0.787196
0.020459
0.787196
0.020459
0.787196
-0.087041
0.80559
-0.077041
0.80559
-0.084541
0.80559
-0.087041
0.80559
-0.044541
0.80559
-0.079541
0.67759
-0.079541
-0.018916
-0.079541
-0.018916
-0.079541
-0.018916
-0.079541
-0.028916
-0.079541
-0.025166
-0.079541
-0.028916
-0.044541
-0.069541
-0.079541
-0.028916
-0.013291
-0.081416
0.80559
-0.074541
0.80559
-0.090166
0.80559
-0.099541
0.80559
-0.102666
0.80559
-0.074541
0.795587
0.010459
0.795587
0.010459
0.795587
0.010459
0.787196
0.020459
0.787196
0.020459
0.787196
0.020459
0.787196
0.020459
0.711677
0.110459
0.336231
0.522231
0.020459
0.787196
0.020459
0.787196
0.020459
0.787196
0.020459
0.787196
0.020459
0.787196
0.020459
0.787196
0.020459
0.787196
-0.087041
0.80559
-0.087041
0.80559
-0.084541
0.80559
-0.087041
0.80559
-0.044541
0.80559
-0.079541
0.67759
-0.079541
-0.040791
-0.079541
-0.034541
-0.044541
-0.079541
-0.074541
-0.074541
-0.074541
-0.055791
-0.079541
-0.044541
-0.044541
-0.075791
-0.074541
-0.074541
0.057959
-0.079541
0.80559
-0.044541
0.80559
-0.087041
0.80559
-0.064541
0.80559
-0.087041
0.80559
-0.087041
0.787196
0.020459
0.787196
0.020459
0.787196
0.020459
