0.000304236
0.0860051
0.000304236
0.000304236
0.000304236
0.000304236
0.000304236
0.000304236
0.000304236
0.000304236
0.000304236
0.000304236
0.000304236
0.000304236
0.000304236
0.000304236
0.000304236
0.000304236
0.100274
0.000304236
0.0860051
0.000304236
0.0860051
0.000304236
0.0860051
0.000304236
0.0860051
0.000304236
0.0860051
0.000304236
-0.0139949
0.000304236
0.0860051
0.000304236
0.0860051
0.000304236
0.0860051
0.000304236
0.0860051
-0.0139949
-0.0139949
-0.0139949
-0.0139949
0.0860051
-0.0139949
0.0860051
-0.0139949
-0.0139949
-0.0139949
0.0860051
-0.0139949
-0.0139949
-0.0139949
-0.0139949
-0.0139949
0.0860051
0.000304236
-0.0139949
0.000304236
0.0860051
0.000304236
-0.0139949
0.000304236
-0.0139949
0.000304236
-0.0139949
0.000304236
-0.0139949
0.000304236
0.0860051
0.000304236
-0.0139949
0.000304236
0.0760051
0.000304236
0.100274
0.000304236
0.100274
0.000304236
0.100274
0.000304236
0.100274
0.000304236
0.100274
0.000304236
0.100274
0.000304236
0.100274
0.000304236
0.100274
0.000304236
0.100274
-0.0139949
0.100274
-0.0139949
0.100274
-0.0139949
0.100274
-0.0139949
0.100274
-0.0139949
0.100274
-0.0139949
0.100274
-0.0139949
0.100274
-0.0139949
0.100274
0.0860051
0.000304236
0.0860051
0.0110051
0.0860051
-0.0139949
0.0860051
-0.0139949
0.0860051
0.0110051
0.0860051
-0.0139949
0.0860051
0.0110051
0.0860051
0.0110051
0.0860051
-0.0139949
0.0860051
-0.0139949
0.100274
-0.0139949
0.100274
-0.0139949
0.100274
-0.0139949
0.100274
-0.0139949
0.100274
-0.0139949
0.100274
-0.0139949
0.100274
-0.0139949
0.100274
-0.0139949
0.000304236
0.115588
0.000304236
0.100274
0.000304236
0.100274
0.000304236
0.100274
0.000304236
0.100274
0.000304236
0.100274
0.000304236
0.100274
0.000304236
0.100274
0.000304236
0.100274
0.000304236
0.100274
-0.0139949
0.100274
-0.0139949
0.100274
-0.0139949
0.100274
-0.0139949
0.100274
-0.0139949
0.100274
-0.0139949
0.100274
-0.0139949
0.100274
-0.0139949
0.100274
0.0860051
0.000304236
0.0860051
0.0172551
0.0860051
-0.0139949
0.0860051
-0.0139949
0.0860051
0.0172551
0.0860051
-0.0139949
0.0860051
-0.00774486
0.0860051
0.0110051
0.0860051
-0.0139949
0.0860051
-0.0139949
0.100274
-0.0139949
0.100274
-0.0139949
0.100274
-0.0139949
0.100274
-0.0139949
0.100274
-0.0139949
0.100274
-0.0139949
0.100274
-0.0139949
0.100274
-0.00774486
0.000304236
0.0676718
0.000304236
0.100274
0.000304236
0.100274
0.000304236
0.100274
0.000304236
0.100274
0.000304236
0.100274
0.000304236
0.100274
0.000304236
0.100274
0.000304236
0.100274
0.000304236
0.100274
-0.0139949
0.100274
-0.0139949
0.100274
-0.0139949
0.100274
-0.0139949
0.100274
-0.0139949
0.100274
-0.0139949
0.100274
-0.0139949
0.100274
-0.0139949
0.100274
0.0860051
0.000304236
0.0860051
-0.00149486
0.0860051
-0.00149486
0.0860051
-0.00149486
0.0860051
0.0110051
0.0860051
0.0110051
0.0860051
-0.00149486
0.0860051
-0.00149486
0.0860051
-0.00149486
0.0860051
-0.00149486
0.100274
-0.00149486
0.100274
-0.00149486
0.100274
-0.00149486
0.100274
-0.00149486
0.100274
-0.0139949
0.100274
-0.00149486
0.100274
-0.00149486
0.100274
-0.00149486
0.000304236
0.0853801
0.000304236
0.100274
0.000304236
0.100274
0.000304236
0.100274
0.000304236
0.100274
0.000304236
0.100274
0.000304236
0.100274
0.000304236
0.100274
0.000304236
0.100274
0.000304236
0.100274
-0.0139949
0.100274
-0.0139949
0.100274
-0.0139949
0.100274
-0.0139949
0.100274
-0.0139949
0.100274
-0.0139949
0.100274
-0.0139949
0.100274
-0.0139949
0.100274
0.0860051
0.000304236
0.0860051
0.0110051
0.0860051
-0.0139949
0.0860051
-0.0139949
0.0860051
0.0110051
0.0860051
-0.0139949
0.0860051
-0.0139949
0.0860051
-0.0139949
0.0860051
-0.0139949
0.0860051
-0.0139949
0.100274
-0.0139949
0.100274
-0.0139949
0.100274
-0.0139949
0.100274
-0.0139949
0.100274
-0.0139949
0.100274
-0.0139949
0.100274
-0.0139949
0.100274
-0.0139949
0.000304236
0.0910051
0.000304236
0.100274
0.000304236
0.100274
0.000304236
0.100274
0.000304236
0.100274
0.000304236
0.100274
0.000304236
0.100274
0.000304236
0.100274
0.000304236
0.100274
0.000304236
0.100274
-0.0139949
0.100274
-0.0139949
0.100274
-0.0139949
0.100274
-0.0139949
0.100274
-0.0139949
0.100274
-0.0139949
0.100274
-0.0139949
0.100274
-0.0139949
0.100274
0.0860051
0.000304236
0.0860051
0.0110051
0.0860051
-0.0139949
0.0860051
0.0110051
0.0860051
0.0110051
0.0860051
-0.0139949
0.0860051
-0.0139949
0.0860051
-0.0139949
0.0860051
-0.0139949
0.0860051
-0.0139949
0.100274
-0.0139949
0.100274
-0.0139949
0.100274
-0.0139949
0.100274
-0.0139949
0.100274
-0.0139949
0.100274
-0.0139949
0.100274
-0.0139949
0.100274
-0.0139949
0.100274
0.000304236
0.100274
0.000304236
0.100274
0.000304236
0.100274
0.000304236
0.100274
0.000304236
0.100274
0.000304236
0.100274
0.000304236
0.100274
0.000304236
0.100274
0.000304236
0.100274
0.000304236
-0.0139949
0.100274
-0.0139949
0.100274
-0.0139949
0.100274
-0.0139949
0.100274
-0.0139949
0.100274
-0.0139949
0.100274
-0.0139949
0.100274
-0.0139949
0.100274
-0.0139949
0.100274
-0.0139949
0.0860051
0.0110051
0.0860051
0.0110051
0.0860051
-0.0139949
0.0860051
-0.0139949
0.0860051
-0.0139949
0.0860051
-0.0139949
0.0860051
-0.0139949
0.0860051
-0.0139949
0.0860051
0.100274
-0.0139949
0.100274
-0.0139949
0.100274
-0.0139949
0.100274
-0.0139949
0.100274
-0.0139949
0.100274
-0.0139949
0.100274
-0.0139949
0.100274
-0.0139949
0.100274
0.000304236
0.100274
0.000304236
0.100274
0.000304236
0.100274
0.000304236
0.100274
0.000304236
0.000304236
0.100274
0.000304236
0.100274
0.000304236
0.100274
0.000304236
0.100274
0.000304236
0.100274
-0.0098282
0.100274
-0.0098282
0.100274
-0.0098282
0.100274
-0.0098282
0.100274
-0.0098282
0.100274
-0.0098282
0.100274
-0.0098282
0.100274
-0.0098282
0.100274
0.0360051
0.0703172
0.0360051
0.0360051
0.0360051
0.0360051
0.0360051
0.0360051
0.0360051
0.0360051
0.0360051
0.0360051
0.0360051
0.0360051
0.0360051
0.0360051
0.0360051
0.0360051
0.0360051
0.0360051
0.100274
-0.0098282
0.100274
-0.0098282
0.100274
-0.0098282
0.100274
-0.0098282
0.100274
-0.0098282
0.100274
-0.0098282
0.100274
-0.0098282
0.100274
-0.0098282
0.100274
0.000304236
0.100274
0.000304236
0.100274
0.000304236
0.100274
0.000304236
0.100274
0.000304236
0.000304236
0.100274
0.000304236
0.100274
0.000304236
0.100274
0.000304236
0.100274
0.000304236
0.100274
-0.0098282
0.100274
-0.0098282
0.100274
-0.0098282
0.100274
-0.0098282
0.100274
-0.0098282
0.100274
-0.0098282
0.100274
-0.0098282
0.100274
-0.0098282
0.100274
0.0318385
0.0738134
0.0360051
0.0610051
0.0651718
0.0401718
0.0651718
0.0401718
0.0651718
0.0401718
0.0651718
0.0401718
0.0651718
0.0401718
0.0651718
0.0401718
0.0651718
0.0401718
0.0568385
0.0422551
0.0650728
0.0422551
0.100274
-0.0119115
0.100274
-0.0119115
0.100274
-0.0119115
0.100274
-0.0119115
0.100274
-0.0119115
0.100274
-0.0139949
0.100274
-0.00774486
0.100274
0.000304236
0.100274
0.000304236
0.100274
0.000304236
0.100274
0.000304236
0.100274
0.000304236
0.000304236
0.100274
0.000304236
0.100274
0.000304236
0.100274
0.000304236
0.100274
0.000304236
0.100274
-0.0098282
0.100274
-0.0098282
0.100274
-0.0098282
0.100274
-0.0098282
0.100274
-0.0098282
0.100274
-0.0098282
0.100274
-0.0098282
0.100274
-0.0098282
0.100274
0.0318385
0.0738134
0.0318385
0.0610051
0.0318385
0.0610051
0.0318385
0.0610051
0.111005
0.0110051
0.0318385
0.0610051
0.0360051
0.0443385
0.0360051
0.0443385
0.111005
0.0110051
0.0360051
0.0443385
0.100274
-0.0139949
0.100274
-0.0139949
0.100274
-0.0139949
0.100274
-0.0139949
0.100274
-0.0139949
0.100274
-0.0139949
0.100274
-0.00149486
0.100274
-0.00149486
0.100274
0.000304236
0.100274
0.000304236
0.100274
0.000304236
0.100274
0.000304236
0.100274
0.000304236
0.000304236
0.100274
0.000304236
0.100274
0.000304236
0.100274
0.000304236
0.100274
0.000304236
0.100274
-0.0098282
0.100274
-0.0098282
0.100274
-0.0098282
0.100274
-0.0098282
0.100274
-0.0098282
0.100274
-0.0098282
0.100274
-0.0098282
0.100274
-0.0098282
0.100274
0.0318385
0.0738134
0.111005
0.0110051
0.0318385
0.0703801
0.0318385
0.0703801
0.111005
0.0110051
0.0318385
0.0703801
0.0360051
0.0610051
0.0360051
0.0610051
0.0360051
0.0610051
0.0510051
-0.0139949
0.100274
-0.0139949
0.100274
-0.0139949
0.100274
-0.0139949
0.100274
-0.0139949
0.100274
-0.0139949
0.100274
-0.0139949
0.100274
-0.0139949
0.100274
-0.0139949
0.100274
0.000304236
0.100274
0.000304236
0.100274
0.000304236
0.100274
0.000304236
0.100274
0.000304236
0.000304236
0.100274
0.000304236
0.100274
0.000304236
0.100274
0.000304236
0.100274
0.000304236
0.100274
-0.0098282
0.100274
-0.0098282
0.100274
-0.0098282
0.100274
-0.0098282
0.100274
-0.0098282
0.100274
-0.0098282
0.100274
-0.0098282
0.100274
-0.0098282
0.100274
0.0360051
0.0703172
0.111005
0.0110051
0.0360051
0.0860051
0.0360051
0.0110051
0.111005
0.0110051
0.111005
0.0110051
0.0360051
0.0860051
0.0360051
0.0860051
0.0360051
0.0110051
0.0510051
-0.0139949
0.100274
-0.0139949
0.100274
-0.0139949
0.100274
-0.0139949
0.100274
-0.0139949
0.100274
-0.0139949
0.100274
-0.0139949
0.100274
-0.0139949
0.100274
-0.0139949
0.100274
0.000304236
0.100274
0.000304236
0.100274
0.000304236
0.100274
0.000304236
0.100274
0.000304236
0.100274
0.000304236
0.100274
0.000304236
0.100274
0.000304236
0.100274
0.000304236
0.100274
0.000304236
-0.0139949
0.100274
-0.0139949
0.100274
-0.0139949
0.100274
-0.00774486
0.100274
-0.0139949
0.100274
-0.00774486
0.100274
-0.0139949
0.100274
-0.0139949
0.100274
-0.0139949
0.100274
-0.0139949
0.0860051
-0.0139949
0.0860051
0.0172551
0.0860051
-0.0139949
0.0860051
-0.0139949
0.0860051
-0.0139949
0.0860051
-0.0139949
0.0860051
-0.0139949
0.0860051
-0.0139949
0.0860051
0.100274
-0.0139949
0.100274
-0.0139949
0.100274
-0.0139949
0.100274
-0.0139949
0.100274
-0.0139949
0.100274
-0.0139949
0.100274
-0.0139949
0.100274
-0.0139949
0.100274
0.000304236
0.100274
0.000304236
0.100274
0.000304236
0.100274
0.000304236
0.100274
0.000304236
0.000304236
0.100274
0.000304236
0.100274
0.000304236
0.100274
0.000304236
0.100274
0.000304236
0.100274
-0.0139949
0.100274
-0.0139949
0.100274
-0.0119115
0.100274
-0.0119115
0.100274
-0.0119115
0.100274
-0.0119115
0.100274
-0.0119115
0.100274
0.0422551
0.0650728
0.0422551
0.0650728
0.0610051
0.0360051
0.0401718
0.0651718
0.0401718
0.0651718
0.0401718
0.0651718
0.0401718
0.0651718
0.0401718
0.0651718
0.0610051
0.0360051
0.0401718
0.0651718
0.0443385
0.0318385
0.100274
-0.0098282
0.100274
-0.0098282
0.100274
-0.0098282
0.100274
-0.0098282
0.100274
-0.0098282
0.100274
-0.0098282
0.100274
-0.0098282
0.100274
-0.0098282
0.100274
0.000304236
0.100274
0.000304236
0.100274
0.000304236
0.100274
0.000304236
0.000304236
0.100274
0.100274
0.000304236
0.000304236
0.100274
0.000304236
0.100274
0.000304236
0.100274
0.000304236
0.100274
-0.00149486
0.100274
-0.00149486
0.100274
-0.00149486
0.100274
-0.00149486
0.100274
-0.00149486
0.100274
-0.00149486
0.100274
-0.00149486
0.100274
-0.00149486
0.100274
0.0255885
0.0790578
0.0610051
0.0360051
0.0610051
0.0360051
0.0610051
0.0360051
0.0360051
0.0610051
0.0360051
0.0610051
0.0360051
0.0610051
0.0610051
0.0360051
0.0610051
0.0360051
0.0610051
0.0360051
0.100274
-0.00149486
0.100274
-0.00149486
0.100274
-0.00149486
0.100274
-0.00149486
0.100274
-0.00149486
0.100274
-0.00149486
0.100274
-0.00149486
0.100274
-0.00149486
0.0520685
0.0568385
0.0520685
0.0568385
0.100274
0.000304236
0.100274
0.000304236
0.100274
0.000304236
0.100274
0.000304236
0.000304236
0.100274
0.000304236
0.100274
0.000304236
0.100274
0.000304236
0.100274
-0.00149486
0.100274
-0.00149486
0.100274
-0.00149486
0.100274
-0.00149486
0.100274
-0.00149486
0.100274
-0.00149486
0.100274
-0.00149486
0.100274
-0.00149486
0.100274
0.0255885
0.0790578
0.0360051
0.0526718
0.0360051
0.0526718
0.0360051
0.0526718
0.0360051
0.0526718
0.0360051
0.0526718
0.0360051
0.0526718
0.0360051
0.0526718
0.0360051
0.0526718
0.0443385
0.0235051
0.100274
-0.00149486
0.100274
-0.00149486
0.100274
-0.00149486
0.100274
-0.00149486
0.100274
-0.00149486
0.100274
-0.00149486
0.0520685
0.0568385
0.0520685
0.0568385
0.100274
0.000304236
0.100274
0.000304236
0.100274
0.000304236
0.0703172
0.0360051
0.000304236
0.100274
0.000304236
0.100274
0.000304236
0.100274
0.000304236
0.100274
0.000304236
0.100274
0.000304236
0.100274
-0.00149486
0.100274
-0.00149486
0.100274
-0.00149486
0.100274
-0.00149486
0.100274
-0.00149486
0.100274
-0.00149486
0.100274
-0.00149486
0.100274
-0.00149486
0.100274
0.0255885
0.0790578
0.0547551
0.0266301
0.0547551
0.0266301
0.0547551
0.0266301
0.0547551
0.0266301
0.0547551
0.0266301
0.0547551
0.0266301
0.0547551
0.0266301
0.0547551
0.0266301
0.0443385
0.0443385
0.0633247
0.0443385
0.0633247
0.0443385
0.0633247
0.0443385
0.0633247
0.0443385
0.0633247
0.0443385
0.0633247
0.0443385
0.0633247
0.0443385
0.100274
-0.0139949
0.100274
0.000304236
0.100274
0.000304236
0.100274
0.000304236
0.0703172
0.0360051
0.000304236
0.100274
0.000304236
0.100274
0.000304236
0.100274
0.000304236
0.100274
0.000304236
0.100274
0.000304236
0.100274
-0.00149486
0.100274
-0.00149486
0.100274
-0.00149486
0.100274
-0.00149486
0.100274
-0.00149486
0.100274
-0.00149486
0.100274
-0.00149486
0.100274
-0.00149486
0.100274
0.0255885
0.0790578
0.0547551
0.0322551
0.0547551
0.0322551
0.0547551
0.0322551
0.0547551
0.0322551
0.0547551
0.0322551
0.0547551
0.0322551
0.0547551
0.0322551
0.0547551
0.0322551
0.0443385
0.0593385
0.0490891
0.0593385
0.0490891
0.0593385
0.0490891
0.0593385
0.0490891
0.0593385
0.0490891
0.0593385
0.0490891
0.0593385
0.100274
-0.0139949
0.100274
-0.0139949
0.100274
0.000304236
0.100274
0.000304236
0.100274
0.000304236
0.100274
0.000304236
0.100274
0.000304236
0.100274
0.000304236
0.100274
0.000304236
0.100274
0.000304236
0.100274
0.000304236
0.100274
0.000304236
-0.00149486
0.100274
-0.00149486
0.100274
-0.00149486
0.100274
-0.00149486
0.100274
-0.00149486
0.100274
-0.0139949
0.100274
-0.00149486
0.100274
-0.00149486
0.100274
-0.00149486
0.100274
-0.00149486
0.0860051
-0.00149486
0.0860051
-0.0139949
0.0860051
-0.00149486
0.0860051
-0.00149486
0.0860051
0.0110051
0.0860051
-0.00149486
0.0860051
0.0110051
0.0860051
-0.00149486
0.0860051
0.100274
-0.0139949
0.100274
-0.0139949
0.100274
-0.0139949
0.100274
-0.0139949
0.100274
-0.0139949
0.100274
-0.0139949
0.100274
-0.0139949
0.100274
-0.0139949
0.100274
0.000304236
0.100274
0.000304236
0.100274
0.000304236
0.100274
0.000304236
0.100274
0.000304236
0.000304236
0.100274
0.000304236
0.100274
0.000304236
0.100274
0.000304236
0.100274
0.000304236
0.100274
-0.00149486
0.100274
-0.00149486
0.100274
-0.0139949
0.100274
-0.0139949
0.100274
-0.0139949
0.100274
-0.0139949
0.100274
-0.0139949
0.100274
-0.0139949
0.100274
0.0443385
0.0633247
0.0443385
0.0360051
0.0110051
0.111005
0.0610051
0.0318385
0.0610051
0.0318385
0.0610051
0.0318385
0.0110051
0.111005
0.0610051
0.0318385
0.0610051
0.0318385
0.0610051
0.0318385
0.100274
-0.0098282
0.100274
-0.0098282
0.100274
-0.0098282
0.100274
-0.0098282
0.100274
-0.0098282
0.100274
-0.0098282
0.100274
-0.0098282
0.100274
-0.0098282
0.100274
0.000304236
0.100274
0.000304236
0.100274
0.000304236
0.100274
0.000304236
0.000304236
0.100274
0.000304236
0.100274
0.000304236
0.100274
0.000304236
0.100274
0.0568385
0.0520685
0.0568385
0.0520685
0.0568385
0.0520685
0.0568385
0.0520685
-0.00149486
0.100274
-0.00149486
0.100274
-0.00149486
0.100274
-0.00149486
0.100274
-0.00149486
0.100274
-0.00149486
0.100274
0.0235051
0.0808059
0.0526718
0.0360051
0.0526718
0.0360051
0.0526718
0.0360051
0.0526718
0.0360051
0.0526718
0.0360051
0.0214218
0.0547551
0.0214218
0.0547551
0.0526718
0.0360051
0.0526718
0.0360051
0.100274
-0.00149486
0.100274
-0.00149486
0.100274
-0.00149486
0.100274
-0.00149486
0.100274
-0.00149486
0.100274
-0.00149486
0.100274
-0.00149486
0.100274
-0.00149486
0.0520685
0.0568385
0.0520685
0.0568385
0.0520685
0.0568385
0.0520685
0.0568385
0.0520685
0.0568385
0.0568385
0.0520685
0.0568385
0.0520685
0.0568385
0.0520685
0.0568385
0.0520685
0.0568385
0.0520685
0.0568385
0.0520685
0.0568385
0.0520685
0.0568385
0.0520685
0.0568385
0.0520685
-0.00149486
0.100274
-0.00149486
0.100274
-0.00149486
0.100274
-0.00149486
0.100274
0.0235051
0.0808059
0.0964218
0.0214218
0.0776718
0.0151718
0.0964218
0.0214218
0.0964218
0.0214218
0.0964218
0.0214218
0.0151718
0.0776718
0.0214218
0.0964218
0.0214218
0.0964218
0.0610051
0.0235051
0.100274
-0.00149486
0.100274
-0.00149486
0.100274
-0.00149486
0.100274
-0.00149486
0.0520685
0.0568385
0.0520685
0.0568385
0.0520685
0.0568385
0.0520685
0.0568385
0.0334473
0.0724635
0.0334473
0.0724635
0.100274
0.000304236
0.100274
0.000304236
0.100274
0.000304236
0.0568385
0.0520685
0.0568385
0.0520685
0.0568385
0.0520685
0.0568385
0.0520685
0.0568385
0.0520685
0.0568385
0.0520685
0.0568385
0.0520685
0.0568385
0.0520685
0.0568385
0.0520685
-0.00149486
0.100274
-0.00149486
0.100274
-0.00149486
0.100274
-0.00149486
0.100274
0.0235051
0.0808059
0.0651718
0.0391301
0.0651718
0.0391301
0.0651718
0.0391301
0.0651718
0.0391301
0.0651718
0.0391301
0.0151718
0.0610051
0.0651718
0.0391301
0.0651718
0.0391301
0.0526718
0.0401718
0.066821
0.0401718
0.066821
0.0401718
0.0633247
0.0443385
0.0633247
0.0443385
0.0633247
0.0443385
0.0633247
0.0443385
0.0334473
0.0724635
0.0334473
0.0724635
0.0282334
0.0768385
0.000304236
0.100274
0.100274
0.000304236
0.100274
0.000304236
0.100274
0.000304236
0.0568385
0.0520685
0.0568385
0.0520685
0.0568385
0.0520685
0.0568385
0.0520685
0.0568385
0.0520685
0.0568385
0.0520685
0.0568385
0.0520685
0.0568385
0.0520685
0.0568385
0.0520685
-0.00149486
0.100274
-0.00149486
0.100274
-0.00149486
0.100274
-0.00149486
0.100274
0.0235051
0.0808059
0.0901718
0.0510051
0.0901718
0.0510051
0.0860051
0.0110051
0.0901718
0.0510051
0.0901718
0.0510051
0.0151718
0.0510051
0.0151718
0.0510051
0.0151718
0.0510051
0.0526718
0.0376718
0.0577307
0.0510051
0.0577307
0.0510051
0.0577307
0.0510051
0.0577307
0.0510051
0.0577307
0.0510051
0.0282334
0.0768385
0.0282334
0.0768385
0.0282334
0.0768385
0.100274
0.000304236
0.100274
0.000304236
0.100274
0.000304236
0.100274
0.000304236
0.100274
0.000304236
0.100274
0.000304236
0.100274
0.000304236
0.100274
0.000304236
0.100274
0.000304236
0.140274
0.000304236
-0.0139949
0.100274
-0.0139949
0.100274
-0.0139949
0.100274
-0.0139949
0.100274
-0.0139949
0.100274
-0.0139949
0.100274
-0.0139949
0.100274
-0.0139949
0.100274
-0.0139949
0.100274
-0.0139949
0.0860051
-0.0139949
0.0860051
-0.0139949
0.0860051
-0.0139949
0.0860051
-0.0139949
0.0860051
-0.0139949
0.0860051
-0.0139949
0.0860051
-0.0139949
0.0860051
-0.0139949
0.0860051
0.100274
-0.0139949
0.100274
-0.0139949
0.100274
-0.0139949
0.100274
-0.0139949
0.100274
-0.0139949
0.100274
-0.0139949
0.100274
-0.0139949
0.100274
-0.0139949
0.100274
0.000304236
0.100274
0.000304236
0.100274
0.000304236
0.100274
0.000304236
0.100274
0.000304236
0.000304236
0.100274
0.000304236
0.100274
0.000304236
0.100274
0.000304236
0.100274
0.000304236
0.100274
-0.0139949
0.100274
-0.0139949
0.100274
-0.0139949
0.100274
-0.0139949
0.100274
-0.0139949
0.100274
-0.0139949
0.100274
-0.0139949
0.100274
-0.0139949
0.100274
-0.0139949
0.100274
0.0703801
0.0318385
0.0110051
0.111005
0.0703801
0.0318385
0.0703801
0.0318385
0.0703801
0.0318385
0.0610051
0.0360051
0.0703801
0.0318385
0.0610051
0.0360051
0.0703801
0.0318385
0.100274
-0.0098282
0.100274
-0.0098282
0.100274
-0.0098282
0.100274
-0.0098282
0.100274
-0.0098282
0.100274
-0.0098282
0.100274
-0.0098282
0.100274
-0.0098282
0.100274
0.000304236
0.100274
0.000304236
0.100274
0.000304236
0.100274
0.000304236
0.100274
0.000304236
0.100274
0.000304236
0.0360051
0.0703172
0.000304236
0.100274
0.000304236
0.100274
0.000304236
0.100274
-0.0139949
0.100274
0.0443385
0.0633247
0.0443385
0.0633247
0.0443385
0.0633247
0.0443385
0.0633247
0.0443385
0.0633247
0.0443385
0.0633247
0.0443385
0.0633247
0.0443385
0.0633247
0.0266301
0.0547551
0.0266301
0.0547551
0.0266301
0.0547551
0.0266301
0.0547551
0.0266301
0.0547551
0.0266301
0.0547551
0.0266301
0.0547551
0.0266301
0.0547551
0.0703801
0.0255885
0.100274
-0.00149486
0.100274
-0.00149486
0.100274
-0.00149486
0.100274
-0.00149486
0.100274
-0.00149486
0.100274
-0.00149486
0.100274
-0.00149486
0.100274
-0.00149486
0.0520685
0.0568385
0.0520685
0.0568385
0.0520685
0.0568385
0.0520685
0.0568385
0.0520685
0.0568385
0.000304236
0.100274
0.000304236
0.100274
0.000304236
0.100274
0.0724635
0.0334473
0.0724635
0.0334473
0.0724635
0.0334473
0.0724635
0.0334473
0.0443385
0.0633247
0.0443385
0.0633247
0.0443385
0.0633247
0.0443385
0.0633247
0.0401718
0.066821
0.0401718
0.066821
0.0401718
0.066821
0.0391301
0.0651718
0.0391301
0.0651718
0.0391301
0.0651718
0.0391301
0.0651718
0.0391301
0.0651718
0.0391301
0.0651718
0.0610051
0.0151718
0.0391301
0.0651718
0.0703801
0.0235051
0.100274
-0.00149486
0.100274
-0.00149486
0.100274
-0.00149486
0.100274
-0.00149486
0.0520685
0.0568385
0.0520685
0.0568385
0.0520685
0.0568385
0.0520685
0.0568385
0.017309
0.0860051
0.017309
0.0860051
0.017309
0.0860051
0.017309
0.0860051
0.017309
0.0860051
0.0860051
0.017309
0.0860051
0.017309
0.0860051
0.017309
0.0860051
0.017309
0.0860051
0.017309
0.0860051
0.017309
0.0860051
0.017309
0.0860051
0.017309
0.0860051
0.017309
0.0860051
0.017309
0.0401718
0.066821
0.0401718
0.066821
0.0401718
0.066821
0.0401718
0.066821
0.0766301
0.0266301
0.0266301
0.0766301
0.0766301
0.0266301
0.0766301
0.0266301
0.0391301
0.0391301
0.0391301
0.0391301
0.0391301
0.0391301
0.0766301
0.0266301
0.0766301
0.0266301
0.066821
0.0401718
0.066821
0.0401718
0.066821
0.0401718
0.017309
0.0860051
0.017309
0.0860051
0.017309
0.0860051
0.017309
0.0860051
0.017309
0.0860051
0.0282334
0.0768385
0.000304236
0.100274
0.000304236
0.100274
0.000304236
0.100274
0.100274
0.000304236
0.0860051
0.017309
0.0860051
0.017309
0.0860051
0.017309
0.0860051
0.017309
0.0860051
0.017309
0.0860051
0.017309
0.0860051
0.017309
0.0860051
0.017309
0.0860051
0.017309
0.0860051
0.017309
0.0401718
0.066821
0.0401718
0.066821
0.0401718
0.066821
0.0401718
0.066821
0.0766301
0.0110051
0.0391301
0.0235051
0.0391301
0.0985051
0.0266301
0.0710051
0.0391301
0.0235051
0.0266301
0.0710051
0.0391301
0.0235051
0.0391301
0.0235051
0.0526718
0.0376718
0.0577307
0.0510051
0.0577307
0.0510051
0.0577307
0.0510051
0.0577307
0.0510051
0.0577307
0.0510051
0.0282334
0.0768385
0.0282334
0.0768385
0.0282334
0.0768385
0.100274
0.000304236
0.100274
0.000304236
0.100274
0.000304236
0.100274
0.000304236
0.100274
0.000304236
0.100274
0.000304236
0.100274
0.000304236
0.100274
0.000304236
0.100274
0.000304236
0.100274
0.000304236
-0.0139949
0.100274
-0.0139949
0.100274
-0.0139949
0.100274
-0.0139949
0.100274
-0.0139949
0.100274
-0.0139949
0.100274
-0.0139949
0.100274
-0.0139949
0.100274
-0.0139949
0.100274
-0.0139949
0.0860051
-0.0139949
0.0860051
-0.0139949
0.0860051
-0.0139949
0.0860051
0.0110051
0.0860051
-0.0139949
0.0860051
-0.0139949
0.0860051
-0.0139949
0.0860051
-0.0139949
0.0860051
0.100274
-0.0139949
0.100274
-0.0139949
0.100274
-0.0139949
0.100274
-0.0139949
0.100274
-0.0139949
0.100274
-0.0139949
0.100274
-0.0139949
0.100274
-0.0139949
0.100274
0.000304236
0.100274
0.000304236
0.100274
0.000304236
0.100274
0.000304236
0.100274
0.000304236
0.000304236
0.100274
0.000304236
0.100274
0.000304236
0.100274
0.000304236
0.100274
0.000304236
0.100274
-0.0139949
0.100274
-0.0139949
0.100274
-0.0139949
0.100274
-0.0139949
0.100274
-0.0139949
0.100274
-0.0139949
0.100274
-0.0139949
0.100274
-0.0139949
0.100274
-0.0139949
0.100274
0.0110051
0.111005
0.0110051
0.0360051
0.0860051
0.0360051
0.0110051
0.111005
0.0110051
0.0360051
0.0110051
0.0360051
0.0110051
0.0360051
0.0110051
0.0360051
0.0110051
0.0360051
0.100274
-0.0098282
0.100274
-0.0098282
0.100274
-0.0098282
0.100274
-0.0098282
0.100274
-0.0098282
0.100274
-0.0098282
0.100274
-0.0098282
0.100274
-0.0098282
0.100274
0.000304236
0.100274
0.000304236
0.100274
0.000304236
0.100274
0.000304236
0.100274
0.000304236
0.100274
0.000304236
0.0360051
0.0703172
0.000304236
0.100274
0.000304236
0.100274
0.000304236
0.100274
-0.0139949
0.100274
-0.0139949
0.100274
0.0593385
0.0490891
0.0593385
0.0490891
0.0593385
0.0490891
0.0593385
0.0490891
0.0593385
0.0490891
0.0593385
0.0490891
0.0593385
0.0490891
0.0322551
0.0547551
0.0322551
0.0547551
0.0322551
0.0547551
0.0322551
0.0547551
0.0322551
0.0547551
0.0322551
0.0547551
0.0322551
0.0547551
0.0322551
0.0547551
0.0760051
0.0255885
0.100274
-0.00149486
0.100274
-0.00149486
0.100274
-0.00149486
0.100274
-0.00149486
0.100274
-0.00149486
0.100274
-0.00149486
0.100274
-0.00149486
0.100274
-0.00149486
0.0520685
0.0568385
0.0520685
0.0568385
0.0520685
0.0568385
0.0520685
0.0568385
0.0520685
0.0568385
0.000304236
0.100274
0.000304236
0.100274
0.000304236
0.100274
0.100274
0.000304236
0.0768385
0.0282334
0.0768385
0.0282334
0.0768385
0.0282334
0.0768385
0.0282334
0.0510051
0.0577307
0.0510051
0.0577307
0.0510051
0.0577307
0.0510051
0.0577307
0.0510051
0.0577307
0.0376718
0.0689187
0.0510051
0.0901718
0.0510051
0.0901718
0.0110051
0.0860051
0.0235051
0.0651718
0.0510051
0.0901718
0.0510051
0.0901718
0.0510051
0.0901718
0.0510051
0.0901718
0.0760051
0.0235051
0.100274
-0.00149486
0.100274
-0.00149486
0.100274
-0.00149486
0.100274
-0.00149486
0.0520685
0.0568385
0.0520685
0.0568385
0.0520685
0.0568385
0.0520685
0.0568385
0.017309
0.0860051
0.017309
0.0860051
0.017309
0.0860051
0.017309
0.0860051
0.017309
0.0860051
0.000304236
0.100274
0.100274
0.000304236
0.100274
0.000304236
0.100274
0.000304236
0.0768385
0.0282334
0.0768385
0.0282334
0.0768385
0.0282334
0.0768385
0.0282334
0.0510051
0.0577307
0.0510051
0.0577307
0.0510051
0.0577307
0.0510051
0.0577307
0.0510051
0.0577307
0.0376718
0.0689187
0.0710051
0.0266301
0.0110051
0.0766301
0.0710051
0.0266301
0.0235051
0.0391301
0.0235051
0.11413
0.0235051
0.11413
0.0235051
0.0391301
0.0710051
0.0266301
0.0710051
0.0266301
0.066821
0.0401718
0.066821
0.0401718
0.066821
0.0401718
0.017309
0.0860051
0.017309
0.0860051
0.017309
0.0860051
0.017309
0.0860051
0.017309
0.0860051
0.0282334
0.0768385
0.000304236
0.100274
0.000304236
0.100274
0.000304236
0.100274
0.000304236
0.100274
0.100274
0.000304236
0.100274
0.000304236
0.100274
0.000304236
0.100274
0.000304236
0.0768385
0.0282334
0.0768385
0.0282334
0.0768385
0.0282334
0.0768385
0.0282334
0.0510051
0.0577307
0.0510051
0.0577307
0.0510051
0.0577307
0.0510051
0.0577307
0.0510051
0.0577307
0.0376718
0.0689187
0.0710051
0.0110051
0.0985051
0.0235051
0.0710051
0.0110051
0.0985051
0.0235051
0.0710051
0.0110051
0.0110051
0.0710051
0.0235051
0.0235051
0.0235051
0.0235051
0.0526718
0.0376718
0.0577307
0.0510051
0.0577307
0.0510051
0.0577307
0.0510051
0.0577307
0.0510051
0.0577307
0.0510051
0.0282334
0.0768385
0.0282334
0.0768385
0.0282334
0.0768385
