0.157286
0.0398256
0.157286
0.157286
0.157286
0.157286
0.157286
0.157286
0.157286
0.157286
0.157286
0.157286
0.157286
0.157286
0.157286
0.157286
0.157286
0.157286
0.241558
0.157286
-6.53517
0.157286
0.148159
0.157286
-7.23517
0.157286
0.148159
0.157286
0.148159
0.157286
-7.23517
0.157286
0.114826
0.157286
0.264826
0.157286
-7.23517
0.157286
-7.23517
0.148159
-7.23517
0.102326
-7.23517
-7.23517
-7.23517
-7.23517
-7.23517
-7.23517
-7.23517
0.148159
-7.23517
-7.23517
0.164826
-6.23517
-7.23517
-7.23517
0.157286
-7.23517
0.157286
0.114826
0.157286
-7.23517
0.157286
0.148159
0.157286
-7.23517
0.157286
-7.23517
0.157286
0.223159
0.157286
-7.23517
0.157286
0
0.157286
0.241558
0.157286
0.241558
0.157286
0.241558
0.157286
0.241558
0.157286
0.241558
0.157286
0.241558
0.157286
0.241558
0.157286
0.241558
0.157286
0.241558
-7.23517
0.241558
-7.23517
0.241558
-7.23517
0.241558
-7.23517
0.241558
-7.23517
0.241558
-7.23517
0.241558
-7.23517
0.241558
-7.23517
0.241558
-7.23517
0.157286
0.148159
-7.18517
0.148159
-7.22267
0.139826
-7.15184
0.148159
-7.23517
0.148159
-7.23517
0.148159
-7.23517
0.148159
-6.81017
0.0773256
-7.21017
0.148159
-7.23517
0.157286
-6.99767
0.157286
-7.17267
0.157286
-7.08517
0.157286
-7.17267
0.157286
-7.23517
0.157286
-7.14767
0.157286
-7.11017
0.157286
-7.17267
0.157286
0
0.157286
0.241558
0.157286
0.241558
0.157286
0.241558
0.157286
0.241558
0.157286
0.241558
0.157286
0.241558
0.157286
0.241558
0.157286
0.241558
0.157286
0.241558
-7.23517
0.241558
-7.23517
0.241558
-7.23517
0.241558
-7.23517
0.241558
-7.23517
0.241558
-7.23517
0.241558
-7.23517
0.241558
-7.23517
0.241558
-7.23517
0.157286
0.152326
-7.23517
0.152326
-7.23517
0.152326
-7.22892
0.152326
-7.23517
0.152326
-7.23517
0.152326
-7.05392
0.152326
-7.21017
0.152326
-7.21017
0.152326
-7.23517
0.157286
-7.21017
0.157286
-7.21017
0.157286
-7.06017
0.157286
-7.19559
0.157286
-7.12892
0.157286
-7.21017
0.157286
-7.10392
0.157286
-7.21017
0.157286
0
0.157286
0.241558
0.157286
0.241558
0.157286
0.241558
0.157286
0.241558
0.157286
0.241558
0.157286
0.241558
0.157286
0.241558
0.157286
0.241558
0.157286
0.241558
-7.23517
0.241558
-7.23517
0.241558
-7.23517
0.241558
-7.23517
0.241558
-7.23517
0.241558
-7.23517
0.241558
-7.23517
0.241558
-7.23517
0.241558
-7.23517
0.157286
0.152326
-7.23517
0.152326
-7.23517
0.152326
-7.23101
0.152326
-7.23517
0.152326
-7.23517
0.152326
-7.23517
0.152326
-7.23101
0.152326
-7.23517
0.152326
-7.23517
0.157286
-7.06017
0.157286
-7.08934
0.157286
-7.08934
0.157286
-6.92267
0.157286
-7.08934
0.157286
-7.08934
0.157286
-7.06851
0.157286
-7.21017
0.157286
0
0.157286
0.241558
0.157286
0.241558
0.157286
0.241558
0.157286
0.241558
0.157286
0.241558
0.157286
0.241558
0.157286
0.241558
0.157286
0.241558
0.157286
0.241558
-7.23517
0.241558
-7.23517
0.241558
-7.23517
0.241558
-7.23517
0.241558
-7.23517
0.241558
-7.23517
0.241558
-7.23517
0.241558
-7.23517
0.241558
-7.23517
0.157286
0.152326
-7.2008
0.152326
-7.16017
0.152326
-7.2133
0.152326
-7.1883
0.152326
-7.21017
0.152326
-7.21017
0.152326
-7.21017
0.152326
-7.21017
0.152326
-7.21017
0.157286
-7.06017
0.157286
-7.06017
0.157286
-7.03517
0.157286
-7.0508
0.157286
-7.03517
0.157286
-7.06017
0.157286
-6.86017
0.157286
-7.21017
0.157286
0
0.157286
0.241558
0.157286
0.241558
0.157286
0.241558
0.157286
0.241558
0.157286
0.241558
0.157286
0.241558
0.157286
0.241558
0.157286
0.241558
0.157286
0.241558
-7.23517
0.241558
-7.23517
0.241558
-7.23517
0.241558
-7.23517
0.241558
-7.23517
0.241558
-7.23517
0.241558
-7.23517
0.241558
-7.23517
0.241558
-7.23517
0.157286
0.152326
-7.18767
0.152326
-7.19767
0.152326
-7.17517
0.152326
-7.19767
0.152326
-7.16267
0.152326
-7.17267
0.152326
-7.17267
0.152326
-7.13267
0.152326
-7.17017
0.157286
-7.17017
0.157286
-7.17017
0.157286
-7.14184
0.157286
-6.88267
0.157286
-6.90767
0.157286
-7.02017
0.157286
-7.02017
0.157286
-7.02017
0.241558
0.157286
0.241558
0.157286
0.241558
0.157286
0.241558
0.157286
0.241558
0.157286
0.241558
0.157286
0.241558
0.157286
0.241558
0.157286
0.241558
0.157286
0.157286
0.157286
-7.14767
0.157286
-6.74767
0.157286
-7.14767
0.157286
-7.23517
0.157286
-6.37267
0.157286
-6.94767
0.157286
-7.17267
0.157286
-6.99767
0.157286
-7.23517
0.157286
-7.23517
0.148159
-7.21017
0.0773256
-7.23517
0.148159
-7.15184
0.0773256
-7.23517
0.148159
-6.89767
0.148159
-7.23517
0.148159
-7.23517
0.148159
-7.18517
-7.23517
0.241558
-7.23517
0.241558
-7.23517
0.241558
-7.23517
0.241558
-6.53517
0.241558
-7.23517
0.241558
-7.23517
0.241558
-7.23517
0.241558
-7.23517
0.241558
-7.23101
0.241558
0.157286
0.241558
0.157286
0.241558
0.157286
0.241558
0.157286
0.157286
0.241558
0.157286
0.241558
0.157286
0.241558
0.157286
0.241558
0.157286
0.241558
-6.93101
0.241558
-7.23101
0.241558
-7.18101
0.241558
-7.23101
0.241558
-7.23101
0.241558
-7.23101
0.241558
-7.23101
0.241558
-7.18101
0.241558
-7.23517
0.157286
-7.21017
-7.21017
-7.22267
-7.13517
-7.16017
-7.06017
-7.21017
-7.21017
-7.21017
-7.21017
-7.21642
-7.01642
-7.08517
-6.86017
-6.54351
-6.98101
-7.14767
-7.23517
0.241558
-7.18101
0.241558
-7.23101
0.241558
-7.23101
0.241558
-7.23101
0.241558
-7.23101
0.241558
-7.23101
0.241558
-7.23101
0.241558
-7.23101
0.241558
-7.13517
0.241558
0.157286
0.241558
0.157286
0.241558
0.157286
0.241558
0.157286
0.157286
0.241558
0.157286
0.241558
0.157286
0.241558
0.157286
0.241558
0.157286
0.241558
-6.93101
0.241558
-7.23101
0.241558
-7.18101
0.241558
-7.23101
0.241558
-7.23101
0.241558
-7.23101
0.241558
-7.23101
0.241558
-7.18101
0.241558
-7.23517
0.157286
-7.18517
-6.87892
-7.15184
-7.20392
-7.13517
-7.22892
-7.15184
-7.17892
-7.06017
-7.21017
-6.17267
-7.05392
-7.08517
-6.81017
-7.16017
-7.21017
-7.08517
-7.23517
0.241558
-7.01017
0.241558
-7.01017
0.241558
-7.07892
0.241558
-6.92267
0.241558
-7.07892
0.241558
-7.05392
0.241558
-7.12892
0.241558
-7.11017
0.241558
-7.10184
0.241558
0.157286
0.241558
0.157286
0.241558
0.157286
0.241558
0.157286
0.157286
0.241558
0.157286
0.241558
0.157286
0.241558
0.157286
0.241558
0.157286
0.241558
-6.93101
0.241558
-7.23101
0.241558
-7.18101
0.241558
-7.23101
0.241558
-7.23101
0.241558
-7.23101
0.241558
-7.23101
0.241558
-7.18101
0.241558
-7.23517
0.157286
-7.12267
-6.98101
-7.11017
-7.19351
-6.79767
-7.13101
-7.04767
-7.20601
-6.81017
-7.12267
-6.97267
-7.18101
-7.08517
-7.19351
-7.09142
-6.59976
-6.99767
-7.23517
0.241558
-7.21017
0.241558
-7.23101
0.241558
-6.58517
0.241558
-7.10184
0.241558
-7.06017
0.241558
-7.08517
0.241558
-7.08517
0.241558
-7.01017
0.241558
-7.08517
0.241558
0.157286
0.241558
0.157286
0.241558
0.157286
0.241558
0.157286
0.157286
0.241558
0.157286
0.241558
0.157286
0.241558
0.157286
0.241558
0.157286
0.241558
-6.93101
0.241558
-7.23101
0.241558
-7.18101
0.241558
-7.23101
0.241558
-7.23101
0.241558
-7.23101
0.241558
-7.23101
0.241558
-7.18101
0.241558
-7.23517
0.157286
-6.89767
-7.08517
-6.86017
-7.09455
-6.79767
-7.16017
-7.04767
-7.20705
-6.69767
-7.12267
-7.00601
-7.18101
-6.69767
-6.60705
-7.04767
-6.98205
-6.99767
-7.23517
0.241558
-7.08517
0.241558
-7.03205
0.241558
-6.86017
0.241558
-6.58517
0.241558
-7.06017
0.241558
-7.08517
0.241558
-7.08517
0.241558
-7.06017
0.241558
-7.07267
0.241558
0.157286
0.241558
0.157286
0.241558
0.157286
0.241558
0.157286
0.157286
0.241558
0.157286
0.241558
0.157286
0.241558
0.157286
0.241558
0.157286
0.241558
-6.93101
0.241558
-7.23101
0.241558
-7.18101
0.241558
-7.23101
0.241558
-7.23101
0.241558
-7.23101
0.241558
-7.23101
0.241558
-7.18101
0.241558
-7.23517
0.157286
-7.12267
-7.07017
-6.86017
-7.11017
-6.79767
-7.23267
-7.04767
-7.22517
-7.06017
-7.21017
-6.17267
-7.20017
-7.08517
-7.21017
-7.04767
-7.17017
-6.99767
-7.23517
0.241558
-7.07017
0.241558
-6.99517
0.241558
-7.09517
0.241558
-7.07017
0.241558
-6.97017
0.241558
-7.07017
0.241558
-7.07017
0.241558
-7.01017
0.241558
0.157286
0.241558
0.157286
0.241558
0.157286
0.241558
0.157286
0.241558
0.157286
0.241558
0.157286
0.241558
0.157286
0.241558
0.157286
0.241558
0.157286
0.157286
0.157286
-7.12892
0.157286
-7.10392
0.157286
-7.21017
0.157286
-7.21017
0.157286
-7.21017
0.157286
-7.06017
0.157286
-7.21017
0.157286
-7.21017
0.157286
-7.23517
0.157286
-7.23517
0.152326
-7.21017
0.152326
-7.23517
0.152326
-7.23517
0.152326
-7.21017
0.152326
-7.23517
0.152326
-7.21017
0.152326
-7.23517
0.152326
-7.13517
-7.23517
0.241558
-7.23517
0.241558
-7.23517
0.241558
-7.23517
0.241558
-7.23517
0.241558
-7.23517
0.241558
-7.23517
0.241558
-7.23517
0.241558
-7.23517
0.241558
-7.23101
0.241558
0.157286
0.241558
0.157286
0.241558
0.157286
0.241558
0.157286
0.157286
0.241558
0.157286
0.241558
0.157286
0.241558
0.157286
0.241558
0.157286
0.241558
-7.12892
0.241558
-7.12892
0.241558
-7.05392
0.241558
-7.12267
0.241558
-7.14767
0.241558
-7.10392
0.241558
-7.01017
0.241558
-6.63517
0.241558
-7.23517
0.157286
-7.21017
-6.77267
-7.21017
-7.04767
-7.21017
-7.06017
-7.21017
-7.02267
-6.81017
-7.12267
-7.12892
-6.77267
-7.08517
-6.58517
-6.96851
-6.98101
-7.10392
-7.23517
0.241558
-7.18101
0.241558
-7.23101
0.241558
-7.23101
0.241558
-7.23101
0.241558
-7.23101
0.241558
-7.23101
0.241558
-7.23101
0.241558
-7.23101
0.241558
-7.16642
0.241558
0.157286
0.241558
0.157286
0.241558
0.157286
0.241558
0.157286
0.157286
0.241558
0.157286
0.241558
0.157286
0.241558
0.157286
0.241558
0.157286
0.241558
-7.01017
0.241558
-7.01017
0.241558
-7.16642
0.241558
-7.21642
0.241558
-7.16642
0.241558
-7.16642
0.241558
-7.22267
0.241558
-7.21017
0.241558
-7.23517
0.157286
-7.21017
-6.87892
-7.21017
-6.95392
-7.21017
-6.70392
-7.21017
-7.10392
-7.16642
-7.16642
-7.12892
-7.12892
-7.08517
-6.86017
-7.18517
-7.21017
-7.06017
-7.23517
0.241558
-7.21017
0.241558
-7.19142
0.241558
-7.22267
0.241558
-7.22267
0.241558
-7.21642
0.241558
-7.21642
0.241558
-6.76642
0.241558
-7.16642
0.241558
-7.11434
0.241558
0.157286
0.241558
0.157286
0.241558
0.157286
0.241558
0.157286
0.157286
0.241558
0.157286
0.241558
0.157286
0.241558
0.157286
0.241558
0.157286
0.241558
-7.12892
0.241558
-7.21642
0.241558
-7.16642
0.241558
-7.21642
0.241558
-7.16642
0.241558
-7.16642
0.241558
-7.22267
0.241558
-7.21642
0.241558
-7.23517
0.157286
-7.21017
-7.19351
-7.21017
-7.19351
-7.13517
-7.13101
-7.21017
-7.16851
-7.10392
-7.21851
-7.12892
-7.18101
-6.85392
-7.19351
-7.19142
-6.59976
-7.00392
-7.23517
0.241558
-7.16851
0.241558
-7.23101
0.241558
-7.23101
0.241558
-7.17267
0.241558
-7.17267
0.241558
-7.17267
0.241558
-7.11434
0.241558
-7.11017
0.241558
-7.0883
0.241558
0.157286
0.241558
0.157286
0.241558
0.157286
0.241558
0.157286
0.157286
0.241558
0.157286
0.241558
0.157286
0.241558
0.157286
0.241558
0.157286
0.241558
-7.12892
0.241558
-7.21642
0.241558
-7.16642
0.241558
-7.21642
0.241558
-7.16642
0.241558
-7.16642
0.241558
-7.22267
0.241558
-7.21642
0.241558
-7.23517
0.157286
-7.10392
-7.18517
-7.01017
-7.22267
-7.01642
-7.09455
-6.95392
-7.13205
-6.81017
-7.12267
-7.16226
-7.18101
-6.85392
-6.86017
-7.14142
-6.81955
-7.00392
-7.23517
0.241558
-7.08517
0.241558
-7.21017
0.241558
-7.21017
0.241558
-6.89767
0.241558
-7.17267
0.241558
-7.17267
0.241558
-6.9758
0.241558
-7.06017
0.241558
-7.07267
0.241558
0.157286
0.241558
0.157286
0.241558
0.157286
0.241558
0.157286
0.157286
0.241558
0.157286
0.241558
0.157286
0.241558
0.157286
0.241558
0.157286
0.241558
-7.12892
0.241558
-7.21642
0.241558
-7.16642
0.241558
-7.21642
0.241558
-7.16642
0.241558
-7.16642
0.241558
-7.22267
0.241558
-7.21642
0.241558
-7.23517
0.157286
-7.01642
-7.08517
-7.01017
-7.21267
-7.07892
-6.94767
-6.95392
-7.19517
-7.14142
-7.21017
-7.12892
-6.99767
-6.85392
-7.17017
-7.10392
-7.17017
-7.00392
-7.23517
0.241558
-7.17017
0.241558
-6.99517
0.241558
-6.78767
0.241558
-6.93767
0.241558
-7.16267
0.241558
-7.16267
0.241558
-6.93767
0.241558
-7.01017
0.241558
0.157286
0.241558
0.157286
0.241558
0.157286
0.241558
0.157286
0.241558
0.157286
0.241558
0.157286
0.241558
0.157286
0.241558
0.157286
0.241558
0.157286
0.157286
0.157286
-6.92267
0.157286
-7.06851
0.157286
-7.06017
0.157286
-7.21017
0.157286
-7.08934
0.157286
-7.06017
0.157286
-7.08934
0.157286
-7.06017
0.157286
-7.23517
0.157286
-7.23517
0.152326
-7.23101
0.152326
-7.23517
0.152326
-7.23517
0.152326
-7.23517
0.152326
-7.23517
0.152326
-7.03101
0.152326
-7.23517
0.152326
-7.08934
-7.23517
0.241558
-7.23517
0.241558
-7.23517
0.241558
-7.23517
0.241558
-6.53517
0.241558
-7.23517
0.241558
-7.23517
0.241558
-6.53517
0.241558
-7.23517
0.241558
-7.23101
0.241558
0.157286
0.241558
0.157286
0.241558
0.157286
0.241558
0.157286
0.157286
0.241558
0.157286
0.241558
0.157286
0.241558
0.157286
0.241558
0.157286
0.241558
-6.89767
0.241558
-7.08517
0.241558
-7.06434
0.241558
-7.06017
0.241558
-7.10184
0.241558
-7.02267
0.241558
-7.23101
0.241558
-7.21017
0.241558
-7.23517
0.157286
-7.23101
-6.77267
-7.22267
-7.13517
-7.20184
-6.60601
-7.23101
-6.17267
-7.03101
-7.12267
-7.23101
-6.77267
-7.20184
-6.98101
-7.23101
-6.69767
-7.06017
-7.23517
0.241558
-7.18101
0.241558
-7.23101
0.241558
-7.23101
0.241558
-7.23101
0.241558
-7.23101
0.241558
-7.23101
0.241558
-6.55601
0.241558
-7.23101
0.241558
-7.13517
0.241558
0.157286
0.241558
0.157286
0.241558
0.157286
0.241558
0.157286
0.157286
0.241558
0.157286
0.241558
0.157286
0.241558
0.157286
0.241558
0.157286
0.241558
-6.99767
0.241558
-7.01017
0.241558
-7.15184
0.241558
-7.17267
0.241558
-7.17267
0.241558
-7.23517
0.241558
-7.23101
0.241558
-7.21017
0.241558
-7.23517
0.157286
-7.19351
-7.21017
-7.19351
-7.18517
-7.20184
-6.76226
-7.20184
-7.13726
-7.19351
-7.21017
-7.20184
-7.13726
-7.23101
-7.11017
-6.96851
-6.74142
-7.02267
-7.23517
0.241558
-7.21642
0.241558
-7.22267
0.241558
-7.22267
0.241558
-7.22267
0.241558
-7.21642
0.241558
-7.21642
0.241558
-7.21642
0.241558
-7.11017
0.241558
-7.10184
0.241558
0.157286
0.241558
0.157286
0.241558
0.157286
0.241558
0.157286
0.157286
0.241558
0.157286
0.241558
0.157286
0.241558
0.157286
0.241558
0.157286
0.241558
-6.89767
0.241558
-7.17267
0.241558
-7.15184
0.241558
-7.17267
0.241558
-7.17267
0.241558
-7.23517
0.241558
-7.23101
0.241558
-7.21017
0.241558
-7.23517
0.157286
-7.16851
-6.89767
-7.19351
-7.13517
-7.16017
-7.06017
-7.12267
-7.16851
-7.12267
-7.14351
-7.18101
-7.18101
-7.17267
-6.66851
-7.22476
-6.59976
-6.97684
-7.23517
0.241558
-7.21017
0.241558
-7.23101
0.241558
-7.23101
0.241558
-7.17267
0.241558
-7.17267
0.241558
-7.17267
0.241558
-7.17267
0.241558
-7.01017
0.241558
-7.08517
0.241558
0.157286
0.241558
0.157286
0.241558
0.157286
0.241558
0.157286
0.157286
0.241558
0.157286
0.241558
0.157286
0.241558
0.157286
0.241558
0.157286
0.241558
-6.89767
0.241558
-7.17267
0.241558
-7.15184
0.241558
-7.17267
0.241558
-7.17267
0.241558
-7.15184
0.241558
-7.23101
0.241558
-7.21017
0.241558
-7.23517
0.157286
-7.12267
-7.18517
-7.19351
-7.14455
-7.12267
-7.16017
-7.19767
-7.06017
-7.19767
-7.03205
-7.23101
-7.16017
-7.17267
-7.03205
-7.16017
-6.81955
-6.97684
-7.23517
0.241558
-7.20705
0.241558
-7.22267
0.241558
-7.17267
0.241558
-6.89767
0.241558
-7.17267
0.241558
-7.17267
0.241558
-6.49767
0.241558
-7.06017
0.241558
-7.07267
0.241558
0.157286
0.241558
0.157286
0.241558
0.157286
0.241558
0.157286
0.157286
0.241558
0.157286
0.241558
0.157286
0.241558
0.157286
0.241558
0.157286
0.241558
-6.89767
0.241558
-7.17267
0.241558
-7.15184
0.241558
-7.17267
0.241558
-7.17267
0.241558
-7.15184
0.241558
-7.23101
0.241558
-7.21017
0.241558
-7.23517
0.157286
-6.89767
-7.17017
-7.18101
-7.22267
-7.09351
-7.12017
-7.12267
-7.19517
-7.06017
-7.21017
-7.23101
-7.17017
-7.23101
-6.97017
-7.12267
-7.17017
-6.97684
-7.23517
0.241558
-7.17017
0.241558
-7.19517
0.241558
-7.21017
0.241558
-6.93767
0.241558
-7.06017
0.241558
-7.16267
0.241558
-6.93767
0.241558
-7.01017
0.241558
0.157286
0.241558
0.157286
0.241558
0.157286
0.241558
0.157286
0.241558
0.157286
0.241558
0.157286
0.241558
0.157286
0.241558
0.157286
0.241558
0.157286
0.157286
0.157286
-7.0508
0.157286
-6.86017
0.157286
-7.06017
0.157286
-7.0008
0.157286
-7.03517
0.157286
-7.06017
0.157286
-7.06017
0.157286
-7.03517
0.157286
-7.21017
0.157286
-7.21017
0.152326
-7.21017
0.152326
-7.21017
0.152326
-7.2008
0.152326
-7.21017
0.152326
-7.21017
0.152326
-7.2133
0.152326
-7.21017
0.152326
-7.0633
-7.23517
0.241558
-7.23517
0.241558
-7.23517
0.241558
-7.23517
0.241558
-7.23517
0.241558
-7.23517
0.241558
-7.23517
0.241558
-7.23517
0.241558
-7.23517
0.241558
-7.23101
0.241558
0.157286
0.241558
0.157286
0.241558
0.157286
0.241558
0.157286
0.157286
0.241558
0.157286
0.241558
0.157286
0.241558
0.157286
0.241558
0.157286
0.241558
-6.98205
0.241558
-7.01017
0.241558
-7.08205
0.241558
-7.06017
0.241558
-6.58517
0.241558
-7.03205
0.241558
-7.03205
0.241558
-7.08517
0.241558
-7.23517
0.157286
-6.81955
-7.08517
-7.22267
-6.91017
-7.2008
-7.01642
-7.2258
-7.01642
-7.2258
-6.91642
-7.20705
-6.77267
-7.08517
-6.69767
-7.13205
-6.69767
-7.03517
-7.23517
0.241558
-7.18101
0.241558
-7.23101
0.241558
-7.23101
0.241558
-7.23101
0.241558
-7.23101
0.241558
-7.23101
0.241558
-7.11851
0.241558
-7.23101
0.241558
-7.13517
0.241558
0.157286
0.241558
0.157286
0.241558
0.157286
0.241558
0.157286
0.157286
0.241558
0.157286
0.241558
0.157286
0.241558
0.157286
0.241558
0.157286
0.241558
-7.01017
0.241558
-7.01017
0.241558
-7.12267
0.241558
-6.89767
0.241558
-7.12267
0.241558
-7.21017
0.241558
-7.21017
0.241558
-7.21017
0.241558
-7.23517
0.157286
-7.18517
-6.87892
-7.22267
-7.07892
-7.18101
-6.76226
-7.20601
-7.13726
-7.20601
-7.16226
-7.20705
-6.95392
-7.18205
-6.81017
-7.16955
-6.74142
-7.0008
-7.23517
0.241558
-7.21642
0.241558
-7.22267
0.241558
-7.22267
0.241558
-7.22267
0.241558
-6.96642
0.241558
-7.21642
0.241558
-7.21642
0.241558
-7.11017
0.241558
-7.10184
0.241558
0.157286
0.241558
0.157286
0.241558
0.157286
0.241558
0.157286
0.157286
0.241558
0.157286
0.241558
0.157286
0.241558
0.157286
0.241558
0.157286
0.241558
-6.98205
0.241558
-7.17267
0.241558
-7.12267
0.241558
-6.89767
0.241558
-7.12267
0.241558
-7.14455
0.241558
-7.22267
0.241558
-7.21017
0.241558
-7.23517
0.157286
-7.18517
-6.98101
-7.03205
-7.17267
-7.13517
-7.01851
-7.03205
-7.17267
-7.16955
-7.13517
-7.20705
-7.00601
-7.08517
-7.03101
-7.13205
-6.98101
-6.96017
-7.23517
0.241558
-7.21017
0.241558
-7.23101
0.241558
-7.08934
0.241558
-7.17267
0.241558
-7.17267
0.241558
-7.17267
0.241558
-7.17267
0.241558
-7.01017
0.241558
-7.08517
0.241558
0.157286
0.241558
0.157286
0.241558
0.157286
0.241558
0.157286
0.157286
0.241558
0.157286
0.241558
0.157286
0.241558
0.157286
0.241558
0.157286
0.241558
-6.98205
0.241558
-7.17267
0.241558
-7.12267
0.241558
-6.89767
0.241558
-7.12267
0.241558
-7.14455
0.241558
-7.22267
0.241558
-7.21017
0.241558
-7.23517
0.157286
-7.20705
-7.08517
-7.03205
-7.15705
-7.03205
-7.16017
-7.03205
-7.20705
-7.20705
-7.03205
-7.20705
-7.00705
-7.18205
-6.86017
-7.16955
-6.81955
-6.96017
-7.23517
0.241558
-7.20705
0.241558
-7.22267
0.241558
-7.17267
0.241558
-6.89767
0.241558
-7.17267
0.241558
-7.17267
0.241558
-6.49767
0.241558
-7.06017
0.241558
-7.07267
0.241558
0.157286
0.241558
0.157286
0.241558
0.157286
0.241558
0.157286
0.157286
0.241558
0.157286
0.241558
0.157286
0.241558
0.157286
0.241558
0.157286
0.241558
-6.98205
0.241558
-7.17267
0.241558
-7.12267
0.241558
-6.89767
0.241558
-7.12267
0.241558
-7.14455
0.241558
-7.22267
0.241558
-7.21017
0.241558
-7.23517
0.157286
-7.08517
-7.21267
-7.03205
-7.21267
-7.13517
-7.12017
-7.03205
-7.21267
-7.20705
-7.04767
-7.20705
-6.99517
-6.93205
-7.17017
-7.16955
-7.21017
-6.96017
-7.23517
0.241558
-7.17017
0.241558
-7.19517
0.241558
-7.21017
0.241558
-6.93767
0.241558
-7.06017
0.241558
-7.16267
0.241558
-6.93767
0.241558
-7.01017
0.241558
0.157286
0.241558
0.157286
0.241558
0.157286
0.241558
0.157286
0.241558
0.157286
0.241558
0.157286
0.241558
0.157286
0.241558
0.157286
0.241558
0.157286
0.157286
0.157286
-6.90767
0.157286
-7.02017
0.157286
-7.02017
0.157286
-6.90767
0.157286
-7.17017
0.157286
-7.06017
0.157286
-7.17017
0.157286
-7.17017
0.157286
-7.17017
0.157286
-7.19517
0.152326
-7.19767
0.152326
-7.16267
0.152326
-6.95017
0.152326
-7.19767
0.152326
-7.19767
0.152326
-6.97017
0.152326
-7.19767
0.152326
-7.04767
-7.23517
0.241558
-7.23517
0.241558
-7.23517
0.241558
-7.23517
0.241558
-6.53517
0.241558
-7.23517
0.241558
-7.23517
0.241558
-6.53517
0.241558
-7.23517
0.241558
-7.23101
0.241558
0.157286
0.241558
0.157286
0.241558
0.157286
0.241558
0.157286
0.157286
0.241558
0.157286
0.241558
0.157286
0.241558
0.157286
0.241558
0.157286
0.241558
-7.01017
0.241558
-7.07017
0.241558
-7.05017
0.241558
-7.07017
0.241558
-7.07017
0.241558
-7.02267
0.241558
-6.99517
0.241558
-7.09517
0.241558
-7.23517
0.157286
-7.21017
-7.08517
-7.17267
-6.91017
-7.20142
-7.01642
-7.20017
-7.02267
-7.23267
-7.04767
-7.21267
-6.77267
-7.17267
-6.99767
-7.23267
-6.69767
-7.02017
-7.23517
0.241558
-7.18101
0.241558
-7.23101
0.241558
-7.23101
0.241558
-7.23101
0.241558
-7.23101
0.241558
-7.23101
0.241558
-6.55601
0.241558
-7.23101
0.241558
-7.13517
0.241558
0.157286
0.241558
0.157286
0.241558
0.157286
0.241558
0.157286
0.157286
0.241558
0.157286
0.241558
0.157286
0.241558
0.157286
0.241558
0.157286
0.241558
-7.01017
0.241558
-6.93767
0.241558
-7.16267
0.241558
-7.16267
0.241558
-7.16267
0.241558
-7.16267
0.241558
-7.19517
0.241558
-7.21017
0.241558
-7.23517
0.157286
-7.17017
-6.95392
-7.17267
-7.01017
-7.19517
-7.00392
-7.20851
-7.13726
-7.22517
-7.10392
-7.21267
-6.95392
-7.17267
-7.01017
-7.21267
-6.63517
-6.98767
-7.23517
0.241558
-7.21642
0.241558
-7.22267
0.241558
-7.22267
0.241558
-7.22267
0.241558
-7.21642
0.241558
-7.21642
0.241558
-6.54142
0.241558
-7.11017
0.241558
-7.10184
0.241558
0.157286
0.241558
0.157286
0.241558
0.157286
0.241558
0.157286
0.157286
0.241558
0.157286
0.241558
0.157286
0.241558
0.157286
0.241558
0.157286
0.241558
-7.01017
0.241558
-6.93767
0.241558
-7.16267
0.241558
-7.16267
0.241558
-7.16267
0.241558
-7.23517
0.241558
-7.19517
0.241558
-7.21017
0.241558
-7.23517
0.157286
-7.17017
-6.89767
-7.11017
-6.96851
-7.19517
-7.13101
-7.21267
-6.98101
-7.19517
-7.12267
-7.21267
-7.00601
-7.17267
-6.66851
-7.21267
-6.78101
-6.95017
-7.23517
0.241558
-7.21017
0.241558
-7.23101
0.241558
-7.08934
0.241558
-7.17267
0.241558
-7.17267
0.241558
-7.17267
0.241558
-7.17267
0.241558
-7.01017
0.241558
-7.08517
0.241558
0.157286
0.241558
0.157286
0.241558
0.157286
0.241558
0.157286
0.157286
0.241558
0.157286
0.241558
0.157286
0.241558
0.157286
0.241558
0.157286
0.241558
-7.01017
0.241558
-6.93767
0.241558
-7.16267
0.241558
-7.16267
0.241558
-7.16267
0.241558
-7.23517
0.241558
-7.19517
0.241558
-7.21017
0.241558
-7.23517
0.157286
-7.17017
-7.03205
-7.11017
-7.09455
-7.02267
-7.16017
-7.21267
-7.06017
-7.21267
-7.03205
-7.21267
-7.00705
-7.17267
-7.03205
-7.21267
-7.03205
-6.95017
-7.23517
0.241558
-7.20705
0.241558
-7.22267
0.241558
-7.17267
0.241558
-6.89767
0.241558
-7.17267
0.241558
-7.17267
0.241558
-6.53517
0.241558
-7.06017
0.241558
-7.07267
0.241558
0.157286
0.241558
0.157286
0.241558
0.157286
0.241558
0.157286
0.157286
0.241558
0.157286
0.241558
0.157286
0.241558
0.157286
0.241558
0.157286
0.241558
-7.01017
0.241558
-6.93767
0.241558
-7.16267
0.241558
-7.16267
0.241558
-7.16267
0.241558
-7.23517
0.241558
-7.19517
0.241558
-7.21017
0.241558
-7.23517
0.157286
-7.21267
-7.07017
-7.11017
-7.08517
-7.17017
-6.94767
-7.21267
-6.94767
-7.15017
-7.21017
-7.21267
-6.99517
-7.17267
-6.94767
-6.74517
-6.74517
-6.95017
-7.23517
0.241558
-7.17017
0.241558
-7.19517
0.241558
-7.21017
0.241558
-6.93767
0.241558
-7.06017
0.241558
-7.16267
0.241558
-6.93767
0.241558
-7.01017
