0.633073
0.184998
0.633073
0.184998
0.633073
0.184998
0.633073
0.184998
0.547065
0.287498
0.334296
0.507796
0.184998
0.633073
0.184998
0.633073
0.184998
0.633073
0.184998
0.633073
0.184998
0.633073
0.089998
0.712787
0.089998
0.712787
0.089998
0.712787
0.089998
0.712787
0.00749796
0.775285
0.00749796
0.775285
0.00749796
0.775285
0.00124796
0.649831
0.011248
-2.04348e-06
-2.04348e-06
-2.04348e-06
-2.04348e-06
-2.04348e-06
-2.04348e-06
-2.04348e-06
-2.04348e-06
-2.04348e-06
0.024998
0.041248
-0.00500204
0.048748
-0.00500204
0.00749796
0.299998
0.019998
0.775285
0.00749796
0.775285
0.00749796
0.775285
0.00749796
0.712787
0.089998
0.712787
0.089998
0.712787
0.089998
0.712787
0.089998
0.633073
0.184998
0.782501
-0.0049999
0.782501
-0.0049999
0.782501
-0.0049999
0.782501
-0.0049999
0.751246
0.0441646
0.334296
0.520296
0.0332025
0.772944
-0.0049999
0.795001
-0.0049999
0.795001
-0.0049999
0.795001
-0.00500204
0.795001
-0.00500204
0.795001
-0.00500204
0.795001
-0.00500204
0.795001
0.00749796
0.787785
0.00749796
0.787785
0.00749796
0.787785
0.00749796
0.787785
0.00124796
0.649831
-0.00500204
0.349998
-0.00500204
0.214998
-0.00500204
0.204998
0.00749796
0.204998
0.00124796
0.313748
-0.00500204
0.204998
-0.00500204
0.208748
-2.04348e-06
0.203748
-0.00500204
0.319998
0.782501
-0.00500204
0.782501
-0.00500204
0.782501
-0.00500204
0.782501
-0.00500204
0.782501
-0.00500204
0.782501
-0.00500204
0.782501
-0.00500204
0.782501
-0.00500204
0.725374
0.074998
0.725374
0.074998
0.725374
0.074998
0.725374
0.074998
0.670832
0.139998
0.334296
0.520296
0.0332025
0.772944
-0.0049999
0.795001
-0.0049999
0.795001
-0.0049999
0.795001
0.184998
0.645573
0.089998
0.725287
0.089998
0.725287
0.00749796
0.787785
0.00749796
0.787785
0.00749796
0.787785
0.00749796
0.787785
0.00749796
0.787785
0.00124796
0.649831
-0.00500204
0.167498
-0.00500204
0.104998
-0.00500204
0.104998
-2.04348e-06
0.099998
0.00749796
0.094998
-0.00500204
0.104998
-0.00500204
0.163748
-2.04348e-06
0.099998
0.117498
0.073748
0.782501
-0.00500204
0.782501
-0.00500204
0.782501
-0.00500204
0.782501
-0.00500204
0.782501
-0.00500204
0.782501
-0.00500204
0.725374
0.074998
0.725374
0.074998
0.697404
0.108331
0.697404
0.108331
0.697404
0.108331
0.697404
0.108331
0.634471
0.183331
0.334296
0.520296
0.0332025
0.772944
0.184998
0.645573
0.184998
0.645573
0.184998
0.645573
0.184998
0.645573
0.089998
0.725287
0.089998
0.725287
0.089998
0.725287
0.00749796
0.787785
0.00749796
0.787785
0.00749796
0.787785
0.00749796
0.787785
0.00124796
0.649831
-0.00500204
0.141665
-0.00500204
0.111665
-2.04348e-06
0.0666646
0.00749796
0.0716646
0.00124796
0.109165
-2.04348e-06
0.0666646
-0.00500204
0.115415
-2.04348e-06
0.0666646
-2.04348e-06
0.0704146
0.782501
-0.00500204
0.782501
-0.00500204
0.782501
-0.00500204
0.782501
-0.00500204
0.782501
-0.00500204
0.782501
-0.00500204
0.782501
-0.00500204
0.782501
-0.00500204
0.683419
0.124998
0.683419
0.124998
0.683419
0.124998
0.683419
0.124998
0.61262
0.209373
0.334296
0.520296
0.184998
0.645573
0.184998
0.645573
0.184998
0.645573
0.184998
0.645573
0.184998
0.645573
0.089998
0.725287
0.089998
0.725287
0.089998
0.725287
0.00749796
0.787785
0.00749796
0.787785
0.00749796
0.787785
0.00749796
0.787785
0.00124796
0.649831
0.00624796
0.089373
-2.04348e-06
0.059998
-2.04348e-06
0.049998
-0.00500204
0.085623
0.00124796
0.089373
-2.04348e-06
0.049998
-0.00500204
0.085623
-2.04348e-06
0.049998
0.099998
0.073123
0.772759
0.011873
0.772759
0.011873
0.772759
0.011873
0.772759
0.011873
0.772759
0.011873
0.772759
0.011873
0.772759
0.011873
0.772759
0.011873
0.675028
0.134998
0.675028
0.134998
0.675028
0.134998
0.675028
0.134998
0.599509
0.224998
0.334296
0.520296
0.184998
0.645573
0.184998
0.645573
0.184998
0.645573
0.184998
0.645573
0.184998
0.645573
0.089998
0.725287
0.089998
0.725287
0.089998
0.725287
0.00749796
0.787785
0.00749796
0.787785
0.00749796
0.787785
0.00749796
0.787785
0.00124796
0.649831
-0.00500204
0.073748
0.012498
0.063748
-2.04348e-06
0.039998
-2.04348e-06
0.039998
0.00749796
0.038748
-0.00500204
0.069998
-0.00500204
0.069998
-2.04348e-06
0.049998
-0.00500204
0.069998
0.782501
-0.00500204
0.763738
0.027498
0.763738
0.027498
0.763738
0.027498
0.763738
0.027498
0.763738
0.027498
0.763738
0.027498
0.763738
0.027498
0.795001
-0.0049999
0.795001
-0.0049999
0.795001
-0.0049999
0.795001
-0.0049999
0.772944
0.0332025
0.334296
0.507796
0.0332025
0.760444
-0.0049999
0.782501
-0.0049999
0.782501
-0.0049999
0.782501
-0.00500204
0.782501
-0.00500204
0.782501
-0.00500204
0.782501
-0.00500204
0.782501
-0.00500204
0.782501
-0.00500204
0.782501
-0.00500204
0.782501
-0.00500204
0.782501
0.319998
0.404294
0.204998
-0.00500204
0.199998
-2.04348e-06
0.204998
-0.00500204
0.204998
-0.00500204
0.204998
0.019998
0.204998
-0.00500204
0.204998
-0.00500204
0.194998
0.00749796
0.277498
0.019998
0.787785
0.00749796
0.787785
0.00749796
0.787785
0.00749796
0.787785
0.00749796
0.795001
-0.00500204
0.795001
-0.00500204
0.795001
-0.00500204
0.795001
-0.00500204
0.795001
-0.0049999
0.763746
0.0441646
0.763746
0.0441646
0.763746
0.0441646
0.763746
0.0441646
0.334296
0.520296
0.0441646
0.763746
0.0441646
0.763746
0.0441646
0.763746
-0.0049999
0.795001
-0.00500204
0.795001
-0.00500204
0.795001
-0.00500204
0.795001
-0.00500204
0.795001
-0.00500204
0.795001
-0.00500204
0.795001
-0.00500204
0.795001
-0.00500204
0.795001
0.319998
0.404294
0.338748
0.198748
0.323748
0.317498
0.194998
0.323748
0.313748
0.313748
0.323748
0.313748
0.107498
0.338748
0.194998
0.338748
0.044998
0.319998
0.044998
0.319998
0.795001
-0.00500204
0.795001
-0.00500204
0.795001
-0.00500204
0.795001
-0.00500204
0.795001
-0.00500204
0.795001
-0.00500204
0.795001
-0.00500204
0.795001
-0.00500204
0.795001
-0.0049999
0.795001
-0.0049999
0.795001
-0.0049999
0.795001
-0.0049999
0.772944
0.0332025
0.334296
0.520296
0.0441646
0.763746
-0.0049999
0.795001
-0.0049999
0.795001
-0.0049999
0.795001
-0.00500204
0.795001
-0.00500204
0.795001
-0.00500204
0.795001
-0.00500204
0.795001
-0.00500204
0.795001
-0.00500204
0.795001
-0.00500204
0.795001
-0.00500204
0.795001
0.319998
0.404294
0.338748
0.154998
0.319998
0.169998
0.329998
0.181248
0.313748
0.176248
0.323748
0.187498
0.319998
0.181248
0.107498
0.173748
0.117498
0.169998
0.111248
0.073748
0.795001
-0.00500204
0.795001
-0.00500204
0.795001
-0.00500204
0.795001
-0.00500204
0.775516
0.028748
0.775516
0.028748
0.795001
-0.00500204
0.795001
-0.00500204
0.795001
-0.0049999
0.795001
-0.0049999
0.795001
-0.0049999
0.795001
-0.0049999
0.772944
0.0332025
0.334296
0.520296
0.0332025
0.772944
-0.0049999
0.795001
-0.0049999
0.795001
-0.0049999
0.795001
-0.00500204
0.795001
-0.00500204
0.795001
-0.00500204
0.795001
-0.00500204
0.795001
-0.00500204
0.795001
-0.00500204
0.795001
-0.00500204
0.795001
-0.00500204
0.795001
0.319998
0.404294
0.326248
0.130415
0.323748
0.0991646
0.329998
0.0804146
0.313748
0.124165
0.313748
0.135415
0.319998
0.0716646
0.323748
0.0916646
0.349998
0.102915
0.199998
0.0704146
0.795001
-0.00500204
0.795001
-0.00500204
0.795001
-0.00500204
0.795001
-0.00500204
0.795001
-0.00500204
0.795001
-0.00500204
0.795001
-0.00500204
0.795001
-0.00500204
0.795001
-0.0049999
0.795001
-0.0049999
0.795001
-0.0049999
0.795001
-0.0049999
0.772944
0.0332025
0.334296
0.520296
0.0332025
0.772944
-0.0049999
0.795001
-0.0049999
0.795001
-0.0049999
0.795001
-0.00500204
0.795001
-0.00500204
0.795001
-0.00500204
0.795001
-0.00500204
0.795001
-0.00500204
0.795001
-0.00500204
0.795001
-0.00500204
0.795001
-0.00500204
0.795001
0.319998
0.404294
0.338748
0.073123
0.319998
0.074998
0.329998
0.103123
0.329998
0.103123
0.313748
0.109373
0.323748
0.076873
0.349998
0.103123
0.204998
0.073123
0.204998
0.073123
0.795001
-0.00500204
0.785259
0.011873
0.785259
0.011873
0.785259
0.011873
0.795001
-0.00500204
0.795001
-0.00500204
0.795001
-0.00500204
0.795001
-0.00500204
0.795001
-0.0049999
0.795001
-0.0049999
0.795001
-0.0049999
0.795001
-0.0049999
0.772944
0.0332025
0.334296
0.520296
0.0332025
0.772944
-0.0049999
0.795001
-0.0049999
0.795001
-0.0049999
0.795001
-0.00500204
0.795001
-0.00500204
0.795001
-0.00500204
0.795001
-0.00500204
0.795001
-0.00500204
0.795001
-0.00500204
0.795001
-0.00500204
0.795001
-0.00500204
0.795001
0.319998
0.404294
0.338748
0.00499796
0.323748
0.027498
0.349998
0.021248
0.332498
0.093748
0.319998
0.057498
0.319998
0.067498
0.349998
0.053748
0.204998
0.067498
0.194998
0.069998
0.795001
-0.00500204
0.795001
-0.00500204
0.776238
0.027498
0.795001
-0.00500204
0.795001
-0.00500204
0.795001
-0.00500204
0.795001
-0.00500204
0.795001
-0.00500204
0.795001
-0.0049999
0.795001
-0.0049999
0.795001
-0.0049999
0.795001
-0.0049999
0.772944
0.0332025
0.334296
0.507796
0.074998
0.725374
0.074998
0.725374
0.074998
0.725374
0.074998
0.725374
0.074998
0.725374
0.074998
0.725374
-0.00500204
0.782501
-0.00500204
0.782501
-0.00500204
0.782501
-0.00500204
0.782501
-0.00500204
0.782501
-0.00500204
0.782501
0.066248
0.582527
0.104998
-0.00500204
0.099998
-2.04348e-06
0.104998
-0.00500204
0.104998
-0.00500204
0.104998
0.019998
0.104998
-0.00500204
0.104998
-0.00500204
0.094998
0.00749796
0.249998
0.019998
0.787785
0.00749796
0.787785
0.00749796
0.787785
0.00749796
0.787785
0.00749796
0.787785
0.00749796
0.725287
0.089998
0.725287
0.089998
0.645573
0.184998
0.795001
-0.0049999
0.795001
-0.0049999
0.795001
-0.0049999
0.763746
0.0441646
0.763746
0.0441646
0.334296
0.520296
0.0332025
0.772944
-0.0049999
0.795001
-0.0049999
0.795001
-0.0049999
0.795001
-0.00500204
0.795001
-0.00500204
0.795001
0.028748
0.775516
0.028748
0.775516
-0.00500204
0.795001
-0.00500204
0.795001
-0.00500204
0.795001
-0.00500204
0.795001
0.066248
0.582527
0.163748
0.117498
0.054998
0.319998
0.019998
0.319998
0.154998
0.319998
0.151248
0.323748
0.157498
0.313748
0.051248
0.319998
0.019998
0.319998
0.019998
0.319998
0.795001
-0.00500204
0.795001
-0.00500204
0.795001
-0.00500204
0.795001
-0.00500204
0.795001
-0.00500204
0.795001
-0.00500204
0.795001
-0.00500204
0.795001
-0.00500204
0.737874
0.074998
0.737874
0.074998
0.737874
0.074998
0.737874
0.074998
0.690674
0.131248
0.334296
0.520296
0.074998
0.737874
0.074998
0.737874
0.074998
0.737874
0.074998
0.737874
0.074998
0.737874
0.074998
0.737874
0.028748
0.775516
-0.00500204
0.795001
-0.00500204
0.795001
-0.00500204
0.795001
-0.00500204
0.795001
-0.00500204
0.795001
0.066248
0.582527
0.173748
0.104998
0.193748
0.104998
0.104998
0.181248
0.176248
0.176248
0.108748
0.169998
0.187498
0.187498
0.051248
0.173748
0.061248
0.167498
0.054998
0.073748
0.795001
-0.00500204
0.795001
-0.00500204
0.795001
-0.00500204
0.795001
-0.00500204
0.795001
-0.00500204
0.775516
0.028748
0.737874
0.074998
0.737874
0.074998
0.709904
0.108331
0.709904
0.108331
0.709904
0.108331
0.709904
0.108331
0.772944
0.0332025
0.334296
0.520296
0.074998
0.737874
0.074998
0.737874
0.074998
0.737874
0.074998
0.737874
0.074998
0.737874
0.074998
0.737874
-0.00500204
0.795001
-0.00500204
0.795001
-0.00500204
0.795001
-0.00500204
0.795001
-0.00500204
0.795001
-0.00500204
0.795001
0.066248
0.582527
0.163748
0.0804146
0.181248
0.0904146
0.104998
0.042498
0.173748
0.0804146
0.173748
0.117915
0.113748
0.121665
0.193748
0.0991646
0.104998
0.102915
0.099998
0.0704146
0.795001
-0.00500204
0.795001
-0.00500204
0.795001
-0.00500204
0.795001
-0.00500204
0.795001
-0.00500204
0.795001
-0.00500204
0.795001
-0.00500204
0.795001
-0.00500204
0.695919
0.124998
0.695919
0.124998
0.695919
0.124998
0.795001
-0.0049999
0.772944
0.0332025
0.334296
0.520296
0.074998
0.737874
0.074998
0.737874
0.074998
0.737874
0.074998
0.737874
0.074998
0.737874
0.074998
0.737874
-0.00500204
0.795001
-0.00500204
0.795001
-0.00500204
0.795001
-0.00500204
0.795001
-0.00500204
0.795001
-0.00500204
0.795001
0.066248
0.582527
0.182498
0.033123
0.173748
0.033123
0.173748
0.023123
0.173748
0.054998
0.173748
0.073123
0.113748
0.115623
0.193748
0.103123
0.094998
0.115623
0.104998
0.073123
0.785259
0.011873
0.785259
0.011873
0.785259
0.011873
0.785259
0.011873
0.785259
0.011873
0.785259
0.011873
0.785259
0.011873
0.785259
0.011873
0.687528
0.134998
0.687528
0.134998
0.795001
-0.0049999
0.795001
-0.0049999
0.772944
0.0332025
0.334296
0.520296
0.074998
0.737874
0.074998
0.737874
0.074998
0.737874
0.074998
0.737874
0.074998
0.737874
0.074998
0.737874
-0.00500204
0.795001
-0.00500204
0.795001
-0.00500204
0.795001
-0.00500204
0.795001
-0.00500204
0.795001
-0.00500204
0.795001
0.066248
0.582527
0.109998
0.069998
0.187498
0.073748
0.173748
0.034998
0.173748
0.047498
0.173748
0.061248
0.187498
0.073748
0.094998
0.069998
0.182498
0.067498
0.094998
0.069998
0.795001
-0.00500204
0.776238
0.027498
0.776238
0.027498
0.776238
0.027498
0.776238
0.027498
0.776238
0.027498
0.776238
0.027498
0.776238
0.027498
0.645573
0.184998
0.645573
0.184998
0.645573
0.184998
0.795001
-0.0049999
0.772944
0.0332025
0.334296
0.507796
0.108331
0.697404
0.108331
0.697404
0.108331
0.697404
0.108331
0.697404
-0.00500204
0.782501
-0.00500204
0.782501
-0.00500204
0.782501
-0.00500204
0.782501
-0.00500204
0.782501
-0.00500204
0.782501
-0.00500204
0.782501
-0.00500204
0.782501
0.0716646
0.612671
0.0666646
-2.04348e-06
0.0666646
-2.04348e-06
0.0666646
-2.04348e-06
0.0666646
-2.04348e-06
0.0716646
0.019998
0.0666646
-2.04348e-06
0.0666646
-2.04348e-06
0.0616646
0.00749796
0.262498
0.019998
0.787785
0.00749796
0.787785
0.00749796
0.787785
0.00749796
0.787785
0.00749796
0.725287
0.089998
0.725287
0.089998
0.725287
0.089998
0.645573
0.184998
0.795001
-0.0049999
0.795001
-0.0049999
0.795001
-0.0049999
0.795001
-0.0049999
0.763746
0.0441646
0.334296
0.520296
0.0332025
0.772944
-0.0049999
0.795001
-0.0049999
0.795001
-0.0049999
0.795001
-0.00500204
0.795001
-0.00500204
0.795001
-0.00500204
0.795001
-0.00500204
0.795001
-0.00500204
0.795001
-0.00500204
0.795001
-0.00500204
0.795001
-0.00500204
0.795001
0.0716646
0.612671
0.130415
0.194998
0.105415
0.343748
0.0716646
0.326248
0.032498
0.319998
0.0991646
0.329998
0.0116646
0.319998
0.032498
0.323748
0.0116646
0.319998
0.0116646
0.319998
0.795001
-0.00500204
0.795001
-0.00500204
0.795001
-0.00500204
0.795001
-0.00500204
0.795001
-0.00500204
0.795001
-0.00500204
0.795001
-0.00500204
0.795001
-0.00500204
0.737874
0.074998
0.737874
0.074998
0.737874
0.074998
0.737874
0.074998
0.683332
0.139998
0.334296
0.520296
0.108331
0.709904
0.108331
0.709904
0.108331
0.709904
0.108331
0.709904
-0.00500204
0.795001
-0.00500204
0.795001
-0.00500204
0.795001
-0.00500204
0.795001
-0.00500204
0.795001
-0.00500204
0.795001
-0.00500204
0.795001
-0.00500204
0.795001
0.0716646
0.612671
0.130415
0.169998
0.105415
0.187498
0.0804146
0.182498
0.105415
0.176248
0.0716646
0.154998
0.032498
0.173748
0.032498
0.173748
0.032498
0.167498
0.0508313
0.073748
0.795001
-0.00500204
0.795001
-0.00500204
0.795001
-0.00500204
0.795001
-0.00500204
0.795001
-0.00500204
0.795001
-0.00500204
0.737874
0.074998
0.737874
0.074998
0.709904
0.108331
0.709904
0.108331
0.709904
0.108331
0.709904
0.108331
0.646971
0.183331
0.334296
0.520296
0.108331
0.709904
0.108331
0.709904
0.108331
0.709904
0.108331
0.709904
-0.00500204
0.795001
-0.00500204
0.795001
-0.00500204
0.795001
-0.00500204
0.795001
-0.00500204
0.795001
-0.00500204
0.795001
-0.00500204
0.795001
-0.00500204
0.795001
0.0716646
0.612671
0.0904146
0.129165
0.0991646
0.0754146
0.0704146
0.0766646
0.109165
0.124165
0.0716646
0.117915
0.0704146
0.0704146
0.0716646
0.0991646
0.0716646
0.102915
0.0666646
0.0704146
0.795001
-0.00500204
0.795001
-0.00500204
0.795001
-0.00500204
0.795001
-0.00500204
0.795001
-0.00500204
0.795001
-0.00500204
0.795001
-0.00500204
0.795001
-0.00500204
0.695919
0.124998
0.695919
0.124998
0.695919
0.124998
0.695919
0.124998
0.62512
0.209373
0.334296
0.520296
0.108331
0.709904
0.108331
0.709904
0.108331
0.709904
0.108331
0.709904
-0.00500204
0.795001
-0.00500204
0.795001
-0.00500204
0.795001
-0.00500204
0.795001
-0.00500204
0.795001
-0.00500204
0.795001
-0.00500204
0.795001
-0.00500204
0.795001
0.0716646
0.612671
0.130415
0.074998
0.0754146
0.073123
0.0804146
0.095623
0.109165
0.098123
0.105415
0.109373
0.0616646
0.085623
0.0716646
0.073123
0.0616646
0.115623
0.0716646
0.073123
0.785259
0.011873
0.785259
0.011873
0.785259
0.011873
0.785259
0.011873
0.785259
0.011873
0.785259
0.011873
0.785259
0.011873
0.785259
0.011873
0.687528
0.134998
0.687528
0.134998
0.687528
0.134998
0.687528
0.134998
0.772944
0.0332025
0.334296
0.520296
0.108331
0.709904
0.108331
0.709904
0.108331
0.709904
0.108331
0.709904
-0.00500204
0.795001
-0.00500204
0.795001
-0.00500204
0.795001
-0.00500204
0.795001
-0.00500204
0.795001
-0.00500204
0.795001
-0.00500204
0.795001
-0.00500204
0.795001
0.0716646
0.612671
0.0716646
0.069998
0.0754146
0.061248
0.0804146
0.099998
0.111665
0.067498
0.0716646
0.076248
0.105415
0.067498
0.0616646
0.069998
0.121665
0.067498
0.0616646
0.069998
0.795001
-0.00500204
0.776238
0.027498
0.776238
0.027498
0.776238
0.027498
0.776238
0.027498
0.776238
0.027498
0.776238
0.027498
0.776238
0.027498
0.645573
0.184998
0.645573
0.184998
0.645573
0.184998
0.645573
0.184998
0.772944
0.0332025
0.334296
0.507796
0.124998
0.683419
0.124998
0.683419
0.124998
0.683419
0.124998
0.683419
0.011873
0.772759
0.011873
0.772759
0.011873
0.772759
0.011873
0.772759
0.011873
0.772759
0.011873
0.772759
0.011873
0.772759
0.011873
0.772759
0.073123
0.611447
0.049998
0.011248
0.049998
-2.04348e-06
0.049998
-2.04348e-06
0.049998
-2.04348e-06
0.049998
0.041248
0.049998
-2.04348e-06
0.049998
-2.04348e-06
0.044998
0.00749796
0.271873
0.019998
0.787785
0.00749796
0.787785
0.00749796
0.787785
0.00749796
0.787785
0.00749796
0.725287
0.089998
0.725287
0.089998
0.725287
0.089998
0.645573
0.184998
0.795001
-0.0049999
0.795001
-0.0049999
0.795001
-0.0049999
0.795001
-0.0049999
0.763746
0.0441646
0.334296
0.520296
0.0332025
0.772944
-0.0049999
0.795001
-0.0049999
0.795001
-0.0049999
0.795001
-0.00500204
0.795001
-0.00500204
0.795001
-0.00500204
0.795001
-0.00500204
0.795001
0.011873
0.785259
0.011873
0.785259
0.011873
0.785259
-0.00500204
0.795001
0.073123
0.611447
0.073123
0.349998
0.076873
0.319998
0.044998
0.323748
0.00749796
0.329998
0.079373
0.343748
0.073123
0.319998
0.073123
0.319998
0.00749796
0.319998
0.00749796
0.319998
0.795001
-0.00500204
0.795001
-0.00500204
0.795001
-0.00500204
0.795001
-0.00500204
0.795001
-0.00500204
0.795001
-0.00500204
0.795001
-0.00500204
0.795001
-0.00500204
0.737874
0.074998
0.737874
0.074998
0.737874
0.074998
0.737874
0.074998
0.683332
0.139998
0.334296
0.520296
0.0332025
0.772944
0.124998
0.695919
0.124998
0.695919
0.124998
0.695919
0.011873
0.785259
0.011873
0.785259
0.011873
0.785259
0.011873
0.785259
0.011873
0.785259
0.011873
0.785259
0.011873
0.785259
0.011873
0.785259
0.073123
0.611447
0.095623
0.094998
0.074998
0.173748
0.073123
0.193748
0.073123
0.173748
0.073123
0.193748
0.023123
0.173748
0.023123
0.173748
0.074998
0.167498
0.067498
0.073748
0.795001
-0.00500204
0.795001
-0.00500204
0.795001
-0.00500204
0.795001
-0.00500204
0.795001
-0.00500204
0.795001
-0.00500204
0.737874
0.074998
0.737874
0.074998
0.709904
0.108331
0.709904
0.108331
0.709904
0.108331
0.709904
0.108331
0.646971
0.183331
0.334296
0.520296
0.124998
0.695919
0.124998
0.695919
0.124998
0.695919
0.124998
0.695919
0.011873
0.785259
0.011873
0.785259
0.011873
0.785259
0.011873
0.785259
0.011873
0.785259
0.011873
0.785259
0.011873
0.785259
0.011873
0.785259
0.073123
0.611447
0.073123
0.130415
0.073123
0.0716646
0.095623
0.0916646
0.073123
0.141665
0.079373
0.115415
0.053748
0.0766646
0.049998
0.0704146
0.073123
0.0816646
0.049998
0.0704146
0.795001
-0.00500204
0.795001
-0.00500204
0.795001
-0.00500204
0.795001
-0.00500204
0.795001
-0.00500204
0.795001
-0.00500204
0.795001
-0.00500204
0.795001
-0.00500204
0.695919
0.124998
0.695919
0.124998
0.695919
0.124998
0.695919
0.124998
0.62512
0.209373
0.334296
0.520296
0.124998
0.695919
0.124998
0.695919
0.124998
0.695919
0.124998
0.695919
0.011873
0.785259
0.011873
0.785259
0.011873
0.785259
0.011873
0.785259
0.011873
0.785259
0.011873
0.785259
0.011873
0.785259
0.011873
0.785259
0.073123
0.611447
0.115623
0.048748
0.059998
0.068748
0.074998
0.095623
0.095623
0.054998
0.079373
0.109373
0.044998
0.085623
0.104373
0.074998
0.044998
0.115623
0.071873
0.073123
0.785259
0.011873
0.785259
0.011873
0.785259
0.011873
0.785259
0.011873
0.785259
0.011873
0.785259
0.011873
0.785259
0.011873
0.785259
0.011873
0.687528
0.134998
0.687528
0.134998
0.687528
0.134998
0.687528
0.134998
0.612009
0.224998
0.334296
0.520296
0.124998
0.695919
0.124998
0.695919
0.124998
0.695919
0.124998
0.695919
0.011873
0.785259
0.011873
0.785259
0.011873
0.785259
0.011873
0.785259
0.011873
0.785259
0.011873
0.785259
0.011873
0.785259
0.011873
0.785259
0.073123
0.611447
0.054998
0.073748
0.074998
0.073748
0.074998
0.099998
0.054998
0.069998
0.049998
0.069998
0.054998
0.069998
0.044998
0.069998
0.098123
0.067498
0.044998
0.069998
0.795001
-0.00500204
0.776238
0.027498
0.776238
0.027498
0.776238
0.027498
0.776238
0.027498
0.776238
0.027498
0.776238
0.027498
0.776238
0.027498
0.645573
0.184998
0.645573
0.184998
0.645573
0.184998
0.645573
0.184998
0.772944
0.0332025
0.334296
0.507796
0.134998
0.675028
0.134998
0.675028
0.134998
0.675028
0.134998
0.675028
0.027498
0.763738
0.027498
0.763738
0.027498
0.763738
0.027498
0.763738
0.027498
0.763738
0.027498
0.763738
0.027498
0.763738
-0.00500204
0.782501
0.069998
0.614069
0.039998
-2.04348e-06
0.039998
-2.04348e-06
0.039998
-2.04348e-06
0.039998
-2.04348e-06
0.039998
0.041248
0.039998
-2.04348e-06
0.039998
-2.04348e-06
0.034998
0.00749796
0.277498
0.019998
0.787785
0.00749796
0.787785
0.00749796
0.787785
0.00749796
0.787785
0.00749796
0.725287
0.089998
0.725287
0.089998
0.725287
0.089998
0.645573
0.184998
0.795001
-0.0049999
0.795001
-0.0049999
0.795001
-0.0049999
0.795001
-0.0049999
0.763746
0.0441646
0.334296
0.520296
0.0332025
0.772944
-0.0049999
0.795001
-0.0049999
0.795001
-0.0049999
0.795001
-0.00500204
0.795001
-0.00500204
0.795001
-0.00500204
0.795001
-0.00500204
0.795001
-0.00500204
0.795001
0.027498
0.776238
-0.00500204
0.795001
-0.00500204
0.795001
0.069998
0.614069
0.073748
0.343748
0.061248
0.319998
0.00499796
0.323748
0.00499796
0.319998
0.067498
0.313748
0.057498
0.338748
0.00499796
0.338748
0.00499796
0.319998
0.00499796
0.319998
0.795001
-0.00500204
0.795001
-0.00500204
0.795001
-0.00500204
0.795001
-0.00500204
0.795001
-0.00500204
0.795001
-0.00500204
0.795001
-0.00500204
0.795001
-0.00500204
0.737874
0.074998
0.737874
0.074998
0.737874
0.074998
0.737874
0.074998
0.683332
0.139998
0.334296
0.520296
0.0332025
0.772944
-0.0049999
0.795001
0.134998
0.687528
0.134998
0.687528
0.027498
0.776238
0.027498
0.776238
0.027498
0.776238
0.027498
0.776238
0.027498
0.776238
0.027498
0.776238
0.027498
0.776238
-0.00500204
0.795001
0.069998
0.614069
0.076248
0.167498
0.034998
0.173748
0.073748
0.187498
0.063748
0.176248
0.067498
0.187498
0.017498
0.173748
0.017498
0.173748
0.067498
0.176248
0.077498
0.073748
0.795001
-0.00500204
0.795001
-0.00500204
0.795001
-0.00500204
0.795001
-0.00500204
0.795001
-0.00500204
0.795001
-0.00500204
0.737874
0.074998
0.737874
0.074998
0.709904
0.108331
0.709904
0.108331
0.709904
0.108331
0.709904
0.108331
0.646971
0.183331
0.334296
0.520296
0.134998
0.687528
0.134998
0.687528
0.134998
0.687528
0.134998
0.687528
0.027498
0.776238
0.027498
0.776238
0.027498
0.776238
0.027498
0.776238
0.027498
0.776238
0.027498
0.776238
0.027498
0.776238
-0.00500204
0.795001
0.069998
0.614069
0.034998
0.141665
0.076248
0.0754146
0.099998
0.0616646
0.057498
0.141665
0.057498
0.115415
0.043748
0.0766646
0.034998
0.115415
0.087498
0.0816646
0.039998
0.0704146
0.795001
-0.00500204
0.795001
-0.00500204
0.795001
-0.00500204
0.795001
-0.00500204
0.795001
-0.00500204
0.795001
-0.00500204
0.795001
-0.00500204
0.795001
-0.00500204
0.695919
0.124998
0.695919
0.124998
0.695919
0.124998
0.695919
0.124998
0.62512
0.209373
0.334296
0.520296
0.134998
0.687528
0.134998
0.687528
0.134998
0.687528
0.134998
0.687528
0.027498
0.776238
0.027498
0.776238
0.027498
0.776238
0.027498
0.776238
0.027498
0.776238
0.027498
0.776238
0.027498
0.776238
-0.00500204
0.795001
0.069998
0.614069
0.073748
0.074998
0.053748
0.104373
0.069998
0.044998
0.069998
0.074998
0.067498
0.098123
0.073748
0.054998
0.039998
0.059998
0.044998
0.115623
0.077498
0.073123
0.785259
0.011873
0.785259
0.011873
0.785259
0.011873
0.785259
0.011873
0.785259
0.011873
0.785259
0.011873
0.785259
0.011873
0.785259
0.011873
0.687528
0.134998
0.687528
0.134998
0.687528
0.134998
0.687528
0.134998
0.612009
0.224998
0.334296
0.520296
0.134998
0.687528
0.134998
0.687528
0.134998
0.687528
0.134998
0.687528
0.027498
0.776238
0.027498
0.776238
0.027498
0.776238
0.027498
0.776238
0.027498
0.776238
0.027498
0.776238
0.027498
0.776238
-0.00500204
0.795001
0.069998
0.614069
0.073748
0.053748
0.069998
0.058748
0.069998
0.053748
0.073748
0.053748
0.039998
0.069998
0.053748
0.069998
0.034998
0.069998
0.063748
0.067498
0.034998
0.069998
0.795001
-0.00500204
0.776238
0.027498
0.776238
0.027498
0.776238
0.027498
0.776238
0.027498
0.776238
0.027498
0.776238
0.027498
0.776238
0.027498
