0.0164506
-3.51305
0.0164506
0.0205632
0.0164506
0.0205632
0.0164506
0.0205632
0.0164506
0.0205632
0.0164506
0.0205632
0.0205632
0.0164506
0.0205632
0.0164506
0.0205632
0.0164506
0.0205632
0.0164506
0.0205632
0.0164506
-3.46299
0.0164506
-3.27683
0.0164506
-3.4927
0.0164506
-3.46943
0.0164506
-3.4927
0.0164506
-3.4927
0.0164506
-3.4927
0.0164506
-3.46943
0.0164506
-3.46943
0.0164506
-3.5202
-0.0214368
-3.27577
-3.46943
-3.27577
-3.32875
-3.21038
-3.21038
-3.46943
-3.39305
-3.46943
-3.39305
-3.46943
-3.27577
-3.46943
-3.27577
-3.46818
-3.4655
-3.46943
-3.27577
-3.45799
-2.91096
0.0164506
-3.4927
0.0164506
-3.32037
0.0164506
-3.4927
0.0164506
-2.91096
0.0164506
-3.4927
0.0164506
-3.4927
0.0164506
-3.4927
0.0164506
-3.11394
0.0164506
-3.36742
0.0164506
-3.51305
0.0164506
0.0205632
0.0164506
0.0205632
0.0164506
0.0205632
0.0164506
0.0205632
0.0164506
0.0205632
0.0164506
0.0205632
0.0164506
0.0205632
0.0164506
0.0205632
0.0164506
0.0205632
0.0164506
0.0205632
-3.38768
0.0205632
-3.51318
0.0205632
-3.51318
0.0205632
-3.38768
0.0205632
-3.38768
0.0205632
-3.48376
0.0205632
-3.38911
0.0205632
-3.38768
0.0205632
-3.46943
0.0164506
-3.5202
-0.0214368
-3.27577
-3.26693
-3.12038
-3.47664
-3.4927
-3.46204
-3.4927
-2.88846
-3.27577
-3.38266
-3.4927
-3.29038
-2.89846
-3.30037
-3.4927
-3.33136
-3.46943
-3.38462
-3.51126
-2.90096
0.0164506
-3.4827
0.0164506
-3.30037
0.0164506
-3.45943
0.0164506
-2.90096
0.0164506
-3.4827
0.0164506
-3.4827
0.0164506
-3.38266
0.0164506
-3.30037
0.0164506
-3.30037
0.0164506
-3.51305
0.0164506
0.0205632
0.0164506
0.0205632
0.0164506
0.0205632
0.0164506
0.0205632
0.0164506
0.0205632
0.0164506
0.0205632
0.0164506
0.0205632
0.0164506
0.0205632
0.0164506
0.0205632
0.0164506
0.0205632
-3.38768
0.0205632
-3.51318
0.0205632
-3.51318
0.0205632
-3.38768
0.0205632
-3.38768
0.0205632
-3.48376
0.0205632
-3.38911
0.0205632
-3.38768
0.0205632
-3.45376
0.0164506
-3.5202
-0.0214368
-3.27577
-3.19737
-3.46943
-3.27879
-3.4927
-3.22462
-3.4927
-2.88846
-3.12038
-3.18987
-3.4927
-3.29038
-2.90471
-3.0355
-3.4927
-3.18987
-3.5202
-3.27879
-3.51126
-2.90096
0.0164506
-3.4827
0.0164506
-3.30805
0.0164506
-3.45943
0.0164506
-2.90096
0.0164506
-3.4827
0.0164506
-3.4827
0.0164506
-3.2002
0.0164506
-3.4827
0.0164506
-3.2002
0.0164506
-3.51305
0.0164506
0.0205632
0.0164506
0.0205632
0.0164506
0.0205632
0.0164506
0.0205632
0.0164506
0.0205632
0.0164506
0.0205632
0.0164506
0.0205632
0.0164506
0.0205632
0.0164506
0.0205632
0.0164506
0.0205632
-3.38768
0.0205632
-3.51318
0.0205632
-3.51318
0.0205632
-3.38768
0.0205632
-3.38768
0.0205632
-3.48376
0.0205632
-3.38911
0.0205632
-3.38768
0.0205632
-3.45376
0.0164506
-3.5202
-0.0214368
-3.27577
-3.05386
-3.5202
-3.13879
-3.4927
-3.09175
-3.5202
-2.91193
-3.12038
-3.05888
-3.4927
-3.29038
-3.46943
-3.38462
-3.46818
-3.35341
-3.46943
-3.38462
-3.51126
-2.90096
0.0164506
-3.4827
0.0164506
-3.30805
0.0164506
-3.45943
0.0164506
-2.90096
0.0164506
-3.4827
0.0164506
-3.4827
0.0164506
-3.05386
0.0164506
-3.4827
0.0164506
-3.0602
0.0164506
-3.51305
0.0164506
0.0205632
0.0164506
0.0205632
0.0164506
0.0205632
0.0164506
0.0205632
0.0164506
0.0205632
0.0164506
0.0205632
0.0164506
0.0205632
0.0164506
0.0205632
0.0164506
0.0205632
0.0164506
0.0205632
-3.38768
0.0205632
-3.51318
0.0205632
-3.51318
0.0205632
-3.38768
0.0205632
-3.38768
0.0205632
-3.48376
0.0205632
-3.38911
0.0205632
-3.38768
0.0205632
-3.45376
0.0164506
-3.5202
-0.0214368
-3.21038
-3.11211
-3.46943
-3.38462
-3.46943
-2.95175
-3.4927
-2.88846
-3.4688
-2.83726
-3.5202
-2.95164
-3.46943
-3.38462
-3.46818
-3.35341
-3.46943
-3.38462
-3.51126
-2.90096
0.0164506
-3.4827
0.0164506
-3.30805
0.0164506
-3.45943
0.0164506
-2.65914
0.0164506
-3.4827
0.0164506
-3.4827
0.0164506
-3.4827
0.0164506
-3.4827
0.0164506
-3.4827
0.0164506
-3.51305
0.0164506
0.0205632
0.0164506
0.0205632
0.0164506
0.0205632
0.0164506
0.0205632
0.0164506
0.0205632
0.0164506
0.0205632
0.0164506
0.0205632
0.0164506
0.0205632
0.0164506
0.0205632
0.0164506
0.0205632
-3.38768
0.0205632
-3.51318
0.0205632
-3.51318
0.0205632
-3.38768
0.0205632
-3.38768
0.0205632
-3.48376
0.0205632
-3.38911
0.0205632
-3.38768
0.0205632
-3.45376
0.0164506
-3.5202
-0.0214368
-3.21038
-3.11211
-3.46943
-3.38462
-3.46943
-2.95175
-3.4927
-2.88846
-2.89846
-2.57875
-3.4927
-3.29038
-3.05929
-2.57875
-3.46818
-3.35341
-3.46943
-3.38462
-3.51126
-2.90096
0.0164506
-3.4827
0.0164506
-3.30805
0.0164506
-3.45943
0.0164506
-2.5827
0.0164506
-3.4827
0.0164506
-3.4827
0.0164506
-3.4827
0.0164506
-3.4827
0.0164506
-2.57875
0.0205632
0
0.0205632
0.0164506
0.0205632
0.0164506
0.0205632
0.0164506
0.0205632
0.0164506
0.0205632
0.0164506
0.0205632
0.0164506
0.0205632
0.0164506
0.0205632
0.0164506
0.0205632
0.0164506
0.0205632
0.0164506
-3.11038
0.0164506
-3.4827
0.0164506
-3.4827
0.0164506
-3.4827
0.0164506
-3.4827
0.0164506
-3.4827
0.0164506
-3.4827
0.0164506
-3.4827
0.0164506
-3.4827
0.0164506
-3.5202
-0.0214368
-3.31369
-3.4655
-2.88846
-3.27879
-3.38628
-3.07346
-3.45943
-3.31287
-3.45755
-3.41851
-3.45943
-3.05929
-3.46204
-3.4927
-3.45755
-3.40612
-3.45693
-3.32037
-3.45693
-2.91096
0.0164506
-2.91096
0.0205632
-3.26683
0.0205632
-3.38911
0.0205632
-3.48376
0.0205632
-3.46049
0.0205632
-3.46049
0.0205632
-3.46049
0.0205632
-3.38411
0.0205632
-3.26683
0.0205632
0
0.0205632
0.0164506
0.0205632
0.0164506
0.0205632
0.0164506
0.0205632
0.0164506
0.0205632
0.0164506
0.0164506
0.0205632
0.0164506
0.0205632
0.0164506
0.0205632
0.0164506
0.0205632
0.0164506
0.0205632
-3.38266
0.0205632
-3.4827
0.0205632
-3.4827
0.0205632
-3.4827
0.0205632
-3.4827
0.0205632
-3.4827
0.0205632
-3.4827
0.0205632
-3.4827
0.0205632
-3.4827
0.0205632
-3.5202
-0.0214368
-3.4827
-3.50055
-3.42466
-3.34679
-3.45943
-3.30037
-3.45943
-3.29287
-3.45755
-3.36851
-3.4827
-3.45693
-3.4827
-3.46204
-3.38628
-3.34425
-3.38962
-3.18162
-3.5202
-2.90096
0.0205632
-3.4827
0.0205632
-3.46204
0.0205632
-3.45693
0.0205632
-3.45693
0.0205632
-3.4827
0.0205632
-3.4827
0.0205632
-3.51212
0.0205632
-3.46204
0.0205632
-3.4827
0.0205632
0
0.0205632
0.0164506
0.0205632
0.0164506
0.0205632
0.0164506
0.0205632
0.0164506
0.0205632
0.0164506
0.0164506
0.0205632
0.0164506
0.0205632
0.0164506
0.0205632
0.0164506
0.0205632
0.0164506
0.0205632
-3.38266
0.0205632
-3.4827
0.0205632
-3.4827
0.0205632
-3.4827
0.0205632
-3.4827
0.0205632
-3.4827
0.0205632
-3.4827
0.0205632
-3.4827
0.0205632
-3.4827
0.0205632
-3.5202
-0.0214368
-3.4827
-3.39204
-3.42466
-3.27879
-3.45943
-3.23175
-3.45943
-3.11711
-3.38962
-3.30414
-3.4827
-3.45693
-3.27372
-3.27599
-3.45755
-3.22612
-3.5202
-3.27879
-3.5202
-2.90096
0.0205632
-3.4827
0.0205632
-3.30805
0.0205632
-3.45693
0.0205632
-3.45693
0.0205632
-3.4827
0.0205632
-3.4827
0.0205632
-3.51212
0.0205632
-3.36662
0.0205632
-3.4827
0.0205632
0
0.0205632
0.0164506
0.0205632
0.0164506
0.0205632
0.0164506
0.0205632
0.0164506
0.0205632
0.0164506
0.0164506
0.0205632
0.0164506
0.0205632
0.0164506
0.0205632
0.0164506
0.0205632
0.0164506
0.0205632
-3.38266
0.0205632
-3.4827
0.0205632
-3.4827
0.0205632
-3.4827
0.0205632
-3.4827
0.0205632
-3.4827
0.0205632
-3.4827
0.0205632
-3.4827
0.0205632
-3.4827
0.0205632
-3.5202
-0.0214368
-3.4827
-3.39204
-3.37805
-3.51212
-3.43494
-3.4827
-3.5202
-2.91193
-3.38962
-3.05386
-3.4827
-3.45693
-3.4827
-3.4827
-3.38962
-2.88971
-3.45859
-3.28162
-3.5202
-2.90096
0.0205632
-3.4827
0.0205632
-3.30805
0.0205632
-3.45693
0.0205632
-3.45693
0.0205632
-3.4827
0.0205632
-3.4827
0.0205632
-3.51212
0.0205632
-3.36662
0.0205632
-3.4827
0.0205632
0
0.0205632
0.0164506
0.0205632
0.0164506
0.0205632
0.0164506
0.0205632
0.0164506
0.0205632
0.0164506
0.0164506
0.0205632
0.0164506
0.0205632
0.0164506
0.0205632
0.0164506
0.0205632
0.0164506
0.0205632
-3.38266
0.0205632
-3.4827
0.0205632
-3.4827
0.0205632
-3.4827
0.0205632
-3.4827
0.0205632
-3.4827
0.0205632
-3.4827
0.0205632
-3.4827
0.0205632
-3.4827
0.0205632
-3.5202
-0.0214368
-3.4827
-3.39204
-3.37805
-3.51212
-3.45943
-2.95175
-3.4827
-2.95164
-3.38962
-2.88638
-3.5202
-2.95164
-3.4827
-3.4827
-3.4588
-2.83726
-3.45859
-3.28162
-3.5202
-2.90096
0.0205632
-3.4827
0.0205632
-3.30805
0.0205632
-3.45693
0.0205632
-3.45693
0.0205632
-3.4827
0.0205632
-3.4827
0.0205632
-3.51212
0.0205632
-3.36662
0.0205632
-3.4827
0.0205632
0
0.0205632
0.0164506
0.0205632
0.0164506
0.0205632
0.0164506
0.0205632
0.0164506
0.0205632
0.0164506
0.0164506
0.0205632
0.0164506
0.0205632
0.0164506
0.0205632
0.0164506
0.0205632
0.0164506
0.0205632
-3.38266
0.0205632
-3.4827
0.0205632
-3.4827
0.0205632
-3.4827
0.0205632
-3.4827
0.0205632
-3.4827
0.0205632
-3.4827
0.0205632
-3.4827
0.0205632
-3.4827
0.0205632
-3.5202
-0.0214368
-3.4827
-3.39204
-3.42466
-2.77914
-3.45943
-2.95175
-3.45943
-2.91928
-3.38962
-2.5827
-3.4827
-3.45693
-3.29538
-2.57875
-3.51212
-3.30805
-3.43494
-2.5827
-3.5202
-2.90096
0.0205632
-3.4827
0.0205632
-3.30805
0.0205632
-3.45693
0.0205632
-3.45693
0.0205632
-2.57875
0.0205632
-3.4827
0.0205632
-3.51212
0.0205632
-3.36662
0.0205632
-3.4827
0.0205632
0
0.0205632
0.0164506
0.0205632
0.0164506
0.0205632
0.0164506
0.0205632
0.0164506
0.0205632
0.0164506
0.0205632
0.0164506
0.0205632
0.0164506
0.0205632
0.0164506
0.0205632
0.0164506
0.0205632
0.0164506
-3.11038
0.0164506
-3.4827
0.0164506
-3.4827
0.0164506
-3.4827
0.0164506
-3.4827
0.0164506
-3.4827
0.0164506
-3.4827
0.0164506
-3.4827
0.0164506
-3.4827
0.0164506
-3.5202
-0.0214368
-3.31369
-3.4655
-2.88846
-3.27879
-3.38628
-3.07346
-3.45943
-3.31287
-3.45755
-3.41851
-3.45943
-3.05929
-3.11162
-3.4927
-3.45755
-3.40612
-3.45693
-3.32037
-3.45693
-2.91096
0.0164506
-2.90452
0.0205632
-3.26683
0.0205632
-3.38911
0.0205632
-3.48376
0.0205632
-3.46049
0.0205632
-3.46049
0.0205632
-3.46049
0.0205632
-3.38411
0.0205632
-3.26683
0.0205632
0
0.0205632
0.0164506
0.0205632
0.0164506
0.0205632
0.0164506
0.0205632
0.0164506
0.0205632
0.0164506
0.0164506
0.0205632
0.0164506
0.0205632
0.0164506
0.0205632
0.0164506
0.0205632
0.0164506
0.0205632
-3.4827
0.0205632
-3.4827
0.0205632
-3.4827
0.0205632
-3.4827
0.0205632
-3.4827
0.0205632
-3.4827
0.0205632
-3.4827
0.0205632
-3.4827
0.0205632
-3.4827
0.0205632
-3.5202
-0.0214368
-3.4827
-3.50055
-3.3693
-3.37609
-3.45943
-3.30037
-3.45943
-3.29287
-3.45755
-3.36851
-3.4827
-3.45693
-3.4827
-3.46204
-3.38628
-3.34425
-3.38962
-3.18162
-3.5202
-2.90096
0.0205632
-3.4827
0.0205632
-3.46204
0.0205632
-3.45693
0.0205632
-3.45693
0.0205632
-3.4827
0.0205632
-3.4827
0.0205632
-3.51212
0.0205632
-3.46204
0.0205632
-3.4827
0.0205632
0
0.0205632
0.0164506
0.0205632
0.0164506
0.0205632
0.0164506
0.0205632
0.0164506
0.0205632
0.0164506
0.0164506
0.0205632
0.0164506
0.0205632
0.0164506
0.0205632
0.0164506
0.0205632
0.0164506
0.0205632
-3.4827
0.0205632
-3.4827
0.0205632
-3.4827
0.0205632
-3.4827
0.0205632
-3.4827
0.0205632
-3.4827
0.0205632
-3.4827
0.0205632
-3.4827
0.0205632
-3.4827
0.0205632
-3.5202
-0.0214368
-3.4827
-3.39204
-3.23037
-3.51212
-3.45943
-3.23175
-3.45943
-3.11711
-3.38962
-3.30414
-3.4827
-3.45693
-3.27372
-3.27599
-3.45755
-3.22612
-3.5202
-3.27879
-3.5202
-2.90096
0.0205632
-3.4827
0.0205632
-3.30805
0.0205632
-3.45693
0.0205632
-3.45693
0.0205632
-3.4827
0.0205632
-3.4827
0.0205632
-3.51212
0.0205632
-3.36662
0.0205632
-3.4827
0.0205632
0
0.0205632
0.0164506
0.0205632
0.0164506
0.0205632
0.0164506
0.0205632
0.0164506
0.0205632
0.0164506
0.0164506
0.0205632
0.0164506
0.0205632
0.0164506
0.0205632
0.0164506
0.0205632
0.0164506
0.0205632
-3.4827
0.0205632
-3.4827
0.0205632
-3.4827
0.0205632
-3.4827
0.0205632
-3.4827
0.0205632
-3.4827
0.0205632
-3.4827
0.0205632
-3.4827
0.0205632
-3.4827
0.0205632
-3.5202
-0.0214368
-3.4827
-3.39204
-3.23037
-3.51212
-3.43494
-3.4827
-3.5202
-2.91193
-3.38962
-3.05386
-3.4827
-3.45693
-3.4827
-3.4827
-3.38962
-2.88971
-3.45859
-3.28162
-3.5202
-2.90096
0.0205632
-3.4827
0.0205632
-3.30805
0.0205632
-3.45693
0.0205632
-3.45693
0.0205632
-3.4827
0.0205632
-3.4827
0.0205632
-3.51212
0.0205632
-3.36662
0.0205632
-3.4827
0.0205632
0
0.0205632
0.0164506
0.0205632
0.0164506
0.0205632
0.0164506
0.0205632
0.0164506
0.0205632
0.0164506
0.0164506
0.0205632
0.0164506
0.0205632
0.0164506
0.0205632
0.0164506
0.0205632
0.0164506
0.0205632
-3.4827
0.0205632
-3.4827
0.0205632
-3.4827
0.0205632
-3.4827
0.0205632
-3.4827
0.0205632
-3.4827
0.0205632
-3.4827
0.0205632
-3.4827
0.0205632
-3.4827
0.0205632
-3.5202
-0.0214368
-3.4827
-3.39204
-3.23037
-3.51212
-3.45943
-2.95175
-3.4827
-2.95164
-3.38962
-2.88638
-3.5202
-2.95164
-3.4827
-3.4827
-3.4588
-2.83726
-3.45859
-3.28162
-3.5202
-2.90096
0.0205632
-3.4827
0.0205632
-3.30805
0.0205632
-3.45693
0.0205632
-3.45693
0.0205632
-3.4827
0.0205632
-3.4827
0.0205632
-3.51212
0.0205632
-3.36662
0.0205632
-3.4827
0.0205632
0
0.0205632
0.0164506
0.0205632
0.0164506
0.0205632
0.0164506
0.0205632
0.0164506
0.0205632
0.0164506
0.0164506
0.0205632
0.0164506
0.0205632
0.0164506
0.0205632
0.0164506
0.0205632
0.0164506
0.0205632
-3.4827
0.0205632
-3.4827
0.0205632
-3.4827
0.0205632
-3.4827
0.0205632
-3.4827
0.0205632
-3.4827
0.0205632
-3.4827
0.0205632
-3.4827
0.0205632
-3.4827
0.0205632
-3.5202
-0.0214368
-3.4827
-3.39204
-3.23037
-3.51212
-3.45943
-2.95175
-3.45943
-2.91928
-3.38962
-2.5827
-3.4827
-3.45693
-3.29538
-2.57875
-3.51212
-3.30805
-3.43494
-2.5827
-3.5202
-2.90096
0.0205632
-3.4827
0.0205632
-3.30805
0.0205632
-3.45693
0.0205632
-3.45693
0.0205632
-2.57875
0.0205632
-3.4827
0.0205632
-3.51212
0.0205632
-3.36662
0.0205632
-3.4827
0.0205632
0
0.0205632
0.0164506
0.0205632
0.0164506
0.0205632
0.0164506
0.0205632
0.0164506
0.0205632
0.0164506
0.0205632
0.0164506
0.0205632
0.0164506
0.0205632
0.0164506
0.0205632
0.0164506
0.0205632
0.0164506
-3.11038
0.0164506
-3.4827
0.0164506
-3.4827
0.0164506
-3.4827
0.0164506
-3.4827
0.0164506
-3.4827
0.0164506
-3.4827
0.0164506
-3.4827
0.0164506
-3.4827
0.0164506
-3.5202
-0.0214368
-3.31369
-3.4655
-2.88846
-3.27879
-3.38628
-3.07346
-3.03234
-3.33162
-3.45755
-3.41851
-3.45943
-3.05929
-3.11162
-3.4927
-3.45755
-3.40612
-3.45693
-3.32037
-3.45693
-2.91096
0.0164506
-2.90452
0.0205632
-3.26683
0.0205632
-3.38911
0.0205632
-3.48376
0.0205632
-3.46049
0.0205632
-3.46049
0.0205632
-3.46049
0.0205632
-3.38411
0.0205632
-3.26683
0.0205632
0
0.0205632
0.0164506
0.0205632
0.0164506
0.0205632
0.0164506
0.0205632
0.0164506
0.0205632
0.0164506
0.0164506
0.0205632
0.0164506
0.0205632
0.0164506
0.0205632
0.0164506
0.0205632
0.0164506
0.0205632
-3.4827
0.0205632
-3.4827
0.0205632
-3.16732
0.0205632
-3.4827
0.0205632
-3.4827
0.0205632
-3.4827
0.0205632
-3.16732
0.0205632
-3.4827
0.0205632
-3.4827
0.0205632
-3.5202
-0.0214368
-3.4827
-3.50055
-3.3693
-3.37609
-3.45943
-3.30037
-3.45943
-3.29287
-3.45755
-3.36851
-3.4827
-3.45693
-3.4827
-3.46204
-3.38628
-3.34425
-3.38962
-3.18162
-3.5202
-2.90096
0.0205632
-3.4827
0.0205632
-3.46204
0.0205632
-3.45693
0.0205632
-3.45693
0.0205632
-3.4827
0.0205632
-3.4827
0.0205632
-3.51212
0.0205632
-3.46204
0.0205632
-3.4827
0.0205632
0
0.0205632
0.0164506
0.0205632
0.0164506
0.0205632
0.0164506
0.0205632
0.0164506
0.0205632
0.0164506
0.0164506
0.0205632
0.0164506
0.0205632
0.0164506
0.0205632
0.0164506
0.0205632
0.0164506
0.0205632
-3.4827
0.0205632
-3.4827
0.0205632
-3.16732
0.0205632
-3.4827
0.0205632
-3.4827
0.0205632
-3.4827
0.0205632
-3.16732
0.0205632
-3.4827
0.0205632
-3.4827
0.0205632
-3.5202
-0.0214368
-3.4827
-3.39204
-3.23037
-3.51212
-3.45943
-3.23175
-3.45943
-3.11711
-3.38962
-3.30414
-3.4827
-3.45693
-3.27372
-3.27599
-3.45755
-3.22612
-3.5202
-3.27879
-3.5202
-2.90096
0.0205632
-3.4827
0.0205632
-3.30805
0.0205632
-3.45693
0.0205632
-3.45693
0.0205632
-3.4827
0.0205632
-3.4827
0.0205632
-3.51212
0.0205632
-3.36662
0.0205632
-3.4827
0.0205632
0
0.0205632
0.0164506
0.0205632
0.0164506
0.0205632
0.0164506
0.0205632
0.0164506
0.0205632
0.0164506
0.0164506
0.0205632
0.0164506
0.0205632
0.0164506
0.0205632
0.0164506
0.0205632
0.0164506
0.0205632
-3.4827
0.0205632
-3.4827
0.0205632
-3.16732
0.0205632
-3.4827
0.0205632
-3.4827
0.0205632
-3.4827
0.0205632
-3.16732
0.0205632
-3.4827
0.0205632
-3.4827
0.0205632
-3.5202
-0.0214368
-3.4827
-3.39204
-3.23037
-3.51212
-3.43494
-3.4827
-3.03234
-3.07879
-3.38962
-3.05386
-3.4827
-3.45693
-3.4827
-3.4827
-3.38962
-2.88971
-3.45859
-3.28162
-3.5202
-2.90096
0.0205632
-3.4827
0.0205632
-3.30805
0.0205632
-3.45693
0.0205632
-3.45693
0.0205632
-3.4827
0.0205632
-3.4827
0.0205632
-3.51212
0.0205632
-3.36662
0.0205632
-3.4827
0.0205632
0
0.0205632
0.0164506
0.0205632
0.0164506
0.0205632
0.0164506
0.0205632
0.0164506
0.0205632
0.0164506
0.0164506
0.0205632
0.0164506
0.0205632
0.0164506
0.0205632
0.0164506
0.0205632
0.0164506
0.0205632
-3.4827
0.0205632
-3.4827
0.0205632
-3.16732
0.0205632
-3.4827
0.0205632
-3.4827
0.0205632
-3.4827
0.0205632
-3.16732
0.0205632
-3.4827
0.0205632
-3.4827
0.0205632
-3.5202
-0.0214368
-3.4827
-3.39204
-3.23037
-3.51212
-3.45943
-2.95175
-3.03234
-2.89234
-3.38962
-2.88638
-3.5202
-2.95164
-3.4827
-3.4827
-3.4588
-2.83726
-3.45859
-3.28162
-3.5202
-2.90096
0.0205632
-3.4827
0.0205632
-3.30805
0.0205632
-3.45693
0.0205632
-3.45693
0.0205632
-3.4827
0.0205632
-3.4827
0.0205632
-3.51212
0.0205632
-3.36662
0.0205632
-3.4827
0.0205632
0
0.0205632
0.0164506
0.0205632
0.0164506
0.0205632
0.0164506
0.0205632
0.0164506
0.0205632
0.0164506
0.0164506
0.0205632
0.0164506
0.0205632
0.0164506
0.0205632
0.0164506
0.0205632
0.0164506
0.0205632
-3.4827
0.0205632
-3.4827
0.0205632
-3.16732
0.0205632
-3.4827
0.0205632
-3.4827
0.0205632
-3.4827
0.0205632
-3.16732
0.0205632
-3.4827
0.0205632
-3.4827
0.0205632
-3.5202
-0.0214368
-3.4827
-3.39204
-3.23037
-3.51212
-3.45943
-2.95175
-3.03234
-2.89234
-3.38962
-2.5827
-3.4827
-3.45693
-3.29538
-2.57875
-3.51212
-3.30805
-3.43494
-2.5827
-3.5202
-2.90096
0.0205632
-3.4827
0.0205632
-3.30805
0.0205632
-3.45693
0.0205632
-3.45693
0.0205632
-2.57875
0.0205632
-3.4827
0.0205632
-3.51212
0.0205632
-3.36662
0.0205632
-3.4827
0.0205632
0
0.0205632
0.0164506
0.0205632
0.0164506
0.0205632
0.0164506
0.0205632
0.0164506
0.0205632
0.0164506
0.0205632
0.0164506
0.0205632
0.0164506
0.0205632
0.0164506
0.0205632
0.0164506
0.0205632
0.0164506
-3.11038
0.0164506
-3.4827
0.0164506
-2.69462
0.0164506
-3.4827
0.0164506
-3.4827
0.0164506
-3.4827
0.0164506
-2.69462
0.0164506
-3.4827
0.0164506
-3.4827
0.0164506
-3.5202
-0.0214368
-3.31369
-3.4655
-2.88846
-3.27879
-3.38628
-3.07346
-3.45943
-3.31287
-3.45755
-3.41851
-3.45943
-3.05929
-3.11162
-3.4927
-3.45755
-3.40612
-3.45693
-3.32037
-3.45693
-2.91096
0.0164506
-2.90452
0.0205632
-3.26683
0.0205632
-3.38911
0.0205632
-3.48376
0.0205632
-3.46049
0.0205632
-3.46049
0.0205632
-3.46049
0.0205632
-3.38411
0.0205632
-3.26683
0.0205632
0
0.0205632
0.0164506
0.0205632
0.0164506
0.0205632
0.0164506
0.0205632
0.0164506
0.0205632
0.0164506
0.0164506
0.0205632
0.0164506
0.0205632
0.0164506
0.0205632
0.0164506
0.0205632
0.0164506
0.0205632
-3.4827
0.0205632
-3.4827
0.0205632
-3.4827
0.0205632
-3.4827
0.0205632
-3.4827
0.0205632
-3.4827
0.0205632
-3.4827
0.0205632
-3.4827
0.0205632
-3.4827
0.0205632
-3.5202
-0.0214368
-3.4827
-3.50055
-3.3693
-3.37609
-3.45943
-3.30037
-3.45943
-3.29287
-3.45755
-3.36851
-3.4827
-3.45693
-3.4827
-3.46204
-3.38628
-3.34425
-3.38962
-3.18162
-3.5202
-2.90096
0.0205632
-3.4827
0.0205632
-3.46204
0.0205632
-3.45693
0.0205632
-3.45693
0.0205632
-3.4827
0.0205632
-3.4827
0.0205632
-3.51212
0.0205632
-3.46204
0.0205632
-3.4827
0.0205632
0
0.0205632
0.0164506
0.0205632
0.0164506
0.0205632
0.0164506
0.0205632
0.0164506
0.0205632
0.0164506
0.0164506
0.0205632
0.0164506
0.0205632
0.0164506
0.0205632
0.0164506
0.0205632
0.0164506
0.0205632
-3.4827
0.0205632
-3.4827
0.0205632
-3.4827
0.0205632
-3.4827
0.0205632
-3.4827
0.0205632
-3.4827
0.0205632
-3.4827
0.0205632
-3.4827
0.0205632
-3.4827
0.0205632
-3.5202
-0.0214368
-3.4827
-3.39204
-3.23037
-3.51212
-3.45943
-3.23175
-3.45943
-3.11711
-3.38962
-3.30414
-3.4827
-3.45693
-3.27372
-3.27599
-3.45755
-3.22612
-3.5202
-3.27879
-3.5202
-2.90096
0.0205632
-3.4827
0.0205632
-3.30805
0.0205632
-3.45693
0.0205632
-3.45693
0.0205632
-3.4827
0.0205632
-3.4827
0.0205632
-3.51212
0.0205632
-3.36662
0.0205632
-3.4827
0.0205632
0
0.0205632
0.0164506
0.0205632
0.0164506
0.0205632
0.0164506
0.0205632
0.0164506
0.0205632
0.0164506
0.0164506
0.0205632
0.0164506
0.0205632
0.0164506
0.0205632
0.0164506
0.0205632
0.0164506
0.0205632
-3.4827
0.0205632
-3.4827
0.0205632
-3.4827
0.0205632
-3.4827
0.0205632
-3.4827
0.0205632
-3.4827
0.0205632
-3.4827
0.0205632
-3.4827
0.0205632
-3.4827
0.0205632
-3.5202
-0.0214368
-3.4827
-3.39204
-3.23037
-3.51212
-3.43494
-3.4827
-3.5202
-2.91193
-3.38962
-3.05386
-3.4827
-3.45693
-3.4827
-3.4827
-3.38962
-2.88971
-3.45859
-3.28162
-3.5202
-2.90096
0.0205632
-3.4827
0.0205632
-3.30805
0.0205632
-3.45693
0.0205632
-3.45693
0.0205632
-3.4827
0.0205632
-3.4827
0.0205632
-3.51212
0.0205632
-3.36662
0.0205632
-3.4827
0.0205632
0
0.0205632
0.0164506
0.0205632
0.0164506
0.0205632
0.0164506
0.0205632
0.0164506
0.0205632
0.0164506
0.0164506
0.0205632
0.0164506
0.0205632
0.0164506
0.0205632
0.0164506
0.0205632
0.0164506
0.0205632
-3.4827
0.0205632
-3.4827
0.0205632
-3.4827
0.0205632
-3.4827
0.0205632
-3.4827
0.0205632
-3.4827
0.0205632
-3.4827
0.0205632
-3.4827
0.0205632
-3.4827
0.0205632
-3.5202
-0.0214368
-3.4827
-3.39204
-3.23037
-3.51212
-3.45943
-2.95175
-3.4827
-2.95164
-3.38962
-2.88638
-3.5202
-2.95164
-3.4827
-3.4827
-3.4588
-2.83726
-3.45859
-3.28162
-3.5202
-2.90096
0.0205632
-3.4827
0.0205632
-3.30805
0.0205632
-3.45693
0.0205632
-3.45693
0.0205632
-3.4827
0.0205632
-3.4827
0.0205632
-3.51212
0.0205632
-3.36662
0.0205632
-3.4827
0.0205632
0
0.0205632
0.0164506
0.0205632
0.0164506
0.0205632
0.0164506
0.0205632
0.0164506
0.0205632
0.0164506
0.0164506
0.0205632
0.0164506
0.0205632
0.0164506
0.0205632
0.0164506
0.0205632
0.0164506
0.0205632
-3.4827
0.0205632
-3.4827
0.0205632
-3.4827
0.0205632
-3.4827
0.0205632
-3.4827
0.0205632
-3.4827
0.0205632
-3.4827
0.0205632
-3.4827
0.0205632
-3.4827
0.0205632
-3.5202
-0.0214368
-3.4827
-3.39204
-3.23037
-3.51212
-3.45943
-2.95175
-3.45943
-2.91928
-3.38962
-2.5827
-3.4827
-3.45693
-3.29538
-2.57875
-3.51212
-3.30805
-3.43494
-2.5827
-3.5202
-2.90096
0.0205632
-3.4827
0.0205632
-3.30805
0.0205632
-3.45693
0.0205632
-3.45693
0.0205632
-2.57875
0.0205632
-3.4827
0.0205632
-3.51212
0.0205632
-3.36662
0.0205632
-3.4827
0.0205632
0
0.0205632
0.0164506
0.0205632
0.0164506
0.0205632
0.0164506
0.0205632
0.0164506
0.0205632
0.0164506
0.0205632
0.0164506
0.0205632
0.0164506
0.0205632
0.0164506
0.0205632
0.0164506
0.0205632
0.0164506
-3.11038
0.0164506
-3.4827
0.0164506
-3.4827
0.0164506
-3.4827
0.0164506
-3.4827
0.0164506
-3.4827
0.0164506
-3.4827
0.0164506
-3.4827
0.0164506
-3.4827
0.0164506
-3.5202
-0.0214368
-3.31369
-3.4655
-2.88846
-3.27879
-3.38628
-3.07346
-3.45943
-3.31287
-3.45755
-3.41851
-3.45943
-3.05929
-3.11162
-3.4927
-3.45755
-3.40612
-3.45693
-3.32037
-3.45693
-2.91096
0.0164506
-2.90452
0.0205632
-3.26683
0.0205632
-3.38911
0.0205632
-3.48376
0.0205632
-3.46049
0.0205632
-3.46049
0.0205632
-3.46049
0.0205632
-3.38411
0.0205632
-3.26683
0.0205632
0
0.0205632
0.0164506
0.0205632
0.0164506
0.0205632
0.0164506
0.0205632
0.0164506
0.0205632
0.0164506
0.0164506
0.0205632
0.0164506
0.0205632
0.0164506
0.0205632
0.0164506
0.0205632
0.0164506
0.0205632
-3.4827
0.0205632
-3.4827
0.0205632
-3.4827
0.0205632
-3.4827
0.0205632
-3.4827
0.0205632
-3.4827
0.0205632
-3.4827
0.0205632
-3.4827
0.0205632
-3.4827
0.0205632
-3.5202
-0.0214368
-3.4827
-3.50055
-3.3693
-3.37609
-3.45943
-3.30037
-3.45943
-3.29287
-3.45755
-3.36851
-3.4827
-3.45693
-3.4827
-3.46204
-3.38628
-3.34425
-3.38962
-3.18162
-3.5202
-2.90096
0.0205632
-3.4827
0.0205632
-3.46204
0.0205632
-3.45693
0.0205632
-3.45693
0.0205632
-3.4827
0.0205632
-3.4827
0.0205632
-3.51212
0.0205632
-3.46204
0.0205632
-3.4827
0.0205632
0
0.0205632
0.0164506
0.0205632
0.0164506
0.0205632
0.0164506
0.0205632
0.0164506
0.0205632
0.0164506
0.0164506
0.0205632
0.0164506
0.0205632
0.0164506
0.0205632
0.0164506
0.0205632
0.0164506
0.0205632
-3.4827
0.0205632
-3.4827
0.0205632
-3.4827
0.0205632
-3.4827
0.0205632
-3.4827
0.0205632
-3.4827
0.0205632
-3.4827
0.0205632
-3.4827
0.0205632
-3.4827
0.0205632
-3.5202
-0.0214368
-3.4827
-3.39204
-3.23037
-3.51212
-3.45943
-3.23175
-3.45943
-3.11711
-3.38962
-3.30414
-3.4827
-3.45693
-3.27372
-3.27599
-3.45755
-3.22612
-3.5202
-3.27879
-3.5202
-2.90096
0.0205632
-3.4827
0.0205632
-3.30805
0.0205632
-3.45693
0.0205632
-3.45693
0.0205632
-3.4827
0.0205632
-3.4827
0.0205632
-3.51212
0.0205632
-3.36662
0.0205632
-3.4827
0.0205632
0
0.0205632
0.0164506
0.0205632
0.0164506
0.0205632
0.0164506
0.0205632
0.0164506
0.0205632
0.0164506
0.0164506
0.0205632
0.0164506
0.0205632
0.0164506
0.0205632
0.0164506
0.0205632
0.0164506
0.0205632
-3.4827
0.0205632
-3.4827
0.0205632
-3.4827
0.0205632
-3.4827
0.0205632
-3.4827
0.0205632
-3.4827
0.0205632
-3.4827
0.0205632
-3.4827
0.0205632
-3.4827
0.0205632
-3.5202
-0.0214368
-3.4827
-3.39204
-3.23037
-3.51212
-3.43494
-3.4827
-3.5202
-2.91193
-3.38962
-3.05386
-3.4827
-3.45693
-3.4827
-3.4827
-3.38962
-2.88971
-3.45859
-3.28162
-3.5202
-2.90096
0.0205632
-3.4827
0.0205632
-3.30805
0.0205632
-3.45693
0.0205632
-3.45693
0.0205632
-3.4827
0.0205632
-3.4827
0.0205632
-3.51212
0.0205632
-3.36662
0.0205632
-3.4827
0.0205632
0
0.0205632
0.0164506
0.0205632
0.0164506
0.0205632
0.0164506
0.0205632
0.0164506
0.0205632
0.0164506
0.0164506
0.0205632
0.0164506
0.0205632
0.0164506
0.0205632
0.0164506
0.0205632
0.0164506
0.0205632
-3.4827
0.0205632
-3.4827
0.0205632
-3.4827
0.0205632
-3.4827
0.0205632
-3.4827
0.0205632
-3.4827
0.0205632
-3.4827
0.0205632
-3.4827
0.0205632
-3.4827
0.0205632
-3.5202
-0.0214368
-3.4827
-3.39204
-3.23037
-3.51212
-3.45943
-2.95175
-3.4827
-2.95164
-3.38962
-2.88638
-3.5202
-2.95164
-3.4827
-3.4827
-3.4588
-2.83726
-3.45859
-3.28162
-3.5202
-2.90096
0.0205632
-3.4827
0.0205632
-3.30805
0.0205632
-3.45693
0.0205632
-3.45693
0.0205632
-3.4827
0.0205632
-3.4827
0.0205632
-3.51212
0.0205632
-3.36662
0.0205632
-3.4827
0.0205632
0
0.0205632
0.0164506
0.0205632
0.0164506
0.0205632
0.0164506
0.0205632
0.0164506
0.0205632
0.0164506
0.0164506
0.0205632
0.0164506
0.0205632
0.0164506
0.0205632
0.0164506
0.0205632
0.0164506
0.0205632
-3.4827
0.0205632
-3.4827
0.0205632
-3.4827
0.0205632
-3.4827
0.0205632
-3.4827
0.0205632
-3.4827
0.0205632
-3.4827
0.0205632
-3.4827
0.0205632
-3.4827
0.0205632
-3.5202
-0.0214368
-3.4827
-3.39204
-3.23037
-3.51212
-3.45943
-2.95175
-3.45943
-2.91928
-3.38962
-2.5827
-3.4827
-3.45693
-3.29538
-2.57875
-3.51212
-3.30805
-3.43494
-2.5827
-3.5202
-2.90096
0.0205632
-3.4827
0.0205632
-3.30805
0.0205632
-3.45693
0.0205632
-3.45693
0.0205632
-2.57875
0.0205632
-3.4827
0.0205632
-3.51212
0.0205632
-3.36662
0.0205632
-3.4827
