0.633084
0.184985
0.633084
0.184985
0.633084
0.184985
0.633084
0.184985
0.547077
0.287485
0.334297
0.507797
0.184985
0.633084
0.184985
0.633084
0.184985
0.633084
0.184985
0.633084
0.184985
0.633084
0.0899848
0.712799
0.0899848
0.712799
0.0899848
0.712799
0.0899848
0.712799
0.00748477
0.775296
0.00748477
0.775296
0.00748477
0.775296
-0.00501523
0.650337
-0.00501523
0.0187348
-1.52251e-05
-1.52251e-05
-1.52251e-05
-1.52251e-05
-1.52251e-05
-1.52251e-05
-1.52251e-05
0.0412348
-1.52251e-05
-1.52251e-05
-1.52251e-05
-1.52251e-05
-0.00501523
0.00748477
0.299985
-0.00501523
0.775296
0.00748477
0.775296
0.00748477
0.775296
0.00748477
0.712799
0.0899848
0.712799
0.0899848
0.712799
0.0899848
0.712799
0.0899848
0.633084
0.184985
0.782504
-0.00499927
0.782504
-0.00499927
0.782504
-0.00499927
0.782504
-0.00499927
0.751258
0.0441514
0.334297
0.520297
0.0331897
0.772955
-0.00499927
0.795004
-0.00499927
0.795004
-0.00499927
0.795004
-0.00501523
0.795004
-0.00501523
0.795004
-0.00501523
0.795004
-0.00501523
0.795004
0.00748477
0.787796
0.00748477
0.787796
0.00748477
0.787796
0.00748477
0.787796
-0.00501523
0.650337
-0.00501523
0.349985
-0.00501523
0.329985
-1.52251e-05
0.199985
0.00748477
0.204985
0.00123477
0.313735
-0.00501523
0.234985
-0.00501523
0.204985
-0.00501523
0.338735
0.188318
0.144985
0.782504
-0.00501523
0.782504
-0.00501523
0.782504
-0.00501523
0.782504
-0.00501523
0.782504
-0.00501523
0.782504
-0.00501523
0.782504
-0.00501523
0.782504
-0.00501523
0.725385
0.0749848
0.725385
0.0749848
0.725385
0.0749848
0.725385
0.0749848
0.670844
0.139985
0.334297
0.520297
0.0331897
0.772955
-0.00499927
0.795004
-0.00499927
0.795004
-0.00499927
0.795004
0.184985
0.645584
0.0899848
0.725299
0.0899848
0.725299
0.00748477
0.787796
0.00748477
0.787796
0.00748477
0.787796
0.00748477
0.787796
0.00748477
0.787796
-0.00501523
0.650337
-0.00501523
0.167485
-0.00501523
0.173735
-1.52251e-05
0.0999848
-1.52251e-05
0.0999848
0.00748477
0.0949848
-0.00501523
0.104985
-0.00501523
0.104985
-0.00501523
0.104985
0.192485
0.151235
0.782504
-0.00501523
0.782504
-0.00501523
0.782504
-0.00501523
0.782504
-0.00501523
0.782504
-0.00501523
0.782504
-0.00501523
0.725385
0.0749848
0.725385
0.0749848
0.697415
0.108318
0.697415
0.108318
0.697415
0.108318
0.697415
0.108318
0.634483
0.183318
0.334297
0.520297
0.0331897
0.772955
0.184985
0.645584
0.184985
0.645584
0.184985
0.645584
0.184985
0.645584
0.0899848
0.725299
0.0899848
0.725299
0.0899848
0.725299
0.00748477
0.787796
0.00748477
0.787796
0.00748477
0.787796
0.00748477
0.787796
-0.00501523
0.650337
-0.00501523
0.141651
-0.00501523
0.111651
-0.00501523
0.121651
0.00748477
0.0716514
0.00123477
0.105401
-0.00501523
0.115401
-1.52251e-05
0.0666514
-1.52251e-05
0.0666514
0.0999848
0.129151
0.782504
-0.00501523
0.782504
-0.00501523
0.782504
-0.00501523
0.782504
-0.00501523
0.782504
-0.00501523
0.782504
-0.00501523
0.782504
-0.00501523
0.782504
-0.00501523
0.68343
0.124985
0.68343
0.124985
0.68343
0.124985
0.68343
0.124985
0.612631
0.20936
0.334297
0.520297
0.184985
0.645584
0.184985
0.645584
0.184985
0.645584
0.184985
0.645584
0.184985
0.645584
0.0899848
0.725299
0.0899848
0.725299
0.0899848
0.725299
0.00748477
0.787796
0.00748477
0.787796
0.00748477
0.787796
0.00748477
0.787796
-0.00501523
0.650337
0.00623477
0.0893598
-1.52251e-05
0.0599848
-1.52251e-05
0.0599848
-0.00501523
0.0856098
0.00748477
0.0549848
0.0424848
0.0793598
0.0324848
0.0449848
-1.52251e-05
0.0499848
-1.52251e-05
0.0687348
0.77277
0.0118598
0.77277
0.0118598
0.77277
0.0118598
0.77277
0.0118598
0.77277
0.0118598
0.77277
0.0118598
0.77277
0.0118598
0.77277
0.0118598
0.675039
0.134985
0.675039
0.134985
0.675039
0.134985
0.675039
0.134985
0.59952
0.224985
0.334297
0.520297
0.184985
0.645584
0.184985
0.645584
0.184985
0.645584
0.184985
0.645584
0.184985
0.645584
0.0899848
0.725299
0.0899848
0.725299
0.0899848
0.725299
0.00748477
0.787796
0.00748477
0.787796
0.00748477
0.787796
0.00748477
0.787796
-0.00501523
0.650337
-1.52251e-05
0.0437348
0.0124848
0.0637348
-1.52251e-05
0.0399848
-1.52251e-05
0.0399848
0.00748477
0.0349848
-0.00501523
0.0999848
0.0324848
0.0349848
-1.52251e-05
0.0399848
0.194985
0.0649848
0.782504
-0.00501523
0.763749
0.0274848
0.763749
0.0274848
0.763749
0.0274848
0.763749
0.0274848
0.763749
0.0274848
0.763749
0.0274848
0.763749
0.0274848
0.795004
-0.00499927
0.795004
-0.00499927
0.795004
-0.00499927
0.795004
-0.00499927
0.772955
0.0331897
0.334297
0.507797
0.0331897
0.760455
-0.00499927
0.782504
-0.00499927
0.782504
-0.00499927
0.782504
-0.00501523
0.782504
-0.00501523
0.782504
-0.00501523
0.782504
-0.00501523
0.782504
-0.00501523
0.782504
-0.00501523
0.782504
-0.00501523
0.782504
-0.00501523
0.782504
0.144985
0.551148
0.209985
0.0112348
0.199985
-1.52251e-05
0.204985
-0.00501523
0.204985
-0.00501523
0.204985
0.0199848
0.204985
-0.00501523
0.204985
-0.00501523
0.194985
0.00748477
0.277485
-0.00501523
0.787796
0.00748477
0.787796
0.00748477
0.787796
0.00748477
0.787796
0.00748477
0.795004
-0.00501523
0.795004
-0.00501523
0.795004
-0.00501523
0.795004
-0.00501523
0.795004
-0.00499927
0.763758
0.0441514
0.763758
0.0441514
0.763758
0.0441514
0.763758
0.0441514
0.334297
0.520297
0.0441514
0.763758
0.0441514
0.763758
0.0441514
0.763758
-0.00499927
0.795004
-0.00501523
0.795004
-0.00501523
0.795004
-0.00501523
0.795004
-0.00501523
0.795004
-0.00501523
0.795004
-0.00501523
0.795004
-0.00501523
0.795004
-0.00501523
0.795004
0.144985
0.551148
0.338735
0.337485
0.213735
0.338735
0.124985
0.213735
0.213735
0.338735
0.343735
0.323735
0.0449848
0.338735
0.114985
0.213735
0.0449848
0.114985
0.0483181
0.144985
0.795004
-0.00501523
0.795004
-0.00501523
0.795004
-0.00501523
0.795004
-0.00501523
0.795004
-0.00501523
0.795004
-0.00501523
0.795004
-0.00501523
0.795004
-0.00501523
0.795004
-0.00499927
0.795004
-0.00499927
0.795004
-0.00499927
0.795004
-0.00499927
0.772955
0.0331897
0.334297
0.520297
0.0441514
0.763758
-0.00499927
0.795004
-0.00499927
0.795004
-0.00499927
0.795004
-0.00501523
0.795004
-0.00501523
0.795004
-0.00501523
0.795004
-0.00501523
0.795004
-0.00501523
0.795004
-0.00501523
0.795004
-0.00501523
0.795004
-0.00501523
0.795004
0.144985
0.551148
0.338735
0.0699848
0.136235
0.124985
0.343735
0.161235
0.124985
0.151235
0.121235
0.151235
0.111235
0.123735
0.114985
0.151235
0.114985
0.154985
0.114985
0.151235
0.795004
-0.00501523
0.795004
-0.00501523
0.795004
-0.00501523
0.795004
-0.00501523
0.775528
0.0287348
0.775528
0.0287348
0.795004
-0.00501523
0.795004
-0.00501523
0.795004
-0.00499927
0.795004
-0.00499927
0.795004
-0.00499927
0.795004
-0.00499927
0.772955
0.0331897
0.334297
0.520297
0.0331897
0.772955
-0.00499927
0.795004
-0.00499927
0.795004
-0.00499927
0.795004
-0.00501523
0.795004
-0.00501523
0.795004
-0.00501523
0.795004
-0.00501523
0.795004
-0.00501523
0.795004
-0.00501523
0.795004
-0.00501523
0.795004
-0.00501523
0.795004
0.144985
0.551148
0.338735
0.0916514
0.213735
0.121651
0.136235
0.0991514
0.343735
0.124151
0.332485
0.135401
0.204985
0.129151
0.117485
0.0991514
0.307485
0.141651
0.204985
0.129151
0.795004
-0.00501523
0.795004
-0.00501523
0.795004
-0.00501523
0.795004
-0.00501523
0.795004
-0.00501523
0.795004
-0.00501523
0.795004
-0.00501523
0.795004
-0.00501523
0.795004
-0.00499927
0.795004
-0.00499927
0.795004
-0.00499927
0.795004
-0.00499927
0.772955
0.0331897
0.334297
0.520297
0.0331897
0.772955
-0.00499927
0.795004
-0.00499927
0.795004
-0.00499927
0.795004
-0.00501523
0.795004
-0.00501523
0.795004
-0.00501523
0.795004
-0.00501523
0.795004
-0.00501523
0.795004
-0.00501523
0.795004
-0.00501523
0.795004
-0.00501523
0.795004
0.144985
0.551148
0.338735
0.0531098
0.213735
0.0856098
0.343735
0.0793598
0.229985
0.0799848
0.343735
0.10936
0.213735
0.11561
0.214985
0.0918598
0.204985
0.11561
0.199985
0.0687348
0.795004
-0.00501523
0.78527
0.0118598
0.78527
0.0118598
0.78527
0.0118598
0.795004
-0.00501523
0.795004
-0.00501523
0.795004
-0.00501523
0.795004
-0.00501523
0.795004
-0.00499927
0.795004
-0.00499927
0.795004
-0.00499927
0.795004
-0.00499927
0.772955
0.0331897
0.334297
0.520297
0.0331897
0.772955
-0.00499927
0.795004
-0.00499927
0.795004
-0.00499927
0.795004
-0.00501523
0.795004
-0.00501523
0.795004
-0.00501523
0.795004
-0.00501523
0.795004
-0.00501523
0.795004
-0.00501523
0.795004
-0.00501523
0.795004
-0.00501523
0.795004
0.144985
0.551148
0.338735
0.0149848
0.213735
0.0737348
0.214985
0.0874848
0.338735
0.0874848
0.343735
0.0637348
0.229985
0.0587348
0.198735
0.0887348
0.204985
0.0674848
0.204985
0.0649848
0.795004
-0.00501523
0.795004
-0.00501523
0.776249
0.0274848
0.795004
-0.00501523
0.795004
-0.00501523
0.795004
-0.00501523
0.795004
-0.00501523
0.795004
-0.00501523
0.795004
-0.00499927
0.795004
-0.00499927
0.795004
-0.00499927
0.795004
-0.00499927
0.772955
0.0331897
0.334297
0.507797
0.0749848
0.725385
0.0749848
0.725385
0.0749848
0.725385
0.0749848
0.725385
0.0749848
0.725385
0.0749848
0.725385
-0.00501523
0.782504
-0.00501523
0.782504
-0.00501523
0.782504
-0.00501523
0.782504
-0.00501523
0.782504
-0.00501523
0.782504
0.151235
0.545904
0.103735
0.0112348
0.0999848
-1.52251e-05
0.104985
-0.00501523
0.104985
-0.00501523
0.104985
0.0199848
0.104985
-0.00501523
0.104985
-0.00501523
0.0949848
0.00748477
0.249985
-0.00501523
0.787796
0.00748477
0.787796
0.00748477
0.787796
0.00748477
0.787796
0.00748477
0.787796
0.00748477
0.725299
0.0899848
0.725299
0.0899848
0.645584
0.184985
0.795004
-0.00499927
0.795004
-0.00499927
0.795004
-0.00499927
0.763758
0.0441514
0.763758
0.0441514
0.334297
0.520297
0.0331897
0.772955
-0.00499927
0.795004
-0.00499927
0.795004
-0.00499927
0.795004
-0.00501523
0.795004
-0.00501523
0.795004
0.0287348
0.775528
0.0287348
0.775528
-0.00501523
0.795004
-0.00501523
0.795004
-0.00501523
0.795004
-0.00501523
0.795004
0.151235
0.545904
0.151235
0.114985
0.151235
0.338735
0.154985
0.214985
0.154985
0.338735
0.124985
0.338735
0.0512348
0.338735
0.124985
0.136235
0.0499848
0.338735
0.103318
0.144985
0.795004
-0.00501523
0.795004
-0.00501523
0.795004
-0.00501523
0.795004
-0.00501523
0.795004
-0.00501523
0.795004
-0.00501523
0.795004
-0.00501523
0.795004
-0.00501523
0.737885
0.0749848
0.737885
0.0749848
0.737885
0.0749848
0.737885
0.0749848
0.690686
0.131235
0.334297
0.520297
0.0749848
0.737885
0.0749848
0.737885
0.0749848
0.737885
0.0749848
0.737885
0.0749848
0.737885
0.0749848
0.737885
0.0287348
0.775528
-0.00501523
0.795004
-0.00501523
0.795004
-0.00501523
0.795004
-0.00501523
0.795004
-0.00501523
0.795004
0.151235
0.545904
0.151235
0.182485
0.154985
0.123735
0.151235
0.104985
0.108735
0.151235
0.163735
0.154985
0.157485
0.187485
0.114985
0.151235
0.0512348
0.114985
0.138735
0.151235
0.795004
-0.00501523
0.795004
-0.00501523
0.795004
-0.00501523
0.795004
-0.00501523
0.795004
-0.00501523
0.775528
0.0287348
0.737885
0.0749848
0.737885
0.0749848
0.709915
0.108318
0.709915
0.108318
0.709915
0.108318
0.709915
0.108318
0.772955
0.0331897
0.334297
0.520297
0.0749848
0.737885
0.0749848
0.737885
0.0749848
0.737885
0.0749848
0.737885
0.0749848
0.737885
0.0749848
0.737885
-0.00501523
0.795004
-0.00501523
0.795004
-0.00501523
0.795004
-0.00501523
0.795004
-0.00501523
0.795004
-0.00501523
0.795004
0.151235
0.545904
0.151235
0.130401
0.151235
0.115401
0.151235
0.130401
0.151235
0.130401
0.151235
0.121651
0.134985
0.129151
0.0949848
0.141651
0.104985
0.102901
0.104985
0.129151
0.795004
-0.00501523
0.795004
-0.00501523
0.795004
-0.00501523
0.795004
-0.00501523
0.795004
-0.00501523
0.795004
-0.00501523
0.795004
-0.00501523
0.795004
-0.00501523
0.69593
0.124985
0.69593
0.124985
0.69593
0.124985
0.795004
-0.00499927
0.772955
0.0331897
0.334297
0.520297
0.0749848
0.737885
0.0749848
0.737885
0.0749848
0.737885
0.0749848
0.737885
0.0749848
0.737885
0.0749848
0.737885
-0.00501523
0.795004
-0.00501523
0.795004
-0.00501523
0.795004
-0.00501523
0.795004
-0.00501523
0.795004
-0.00501523
0.795004
0.151235
0.545904
0.173735
0.0531098
0.0987348
0.11561
0.114985
0.0731098
0.124985
0.10436
0.163735
0.0918598
0.0949848
0.11561
0.124985
0.0856098
0.104985
0.11561
0.0999848
0.0687348
0.78527
0.0118598
0.78527
0.0118598
0.78527
0.0118598
0.78527
0.0118598
0.78527
0.0118598
0.78527
0.0118598
0.78527
0.0118598
0.78527
0.0118598
0.687539
0.134985
0.687539
0.134985
0.795004
-0.00499927
0.795004
-0.00499927
0.772955
0.0331897
0.334297
0.520297
0.0749848
0.737885
0.0749848
0.737885
0.0749848
0.737885
0.0749848
0.737885
0.0749848
0.737885
0.0749848
0.737885
-0.00501523
0.795004
-0.00501523
0.795004
-0.00501523
0.795004
-0.00501523
0.795004
-0.00501523
0.795004
-0.00501523
0.795004
0.151235
0.545904
0.114985
0.0212348
0.0999848
0.0587348
0.114985
0.0674848
0.124985
0.0799848
0.124985
0.0999848
0.114985
0.0612348
0.0949848
0.0737348
0.104985
0.0674848
0.138735
0.0649848
0.795004
-0.00501523
0.776249
0.0274848
0.776249
0.0274848
0.776249
0.0274848
0.776249
0.0274848
0.776249
0.0274848
0.776249
0.0274848
0.776249
0.0274848
0.645584
0.184985
0.645584
0.184985
0.645584
0.184985
0.795004
-0.00499927
0.772955
0.0331897
0.334297
0.507797
0.108318
0.697415
0.108318
0.697415
0.108318
0.697415
0.108318
0.697415
-0.00501523
0.782504
-0.00501523
0.782504
-0.00501523
0.782504
-0.00501523
0.782504
-0.00501523
0.782504
-0.00501523
0.782504
-0.00501523
0.782504
-0.00501523
0.782504
0.129151
0.596061
0.105401
0.0612348
0.0666514
-1.52251e-05
0.0666514
-1.52251e-05
0.0666514
-1.52251e-05
0.0716514
0.0199848
0.0666514
-1.52251e-05
0.0666514
-1.52251e-05
0.0616514
0.00748477
0.262485
-0.00501523
0.787796
0.00748477
0.787796
0.00748477
0.787796
0.00748477
0.787796
0.00748477
0.725299
0.0899848
0.725299
0.0899848
0.725299
0.0899848
0.645584
0.184985
0.795004
-0.00499927
0.795004
-0.00499927
0.795004
-0.00499927
0.795004
-0.00499927
0.763758
0.0441514
0.334297
0.520297
0.0331897
0.772955
-0.00499927
0.795004
-0.00499927
0.795004
-0.00499927
0.795004
-0.00501523
0.795004
-0.00501523
0.795004
-0.00501523
0.795004
-0.00501523
0.795004
-0.00501523
0.795004
-0.00501523
0.795004
-0.00501523
0.795004
-0.00501523
0.795004
0.129151
0.596061
0.130401
0.326235
0.105401
0.313735
0.0991514
0.214985
0.0324848
0.338735
0.115401
0.343735
0.0116514
0.338735
0.0662348
0.207485
0.0804014
0.338735
0.128318
0.144985
0.795004
-0.00501523
0.795004
-0.00501523
0.795004
-0.00501523
0.795004
-0.00501523
0.795004
-0.00501523
0.795004
-0.00501523
0.795004
-0.00501523
0.795004
-0.00501523
0.737885
0.0749848
0.737885
0.0749848
0.737885
0.0749848
0.737885
0.0749848
0.683344
0.139985
0.334297
0.520297
0.108318
0.709915
0.108318
0.709915
0.108318
0.709915
0.108318
0.709915
-0.00501523
0.795004
-0.00501523
0.795004
-0.00501523
0.795004
-0.00501523
0.795004
-0.00501523
0.795004
-0.00501523
0.795004
-0.00501523
0.795004
-0.00501523
0.795004
0.129151
0.596061
0.135401
0.157485
0.109151
0.167485
0.141651
0.104985
0.115401
0.151235
0.101651
0.154985
0.0716514
0.154985
0.115401
0.151235
0.0324848
0.167485
0.153318
0.151235
0.795004
-0.00501523
0.795004
-0.00501523
0.795004
-0.00501523
0.795004
-0.00501523
0.795004
-0.00501523
0.795004
-0.00501523
0.737885
0.0749848
0.737885
0.0749848
0.709915
0.108318
0.709915
0.108318
0.709915
0.108318
0.709915
0.108318
0.646983
0.183318
0.334297
0.520297
0.108318
0.709915
0.108318
0.709915
0.108318
0.709915
0.108318
0.709915
-0.00501523
0.795004
-0.00501523
0.795004
-0.00501523
0.795004
-0.00501523
0.795004
-0.00501523
0.795004
-0.00501523
0.795004
-0.00501523
0.795004
-0.00501523
0.795004
0.129151
0.596061
0.117901
0.115401
0.135401
0.135401
0.109151
0.135401
0.105401
0.135401
0.0991514
0.121651
0.130401
0.129151
0.0804014
0.141651
0.0716514
0.102901
0.0716514
0.129151
0.795004
-0.00501523
0.795004
-0.00501523
0.795004
-0.00501523
0.795004
-0.00501523
0.795004
-0.00501523
0.795004
-0.00501523
0.795004
-0.00501523
0.795004
-0.00501523
0.69593
0.124985
0.69593
0.124985
0.69593
0.124985
0.69593
0.124985
0.625131
0.20936
0.334297
0.520297
0.108318
0.709915
0.108318
0.709915
0.108318
0.709915
0.108318
0.709915
-0.00501523
0.795004
-0.00501523
0.795004
-0.00501523
0.795004
-0.00501523
0.795004
-0.00501523
0.795004
-0.00501523
0.795004
-0.00501523
0.795004
-0.00501523
0.795004
0.129151
0.596061
0.130401
0.0918598
0.141651
0.0831098
0.130401
0.10311
0.135401
0.0831098
0.124151
0.10936
0.0616514
0.11561
0.115401
0.0918598
0.0716514
0.11561
0.0666514
0.0687348
0.78527
0.0118598
0.78527
0.0118598
0.78527
0.0118598
0.78527
0.0118598
0.78527
0.0118598
0.78527
0.0118598
0.78527
0.0118598
0.78527
0.0118598
0.687539
0.134985
0.687539
0.134985
0.687539
0.134985
0.687539
0.134985
0.772955
0.0331897
0.334297
0.520297
0.108318
0.709915
0.108318
0.709915
0.108318
0.709915
0.108318
0.709915
-0.00501523
0.795004
-0.00501523
0.795004
-0.00501523
0.795004
-0.00501523
0.795004
-0.00501523
0.795004
-0.00501523
0.795004
-0.00501523
0.795004
-0.00501523
0.795004
0.129151
0.596061
0.130401
0.0762348
0.141651
0.0762348
0.141651
0.0874848
0.105401
0.0637348
0.0904014
0.0574848
0.105401
0.0674848
0.115401
0.0874848
0.121651
0.0674848
0.157485
0.0649848
0.795004
-0.00501523
0.776249
0.0274848
0.776249
0.0274848
0.776249
0.0274848
0.776249
0.0274848
0.776249
0.0274848
0.776249
0.0274848
0.776249
0.0274848
0.645584
0.184985
0.645584
0.184985
0.645584
0.184985
0.645584
0.184985
0.772955
0.0331897
0.334297
0.507797
0.124985
0.68343
0.124985
0.68343
0.124985
0.68343
0.124985
0.68343
0.0118598
0.77277
0.0118598
0.77277
0.0118598
0.77277
0.0118598
0.77277
0.0118598
0.77277
0.0118598
0.77277
0.0118598
0.77277
0.0118598
0.77277
0.0687348
0.571946
0.0499848
0.0112348
0.0499848
-1.52251e-05
0.0499848
-1.52251e-05
0.0499848
-1.52251e-05
0.0499848
0.0412348
0.0499848
-1.52251e-05
0.0499848
-1.52251e-05
0.0449848
0.00748477
0.27186
-0.00501523
0.787796
0.00748477
0.787796
0.00748477
0.787796
0.00748477
0.787796
0.00748477
0.725299
0.0899848
0.725299
0.0899848
0.725299
0.0899848
0.645584
0.184985
0.795004
-0.00499927
0.795004
-0.00499927
0.795004
-0.00499927
0.795004
-0.00499927
0.763758
0.0441514
0.334297
0.520297
0.0331897
0.772955
-0.00499927
0.795004
-0.00499927
0.795004
-0.00499927
0.795004
-0.00501523
0.795004
-0.00501523
0.795004
-0.00501523
0.795004
-0.00501523
0.795004
0.0118598
0.78527
0.0118598
0.78527
0.0118598
0.78527
-0.00501523
0.795004
0.0687348
0.571946
0.10936
0.343735
0.0449848
0.338735
0.00748477
0.214985
0.0731098
0.338735
0.0793598
0.343735
0.0449848
0.338735
0.0856098
0.213735
0.00748477
0.338735
0.140818
0.144985
0.795004
-0.00501523
0.795004
-0.00501523
0.795004
-0.00501523
0.795004
-0.00501523
0.795004
-0.00501523
0.795004
-0.00501523
0.795004
-0.00501523
0.795004
-0.00501523
0.737885
0.0749848
0.737885
0.0749848
0.737885
0.0749848
0.737885
0.0749848
0.683344
0.139985
0.334297
0.520297
0.0331897
0.772955
0.124985
0.69593
0.124985
0.69593
0.124985
0.69593
0.0118598
0.78527
0.0118598
0.78527
0.0118598
0.78527
0.0118598
0.78527
0.0118598
0.78527
0.0118598
0.78527
0.0118598
0.78527
0.0118598
0.78527
0.0687348
0.571946
0.11561
0.104985
0.0418598
0.123735
0.11561
0.0949848
0.11561
0.124985
0.0793598
0.157485
0.11561
0.124985
0.0231098
0.114985
0.0731098
0.114985
0.16061
0.151235
0.795004
-0.00501523
0.795004
-0.00501523
0.795004
-0.00501523
0.795004
-0.00501523
0.795004
-0.00501523
0.795004
-0.00501523
0.737885
0.0749848
0.737885
0.0749848
0.709915
0.108318
0.709915
0.108318
0.709915
0.108318
0.709915
0.108318
0.646983
0.183318
0.334297
0.520297
0.124985
0.69593
0.124985
0.69593
0.124985
0.69593
0.124985
0.69593
0.0118598
0.78527
0.0118598
0.78527
0.0118598
0.78527
0.0118598
0.78527
0.0118598
0.78527
0.0118598
0.78527
0.0118598
0.78527
0.0118598
0.78527
0.0687348
0.571946
0.0549848
0.115401
0.0449848
0.115401
0.0893598
0.0916514
0.0731098
0.0904014
0.0831098
0.135401
0.0918598
0.130401
0.0499848
0.0966514
0.0449848
0.141651
0.0718598
0.129151
0.795004
-0.00501523
0.795004
-0.00501523
0.795004
-0.00501523
0.795004
-0.00501523
0.795004
-0.00501523
0.795004
-0.00501523
0.795004
-0.00501523
0.795004
-0.00501523
0.69593
0.124985
0.69593
0.124985
0.69593
0.124985
0.69593
0.124985
0.625131
0.20936
0.334297
0.520297
0.124985
0.69593
0.124985
0.69593
0.124985
0.69593
0.124985
0.69593
0.0118598
0.78527
0.0118598
0.78527
0.0118598
0.78527
0.0118598
0.78527
0.0118598
0.78527
0.0118598
0.78527
0.0118598
0.78527
0.0118598
0.78527
0.0687348
0.571946
0.0799848
0.0537348
0.0487348
0.11561
0.11561
0.0749848
0.0499848
0.0687348
0.0793598
0.10936
0.0449848
0.11561
0.10436
0.0637348
0.0449848
0.11561
0.0499848
0.0687348
0.78527
0.0118598
0.78527
0.0118598
0.78527
0.0118598
0.78527
0.0118598
0.78527
0.0118598
0.78527
0.0118598
0.78527
0.0118598
0.78527
0.0118598
0.687539
0.134985
0.687539
0.134985
0.687539
0.134985
0.687539
0.134985
0.61202
0.224985
0.334297
0.520297
0.124985
0.69593
0.124985
0.69593
0.124985
0.69593
0.124985
0.69593
0.0118598
0.78527
0.0118598
0.78527
0.0118598
0.78527
0.0118598
0.78527
0.0118598
0.78527
0.0118598
0.78527
0.0118598
0.78527
0.0118598
0.78527
0.0687348
0.571946
0.11561
0.0449848
0.0637348
0.0737348
0.11561
0.0387348
0.0793598
0.0637348
0.0793598
0.0674848
0.0893598
0.0637348
0.0449848
0.0737348
0.0449848
0.0887348
0.16686
0.0649848
0.795004
-0.00501523
0.776249
0.0274848
0.776249
0.0274848
0.776249
0.0274848
0.776249
0.0274848
0.776249
0.0274848
0.776249
0.0274848
0.776249
0.0274848
0.645584
0.184985
0.645584
0.184985
0.645584
0.184985
0.645584
0.184985
0.772955
0.0331897
0.334297
0.507797
0.134985
0.675039
0.134985
0.675039
0.134985
0.675039
0.134985
0.675039
0.0274848
0.763749
0.0274848
0.763749
0.0274848
0.763749
0.0274848
0.763749
0.0274848
0.763749
0.0274848
0.763749
0.0274848
0.763749
-0.00501523
0.782504
0.0637348
0.619325
0.0637348
0.0262348
0.0399848
-1.52251e-05
0.0399848
-1.52251e-05
0.0399848
-1.52251e-05
0.0399848
0.0412348
0.0399848
-1.52251e-05
0.0399848
-1.52251e-05
0.0349848
0.00748477
0.277485
-0.00501523
0.787796
0.00748477
0.787796
0.00748477
0.787796
0.00748477
0.787796
0.00748477
0.725299
0.0899848
0.725299
0.0899848
0.725299
0.0899848
0.645584
0.184985
0.795004
-0.00499927
0.795004
-0.00499927
0.795004
-0.00499927
0.795004
-0.00499927
0.763758
0.0441514
0.334297
0.520297
0.0331897
0.772955
-0.00499927
0.795004
-0.00499927
0.795004
-0.00499927
0.795004
-0.00501523
0.795004
-0.00501523
0.795004
-0.00501523
0.795004
-0.00501523
0.795004
-0.00501523
0.795004
0.0274848
0.776249
-0.00501523
0.795004
-0.00501523
0.795004
0.0637348
0.619325
0.0637348
0.343735
0.0387348
0.338735
0.0349848
0.214985
0.00498477
0.338735
0.0637348
0.343735
0.0574848
0.338735
0.00498477
0.338735
0.00498477
0.338735
0.148318
0.144985
0.795004
-0.00501523
0.795004
-0.00501523
0.795004
-0.00501523
0.795004
-0.00501523
0.795004
-0.00501523
0.795004
-0.00501523
0.795004
-0.00501523
0.795004
-0.00501523
0.737885
0.0749848
0.737885
0.0749848
0.737885
0.0749848
0.737885
0.0749848
0.683344
0.139985
0.334297
0.520297
0.0331897
0.772955
-0.00499927
0.795004
0.134985
0.687539
0.134985
0.687539
0.0274848
0.776249
0.0274848
0.776249
0.0274848
0.776249
0.0274848
0.776249
0.0274848
0.776249
0.0274848
0.776249
0.0274848
0.776249
-0.00501523
0.795004
0.0637348
0.619325
0.0699848
0.0949848
0.0674848
0.123735
0.0699848
0.0949848
0.0737348
0.124985
0.0737348
0.124985
0.0637348
0.176235
0.0174848
0.114985
0.0674848
0.167485
0.164985
0.151235
0.795004
-0.00501523
0.795004
-0.00501523
0.795004
-0.00501523
0.795004
-0.00501523
0.795004
-0.00501523
0.795004
-0.00501523
0.737885
0.0749848
0.737885
0.0749848
0.709915
0.108318
0.709915
0.108318
0.709915
0.108318
0.709915
0.108318
0.646983
0.183318
0.334297
0.520297
0.134985
0.687539
0.134985
0.687539
0.134985
0.687539
0.134985
0.687539
0.0274848
0.776249
0.0274848
0.776249
0.0274848
0.776249
0.0274848
0.776249
0.0274848
0.776249
0.0274848
0.776249
0.0274848
0.776249
-0.00501523
0.795004
0.0637348
0.619325
0.0699848
0.0616514
0.0637348
0.135401
0.0674848
0.135401
0.0574848
0.130401
0.0637348
0.135401
0.0349848
0.115401
0.0399848
0.0966514
0.0699848
0.0916514
0.0774848
0.129151
0.795004
-0.00501523
0.795004
-0.00501523
0.795004
-0.00501523
0.795004
-0.00501523
0.795004
-0.00501523
0.795004
-0.00501523
0.795004
-0.00501523
0.795004
-0.00501523
0.69593
0.124985
0.69593
0.124985
0.69593
0.124985
0.69593
0.124985
0.625131
0.20936
0.334297
0.520297
0.134985
0.687539
0.134985
0.687539
0.134985
0.687539
0.134985
0.687539
0.0274848
0.776249
0.0274848
0.776249
0.0274848
0.776249
0.0274848
0.776249
0.0274848
0.776249
0.0274848
0.776249
0.0274848
0.776249
-0.00501523
0.795004
0.0637348
0.619325
0.0699848
0.0637348
0.0537348
0.11561
0.0887348
0.0487348
0.0399848
0.0687348
0.0637348
0.0793598
0.0349848
0.11561
0.0887348
0.0549848
0.0449848
0.11561
0.0399848
0.0687348
0.78527
0.0118598
0.78527
0.0118598
0.78527
0.0118598
0.78527
0.0118598
0.78527
0.0118598
0.78527
0.0118598
0.78527
0.0118598
0.78527
0.0118598
0.687539
0.134985
0.687539
0.134985
0.687539
0.134985
0.687539
0.134985
0.61202
0.224985
0.334297
0.520297
0.134985
0.687539
0.134985
0.687539
0.134985
0.687539
0.134985
0.687539
0.0274848
0.776249
0.0274848
0.776249
0.0274848
0.776249
0.0274848
0.776249
0.0274848
0.776249
0.0274848
0.776249
0.0274848
0.776249
-0.00501523
0.795004
0.0637348
0.619325
0.0699848
0.0349848
0.0637348
0.0737348
0.0637348
0.0674848
0.0637348
0.0637348
0.0699848
0.0649848
0.0637348
0.0674848
0.0637348
0.0637348
0.0349848
0.0699848
0.172485
0.0649848
0.795004
-0.00501523
0.776249
0.0274848
0.776249
0.0274848
0.776249
0.0274848
0.776249
0.0274848
0.776249
0.0274848
0.776249
0.0274848
0.776249
0.0274848
