0.633073
0.184997
0.633073
0.184997
0.633073
0.184997
0.633073
0.184997
0.547066
0.287497
0.334297
0.507797
0.184997
0.633073
0.184997
0.633073
0.184997
0.633073
0.184997
0.633073
0.184997
0.633073
0.0899974
0.712788
0.0899974
0.712788
0.0899974
0.712788
0.0899974
0.712788
0.00749745
0.775285
0.00749745
0.775285
0.00749745
0.775285
-0.00500255
0.650334
-0.00500255
0.0187474
-2.55435e-06
-2.55435e-06
-2.55435e-06
-2.55435e-06
-2.55435e-06
0.0599974
-2.55435e-06
-2.55435e-06
-2.55435e-06
-2.55435e-06
-2.55435e-06
-2.55435e-06
-0.00500255
0.00749745
0.299997
-0.00500255
0.775285
0.00749745
0.775285
0.00749745
0.775285
0.00749745
0.712788
0.0899974
0.712788
0.0899974
0.712788
0.0899974
0.712788
0.0899974
0.633073
0.184997
0.782501
-0.00499988
0.782501
-0.00499988
0.782501
-0.00499988
0.782501
-0.00499988
0.751246
0.0441641
0.334297
0.520297
0.033202
0.772945
-0.00499988
0.795001
-0.00499988
0.795001
-0.00499988
0.795001
-0.00500255
0.795001
-0.00500255
0.795001
-0.00500255
0.795001
-0.00500255
0.795001
0.00749745
0.787785
0.00749745
0.787785
0.00749745
0.787785
0.00749745
0.787785
-0.00500255
0.650334
-0.00500255
0.208747
-0.00500255
0.319997
-0.00500255
0.204997
0.0362474
0.208747
0.00124745
0.317497
-0.00500255
0.204997
-0.00500255
0.338747
-2.55435e-06
0.203747
0.188331
0.144997
0.782501
-0.00500255
0.782501
-0.00500255
0.782501
-0.00500255
0.782501
-0.00500255
0.782501
-0.00500255
0.782501
-0.00500255
0.782501
-0.00500255
0.782501
-0.00500255
0.725374
0.0749974
0.725374
0.0749974
0.725374
0.0749974
0.725374
0.0749974
0.670833
0.139997
0.334297
0.520297
0.033202
0.772945
-0.00499988
0.795001
-0.00499988
0.795001
-0.00499988
0.795001
0.184997
0.645573
0.0899974
0.725288
0.0899974
0.725288
0.00749745
0.787785
0.00749745
0.787785
0.00749745
0.787785
0.00749745
0.787785
0.00749745
0.787785
-0.00500255
0.650334
-0.00500255
0.163747
-0.00500255
0.104997
-2.55435e-06
0.0999974
-2.55435e-06
0.0999974
0.00749745
0.0949974
-0.00500255
0.104997
-0.00500255
0.104997
0.0199974
0.104997
0.192497
0.151247
0.782501
-0.00500255
0.782501
-0.00500255
0.782501
-0.00500255
0.782501
-0.00500255
0.782501
-0.00500255
0.782501
-0.00500255
0.725374
0.0749974
0.725374
0.0749974
0.697404
0.108331
0.697404
0.108331
0.697404
0.108331
0.697404
0.108331
0.634472
0.183331
0.334297
0.520297
0.033202
0.772945
0.184997
0.645573
0.184997
0.645573
0.184997
0.645573
0.184997
0.645573
0.0899974
0.725288
0.0899974
0.725288
0.0899974
0.725288
0.00749745
0.787785
0.00749745
0.787785
0.00749745
0.787785
0.00749745
0.787785
-0.00500255
0.650334
-0.00500255
0.121664
-0.00500255
0.111664
-2.55435e-06
0.0854141
0.00749745
0.0716641
0.00124745
0.109164
-2.55435e-06
0.0666641
0.0324974
0.0654141
0.0199974
0.130414
0.0999974
0.129164
0.782501
-0.00500255
0.782501
-0.00500255
0.782501
-0.00500255
0.782501
-0.00500255
0.782501
-0.00500255
0.782501
-0.00500255
0.782501
-0.00500255
0.782501
-0.00500255
0.683419
0.124997
0.683419
0.124997
0.683419
0.124997
0.683419
0.124997
0.61262
0.209372
0.334297
0.520297
0.184997
0.645573
0.184997
0.645573
0.184997
0.645573
0.184997
0.645573
0.184997
0.645573
0.0899974
0.725288
0.0899974
0.725288
0.0899974
0.725288
0.00749745
0.787785
0.00749745
0.787785
0.00749745
0.787785
0.00749745
0.787785
-0.00500255
0.650334
-0.00500255
0.0893724
-2.55435e-06
0.0599974
-2.55435e-06
0.0599974
-0.00500255
0.0856224
0.00124745
0.109372
-0.00500255
0.0856224
0.0324974
0.0449974
0.00749745
0.0449974
-2.55435e-06
0.0687474
0.772759
0.0118724
0.772759
0.0118724
0.772759
0.0118724
0.772759
0.0118724
0.772759
0.0118724
0.772759
0.0118724
0.772759
0.0118724
0.772759
0.0118724
0.675028
0.134997
0.675028
0.134997
0.675028
0.134997
0.675028
0.134997
0.599509
0.224997
0.334297
0.520297
0.184997
0.645573
0.184997
0.645573
0.184997
0.645573
0.184997
0.645573
0.184997
0.645573
0.0899974
0.725288
0.0899974
0.725288
0.0899974
0.725288
0.00749745
0.787785
0.00749745
0.787785
0.00749745
0.787785
0.00749745
0.787785
-0.00500255
0.650334
-2.55435e-06
0.0399974
-2.55435e-06
0.0399974
-2.55435e-06
0.0399974
-2.55435e-06
0.0399974
0.00749745
0.0387474
-0.00500255
0.0699974
-0.00500255
0.0699974
-2.55435e-06
0.0699974
0.194997
0.0649974
0.782501
-0.00500255
0.763738
0.0274974
0.763738
0.0274974
0.763738
0.0274974
0.763738
0.0274974
0.763738
0.0274974
0.763738
0.0274974
0.763738
0.0274974
0.795001
-0.00499988
0.795001
-0.00499988
0.795001
-0.00499988
0.795001
-0.00499988
0.772945
0.033202
0.334297
0.507797
0.033202
0.760445
-0.00499988
0.782501
-0.00499988
0.782501
-0.00499988
0.782501
-0.00500255
0.782501
-0.00500255
0.782501
-0.00500255
0.782501
-0.00500255
0.782501
-0.00500255
0.782501
-0.00500255
0.782501
-0.00500255
0.782501
-0.00500255
0.782501
0.144997
0.551137
0.204997
-0.00500255
0.199997
-2.55435e-06
0.204997
-0.00500255
0.204997
-0.00500255
0.194997
0.0487474
0.204997
-0.00500255
0.204997
-0.00500255
0.204997
-0.00500255
0.277497
-0.00500255
0.787785
0.00749745
0.787785
0.00749745
0.787785
0.00749745
0.787785
0.00749745
0.795001
-0.00500255
0.795001
-0.00500255
0.795001
-0.00500255
0.795001
-0.00500255
0.795001
-0.00500255
0.763746
0.0441641
0.763746
0.0441641
0.763746
0.0441641
0.763746
0.0441641
0.334297
0.520297
0.0441641
0.763746
0.0441641
0.763746
0.0441641
0.763746
-0.00499988
0.795001
-0.00500255
0.795001
-0.00500255
0.795001
-0.00500255
0.795001
-0.00500255
0.795001
-0.00500255
0.795001
-0.00500255
0.795001
-0.00500255
0.795001
-0.00500255
0.795001
0.144997
0.551137
0.216247
0.222497
0.323747
0.0637474
0.124997
0.213747
0.311247
0.223747
0.313747
0.323747
0.114997
0.326247
0.0449974
0.323747
0.107497
0.338747
0.0483308
0.144997
0.795001
-0.00500255
0.795001
-0.00500255
0.795001
-0.00500255
0.795001
-0.00500255
0.795001
-0.00500255
0.795001
-0.00500255
0.795001
-0.00500255
0.795001
-0.00500255
0.795001
-0.00499988
0.795001
-0.00499988
0.795001
-0.00499988
0.795001
-0.00499988
0.772945
0.033202
0.334297
0.520297
0.0441641
0.763746
-0.00499988
0.795001
-0.00499988
0.795001
-0.00499988
0.795001
-0.00500255
0.795001
-0.00500255
0.795001
-0.00500255
0.795001
-0.00500255
0.795001
-0.00500255
0.795001
-0.00500255
0.795001
-0.00500255
0.795001
-0.00500255
0.795001
0.144997
0.551137
0.311247
0.182497
0.323747
0.154997
0.118747
0.113747
0.311247
0.123747
0.118747
0.154997
0.117497
0.114997
0.114997
0.151247
0.136247
0.154997
0.114997
0.151247
0.795001
-0.00500255
0.795001
-0.00500255
0.795001
-0.00500255
0.795001
-0.00500255
0.775517
0.0287474
0.775517
0.0287474
0.795001
-0.00500255
0.795001
-0.00500255
0.795001
-0.00499988
0.795001
-0.00499988
0.795001
-0.00499988
0.795001
-0.00499988
0.772945
0.033202
0.334297
0.520297
0.033202
0.772945
-0.00499988
0.795001
-0.00499988
0.795001
-0.00499988
0.795001
-0.00500255
0.795001
-0.00500255
0.795001
-0.00500255
0.795001
-0.00500255
0.795001
-0.00500255
0.795001
-0.00500255
0.795001
-0.00500255
0.795001
-0.00500255
0.795001
0.144997
0.551137
0.313747
0.115414
0.311247
0.101664
0.213747
0.130414
0.313747
0.115414
0.313747
0.135414
0.311247
0.130414
0.204997
0.0991641
0.204997
0.102914
0.204997
0.129164
0.795001
-0.00500255
0.795001
-0.00500255
0.795001
-0.00500255
0.795001
-0.00500255
0.795001
-0.00500255
0.795001
-0.00500255
0.795001
-0.00500255
0.795001
-0.00500255
0.795001
-0.00499988
0.795001
-0.00499988
0.795001
-0.00499988
0.795001
-0.00499988
0.772945
0.033202
0.334297
0.520297
0.033202
0.772945
-0.00499988
0.795001
-0.00499988
0.795001
-0.00499988
0.795001
-0.00500255
0.795001
-0.00500255
0.795001
-0.00500255
0.795001
-0.00500255
0.795001
-0.00500255
0.795001
-0.00500255
0.795001
-0.00500255
0.795001
-0.00500255
0.795001
0.144997
0.551137
0.313747
0.109372
0.323747
0.0637474
0.214997
0.0174974
0.313747
0.0831224
0.323747
0.0749974
0.213747
0.115622
0.214997
0.103122
0.338747
0.0637474
0.199997
0.0687474
0.795001
-0.00500255
0.785259
0.0118724
0.785259
0.0118724
0.785259
0.0118724
0.795001
-0.00500255
0.795001
-0.00500255
0.795001
-0.00500255
0.795001
-0.00500255
0.795001
-0.00499988
0.795001
-0.00499988
0.795001
-0.00499988
0.795001
-0.00499988
0.772945
0.033202
0.334297
0.520297
0.033202
0.772945
-0.00499988
0.795001
-0.00499988
0.795001
-0.00499988
0.795001
-0.00500255
0.795001
-0.00500255
0.795001
-0.00500255
0.795001
-0.00500255
0.795001
-0.00500255
0.795001
-0.00500255
0.795001
-0.00500255
0.795001
-0.00500255
0.795001
0.144997
0.551137
0.313747
0.0737474
0.323747
0.0637474
0.214997
0.0874974
0.313747
0.0637474
0.313747
0.0674974
0.229997
0.0587474
0.214997
0.0874974
0.313747
0.0674974
0.204997
0.0649974
0.795001
-0.00500255
0.795001
-0.00500255
0.776238
0.0274974
0.795001
-0.00500255
0.795001
-0.00500255
0.795001
-0.00500255
0.795001
-0.00500255
0.795001
-0.00500255
0.795001
-0.00499988
0.795001
-0.00499988
0.795001
-0.00499988
0.795001
-0.00499988
0.772945
0.033202
0.334297
0.507797
0.0749974
0.725374
0.0749974
0.725374
0.0749974
0.725374
0.0749974
0.725374
0.0749974
0.725374
0.0749974
0.725374
-0.00500255
0.782501
-0.00500255
0.782501
-0.00500255
0.782501
-0.00500255
0.782501
-0.00500255
0.782501
-0.00500255
0.782501
0.151247
0.545893
0.104997
-0.00500255
0.0999974
-2.55435e-06
0.104997
-0.00500255
0.104997
-0.00500255
0.0949974
0.0487474
0.104997
-0.00500255
0.104997
-0.00500255
0.104997
-0.00500255
0.249997
-0.00500255
0.787785
0.00749745
0.787785
0.00749745
0.787785
0.00749745
0.787785
0.00749745
0.787785
0.00749745
0.725288
0.0899974
0.725288
0.0899974
0.645573
0.184997
0.795001
-0.00499988
0.795001
-0.00499988
0.795001
-0.00499988
0.763746
0.0441641
0.763746
0.0441641
0.334297
0.520297
0.033202
0.772945
-0.00499988
0.795001
-0.00499988
0.795001
-0.00499988
0.795001
-0.00500255
0.795001
-0.00500255
0.795001
0.0287474
0.775517
0.0287474
0.775517
-0.00500255
0.795001
-0.00500255
0.795001
-0.00500255
0.795001
-0.00500255
0.795001
0.151247
0.545893
0.151247
0.147497
0.0999974
0.229997
0.154997
0.214997
0.157497
0.343747
0.104997
0.323747
0.154997
0.323747
0.0199974
0.323747
0.0737474
0.207497
0.103331
0.144997
0.795001
-0.00500255
0.795001
-0.00500255
0.795001
-0.00500255
0.795001
-0.00500255
0.795001
-0.00500255
0.795001
-0.00500255
0.795001
-0.00500255
0.795001
-0.00500255
0.737874
0.0749974
0.737874
0.0749974
0.737874
0.0749974
0.737874
0.0749974
0.690675
0.131247
0.334297
0.520297
0.0749974
0.737874
0.0749974
0.737874
0.0749974
0.737874
0.0749974
0.737874
0.0749974
0.737874
0.0749974
0.737874
0.0287474
0.775517
-0.00500255
0.795001
-0.00500255
0.795001
-0.00500255
0.795001
-0.00500255
0.795001
-0.00500255
0.795001
0.151247
0.545893
0.109997
0.109997
0.151247
0.114997
0.151247
0.104997
0.154997
0.114997
0.163747
0.154997
0.151247
0.114997
0.163747
0.181247
0.123747
0.154997
0.138747
0.151247
0.795001
-0.00500255
0.795001
-0.00500255
0.795001
-0.00500255
0.795001
-0.00500255
0.795001
-0.00500255
0.775517
0.0287474
0.737874
0.0749974
0.737874
0.0749974
0.709904
0.108331
0.709904
0.108331
0.709904
0.108331
0.709904
0.108331
0.772945
0.033202
0.334297
0.520297
0.0749974
0.737874
0.0749974
0.737874
0.0749974
0.737874
0.0749974
0.737874
0.0749974
0.737874
0.0749974
0.737874
-0.00500255
0.795001
-0.00500255
0.795001
-0.00500255
0.795001
-0.00500255
0.795001
-0.00500255
0.795001
-0.00500255
0.795001
0.151247
0.545893
0.151247
0.111664
0.151247
0.115414
0.151247
0.130414
0.154997
0.0904141
0.0949974
0.130414
0.134997
0.109164
0.104997
0.0991641
0.104997
0.102914
0.104997
0.129164
0.795001
-0.00500255
0.795001
-0.00500255
0.795001
-0.00500255
0.795001
-0.00500255
0.795001
-0.00500255
0.795001
-0.00500255
0.795001
-0.00500255
0.795001
-0.00500255
0.695919
0.124997
0.695919
0.124997
0.695919
0.124997
0.795001
-0.00499988
0.772945
0.033202
0.334297
0.520297
0.0749974
0.737874
0.0749974
0.737874
0.0749974
0.737874
0.0749974
0.737874
0.0749974
0.737874
0.0749974
0.737874
-0.00500255
0.795001
-0.00500255
0.795001
-0.00500255
0.795001
-0.00500255
0.795001
-0.00500255
0.795001
-0.00500255
0.795001
0.151247
0.545893
0.0987474
0.0956224
0.0999974
0.0537474
0.104997
0.0418724
0.123747
0.103122
0.0949974
0.115622
0.0949974
0.115622
0.114997
0.103122
0.0949974
0.0893724
0.0999974
0.0687474
0.785259
0.0118724
0.785259
0.0118724
0.785259
0.0118724
0.785259
0.0118724
0.785259
0.0118724
0.785259
0.0118724
0.785259
0.0118724
0.785259
0.0118724
0.687528
0.134997
0.687528
0.134997
0.795001
-0.00499988
0.795001
-0.00499988
0.772945
0.033202
0.334297
0.520297
0.0749974
0.737874
0.0749974
0.737874
0.0749974
0.737874
0.0749974
0.737874
0.0749974
0.737874
0.0749974
0.737874
-0.00500255
0.795001
-0.00500255
0.795001
-0.00500255
0.795001
-0.00500255
0.795001
-0.00500255
0.795001
-0.00500255
0.795001
0.151247
0.545893
0.123747
0.0362474
0.114997
0.0762474
0.104997
0.0874974
0.157497
0.0937474
0.124997
0.0999974
0.0949974
0.0699974
0.114997
0.0874974
0.114997
0.0674974
0.138747
0.0649974
0.795001
-0.00500255
0.776238
0.0274974
0.776238
0.0274974
0.776238
0.0274974
0.776238
0.0274974
0.776238
0.0274974
0.776238
0.0274974
0.776238
0.0274974
0.645573
0.184997
0.645573
0.184997
0.645573
0.184997
0.795001
-0.00499988
0.772945
0.033202
0.334297
0.507797
0.108331
0.697404
0.108331
0.697404
0.108331
0.697404
0.108331
0.697404
-0.00500255
0.782501
-0.00500255
0.782501
-0.00500255
0.782501
-0.00500255
0.782501
-0.00500255
0.782501
-0.00500255
0.782501
-0.00500255
0.782501
-0.00500255
0.782501
0.129164
0.596058
0.0716641
-0.00500255
0.0666641
-2.55435e-06
0.0716641
-0.00500255
0.0716641
-0.00500255
0.0666641
0.0412474
0.0666641
-2.55435e-06
0.0666641
-2.55435e-06
0.0616641
0.00749745
0.262497
-0.00500255
0.787785
0.00749745
0.787785
0.00749745
0.787785
0.00749745
0.787785
0.00749745
0.725288
0.0899974
0.725288
0.0899974
0.725288
0.0899974
0.645573
0.184997
0.795001
-0.00499988
0.795001
-0.00499988
0.795001
-0.00499988
0.795001
-0.00499988
0.763746
0.0441641
0.334297
0.520297
0.033202
0.772945
-0.00499988
0.795001
-0.00499988
0.795001
-0.00499988
0.795001
-0.00500255
0.795001
-0.00500255
0.795001
-0.00500255
0.795001
-0.00500255
0.795001
-0.00500255
0.795001
-0.00500255
0.795001
-0.00500255
0.795001
-0.00500255
0.795001
0.129164
0.596058
0.0916641
0.136247
0.0991641
0.147497
0.129164
0.214997
0.111664
0.311247
0.102914
0.323747
0.0116641
0.323747
0.0324974
0.323747
0.0462474
0.207497
0.128331
0.144997
0.795001
-0.00500255
0.795001
-0.00500255
0.795001
-0.00500255
0.795001
-0.00500255
0.795001
-0.00500255
0.795001
-0.00500255
0.795001
-0.00500255
0.795001
-0.00500255
0.737874
0.0749974
0.737874
0.0749974
0.737874
0.0749974
0.737874
0.0749974
0.683333
0.139997
0.334297
0.520297
0.108331
0.709904
0.108331
0.709904
0.108331
0.709904
0.108331
0.709904
-0.00500255
0.795001
-0.00500255
0.795001
-0.00500255
0.795001
-0.00500255
0.795001
-0.00500255
0.795001
-0.00500255
0.795001
-0.00500255
0.795001
-0.00500255
0.795001
0.129164
0.596058
0.130414
0.181247
0.0966641
0.109997
0.141664
0.104997
0.141664
0.151247
0.121664
0.154997
0.129164
0.114997
0.0716641
0.151247
0.111664
0.154997
0.153331
0.151247
0.795001
-0.00500255
0.795001
-0.00500255
0.795001
-0.00500255
0.795001
-0.00500255
0.795001
-0.00500255
0.795001
-0.00500255
0.737874
0.0749974
0.737874
0.0749974
0.709904
0.108331
0.709904
0.108331
0.709904
0.108331
0.709904
0.108331
0.646972
0.183331
0.334297
0.520297
0.108331
0.709904
0.108331
0.709904
0.108331
0.709904
0.108331
0.709904
-0.00500255
0.795001
-0.00500255
0.795001
-0.00500255
0.795001
-0.00500255
0.795001
-0.00500255
0.795001
-0.00500255
0.795001
-0.00500255
0.795001
-0.00500255
0.795001
0.129164
0.596058
0.130414
0.0616641
0.0991641
0.121664
0.129164
0.0904141
0.0991641
0.0904141
0.105414
0.135414
0.0716641
0.129164
0.101664
0.0991641
0.0716641
0.102914
0.0716641
0.129164
0.795001
-0.00500255
0.795001
-0.00500255
0.795001
-0.00500255
0.795001
-0.00500255
0.795001
-0.00500255
0.795001
-0.00500255
0.795001
-0.00500255
0.795001
-0.00500255
0.695919
0.124997
0.695919
0.124997
0.695919
0.124997
0.695919
0.124997
0.62512
0.209372
0.334297
0.520297
0.108331
0.709904
0.108331
0.709904
0.108331
0.709904
0.108331
0.709904
-0.00500255
0.795001
-0.00500255
0.795001
-0.00500255
0.795001
-0.00500255
0.795001
-0.00500255
0.795001
-0.00500255
0.795001
-0.00500255
0.795001
-0.00500255
0.795001
0.129164
0.596058
0.135414
0.0831224
0.135414
0.109372
0.130414
0.103122
0.135414
0.0981224
0.130414
0.0731224
0.0616641
0.115622
0.0616641
0.0893724
0.111664
0.0749974
0.0666641
0.0687474
0.785259
0.0118724
0.785259
0.0118724
0.785259
0.0118724
0.785259
0.0118724
0.785259
0.0118724
0.785259
0.0118724
0.785259
0.0118724
0.785259
0.0118724
0.687528
0.134997
0.687528
0.134997
0.687528
0.134997
0.687528
0.134997
0.772945
0.033202
0.334297
0.520297
0.108331
0.709904
0.108331
0.709904
0.108331
0.709904
0.108331
0.709904
-0.00500255
0.795001
-0.00500255
0.795001
-0.00500255
0.795001
-0.00500255
0.795001
-0.00500255
0.795001
-0.00500255
0.795001
-0.00500255
0.795001
-0.00500255
0.795001
0.129164
0.596058
0.0916641
0.0999974
0.0966641
0.0499974
0.141664
0.0874974
0.135414
0.0637474
0.130414
0.0649974
0.135414
0.0637474
0.0616641
0.0999974
0.135414
0.0637474
0.157497
0.0649974
0.795001
-0.00500255
0.776238
0.0274974
0.776238
0.0274974
0.776238
0.0274974
0.776238
0.0274974
0.776238
0.0274974
0.776238
0.0274974
0.776238
0.0274974
0.645573
0.184997
0.645573
0.184997
0.645573
0.184997
0.645573
0.184997
0.772945
0.033202
0.334297
0.507797
0.124997
0.683419
0.124997
0.683419
0.124997
0.683419
0.124997
0.683419
0.0118724
0.772759
0.0118724
0.772759
0.0118724
0.772759
0.0118724
0.772759
0.0118724
0.772759
0.0118724
0.772759
0.0118724
0.772759
0.0118724
0.772759
0.0687474
0.571942
0.0499974
0.0112474
0.0499974
-2.55435e-06
0.0499974
0.0249974
0.0449974
0.0187474
0.0499974
0.0412474
0.0499974
-2.55435e-06
0.0499974
-2.55435e-06
0.0449974
0.00749745
0.271872
-0.00500255
0.787785
0.00749745
0.787785
0.00749745
0.787785
0.00749745
0.787785
0.00749745
0.725288
0.0899974
0.725288
0.0899974
0.725288
0.0899974
0.645573
0.184997
0.795001
-0.00499988
0.795001
-0.00499988
0.795001
-0.00499988
0.795001
-0.00499988
0.763746
0.0441641
0.334297
0.520297
0.033202
0.772945
-0.00499988
0.795001
-0.00499988
0.795001
-0.00499988
0.795001
-0.00500255
0.795001
-0.00500255
0.795001
-0.00500255
0.795001
-0.00500255
0.795001
0.0118724
0.785259
0.0118724
0.785259
0.0118724
0.785259
-0.00500255
0.795001
0.0687474
0.571942
0.0637474
0.234997
0.103122
0.234997
0.00749745
0.214997
0.109372
0.343747
0.103122
0.323747
0.0449974
0.338747
0.0231224
0.323747
0.00749745
0.319997
0.140831
0.144997
0.795001
-0.00500255
0.795001
-0.00500255
0.795001
-0.00500255
0.795001
-0.00500255
0.795001
-0.00500255
0.795001
-0.00500255
0.795001
-0.00500255
0.795001
-0.00500255
0.737874
0.0749974
0.737874
0.0749974
0.737874
0.0749974
0.737874
0.0749974
0.683333
0.139997
0.334297
0.520297
0.033202
0.772945
0.124997
0.695919
0.124997
0.695919
0.124997
0.695919
0.0118724
0.785259
0.0118724
0.785259
0.0118724
0.785259
0.0118724
0.785259
0.0118724
0.785259
0.0118724
0.785259
0.0118724
0.785259
0.0118724
0.785259
0.0687474
0.571942
0.115622
0.0949974
0.0499974
0.129997
0.0893724
0.124997
0.0731224
0.134997
0.0499974
0.118747
0.115622
0.124997
0.0499974
0.0999974
0.0231224
0.104997
0.160622
0.151247
0.795001
-0.00500255
0.795001
-0.00500255
0.795001
-0.00500255
0.795001
-0.00500255
0.795001
-0.00500255
0.795001
-0.00500255
0.737874
0.0749974
0.737874
0.0749974
0.709904
0.108331
0.709904
0.108331
0.709904
0.108331
0.709904
0.108331
0.646972
0.183331
0.334297
0.520297
0.124997
0.695919
0.124997
0.695919
0.124997
0.695919
0.124997
0.695919
0.0118724
0.785259
0.0118724
0.785259
0.0118724
0.785259
0.0118724
0.785259
0.0118724
0.785259
0.0118724
0.785259
0.0118724
0.785259
0.0118724
0.785259
0.0687474
0.571942
0.0831224
0.0816641
0.0793724
0.135414
0.0749974
0.130414
0.0731224
0.0904141
0.0793724
0.135414
0.0893724
0.109164
0.0499974
0.0966641
0.0793724
0.109164
0.0718724
0.129164
0.795001
-0.00500255
0.795001
-0.00500255
0.795001
-0.00500255
0.795001
-0.00500255
0.795001
-0.00500255
0.795001
-0.00500255
0.795001
-0.00500255
0.795001
-0.00500255
0.695919
0.124997
0.695919
0.124997
0.695919
0.124997
0.695919
0.124997
0.62512
0.209372
0.334297
0.520297
0.124997
0.695919
0.124997
0.695919
0.124997
0.695919
0.124997
0.695919
0.0118724
0.785259
0.0118724
0.785259
0.0118724
0.785259
0.0118724
0.785259
0.0118724
0.785259
0.0118724
0.785259
0.0118724
0.785259
0.0118724
0.785259
0.0687474
0.571942
0.115622
0.0449974
0.0487474
0.115622
0.0487474
0.115622
0.0956224
0.0637474
0.0749974
0.115622
0.0449974
0.115622
0.0487474
0.0893724
0.115622
0.0637474
0.0499974
0.0687474
0.785259
0.0118724
0.785259
0.0118724
0.785259
0.0118724
0.785259
0.0118724
0.785259
0.0118724
0.785259
0.0118724
0.785259
0.0118724
0.785259
0.0118724
0.687528
0.134997
0.687528
0.134997
0.687528
0.134997
0.687528
0.134997
0.612009
0.224997
0.334297
0.520297
0.124997
0.695919
0.124997
0.695919
0.124997
0.695919
0.124997
0.695919
0.0118724
0.785259
0.0118724
0.785259
0.0118724
0.785259
0.0118724
0.785259
0.0118724
0.785259
0.0118724
0.785259
0.0118724
0.785259
0.0118724
0.785259
0.0687474
0.571942
0.0637474
0.0999974
0.0687474
0.0499974
0.0893724
0.0449974
0.0793724
0.0637474
0.0893724
0.0649974
0.0537474
0.0699974
0.0487474
0.0999974
0.0831224
0.0674974
0.166872
0.0649974
0.795001
-0.00500255
0.776238
0.0274974
0.776238
0.0274974
0.776238
0.0274974
0.776238
0.0274974
0.776238
0.0274974
0.776238
0.0274974
0.776238
0.0274974
0.645573
0.184997
0.645573
0.184997
0.645573
0.184997
0.645573
0.184997
0.772945
0.033202
0.334297
0.507797
0.134997
0.675028
0.134997
0.675028
0.134997
0.675028
0.134997
0.675028
0.0274974
0.763738
0.0274974
0.763738
0.0274974
0.763738
0.0274974
0.763738
0.0274974
0.763738
0.0274974
0.763738
0.0274974
0.763738
-0.00500255
0.782501
0.0637474
0.619314
0.0399974
0.0112474
0.0399974
-2.55435e-06
0.0399974
0.0249974
0.0349974
0.0187474
0.0399974
0.0412474
0.0399974
-2.55435e-06
0.0399974
-2.55435e-06
0.0349974
0.00749745
0.277497
-0.00500255
0.787785
0.00749745
0.787785
0.00749745
0.787785
0.00749745
0.787785
0.00749745
0.725288
0.0899974
0.725288
0.0899974
0.725288
0.0899974
0.645573
0.184997
0.795001
-0.00499988
0.795001
-0.00499988
0.795001
-0.00499988
0.795001
-0.00499988
0.763746
0.0441641
0.334297
0.520297
0.033202
0.772945
-0.00499988
0.795001
-0.00499988
0.795001
-0.00499988
0.795001
-0.00500255
0.795001
-0.00500255
0.795001
-0.00500255
0.795001
-0.00500255
0.795001
-0.00500255
0.795001
0.0274974
0.776238
-0.00500255
0.795001
-0.00500255
0.795001
0.0637474
0.619314
0.0637474
0.343747
0.0937474
0.313747
0.0937474
0.343747
0.00499745
0.338747
0.0737474
0.323747
0.0637474
0.313747
0.00499745
0.338747
0.0649974
0.338747
0.148331
0.144997
0.795001
-0.00500255
0.795001
-0.00500255
0.795001
-0.00500255
0.795001
-0.00500255
0.795001
-0.00500255
0.795001
-0.00500255
0.795001
-0.00500255
0.795001
-0.00500255
0.737874
0.0749974
0.737874
0.0749974
0.737874
0.0749974
0.737874
0.0749974
0.683333
0.139997
0.334297
0.520297
0.033202
0.772945
-0.00499988
0.795001
0.134997
0.687528
0.134997
0.687528
0.0274974
0.776238
0.0274974
0.776238
0.0274974
0.776238
0.0274974
0.776238
0.0274974
0.776238
0.0274974
0.776238
0.0274974
0.776238
-0.00500255
0.795001
0.0637474
0.619314
0.0637474
0.157497
0.0699974
0.113747
0.0999974
0.0949974
0.0612474
0.134997
0.0174974
0.114997
0.0174974
0.114997
0.0699974
0.124997
0.0174974
0.163747
0.164997
0.151247
0.795001
-0.00500255
0.795001
-0.00500255
0.795001
-0.00500255
0.795001
-0.00500255
0.795001
-0.00500255
0.795001
-0.00500255
0.737874
0.0749974
0.737874
0.0749974
0.709904
0.108331
0.709904
0.108331
0.709904
0.108331
0.709904
0.108331
0.646972
0.183331
0.334297
0.520297
0.134997
0.687528
0.134997
0.687528
0.134997
0.687528
0.134997
0.687528
0.0274974
0.776238
0.0274974
0.776238
0.0274974
0.776238
0.0274974
0.776238
0.0274974
0.776238
0.0274974
0.776238
0.0274974
0.776238
-0.00500255
0.795001
0.0637474
0.619314
0.0637474
0.135414
0.0537474
0.141664
0.0637474
0.105414
0.0612474
0.0904141
0.0574974
0.130414
0.0349974
0.115414
0.0399974
0.0966641
0.0824974
0.109164
0.0774974
0.129164
0.795001
-0.00500255
0.795001
-0.00500255
0.795001
-0.00500255
0.795001
-0.00500255
0.795001
-0.00500255
0.795001
-0.00500255
0.795001
-0.00500255
0.795001
-0.00500255
0.695919
0.124997
0.695919
0.124997
0.695919
0.124997
0.695919
0.124997
0.62512
0.209372
0.334297
0.520297
0.134997
0.687528
0.134997
0.687528
0.134997
0.687528
0.134997
0.687528
0.0274974
0.776238
0.0274974
0.776238
0.0274974
0.776238
0.0274974
0.776238
0.0274974
0.776238
0.0274974
0.776238
0.0274974
0.776238
-0.00500255
0.795001
0.0637474
0.619314
0.0637474
0.0793724
0.0699974
0.0749974
0.0699974
0.0487474
0.0799974
0.0637474
0.0499974
0.0687474
0.0349974
0.115622
0.0399974
0.0499974
0.0737474
0.0749974
0.0399974
0.0687474
0.785259
0.0118724
0.785259
0.0118724
0.785259
0.0118724
0.785259
0.0118724
0.785259
0.0118724
0.785259
0.0118724
0.785259
0.0118724
0.785259
0.0118724
0.687528
0.134997
0.687528
0.134997
0.687528
0.134997
0.687528
0.134997
0.612009
0.224997
0.334297
0.520297
0.134997
0.687528
0.134997
0.687528
0.134997
0.687528
0.134997
0.687528
0.0274974
0.776238
0.0274974
0.776238
0.0274974
0.776238
0.0274974
0.776238
0.0274974
0.776238
0.0274974
0.776238
0.0274974
0.776238
-0.00500255
0.795001
0.0637474
0.619314
0.0637474
0.0937474
0.0637474
0.0637474
0.0699974
0.0499974
0.0637474
0.0637474
0.0637474
0.0824974
0.0637474
0.0637474
0.0674974
0.0937474
0.0699974
0.0699974
0.172497
0.0649974
0.795001
-0.00500255
0.776238
0.0274974
0.776238
0.0274974
0.776238
0.0274974
0.776238
0.0274974
0.776238
0.0274974
0.776238
0.0274974
0.776238
0.0274974
