0.665731
0.147467
0.665731
0.147467
0.665731
0.147467
0.665731
0.147467
0.579723
0.249967
0.33493
0.50843
0.147467
0.665731
0.147467
0.665731
0.147467
0.665731
0.147467
0.665731
0.147467
0.665731
0.0524672
0.745445
0.0524672
0.745445
0.0524672
0.745445
0.0524672
0.745445
-0.0300328
0.792155
-0.0300328
0.792155
-0.0300328
0.792155
-0.0425328
0.658527
-0.0262828
-0.0375328
-0.0250328
0.00496721
-0.0312828
0.0112172
-0.0375328
-0.0375328
-0.0362828
-0.0362828
-0.0375328
-0.0375328
-0.0375328
-0.0375328
-0.0425328
-0.0300328
0.262467
-0.0425328
0.792155
-0.0300328
0.792155
-0.0300328
0.792155
-0.0300328
0.745445
0.0524672
0.745445
0.0524672
0.745445
0.0524672
0.745445
0.0524672
0.665731
0.147467
0.792155
-0.00319946
0.792155
-0.00319946
0.792155
-0.00319946
0.792155
-0.00319946
0.783904
0.00663387
0.33493
0.52093
-0.00319946
0.804655
-0.00319946
0.804655
-0.00319946
0.804655
-0.00319946
0.804655
-0.0342431
0.804655
-0.0425328
0.803193
-0.0383661
0.803928
-0.0383661
0.803928
-0.0300328
0.804655
-0.0300328
0.804655
-0.0300328
0.804655
-0.0300328
0.804655
-0.0425328
0.658527
-0.0425328
0.312467
-0.0425328
0.282467
-0.0362828
0.294967
-0.0425328
0.167467
-0.0362828
0.286217
-0.0425328
0.167467
-0.0425328
0.301217
-0.0375328
0.166217
-0.0425328
0.301217
0.792155
-0.0300328
0.792155
-0.0300328
0.792155
-0.0300328
0.792155
-0.0300328
0.792155
-0.0300328
0.792155
-0.0300328
0.792155
-0.0300328
0.792155
-0.0300328
0.758032
0.0374672
0.758032
0.0374672
0.758032
0.0374672
0.758032
0.0374672
0.70349
0.102467
0.33493
0.52093
-0.00319946
0.804655
-0.00319946
0.804655
0.00413387
0.798502
0.147467
0.678231
0.147467
0.678231
0.0524672
0.757945
0.0524672
0.757945
0.0524672
0.757945
-0.0300328
0.804655
-0.0300328
0.804655
-0.0300328
0.804655
-0.0300328
0.804655
-0.0425328
0.658527
-0.0425328
0.136217
-0.0425328
0.0674672
-0.0375328
0.0624672
-0.0425328
0.0674672
-0.0425328
0.0712172
-0.0425328
0.0774672
-0.0425328
0.0862172
-0.0375328
0.0624672
-0.0425328
0.136217
0.792155
-0.0175328
0.792155
-0.0175328
0.792155
-0.0175328
0.792155
-0.0175328
0.758032
0.0374672
0.758032
0.0374672
0.758032
0.0374672
0.758032
0.0374672
0.730062
0.0708005
0.730062
0.0708005
0.730062
0.0708005
0.730062
0.0708005
0.667129
0.145801
0.33493
0.52093
-0.00319946
0.804655
0.147467
0.678231
0.147467
0.678231
0.147467
0.678231
0.147467
0.678231
0.0524672
0.757945
0.0524672
0.757945
0.0524672
0.757945
-0.0300328
0.804655
-0.0300328
0.804655
-0.0300328
0.804655
-0.0300328
0.804655
-0.0425328
0.658527
-0.0425328
0.104134
-0.0425328
0.0741339
-0.0375328
0.0478839
-0.0300328
0.0341339
-0.0362828
0.0778839
-0.0425328
0.0928839
-0.0425328
0.0841339
-0.0375328
0.0291339
-0.0425328
0.0741339
0.792155
-0.0258661
0.792155
-0.0258661
0.792155
-0.0258661
0.792155
-0.0258661
0.792155
-0.0258661
0.792155
-0.0258661
0.792155
-0.0258661
0.730062
0.0708005
0.716077
0.0874672
0.716077
0.0874672
0.716077
0.0874672
0.716077
0.0874672
0.645278
0.171842
0.33493
0.52093
0.147467
0.678231
0.147467
0.678231
0.147467
0.678231
0.147467
0.678231
0.147467
0.678231
0.0524672
0.757945
0.0524672
0.757945
0.0524672
0.757945
0.0524672
0.757945
-0.0300328
0.804655
-0.0300328
0.804655
-0.0300328
0.804655
-0.0425328
0.658527
-0.0312828
0.0518422
-0.0375328
0.0224672
-0.0375328
0.0224672
-0.00128279
0.0480922
-0.0425328
0.0518422
-0.0375328
0.0124672
-0.0425328
0.0480922
-0.0375328
0.0224672
0.262467
-0.0425328
0.792155
-0.0131578
0.792155
-0.0256578
0.792155
-0.0225328
0.792155
-0.0256578
0.792155
-0.0256578
0.792155
-0.0225328
0.792155
-0.0256578
0.716077
0.0874672
0.707686
0.0974672
0.707686
0.0974672
0.707686
0.0974672
0.707686
0.0974672
0.632167
0.187467
0.33493
0.52093
0.147467
0.678231
0.147467
0.678231
0.147467
0.678231
0.147467
0.678231
0.147467
0.678231
0.0524672
0.757945
0.0524672
0.757945
0.0524672
0.757945
0.0524672
0.757945
-0.0300328
0.804655
-0.0300328
0.804655
-0.0300328
0.804655
-0.0425328
0.658527
-0.0425328
0.0362172
-0.0375328
0.00246721
-0.0375328
0.00246721
-0.0375328
0.00246721
-0.0362828
0.0562172
0.0299672
0.0162172
-0.0425328
0.0424672
-0.0375328
0.0324672
0.262467
-0.0425328
0.792155
-0.0100328
0.792155
-0.00753279
0.792155
-0.0100328
0.792155
-0.0100328
0.792155
-0.0100328
0.792155
-0.00753279
0.792155
-0.0100328
0.792155
-0.0100328
0.804655
-0.00319946
0.804655
-0.00319946
0.804655
-0.00319946
0.804655
-0.00319946
0.804655
-0.00319946
0.33493
0.50843
-0.00319946
0.792155
-0.00319946
0.792155
-0.00319946
0.792155
-0.00319946
0.792155
-0.0300328
0.792155
-0.0300328
0.792155
-0.0300328
0.792155
-0.0300328
0.792155
-0.0300328
0.792155
-0.0300328
0.792155
-0.0300328
0.792155
-0.0300328
0.792155
0.301217
0.508803
0.167467
-0.0425328
0.162467
-0.0375328
0.167467
-0.0425328
0.167467
-0.00128279
0.167467
-0.0425328
0.167467
-0.0425328
0.167467
-0.0425328
0.157467
-0.0300328
0.239967
-0.0425328
0.804655
-0.0300328
0.804655
-0.0300328
0.804655
-0.0300328
0.804655
-0.0300328
0.803928
-0.0383661
0.803928
-0.0383661
0.803193
-0.0425328
0.803634
-0.0400328
0.796404
0.00663387
0.796404
0.00663387
0.796404
0.00663387
0.796404
0.00663387
0.796404
0.00663387
0.33493
0.52093
0.00663387
0.796404
0.00663387
0.796404
0.00663387
0.796404
0.00663387
0.796404
0.00663387
0.796404
-0.0300328
0.804655
-0.0300328
0.804655
-0.0300328
0.804655
-0.0300328
0.804655
-0.0300328
0.804655
-0.0300328
0.804655
-0.0300328
0.804655
0.301217
0.508803
0.167467
0.177467
0.301217
0.269967
0.166217
0.172467
0.157467
0.301217
0.157467
0.301217
0.273717
0.301217
0.174967
0.174967
0.157467
0.301217
0.00746721
0.301217
0.804655
-0.0300328
0.804655
-0.0300328
0.804655
-0.0300328
0.804655
-0.0300328
0.804655
-0.0300328
0.804655
-0.0300328
0.804655
-0.0300328
0.796404
0.00663387
0.764238
0.0449672
0.804655
-0.00319946
0.804655
-0.00319946
0.804655
-0.00319946
0.804655
-0.00319946
0.33493
0.52093
0.00663387
0.796404
0.00663387
0.796404
0.00663387
0.796404
0.00663387
0.796404
-0.0300328
0.804655
-0.0300328
0.804655
-0.0300328
0.804655
-0.0300328
0.804655
-0.0300328
0.804655
-0.0300328
0.804655
-0.0300328
0.804655
-0.0300328
0.804655
0.301217
0.508803
0.167467
0.0237172
0.167467
0.132467
0.178717
0.0187172
0.306217
0.138717
0.306217
0.138717
0.276217
0.149967
0.161217
0.156217
0.269967
0.129967
0.0699672
0.136217
0.804655
-0.00503279
0.804655
-0.0246161
0.804655
-0.00878279
0.804655
-0.00878279
0.804655
-0.00878279
0.804655
-0.00878279
0.764238
0.0449672
0.764238
0.0449672
0.804655
-0.0300328
0.804655
-0.00319946
0.804655
-0.00319946
0.804655
-0.00319946
0.804655
-0.00319946
0.33493
0.52093
-0.00319946
0.804655
-0.00319946
0.804655
-0.00319946
0.804655
-0.00319946
0.804655
-0.0300328
0.804655
-0.0300328
0.804655
-0.0300328
0.804655
-0.0300328
0.804655
-0.0300328
0.804655
-0.0300328
0.804655
-0.0300328
0.804655
-0.0300328
0.804655
0.301217
0.508803
0.167467
0.00496721
0.167467
0.0803839
0.306217
0.0978839
0.301217
0.00496721
0.306217
0.0778839
0.157467
0.0928839
0.269967
0.0778839
0.167467
0.0716339
0.157467
0.0741339
0.804655
-0.0258661
0.804655
-0.0258661
0.804655
-0.00503279
0.803928
-0.0383661
0.803928
-0.0383661
0.803928
-0.0383661
0.803193
-0.0425328
0.804655
-0.0300328
0.804655
-0.0206578
0.804655
-0.00319946
0.804655
-0.00319946
0.804655
-0.00319946
0.804655
-0.00319946
0.33493
0.52093
-0.00319946
0.804655
-0.00319946
0.804655
-0.00319946
0.804655
-0.00319946
0.804655
-0.0300328
0.804655
-0.0300328
0.804655
-0.0300328
0.804655
-0.0300328
0.804655
-0.0300328
0.804655
-0.0300328
0.804655
-0.0300328
0.804655
-0.0300328
0.804655
0.301217
0.508803
0.167467
0.0174672
0.167467
0.0355922
0.166217
0.0312172
0.301217
0.0543422
0.306217
0.0518422
0.157467
0.0480922
0.162467
0.0424672
0.157467
0.0480922
0.239967
-0.0425328
0.804655
-0.0300328
0.804655
-0.0256578
0.804655
-0.0256578
0.804655
-0.0256578
0.803928
-0.0383661
0.803928
-0.0383661
0.803193
-0.0425328
0.804655
-0.0206578
0.804655
-0.00319946
0.804655
-0.00319946
0.804655
-0.00319946
0.804655
-0.00319946
0.804655
-0.00319946
0.33493
0.52093
-0.00319946
0.804655
-0.00319946
0.804655
-0.00319946
0.804655
-0.00319946
0.804655
-0.0300328
0.804655
-0.0300328
0.804655
-0.0300328
0.804655
-0.0300328
0.804655
-0.0300328
0.804655
-0.0300328
0.804655
-0.0300328
0.804655
-0.0300328
0.804655
0.301217
0.508803
0.167467
-0.0100328
0.167467
0.0237172
0.186217
0.0199672
0.301217
-0.00253279
0.306217
0.0449672
0.157467
0.0324672
0.157467
0.0424672
0.157467
0.0424672
0.239967
-0.0425328
0.7999
0.00246721
0.7999
0.00246721
0.804655
-0.0100328
0.804655
-0.0100328
0.803928
-0.0383661
0.803928
-0.0383661
0.803193
-0.0425328
0.804655
-0.0150328
0.678231
0.147467
0.798502
0.00413387
0.804655
-0.00319946
0.804655
-0.00319946
0.804655
-0.00319946
0.33493
0.50843
0.0374672
0.758032
0.0374672
0.758032
0.0374672
0.758032
0.0374672
0.758032
0.0374672
0.758032
0.0374672
0.758032
0.0374672
0.758032
0.0374672
0.758032
-0.0175328
0.792155
-0.0175328
0.792155
-0.0175328
0.792155
-0.0175328
0.792155
0.136217
0.619193
0.0674672
-0.0425328
0.0624672
-0.0375328
0.0674672
-0.0425328
0.0674672
-0.00128279
0.0674672
-0.0425328
0.0674672
-0.0425328
0.0674672
-0.0425328
0.0574672
-0.0300328
0.212467
-0.0425328
0.804655
-0.0300328
0.804655
-0.0300328
0.804655
-0.0300328
0.804655
-0.0300328
0.757945
0.0524672
0.757945
0.0524672
0.757945
0.0524672
0.678231
0.147467
0.796404
0.00663387
0.796404
0.00663387
0.796404
0.00663387
0.796404
0.00663387
0.796404
0.00663387
0.33493
0.52093
-0.00319946
0.804655
-0.00319946
0.804655
-0.00319946
0.804655
0.0449672
0.764238
0.0449672
0.764238
0.0449672
0.764238
-0.00878279
0.804655
-0.00878279
0.804655
-0.00878279
0.804655
-0.00878279
0.804655
-0.0246161
0.804655
-0.00503279
0.804655
0.136217
0.619193
0.144967
0.0999672
0.149967
0.306217
0.144967
0.176217
0.117467
0.301217
0.149967
0.286217
0.119967
0.306217
0.0137172
0.167467
0.129967
0.306217
-0.0175328
0.301217
0.804655
-0.0300328
0.804655
-0.0300328
0.804655
-0.0300328
0.804655
-0.0300328
0.804655
-0.0300328
0.804655
-0.0300328
0.804655
-0.0300328
0.804655
-0.0300328
0.770532
0.0374672
0.770532
0.0374672
0.770532
0.0374672
0.770532
0.0374672
0.723332
0.0937172
0.33493
0.52093
0.0374672
0.770532
0.0374672
0.770532
0.0374672
0.770532
0.0374672
0.770532
0.0374672
0.770532
0.0374672
0.770532
-0.00878279
0.804655
-0.00878279
0.804655
-0.00878279
0.804655
-0.0175328
0.804655
-0.0175328
0.804655
-0.0175328
0.804655
0.136217
0.619193
0.144967
0.0874672
0.156217
0.132467
0.138717
0.138717
0.119967
0.138717
0.144967
0.132467
0.149967
0.149967
0.0612172
0.156217
0.119967
0.138717
0.0137172
0.136217
0.804655
-0.0175328
0.804655
-0.0175328
0.804655
-0.0175328
0.804655
-0.00878279
0.804655
-0.00878279
0.804655
-0.00878279
0.770532
0.0374672
0.770532
0.0374672
0.742562
0.0708005
0.742562
0.0708005
0.742562
0.0708005
0.742562
0.0708005
0.804655
-0.00319946
0.33493
0.52093
0.0374672
0.770532
0.0374672
0.770532
0.0374672
0.770532
0.0374672
0.770532
0.0374672
0.770532
0.0374672
0.770532
0.0374672
0.770532
0.0374672
0.770532
-0.0175328
0.804655
-0.0175328
0.804655
-0.0175328
0.804655
-0.0175328
0.804655
0.136217
0.619193
0.144967
0.0137172
0.149967
0.0778839
0.138717
0.0978839
0.138717
0.0978839
0.129967
0.0978839
0.144967
0.0716339
0.0574672
0.0778839
0.0674672
0.0928839
0.0574672
0.0741339
0.804655
-0.0258661
0.804655
-0.0258661
0.804655
-0.00503279
0.804655
-0.00503279
0.804655
-0.0258661
0.804655
-0.0258661
0.804655
-0.0258661
0.742562
0.0708005
0.728577
0.0874672
0.728577
0.0874672
0.728577
0.0874672
0.804655
-0.00319946
0.804655
-0.00319946
0.33493
0.52093
0.0374672
0.770532
0.0374672
0.770532
0.0374672
0.770532
0.0374672
0.770532
0.0374672
0.770532
0.0374672
0.770532
0.0374672
0.770532
0.0374672
0.770532
-0.0175328
0.804655
-0.0175328
0.804655
-0.0175328
0.804655
-0.0175328
0.804655
0.136217
0.619193
0.138717
0.0455922
0.156217
0.0355922
0.138717
0.0518422
0.136217
0.00746721
0.0674672
0.0543422
0.144967
0.0174672
0.156217
0.0455922
0.0662172
0.0424672
0.212467
-0.0425328
0.804655
-0.0256578
0.804655
-0.0256578
0.804655
-0.0256578
0.804655
-0.0256578
0.804655
-0.0225328
0.804655
-0.0225328
0.804655
-0.0225328
0.728577
0.0874672
0.720186
0.0974672
0.720186
0.0974672
0.720186
0.0974672
0.804655
-0.00319946
0.804655
-0.00319946
0.33493
0.52093
0.0374672
0.770532
0.0374672
0.770532
0.0374672
0.770532
0.0374672
0.770532
0.0374672
0.770532
0.0374672
0.770532
0.0374672
0.770532
0.0374672
0.770532
-0.0175328
0.804655
-0.0175328
0.804655
-0.0175328
0.804655
-0.0175328
0.804655
0.136217
0.619193
0.138717
0.0449672
0.149967
0.0449672
0.138717
0.0562172
0.138717
0.0449672
0.138717
0.0449672
0.144967
0.00996721
0.149967
0.0562172
0.126217
0.0299672
0.212467
-0.0425328
0.7999
0.00246721
0.804655
-0.0100328
0.804655
-0.0100328
0.804655
-0.0100328
0.804655
-0.00753279
0.804655
-0.0100328
0.804655
-0.0100328
0.804655
-0.0100328
0.678231
0.147467
0.678231
0.147467
0.678231
0.147467
0.804655
-0.00319946
0.804655
-0.00319946
0.33493
0.50843
0.0708005
0.730062
0.0708005
0.730062
0.0708005
0.730062
0.0708005
0.730062
0.0708005
0.730062
-0.0258661
0.792155
-0.0258661
0.792155
-0.0258661
0.792155
-0.0258661
0.792155
-0.0258661
0.792155
-0.0258661
0.792155
-0.0258661
0.792155
-0.0241995
0.669012
0.0341339
-0.0425328
0.0291339
-0.0375328
0.0291339
-0.0375328
0.0341339
-0.00128279
0.0291339
-0.0375328
0.0291339
-0.0375328
0.0291339
-0.0375328
0.0241339
-0.0300328
0.224967
-0.0425328
0.804655
-0.0300328
0.804655
-0.0300328
0.804655
-0.0300328
0.804655
-0.0300328
0.757945
0.0524672
0.757945
0.0524672
0.757945
0.0524672
0.678231
0.147467
0.804655
-0.0342431
0.804655
-0.00319946
0.804655
-0.00319946
0.804655
-0.00319946
0.796404
0.00663387
0.33493
0.52093
-0.00319946
0.804655
-0.00319946
0.804655
-0.00319946
0.804655
-0.00319946
0.804655
-0.0300328
0.804655
-0.0425328
0.803193
-0.0383661
0.803928
-0.0383661
0.803928
-0.0383661
0.803928
-0.0258661
0.804655
-0.0258661
0.804655
-0.0258661
0.804655
-0.0241995
0.669012
0.0928839
0.161217
0.0616339
0.301217
0.104134
0.157467
0.0716339
0.301217
0.0928839
0.161217
-0.0258661
0.301217
-0.00503279
0.301217
-0.00503279
0.301217
-0.0258661
0.301217
0.804655
-0.0300328
0.804655
-0.0300328
0.804655
-0.0300328
0.804655
-0.0300328
0.804655
-0.0300328
0.804655
-0.0300328
0.804655
-0.0300328
0.804655
-0.0300328
0.770532
0.0374672
0.770532
0.0374672
0.770532
0.0374672
0.770532
0.0374672
0.71599
0.102467
0.33493
0.52093
0.0708005
0.742562
0.0708005
0.742562
0.0708005
0.742562
0.0708005
0.742562
0.0708005
0.742562
-0.0258661
0.804655
-0.0258661
0.804655
-0.0258661
0.804655
-0.00503279
0.804655
-0.0258661
0.804655
-0.0258661
0.804655
-0.0258661
0.804655
-0.0241995
0.669012
0.0803839
0.0974672
0.0678839
0.138717
0.104134
0.143717
0.104134
0.143717
0.0928839
0.132467
0.0716339
0.138717
0.0778839
0.143717
0.0716339
0.149967
-0.00503279
0.136217
0.804655
-0.0175328
0.804655
-0.0175328
0.804655
-0.0175328
0.804655
-0.0175328
0.770532
0.0374672
0.770532
0.0374672
0.770532
0.0374672
0.770532
0.0374672
0.742562
0.0708005
0.742562
0.0708005
0.742562
0.0708005
0.742562
0.0708005
0.679629
0.145801
0.33493
0.52093
0.0708005
0.742562
0.0708005
0.742562
0.0708005
0.742562
0.0708005
0.742562
0.0708005
0.742562
-0.0258661
0.804655
-0.0258661
0.804655
-0.0258661
0.804655
-0.00503279
0.804655
-0.0258661
0.804655
-0.0258661
0.804655
-0.0258661
0.804655
-0.0241995
0.669012
0.0978839
0.0866339
0.0616339
0.0641339
0.104134
0.0428839
0.0778839
0.0866339
0.0978839
0.0978839
0.0978839
0.0978839
0.0341339
0.0616339
0.0341339
0.0928839
0.0241339
0.0741339
0.804655
-0.0258661
0.804655
-0.0258661
0.804655
-0.00503279
0.804655
-0.00503279
0.804655
-0.0258661
0.804655
-0.0258661
0.804655
-0.0258661
0.742562
0.0708005
0.728577
0.0874672
0.728577
0.0874672
0.728577
0.0874672
0.728577
0.0874672
0.657778
0.171842
0.33493
0.52093
0.0708005
0.742562
0.0708005
0.742562
0.0708005
0.742562
0.0708005
0.742562
0.0708005
0.742562
-0.0258661
0.804655
-0.0258661
0.804655
-0.0258661
0.804655
-0.00503279
0.804655
-0.0258661
0.804655
-0.0258661
0.804655
-0.0258661
0.804655
-0.0241995
0.669012
0.0978839
0.0605922
0.0716339
0.0718422
0.0778839
0.0543422
0.104134
0.00746721
0.0928839
0.0455922
0.0928839
0.0655922
0.0741339
0.0455922
0.0328839
0.0424672
0.224967
-0.0425328
0.804655
-0.0256578
0.804655
-0.0256578
0.804655
-0.0256578
0.804655
-0.0256578
0.804655
-0.0225328
0.804655
-0.0225328
0.804655
-0.0225328
0.728577
0.0874672
0.720186
0.0974672
0.720186
0.0974672
0.720186
0.0974672
0.720186
0.0974672
0.804655
-0.00319946
0.33493
0.52093
0.0708005
0.742562
0.0708005
0.742562
0.0708005
0.742562
0.0708005
0.742562
0.0708005
0.742562
-0.0258661
0.804655
-0.0258661
0.804655
-0.0258661
0.804655
-0.00503279
0.804655
-0.0258661
0.804655
-0.0258661
0.804655
-0.0258661
0.804655
-0.0241995
0.669012
0.0978839
0.0299672
0.0716339
0.0449672
0.0778839
0.0499672
0.104134
0.0237172
0.0928839
0.0499672
0.0928839
0.0499672
0.0741339
0.0499672
0.0716339
0.0299672
0.224967
-0.0425328
0.7999
0.00246721
0.804655
-0.0100328
0.804655
-0.0100328
0.804655
-0.0100328
0.804655
-0.0100328
0.804655
-0.0100328
0.804655
-0.0100328
0.804655
-0.0100328
0.678231
0.147467
0.678231
0.147467
0.678231
0.147467
0.678231
0.147467
0.804655
-0.00319946
0.33493
0.50843
0.0874672
0.716077
0.0874672
0.716077
0.0874672
0.716077
0.0874672
0.716077
0.0874672
0.716077
-0.0256578
0.792155
-0.0225328
0.792155
-0.0256578
0.792155
-0.0256578
0.792155
-0.0225328
0.792155
-0.0256578
0.792155
-0.0256578
0.792155
-0.0425328
0.658527
0.0124672
-0.0262828
0.0124672
-0.0375328
0.0124672
-0.0375328
0.0124672
0.0224672
0.0124672
-0.0375328
0.0124672
-0.0375328
0.0124672
-0.0375328
0.00746721
-0.0300328
0.234342
-0.0425328
0.804655
-0.0300328
0.804655
-0.0300328
0.804655
-0.0300328
0.757945
0.0524672
0.757945
0.0524672
0.757945
0.0524672
0.757945
0.0524672
0.678231
0.147467
0.804655
-0.0342431
0.804655
-0.00319946
0.804655
-0.00319946
0.804655
-0.00319946
0.796404
0.00663387
0.33493
0.52093
-0.00319946
0.804655
-0.00319946
0.804655
-0.00319946
0.804655
-0.00319946
0.804655
-0.0206578
0.804655
-0.0425328
0.803193
-0.0383661
0.803928
-0.0383661
0.803928
-0.0256578
0.804655
-0.0256578
0.804655
-0.0256578
0.804655
-0.0144078
0.804655
-0.0425328
0.658527
0.0518422
0.161217
0.0455922
0.306217
0.0162172
0.162467
0.0355922
0.301217
-0.0300328
0.286217
0.0455922
0.306217
-0.0144078
0.301217
-0.0262828
0.301217
-0.0300328
0.301217
0.804655
-0.0300328
0.804655
-0.0300328
0.804655
-0.0300328
0.804655
-0.0300328
0.804655
-0.0300328
0.804655
-0.0300328
0.804655
-0.0300328
0.804655
-0.0300328
0.770532
0.0374672
0.770532
0.0374672
0.770532
0.0374672
0.770532
0.0374672
0.71599
0.102467
0.33493
0.52093
-0.00319946
0.804655
0.0874672
0.728577
0.0874672
0.728577
0.0874672
0.728577
0.0874672
0.728577
-0.0225328
0.804655
-0.0225328
0.804655
-0.0225328
0.804655
-0.0256578
0.804655
-0.0256578
0.804655
-0.0256578
0.804655
-0.0256578
0.804655
-0.0425328
0.658527
0.0355922
0.0774672
0.0455922
0.149967
0.0112172
0.144967
0.0455922
0.138717
0.0355922
0.156217
0.0418422
0.138717
0.0374672
0.156217
0.0455922
0.138717
-0.0144078
0.136217
0.804655
-0.0175328
0.804655
-0.0175328
0.804655
-0.0175328
0.804655
-0.0175328
0.770532
0.0374672
0.770532
0.0374672
0.770532
0.0374672
0.770532
0.0374672
0.742562
0.0708005
0.742562
0.0708005
0.742562
0.0708005
0.742562
0.0708005
0.679629
0.145801
0.33493
0.52093
0.0874672
0.728577
0.0874672
0.728577
0.0874672
0.728577
0.0874672
0.728577
0.0874672
0.728577
-0.0225328
0.804655
-0.0225328
0.804655
-0.0225328
0.804655
-0.0256578
0.804655
-0.0256578
0.804655
-0.0256578
0.804655
-0.0256578
0.804655
-0.0425328
0.658527
0.0518422
0.0866339
0.0455922
0.104134
0.0418422
0.0978839
0.0455922
0.0866339
0.0455922
0.0978839
0.00746721
0.0928839
0.00746721
0.0778839
0.00746721
0.0928839
0.00746721
0.0741339
0.804655
-0.0258661
0.804655
-0.0258661
0.804655
-0.00503279
0.804655
-0.00503279
0.804655
-0.0258661
0.804655
-0.0258661
0.804655
-0.0258661
0.742562
0.0708005
0.728577
0.0874672
0.728577
0.0874672
0.728577
0.0874672
0.728577
0.0874672
0.657778
0.171842
0.33493
0.52093
0.0874672
0.728577
0.0874672
0.728577
0.0874672
0.728577
0.0874672
0.728577
0.0874672
0.728577
-0.0225328
0.804655
-0.0225328
0.804655
-0.0225328
0.804655
-0.0256578
0.804655
-0.0256578
0.804655
-0.0256578
0.804655
-0.0256578
0.804655
-0.0425328
0.658527
0.0518422
0.0718422
0.0455922
0.0455922
0.0518422
0.0112172
0.0480922
0.0174672
0.0112172
0.0518422
0.0418422
0.0518422
0.00746721
0.0480922
0.0455922
0.0718422
0.234342
-0.0425328
0.804655
-0.0256578
0.804655
-0.0256578
0.804655
-0.0256578
0.804655
-0.0256578
0.804655
-0.0225328
0.804655
-0.0225328
0.804655
-0.0225328
0.728577
0.0874672
0.720186
0.0974672
0.720186
0.0974672
0.720186
0.0974672
0.720186
0.0974672
0.644667
0.187467
0.33493
0.52093
0.0874672
0.728577
0.0874672
0.728577
0.0874672
0.728577
0.0874672
0.728577
0.0874672
0.728577
-0.0225328
0.804655
-0.0225328
0.804655
-0.0225328
0.804655
-0.0256578
0.804655
-0.0256578
0.804655
-0.0256578
0.804655
-0.0256578
0.804655
-0.0425328
0.658527
0.0580922
0.0162172
0.0455922
0.0299672
0.0174672
0.0512172
0.0455922
0.0449672
0.0418422
0.0449672
0.0124672
0.00246721
0.00746721
0.0424672
0.0174672
0.0424672
0.234342
-0.0425328
0.7999
0.00246721
0.804655
-0.0100328
0.804655
-0.0100328
0.804655
-0.0100328
0.804655
-0.00753279
0.804655
-0.0100328
0.804655
-0.0100328
0.804655
-0.0100328
0.678231
0.147467
0.678231
0.147467
0.678231
0.147467
0.678231
0.147467
0.804655
-0.00319946
0.33493
0.50843
0.0974672
0.707686
0.0974672
0.707686
0.0974672
0.707686
0.0974672
0.707686
-0.0100328
0.792155
-0.0100328
0.792155
-0.0100328
0.792155
-0.0100328
0.792155
-0.0100328
0.792155
-0.0100328
0.792155
-0.0100328
0.792155
-0.0100328
0.792155
-0.0425328
0.658527
0.00246721
-0.0262828
0.00246721
-0.0375328
0.00246721
-0.0375328
0.00246721
0.0224672
0.00246721
-0.0375328
0.00246721
-0.0375328
0.00246721
-0.0375328
-0.00253279
-0.0300328
0.239967
-0.0425328
0.804655
-0.0300328
0.804655
-0.0300328
0.804655
-0.0300328
0.757945
0.0524672
0.757945
0.0524672
0.757945
0.0524672
0.757945
0.0524672
0.678231
0.147467
0.804655
-0.0342431
0.804655
-0.00319946
0.804655
-0.00319946
0.804655
-0.00319946
0.796404
0.00663387
0.33493
0.52093
-0.00319946
0.804655
-0.00319946
0.804655
-0.00319946
0.804655
-0.00319946
0.804655
-0.0150328
0.804655
-0.0425328
0.803193
-0.0383661
0.803928
-0.0383661
0.803928
-0.0100328
0.804655
-0.0100328
0.804655
0.00246721
0.7999
0.00246721
0.7999
-0.0425328
0.658527
0.0424672
0.161217
0.00121721
0.301217
-0.0200328
0.167467
-0.0325328
0.301217
-0.0200328
0.286217
0.0299672
0.306217
-0.00253279
0.301217
0.0299672
0.306217
-0.0325328
0.301217
0.804655
-0.0300328
0.804655
-0.0300328
0.804655
-0.0300328
0.804655
-0.0300328
0.804655
-0.0300328
0.804655
-0.0300328
0.804655
-0.0300328
0.804655
-0.0300328
0.770532
0.0374672
0.770532
0.0374672
0.770532
0.0374672
0.770532
0.0374672
0.71599
0.102467
0.33493
0.52093
-0.00319946
0.804655
0.0974672
0.720186
0.0974672
0.720186
0.0974672
0.720186
-0.0100328
0.804655
-0.0100328
0.804655
-0.0100328
0.804655
-0.0100328
0.804655
-0.0100328
0.804655
-0.0100328
0.804655
-0.0100328
0.804655
0.00246721
0.7999
-0.0425328
0.658527
0.0237172
0.144967
0.0562172
0.138717
-0.0200328
0.144967
0.00121721
0.156217
-0.0200328
0.156217
0.0262172
0.138717
-0.0200328
0.136217
0.0362172
0.138717
-0.0200328
0.136217
0.804655
-0.0175328
0.804655
-0.0175328
0.804655
-0.0175328
0.804655
-0.0175328
0.770532
0.0374672
0.770532
0.0374672
0.770532
0.0374672
0.770532
0.0374672
0.742562
0.0708005
0.742562
0.0708005
0.742562
0.0708005
0.742562
0.0708005
0.679629
0.145801
0.33493
0.52093
0.0974672
0.720186
0.0974672
0.720186
0.0974672
0.720186
0.0974672
0.720186
-0.0100328
0.804655
-0.0100328
0.804655
-0.0100328
0.804655
-0.0100328
0.804655
-0.0100328
0.804655
-0.0100328
0.804655
-0.0100328
0.804655
0.00246721
0.7999
-0.0425328
0.658527
0.0424672
0.0278839
0.0562172
0.0978839
0.0562172
0.0978839
0.0449672
0.0978839
0.0299672
0.0978839
-0.00253279
0.0928839
-0.00253279
0.0778839
0.00746721
0.0928839
-0.00253279
0.0741339
0.804655
-0.0258661
0.804655
-0.0258661
0.804655
-0.00503279
0.804655
-0.00503279
0.804655
-0.00503279
0.804655
-0.0258661
0.804655
-0.0258661
0.742562
0.0708005
0.728577
0.0874672
0.728577
0.0874672
0.728577
0.0874672
0.728577
0.0874672
0.657778
0.171842
0.33493
0.52093
0.0974672
0.720186
0.0974672
0.720186
0.0974672
0.720186
0.0974672
0.720186
-0.0100328
0.804655
-0.0100328
0.804655
-0.0100328
0.804655
-0.0100328
0.804655
-0.0100328
0.804655
-0.0100328
0.804655
-0.0100328
0.804655
0.00246721
0.7999
-0.0425328
0.658527
0.0424672
0.0112172
0.0424672
0.00746721
0.00121721
0.0518422
0.0262172
0.0518422
0.0362172
0.0518422
0.0362172
0.0518422
0.00621721
0.0424672
-0.00253279
0.0480922
0.239967
-0.0425328
0.804655
-0.0256578
0.804655
-0.0256578
0.804655
-0.0256578
0.804655
-0.0256578
0.804655
-0.0256578
0.804655
-0.0225328
0.804655
-0.0225328
0.728577
0.0874672
0.720186
0.0974672
0.720186
0.0974672
0.720186
0.0974672
0.720186
0.0974672
0.644667
0.187467
0.33493
0.52093
0.0974672
0.720186
0.0974672
0.720186
0.0974672
0.720186
0.0974672
0.720186
-0.0100328
0.804655
-0.0100328
0.804655
-0.0100328
0.804655
-0.0100328
0.804655
-0.0100328
0.804655
-0.0100328
0.804655
-0.0100328
0.804655
0.00246721
0.7999
-0.0425328
0.658527
0.0299672
0.0299672
0.0424672
0.00746721
0.00121721
0.0512172
0.0262172
0.0449672
-0.00253279
0.0624672
0.00246721
0.00246721
0.00746721
0.0424672
-0.00253279
0.0424672
0.239967
-0.0425328
0.7999
0.00246721
0.804655
-0.0100328
0.804655
-0.0100328
0.804655
-0.0100328
0.804655
-0.0100328
0.804655
-0.0100328
0.804655
-0.0100328
0.804655
-0.0100328
