0.633312
0.184723
0.633312
0.184723
0.633312
0.184723
0.633312
0.184723
0.547304
0.287223
0.334301
0.507801
0.184723
0.633312
0.184723
0.633312
0.184723
0.633312
0.184723
0.633312
0.184723
0.633312
0.0897231
0.713027
0.0897231
0.713027
0.0897231
0.713027
0.0897231
0.713027
0.00722306
0.775522
0.00722306
0.775522
0.00722306
0.775522
-0.00527694
0.650405
-0.000276943
-0.000276943
-0.000276943
-0.000276943
-0.000276943
-0.000276943
-0.000276943
-0.000276943
-0.00527694
0.00722306
-0.000276943
-0.000276943
-0.00527694
0.0484731
0.0197231
0.00722306
0.299723
-0.00527694
0.775522
0.00722306
0.775522
0.00722306
0.775522
0.00722306
0.713027
0.0897231
0.713027
0.0897231
0.713027
0.0897231
0.713027
0.0897231
0.633312
0.184723
0.782571
-0.00498671
0.782571
-0.00498671
0.782571
-0.00498671
0.782571
-0.00498671
0.751485
0.0438897
0.334301
0.520301
0.0329359
0.773177
-0.00498671
0.795071
-0.00498671
0.795071
-0.00498671
0.795071
-0.00527694
0.795071
-0.00527694
0.795071
-0.00527694
0.795071
-0.00527694
0.795071
0.00722306
0.788022
0.00722306
0.788022
0.00722306
0.788022
0.00722306
0.788022
-0.00527694
0.650405
0.00597306
0.349723
-0.00527694
0.329723
-0.00527694
0.204723
-0.00527694
0.204723
-0.00527694
0.319723
-0.00527694
0.234723
-0.00527694
0.204723
-0.000276943
0.199723
0.292223
0.310973
0.782571
-0.00527694
0.782571
-0.00527694
0.782571
-0.00527694
0.782571
-0.00527694
0.782571
-0.00527694
0.782571
-0.00527694
0.782571
-0.00527694
0.782571
-0.00527694
0.725613
0.0747231
0.725613
0.0747231
0.725613
0.0747231
0.725613
0.0747231
0.671072
0.139723
0.334301
0.520301
0.0329359
0.773177
-0.00498671
0.795071
-0.00498671
0.795071
-0.00498671
0.795071
0.184723
0.645812
0.0897231
0.725527
0.0897231
0.725527
0.00722306
0.788022
0.00722306
0.788022
0.00722306
0.788022
0.00722306
0.788022
0.00722306
0.788022
-0.00527694
0.650405
0.00597306
0.167223
0.0484731
0.104723
-0.00527694
0.104723
-0.00527694
0.163473
-0.00527694
0.114723
-0.00527694
0.104723
-0.00527694
0.104723
0.0197231
0.104723
-0.00527694
0.134723
0.782571
-0.00527694
0.782571
-0.00527694
0.782571
-0.00527694
0.782571
-0.00527694
0.782571
-0.00527694
0.782571
-0.00527694
0.725613
0.0747231
0.725613
0.0747231
0.697643
0.108056
0.697643
0.108056
0.697643
0.108056
0.697643
0.108056
0.634711
0.183056
0.334301
0.520301
0.0329359
0.773177
0.184723
0.645812
0.184723
0.645812
0.184723
0.645812
0.184723
0.645812
0.0897231
0.725527
0.0897231
0.725527
0.0897231
0.725527
0.00722306
0.788022
0.00722306
0.788022
0.00722306
0.788022
0.00722306
0.788022
-0.00527694
0.650405
0.00597306
0.14139
-0.00527694
0.0813897
-0.000276943
0.0663897
-0.000276943
0.0663897
-0.00527694
0.11514
-0.00527694
0.13014
-0.000276943
0.0663897
-0.000276943
0.0763897
0.0997231
0.12889
0.782571
-0.00527694
0.782571
-0.00527694
0.782571
-0.00527694
0.782571
-0.00527694
0.782571
-0.00527694
0.782571
-0.00527694
0.782571
-0.00527694
0.782571
-0.00527694
0.683658
0.124723
0.683658
0.124723
0.683658
0.124723
0.683658
0.124723
0.612859
0.209098
0.334301
0.520301
0.184723
0.645812
0.184723
0.645812
0.184723
0.645812
0.184723
0.645812
0.184723
0.645812
0.0897231
0.725527
0.0897231
0.725527
0.0897231
0.725527
0.00722306
0.788022
0.00722306
0.788022
0.00722306
0.788022
0.00722306
0.788022
-0.00527694
0.650405
0.0109731
0.0797231
0.0484731
0.0447231
-0.000276943
0.0497231
-0.00527694
0.0853481
-0.00527694
0.0953481
-0.000276943
0.0497231
-0.000276943
0.0497231
0.0184731
0.0447231
-0.00527694
0.0853481
0.772996
0.0115981
0.772996
0.0115981
0.772996
0.0115981
0.772996
0.0115981
0.772996
0.0115981
0.772996
0.0115981
0.772996
0.0115981
0.772996
0.0115981
0.675267
0.134723
0.675267
0.134723
0.675267
0.134723
0.675267
0.134723
0.599748
0.224723
0.334301
0.520301
0.184723
0.645812
0.184723
0.645812
0.184723
0.645812
0.184723
0.645812
0.184723
0.645812
0.0897231
0.725527
0.0897231
0.725527
0.0897231
0.725527
0.00722306
0.788022
0.00722306
0.788022
0.00722306
0.788022
0.00722306
0.788022
-0.00527694
0.650405
0.0109731
0.0434731
0.0122231
0.0634731
-0.000276943
0.0397231
-0.000276943
0.0397231
0.00722306
0.0347231
-0.000276943
0.0397231
-0.000276943
0.0397231
0.0184731
0.0447231
-0.00527694
0.0797231
0.782571
-0.00527694
0.763975
0.0272231
0.763975
0.0272231
0.763975
0.0272231
0.763975
0.0272231
0.763975
0.0272231
0.763975
0.0272231
0.763975
0.0272231
0.795071
-0.00498671
0.795071
-0.00498671
0.795071
-0.00498671
0.795071
-0.00498671
0.773177
0.0329359
0.334301
0.507801
0.0329359
0.760677
-0.00498671
0.782571
-0.00498671
0.782571
-0.00498671
0.782571
-0.00527694
0.782571
-0.00527694
0.782571
-0.00527694
0.782571
-0.00527694
0.782571
-0.00527694
0.782571
-0.00527694
0.782571
-0.00527694
0.782571
-0.00527694
0.782571
0.310973
0.451211
0.204723
-0.00527694
0.199723
-0.000276943
0.204723
-0.00527694
0.204723
-0.00527694
0.199723
-0.000276943
0.204723
-0.00527694
0.204723
-0.00527694
0.204723
-0.00527694
0.277223
-0.00527694
0.788022
0.00722306
0.788022
0.00722306
0.788022
0.00722306
0.788022
0.00722306
0.795071
-0.00527694
0.795071
-0.00527694
0.795071
-0.00527694
0.795071
-0.00527694
0.795071
-0.00498671
0.763985
0.0438897
0.763985
0.0438897
0.763985
0.0438897
0.763985
0.0438897
0.334301
0.520301
0.0438897
0.763985
0.0438897
0.763985
0.0438897
0.763985
-0.00498671
0.795071
-0.00527694
0.795071
-0.00527694
0.795071
-0.00527694
0.795071
-0.00527694
0.795071
-0.00527694
0.795071
-0.00527694
0.795071
-0.00527694
0.795071
-0.00527694
0.795071
0.310973
0.451211
0.310973
0.319723
0.135973
0.310973
0.310973
0.223473
0.230973
0.230973
0.120973
0.310973
0.114723
0.310973
0.0497231
0.125973
0.307223
0.133473
0.0988897
0.310973
0.795071
-0.00527694
0.795071
-0.00527694
0.795071
-0.00527694
0.795071
-0.00527694
0.795071
-0.00527694
0.795071
-0.00527694
0.795071
-0.00527694
0.795071
-0.00527694
0.795071
-0.00498671
0.795071
-0.00498671
0.795071
-0.00498671
0.795071
-0.00498671
0.773177
0.0329359
0.334301
0.520301
0.0438897
0.763985
-0.00498671
0.795071
-0.00498671
0.795071
-0.00498671
0.795071
-0.00527694
0.795071
-0.00527694
0.795071
-0.00527694
0.795071
-0.00527694
0.795071
-0.00527694
0.795071
-0.00527694
0.795071
-0.00527694
0.795071
-0.00527694
0.795071
0.310973
0.451211
0.310973
0.104723
0.310973
0.173473
0.310973
0.173473
0.310973
0.193473
0.310973
0.167223
0.110973
0.123473
0.107223
0.173473
0.107223
0.167223
0.107223
0.134723
0.795071
-0.00527694
0.795071
-0.00527694
0.795071
-0.00527694
0.795071
-0.00527694
0.775753
0.0284731
0.775753
0.0284731
0.795071
-0.00527694
0.795071
-0.00527694
0.795071
-0.00498671
0.795071
-0.00498671
0.795071
-0.00498671
0.795071
-0.00498671
0.773177
0.0329359
0.334301
0.520301
0.0329359
0.773177
-0.00498671
0.795071
-0.00498671
0.795071
-0.00498671
0.795071
-0.00527694
0.795071
-0.00527694
0.795071
-0.00527694
0.795071
-0.00527694
0.795071
-0.00527694
0.795071
-0.00527694
0.795071
-0.00527694
0.795071
-0.00527694
0.795071
0.310973
0.451211
0.135973
0.12889
0.310973
0.10139
0.310973
0.0901397
0.310973
0.0901397
0.310973
0.0813897
0.310973
0.13014
0.117223
0.0988897
0.204723
0.10264
0.204723
0.12889
0.795071
-0.00527694
0.795071
-0.00527694
0.795071
-0.00527694
0.795071
-0.00527694
0.795071
-0.00527694
0.795071
-0.00527694
0.795071
-0.00527694
0.795071
-0.00527694
0.795071
-0.00498671
0.795071
-0.00498671
0.795071
-0.00498671
0.795071
-0.00498671
0.773177
0.0329359
0.334301
0.520301
0.0329359
0.773177
-0.00498671
0.795071
-0.00498671
0.795071
-0.00498671
0.795071
-0.00527694
0.795071
-0.00527694
0.795071
-0.00527694
0.795071
-0.00527694
0.795071
-0.00527694
0.795071
-0.00527694
0.795071
-0.00527694
0.795071
-0.00527694
0.795071
0.310973
0.451211
0.208473
0.102848
0.198473
0.0953481
0.214723
0.0915981
0.194723
0.0953481
0.194723
0.0890981
0.214723
0.102848
0.214723
0.102848
0.204723
0.0953481
0.194723
0.0853481
0.795071
-0.00527694
0.785496
0.0115981
0.785496
0.0115981
0.785496
0.0115981
0.795071
-0.00527694
0.795071
-0.00527694
0.795071
-0.00527694
0.795071
-0.00527694
0.795071
-0.00498671
0.795071
-0.00498671
0.795071
-0.00498671
0.795071
-0.00498671
0.773177
0.0329359
0.334301
0.520301
0.0329359
0.773177
-0.00498671
0.795071
-0.00498671
0.795071
-0.00498671
0.795071
-0.00527694
0.795071
-0.00527694
0.795071
-0.00527694
0.795071
-0.00527694
0.795071
-0.00527694
0.795071
-0.00527694
0.795071
-0.00527694
0.795071
-0.00527694
0.795071
0.310973
0.451211
0.313473
0.0934731
0.204723
0.0884731
0.194723
0.0884731
0.198473
0.0884731
0.194723
0.0997231
0.194723
0.0797231
0.194723
0.0997231
0.204723
0.0997231
0.194723
0.0797231
0.795071
-0.00527694
0.795071
-0.00527694
0.776475
0.0272231
0.795071
-0.00527694
0.795071
-0.00527694
0.795071
-0.00527694
0.795071
-0.00527694
0.795071
-0.00527694
0.795071
-0.00498671
0.795071
-0.00498671
0.795071
-0.00498671
0.795071
-0.00498671
0.773177
0.0329359
0.334301
0.507801
0.0747231
0.725613
0.0747231
0.725613
0.0747231
0.725613
0.0747231
0.725613
0.0747231
0.725613
0.0747231
0.725613
-0.00527694
0.782571
-0.00527694
0.782571
-0.00527694
0.782571
-0.00527694
0.782571
-0.00527694
0.782571
-0.00527694
0.782571
0.134723
0.598251
0.104723
-0.00527694
0.0997231
-0.000276943
0.104723
-0.00527694
0.104723
-0.00527694
0.104723
0.0197231
0.104723
-0.00527694
0.104723
-0.00527694
0.104723
-0.00527694
0.249723
-0.00527694
0.788022
0.00722306
0.788022
0.00722306
0.788022
0.00722306
0.788022
0.00722306
0.788022
0.00722306
0.725527
0.0897231
0.725527
0.0897231
0.645812
0.184723
0.795071
-0.00498671
0.795071
-0.00498671
0.795071
-0.00498671
0.763985
0.0438897
0.763985
0.0438897
0.334301
0.520301
0.0329359
0.773177
-0.00498671
0.795071
-0.00498671
0.795071
-0.00498671
0.795071
-0.00527694
0.795071
-0.00527694
0.795071
0.0284731
0.775753
0.0284731
0.775753
-0.00527694
0.795071
-0.00527694
0.795071
-0.00527694
0.795071
-0.00527694
0.795071
0.134723
0.598251
0.163473
0.125973
0.163473
0.310973
0.134723
0.310973
0.163473
0.310973
0.108473
0.310973
0.163473
0.310973
0.124723
0.135973
0.167223
0.310973
0.169723
0.310973
0.795071
-0.00527694
0.795071
-0.00527694
0.795071
-0.00527694
0.795071
-0.00527694
0.795071
-0.00527694
0.795071
-0.00527694
0.795071
-0.00527694
0.795071
-0.00527694
0.738113
0.0747231
0.738113
0.0747231
0.738113
0.0747231
0.738113
0.0747231
0.690914
0.130973
0.334301
0.520301
0.0747231
0.738113
0.0747231
0.738113
0.0747231
0.738113
0.0747231
0.738113
0.0747231
0.738113
0.0747231
0.738113
0.0284731
0.775753
-0.00527694
0.795071
-0.00527694
0.795071
-0.00527694
0.795071
-0.00527694
0.795071
-0.00527694
0.795071
0.134723
0.598251
0.167223
0.104723
0.187223
0.167223
0.175973
0.175973
0.104723
0.160973
0.163473
0.154723
0.0509731
0.193473
0.0509731
0.173473
0.0509731
0.167223
0.0509731
0.134723
0.795071
-0.00527694
0.795071
-0.00527694
0.795071
-0.00527694
0.795071
-0.00527694
0.795071
-0.00527694
0.775753
0.0284731
0.738113
0.0747231
0.738113
0.0747231
0.710143
0.108056
0.710143
0.108056
0.710143
0.108056
0.710143
0.108056
0.773177
0.0329359
0.334301
0.520301
0.0747231
0.738113
0.0747231
0.738113
0.0747231
0.738113
0.0747231
0.738113
0.0747231
0.738113
0.0747231
0.738113
-0.00527694
0.795071
-0.00527694
0.795071
-0.00527694
0.795071
-0.00527694
0.795071
-0.00527694
0.795071
-0.00527694
0.795071
0.134723
0.598251
0.150973
0.0813897
0.173473
0.12889
0.175973
0.10514
0.104723
0.12889
0.0947231
0.14139
0.134723
0.12889
0.157223
0.10514
0.104723
0.10264
0.104723
0.12889
0.795071
-0.00527694
0.795071
-0.00527694
0.795071
-0.00527694
0.795071
-0.00527694
0.795071
-0.00527694
0.795071
-0.00527694
0.795071
-0.00527694
0.795071
-0.00527694
0.696158
0.124723
0.696158
0.124723
0.696158
0.124723
0.795071
-0.00498671
0.773177
0.0329359
0.334301
0.520301
0.0747231
0.738113
0.0747231
0.738113
0.0747231
0.738113
0.0747231
0.738113
0.0747231
0.738113
0.0747231
0.738113
-0.00527694
0.795071
-0.00527694
0.795071
-0.00527694
0.795071
-0.00527694
0.795071
-0.00527694
0.795071
-0.00527694
0.795071
0.134723
0.598251
0.157223
0.0978481
0.187223
0.0978481
0.175973
0.0978481
0.167223
0.0790981
0.167223
0.0978481
0.182223
0.102848
0.167223
0.102848
0.104723
0.0953481
0.0947231
0.0853481
0.785496
0.0115981
0.785496
0.0115981
0.785496
0.0115981
0.785496
0.0115981
0.785496
0.0115981
0.785496
0.0115981
0.785496
0.0115981
0.785496
0.0115981
0.687767
0.134723
0.687767
0.134723
0.795071
-0.00498671
0.795071
-0.00498671
0.773177
0.0329359
0.334301
0.520301
0.0747231
0.738113
0.0747231
0.738113
0.0747231
0.738113
0.0747231
0.738113
0.0747231
0.738113
0.0747231
0.738113
-0.00527694
0.795071
-0.00527694
0.795071
-0.00527694
0.795071
-0.00527694
0.795071
-0.00527694
0.795071
-0.00527694
0.795071
0.134723
0.598251
0.134723
0.0172231
0.173473
0.0384731
0.175973
0.0634731
0.157223
0.0934731
0.124723
0.0997231
0.113473
0.0797231
0.0947231
0.0997231
0.104723
0.0997231
0.0947231
0.0797231
0.795071
-0.00527694
0.776475
0.0272231
0.776475
0.0272231
0.776475
0.0272231
0.776475
0.0272231
0.776475
0.0272231
0.776475
0.0272231
0.776475
0.0272231
0.645812
0.184723
0.645812
0.184723
0.645812
0.184723
0.795071
-0.00498671
0.773177
0.0329359
0.334301
0.507801
0.108056
0.697643
0.108056
0.697643
0.108056
0.697643
0.108056
0.697643
-0.00527694
0.782571
-0.00527694
0.782571
-0.00527694
0.782571
-0.00527694
0.782571
-0.00527694
0.782571
-0.00527694
0.782571
-0.00527694
0.782571
-0.00527694
0.782571
0.12889
0.596128
0.0663897
0.0109731
0.0663897
-0.000276943
0.0663897
-0.000276943
0.0663897
-0.000276943
0.0613897
0.0322231
0.0663897
-0.000276943
0.0663897
-0.000276943
0.0663897
-0.000276943
0.262223
-0.00527694
0.788022
0.00722306
0.788022
0.00722306
0.788022
0.00722306
0.788022
0.00722306
0.725527
0.0897231
0.725527
0.0897231
0.725527
0.0897231
0.645812
0.184723
0.795071
-0.00498671
0.795071
-0.00498671
0.795071
-0.00498671
0.795071
-0.00498671
0.763985
0.0438897
0.334301
0.520301
0.0329359
0.773177
-0.00498671
0.795071
-0.00498671
0.795071
-0.00498671
0.795071
-0.00527694
0.795071
-0.00527694
0.795071
-0.00527694
0.795071
-0.00527694
0.795071
-0.00527694
0.795071
-0.00527694
0.795071
-0.00527694
0.795071
-0.00527694
0.795071
0.12889
0.596128
0.13014
0.310973
0.10514
0.313473
0.12889
0.117223
0.11139
0.310973
0.13014
0.310973
0.0113897
0.204723
0.11514
0.310973
0.0613897
0.127223
0.204723
0.310973
0.795071
-0.00527694
0.795071
-0.00527694
0.795071
-0.00527694
0.795071
-0.00527694
0.795071
-0.00527694
0.795071
-0.00527694
0.795071
-0.00527694
0.795071
-0.00527694
0.738113
0.0747231
0.738113
0.0747231
0.738113
0.0747231
0.738113
0.0747231
0.683572
0.139723
0.334301
0.520301
0.108056
0.710143
0.108056
0.710143
0.108056
0.710143
0.108056
0.710143
-0.00527694
0.795071
-0.00527694
0.795071
-0.00527694
0.795071
-0.00527694
0.795071
-0.00527694
0.795071
-0.00527694
0.795071
-0.00527694
0.795071
-0.00527694
0.795071
0.12889
0.596128
0.0851397
0.129723
0.10889
0.167223
0.14139
0.104723
0.10514
0.157223
0.0713897
0.154723
0.0322231
0.193473
0.11764
0.134723
0.0322231
0.167223
0.0322231
0.134723
0.795071
-0.00527694
0.795071
-0.00527694
0.795071
-0.00527694
0.795071
-0.00527694
0.795071
-0.00527694
0.795071
-0.00527694
0.738113
0.0747231
0.738113
0.0747231
0.710143
0.108056
0.710143
0.108056
0.710143
0.108056
0.710143
0.108056
0.647211
0.183056
0.334301
0.520301
0.108056
0.710143
0.108056
0.710143
0.108056
0.710143
0.108056
0.710143
-0.00527694
0.795071
-0.00527694
0.795071
-0.00527694
0.795071
-0.00527694
0.795071
-0.00527694
0.795071
-0.00527694
0.795071
-0.00527694
0.795071
-0.00527694
0.795071
0.12889
0.596128
0.0851397
0.0851397
0.14139
0.12889
0.0988897
0.13014
0.11514
0.13514
0.0813897
0.12889
0.13514
0.13514
0.10514
0.10514
0.0713897
0.10264
0.0713897
0.12889
0.795071
-0.00527694
0.795071
-0.00527694
0.795071
-0.00527694
0.795071
-0.00527694
0.795071
-0.00527694
0.795071
-0.00527694
0.795071
-0.00527694
0.795071
-0.00527694
0.696158
0.124723
0.696158
0.124723
0.696158
0.124723
0.696158
0.124723
0.625359
0.209098
0.334301
0.520301
0.108056
0.710143
0.108056
0.710143
0.108056
0.710143
0.108056
0.710143
-0.00527694
0.795071
-0.00527694
0.795071
-0.00527694
0.795071
-0.00527694
0.795071
-0.00527694
0.795071
-0.00527694
0.795071
-0.00527694
0.795071
-0.00527694
0.795071
0.12889
0.596128
0.0813897
0.0915981
0.13514
0.0978481
0.0813897
0.102848
0.10514
0.0978481
0.13514
0.109098
0.10514
0.0978481
0.11139
0.102848
0.0713897
0.0953481
0.0613897
0.0853481
0.785496
0.0115981
0.785496
0.0115981
0.785496
0.0115981
0.785496
0.0115981
0.785496
0.0115981
0.785496
0.0115981
0.785496
0.0115981
0.785496
0.0115981
0.687767
0.134723
0.687767
0.134723
0.687767
0.134723
0.687767
0.134723
0.773177
0.0329359
0.334301
0.520301
0.108056
0.710143
0.108056
0.710143
0.108056
0.710143
0.108056
0.710143
-0.00527694
0.795071
-0.00527694
0.795071
-0.00527694
0.795071
-0.00527694
0.795071
-0.00527694
0.795071
-0.00527694
0.795071
-0.00527694
0.795071
-0.00527694
0.795071
0.12889
0.596128
0.0813897
0.0872231
0.13514
0.0934731
0.0801397
0.0997231
0.13514
0.0934731
0.0801397
0.0997231
0.13514
0.0822231
0.0613897
0.0997231
0.0713897
0.0997231
0.0613897
0.0797231
0.795071
-0.00527694
0.776475
0.0272231
0.776475
0.0272231
0.776475
0.0272231
0.776475
0.0272231
0.776475
0.0272231
0.776475
0.0272231
0.776475
0.0272231
0.645812
0.184723
0.645812
0.184723
0.645812
0.184723
0.645812
0.184723
0.773177
0.0329359
0.334301
0.507801
0.124723
0.683658
0.124723
0.683658
0.124723
0.683658
0.124723
0.683658
0.0115981
0.772996
0.0115981
0.772996
0.0115981
0.772996
0.0115981
0.772996
0.0115981
0.772996
0.0115981
0.772996
0.0115981
0.772996
0.0115981
0.772996
0.0853481
0.601198
0.0497231
0.0109731
0.0497231
-0.000276943
0.0497231
-0.000276943
0.0497231
-0.000276943
0.0447231
0.0322231
0.0497231
-0.000276943
0.0497231
-0.000276943
0.0497231
-0.000276943
0.271598
-0.00527694
0.788022
0.00722306
0.788022
0.00722306
0.788022
0.00722306
0.788022
0.00722306
0.725527
0.0897231
0.725527
0.0897231
0.725527
0.0897231
0.645812
0.184723
0.795071
-0.00498671
0.795071
-0.00498671
0.795071
-0.00498671
0.795071
-0.00498671
0.763985
0.0438897
0.334301
0.520301
0.0329359
0.773177
-0.00498671
0.795071
-0.00498671
0.795071
-0.00498671
0.795071
-0.00527694
0.795071
-0.00527694
0.795071
-0.00527694
0.795071
-0.00527694
0.795071
0.0115981
0.785496
0.0115981
0.785496
0.0115981
0.785496
-0.00527694
0.795071
0.0853481
0.601198
0.104098
0.213473
0.102848
0.234723
0.0953481
0.213473
0.0228481
0.319723
0.0497231
0.209723
0.00722306
0.204723
0.0228481
0.204723
0.00722306
0.319723
0.226598
0.310973
0.795071
-0.00527694
0.795071
-0.00527694
0.795071
-0.00527694
0.795071
-0.00527694
0.795071
-0.00527694
0.795071
-0.00527694
0.795071
-0.00527694
0.795071
-0.00527694
0.738113
0.0747231
0.738113
0.0747231
0.738113
0.0747231
0.738113
0.0747231
0.683572
0.139723
0.334301
0.520301
0.0329359
0.773177
0.124723
0.696158
0.124723
0.696158
0.124723
0.696158
0.0115981
0.785496
0.0115981
0.785496
0.0115981
0.785496
0.0115981
0.785496
0.0115981
0.785496
0.0115981
0.785496
0.0115981
0.785496
0.0115981
0.785496
0.0853481
0.601198
0.104098
0.113473
0.102848
0.104723
0.0953481
0.104723
0.0953481
0.124723
0.0790981
0.157223
0.0228481
0.193473
0.0228481
0.173473
0.0447231
0.167223
0.0228481
0.134723
0.795071
-0.00527694
0.795071
-0.00527694
0.795071
-0.00527694
0.795071
-0.00527694
0.795071
-0.00527694
0.795071
-0.00527694
0.738113
0.0747231
0.738113
0.0747231
0.710143
0.108056
0.710143
0.108056
0.710143
0.108056
0.710143
0.108056
0.647211
0.183056
0.334301
0.520301
0.124723
0.696158
0.124723
0.696158
0.124723
0.696158
0.124723
0.696158
0.0115981
0.785496
0.0115981
0.785496
0.0115981
0.785496
0.0115981
0.785496
0.0115981
0.785496
0.0115981
0.785496
0.0115981
0.785496
0.0115981
0.785496
0.0853481
0.601198
0.0953481
0.0651397
0.102848
0.11514
0.0953481
0.0913897
0.102848
0.0901397
0.102848
0.12139
0.0790981
0.13514
0.0497231
0.0963897
0.0765981
0.0813897
0.0715981
0.12889
0.795071
-0.00527694
0.795071
-0.00527694
0.795071
-0.00527694
0.795071
-0.00527694
0.795071
-0.00527694
0.795071
-0.00527694
0.795071
-0.00527694
0.795071
-0.00527694
0.696158
0.124723
0.696158
0.124723
0.696158
0.124723
0.696158
0.124723
0.625359
0.209098
0.334301
0.520301
0.124723
0.696158
0.124723
0.696158
0.124723
0.696158
0.124723
0.696158
0.0115981
0.785496
0.0115981
0.785496
0.0115981
0.785496
0.0115981
0.785496
0.0115981
0.785496
0.0115981
0.785496
0.0115981
0.785496
0.0115981
0.785496
0.0853481
0.601198
0.104098
0.0634731
0.0447231
0.0953481
0.0790981
0.0978481
0.109098
0.109098
0.0790981
0.0978481
0.0547231
0.0953481
0.0447231
0.0853481
0.0447231
0.0953481
0.0447231
0.0853481
0.785496
0.0115981
0.785496
0.0115981
0.785496
0.0115981
0.785496
0.0115981
0.785496
0.0115981
0.785496
0.0115981
0.785496
0.0115981
0.785496
0.0115981
0.687767
0.134723
0.687767
0.134723
0.687767
0.134723
0.687767
0.134723
0.612248
0.224723
0.334301
0.520301
0.124723
0.696158
0.124723
0.696158
0.124723
0.696158
0.124723
0.696158
0.0115981
0.785496
0.0115981
0.785496
0.0115981
0.785496
0.0115981
0.785496
0.0115981
0.785496
0.0115981
0.785496
0.0115981
0.785496
0.0115981
0.785496
0.0853481
0.601198
0.0953481
0.0647231
0.0484731
0.0997231
0.0953481
0.0347231
0.109098
0.0822231
0.0547231
0.0997231
0.0447231
0.0797231
0.0447231
0.0997231
0.0447231
0.0997231
0.0447231
0.0797231
0.795071
-0.00527694
0.776475
0.0272231
0.776475
0.0272231
0.776475
0.0272231
0.776475
0.0272231
0.776475
0.0272231
0.776475
0.0272231
0.776475
0.0272231
0.645812
0.184723
0.645812
0.184723
0.645812
0.184723
0.645812
0.184723
0.773177
0.0329359
0.334301
0.507801
0.134723
0.675267
0.134723
0.675267
0.134723
0.675267
0.134723
0.675267
0.0272231
0.763975
0.0272231
0.763975
0.0272231
0.763975
0.0272231
0.763975
0.0272231
0.763975
0.0272231
0.763975
0.0272231
0.763975
-0.00527694
0.782571
0.0797231
0.590365
0.0397231
0.0109731
0.0397231
-0.000276943
0.0397231
-0.000276943
0.0397231
-0.000276943
0.0347231
0.0322231
0.0397231
-0.000276943
0.0397231
-0.000276943
0.0397231
-0.000276943
0.277223
-0.00527694
0.788022
0.00722306
0.788022
0.00722306
0.788022
0.00722306
0.788022
0.00722306
0.725527
0.0897231
0.725527
0.0897231
0.725527
0.0897231
0.645812
0.184723
0.795071
-0.00498671
0.795071
-0.00498671
0.795071
-0.00498671
0.795071
-0.00498671
0.763985
0.0438897
0.334301
0.520301
0.0329359
0.773177
-0.00498671
0.795071
-0.00498671
0.795071
-0.00498671
0.795071
-0.00527694
0.795071
-0.00527694
0.795071
-0.00527694
0.795071
-0.00527694
0.795071
-0.00527694
0.795071
0.0272231
0.776475
-0.00527694
0.795071
-0.00527694
0.795071
0.0797231
0.590365
0.0997231
0.198473
0.0997231
0.204723
0.0884731
0.194723
0.0397231
0.203473
0.0434731
0.209723
0.00472306
0.204723
0.00472306
0.338473
0.00472306
0.319723
0.239723
0.310973
0.795071
-0.00527694
0.795071
-0.00527694
0.795071
-0.00527694
0.795071
-0.00527694
0.795071
-0.00527694
0.795071
-0.00527694
0.795071
-0.00527694
0.795071
-0.00527694
0.738113
0.0747231
0.738113
0.0747231
0.738113
0.0747231
0.738113
0.0747231
0.683572
0.139723
0.334301
0.520301
0.0329359
0.773177
-0.00498671
0.795071
0.134723
0.687767
0.134723
0.687767
0.0272231
0.776475
0.0272231
0.776475
0.0272231
0.776475
0.0272231
0.776475
0.0272231
0.776475
0.0272231
0.776475
0.0272231
0.776475
-0.00527694
0.795071
0.0797231
0.590365
0.0884731
0.113473
0.0997231
0.104723
0.0172231
0.104723
0.0584731
0.129723
0.0872231
0.167223
0.0172231
0.193473
0.0172231
0.173473
0.0172231
0.167223
0.0172231
0.134723
0.795071
-0.00527694
0.795071
-0.00527694
0.795071
-0.00527694
0.795071
-0.00527694
0.795071
-0.00527694
0.795071
-0.00527694
0.738113
0.0747231
0.738113
0.0747231
0.710143
0.108056
0.710143
0.108056
0.710143
0.108056
0.710143
0.108056
0.647211
0.183056
0.334301
0.520301
0.134723
0.687767
0.134723
0.687767
0.134723
0.687767
0.134723
0.687767
0.0272231
0.776475
0.0272231
0.776475
0.0272231
0.776475
0.0272231
0.776475
0.0272231
0.776475
0.0272231
0.776475
0.0272231
0.776475
-0.00527694
0.795071
0.0797231
0.590365
0.0997231
0.0651397
0.0997231
0.0913897
0.0997231
0.0913897
0.0634731
0.13514
0.0397231
0.0851397
0.0934731
0.13514
0.0697231
0.0913897
0.0872231
0.0813897
0.0772231
0.12889
0.795071
-0.00527694
0.795071
-0.00527694
0.795071
-0.00527694
0.795071
-0.00527694
0.795071
-0.00527694
0.795071
-0.00527694
0.795071
-0.00527694
0.795071
-0.00527694
0.696158
0.124723
0.696158
0.124723
0.696158
0.124723
0.696158
0.124723
0.625359
0.209098
0.334301
0.520301
0.134723
0.687767
0.134723
0.687767
0.134723
0.687767
0.134723
0.687767
0.0272231
0.776475
0.0272231
0.776475
0.0272231
0.776475
0.0272231
0.776475
0.0272231
0.776475
0.0272231
0.776475
0.0272231
0.776475
-0.00527694
0.795071
0.0797231
0.590365
0.0997231
0.0484731
0.0997231
0.0547231
0.0934731
0.0978481
0.0822231
0.0978481
0.0734731
0.0978481
0.0534731
0.0953481
0.0672231
0.0790981
0.0447231
0.0953481
0.0347231
0.0853481
0.785496
0.0115981
0.785496
0.0115981
0.785496
0.0115981
0.785496
0.0115981
0.785496
0.0115981
0.785496
0.0115981
0.785496
0.0115981
0.785496
0.0115981
0.687767
0.134723
0.687767
0.134723
0.687767
0.134723
0.687767
0.134723
0.612248
0.224723
0.334301
0.520301
0.134723
0.687767
0.134723
0.687767
0.134723
0.687767
0.134723
0.687767
0.0272231
0.776475
0.0272231
0.776475
0.0272231
0.776475
0.0272231
0.776475
0.0272231
0.776475
0.0272231
0.776475
0.0272231
0.776475
-0.00527694
0.795071
0.0797231
0.590365
0.0997231
0.0384731
0.0997231
0.0534731
0.0347231
0.0997231
0.0634731
0.0934731
0.0647231
0.0997231
0.0347231
0.0797231
0.0447231
0.0997231
0.0447231
0.0997231
0.0347231
0.0797231
0.795071
-0.00527694
0.776475
0.0272231
0.776475
0.0272231
0.776475
0.0272231
0.776475
0.0272231
0.776475
0.0272231
0.776475
0.0272231
0.776475
0.0272231
