0.633542
0.184459
0.633542
0.184459
0.633542
0.184459
0.633542
0.184459
0.547534
0.286959
0.334306
0.507806
0.184459
0.633542
0.184459
0.633542
0.184459
0.633542
0.184459
0.633542
0.184459
0.633542
0.0894591
0.713256
0.0894591
0.713256
0.0894591
0.713256
0.0894591
0.713256
0.0069591
0.77575
0.0069591
0.77575
0.0069591
0.77575
0.000709095
0.6503
0.0107091
-0.000540905
-0.000540905
-0.000540905
-0.000540905
0.0244591
-0.000540905
-0.000540905
-0.000540905
-0.000540905
-0.000540905
-0.000540905
-0.0055409
0.0482091
-0.0055409
0.0069591
0.299459
0.0194591
0.77575
0.0069591
0.77575
0.0069591
0.77575
0.0069591
0.713256
0.0894591
0.713256
0.0894591
0.713256
0.0894591
0.713256
0.0894591
0.633542
0.184459
0.782639
-0.00497405
0.782639
-0.00497405
0.782639
-0.00497405
0.782639
-0.00497405
0.751715
0.0436258
0.334306
0.520306
0.0326799
0.7734
-0.00497405
0.795139
-0.00497405
0.795139
-0.00497405
0.795139
-0.0055409
0.795139
-0.0055409
0.795139
-0.0055409
0.795139
-0.0055409
0.795139
0.0069591
0.78825
0.0069591
0.78825
0.0069591
0.78825
0.0069591
0.78825
0.000709095
0.6503
-0.0055409
0.349459
-0.0055409
0.223209
-0.0055409
0.204459
-0.0055409
0.204459
0.000709095
0.316959
-0.0055409
0.204459
-0.0055409
0.204459
0.0194591
0.338209
0.291959
0.310709
0.782639
-0.0055409
0.782639
-0.0055409
0.782639
-0.0055409
0.782639
-0.0055409
0.782639
-0.0055409
0.782639
-0.0055409
0.782639
-0.0055409
0.782639
-0.0055409
0.725843
0.0744591
0.725843
0.0744591
0.725843
0.0744591
0.725843
0.0744591
0.671301
0.139459
0.334306
0.520306
0.0326799
0.7734
-0.00497405
0.795139
-0.00497405
0.795139
-0.00497405
0.795139
0.184459
0.646042
0.0894591
0.725756
0.0894591
0.725756
0.0069591
0.78825
0.0069591
0.78825
0.0069591
0.78825
0.0069591
0.78825
0.0069591
0.78825
0.000709095
0.6503
0.0057091
0.163209
-0.0055409
0.104459
-0.0055409
0.104459
-0.0055409
0.163209
0.0069591
0.0944591
-0.0055409
0.104459
-0.0055409
0.104459
-0.0055409
0.104459
0.191959
0.150709
0.782639
-0.0055409
0.782639
-0.0055409
0.782639
-0.0055409
0.782639
-0.0055409
0.782639
-0.0055409
0.782639
-0.0055409
0.725843
0.0744591
0.725843
0.0744591
0.697873
0.107792
0.697873
0.107792
0.697873
0.107792
0.697873
0.107792
0.63494
0.182792
0.334306
0.520306
0.0326799
0.7734
0.184459
0.646042
0.184459
0.646042
0.184459
0.646042
0.184459
0.646042
0.0894591
0.725756
0.0894591
0.725756
0.0894591
0.725756
0.0069591
0.78825
0.0069591
0.78825
0.0069591
0.78825
0.0069591
0.78825
0.000709095
0.6503
-0.0055409
0.141126
-0.0055409
0.0811258
-0.000540905
0.0661258
-0.000540905
0.0661258
0.000709095
0.108626
-0.000540905
0.0661258
-0.000540905
0.0661258
0.0194591
0.101126
-0.0055409
0.129876
0.782639
-0.0055409
0.782639
-0.0055409
0.782639
-0.0055409
0.782639
-0.0055409
0.782639
-0.0055409
0.782639
-0.0055409
0.782639
-0.0055409
0.782639
-0.0055409
0.683888
0.124459
0.683888
0.124459
0.683888
0.124459
0.683888
0.124459
0.613089
0.208834
0.334306
0.520306
0.184459
0.646042
0.184459
0.646042
0.184459
0.646042
0.184459
0.646042
0.184459
0.646042
0.0894591
0.725756
0.0894591
0.725756
0.0894591
0.725756
0.0069591
0.78825
0.0069591
0.78825
0.0069591
0.78825
0.0069591
0.78825
0.000709095
0.6503
0.0057091
0.0888341
0.0482091
0.0444591
-0.000540905
0.0532091
-0.000540905
0.0494591
0.000709095
0.0888341
-0.0055409
0.0850841
-0.000540905
0.0494591
0.0194591
0.0850841
0.0994591
0.0725841
0.773224
0.0113341
0.773224
0.0113341
0.773224
0.0113341
0.773224
0.0113341
0.773224
0.0113341
0.773224
0.0113341
0.773224
0.0113341
0.773224
0.0113341
0.675497
0.134459
0.675497
0.134459
0.675497
0.134459
0.675497
0.134459
0.599978
0.224459
0.334306
0.520306
0.184459
0.646042
0.184459
0.646042
0.184459
0.646042
0.184459
0.646042
0.184459
0.646042
0.0894591
0.725756
0.0894591
0.725756
0.0894591
0.725756
0.0069591
0.78825
0.0069591
0.78825
0.0069591
0.78825
0.0069591
0.78825
0.000709095
0.6503
-0.0055409
0.0732091
0.0119591
0.0632091
-0.000540905
0.0394591
-0.000540905
0.0394591
0.0069591
0.0382091
-0.0055409
0.0694591
-0.0055409
0.0694591
0.0319591
0.0344591
-0.0055409
0.0694591
0.782639
-0.0055409
0.764203
0.0269591
0.764203
0.0269591
0.764203
0.0269591
0.764203
0.0269591
0.764203
0.0269591
0.764203
0.0269591
0.764203
0.0269591
0.795139
-0.00497405
0.795139
-0.00497405
0.795139
-0.00497405
0.795139
-0.00497405
0.7734
0.0326799
0.334306
0.507806
0.0326799
0.7609
-0.00497405
0.782639
-0.00497405
0.782639
-0.00497405
0.782639
-0.0055409
0.782639
-0.0055409
0.782639
-0.0055409
0.782639
-0.0055409
0.782639
-0.0055409
0.782639
-0.0055409
0.782639
-0.0055409
0.782639
-0.0055409
0.782639
0.310709
0.451441
0.204459
-0.0055409
0.199459
-0.000540905
0.204459
-0.0055409
0.204459
-0.0055409
0.204459
-0.0055409
0.199459
-0.000540905
0.204459
-0.0055409
0.194459
0.0069591
0.276959
0.0194591
0.78825
0.0069591
0.78825
0.0069591
0.78825
0.0069591
0.78825
0.0069591
0.795139
-0.0055409
0.795139
-0.0055409
0.795139
-0.0055409
0.795139
-0.0055409
0.795139
-0.0055409
0.764215
0.0436258
0.764215
0.0436258
0.764215
0.0436258
0.764215
0.0436258
0.334306
0.520306
0.0436258
0.764215
0.0436258
0.764215
0.0436258
0.764215
-0.00497405
0.795139
-0.0055409
0.795139
-0.0055409
0.795139
-0.0055409
0.795139
-0.0055409
0.795139
-0.0055409
0.795139
-0.0055409
0.795139
-0.0055409
0.795139
-0.0055409
0.795139
0.310709
0.451441
0.323209
0.316959
0.338209
0.310709
0.194459
0.338209
0.313209
0.323209
0.313209
0.343209
0.313209
0.323209
0.194459
0.338209
0.106959
0.338209
0.0986258
0.310709
0.795139
-0.0055409
0.795139
-0.0055409
0.795139
-0.0055409
0.795139
-0.0055409
0.795139
-0.0055409
0.795139
-0.0055409
0.795139
-0.0055409
0.795139
-0.0055409
0.795139
-0.00497405
0.795139
-0.00497405
0.795139
-0.00497405
0.795139
-0.00497405
0.7734
0.0326799
0.334306
0.520306
0.0436258
0.764215
-0.00497405
0.795139
-0.00497405
0.795139
-0.00497405
0.795139
-0.0055409
0.795139
-0.0055409
0.795139
-0.0055409
0.795139
-0.0055409
0.795139
-0.0055409
0.795139
-0.0055409
0.795139
-0.0055409
0.795139
-0.0055409
0.795139
0.310709
0.451441
0.313209
0.156959
0.338209
0.180709
0.325709
0.166959
0.313209
0.156959
0.310709
0.166959
0.313209
0.166959
0.114459
0.150709
0.194459
0.166959
0.114459
0.150709
0.795139
-0.0055409
0.795139
-0.0055409
0.795139
-0.0055409
0.795139
-0.0055409
0.775981
0.0282091
0.775981
0.0282091
0.795139
-0.0055409
0.795139
-0.0055409
0.795139
-0.00497405
0.795139
-0.00497405
0.795139
-0.00497405
0.795139
-0.00497405
0.7734
0.0326799
0.334306
0.520306
0.0326799
0.7734
-0.00497405
0.795139
-0.00497405
0.795139
-0.00497405
0.795139
-0.0055409
0.795139
-0.0055409
0.795139
-0.0055409
0.795139
-0.0055409
0.795139
-0.0055409
0.795139
-0.0055409
0.795139
-0.0055409
0.795139
-0.0055409
0.795139
0.310709
0.451441
0.313209
0.104876
0.338209
0.0711258
0.343209
0.108626
0.313209
0.134876
0.310709
0.101126
0.313209
0.134876
0.198209
0.114876
0.306959
0.111126
0.194459
0.129876
0.795139
-0.0055409
0.795139
-0.0055409
0.795139
-0.0055409
0.795139
-0.0055409
0.795139
-0.0055409
0.795139
-0.0055409
0.795139
-0.0055409
0.795139
-0.0055409
0.795139
-0.00497405
0.795139
-0.00497405
0.795139
-0.00497405
0.795139
-0.00497405
0.7734
0.0326799
0.334306
0.520306
0.0326799
0.7734
-0.00497405
0.795139
-0.00497405
0.795139
-0.00497405
0.795139
-0.0055409
0.795139
-0.0055409
0.795139
-0.0055409
0.795139
-0.0055409
0.795139
-0.0055409
0.795139
-0.0055409
0.795139
-0.0055409
0.795139
-0.0055409
0.795139
0.310709
0.451441
0.313209
0.0788341
0.338209
0.102584
0.194459
0.0888341
0.343209
0.108834
0.313209
0.0888341
0.313209
0.108834
0.323209
0.0725841
0.194459
0.0850841
0.204459
0.0725841
0.795139
-0.0055409
0.785724
0.0113341
0.785724
0.0113341
0.785724
0.0113341
0.795139
-0.0055409
0.795139
-0.0055409
0.795139
-0.0055409
0.795139
-0.0055409
0.795139
-0.00497405
0.795139
-0.00497405
0.795139
-0.00497405
0.795139
-0.00497405
0.7734
0.0326799
0.334306
0.520306
0.0326799
0.7734
-0.00497405
0.795139
-0.00497405
0.795139
-0.00497405
0.795139
-0.0055409
0.795139
-0.0055409
0.795139
-0.0055409
0.795139
-0.0055409
0.795139
-0.0055409
0.795139
-0.0055409
0.795139
-0.0055409
0.795139
-0.0055409
0.795139
0.310709
0.451441
0.313209
0.0732091
0.338209
0.0757091
0.343209
0.0669591
0.313209
0.0732091
0.323209
0.0757091
0.313209
0.0632091
0.323209
0.0869591
0.204459
0.0669591
0.194459
0.0694591
0.795139
-0.0055409
0.795139
-0.0055409
0.776703
0.0269591
0.795139
-0.0055409
0.795139
-0.0055409
0.795139
-0.0055409
0.795139
-0.0055409
0.795139
-0.0055409
0.795139
-0.00497405
0.795139
-0.00497405
0.795139
-0.00497405
0.795139
-0.00497405
0.7734
0.0326799
0.334306
0.507806
0.0744591
0.725843
0.0744591
0.725843
0.0744591
0.725843
0.0744591
0.725843
0.0744591
0.725843
0.0744591
0.725843
-0.0055409
0.782639
-0.0055409
0.782639
-0.0055409
0.782639
-0.0055409
0.782639
-0.0055409
0.782639
-0.0055409
0.782639
0.150709
0.546361
0.104459
-0.0055409
0.0994591
-0.000540905
0.104459
-0.0055409
0.104459
-0.0055409
0.104459
-0.0055409
0.104459
0.0057091
0.104459
-0.0055409
0.0944591
0.0069591
0.249459
0.0194591
0.78825
0.0069591
0.78825
0.0069591
0.78825
0.0069591
0.78825
0.0069591
0.78825
0.0069591
0.725756
0.0894591
0.725756
0.0894591
0.646042
0.184459
0.795139
-0.00497405
0.795139
-0.00497405
0.795139
-0.00497405
0.764215
0.0436258
0.764215
0.0436258
0.334306
0.520306
0.0326799
0.7734
-0.00497405
0.795139
-0.00497405
0.795139
-0.00497405
0.795139
-0.0055409
0.795139
-0.0055409
0.795139
0.0282091
0.775981
0.0282091
0.775981
-0.0055409
0.795139
-0.0055409
0.795139
-0.0055409
0.795139
-0.0055409
0.795139
0.150709
0.546361
0.163209
0.310709
0.156959
0.313209
0.0194591
0.319459
0.163209
0.310709
0.0944591
0.338209
0.156959
0.313209
0.104459
0.338209
0.0194591
0.338209
0.169459
0.310709
0.795139
-0.0055409
0.795139
-0.0055409
0.795139
-0.0055409
0.795139
-0.0055409
0.795139
-0.0055409
0.795139
-0.0055409
0.795139
-0.0055409
0.795139
-0.0055409
0.738343
0.0744591
0.738343
0.0744591
0.738343
0.0744591
0.738343
0.0744591
0.691143
0.130709
0.334306
0.520306
0.0744591
0.738343
0.0744591
0.738343
0.0744591
0.738343
0.0744591
0.738343
0.0744591
0.738343
0.0744591
0.738343
0.0282091
0.775981
-0.0055409
0.795139
-0.0055409
0.795139
-0.0055409
0.795139
-0.0055409
0.795139
-0.0055409
0.795139
0.150709
0.546361
0.160709
0.175709
0.193209
0.150709
0.108209
0.180709
0.163209
0.160709
0.180709
0.181959
0.0944591
0.163209
0.0507091
0.163209
0.0944591
0.166959
0.138209
0.150709
0.795139
-0.0055409
0.795139
-0.0055409
0.795139
-0.0055409
0.795139
-0.0055409
0.795139
-0.0055409
0.775981
0.0282091
0.738343
0.0744591
0.738343
0.0744591
0.710373
0.107792
0.710373
0.107792
0.710373
0.107792
0.710373
0.107792
0.7734
0.0326799
0.334306
0.520306
0.0744591
0.738343
0.0744591
0.738343
0.0744591
0.738343
0.0744591
0.738343
0.0744591
0.738343
0.0744591
0.738343
-0.0055409
0.795139
-0.0055409
0.795139
-0.0055409
0.795139
-0.0055409
0.795139
-0.0055409
0.795139
-0.0055409
0.795139
0.150709
0.546361
0.173209
0.0619591
0.150709
0.114876
0.150709
0.101126
0.163209
0.117376
0.169459
0.101126
0.0944591
0.129876
0.163209
0.117376
0.150709
0.141126
0.0944591
0.129876
0.795139
-0.0055409
0.795139
-0.0055409
0.795139
-0.0055409
0.795139
-0.0055409
0.795139
-0.0055409
0.795139
-0.0055409
0.795139
-0.0055409
0.795139
-0.0055409
0.696388
0.124459
0.696388
0.124459
0.696388
0.124459
0.795139
-0.00497405
0.7734
0.0326799
0.334306
0.520306
0.0744591
0.738343
0.0744591
0.738343
0.0744591
0.738343
0.0744591
0.738343
0.0744591
0.738343
0.0744591
0.738343
-0.0055409
0.795139
-0.0055409
0.795139
-0.0055409
0.795139
-0.0055409
0.795139
-0.0055409
0.795139
-0.0055409
0.795139
0.150709
0.546361
0.173209
0.0744591
0.193209
0.0744591
0.104459
0.0913341
0.166959
0.0725841
0.156959
0.0888341
0.156959
0.0975841
0.163209
0.0744591
0.163209
0.0744591
0.104459
0.0725841
0.785724
0.0113341
0.785724
0.0113341
0.785724
0.0113341
0.785724
0.0113341
0.785724
0.0113341
0.785724
0.0113341
0.785724
0.0113341
0.785724
0.0113341
0.687997
0.134459
0.687997
0.134459
0.795139
-0.00497405
0.795139
-0.00497405
0.7734
0.0326799
0.334306
0.520306
0.0744591
0.738343
0.0744591
0.738343
0.0744591
0.738343
0.0744591
0.738343
0.0744591
0.738343
0.0744591
0.738343
-0.0055409
0.795139
-0.0055409
0.795139
-0.0055409
0.795139
-0.0055409
0.795139
-0.0055409
0.795139
-0.0055409
0.795139
0.150709
0.546361
0.173209
0.0532091
0.193209
0.0269591
0.175709
0.0632091
0.173209
0.0869591
0.163209
0.0757091
0.186959
0.0819591
0.0944591
0.0694591
0.156959
0.0669591
0.0944591
0.0694591
0.795139
-0.0055409
0.776703
0.0269591
0.776703
0.0269591
0.776703
0.0269591
0.776703
0.0269591
0.776703
0.0269591
0.776703
0.0269591
0.776703
0.0269591
0.646042
0.184459
0.646042
0.184459
0.646042
0.184459
0.795139
-0.00497405
0.7734
0.0326799
0.334306
0.507806
0.107792
0.697873
0.107792
0.697873
0.107792
0.697873
0.107792
0.697873
-0.0055409
0.782639
-0.0055409
0.782639
-0.0055409
0.782639
-0.0055409
0.782639
-0.0055409
0.782639
-0.0055409
0.782639
-0.0055409
0.782639
-0.0055409
0.782639
0.129876
0.601201
0.0711258
-0.0055409
0.0661258
-0.000540905
0.0711258
-0.0055409
0.0661258
-0.000540905
0.0661258
-0.000540905
0.0711258
0.0057091
0.0661258
-0.000540905
0.0611258
0.0069591
0.261959
0.0194591
0.78825
0.0069591
0.78825
0.0069591
0.78825
0.0069591
0.78825
0.0069591
0.725756
0.0894591
0.725756
0.0894591
0.725756
0.0894591
0.646042
0.184459
0.795139
-0.00497405
0.795139
-0.00497405
0.795139
-0.00497405
0.795139
-0.00497405
0.764215
0.0436258
0.334306
0.520306
0.0326799
0.7734
-0.00497405
0.795139
-0.00497405
0.795139
-0.00497405
0.795139
-0.0055409
0.795139
-0.0055409
0.795139
-0.0055409
0.795139
-0.0055409
0.795139
-0.0055409
0.795139
-0.0055409
0.795139
-0.0055409
0.795139
-0.0055409
0.795139
0.129876
0.601201
0.129876
0.194459
0.104876
0.313209
0.141126
0.194459
0.111126
0.310709
0.134876
0.343209
0.0148758
0.338209
0.0711258
0.338209
0.0648758
0.338209
0.204459
0.310709
0.795139
-0.0055409
0.795139
-0.0055409
0.795139
-0.0055409
0.795139
-0.0055409
0.795139
-0.0055409
0.795139
-0.0055409
0.795139
-0.0055409
0.795139
-0.0055409
0.738343
0.0744591
0.738343
0.0744591
0.738343
0.0744591
0.738343
0.0744591
0.683801
0.139459
0.334306
0.520306
0.107792
0.710373
0.107792
0.710373
0.107792
0.710373
0.107792
0.710373
-0.0055409
0.795139
-0.0055409
0.795139
-0.0055409
0.795139
-0.0055409
0.795139
-0.0055409
0.795139
-0.0055409
0.795139
-0.0055409
0.795139
-0.0055409
0.795139
0.129876
0.601201
0.129876
0.169459
0.114876
0.150709
0.141126
0.180709
0.0748758
0.160709
0.129876
0.180709
0.0319591
0.166959
0.0319591
0.173209
0.0319591
0.166959
0.152792
0.150709
0.795139
-0.0055409
0.795139
-0.0055409
0.795139
-0.0055409
0.795139
-0.0055409
0.795139
-0.0055409
0.795139
-0.0055409
0.738343
0.0744591
0.738343
0.0744591
0.710373
0.107792
0.710373
0.107792
0.710373
0.107792
0.710373
0.107792
0.64744
0.182792
0.334306
0.520306
0.107792
0.710373
0.107792
0.710373
0.107792
0.710373
0.107792
0.710373
-0.0055409
0.795139
-0.0055409
0.795139
-0.0055409
0.795139
-0.0055409
0.795139
-0.0055409
0.795139
-0.0055409
0.795139
-0.0055409
0.795139
-0.0055409
0.795139
0.129876
0.601201
0.129876
0.102376
0.123626
0.123626
0.141126
0.0798758
0.108626
0.134876
0.129876
0.117376
0.108626
0.134876
0.117376
0.114876
0.0711258
0.108626
0.0611258
0.129876
0.795139
-0.0055409
0.795139
-0.0055409
0.795139
-0.0055409
0.795139
-0.0055409
0.795139
-0.0055409
0.795139
-0.0055409
0.795139
-0.0055409
0.795139
-0.0055409
0.696388
0.124459
0.696388
0.124459
0.696388
0.124459
0.696388
0.124459
0.625589
0.208834
0.334306
0.520306
0.107792
0.710373
0.107792
0.710373
0.107792
0.710373
0.107792
0.710373
-0.0055409
0.795139
-0.0055409
0.795139
-0.0055409
0.795139
-0.0055409
0.795139
-0.0055409
0.795139
-0.0055409
0.795139
-0.0055409
0.795139
-0.0055409
0.795139
0.129876
0.601201
0.129876
0.0482091
0.114876
0.0725841
0.141126
0.0544591
0.141126
0.0913341
0.129876
0.0744591
0.129876
0.0763341
0.111126
0.0744591
0.0698758
0.0794591
0.0711258
0.0725841
0.785724
0.0113341
0.785724
0.0113341
0.785724
0.0113341
0.785724
0.0113341
0.785724
0.0113341
0.785724
0.0113341
0.785724
0.0113341
0.785724
0.0113341
0.687997
0.134459
0.687997
0.134459
0.687997
0.134459
0.687997
0.134459
0.7734
0.0326799
0.334306
0.520306
0.107792
0.710373
0.107792
0.710373
0.107792
0.710373
0.107792
0.710373
-0.0055409
0.795139
-0.0055409
0.795139
-0.0055409
0.795139
-0.0055409
0.795139
-0.0055409
0.795139
-0.0055409
0.795139
-0.0055409
0.795139
-0.0055409
0.795139
0.129876
0.601201
0.129876
0.0569591
0.114876
0.0869591
0.141126
0.0569591
0.111126
0.0869591
0.129876
0.0669591
0.129876
0.0669591
0.0611258
0.0694591
0.134876
0.0669591
0.0611258
0.0694591
0.795139
-0.0055409
0.776703
0.0269591
0.776703
0.0269591
0.776703
0.0269591
0.776703
0.0269591
0.776703
0.0269591
0.776703
0.0269591
0.776703
0.0269591
0.646042
0.184459
0.646042
0.184459
0.646042
0.184459
0.646042
0.184459
0.7734
0.0326799
0.334306
0.507806
0.124459
0.683888
0.124459
0.683888
0.124459
0.683888
0.124459
0.683888
0.0113341
0.773224
0.0113341
0.773224
0.0113341
0.773224
0.0113341
0.773224
0.0113341
0.773224
0.0113341
0.773224
0.0113341
0.773224
0.0113341
0.773224
0.0725841
0.611916
0.0494591
0.0107091
0.0494591
-0.000540905
0.0494591
0.0407091
0.0494591
-0.000540905
0.0494591
-0.000540905
0.0494591
0.0407091
0.0494591
-0.000540905
0.0444591
0.0069591
0.271334
0.0194591
0.78825
0.0069591
0.78825
0.0069591
0.78825
0.0069591
0.78825
0.0069591
0.725756
0.0894591
0.725756
0.0894591
0.725756
0.0894591
0.646042
0.184459
0.795139
-0.00497405
0.795139
-0.00497405
0.795139
-0.00497405
0.795139
-0.00497405
0.764215
0.0436258
0.334306
0.520306
0.0326799
0.7734
-0.00497405
0.795139
-0.00497405
0.795139
-0.00497405
0.795139
-0.0055409
0.795139
-0.0055409
0.795139
-0.0055409
0.795139
-0.0055409
0.795139
0.0113341
0.785724
0.0113341
0.785724
0.0113341
0.785724
-0.0055409
0.795139
0.0725841
0.611916
0.0725841
0.338209
0.0444591
0.338209
0.0444591
0.338209
0.0069591
0.338209
0.0069591
0.323209
0.0788341
0.313209
0.0263341
0.338209
0.0069591
0.338209
0.226334
0.310709
0.795139
-0.0055409
0.795139
-0.0055409
0.795139
-0.0055409
0.795139
-0.0055409
0.795139
-0.0055409
0.795139
-0.0055409
0.795139
-0.0055409
0.795139
-0.0055409
0.738343
0.0744591
0.738343
0.0744591
0.738343
0.0744591
0.738343
0.0744591
0.683801
0.139459
0.334306
0.520306
0.0326799
0.7734
0.124459
0.696388
0.124459
0.696388
0.124459
0.696388
0.0113341
0.785724
0.0113341
0.785724
0.0113341
0.785724
0.0113341
0.785724
0.0113341
0.785724
0.0113341
0.785724
0.0113341
0.785724
0.0113341
0.785724
0.0725841
0.611916
0.0725841
0.173209
0.0744591
0.173209
0.0763341
0.181959
0.0725841
0.163209
0.0788341
0.156959
0.0788341
0.186959
0.0225841
0.173209
0.0444591
0.166959
0.160084
0.150709
0.795139
-0.0055409
0.795139
-0.0055409
0.795139
-0.0055409
0.795139
-0.0055409
0.795139
-0.0055409
0.795139
-0.0055409
0.738343
0.0744591
0.738343
0.0744591
0.710373
0.107792
0.710373
0.107792
0.710373
0.107792
0.710373
0.107792
0.64744
0.182792
0.334306
0.520306
0.124459
0.696388
0.124459
0.696388
0.124459
0.696388
0.124459
0.696388
0.0113341
0.785724
0.0113341
0.785724
0.0113341
0.785724
0.0113341
0.785724
0.0113341
0.785724
0.0113341
0.785724
0.0113341
0.785724
0.0113341
0.785724
0.0725841
0.611916
0.0888341
0.108626
0.0744591
0.121126
0.0482091
0.129876
0.0725841
0.141126
0.0725841
0.141126
0.0788341
0.134876
0.0744591
0.141126
0.0444591
0.111126
0.0444591
0.129876
0.795139
-0.0055409
0.795139
-0.0055409
0.795139
-0.0055409
0.795139
-0.0055409
0.795139
-0.0055409
0.795139
-0.0055409
0.795139
-0.0055409
0.795139
-0.0055409
0.696388
0.124459
0.696388
0.124459
0.696388
0.124459
0.696388
0.124459
0.625589
0.208834
0.334306
0.520306
0.124459
0.696388
0.124459
0.696388
0.124459
0.696388
0.124459
0.696388
0.0113341
0.785724
0.0113341
0.785724
0.0113341
0.785724
0.0113341
0.785724
0.0113341
0.785724
0.0113341
0.785724
0.0113341
0.785724
0.0113341
0.785724
0.0725841
0.611916
0.0794591
0.0794591
0.0744591
0.0950841
0.0888341
0.0888341
0.0850841
0.0632091
0.0788341
0.108834
0.0788341
0.0888341
0.0850841
0.0744591
0.0444591
0.0850841
0.0713341
0.0725841
0.785724
0.0113341
0.785724
0.0113341
0.785724
0.0113341
0.785724
0.0113341
0.785724
0.0113341
0.785724
0.0113341
0.785724
0.0113341
0.785724
0.0113341
0.687997
0.134459
0.687997
0.134459
0.687997
0.134459
0.687997
0.134459
0.612478
0.224459
0.334306
0.520306
0.124459
0.696388
0.124459
0.696388
0.124459
0.696388
0.124459
0.696388
0.0113341
0.785724
0.0113341
0.785724
0.0113341
0.785724
0.0113341
0.785724
0.0113341
0.785724
0.0113341
0.785724
0.0113341
0.785724
0.0113341
0.785724
0.0725841
0.611916
0.0950841
0.0382091
0.0744591
0.0732091
0.0888341
0.0932091
0.0825841
0.0632091
0.0788341
0.0732091
0.0788341
0.0732091
0.0444591
0.0694591
0.0825841
0.0669591
0.0444591
0.0694591
0.795139
-0.0055409
0.776703
0.0269591
0.776703
0.0269591
0.776703
0.0269591
0.776703
0.0269591
0.776703
0.0269591
0.776703
0.0269591
0.776703
0.0269591
0.646042
0.184459
0.646042
0.184459
0.646042
0.184459
0.646042
0.184459
0.7734
0.0326799
0.334306
0.507806
0.134459
0.675497
0.134459
0.675497
0.134459
0.675497
0.134459
0.675497
0.0269591
0.764203
0.0269591
0.764203
0.0269591
0.764203
0.0269591
0.764203
0.0269591
0.764203
0.0269591
0.764203
0.0269591
0.764203
-0.0055409
0.782639
0.0694591
0.614538
0.0394591
0.0107091
0.0394591
-0.000540905
0.0394591
0.0407091
0.0394591
-0.000540905
0.0394591
-0.000540905
0.0394591
0.0407091
0.0394591
-0.000540905
0.0344591
0.0069591
0.276959
0.0194591
0.78825
0.0069591
0.78825
0.0069591
0.78825
0.0069591
0.78825
0.0069591
0.725756
0.0894591
0.725756
0.0894591
0.725756
0.0894591
0.646042
0.184459
0.795139
-0.00497405
0.795139
-0.00497405
0.795139
-0.00497405
0.795139
-0.00497405
0.764215
0.0436258
0.334306
0.520306
0.0326799
0.7734
-0.00497405
0.795139
-0.00497405
0.795139
-0.00497405
0.795139
-0.0055409
0.795139
-0.0055409
0.795139
-0.0055409
0.795139
-0.0055409
0.795139
-0.0055409
0.795139
0.0269591
0.776703
-0.0055409
0.795139
-0.0055409
0.795139
0.0694591
0.614538
0.0732091
0.323209
0.0444591
0.338209
0.0044591
0.329459
0.0044591
0.338209
0.0819591
0.343209
0.0669591
0.323209
0.0044591
0.338209
0.0344591
0.338209
0.239459
0.310709
0.795139
-0.0055409
0.795139
-0.0055409
0.795139
-0.0055409
0.795139
-0.0055409
0.795139
-0.0055409
0.795139
-0.0055409
0.795139
-0.0055409
0.795139
-0.0055409
0.738343
0.0744591
0.738343
0.0744591
0.738343
0.0744591
0.738343
0.0744591
0.683801
0.139459
0.334306
0.520306
0.0326799
0.7734
-0.00497405
0.795139
0.134459
0.687997
0.134459
0.687997
0.0269591
0.776703
0.0269591
0.776703
0.0269591
0.776703
0.0269591
0.776703
0.0269591
0.776703
0.0269591
0.776703
0.0269591
0.776703
-0.0055409
0.795139
0.0694591
0.614538
0.0694591
0.0944591
0.0694591
0.0944591
0.0757091
0.181959
0.0819591
0.156959
0.0669591
0.186959
0.0732091
0.160709
0.0344591
0.173209
0.0169591
0.166959
0.164459
0.150709
0.795139
-0.0055409
0.795139
-0.0055409
0.795139
-0.0055409
0.795139
-0.0055409
0.795139
-0.0055409
0.795139
-0.0055409
0.738343
0.0744591
0.738343
0.0744591
0.710373
0.107792
0.710373
0.107792
0.710373
0.107792
0.710373
0.107792
0.64744
0.182792
0.334306
0.520306
0.134459
0.687997
0.134459
0.687997
0.134459
0.687997
0.134459
0.687997
0.0269591
0.776703
0.0269591
0.776703
0.0269591
0.776703
0.0269591
0.776703
0.0269591
0.776703
0.0269591
0.776703
0.0269591
0.776703
-0.0055409
0.795139
0.0694591
0.614538
0.0732091
0.114876
0.0694591
0.0961258
0.0694591
0.0798758
0.0632091
0.134876
0.0344591
0.114876
0.0632091
0.134876
0.0344591
0.114876
0.0394591
0.0961258
0.0344591
0.129876
0.795139
-0.0055409
0.795139
-0.0055409
0.795139
-0.0055409
0.795139
-0.0055409
0.795139
-0.0055409
0.795139
-0.0055409
0.795139
-0.0055409
0.795139
-0.0055409
0.696388
0.124459
0.696388
0.124459
0.696388
0.124459
0.696388
0.124459
0.625589
0.208834
0.334306
0.520306
0.134459
0.687997
0.134459
0.687997
0.134459
0.687997
0.134459
0.687997
0.0269591
0.776703
0.0269591
0.776703
0.0269591
0.776703
0.0269591
0.776703
0.0269591
0.776703
0.0269591
0.776703
0.0269591
0.776703
-0.0055409
0.795139
0.0694591
0.614538
0.0432091
0.0682091
0.0932091
0.108834
0.0344591
0.0888341
0.0694591
0.0632091
0.0732091
0.0744591
0.0732091
0.0888341
0.0694591
0.0744591
0.0394591
0.0794591
0.0769591
0.0725841
0.785724
0.0113341
0.785724
0.0113341
0.785724
0.0113341
0.785724
0.0113341
0.785724
0.0113341
0.785724
0.0113341
0.785724
0.0113341
0.785724
0.0113341
0.687997
0.134459
0.687997
0.134459
0.687997
0.134459
0.687997
0.134459
0.612478
0.224459
0.334306
0.520306
0.134459
0.687997
0.134459
0.687997
0.134459
0.687997
0.134459
0.687997
0.0269591
0.776703
0.0269591
0.776703
0.0269591
0.776703
0.0269591
0.776703
0.0269591
0.776703
0.0269591
0.776703
0.0269591
0.776703
-0.0055409
0.795139
0.0694591
0.614538
0.0432091
0.0582091
0.0694591
0.0382091
0.0344591
0.0882091
0.0669591
0.0632091
0.0632091
0.0732091
0.0632091
0.0669591
0.0344591
0.0694591
0.0344591
0.0694591
0.0344591
0.0694591
0.795139
-0.0055409
0.776703
0.0269591
0.776703
0.0269591
0.776703
0.0269591
0.776703
0.0269591
0.776703
0.0269591
0.776703
0.0269591
0.776703
0.0269591
