0.63315
0.184909
0.63315
0.184909
0.63315
0.184909
0.63315
0.184909
0.547142
0.287409
0.334298
0.507798
0.184909
0.63315
0.184909
0.63315
0.184909
0.63315
0.184909
0.63315
0.184909
0.63315
0.0899093
0.712865
0.0899093
0.712865
0.0899093
0.712865
0.0899093
0.712865
0.00740925
0.775361
0.00740925
0.775361
0.00740925
0.775361
-0.00509075
0.650357
-0.00509075
0.0674093
-9.07487e-05
-9.07487e-05
-9.07487e-05
-9.07487e-05
-9.07487e-05
-9.07487e-05
-9.07487e-05
-9.07487e-05
-9.07487e-05
-9.07487e-05
-0.00509075
0.0486593
0.0199093
0.00740925
0.299909
-0.00509075
0.775361
0.00740925
0.775361
0.00740925
0.775361
0.00740925
0.712865
0.0899093
0.712865
0.0899093
0.712865
0.0899093
0.712865
0.0899093
0.63315
0.184909
0.782523
-0.00499565
0.782523
-0.00499565
0.782523
-0.00499565
0.782523
-0.00499565
0.751323
0.0440759
0.334298
0.520298
0.0331165
0.773019
-0.00499565
0.795023
-0.00499565
0.795023
-0.00499565
0.795023
-0.00509075
0.795023
-0.00509075
0.795023
-0.00509075
0.795023
-0.00509075
0.795023
0.00740925
0.787861
0.00740925
0.787861
0.00740925
0.787861
0.00740925
0.787861
-0.00509075
0.650357
-0.00509075
0.349909
-0.00509075
0.319909
-0.00509075
0.208659
-0.00509075
0.204909
-0.00509075
0.323659
-0.00509075
0.319909
-0.00509075
0.208659
0.0199093
0.338659
0.188243
0.144909
0.782523
-0.00509075
0.782523
-0.00509075
0.782523
-0.00509075
0.782523
-0.00509075
0.782523
-0.00509075
0.782523
-0.00509075
0.782523
-0.00509075
0.782523
-0.00509075
0.725451
0.0749093
0.725451
0.0749093
0.725451
0.0749093
0.725451
0.0749093
0.67091
0.139909
0.334298
0.520298
0.0331165
0.773019
-0.00499565
0.795023
-0.00499565
0.795023
-0.00499565
0.795023
0.184909
0.64565
0.0899093
0.725365
0.0899093
0.725365
0.00740925
0.787861
0.00740925
0.787861
0.00740925
0.787861
0.00740925
0.787861
0.00740925
0.787861
-0.00509075
0.650357
-0.00509075
0.173659
-0.00509075
0.104909
-0.00509075
0.108659
-0.00509075
0.163659
-0.00509075
0.114909
-0.00509075
0.104909
-0.00509075
0.163659
0.0199093
0.104909
0.192409
0.151159
0.782523
-0.00509075
0.782523
-0.00509075
0.782523
-0.00509075
0.782523
-0.00509075
0.782523
-0.00509075
0.782523
-0.00509075
0.725451
0.0749093
0.725451
0.0749093
0.697481
0.108243
0.697481
0.108243
0.697481
0.108243
0.697481
0.108243
0.634549
0.183243
0.334298
0.520298
0.0331165
0.773019
0.184909
0.64565
0.184909
0.64565
0.184909
0.64565
0.184909
0.64565
0.0899093
0.725365
0.0899093
0.725365
0.0899093
0.725365
0.00740925
0.787861
0.00740925
0.787861
0.00740925
0.787861
0.00740925
0.787861
-0.00509075
0.650357
-0.00509075
0.141576
-0.00509075
0.111576
-9.07487e-05
0.0703259
-9.07487e-05
0.0665759
-0.00509075
0.115326
-0.00509075
0.115326
-0.00509075
0.115326
0.0324093
0.0803259
0.0999093
0.129076
0.782523
-0.00509075
0.782523
-0.00509075
0.782523
-0.00509075
0.782523
-0.00509075
0.782523
-0.00509075
0.782523
-0.00509075
0.782523
-0.00509075
0.782523
-0.00509075
0.683496
0.124909
0.683496
0.124909
0.683496
0.124909
0.683496
0.124909
0.612697
0.209284
0.334298
0.520298
0.184909
0.64565
0.184909
0.64565
0.184909
0.64565
0.184909
0.64565
0.184909
0.64565
0.0899093
0.725365
0.0899093
0.725365
0.0899093
0.725365
0.00740925
0.787861
0.00740925
0.787861
0.00740925
0.787861
0.00740925
0.787861
-0.00509075
0.650357
0.00615925
0.0892843
-9.07487e-05
0.0499093
-9.07487e-05
0.0599093
-9.07487e-05
0.0499093
-0.00509075
0.0955343
-0.00509075
0.115534
-0.00509075
0.0855343
0.0186593
0.0449093
-9.07487e-05
0.0686593
0.772835
0.0117843
0.772835
0.0117843
0.772835
0.0117843
0.772835
0.0117843
0.772835
0.0117843
0.772835
0.0117843
0.772835
0.0117843
0.772835
0.0117843
0.675105
0.134909
0.675105
0.134909
0.675105
0.134909
0.675105
0.134909
0.599586
0.224909
0.334298
0.520298
0.184909
0.64565
0.184909
0.64565
0.184909
0.64565
0.184909
0.64565
0.184909
0.64565
0.0899093
0.725365
0.0899093
0.725365
0.0899093
0.725365
0.00740925
0.787861
0.00740925
0.787861
0.00740925
0.787861
0.00740925
0.787861
-0.00509075
0.650357
-0.00509075
0.0736593
-9.07487e-05
0.0399093
-9.07487e-05
0.0399093
-9.07487e-05
0.0399093
0.00740925
0.0349093
-0.00509075
0.0799093
-0.00509075
0.0699093
0.0186593
0.0449093
0.194909
0.0649093
0.782523
-0.00509075
0.763814
0.0274093
0.763814
0.0274093
0.763814
0.0274093
0.763814
0.0274093
0.763814
0.0274093
0.763814
0.0274093
0.763814
0.0274093
0.795023
-0.00499565
0.795023
-0.00499565
0.795023
-0.00499565
0.795023
-0.00499565
0.773019
0.0331165
0.334298
0.507798
0.0331165
0.760519
-0.00499565
0.782523
-0.00499565
0.782523
-0.00499565
0.782523
-0.00509075
0.782523
-0.00509075
0.782523
-0.00509075
0.782523
-0.00509075
0.782523
-0.00509075
0.782523
-0.00509075
0.782523
-0.00509075
0.782523
-0.00509075
0.782523
0.144909
0.551214
0.204909
-0.00509075
0.199909
-9.07487e-05
0.199909
0.0411593
0.204909
-0.00509075
0.204909
-0.00509075
0.204909
-0.00509075
0.204909
-0.00509075
0.194909
0.00740925
0.277409
-0.00509075
0.787861
0.00740925
0.787861
0.00740925
0.787861
0.00740925
0.787861
0.00740925
0.795023
-0.00509075
0.795023
-0.00509075
0.795023
-0.00509075
0.795023
-0.00509075
0.795023
-0.00499565
0.763823
0.0440759
0.763823
0.0440759
0.763823
0.0440759
0.763823
0.0440759
0.334298
0.520298
0.0440759
0.763823
0.0440759
0.763823
0.0440759
0.763823
-0.00499565
0.795023
-0.00509075
0.795023
-0.00509075
0.795023
-0.00509075
0.795023
-0.00509075
0.795023
-0.00509075
0.795023
-0.00509075
0.795023
-0.00509075
0.795023
-0.00509075
0.795023
0.144909
0.551214
0.338659
0.194909
0.338659
0.137409
0.338659
0.213659
0.137409
0.338659
0.343659
0.323659
0.114909
0.337409
0.194909
0.338659
0.0449093
0.338659
0.0482426
0.144909
0.795023
-0.00509075
0.795023
-0.00509075
0.795023
-0.00509075
0.795023
-0.00509075
0.795023
-0.00509075
0.795023
-0.00509075
0.795023
-0.00509075
0.795023
-0.00509075
0.795023
-0.00499565
0.795023
-0.00499565
0.795023
-0.00499565
0.795023
-0.00499565
0.773019
0.0331165
0.334298
0.520298
0.0440759
0.763823
-0.00499565
0.795023
-0.00499565
0.795023
-0.00499565
0.795023
-0.00509075
0.795023
-0.00509075
0.795023
-0.00509075
0.795023
-0.00509075
0.795023
-0.00509075
0.795023
-0.00509075
0.795023
-0.00509075
0.795023
-0.00509075
0.795023
0.144909
0.551214
0.338659
0.154909
0.338659
0.0949093
0.338659
0.0499093
0.313659
0.157409
0.136159
0.151159
0.114909
0.154909
0.114909
0.154909
0.114909
0.154909
0.114909
0.151159
0.795023
-0.00509075
0.795023
-0.00509075
0.795023
-0.00509075
0.795023
-0.00509075
0.775593
0.0286593
0.775593
0.0286593
0.795023
-0.00509075
0.795023
-0.00509075
0.795023
-0.00499565
0.795023
-0.00499565
0.795023
-0.00499565
0.795023
-0.00499565
0.773019
0.0331165
0.334298
0.520298
0.0331165
0.773019
-0.00499565
0.795023
-0.00499565
0.795023
-0.00499565
0.795023
-0.00509075
0.795023
-0.00509075
0.795023
-0.00509075
0.795023
-0.00509075
0.795023
-0.00509075
0.795023
-0.00509075
0.795023
-0.00509075
0.795023
-0.00509075
0.795023
0.144909
0.551214
0.338659
0.102826
0.338659
0.0990759
0.338659
0.102826
0.343659
0.105326
0.332409
0.135326
0.234909
0.0990759
0.117409
0.129076
0.204909
0.129076
0.204909
0.129076
0.795023
-0.00509075
0.795023
-0.00509075
0.795023
-0.00509075
0.795023
-0.00509075
0.795023
-0.00509075
0.795023
-0.00509075
0.795023
-0.00509075
0.795023
-0.00509075
0.795023
-0.00499565
0.795023
-0.00499565
0.795023
-0.00499565
0.795023
-0.00499565
0.773019
0.0331165
0.334298
0.520298
0.0331165
0.773019
-0.00499565
0.795023
-0.00499565
0.795023
-0.00499565
0.795023
-0.00509075
0.795023
-0.00509075
0.795023
-0.00509075
0.795023
-0.00509075
0.795023
-0.00509075
0.795023
-0.00509075
0.795023
-0.00509075
0.795023
-0.00509075
0.795023
0.144909
0.551214
0.338659
0.0730343
0.338659
0.0374093
0.338659
0.0549093
0.223659
0.0730343
0.343659
0.0792843
0.229909
0.0686593
0.214909
0.0486593
0.214909
0.0486593
0.199909
0.0686593
0.795023
-0.00509075
0.785335
0.0117843
0.785335
0.0117843
0.785335
0.0117843
0.795023
-0.00509075
0.795023
-0.00509075
0.795023
-0.00509075
0.795023
-0.00509075
0.795023
-0.00499565
0.795023
-0.00499565
0.795023
-0.00499565
0.795023
-0.00499565
0.773019
0.0331165
0.334298
0.520298
0.0331165
0.773019
-0.00499565
0.795023
-0.00499565
0.795023
-0.00499565
0.795023
-0.00509075
0.795023
-0.00509075
0.795023
-0.00509075
0.795023
-0.00509075
0.795023
-0.00509075
0.795023
-0.00509075
0.795023
-0.00509075
0.795023
-0.00509075
0.795023
0.144909
0.551214
0.214909
0.0474093
0.338659
0.00865925
0.338659
0.0474093
0.223659
0.0449093
0.343659
0.0636593
0.234909
0.0611593
0.214909
0.0874093
0.214909
0.0649093
0.204909
0.0649093
0.795023
-0.00509075
0.795023
-0.00509075
0.776314
0.0274093
0.795023
-0.00509075
0.795023
-0.00509075
0.795023
-0.00509075
0.795023
-0.00509075
0.795023
-0.00509075
0.795023
-0.00499565
0.795023
-0.00499565
0.795023
-0.00499565
0.795023
-0.00499565
0.773019
0.0331165
0.334298
0.507798
0.0749093
0.725451
0.0749093
0.725451
0.0749093
0.725451
0.0749093
0.725451
0.0749093
0.725451
0.0749093
0.725451
-0.00509075
0.782523
-0.00509075
0.782523
-0.00509075
0.782523
-0.00509075
0.782523
-0.00509075
0.782523
-0.00509075
0.782523
0.151159
0.54597
0.104909
-0.00509075
0.0999093
-9.07487e-05
0.104909
0.0199093
0.104909
-0.00509075
0.104909
-0.00509075
0.104909
-0.00509075
0.104909
-0.00509075
0.0949093
0.00740925
0.249909
-0.00509075
0.787861
0.00740925
0.787861
0.00740925
0.787861
0.00740925
0.787861
0.00740925
0.787861
0.00740925
0.725365
0.0899093
0.725365
0.0899093
0.64565
0.184909
0.795023
-0.00499565
0.795023
-0.00499565
0.795023
-0.00499565
0.763823
0.0440759
0.763823
0.0440759
0.334298
0.520298
0.0331165
0.773019
-0.00499565
0.795023
-0.00499565
0.795023
-0.00499565
0.795023
-0.00509075
0.795023
-0.00509075
0.795023
0.0286593
0.775593
0.0286593
0.775593
-0.00509075
0.795023
-0.00509075
0.795023
-0.00509075
0.795023
-0.00509075
0.795023
0.151159
0.54597
0.124909
0.319909
0.103659
0.229909
0.154909
0.329909
0.154909
0.338659
0.0949093
0.338659
0.151159
0.338659
0.0949093
0.338659
0.0199093
0.338659
0.103243
0.144909
0.795023
-0.00509075
0.795023
-0.00509075
0.795023
-0.00509075
0.795023
-0.00509075
0.795023
-0.00509075
0.795023
-0.00509075
0.795023
-0.00509075
0.795023
-0.00509075
0.737951
0.0749093
0.737951
0.0749093
0.737951
0.0749093
0.737951
0.0749093
0.690752
0.131159
0.334298
0.520298
0.0749093
0.737951
0.0749093
0.737951
0.0749093
0.737951
0.0749093
0.737951
0.0749093
0.737951
0.0749093
0.737951
0.0286593
0.775593
-0.00509075
0.795023
-0.00509075
0.795023
-0.00509075
0.795023
-0.00509075
0.795023
-0.00509075
0.795023
0.151159
0.54597
0.114909
0.0699093
0.151159
0.114909
0.151159
0.114909
0.154909
0.123659
0.108659
0.151159
0.114909
0.154909
0.114909
0.154909
0.104909
0.0811593
0.138659
0.151159
0.795023
-0.00509075
0.795023
-0.00509075
0.795023
-0.00509075
0.795023
-0.00509075
0.795023
-0.00509075
0.775593
0.0286593
0.737951
0.0749093
0.737951
0.0749093
0.709981
0.108243
0.709981
0.108243
0.709981
0.108243
0.709981
0.108243
0.773019
0.0331165
0.334298
0.520298
0.0749093
0.737951
0.0749093
0.737951
0.0749093
0.737951
0.0749093
0.737951
0.0749093
0.737951
0.0749093
0.737951
-0.00509075
0.795023
-0.00509075
0.795023
-0.00509075
0.795023
-0.00509075
0.795023
-0.00509075
0.795023
-0.00509075
0.795023
0.151159
0.54597
0.154909
0.121576
0.154909
0.101576
0.151159
0.0753259
0.154909
0.141576
0.124909
0.130326
0.0949093
0.130326
0.124909
0.130326
0.104909
0.129076
0.104909
0.129076
0.795023
-0.00509075
0.795023
-0.00509075
0.795023
-0.00509075
0.795023
-0.00509075
0.795023
-0.00509075
0.795023
-0.00509075
0.795023
-0.00509075
0.795023
-0.00509075
0.695996
0.124909
0.695996
0.124909
0.695996
0.124909
0.795023
-0.00499565
0.773019
0.0331165
0.334298
0.520298
0.0749093
0.737951
0.0749093
0.737951
0.0749093
0.737951
0.0749093
0.737951
0.0749093
0.737951
0.0749093
0.737951
-0.00509075
0.795023
-0.00509075
0.795023
-0.00509075
0.795023
-0.00509075
0.795023
-0.00509075
0.795023
-0.00509075
0.795023
0.151159
0.54597
0.114909
0.103034
0.0999093
0.0499093
0.114909
0.0730343
0.103659
0.0799093
0.0949093
0.0892843
0.0949093
0.115534
0.0949093
0.115534
0.104909
0.115534
0.0999093
0.0686593
0.785335
0.0117843
0.785335
0.0117843
0.785335
0.0117843
0.785335
0.0117843
0.785335
0.0117843
0.785335
0.0117843
0.785335
0.0117843
0.785335
0.0117843
0.687605
0.134909
0.687605
0.134909
0.795023
-0.00499565
0.795023
-0.00499565
0.773019
0.0331165
0.334298
0.520298
0.0749093
0.737951
0.0749093
0.737951
0.0749093
0.737951
0.0749093
0.737951
0.0749093
0.737951
0.0749093
0.737951
-0.00509075
0.795023
-0.00509075
0.795023
-0.00509075
0.795023
-0.00509075
0.795023
-0.00509075
0.795023
-0.00509075
0.795023
0.151159
0.54597
0.0949093
0.0699093
0.0999093
0.0699093
0.114909
0.0674093
0.157409
0.0636593
0.0949093
0.0999093
0.114909
0.0611593
0.114909
0.0874093
0.104909
0.0674093
0.138659
0.0649093
0.795023
-0.00509075
0.776314
0.0274093
0.776314
0.0274093
0.776314
0.0274093
0.776314
0.0274093
0.776314
0.0274093
0.776314
0.0274093
0.776314
0.0274093
0.64565
0.184909
0.64565
0.184909
0.64565
0.184909
0.795023
-0.00499565
0.773019
0.0331165
0.334298
0.507798
0.108243
0.697481
0.108243
0.697481
0.108243
0.697481
0.108243
0.697481
-0.00509075
0.782523
-0.00509075
0.782523
-0.00509075
0.782523
-0.00509075
0.782523
-0.00509075
0.782523
-0.00509075
0.782523
-0.00509075
0.782523
-0.00509075
0.782523
0.129076
0.59608
0.0715759
-0.00509075
0.0665759
-9.07487e-05
0.0715759
0.0199093
0.0665759
-9.07487e-05
0.0665759
-9.07487e-05
0.0665759
-9.07487e-05
0.0665759
-9.07487e-05
0.0615759
0.00740925
0.262409
-0.00509075
0.787861
0.00740925
0.787861
0.00740925
0.787861
0.00740925
0.787861
0.00740925
0.725365
0.0899093
0.725365
0.0899093
0.725365
0.0899093
0.64565
0.184909
0.795023
-0.00499565
0.795023
-0.00499565
0.795023
-0.00499565
0.795023
-0.00499565
0.763823
0.0440759
0.334298
0.520298
0.0331165
0.773019
-0.00499565
0.795023
-0.00499565
0.795023
-0.00499565
0.795023
-0.00509075
0.795023
-0.00509075
0.795023
-0.00509075
0.795023
-0.00509075
0.795023
-0.00509075
0.795023
-0.00509075
0.795023
-0.00509075
0.795023
-0.00509075
0.795023
0.129076
0.59608
0.105326
0.343659
0.105326
0.343659
0.0990759
0.329909
0.0324093
0.338659
0.135326
0.323659
0.0115759
0.338659
0.0324093
0.338659
0.0115759
0.338659
0.128243
0.144909
0.795023
-0.00509075
0.795023
-0.00509075
0.795023
-0.00509075
0.795023
-0.00509075
0.795023
-0.00509075
0.795023
-0.00509075
0.795023
-0.00509075
0.795023
-0.00509075
0.737951
0.0749093
0.737951
0.0749093
0.737951
0.0749093
0.737951
0.0749093
0.68341
0.139909
0.334298
0.520298
0.108243
0.709981
0.108243
0.709981
0.108243
0.709981
0.108243
0.709981
-0.00509075
0.795023
-0.00509075
0.795023
-0.00509075
0.795023
-0.00509075
0.795023
-0.00509075
0.795023
-0.00509075
0.795023
-0.00509075
0.795023
-0.00509075
0.795023
0.129076
0.59608
0.130326
0.161159
0.111576
0.154909
0.130326
0.104909
0.121576
0.104909
0.0715759
0.151159
0.129076
0.114909
0.115326
0.154909
0.111576
0.154909
0.153243
0.151159
0.795023
-0.00509075
0.795023
-0.00509075
0.795023
-0.00509075
0.795023
-0.00509075
0.795023
-0.00509075
0.795023
-0.00509075
0.737951
0.0749093
0.737951
0.0749093
0.709981
0.108243
0.709981
0.108243
0.709981
0.108243
0.709981
0.108243
0.647049
0.183243
0.334298
0.520298
0.108243
0.709981
0.108243
0.709981
0.108243
0.709981
0.108243
0.709981
-0.00509075
0.795023
-0.00509075
0.795023
-0.00509075
0.795023
-0.00509075
0.795023
-0.00509075
0.795023
-0.00509075
0.795023
-0.00509075
0.795023
-0.00509075
0.795023
0.129076
0.59608
0.0915759
0.115326
0.141576
0.102826
0.102826
0.141576
0.130326
0.0915759
0.115326
0.135326
0.105326
0.124076
0.0615759
0.111576
0.0715759
0.129076
0.0715759
0.129076
0.795023
-0.00509075
0.795023
-0.00509075
0.795023
-0.00509075
0.795023
-0.00509075
0.795023
-0.00509075
0.795023
-0.00509075
0.795023
-0.00509075
0.795023
-0.00509075
0.695996
0.124909
0.695996
0.124909
0.695996
0.124909
0.695996
0.124909
0.625197
0.209284
0.334298
0.520298
0.108243
0.709981
0.108243
0.709981
0.108243
0.709981
0.108243
0.709981
-0.00509075
0.795023
-0.00509075
0.795023
-0.00509075
0.795023
-0.00509075
0.795023
-0.00509075
0.795023
-0.00509075
0.795023
-0.00509075
0.795023
-0.00509075
0.795023
0.129076
0.59608
0.130326
0.0749093
0.135326
0.0980343
0.141576
0.0830343
0.121576
0.103034
0.130326
0.0749093
0.0615759
0.115534
0.0615759
0.115534
0.0715759
0.115534
0.0665759
0.0686593
0.785335
0.0117843
0.785335
0.0117843
0.785335
0.0117843
0.785335
0.0117843
0.785335
0.0117843
0.785335
0.0117843
0.785335
0.0117843
0.785335
0.0117843
0.687605
0.134909
0.687605
0.134909
0.687605
0.134909
0.687605
0.134909
0.773019
0.0331165
0.334298
0.520298
0.108243
0.709981
0.108243
0.709981
0.108243
0.709981
0.108243
0.709981
-0.00509075
0.795023
-0.00509075
0.795023
-0.00509075
0.795023
-0.00509075
0.795023
-0.00509075
0.795023
-0.00509075
0.795023
-0.00509075
0.795023
-0.00509075
0.795023
0.129076
0.59608
0.0965759
0.0586593
0.135326
0.0936593
0.130326
0.0874093
0.141576
0.0874093
0.130326
0.0761593
0.105326
0.0674093
0.0615759
0.0699093
0.121576
0.0674093
0.157409
0.0649093
0.795023
-0.00509075
0.776314
0.0274093
0.776314
0.0274093
0.776314
0.0274093
0.776314
0.0274093
0.776314
0.0274093
0.776314
0.0274093
0.776314
0.0274093
0.64565
0.184909
0.64565
0.184909
0.64565
0.184909
0.64565
0.184909
0.773019
0.0331165
0.334298
0.507798
0.124909
0.683496
0.124909
0.683496
0.124909
0.683496
0.124909
0.683496
0.0117843
0.772835
0.0117843
0.772835
0.0117843
0.772835
0.0117843
0.772835
0.0117843
0.772835
0.0117843
0.772835
0.0117843
0.772835
0.0117843
0.772835
0.0686593
0.571965
0.0499093
0.0111593
0.0499093
-9.07487e-05
0.0499093
0.0411593
0.0499093
-9.07487e-05
0.0499093
-9.07487e-05
0.0499093
-9.07487e-05
0.0499093
-9.07487e-05
0.0449093
0.00740925
0.271784
-0.00509075
0.787861
0.00740925
0.787861
0.00740925
0.787861
0.00740925
0.787861
0.00740925
0.725365
0.0899093
0.725365
0.0899093
0.725365
0.0899093
0.64565
0.184909
0.795023
-0.00499565
0.795023
-0.00499565
0.795023
-0.00499565
0.795023
-0.00499565
0.763823
0.0440759
0.334298
0.520298
0.0331165
0.773019
-0.00499565
0.795023
-0.00499565
0.795023
-0.00499565
0.795023
-0.00509075
0.795023
-0.00509075
0.795023
-0.00509075
0.795023
-0.00509075
0.795023
0.0117843
0.785335
0.0117843
0.785335
0.0117843
0.785335
-0.00509075
0.795023
0.0686593
0.571965
0.0799093
0.203659
0.0486593
0.329909
0.115534
0.213659
0.0730343
0.338659
0.0830343
0.234909
0.0730343
0.338659
0.0730343
0.338659
0.00740925
0.338659
0.140743
0.144909
0.795023
-0.00509075
0.795023
-0.00509075
0.795023
-0.00509075
0.795023
-0.00509075
0.795023
-0.00509075
0.795023
-0.00509075
0.795023
-0.00509075
0.795023
-0.00509075
0.737951
0.0749093
0.737951
0.0749093
0.737951
0.0749093
0.737951
0.0749093
0.68341
0.139909
0.334298
0.520298
0.0331165
0.773019
0.124909
0.695996
0.124909
0.695996
0.124909
0.695996
0.0117843
0.785335
0.0117843
0.785335
0.0117843
0.785335
0.0117843
0.785335
0.0117843
0.785335
0.0117843
0.785335
0.0117843
0.785335
0.0117843
0.785335
0.0686593
0.571965
0.115534
0.0949093
0.0730343
0.123659
0.0955343
0.124909
0.0599093
0.129909
0.0730343
0.114909
0.0230343
0.114909
0.0499093
0.0999093
0.0767843
0.114909
0.160534
0.151159
0.795023
-0.00509075
0.795023
-0.00509075
0.795023
-0.00509075
0.795023
-0.00509075
0.795023
-0.00509075
0.795023
-0.00509075
0.737951
0.0749093
0.737951
0.0749093
0.709981
0.108243
0.709981
0.108243
0.709981
0.108243
0.709981
0.108243
0.647049
0.183243
0.334298
0.520298
0.124909
0.695996
0.124909
0.695996
0.124909
0.695996
0.124909
0.695996
0.0117843
0.785335
0.0117843
0.785335
0.0117843
0.785335
0.0117843
0.785335
0.0117843
0.785335
0.0117843
0.785335
0.0117843
0.785335
0.0117843
0.785335
0.0686593
0.571965
0.0799093
0.0703259
0.0730343
0.111576
0.0892843
0.0915759
0.0730343
0.141576
0.0830343
0.135326
0.0917843
0.130326
0.0449093
0.111576
0.0730343
0.141576
0.0717843
0.129076
0.795023
-0.00509075
0.795023
-0.00509075
0.795023
-0.00509075
0.795023
-0.00509075
0.795023
-0.00509075
0.795023
-0.00509075
0.795023
-0.00509075
0.795023
-0.00509075
0.695996
0.124909
0.695996
0.124909
0.695996
0.124909
0.695996
0.124909
0.625197
0.209284
0.334298
0.520298
0.124909
0.695996
0.124909
0.695996
0.124909
0.695996
0.124909
0.695996
0.0117843
0.785335
0.0117843
0.785335
0.0117843
0.785335
0.0117843
0.785335
0.0117843
0.785335
0.0117843
0.785335
0.0117843
0.785335
0.0117843
0.785335
0.0686593
0.571965
0.0799093
0.0536593
0.0749093
0.115534
0.0955343
0.0449093
0.0855343
0.0636593
0.0792843
0.0892843
0.0449093
0.115534
0.0449093
0.115534
0.0449093
0.0855343
0.0499093
0.0686593
0.785335
0.0117843
0.785335
0.0117843
0.785335
0.0117843
0.785335
0.0117843
0.785335
0.0117843
0.785335
0.0117843
0.785335
0.0117843
0.785335
0.0117843
0.687605
0.134909
0.687605
0.134909
0.687605
0.134909
0.687605
0.134909
0.612086
0.224909
0.334298
0.520298
0.124909
0.695996
0.124909
0.695996
0.124909
0.695996
0.124909
0.695996
0.0117843
0.785335
0.0117843
0.785335
0.0117843
0.785335
0.0117843
0.785335
0.0117843
0.785335
0.0117843
0.785335
0.0117843
0.785335
0.0117843
0.785335
0.0686593
0.571965
0.0799093
0.0436593
0.0749093
0.0799093
0.0955343
0.0449093
0.0830343
0.0636593
0.0499093
0.0699093
0.0892843
0.0636593
0.0792843
0.0936593
0.0449093
0.0886593
0.166784
0.0649093
0.795023
-0.00509075
0.776314
0.0274093
0.776314
0.0274093
0.776314
0.0274093
0.776314
0.0274093
0.776314
0.0274093
0.776314
0.0274093
0.776314
0.0274093
0.64565
0.184909
0.64565
0.184909
0.64565
0.184909
0.64565
0.184909
0.773019
0.0331165
0.334298
0.507798
0.134909
0.675105
0.134909
0.675105
0.134909
0.675105
0.134909
0.675105
0.0274093
0.763814
0.0274093
0.763814
0.0274093
0.763814
0.0274093
0.763814
0.0274093
0.763814
0.0274093
0.763814
0.0274093
0.763814
-0.00509075
0.782523
0.0636593
0.619391
0.0399093
0.0111593
0.0399093
-9.07487e-05
0.0399093
0.0411593
0.0399093
-9.07487e-05
0.0399093
-9.07487e-05
0.0399093
-9.07487e-05
0.0399093
-9.07487e-05
0.0349093
0.00740925
0.277409
-0.00509075
0.787861
0.00740925
0.787861
0.00740925
0.787861
0.00740925
0.787861
0.00740925
0.725365
0.0899093
0.725365
0.0899093
0.725365
0.0899093
0.64565
0.184909
0.795023
-0.00499565
0.795023
-0.00499565
0.795023
-0.00499565
0.795023
-0.00499565
0.763823
0.0440759
0.334298
0.520298
0.0331165
0.773019
-0.00499565
0.795023
-0.00499565
0.795023
-0.00499565
0.795023
-0.00509075
0.795023
-0.00509075
0.795023
-0.00509075
0.795023
-0.00509075
0.795023
-0.00509075
0.795023
0.0274093
0.776314
-0.00509075
0.795023
-0.00509075
0.795023
0.0636593
0.619391
0.0674093
0.343659
0.0611593
0.329909
0.0349093
0.214909
0.00490925
0.338659
0.0174093
0.323659
0.0636593
0.343659
0.00490925
0.338659
0.00490925
0.338659
0.148243
0.144909
0.795023
-0.00509075
0.795023
-0.00509075
0.795023
-0.00509075
0.795023
-0.00509075
0.795023
-0.00509075
0.795023
-0.00509075
0.795023
-0.00509075
0.795023
-0.00509075
0.737951
0.0749093
0.737951
0.0749093
0.737951
0.0749093
0.737951
0.0749093
0.68341
0.139909
0.334298
0.520298
0.0331165
0.773019
-0.00499565
0.795023
0.134909
0.687605
0.134909
0.687605
0.0274093
0.776314
0.0274093
0.776314
0.0274093
0.776314
0.0274093
0.776314
0.0274093
0.776314
0.0274093
0.776314
0.0274093
0.776314
-0.00509075
0.795023
0.0636593
0.619391
0.0799093
0.0949093
0.0699093
0.124909
0.0699093
0.0949093
0.0586593
0.129909
0.0574093
0.114909
0.0174093
0.114909
0.0699093
0.124909
0.0699093
0.124909
0.164909
0.151159
0.795023
-0.00509075
0.795023
-0.00509075
0.795023
-0.00509075
0.795023
-0.00509075
0.795023
-0.00509075
0.795023
-0.00509075
0.737951
0.0749093
0.737951
0.0749093
0.709981
0.108243
0.709981
0.108243
0.709981
0.108243
0.709981
0.108243
0.647049
0.183243
0.334298
0.520298
0.134909
0.687605
0.134909
0.687605
0.134909
0.687605
0.134909
0.687605
0.0274093
0.776314
0.0274093
0.776314
0.0274093
0.776314
0.0274093
0.776314
0.0274093
0.776314
0.0274093
0.776314
0.0274093
0.776314
-0.00509075
0.795023
0.0636593
0.619391
0.0636593
0.115326
0.0936593
0.115326
0.0674093
0.135326
0.0636593
0.135326
0.0636593
0.135326
0.0349093
0.115326
0.0399093
0.0853259
0.0699093
0.0915759
0.0774093
0.129076
0.795023
-0.00509075
0.795023
-0.00509075
0.795023
-0.00509075
0.795023
-0.00509075
0.795023
-0.00509075
0.795023
-0.00509075
0.795023
-0.00509075
0.795023
-0.00509075
0.695996
0.124909
0.695996
0.124909
0.695996
0.124909
0.695996
0.124909
0.625197
0.209284
0.334298
0.520298
0.134909
0.687605
0.134909
0.687605
0.134909
0.687605
0.134909
0.687605
0.0274093
0.776314
0.0274093
0.776314
0.0274093
0.776314
0.0274093
0.776314
0.0274093
0.776314
0.0274093
0.776314
0.0274093
0.776314
-0.00509075
0.795023
0.0636593
0.619391
0.0699093
0.0536593
0.0699093
0.0749093
0.0886593
0.0486593
0.0636593
0.0830343
0.0736593
0.0749093
0.0349093
0.115534
0.0449093
0.115534
0.0349093
0.115534
0.0399093
0.0686593
0.785335
0.0117843
0.785335
0.0117843
0.785335
0.0117843
0.785335
0.0117843
0.785335
0.0117843
0.785335
0.0117843
0.785335
0.0117843
0.785335
0.0117843
0.687605
0.134909
0.687605
0.134909
0.687605
0.134909
0.687605
0.134909
0.612086
0.224909
0.334298
0.520298
0.134909
0.687605
0.134909
0.687605
0.134909
0.687605
0.134909
0.687605
0.0274093
0.776314
0.0274093
0.776314
0.0274093
0.776314
0.0274093
0.776314
0.0274093
0.776314
0.0274093
0.776314
0.0274093
0.776314
-0.00509075
0.795023
0.0636593
0.619391
0.0636593
0.0736593
0.0699093
0.0699093
0.0636593
0.0674093
0.0636593
0.0636593
0.0636593
0.0736593
0.0636593
0.0674093
0.0436593
0.0699093
0.0636593
0.0636593
0.172409
0.0649093
0.795023
-0.00509075
0.776314
0.0274093
0.776314
0.0274093
0.776314
0.0274093
0.776314
0.0274093
0.776314
0.0274093
0.776314
0.0274093
0.776314
0.0274093
