0.633072
0.184998
0.633072
0.184998
0.633072
0.184998
0.633072
0.184998
0.547065
0.287498
0.334296
0.507796
0.184998
0.633072
0.184998
0.633072
0.184998
0.633072
0.184998
0.633072
0.184998
0.633072
0.0899984
0.712787
0.0899984
0.712787
0.0899984
0.712787
0.0899984
0.712787
0.00749837
0.775285
0.00749837
0.775285
0.00749837
0.775285
-0.00500163
0.650334
-0.00500163
0.0187484
-1.63478e-06
-1.63478e-06
-1.63478e-06
-1.63478e-06
-1.63478e-06
-1.63478e-06
-0.00500163
0.0487484
-1.63478e-06
-1.63478e-06
-0.00500163
0.0487484
-0.00500163
0.00749837
0.299998
-0.00500163
0.775285
0.00749837
0.775285
0.00749837
0.775285
0.00749837
0.712787
0.0899984
0.712787
0.0899984
0.712787
0.0899984
0.712787
0.0899984
0.633072
0.184998
0.7825
-0.00499992
0.7825
-0.00499992
0.7825
-0.00499992
0.7825
-0.00499992
0.751246
0.044165
0.334296
0.520296
0.0332029
0.772944
-0.00499992
0.795
-0.00499992
0.795
-0.00499992
0.795
-0.00500163
0.795
-0.00500163
0.795
-0.00500163
0.795
-0.00500163
0.795
0.00749837
0.787785
0.00749837
0.787785
0.00749837
0.787785
0.00749837
0.787785
-0.00500163
0.650334
-0.00500163
0.349998
-0.00500163
0.319998
-0.00500163
0.204998
-0.00500163
0.204998
0.00124837
0.317498
-0.00500163
0.204998
-0.00500163
0.208748
-1.63478e-06
0.199998
0.292498
0.307498
0.7825
-0.00500163
0.7825
-0.00500163
0.7825
-0.00500163
0.7825
-0.00500163
0.7825
-0.00500163
0.7825
-0.00500163
0.7825
-0.00500163
0.7825
-0.00500163
0.725373
0.0749984
0.725373
0.0749984
0.725373
0.0749984
0.725373
0.0749984
0.670832
0.139998
0.334296
0.520296
0.0332029
0.772944
-0.00499992
0.795
-0.00499992
0.795
-0.00499992
0.795
0.184998
0.645572
0.0899984
0.725287
0.0899984
0.725287
0.00749837
0.787785
0.00749837
0.787785
0.00749837
0.787785
0.00749837
0.787785
0.00749837
0.787785
-0.00500163
0.650334
-0.00500163
0.167498
-0.00500163
0.104998
-0.00500163
0.104998
-0.00500163
0.163748
0.00124837
0.167498
-0.00500163
0.104998
-0.00500163
0.163748
-1.63478e-06
0.0999984
0.192498
0.151248
0.7825
-0.00500163
0.7825
-0.00500163
0.7825
-0.00500163
0.7825
-0.00500163
0.7825
-0.00500163
0.7825
-0.00500163
0.725373
0.0749984
0.725373
0.0749984
0.697403
0.108332
0.697403
0.108332
0.697403
0.108332
0.697403
0.108332
0.634471
0.183332
0.334296
0.520296
0.0332029
0.772944
0.184998
0.645572
0.184998
0.645572
0.184998
0.645572
0.184998
0.645572
0.0899984
0.725287
0.0899984
0.725287
0.0899984
0.725287
0.00749837
0.787785
0.00749837
0.787785
0.00749837
0.787785
0.00749837
0.787785
-0.00500163
0.650334
-0.00500163
0.141665
-0.00500163
0.111665
-1.63478e-06
0.066665
-1.63478e-06
0.066665
0.00124837
0.109165
-1.63478e-06
0.066665
-0.00500163
0.115415
-1.63478e-06
0.066665
-0.00500163
0.130415
0.7825
-0.00500163
0.7825
-0.00500163
0.7825
-0.00500163
0.7825
-0.00500163
0.7825
-0.00500163
0.7825
-0.00500163
0.7825
-0.00500163
0.7825
-0.00500163
0.683418
0.124998
0.683418
0.124998
0.683418
0.124998
0.683418
0.124998
0.612619
0.209373
0.334296
0.520296
0.184998
0.645572
0.184998
0.645572
0.184998
0.645572
0.184998
0.645572
0.184998
0.645572
0.0899984
0.725287
0.0899984
0.725287
0.0899984
0.725287
0.00749837
0.787785
0.00749837
0.787785
0.00749837
0.787785
0.00749837
0.787785
-0.00500163
0.650334
-0.00500163
0.0956234
-1.63478e-06
0.0599984
-1.63478e-06
0.0599984
-1.63478e-06
0.0499984
0.00124837
0.0893734
-0.00500163
0.0856234
-0.00500163
0.0856234
-1.63478e-06
0.0499984
0.0999984
0.0731234
0.772759
0.0118734
0.772759
0.0118734
0.772759
0.0118734
0.772759
0.0118734
0.772759
0.0118734
0.772759
0.0118734
0.772759
0.0118734
0.772759
0.0118734
0.675027
0.134998
0.675027
0.134998
0.675027
0.134998
0.675027
0.134998
0.599509
0.224998
0.334296
0.520296
0.184998
0.645572
0.184998
0.645572
0.184998
0.645572
0.184998
0.645572
0.184998
0.645572
0.0899984
0.725287
0.0899984
0.725287
0.0899984
0.725287
0.00749837
0.787785
0.00749837
0.787785
0.00749837
0.787785
0.00749837
0.787785
-0.00500163
0.650334
-0.00500163
0.0699984
-1.63478e-06
0.0399984
-1.63478e-06
0.0399984
-1.63478e-06
0.0399984
0.00749837
0.0387484
-0.00500163
0.0699984
-0.00500163
0.0699984
-1.63478e-06
0.0499984
-0.00500163
0.0699984
0.7825
-0.00500163
0.763738
0.0274984
0.763738
0.0274984
0.763738
0.0274984
0.763738
0.0274984
0.763738
0.0274984
0.763738
0.0274984
0.763738
0.0274984
0.795
-0.00499992
0.795
-0.00499992
0.795
-0.00499992
0.795
-0.00499992
0.772944
0.0332029
0.334296
0.507796
0.0332029
0.760444
-0.00499992
0.7825
-0.00499992
0.7825
-0.00499992
0.7825
-0.00500163
0.7825
-0.00500163
0.7825
-0.00500163
0.7825
-0.00500163
0.7825
-0.00500163
0.7825
-0.00500163
0.7825
-0.00500163
0.7825
-0.00500163
0.7825
0.307498
0.414783
0.204998
-0.00500163
0.199998
-1.63478e-06
0.204998
-0.00500163
0.204998
-0.00500163
0.204998
-0.00500163
0.204998
0.00624837
0.204998
-0.00500163
0.194998
0.00749837
0.277498
-0.00500163
0.787785
0.00749837
0.787785
0.00749837
0.787785
0.00749837
0.787785
0.00749837
0.795
-0.00500163
0.795
-0.00500163
0.795
-0.00500163
0.795
-0.00500163
0.795
-0.00499992
0.763746
0.044165
0.763746
0.044165
0.763746
0.044165
0.763746
0.044165
0.334296
0.520296
0.044165
0.763746
0.044165
0.763746
0.044165
0.763746
-0.00499992
0.795
-0.00500163
0.795
-0.00500163
0.795
-0.00500163
0.795
-0.00500163
0.795
-0.00500163
0.795
-0.00500163
0.795
-0.00500163
0.795
-0.00500163
0.795
0.307498
0.414783
0.329998
0.107498
0.319998
0.311248
0.194998
0.319998
0.307498
0.329998
0.313748
0.313748
0.323748
0.337498
0.0487484
0.319998
0.107498
0.319998
0.099165
0.307498
0.795
-0.00500163
0.795
-0.00500163
0.795
-0.00500163
0.795
-0.00500163
0.795
-0.00500163
0.795
-0.00500163
0.795
-0.00500163
0.795
-0.00500163
0.795
-0.00499992
0.795
-0.00499992
0.795
-0.00499992
0.795
-0.00499992
0.772944
0.0332029
0.334296
0.520296
0.044165
0.763746
-0.00499992
0.795
-0.00499992
0.795
-0.00499992
0.795
-0.00500163
0.795
-0.00500163
0.795
-0.00500163
0.795
-0.00500163
0.795
-0.00500163
0.795
-0.00500163
0.795
-0.00500163
0.795
-0.00500163
0.795
0.307498
0.414783
0.329998
0.0949984
0.319998
0.124998
0.194998
0.182498
0.307498
0.173748
0.319998
0.151248
0.319998
0.154998
0.307498
0.173748
0.194998
0.163748
0.114998
0.151248
0.795
-0.00500163
0.795
-0.00500163
0.795
-0.00500163
0.795
-0.00500163
0.775516
0.0287484
0.775516
0.0287484
0.795
-0.00500163
0.795
-0.00500163
0.795
-0.00499992
0.795
-0.00499992
0.795
-0.00499992
0.795
-0.00499992
0.772944
0.0332029
0.334296
0.520296
0.0332029
0.772944
-0.00499992
0.795
-0.00499992
0.795
-0.00499992
0.795
-0.00500163
0.795
-0.00500163
0.795
-0.00500163
0.795
-0.00500163
0.795
-0.00500163
0.795
-0.00500163
0.795
-0.00500163
0.795
-0.00500163
0.795
0.307498
0.414783
0.311248
0.141665
0.307498
0.115415
0.136248
0.109165
0.307498
0.141665
0.194998
0.121665
0.313748
0.135415
0.307498
0.141665
0.349998
0.109165
0.194998
0.130415
0.795
-0.00500163
0.795
-0.00500163
0.795
-0.00500163
0.795
-0.00500163
0.795
-0.00500163
0.795
-0.00500163
0.795
-0.00500163
0.795
-0.00500163
0.795
-0.00499992
0.795
-0.00499992
0.795
-0.00499992
0.795
-0.00499992
0.772944
0.0332029
0.334296
0.520296
0.0332029
0.772944
-0.00499992
0.795
-0.00499992
0.795
-0.00499992
0.795
-0.00500163
0.795
-0.00500163
0.795
-0.00500163
0.795
-0.00500163
0.795
-0.00500163
0.795
-0.00500163
0.795
-0.00500163
0.795
-0.00500163
0.795
0.307498
0.414783
0.349998
0.0549984
0.319998
0.0487484
0.194998
0.115623
0.313748
0.0893734
0.313748
0.109373
0.213748
0.104373
0.198748
0.0856234
0.349998
0.0749984
0.204998
0.0731234
0.795
-0.00500163
0.785259
0.0118734
0.785259
0.0118734
0.785259
0.0118734
0.795
-0.00500163
0.795
-0.00500163
0.795
-0.00500163
0.795
-0.00500163
0.795
-0.00499992
0.795
-0.00499992
0.795
-0.00499992
0.795
-0.00499992
0.772944
0.0332029
0.334296
0.520296
0.0332029
0.772944
-0.00499992
0.795
-0.00499992
0.795
-0.00499992
0.795
-0.00500163
0.795
-0.00500163
0.795
-0.00500163
0.795
-0.00500163
0.795
-0.00500163
0.795
-0.00500163
0.795
-0.00500163
0.795
-0.00500163
0.795
0.307498
0.414783
0.329998
0.0274984
0.319998
0.0674984
0.203748
0.0437484
0.343748
0.0824984
0.319998
0.0362484
0.313748
0.0674984
0.199998
0.0399984
0.204998
0.0674984
0.194998
0.0699984
0.795
-0.00500163
0.795
-0.00500163
0.776238
0.0274984
0.795
-0.00500163
0.795
-0.00500163
0.795
-0.00500163
0.795
-0.00500163
0.795
-0.00500163
0.795
-0.00499992
0.795
-0.00499992
0.795
-0.00499992
0.795
-0.00499992
0.772944
0.0332029
0.334296
0.507796
0.0749984
0.725373
0.0749984
0.725373
0.0749984
0.725373
0.0749984
0.725373
0.0749984
0.725373
0.0749984
0.725373
-0.00500163
0.7825
-0.00500163
0.7825
-0.00500163
0.7825
-0.00500163
0.7825
-0.00500163
0.7825
-0.00500163
0.7825
0.151248
0.545892
0.104998
-0.00500163
0.0999984
-1.63478e-06
0.104998
-0.00500163
0.104998
-0.00500163
0.104998
-0.00500163
0.104998
0.00624837
0.104998
-0.00500163
0.0949984
0.00749837
0.249998
-0.00500163
0.787785
0.00749837
0.787785
0.00749837
0.787785
0.00749837
0.787785
0.00749837
0.787785
0.00749837
0.725287
0.0899984
0.725287
0.0899984
0.645572
0.184998
0.795
-0.00499992
0.795
-0.00499992
0.795
-0.00499992
0.763746
0.044165
0.763746
0.044165
0.334296
0.520296
0.0332029
0.772944
-0.00499992
0.795
-0.00499992
0.795
-0.00499992
0.795
-0.00500163
0.795
-0.00500163
0.795
0.0287484
0.775516
0.0287484
0.775516
-0.00500163
0.795
-0.00500163
0.795
-0.00500163
0.795
-0.00500163
0.795
0.151248
0.545892
0.173748
0.311248
0.173748
0.137498
0.176248
0.323748
0.154998
0.319998
0.163748
0.317498
0.182498
0.326248
0.167498
0.307498
0.113748
0.319998
0.169998
0.307498
0.795
-0.00500163
0.795
-0.00500163
0.795
-0.00500163
0.795
-0.00500163
0.795
-0.00500163
0.795
-0.00500163
0.795
-0.00500163
0.795
-0.00500163
0.737873
0.0749984
0.737873
0.0749984
0.737873
0.0749984
0.737873
0.0749984
0.690674
0.131248
0.334296
0.520296
0.0749984
0.737873
0.0749984
0.737873
0.0749984
0.737873
0.0749984
0.737873
0.0749984
0.737873
0.0749984
0.737873
0.0287484
0.775516
-0.00500163
0.795
-0.00500163
0.795
-0.00500163
0.795
-0.00500163
0.795
-0.00500163
0.795
0.151248
0.545892
0.182498
0.151248
0.173748
0.154998
0.176248
0.187498
0.157498
0.157498
0.163748
0.151248
0.157498
0.176248
0.151248
0.173748
0.151248
0.167498
0.138748
0.151248
0.795
-0.00500163
0.795
-0.00500163
0.795
-0.00500163
0.795
-0.00500163
0.795
-0.00500163
0.775516
0.0287484
0.737873
0.0749984
0.737873
0.0749984
0.709903
0.108332
0.709903
0.108332
0.709903
0.108332
0.709903
0.108332
0.772944
0.0332029
0.334296
0.520296
0.0749984
0.737873
0.0749984
0.737873
0.0749984
0.737873
0.0749984
0.737873
0.0749984
0.737873
0.0749984
0.737873
-0.00500163
0.795
-0.00500163
0.795
-0.00500163
0.795
-0.00500163
0.795
-0.00500163
0.795
-0.00500163
0.795
0.151248
0.545892
0.151248
0.081665
0.181248
0.101665
0.193748
0.080415
0.151248
0.141665
0.169998
0.121665
0.157498
0.135415
0.0949984
0.141665
0.104998
0.109165
0.0949984
0.130415
0.795
-0.00500163
0.795
-0.00500163
0.795
-0.00500163
0.795
-0.00500163
0.795
-0.00500163
0.795
-0.00500163
0.795
-0.00500163
0.795
-0.00500163
0.695918
0.124998
0.695918
0.124998
0.695918
0.124998
0.795
-0.00499992
0.772944
0.0332029
0.334296
0.520296
0.0749984
0.737873
0.0749984
0.737873
0.0749984
0.737873
0.0749984
0.737873
0.0749984
0.737873
0.0749984
0.737873
-0.00500163
0.795
-0.00500163
0.795
-0.00500163
0.795
-0.00500163
0.795
-0.00500163
0.795
-0.00500163
0.795
0.151248
0.545892
0.163748
0.0331234
0.173748
0.0831234
0.193748
0.0449984
0.157498
0.0793734
0.163748
0.0731234
0.182498
0.0768734
0.124998
0.0856234
0.0949984
0.0893734
0.104998
0.0731234
0.785259
0.0118734
0.785259
0.0118734
0.785259
0.0118734
0.785259
0.0118734
0.785259
0.0118734
0.785259
0.0118734
0.785259
0.0118734
0.785259
0.0118734
0.687527
0.134998
0.687527
0.134998
0.795
-0.00499992
0.795
-0.00499992
0.772944
0.0332029
0.334296
0.520296
0.0749984
0.737873
0.0749984
0.737873
0.0749984
0.737873
0.0749984
0.737873
0.0749984
0.737873
0.0749984
0.737873
-0.00500163
0.795
-0.00500163
0.795
-0.00500163
0.795
-0.00500163
0.795
-0.00500163
0.795
-0.00500163
0.795
0.151248
0.545892
0.173748
0.0649984
0.193748
0.0449984
0.193748
0.0349984
0.157498
0.0674984
0.163748
0.0474984
0.157498
0.0674984
0.0949984
0.0699984
0.157498
0.0674984
0.0949984
0.0699984
0.795
-0.00500163
0.776238
0.0274984
0.776238
0.0274984
0.776238
0.0274984
0.776238
0.0274984
0.776238
0.0274984
0.776238
0.0274984
0.776238
0.0274984
0.645572
0.184998
0.645572
0.184998
0.645572
0.184998
0.795
-0.00499992
0.772944
0.0332029
0.334296
0.507796
0.108332
0.697403
0.108332
0.697403
0.108332
0.697403
0.108332
0.697403
-0.00500163
0.7825
-0.00500163
0.7825
-0.00500163
0.7825
-0.00500163
0.7825
-0.00500163
0.7825
-0.00500163
0.7825
-0.00500163
0.7825
-0.00500163
0.7825
0.130415
0.601062
0.071665
-0.00500163
0.066665
-1.63478e-06
0.071665
-0.00500163
0.066665
-1.63478e-06
0.066665
-1.63478e-06
0.071665
0.00624837
0.066665
-1.63478e-06
0.061665
0.00749837
0.262498
-0.00500163
0.787785
0.00749837
0.787785
0.00749837
0.787785
0.00749837
0.787785
0.00749837
0.725287
0.0899984
0.725287
0.0899984
0.725287
0.0899984
0.645572
0.184998
0.795
-0.00499992
0.795
-0.00499992
0.795
-0.00499992
0.795
-0.00499992
0.763746
0.044165
0.334296
0.520296
0.0332029
0.772944
-0.00499992
0.795
-0.00499992
0.795
-0.00499992
0.795
-0.00500163
0.795
-0.00500163
0.795
-0.00500163
0.795
-0.00500163
0.795
-0.00500163
0.795
-0.00500163
0.795
-0.00500163
0.795
-0.00500163
0.795
0.130415
0.601062
0.130415
0.311248
0.105415
0.313748
0.130415
0.194998
0.0324984
0.319998
0.115415
0.311248
0.015415
0.319998
0.0399984
0.198748
0.080415
0.319998
0.204998
0.307498
0.795
-0.00500163
0.795
-0.00500163
0.795
-0.00500163
0.795
-0.00500163
0.795
-0.00500163
0.795
-0.00500163
0.795
-0.00500163
0.795
-0.00500163
0.737873
0.0749984
0.737873
0.0749984
0.737873
0.0749984
0.737873
0.0749984
0.683332
0.139998
0.334296
0.520296
0.108332
0.709903
0.108332
0.709903
0.108332
0.709903
0.108332
0.709903
-0.00500163
0.795
-0.00500163
0.795
-0.00500163
0.795
-0.00500163
0.795
-0.00500163
0.795
-0.00500163
0.795
-0.00500163
0.795
-0.00500163
0.795
0.130415
0.601062
0.115415
0.161248
0.115415
0.154998
0.130415
0.181248
0.109165
0.157498
0.109165
0.157498
0.0324984
0.163748
0.080415
0.173748
0.0324984
0.163748
0.153332
0.151248
0.795
-0.00500163
0.795
-0.00500163
0.795
-0.00500163
0.795
-0.00500163
0.795
-0.00500163
0.795
-0.00500163
0.737873
0.0749984
0.737873
0.0749984
0.709903
0.108332
0.709903
0.108332
0.709903
0.108332
0.709903
0.108332
0.646971
0.183332
0.334296
0.520296
0.108332
0.709903
0.108332
0.709903
0.108332
0.709903
0.108332
0.709903
-0.00500163
0.795
-0.00500163
0.795
-0.00500163
0.795
-0.00500163
0.795
-0.00500163
0.795
-0.00500163
0.795
-0.00500163
0.795
-0.00500163
0.795
0.130415
0.601062
0.080415
0.121665
0.141665
0.109165
0.115415
0.135415
0.117915
0.141665
0.099165
0.121665
0.135415
0.135415
0.080415
0.141665
0.071665
0.109165
0.061665
0.130415
0.795
-0.00500163
0.795
-0.00500163
0.795
-0.00500163
0.795
-0.00500163
0.795
-0.00500163
0.795
-0.00500163
0.795
-0.00500163
0.795
-0.00500163
0.695918
0.124998
0.695918
0.124998
0.695918
0.124998
0.695918
0.124998
0.625119
0.209373
0.334296
0.520296
0.108332
0.709903
0.108332
0.709903
0.108332
0.709903
0.108332
0.709903
-0.00500163
0.795
-0.00500163
0.795
-0.00500163
0.795
-0.00500163
0.795
-0.00500163
0.795
-0.00500163
0.795
-0.00500163
0.795
-0.00500163
0.795
0.130415
0.601062
0.130415
0.0449984
0.141665
0.0831234
0.115415
0.0918734
0.141665
0.0749984
0.130415
0.0731234
0.111665
0.0768734
0.115415
0.0918734
0.111665
0.0749984
0.071665
0.0731234
0.785259
0.0118734
0.785259
0.0118734
0.785259
0.0118734
0.785259
0.0118734
0.785259
0.0118734
0.785259
0.0118734
0.785259
0.0118734
0.785259
0.0118734
0.687527
0.134998
0.687527
0.134998
0.687527
0.134998
0.687527
0.134998
0.772944
0.0332029
0.334296
0.520296
0.108332
0.709903
0.108332
0.709903
0.108332
0.709903
0.108332
0.709903
-0.00500163
0.795
-0.00500163
0.795
-0.00500163
0.795
-0.00500163
0.795
-0.00500163
0.795
-0.00500163
0.795
-0.00500163
0.795
-0.00500163
0.795
0.130415
0.601062
0.135415
0.0637484
0.141665
0.0762484
0.115415
0.0874984
0.115415
0.0674984
0.135415
0.0674984
0.111665
0.0674984
0.061665
0.0699984
0.081665
0.0674984
0.061665
0.0699984
0.795
-0.00500163
0.776238
0.0274984
0.776238
0.0274984
0.776238
0.0274984
0.776238
0.0274984
0.776238
0.0274984
0.776238
0.0274984
0.776238
0.0274984
0.645572
0.184998
0.645572
0.184998
0.645572
0.184998
0.645572
0.184998
0.772944
0.0332029
0.334296
0.507796
0.124998
0.683418
0.124998
0.683418
0.124998
0.683418
0.124998
0.683418
0.0118734
0.772759
0.0118734
0.772759
0.0118734
0.772759
0.0118734
0.772759
0.0118734
0.772759
0.0118734
0.772759
0.0118734
0.772759
0.0118734
0.772759
0.0731234
0.611447
0.0499984
0.0112484
0.0499984
-1.63478e-06
0.0499984
0.0412484
0.0449984
0.0187484
0.0499984
-1.63478e-06
0.0499984
0.0412484
0.0499984
-1.63478e-06
0.0449984
0.00749837
0.271873
-0.00500163
0.787785
0.00749837
0.787785
0.00749837
0.787785
0.00749837
0.787785
0.00749837
0.725287
0.0899984
0.725287
0.0899984
0.725287
0.0899984
0.645572
0.184998
0.795
-0.00499992
0.795
-0.00499992
0.795
-0.00499992
0.795
-0.00499992
0.763746
0.044165
0.334296
0.520296
0.0332029
0.772944
-0.00499992
0.795
-0.00499992
0.795
-0.00499992
0.795
-0.00500163
0.795
-0.00500163
0.795
-0.00500163
0.795
-0.00500163
0.795
0.0118734
0.785259
0.0118734
0.785259
0.0118734
0.785259
-0.00500163
0.795
0.0731234
0.611447
0.0856234
0.213748
0.0449984
0.319998
0.115623
0.194998
0.00749837
0.329998
0.0831234
0.343748
0.0731234
0.319998
0.0487484
0.319998
0.00749837
0.319998
0.226873
0.307498
0.795
-0.00500163
0.795
-0.00500163
0.795
-0.00500163
0.795
-0.00500163
0.795
-0.00500163
0.795
-0.00500163
0.795
-0.00500163
0.795
-0.00500163
0.737873
0.0749984
0.737873
0.0749984
0.737873
0.0749984
0.737873
0.0749984
0.683332
0.139998
0.334296
0.520296
0.0332029
0.772944
0.124998
0.695918
0.124998
0.695918
0.124998
0.695918
0.0118734
0.785259
0.0118734
0.785259
0.0118734
0.785259
0.0118734
0.785259
0.0118734
0.785259
0.0118734
0.785259
0.0118734
0.785259
0.0118734
0.785259
0.0731234
0.611447
0.0918734
0.182498
0.0749984
0.163748
0.0831234
0.187498
0.109373
0.157498
0.0793734
0.187498
0.0449984
0.163748
0.0731234
0.173748
0.0918734
0.167498
0.160623
0.151248
0.795
-0.00500163
0.795
-0.00500163
0.795
-0.00500163
0.795
-0.00500163
0.795
-0.00500163
0.795
-0.00500163
0.737873
0.0749984
0.737873
0.0749984
0.709903
0.108332
0.709903
0.108332
0.709903
0.108332
0.709903
0.108332
0.646971
0.183332
0.334296
0.520296
0.124998
0.695918
0.124998
0.695918
0.124998
0.695918
0.124998
0.695918
0.0118734
0.785259
0.0118734
0.785259
0.0118734
0.785259
0.0118734
0.785259
0.0118734
0.785259
0.0118734
0.785259
0.0118734
0.785259
0.0118734
0.785259
0.0731234
0.611447
0.0831234
0.121665
0.0749984
0.141665
0.0731234
0.101665
0.0731234
0.141665
0.0793734
0.135415
0.0918734
0.130415
0.0731234
0.141665
0.0793734
0.109165
0.0449984
0.130415
0.795
-0.00500163
0.795
-0.00500163
0.795
-0.00500163
0.795
-0.00500163
0.795
-0.00500163
0.795
-0.00500163
0.795
-0.00500163
0.795
-0.00500163
0.695918
0.124998
0.695918
0.124998
0.695918
0.124998
0.695918
0.124998
0.625119
0.209373
0.334296
0.520296
0.124998
0.695918
0.124998
0.695918
0.124998
0.695918
0.124998
0.695918
0.0118734
0.785259
0.0118734
0.785259
0.0118734
0.785259
0.0118734
0.785259
0.0118734
0.785259
0.0118734
0.785259
0.0118734
0.785259
0.0118734
0.785259
0.0731234
0.611447
0.0856234
0.0749984
0.0749984
0.104373
0.0487484
0.0893734
0.0831234
0.0893734
0.0793734
0.0793734
0.0449984
0.0956234
0.0749984
0.0856234
0.0449984
0.0856234
0.0718734
0.0731234
0.785259
0.0118734
0.785259
0.0118734
0.785259
0.0118734
0.785259
0.0118734
0.785259
0.0118734
0.785259
0.0118734
0.785259
0.0118734
0.785259
0.0118734
0.687527
0.134998
0.687527
0.134998
0.687527
0.134998
0.687527
0.134998
0.612009
0.224998
0.334296
0.520296
0.124998
0.695918
0.124998
0.695918
0.124998
0.695918
0.124998
0.695918
0.0118734
0.785259
0.0118734
0.785259
0.0118734
0.785259
0.0118734
0.785259
0.0118734
0.785259
0.0118734
0.785259
0.0118734
0.785259
0.0118734
0.785259
0.0731234
0.611447
0.0981234
0.0737484
0.0749984
0.0799984
0.0487484
0.0887484
0.0893734
0.0674984
0.0831234
0.0824984
0.0793734
0.0737484
0.0449984
0.0699984
0.0831234
0.0674984
0.0449984
0.0699984
0.795
-0.00500163
0.776238
0.0274984
0.776238
0.0274984
0.776238
0.0274984
0.776238
0.0274984
0.776238
0.0274984
0.776238
0.0274984
0.776238
0.0274984
0.645572
0.184998
0.645572
0.184998
0.645572
0.184998
0.645572
0.184998
0.772944
0.0332029
0.334296
0.507796
0.134998
0.675027
0.134998
0.675027
0.134998
0.675027
0.134998
0.675027
0.0274984
0.763738
0.0274984
0.763738
0.0274984
0.763738
0.0274984
0.763738
0.0274984
0.763738
0.0274984
0.763738
0.0274984
0.763738
-0.00500163
0.7825
0.0699984
0.614069
0.0399984
-1.63478e-06
0.0399984
-1.63478e-06
0.0399984
0.0412484
0.0349984
0.0187484
0.0399984
-1.63478e-06
0.0399984
0.0412484
0.0399984
-1.63478e-06
0.0349984
0.00749837
0.277498
-0.00500163
0.787785
0.00749837
0.787785
0.00749837
0.787785
0.00749837
0.787785
0.00749837
0.725287
0.0899984
0.725287
0.0899984
0.725287
0.0899984
0.645572
0.184998
0.795
-0.00499992
0.795
-0.00499992
0.795
-0.00499992
0.795
-0.00499992
0.763746
0.044165
0.334296
0.520296
0.0332029
0.772944
-0.00499992
0.795
-0.00499992
0.795
-0.00499992
0.795
-0.00500163
0.795
-0.00500163
0.795
-0.00500163
0.795
-0.00500163
0.795
-0.00500163
0.795
0.0274984
0.776238
-0.00500163
0.795
-0.00500163
0.795
0.0699984
0.614069
0.0937484
0.332498
0.0387484
0.319998
0.0999984
0.194998
0.00499837
0.319998
0.0574984
0.319998
0.00499837
0.319998
0.0399984
0.199998
0.0349984
0.338748
0.239998
0.307498
0.795
-0.00500163
0.795
-0.00500163
0.795
-0.00500163
0.795
-0.00500163
0.795
-0.00500163
0.795
-0.00500163
0.795
-0.00500163
0.795
-0.00500163
0.737873
0.0749984
0.737873
0.0749984
0.737873
0.0749984
0.737873
0.0749984
0.683332
0.139998
0.334296
0.520296
0.0332029
0.772944
-0.00499992
0.795
0.134998
0.687527
0.134998
0.687527
0.0274984
0.776238
0.0274984
0.776238
0.0274984
0.776238
0.0274984
0.776238
0.0274984
0.776238
0.0274984
0.776238
0.0274984
0.776238
-0.00500163
0.795
0.0699984
0.614069
0.0674984
0.182498
0.0699984
0.0987484
0.0824984
0.187498
0.0637484
0.157498
0.0674984
0.157498
0.0349984
0.163748
0.0174984
0.163748
0.0174984
0.163748
0.164998
0.151248
0.795
-0.00500163
0.795
-0.00500163
0.795
-0.00500163
0.795
-0.00500163
0.795
-0.00500163
0.795
-0.00500163
0.737873
0.0749984
0.737873
0.0749984
0.709903
0.108332
0.709903
0.108332
0.709903
0.108332
0.709903
0.108332
0.646971
0.183332
0.334296
0.520296
0.134998
0.687527
0.134998
0.687527
0.134998
0.687527
0.134998
0.687527
0.0274984
0.776238
0.0274984
0.776238
0.0274984
0.776238
0.0274984
0.776238
0.0274984
0.776238
0.0274984
0.776238
0.0274984
0.776238
-0.00500163
0.795
0.0699984
0.614069
0.0737484
0.080415
0.0537484
0.141665
0.0699984
0.080415
0.0612484
0.141665
0.0824984
0.135415
0.0737484
0.135415
0.0349984
0.115415
0.0824984
0.109165
0.0349984
0.130415
0.795
-0.00500163
0.795
-0.00500163
0.795
-0.00500163
0.795
-0.00500163
0.795
-0.00500163
0.795
-0.00500163
0.795
-0.00500163
0.795
-0.00500163
0.695918
0.124998
0.695918
0.124998
0.695918
0.124998
0.695918
0.124998
0.625119
0.209373
0.334296
0.520296
0.134998
0.687527
0.134998
0.687527
0.134998
0.687527
0.134998
0.687527
0.0274984
0.776238
0.0274984
0.776238
0.0274984
0.776238
0.0274984
0.776238
0.0274984
0.776238
0.0274984
0.776238
0.0274984
0.776238
-0.00500163
0.795
0.0699984
0.614069
0.0699984
0.0449984
0.0699984
0.0749984
0.0349984
0.0893734
0.0737484
0.0793734
0.0799984
0.0749984
0.0349984
0.0956234
0.0699984
0.0749984
0.0737484
0.0749984
0.0774984
0.0731234
0.785259
0.0118734
0.785259
0.0118734
0.785259
0.0118734
0.785259
0.0118734
0.785259
0.0118734
0.785259
0.0118734
0.785259
0.0118734
0.785259
0.0118734
0.687527
0.134998
0.687527
0.134998
0.687527
0.134998
0.687527
0.134998
0.612009
0.224998
0.334296
0.520296
0.134998
0.687527
0.134998
0.687527
0.134998
0.687527
0.134998
0.687527
0.0274984
0.776238
0.0274984
0.776238
0.0274984
0.776238
0.0274984
0.776238
0.0274984
0.776238
0.0274984
0.776238
0.0274984
0.776238
-0.00500163
0.795
0.0699984
0.614069
0.0799984
0.0387484
0.0699984
0.0437484
0.0349984
0.0699984
0.0737484
0.0674984
0.0674984
0.0824984
0.0637484
0.0674984
0.0349984
0.0699984
0.0699984
0.0699984
0.0349984
0.0699984
0.795
-0.00500163
0.776238
0.0274984
0.776238
0.0274984
0.776238
0.0274984
0.776238
0.0274984
0.776238
0.0274984
0.776238
0.0274984
0.776238
0.0274984
