0.0108086
0
0.0108086
0.0108086
0.0108086
0.0108086
0.0108086
0.0108086
0.0108086
0.0108086
0.0108086
0.0108086
0.0108086
0.0108086
0.0108086
0.0108086
0.0108086
0.0108086
0.149728
0.0108086
-0.247197
0.0108086
-0.247197
0.0108086
-0.247197
0.0108086
-0.497197
0.0108086
0.202803
0.0108086
-0.497197
0.0108086
0.202803
0.0108086
0.202803
0.0108086
-0.497197
0.0108086
-0.497197
-0.497197
-0.497197
-0.397197
-0.497197
-0.497197
-0.497197
-0.397197
-0.497197
-0.0471974
-0.497197
-0.497197
-0.497197
-0.497197
-0.497197
0.202803
-0.497197
-0.497197
0.0108086
-0.497197
0.0108086
-0.497197
0.0108086
-0.497197
0.0108086
-0.497197
0.0108086
-0.497197
0.0108086
0.202803
0.0108086
0.202803
0.0108086
-0.497197
0.0108086
0
0.0108086
0.109728
0.0108086
0.109728
0.0108086
0.109728
0.0108086
0.109728
0.0108086
0.109728
0.0108086
0.109728
0.0108086
0.109728
0.0108086
0.109728
0.0108086
0.109728
-0.397197
0.109728
-0.497197
0.109728
-0.497197
0.109728
-0.497197
0.109728
-0.247197
0.109728
-0.497197
0.109728
-0.497197
0.109728
-0.497197
0.109728
-0.497197
0.0108086
-0.397197
-0.497197
-0.397197
-0.259697
0.202803
-0.334697
-0.397197
-0.259697
-0.397197
-0.334697
-0.397197
-0.447197
-0.397197
-0.334697
-0.397197
-0.447197
-0.397197
0.215303
0.109728
-0.259697
0.109728
-0.259697
0.109728
-0.322197
0.109728
-0.447197
0.109728
-0.472197
0.109728
-0.334697
0.109728
-0.334697
0.109728
-0.451364
0.0108086
0.142803
0.0108086
0.109728
0.0108086
0.109728
0.0108086
0.109728
0.0108086
0.109728
0.0108086
0.109728
0.0108086
0.109728
0.0108086
0.109728
0.0108086
0.109728
0.0108086
0.109728
-0.497197
0.109728
-0.497197
0.109728
-0.497197
0.109728
-0.497197
0.109728
-0.247197
0.109728
-0.497197
0.109728
-0.497197
0.109728
-0.497197
0.109728
-0.497197
0.0108086
-0.397197
-0.490947
-0.397197
-0.490947
-0.247197
-0.415947
-0.247197
-0.472197
-0.247197
0.167386
-0.397197
-0.415947
-0.0471974
-0.472197
-0.397197
-0.440947
-0.397197
-0.322197
0.109728
-0.440947
0.109728
-0.322197
0.109728
-0.322197
0.109728
-0.472197
0.109728
-0.472197
0.109728
-0.297197
0.109728
-0.357614
0.109728
-0.382614
0.0108086
0.155303
0.0108086
0.109728
0.0108086
0.109728
0.0108086
0.109728
0.0108086
0.109728
0.0108086
0.109728
0.0108086
0.109728
0.0108086
0.109728
0.0108086
0.109728
0.0108086
0.109728
-0.397197
0.109728
-0.497197
0.109728
-0.497197
0.109728
-0.497197
0.109728
-0.247197
0.109728
-0.497197
0.109728
-0.497197
0.109728
-0.497197
0.109728
-0.497197
0.0108086
-0.397197
-0.284697
-0.397197
-0.347197
-0.397197
-0.234697
0.202803
-0.347197
-0.247197
0.190303
-0.397197
0.190303
-0.0471974
-0.347197
-0.397197
-0.347197
-0.397197
0.190303
0.109728
-0.347197
0.109728
-0.234697
0.109728
-0.484697
0.109728
-0.455531
0.109728
-0.430531
0.109728
-0.347197
0.109728
-0.334697
0.109728
-0.355531
0.0108086
-0.382197
0.0108086
0.109728
0.0108086
0.109728
0.0108086
0.109728
0.0108086
0.109728
0.0108086
0.109728
0.0108086
0.109728
0.0108086
0.109728
0.0108086
0.109728
0.0108086
0.109728
-0.397197
0.109728
-0.497197
0.109728
-0.497197
0.109728
-0.497197
0.109728
-0.247197
0.109728
-0.497197
0.109728
-0.497197
0.109728
-0.497197
0.109728
-0.497197
0.0108086
-0.397197
-0.297197
-0.397197
-0.297197
0.202803
-0.437822
-0.247197
-0.262822
-0.247197
0.211136
-0.397197
0.0778026
-0.397197
0.124678
-0.397197
-0.322197
-0.397197
-0.287822
0.109728
-0.322197
0.109728
-0.175322
0.109728
-0.325322
0.109728
-0.325322
0.109728
-0.347197
0.109728
-0.375322
0.109728
-0.387822
0.109728
-0.375322
0.0108086
0.170303
0.0108086
0.109728
0.0108086
0.109728
0.0108086
0.109728
0.0108086
0.109728
0.0108086
0.109728
0.0108086
0.109728
0.0108086
0.109728
0.0108086
0.109728
0.0108086
0.109728
-0.497197
0.109728
-0.497197
0.109728
-0.497197
0.109728
-0.497197
0.109728
-0.247197
0.109728
-0.497197
0.109728
-0.497197
0.109728
-0.497197
0.109728
-0.497197
0.0108086
-0.397197
-0.309697
-0.397197
-0.347197
-0.397197
-0.209697
0.202803
-0.347197
-0.397197
0.196136
-0.397197
-0.209697
-0.0471974
-0.469697
-0.397197
-0.307197
-0.397197
0.0128026
0.109728
-0.347197
0.109728
-0.209697
0.109728
-0.378864
0.109728
-0.472197
0.109728
-0.472197
0.109728
-0.332197
0.109728
-0.209697
0.109728
-0.469697
0.109728
-0.247197
0.109728
0.0108086
0.109728
0.0108086
0.109728
0.0108086
0.109728
0.0108086
0.109728
0.0108086
0.109728
0.0108086
0.109728
0.0108086
0.109728
0.0108086
0.149728
0.0108086
-0.359697
0.109728
-0.447197
0.109728
-0.447197
0.109728
-0.447197
0.109728
-0.259697
0.109728
-0.447197
0.109728
-0.259697
0.109728
-0.447197
0.109728
0.215303
0.0160824
-0.334697
-0.247197
-0.334697
-0.397197
-0.447197
-0.0471974
-0.447197
0.202803
-0.447197
-0.247197
-0.447197
-0.397197
-0.497197
-0.397197
-0.447197
-0.247197
-0.432197
-0.497197
0.109728
-0.497197
0.109728
-0.247197
0.109728
-0.497197
0.109728
-0.497197
0.109728
-0.397197
0.109728
-0.497197
0.109728
-0.247197
0.109728
-0.497197
0.109728
-0.0930307
0.109728
0.0108086
0.109728
0.0108086
0.109728
0.0108086
0.109728
0.0108086
0.0108086
0.109728
0.0108086
0.109728
0.0108086
0.109728
0.0108086
0.109728
0.0108086
0.109728
-0.393031
0.109728
-0.268031
0.109728
-0.355531
0.109728
-0.493031
0.109728
-0.293031
0.109728
-0.418031
0.109728
-0.293031
0.109728
-0.380531
0.109728
-0.340947
0.109728
0.194469
-0.243031
-0.447197
-0.447197
-0.405531
-0.168031
-0.447197
-0.447197
0.131969
-0.405531
-0.405531
0.131969
-0.447197
-0.447197
-0.253447
0.146553
-0.421781
-0.340947
0.109728
-0.493031
0.109728
-0.480531
0.109728
-0.418031
0.109728
-0.480531
0.109728
-0.293031
0.109728
-0.480531
0.109728
-0.480531
0.109728
-0.418031
0.109728
-0.297197
0.109728
0.0108086
0.109728
0.0108086
0.109728
0.0108086
0.109728
0.0108086
0.0108086
0.109728
0.0108086
0.109728
0.0108086
0.109728
0.0108086
0.109728
0.0108086
0.109728
-0.443031
0.109728
-0.480531
0.109728
-0.493031
0.109728
-0.480531
0.109728
-0.293031
0.109728
-0.418031
0.109728
-0.293031
0.109728
-0.380531
0.109728
-0.340947
0.109728
0.194469
-0.399281
-0.397197
-0.422197
-0.372197
-0.465947
-0.405531
0.200719
0.165303
-0.415947
-0.405531
0.200719
-0.372197
-0.465947
0.211136
-0.440947
-0.373864
-0.465947
0.109728
-0.140947
0.109728
-0.297197
0.109728
-0.465947
0.109728
-0.465947
0.109728
-0.465947
0.109728
-0.397197
0.109728
-0.365947
0.109728
-0.297197
0.109728
-0.263864
0.109728
0.0108086
0.109728
0.0108086
0.109728
0.0108086
0.109728
0.0108086
0.0108086
0.109728
0.0108086
0.109728
0.0108086
0.109728
0.0108086
0.109728
0.0108086
0.109728
-0.443031
0.109728
-0.268031
0.109728
-0.355531
0.109728
-0.480531
0.109728
-0.293031
0.109728
-0.418031
0.109728
-0.293031
0.109728
-0.380531
0.109728
-0.340947
0.109728
-0.284697
-0.455531
-0.284697
-0.455531
-0.0971974
-0.455531
-0.284697
-0.468031
0.165303
-0.434697
-0.359697
0.131969
-0.172197
-0.468031
-0.209697
0.181969
-0.344697
-0.268031
0.109728
-0.459697
0.109728
-0.405531
0.109728
-0.247197
0.109728
-0.363864
0.109728
-0.297197
0.109728
-0.297197
0.109728
-0.247197
0.109728
-0.363864
0.109728
-0.247197
0.109728
0.0108086
0.109728
0.0108086
0.109728
0.0108086
0.109728
0.0108086
0.0108086
0.109728
0.0108086
0.109728
0.0108086
0.109728
0.0108086
0.109728
0.0108086
0.109728
-0.393031
0.109728
-0.480531
0.109728
-0.355531
0.109728
-0.480531
0.109728
-0.293031
0.109728
-0.418031
0.109728
-0.293031
0.109728
-0.380531
0.109728
-0.340947
0.109728
-0.284697
-0.469072
-0.284697
-0.469072
-0.284697
-0.459697
-0.284697
-0.347197
0.165303
-0.444072
-0.322197
0.193428
-0.322197
0.143428
-0.284697
-0.459697
-0.284697
-0.459697
0.109728
-0.322197
0.109728
-0.294072
0.109728
-0.322197
0.109728
-0.347197
0.109728
-0.322197
0.109728
-0.297197
0.109728
-0.322197
0.109728
-0.297197
0.109728
-0.234697
0.109728
0.0108086
0.109728
0.0108086
0.109728
0.0108086
0.109728
0.0108086
0.0108086
0.109728
0.0108086
0.109728
0.0108086
0.109728
0.0108086
0.109728
0.0108086
0.109728
-0.393031
0.109728
-0.480531
0.109728
-0.355531
0.109728
-0.480531
0.109728
-0.293031
0.109728
-0.493031
0.109728
-0.480531
0.109728
-0.380531
0.109728
-0.340947
0.109728
-0.322197
-0.412197
-0.284697
-0.449697
-0.243031
-0.445531
-0.284697
-0.432197
0.165303
-0.462197
-0.359697
-0.332197
-0.284697
-0.334697
-0.0346974
0.190303
-0.284697
-0.462197
0.109728
-0.309697
0.109728
-0.357197
0.109728
-0.309697
0.109728
-0.309697
0.109728
-0.334697
0.109728
-0.172197
0.109728
-0.234697
0.109728
-0.332197
0.109728
-0.497197
0.109728
0.0108086
0.109728
0.0108086
0.109728
0.0108086
0.109728
0.0108086
0.109728
0.0108086
0.109728
0.0108086
0.109728
0.0108086
0.109728
0.0108086
0.149728
0.0108086
-0.365947
0.109728
-0.322197
0.109728
-0.365947
0.109728
-0.322197
0.109728
-0.240947
0.109728
-0.415947
0.109728
-0.322197
0.109728
-0.440947
0.109728
-0.322197
0.109728
-0.365947
0.202803
-0.472197
0.202803
-0.390947
-0.0471974
-0.0409474
0.202803
-0.322197
0.202803
-0.472197
0.202803
-0.365947
-0.0471974
-0.397197
0.202803
-0.382197
-0.497197
0.109728
-0.497197
0.109728
-0.247197
0.109728
-0.497197
0.109728
-0.247197
0.109728
-0.397197
0.109728
-0.497197
0.109728
-0.247197
0.109728
-0.247197
0.109728
-0.0930307
0.109728
0.0108086
0.109728
0.0108086
0.109728
0.0108086
0.109728
0.0108086
0.0108086
0.109728
0.0108086
0.109728
0.0108086
0.109728
0.0108086
0.109728
0.0108086
0.109728
-0.297197
0.109728
-0.0721974
0.109728
-0.165947
0.109728
-0.465947
0.109728
-0.209697
0.109728
-0.465947
0.109728
0.0090526
0.109728
-0.365947
0.109728
-0.453447
0.109728
-0.465947
-0.172197
-0.465947
-0.372197
-0.465947
-0.372197
-0.465947
-0.172197
0.200719
-0.405531
-0.465947
-0.284697
-0.399281
0.194469
-0.465947
0.202803
-0.332197
-0.340947
0.109728
-0.493031
0.109728
-0.480531
0.109728
-0.380531
0.109728
-0.480531
0.109728
-0.380531
0.109728
-0.480531
0.109728
-0.343031
0.109728
-0.293031
0.109728
-0.0034474
0.109728
0.0108086
0.109728
0.0108086
0.109728
0.0108086
0.109728
0.0108086
0.0108086
0.109728
0.0108086
0.109728
0.0108086
0.109728
0.0108086
0.109728
0.0108086
0.109728
-0.372197
0.109728
-0.428447
0.109728
-0.478447
0.109728
-0.459697
0.109728
-0.403447
0.109728
-0.478447
0.109728
-0.0284474
0.109728
-0.440947
0.109728
-0.453447
0.109728
-0.340947
-0.447197
-0.422197
-0.422197
-0.230531
-0.399281
-0.340947
0.152803
-0.422197
-0.347197
-0.430531
0.200719
-0.447197
-0.422197
-0.422197
-0.447197
-0.386364
-0.465947
0.109728
-0.440947
0.109728
-0.0284474
0.109728
-0.478447
0.109728
-0.478447
0.109728
-0.428447
0.109728
-0.478447
0.109728
-0.0034474
0.109728
-0.347197
0.109728
-0.376364
0.109728
0.0108086
0.109728
0.0108086
0.109728
0.0108086
0.109728
0.0108086
0.0108086
0.109728
0.0108086
0.109728
0.0108086
0.109728
0.0108086
0.109728
0.0108086
0.109728
-0.297197
0.109728
-0.484697
0.109728
-0.484697
0.109728
-0.459697
0.109728
-0.403447
0.109728
-0.478447
0.109728
-0.0284474
0.109728
-0.478447
0.109728
-0.453447
0.109728
0.171553
-0.461781
-0.340947
-0.455531
-0.340947
-0.455531
-0.322197
-0.280531
-0.340947
-0.455531
-0.378447
-0.322197
-0.372197
-0.468031
-0.290947
0.181969
-0.400947
-0.268031
0.109728
-0.459697
0.109728
-0.293031
0.109728
-0.459697
0.109728
-0.347197
0.109728
-0.447197
0.109728
-0.413864
0.109728
-0.334697
0.109728
-0.372197
0.109728
-0.350322
0.109728
0.0108086
0.109728
0.0108086
0.109728
0.0108086
0.109728
0.0108086
0.0108086
0.109728
0.0108086
0.109728
0.0108086
0.109728
0.0108086
0.109728
0.0108086
0.109728
-0.340947
0.109728
-0.453447
0.109728
-0.478447
0.109728
-0.459697
0.109728
-0.403447
0.109728
-0.478447
0.109728
-0.0284474
0.109728
-0.484697
0.109728
-0.453447
0.109728
-0.340947
-0.459697
-0.340947
-0.459697
-0.340947
-0.459697
-0.340947
-0.259697
-0.340947
-0.459697
-0.378447
0.193428
-0.378447
0.143428
-0.340947
-0.459697
-0.340947
-0.459697
0.109728
-0.322197
0.109728
-0.250322
0.109728
-0.450322
0.109728
-0.381572
0.109728
-0.334697
0.109728
-0.397197
0.109728
-0.237822
0.109728
-0.347197
0.109728
-0.334697
0.109728
0.0108086
0.109728
0.0108086
0.109728
0.0108086
0.109728
0.0108086
0.0108086
0.109728
0.0108086
0.109728
0.0108086
0.109728
0.0108086
0.109728
0.0108086
0.109728
-0.340947
0.109728
-0.484697
0.109728
-0.478447
0.109728
-0.459697
0.109728
-0.403447
0.109728
-0.484697
0.109728
-0.0284474
0.109728
-0.478447
0.109728
-0.453447
0.109728
-0.340947
-0.387197
-0.415947
-0.332197
-0.399281
-0.445531
-0.340947
-0.0871974
-0.340947
-0.462197
-0.378447
-0.212197
-0.272197
-0.334697
-0.115947
0.190303
-0.340947
-0.462197
0.109728
-0.332197
0.109728
-0.462197
0.109728
-0.459697
0.109728
-0.359697
0.109728
-0.362197
0.109728
-0.414697
0.109728
-0.362197
0.109728
-0.332197
0.109728
-0.247197
0.109728
0.0108086
0.109728
0.0108086
0.109728
0.0108086
0.109728
0.0108086
0.109728
0.0108086
0.109728
0.0108086
0.109728
0.0108086
0.109728
0.0108086
0.149728
0.0108086
-0.347197
0.109728
-0.430531
0.109728
-0.347197
0.109728
-0.422197
0.109728
-0.209697
0.109728
-0.430531
0.109728
-0.347197
0.109728
-0.347197
0.109728
0.190303
0.0449794
-0.455531
-0.247197
-0.347197
-0.247197
-0.322197
-0.397197
-0.322197
-0.247197
-0.351364
0.202803
0.190303
-0.247197
-0.322197
-0.0471974
-0.351364
0.202803
-0.336364
-0.497197
0.109728
-0.497197
0.109728
-0.247197
0.109728
-0.497197
0.109728
-0.497197
0.109728
-0.397197
0.109728
-0.497197
0.109728
-0.247197
0.109728
-0.497197
0.109728
-0.393031
0.109728
0.0108086
0.109728
0.0108086
0.109728
0.0108086
0.109728
0.0108086
0.0108086
0.109728
0.0108086
0.109728
0.0108086
0.109728
0.0108086
0.109728
0.0108086
0.109728
-0.259697
0.109728
-0.138864
0.109728
-0.359697
0.109728
-0.363864
0.109728
-0.209697
0.109728
-0.363864
0.109728
-0.293031
0.109728
-0.405531
0.109728
-0.268031
0.109728
-0.459697
-0.372197
-0.468031
-0.172197
-0.468031
-0.284697
-0.438864
-0.0430307
-0.468031
-0.284697
-0.438864
0.131969
-0.461781
-0.178447
-0.461781
-0.0534474
-0.300947
-0.340947
0.109728
-0.293031
0.109728
-0.180531
0.109728
-0.380531
0.109728
-0.0805307
0.109728
-0.393031
0.109728
-0.280531
0.109728
-0.343031
0.109728
-0.443031
0.109728
-0.297197
0.109728
0.0108086
0.109728
0.0108086
0.109728
0.0108086
0.109728
0.0108086
0.0108086
0.109728
0.0108086
0.109728
0.0108086
0.109728
0.0108086
0.109728
0.0108086
0.109728
-0.372197
0.109728
-0.359697
0.109728
-0.413864
0.109728
-0.447197
0.109728
-0.347197
0.109728
-0.459697
0.109728
-0.293031
0.109728
-0.405531
0.109728
-0.268031
0.109728
-0.355531
-0.322197
-0.438864
-0.399281
-0.438864
-0.399281
-0.355531
-0.322197
-0.455531
0.0090526
-0.438864
-0.199281
-0.438864
-0.199281
-0.430531
-0.447197
-0.361364
-0.465947
0.109728
-0.478447
0.109728
-0.228447
0.109728
-0.478447
0.109728
-0.478447
0.109728
-0.428447
0.109728
-0.478447
0.109728
-0.484697
0.109728
-0.372197
0.109728
-0.263864
0.109728
0.0108086
0.109728
0.0108086
0.109728
0.0108086
0.109728
0.0108086
0.0108086
0.109728
0.0108086
0.109728
0.0108086
0.109728
0.0108086
0.109728
0.0108086
0.109728
-0.259697
0.109728
-0.334697
0.109728
-0.451364
0.109728
-0.447197
0.109728
-0.347197
0.109728
-0.459697
0.109728
-0.293031
0.109728
-0.405531
0.109728
-0.268031
0.109728
-0.305531
-0.434697
-0.397197
-0.430531
-0.305531
-0.434697
-0.305531
-0.368031
0.0694693
-0.405531
-0.434697
0.131969
-0.305531
-0.405531
-0.418031
0.181969
-0.419697
-0.268031
0.109728
-0.459697
0.109728
-0.293031
0.109728
-0.459697
0.109728
-0.347197
0.109728
-0.447197
0.109728
-0.347197
0.109728
-0.334697
0.109728
-0.363864
0.109728
-0.247197
0.109728
0.0108086
0.109728
0.0108086
0.109728
0.0108086
0.109728
0.0108086
0.0108086
0.109728
0.0108086
0.109728
0.0108086
0.109728
0.0108086
0.109728
0.0108086
0.109728
-0.363864
0.109728
-0.451364
0.109728
-0.413864
0.109728
-0.447197
0.109728
-0.347197
0.109728
-0.447197
0.109728
-0.293031
0.109728
-0.405531
0.109728
-0.268031
0.109728
-0.305531
-0.444072
-0.397197
-0.406572
-0.322197
-0.406572
-0.305531
-0.347197
-0.397197
-0.331572
-0.397197
0.193428
-0.305531
-0.444072
-0.397197
-0.406572
-0.338864
-0.459697
0.109728
-0.494072
0.109728
-0.459697
0.109728
-0.434697
0.109728
-0.381572
0.109728
-0.334697
0.109728
-0.334697
0.109728
-0.406572
0.109728
-0.297197
0.109728
-0.234697
0.109728
0.0108086
0.109728
0.0108086
0.109728
0.0108086
0.109728
0.0108086
0.0108086
0.109728
0.0108086
0.109728
0.0108086
0.109728
0.0108086
0.109728
0.0108086
0.109728
-0.259697
0.109728
-0.334697
0.109728
-0.413864
0.109728
-0.451364
0.109728
-0.347197
0.109728
-0.447197
0.109728
-0.293031
0.109728
-0.405531
0.109728
-0.268031
0.109728
-0.305531
-0.374697
-0.397197
-0.412197
-0.305531
-0.449697
-0.305531
-0.432197
-0.434697
-0.332197
-0.434697
-0.332197
-0.305531
-0.449697
-0.305531
0.190303
-0.338864
-0.462197
0.109728
-0.457197
0.109728
-0.462197
0.109728
-0.457197
0.109728
-0.359697
0.109728
-0.362197
0.109728
-0.324697
0.109728
-0.384697
0.109728
-0.332197
0.109728
-0.497197
0.109728
0.0108086
0.109728
0.0108086
0.109728
0.0108086
0.109728
0.0108086
0.109728
0.0108086
0.109728
0.0108086
0.109728
0.0108086
0.109728
0.0108086
0.149728
0.0108086
-0.347197
0.109728
-0.322197
0.109728
-0.325322
0.109728
-0.412822
0.109728
0.0028026
0.109728
-0.412822
0.109728
-0.347197
0.109728
-0.322197
0.109728
-0.287822
0.109728
-0.322197
-0.247197
-0.325322
-0.247197
-0.325322
-0.397197
-0.122197
0.202803
-0.325322
0.202803
-0.325322
-0.247197
-0.475322
-0.397197
-0.325322
0.202803
-0.310322
-0.497197
0.109728
-0.497197
0.109728
-0.247197
0.109728
-0.497197
0.109728
-0.247197
0.109728
-0.397197
0.109728
-0.247197
0.109728
-0.497197
0.109728
-0.497197
0.109728
-0.493031
0.109728
0.0108086
0.109728
0.0108086
0.109728
0.0108086
0.109728
0.0108086
0.0108086
0.109728
0.0108086
0.109728
0.0108086
0.109728
0.0108086
0.109728
0.0108086
0.109728
-0.247197
0.109728
-0.347197
0.109728
-0.347197
0.109728
-0.347197
0.109728
-0.300322
0.109728
-0.322197
0.109728
-0.294072
0.109728
-0.347197
0.109728
-0.459697
0.109728
-0.459697
-0.284697
-0.469072
-0.172197
-0.469072
-0.284697
-0.444072
-0.172197
-0.469072
0.0403026
-0.443031
0.131969
-0.469072
-0.284697
-0.469072
0.202803
-0.285322
-0.340947
0.109728
-0.293031
0.109728
-0.480531
0.109728
-0.380531
0.109728
-0.480531
0.109728
-0.380531
0.109728
-0.0930307
0.109728
-0.180531
0.109728
-0.443031
0.109728
-0.397197
0.109728
0.0108086
0.109728
0.0108086
0.109728
0.0108086
0.109728
0.0108086
0.0108086
0.109728
0.0108086
0.109728
0.0108086
0.109728
0.0108086
0.109728
0.0108086
0.109728
-0.250322
0.109728
-0.300322
0.109728
-0.431572
0.109728
-0.434697
0.109728
-0.334697
0.109728
-0.472197
0.109728
-0.250322
0.109728
-0.494072
0.109728
-0.459697
0.109728
0.193428
-0.178447
-0.459697
-0.340947
-0.444072
-0.365947
-0.444072
-0.190947
-0.459697
-0.340947
-0.443031
0.200719
-0.443031
-0.199281
-0.269072
-0.297197
-0.348864
-0.465947
0.109728
-0.478447
0.109728
-0.478447
0.109728
-0.478447
0.109728
-0.478447
0.109728
-0.428447
0.109728
-0.378447
0.109728
-0.359697
0.109728
-0.340947
0.109728
-0.363864
0.109728
0.0108086
0.109728
0.0108086
0.109728
0.0108086
0.109728
0.0108086
0.0108086
0.109728
0.0108086
0.109728
0.0108086
0.109728
0.0108086
0.109728
0.0108086
0.109728
-0.247197
0.109728
-0.431572
0.109728
-0.431572
0.109728
-0.434697
0.109728
-0.334697
0.109728
-0.431572
0.109728
-0.459697
0.109728
-0.494072
0.109728
-0.459697
0.109728
0.193428
-0.230531
-0.406572
-0.397197
-0.422197
-0.468031
-0.444072
-0.230531
-0.444072
-0.243031
-0.444072
0.131969
-0.194072
-0.405531
-0.444072
0.181969
-0.429072
-0.268031
0.109728
-0.459697
0.109728
-0.268031
0.109728
-0.426364
0.109728
-0.347197
0.109728
-0.447197
0.109728
-0.347197
0.109728
-0.451364
0.109728
-0.363864
0.109728
-0.347197
0.109728
0.0108086
0.109728
0.0108086
0.109728
0.0108086
0.109728
0.0108086
0.0108086
0.109728
0.0108086
0.109728
0.0108086
0.109728
0.0108086
0.109728
0.0108086
0.109728
-0.247197
0.109728
-0.434697
0.109728
-0.431572
0.109728
-0.434697
0.109728
-0.434697
0.109728
-0.431572
0.109728
-0.459697
0.109728
-0.494072
0.109728
-0.459697
0.109728
-0.406572
-0.406572
-0.444072
-0.322197
-0.406572
-0.406572
-0.444072
0.105928
-0.406572
-0.406572
-0.406572
0.193428
-0.406572
0.143428
-0.406572
-0.406572
-0.322197
-0.459697
0.109728
-0.494072
0.109728
-0.459697
0.109728
-0.256572
0.109728
-0.381572
0.109728
-0.334697
0.109728
-0.334697
0.109728
-0.406572
0.109728
-0.297197
0.109728
-0.334697
0.109728
0.0108086
0.109728
0.0108086
0.109728
0.0108086
0.109728
0.0108086
0.0108086
0.109728
0.0108086
0.109728
0.0108086
0.109728
0.0108086
0.109728
0.0108086
0.109728
-0.247197
0.109728
-0.431572
0.109728
-0.431572
0.109728
-0.434697
0.109728
-0.334697
0.109728
-0.431572
0.109728
-0.459697
0.109728
-0.494072
0.109728
-0.459697
0.109728
0.193428
-0.212197
-0.444072
-0.332197
-0.406572
-0.412197
-0.444072
-0.132197
-0.444072
-0.332197
-0.406572
0.187803
-0.322197
-0.334697
-0.322197
0.190303
-0.322197
-0.462197
0.109728
-0.487197
0.109728
-0.462197
0.109728
-0.457197
0.109728
-0.359697
0.109728
-0.362197
0.109728
-0.324697
0.109728
-0.414697
0.109728
-0.324697
0.109728
-0.247197
0.109728
0.0108086
0.109728
0.0108086
0.109728
0.0108086
0.109728
0.0108086
0.109728
0.0108086
0.109728
0.0108086
0.109728
0.0108086
0.109728
0.0108086
0.149728
0.0108086
-0.309697
0.109728
-0.244697
0.109728
-0.309697
0.109728
-0.347197
0.109728
-0.347197
0.109728
-0.307197
0.109728
-0.209697
0.109728
-0.307197
0.109728
0.0128026
0.109376
-0.347197
0.202803
-0.469697
0.202803
-0.472197
-0.0471974
0.0128026
-0.247197
-0.309697
0.202803
0.0128026
-0.247197
-0.497197
-0.397197
-0.187197
0.202803
-0.294697
-0.497197
0.109728
-0.497197
0.109728
-0.247197
0.109728
-0.497197
0.109728
-0.497197
0.109728
-0.397197
0.109728
-0.247197
0.109728
-0.247197
0.109728
-0.497197
0.109728
-0.393031
0.109728
0.0108086
0.109728
0.0108086
0.109728
0.0108086
0.109728
0.0108086
0.0108086
0.109728
0.0108086
0.109728
0.0108086
0.109728
0.0108086
0.109728
0.0108086
0.109728
-0.172197
0.109728
-0.334697
0.109728
-0.234697
0.109728
-0.334697
0.109728
-0.357197
0.109728
-0.357197
0.109728
-0.357197
0.109728
-0.332197
0.109728
-0.463447
0.109728
-0.463447
-0.253447
-0.463447
-0.253447
-0.469697
-0.284697
-0.469697
-0.172197
-0.469697
-0.284697
-0.462197
0.165303
-0.462197
-0.284697
-0.469697
0.202803
-0.273447
-0.340947
0.109728
-0.293031
0.109728
-0.480531
0.109728
-0.380531
0.109728
-0.0805307
0.109728
-0.468031
0.109728
-0.293031
0.109728
-0.343031
0.109728
-0.343031
0.109728
-0.297197
0.109728
0.0108086
0.109728
0.0108086
0.109728
0.0108086
0.109728
0.0108086
0.0108086
0.109728
0.0108086
0.109728
0.0108086
0.109728
0.0108086
0.109728
0.0108086
0.109728
-0.334697
0.109728
-0.414697
0.109728
-0.362197
0.109728
-0.414697
0.109728
-0.362197
0.109728
-0.459697
0.109728
-0.462197
0.109728
-0.462197
0.109728
-0.463447
0.109728
-0.462197
-0.340947
-0.462197
-0.340947
-0.459697
-0.165947
-0.332197
-0.340947
-0.462197
-0.190947
-0.462197
-0.140947
-0.462197
-0.340947
-0.347197
-0.0534474
-0.341364
-0.465947
0.109728
-0.328447
0.109728
-0.478447
0.109728
-0.478447
0.109728
-0.478447
0.109728
-0.428447
0.109728
-0.478447
0.109728
-0.484697
0.109728
-0.340947
0.109728
-0.263864
0.109728
0.0108086
0.109728
0.0108086
0.109728
0.0108086
0.109728
0.0108086
0.0108086
0.109728
0.0108086
0.109728
0.0108086
0.109728
0.0108086
0.109728
0.0108086
0.109728
-0.172197
0.109728
-0.359697
0.109728
-0.199697
0.109728
-0.414697
0.109728
-0.362197
0.109728
-0.462197
0.109728
-0.462197
0.109728
-0.462197
0.109728
-0.463447
0.109728
-0.332197
-0.434697
-0.449697
-0.305531
-0.334697
-0.168031
-0.332197
-0.168031
-0.209697
-0.405531
-0.449697
0.131969
-0.347197
-0.105531
-0.259697
0.181969
-0.434697
-0.268031
0.109728
-0.480531
0.109728
-0.268031
0.109728
-0.426364
0.109728
-0.347197
0.109728
-0.447197
0.109728
-0.451364
0.109728
-0.334697
0.109728
-0.301364
0.109728
-0.247197
0.109728
0.0108086
0.109728
0.0108086
0.109728
0.0108086
0.109728
0.0108086
0.0108086
0.109728
0.0108086
0.109728
0.0108086
0.109728
0.0108086
0.109728
0.0108086
0.109728
-0.172197
0.109728
-0.424697
0.109728
-0.362197
0.109728
-0.414697
0.109728
-0.362197
0.109728
-0.462197
0.109728
-0.462197
0.109728
-0.462197
0.109728
-0.463447
0.109728
-0.332197
-0.444072
-0.449697
-0.322197
-0.212197
-0.406572
-0.332197
-0.369072
-0.449697
-0.322197
-0.412197
0.193428
-0.459697
-0.444072
-0.412197
-0.406572
-0.312197
-0.459697
0.109728
-0.494072
0.109728
-0.459697
0.109728
-0.256572
0.109728
-0.381572
0.109728
-0.334697
0.109728
-0.397197
0.109728
-0.406572
0.109728
-0.344072
0.109728
-0.234697
0.109728
0.0108086
0.109728
0.0108086
0.109728
0.0108086
0.109728
0.0108086
0.0108086
0.109728
0.0108086
0.109728
0.0108086
0.109728
0.0108086
0.109728
0.0108086
0.109728
-0.172197
0.109728
-0.359697
0.109728
-0.362197
0.109728
-0.424697
0.109728
-0.362197
0.109728
-0.462197
0.109728
-0.462197
0.109728
-0.462197
0.109728
-0.463447
0.109728
-0.332197
-0.374697
-0.449697
-0.332197
-0.412197
-0.412197
-0.332197
-0.409697
-0.449697
-0.332197
-0.449697
-0.332197
-0.332197
-0.334697
-0.332197
0.190303
-0.312197
-0.462197
0.109728
-0.457197
0.109728
-0.462197
0.109728
-0.457197
0.109728
-0.359697
0.109728
-0.362197
0.109728
-0.414697
0.109728
-0.384697
0.109728
-0.332197
