0.0412317
0
0.0412317
0.0412317
0.0412317
0.0412317
0.0412317
0.0412317
0.0412317
0.0412317
0.0412317
0.0412317
0.0412317
0.0412317
0.0412317
0.0412317
0.0412317
0.0412317
0.234609
0.0412317
-1.64666
0.0412317
-1.64666
0.0412317
-1.64666
0.0412317
-1.89666
0.0412317
-1.64666
0.0412317
-1.64666
0.0412317
-1.64666
0.0412317
-1.64666
0.0412317
-1.89666
0.0412317
-1.64666
-0.896658
-1.89666
-1.44666
-1.64666
-1.89666
-1.89666
-1.89666
-1.79666
-1.64666
-1.89666
-0.896658
-1.89666
-1.89666
-1.64666
-1.64666
-1.89666
-1.89666
0.0412317
-1.64666
0.0412317
-1.64666
0.0412317
-1.89666
0.0412317
-1.64666
0.0412317
-1.64666
0.0412317
-1.89666
0.0412317
-1.19666
0.0412317
-1.64666
0.0412317
-1.75666
0.0412317
0.137109
0.0412317
0.137109
0.0412317
0.137109
0.0412317
0.137109
0.0412317
0.137109
0.0412317
0.137109
0.0412317
0.137109
0.0412317
0.137109
0.0412317
0.137109
-1.64666
0.137109
-1.64666
0.137109
-1.64666
0.137109
-1.89666
0.137109
-1.89666
0.137109
-1.64666
0.137109
-1.64666
0.137109
-1.64666
0.137109
-1.89666
0.0412317
-1.64666
-1.80916
-1.19666
-1.85082
-1.79666
-1.80916
-1.79666
-1.74666
-1.79666
-1.74666
-1.64666
-1.43416
-1.79666
-1.74666
-1.64666
-1.53416
-1.79666
-1.74666
0.137109
-1.80916
0.137109
-1.74666
0.137109
-1.74666
0.137109
-1.54666
0.137109
-1.80916
0.137109
-1.77166
0.137109
-1.83416
0.0412317
-1.64416
0.0412317
-1.81916
0.0412317
0.137109
0.0412317
0.137109
0.0412317
0.137109
0.0412317
0.137109
0.0412317
0.137109
0.0412317
0.137109
0.0412317
0.137109
0.0412317
0.137109
0.0412317
0.137109
-1.64666
0.137109
-1.64666
0.137109
-1.64666
0.137109
-1.89666
0.137109
-1.89666
0.137109
-1.64666
0.137109
-1.64666
0.137109
-1.64666
0.137109
-1.89666
0.0412317
-1.64666
-1.76541
-0.896658
-1.64041
-1.79666
-1.76541
-1.79666
-1.85707
-1.19666
-1.29666
-1.79666
-1.87166
-1.79666
-1.74666
-1.64666
-1.59666
-1.79666
-1.72166
0.137109
-1.80916
0.137109
-1.69666
0.137109
-1.77166
0.137109
-1.64041
0.137109
-1.80916
0.137109
-1.72166
0.137109
-1.72166
0.0412317
-1.80041
0.0412317
-1.78166
0.0412317
0.137109
0.0412317
0.137109
0.0412317
0.137109
0.0412317
0.137109
0.0412317
0.137109
0.0412317
0.137109
0.0412317
0.137109
0.0412317
0.137109
0.0412317
0.137109
-1.64666
0.137109
-1.64666
0.137109
-1.64666
0.137109
-1.89666
0.137109
-1.89666
0.137109
-1.64666
0.137109
-1.64666
0.137109
-1.64666
0.137109
-1.89666
0.0412317
-1.64666
-1.72166
-1.19666
-1.43416
-1.64666
-1.85499
-1.79666
-1.82999
-1.79666
-1.74666
-1.79666
-1.01332
-1.79666
-1.74666
-1.64666
-1.74666
-1.79666
-1.72166
0.137109
-1.82999
0.137109
-1.32166
0.137109
-1.41332
0.137109
-1.52582
0.137109
-1.74666
0.137109
-1.74666
0.137109
-1.74666
0.0412317
-1.73582
0.0412317
-1.78166
0.0412317
0.137109
0.0412317
0.137109
0.0412317
0.137109
0.0412317
0.137109
0.0412317
0.137109
0.0412317
0.137109
0.0412317
0.137109
0.0412317
0.137109
0.0412317
0.137109
-1.64666
0.137109
-1.64666
0.137109
-1.89666
0.137109
-1.89666
0.137109
-1.89666
0.137109
-1.64666
0.137109
-1.64666
0.137109
-1.64666
0.137109
-1.89666
0.0412317
-1.64666
-1.67166
-1.79666
-1.84978
-1.79666
-1.72478
-1.79666
-1.81228
-1.79666
-1.72478
-1.64666
-1.34978
-1.79666
-1.81228
-1.64666
-1.34978
-1.79666
-1.34978
0.137109
-1.64666
0.137109
-1.34978
0.137109
-1.34978
0.137109
-1.34978
0.137109
-1.34978
0.137109
-1.34978
0.137109
-1.56228
0.0412317
-1.68166
0.0412317
-1.78166
0.0412317
0.137109
0.0412317
0.137109
0.0412317
0.137109
0.0412317
0.137109
0.0412317
0.137109
0.0412317
0.137109
0.0412317
0.137109
0.0412317
0.137109
0.0412317
0.137109
-1.89666
0.137109
-1.64666
0.137109
-1.64666
0.137109
-1.89666
0.137109
-1.89666
0.137109
-1.64666
0.137109
-1.64666
0.137109
-1.64666
0.137109
-1.89666
0.0412317
-1.64666
-1.75666
-1.19666
-1.82832
-1.64666
-1.73166
-1.64666
-1.70666
-1.79666
-1.68166
-1.64666
-1.68666
-1.79666
-1.64916
-1.64666
-1.75666
-1.79666
-1.28166
0.137109
-1.70916
0.137109
-1.75666
0.137109
-1.40332
0.137109
-1.70666
0.137109
-1.83166
0.137109
-1.48416
0.137109
-1.82832
0.0412317
-1.81666
0.137109
-1.89666
0.137109
0.0412317
0.137109
0.0412317
0.137109
0.0412317
0.137109
0.0412317
0.137109
0.0412317
0.137109
0.0412317
0.137109
0.0412317
0.137109
0.0412317
0.0412317
0.0412317
-1.83582
0.0412317
-1.64666
0.137109
-1.80916
0.137109
-1.83416
0.137109
-1.80916
0.137109
-1.74666
0.137109
-1.74666
0.137109
-1.53416
0.137109
-1.74666
0.137109
-1.80916
-0.896658
-1.69666
-1.44666
-1.43416
-1.64666
-1.83416
-1.19666
-1.74666
-1.64666
-1.84666
-0.896658
-1.84666
-0.896658
-1.80916
-1.64666
-1.83166
-1.89666
0.137109
-1.64666
0.137109
-1.64666
0.137109
-1.89666
0.137109
-1.64666
0.137109
-1.64666
0.137109
-1.89666
0.137109
-1.64666
0.137109
-1.64666
0.137109
-1.89249
0.137109
0.0412317
0.137109
0.0412317
0.137109
0.0412317
0.137109
0.0412317
0.0412317
0.137109
0.0412317
0.137109
0.0412317
0.137109
0.0412317
0.137109
0.0412317
0.137109
-1.79249
0.137109
-1.84249
0.137109
-1.81749
0.137109
-1.87999
0.137109
-1.29249
0.137109
-1.87999
0.137109
-1.84249
0.137109
-1.29249
0.137109
-1.74666
0.137109
-1.74666
-1.79666
-1.69666
-1.85916
-1.74666
-1.58832
-1.77166
-1.65916
-1.85916
-1.68416
-1.85916
-1.43416
-1.85916
-1.69666
-1.43416
-1.74666
-1.83166
-1.77166
0.137109
-1.87999
0.137109
-1.84249
0.137109
-1.81749
0.137109
-1.87999
0.137109
-1.89249
0.137109
-1.81749
0.137109
-1.55499
0.137109
-1.81749
0.137109
-1.79666
0.137109
0.0412317
0.137109
0.0412317
0.137109
0.0412317
0.137109
0.0412317
0.0412317
0.137109
0.0412317
0.137109
0.0412317
0.137109
0.0412317
0.137109
0.0412317
0.137109
-1.79249
0.137109
-1.84249
0.137109
-1.81749
0.137109
-1.87999
0.137109
-1.29249
0.137109
-1.87999
0.137109
-1.84249
0.137109
-1.29249
0.137109
-1.74666
0.137109
-1.74666
-1.22166
-1.69666
-1.81541
-1.70916
-1.81541
-1.77166
-1.44041
-1.77166
-1.86541
-1.82166
-1.74041
-1.79666
-1.74666
-1.57166
-1.64041
-1.76749
-1.77166
0.137109
-1.69666
0.137109
-1.69666
0.137109
-1.86541
0.137109
-1.86541
0.137109
-1.86541
0.137109
-1.77166
0.137109
-1.74666
0.137109
-1.69666
0.137109
-1.76332
0.137109
0.0412317
0.137109
0.0412317
0.137109
0.0412317
0.137109
0.0412317
0.0412317
0.137109
0.0412317
0.137109
0.0412317
0.137109
0.0412317
0.137109
0.0412317
0.137109
-1.79249
0.137109
-1.89249
0.137109
-1.81749
0.137109
-1.87999
0.137109
-1.29249
0.137109
-1.87999
0.137109
-1.84249
0.137109
-1.29249
0.137109
-1.74666
0.137109
-1.72166
-1.79666
-1.74666
-1.75499
-1.72166
-1.82999
-1.72166
-1.62999
-1.68416
-1.83416
-1.68416
-1.80499
-1.72166
-1.82999
-1.75916
-1.62999
-1.68416
-1.39249
0.137109
-1.27166
0.137109
-1.76749
0.137109
-1.60916
0.137109
-1.64666
0.137109
-1.74666
0.137109
-1.74666
0.137109
-1.74666
0.137109
-1.74666
0.137109
-1.74666
0.137109
0.0412317
0.137109
0.0412317
0.137109
0.0412317
0.137109
0.0412317
0.0412317
0.137109
0.0412317
0.137109
0.0412317
0.137109
0.0412317
0.137109
0.0412317
0.137109
-1.79249
0.137109
-1.84249
0.137109
-1.81749
0.137109
-1.87999
0.137109
-1.29249
0.137109
-1.87999
0.137109
-1.84249
0.137109
-1.29249
0.137109
-1.74666
0.137109
-1.72166
-1.78103
-1.68416
-1.79353
-1.48416
-1.84353
-1.72166
-1.48103
-1.48416
-1.71853
-1.68416
-1.86853
-1.62166
-1.69666
-1.43416
-1.74666
-1.74416
-1.74666
0.137109
-1.74666
0.137109
-1.74666
0.137109
-1.74666
0.137109
-1.64666
0.137109
-1.74666
0.137109
-1.74666
0.137109
-1.74666
0.137109
-1.64353
0.137109
-1.73416
0.137109
0.0412317
0.137109
0.0412317
0.137109
0.0412317
0.137109
0.0412317
0.0412317
0.137109
0.0412317
0.137109
0.0412317
0.137109
0.0412317
0.137109
0.0412317
0.137109
-1.79249
0.137109
-1.84249
0.137109
-1.81749
0.137109
-1.87999
0.137109
-1.29249
0.137109
-1.87999
0.137109
-1.84249
0.137109
-1.29249
0.137109
-1.74666
0.137109
-1.72166
-1.81166
-1.72166
-1.81166
-1.48416
-1.66916
-1.72166
-1.87166
-1.48416
-1.75666
-1.68416
-1.86916
-1.49666
-1.74666
-1.57166
-1.75666
-1.74416
-1.75666
0.137109
-1.75666
0.137109
-1.75666
0.137109
-1.75666
0.137109
-1.73166
0.137109
-1.73166
0.137109
-1.33166
0.137109
-1.73416
0.137109
-1.33166
0.137109
-1.89666
0.137109
0.0412317
0.137109
0.0412317
0.137109
0.0412317
0.137109
0.0412317
0.137109
0.0412317
0.137109
0.0412317
0.137109
0.0412317
0.137109
0.0412317
0.0412317
0.0412317
-1.50041
0.0412317
-1.79666
0.137109
-1.64041
0.137109
-1.72166
0.137109
-1.74666
0.137109
-1.27166
0.137109
-1.69666
0.137109
-1.59666
0.137109
-1.72166
0.137109
-1.80916
-0.896658
-1.69666
-1.44666
-1.76541
-1.64666
-1.77166
-1.79666
-1.79666
-1.64666
-1.79666
-0.896658
-1.87166
-0.896658
-1.89041
-1.64666
-1.78166
-1.89666
0.137109
-1.64666
0.137109
-1.64666
0.137109
-1.89666
0.137109
-1.64666
0.137109
-1.64666
0.137109
-1.19666
0.137109
-1.64666
0.137109
-1.89666
0.137109
-1.89249
0.137109
0.0412317
0.137109
0.0412317
0.137109
0.0412317
0.137109
0.0412317
0.0412317
0.137109
0.0412317
0.137109
0.0412317
0.137109
0.0412317
0.137109
0.0412317
0.137109
-1.69666
0.137109
-1.74041
0.137109
-1.64041
0.137109
-1.86541
0.137109
-1.86541
0.137109
-1.86541
0.137109
-1.69666
0.137109
-1.69666
0.137109
-1.74666
0.137109
-1.78207
-1.77166
-1.78207
-1.69666
-1.54041
-1.44666
-1.86541
-1.48416
-1.86541
-1.68416
-1.86541
-1.68416
-1.85707
-1.69666
-1.67166
-1.74666
-1.82541
-1.77166
0.137109
-1.87999
0.137109
-1.84249
0.137109
-1.81749
0.137109
-1.55499
0.137109
-1.89249
0.137109
-1.81749
0.137109
-1.55499
0.137109
-1.84249
0.137109
-1.82791
0.137109
0.0412317
0.137109
0.0412317
0.137109
0.0412317
0.137109
0.0412317
0.0412317
0.137109
0.0412317
0.137109
0.0412317
0.137109
0.0412317
0.137109
0.0412317
0.137109
-1.72791
0.137109
-1.82791
0.137109
-1.85916
0.137109
-1.78416
0.137109
-1.87791
0.137109
-1.80291
0.137109
-1.42791
0.137109
-1.64041
0.137109
-1.74666
0.137109
-1.74666
-1.84666
-1.69666
-1.29666
-1.82999
-1.79874
-1.82999
-1.72374
-1.84666
-1.67166
-1.84666
-1.59041
-1.82166
-1.74666
-1.67166
-1.64041
-1.72791
-1.77166
0.137109
-1.27166
0.137109
-1.42791
0.137109
-1.85291
0.137109
-1.42791
0.137109
-1.85291
0.137109
-1.42791
0.137109
-1.74666
0.137109
-1.27166
0.137109
-1.77582
0.137109
0.0412317
0.137109
0.0412317
0.137109
0.0412317
0.137109
0.0412317
0.0412317
0.137109
0.0412317
0.137109
0.0412317
0.137109
0.0412317
0.137109
0.0412317
0.137109
-1.69666
0.137109
-1.87791
0.137109
-1.85916
0.137109
-1.78416
0.137109
-1.87791
0.137109
-1.80291
0.137109
-1.42791
0.137109
-1.87791
0.137109
-1.74666
0.137109
-1.81541
-1.70499
-1.69666
-1.26749
-1.54041
-1.77999
-1.81541
-1.70499
-1.81541
-1.64249
-1.81541
-1.70499
-1.77791
-1.82999
-1.77791
-1.82999
-1.72791
-1.39249
0.137109
-1.27166
0.137109
-1.27166
0.137109
-1.82999
0.137109
-1.60916
0.137109
-1.74666
0.137109
-1.85082
0.137109
-1.74666
0.137109
-1.70916
0.137109
-1.74978
0.137109
0.0412317
0.137109
0.0412317
0.137109
0.0412317
0.137109
0.0412317
0.0412317
0.137109
0.0412317
0.137109
0.0412317
0.137109
0.0412317
0.137109
0.0412317
0.137109
-1.69666
0.137109
-1.82791
0.137109
-1.85916
0.137109
-1.78416
0.137109
-1.87791
0.137109
-1.80291
0.137109
-1.42791
0.137109
-1.87791
0.137109
-1.74666
0.137109
-1.54041
-1.85916
-1.69666
-1.06853
-1.54041
-1.65916
-1.81541
-1.59353
-1.81541
-1.72166
-1.74041
-1.85916
-1.72166
-1.69666
-1.67166
-1.74666
-1.80041
-1.74666
0.137109
-1.74666
0.137109
-1.82478
0.137109
-1.82478
0.137109
-1.83103
0.137109
-1.78103
0.137109
-1.83103
0.137109
-1.74666
0.137109
-1.74978
0.137109
-1.73416
0.137109
0.0412317
0.137109
0.0412317
0.137109
0.0412317
0.137109
0.0412317
0.0412317
0.137109
0.0412317
0.137109
0.0412317
0.137109
0.0412317
0.137109
0.0412317
0.137109
-1.77166
0.137109
-1.87791
0.137109
-1.85916
0.137109
-1.78416
0.137109
-1.87791
0.137109
-1.80291
0.137109
-1.42791
0.137109
-1.87791
0.137109
-1.74666
0.137109
-1.54041
-1.26166
-1.67166
-1.83166
-1.54041
-1.45666
-1.81541
-1.13166
-1.59666
-1.75666
-1.74041
-1.86166
-1.45291
-1.74666
-1.67166
-1.75666
-1.80041
-1.75666
0.137109
-1.75666
0.137109
-1.75666
0.137109
-1.77166
0.137109
-1.80166
0.137109
-1.79666
0.137109
-1.76166
0.137109
-1.80166
0.137109
-1.33166
0.137109
-1.89666
0.137109
0.0412317
0.137109
0.0412317
0.137109
0.0412317
0.137109
0.0412317
0.137109
0.0412317
0.137109
0.0412317
0.137109
0.0412317
0.137109
0.0412317
0.0412317
0.0412317
-1.80666
0.0412317
-1.75082
0.137109
-1.74666
0.137109
-1.72166
0.137109
-1.74666
0.137109
-1.41332
0.137109
-1.72166
0.137109
-1.74666
0.137109
-1.72166
0.137109
-1.74666
-1.79666
-1.72166
-1.44666
-1.72166
-1.64666
-1.72166
-1.64666
-1.75082
-1.64666
-1.74666
-1.19666
-1.63832
-0.896658
-1.75082
-1.64666
-1.73582
-1.89666
0.137109
-1.64666
0.137109
-1.19666
0.137109
-1.89666
0.137109
-1.64666
0.137109
-1.64666
0.137109
-1.19666
0.137109
-1.64666
0.137109
-1.89666
0.137109
-1.89249
0.137109
0.0412317
0.137109
0.0412317
0.137109
0.0412317
0.137109
0.0412317
0.0412317
0.137109
0.0412317
0.137109
0.0412317
0.137109
0.0412317
0.137109
0.0412317
0.137109
-1.62582
0.137109
-1.72166
0.137109
-1.74666
0.137109
-1.74666
0.137109
-1.64666
0.137109
-1.70916
0.137109
-1.76749
0.137109
-1.87999
0.137109
-1.48416
0.137109
-1.50499
-1.75916
-1.85916
-1.69666
-1.86124
-1.65291
-1.83832
-1.26749
-1.86124
-1.45291
-1.86749
-1.43416
-1.85916
-1.69666
-1.81749
-1.53416
-1.79416
-1.77166
0.137109
-1.87999
0.137109
-1.84249
0.137109
-1.57999
0.137109
-1.55499
0.137109
-1.89249
0.137109
-1.81749
0.137109
-1.55499
0.137109
-1.84249
0.137109
-1.79666
0.137109
0.0412317
0.137109
0.0412317
0.137109
0.0412317
0.137109
0.0412317
0.0412317
0.137109
0.0412317
0.137109
0.0412317
0.137109
0.0412317
0.137109
0.0412317
0.137109
-1.67582
0.137109
-1.77166
0.137109
-1.74666
0.137109
-1.83416
0.137109
-1.74666
0.137109
-1.39249
0.137109
-1.76749
0.137109
-1.87999
0.137109
-1.48416
0.137109
-1.50499
-1.81541
-1.70499
-1.69666
-1.50499
-1.81541
-1.83832
-1.72374
-1.85499
-1.74041
-1.82999
-1.84666
-1.75499
-1.12166
-1.56749
-1.64041
-1.68416
-1.77166
0.137109
-1.85291
0.137109
-1.42791
0.137109
-1.85291
0.137109
-1.85291
0.137109
-1.85291
0.137109
-1.48416
0.137109
-1.87791
0.137109
-1.69666
0.137109
-1.76332
0.137109
0.0412317
0.137109
0.0412317
0.137109
0.0412317
0.137109
0.0412317
0.0412317
0.137109
0.0412317
0.137109
0.0412317
0.137109
0.0412317
0.137109
0.0412317
0.137109
-1.62582
0.137109
-1.84666
0.137109
-1.74666
0.137109
-1.83416
0.137109
-1.74666
0.137109
-1.39249
0.137109
-1.76749
0.137109
-1.87999
0.137109
-1.48416
0.137109
-1.50499
-1.76749
-1.75499
-1.75499
-1.72166
-1.82999
-1.82999
-1.72166
-1.83416
-1.64249
-1.75916
-1.80499
-1.79666
-1.82999
-1.75916
-1.80499
-1.71332
-1.39249
0.137109
-1.87999
0.137109
-1.27166
0.137109
-1.82999
0.137109
-1.60916
0.137109
-1.74666
0.137109
-1.85082
0.137109
-1.85082
0.137109
-1.69666
0.137109
-1.74666
0.137109
0.0412317
0.137109
0.0412317
0.137109
0.0412317
0.137109
0.0412317
0.0412317
0.137109
0.0412317
0.137109
0.0412317
0.137109
0.0412317
0.137109
0.0412317
0.137109
-1.62582
0.137109
-1.84666
0.137109
-1.74666
0.137109
-1.83416
0.137109
-1.74666
0.137109
-1.74666
0.137109
-1.76749
0.137109
-1.87999
0.137109
-1.48416
0.137109
-1.50499
-1.82166
-1.75499
-1.69666
-1.50499
-1.84353
-1.81749
-1.84353
-1.56749
-1.71853
-1.79666
-1.80603
-1.75499
-1.69666
-1.75916
-1.74666
-1.81916
-1.74666
0.137109
-1.88416
0.137109
-1.74666
0.137109
-1.40603
0.137109
-1.83103
0.137109
-1.83103
0.137109
-1.43416
0.137109
-1.83416
0.137109
-1.69666
0.137109
-1.73416
0.137109
0.0412317
0.137109
0.0412317
0.137109
0.0412317
0.137109
0.0412317
0.0412317
0.137109
0.0412317
0.137109
0.0412317
0.137109
0.0412317
0.137109
0.0412317
0.137109
-1.62582
0.137109
-1.84666
0.137109
-1.74666
0.137109
-1.83416
0.137109
-1.74666
0.137109
-1.74666
0.137109
-1.76749
0.137109
-1.87999
0.137109
-1.48416
0.137109
-1.50499
-1.84916
-1.70499
-1.47416
-1.79666
-1.73666
-1.75499
-1.70666
-1.56749
-1.75666
-1.32999
-1.84916
-1.70499
-1.74666
-1.70499
-1.74666
-1.81916
-1.75666
0.137109
-1.89416
0.137109
-1.75666
0.137109
-1.27166
0.137109
-1.80166
0.137109
-1.79666
0.137109
-1.76166
0.137109
-1.82166
0.137109
-1.33166
0.137109
-1.89666
0.137109
0.0412317
0.137109
0.0412317
0.137109
0.0412317
0.137109
0.0412317
0.137109
0.0412317
0.137109
0.0412317
0.137109
0.0412317
0.137109
0.0412317
0.0412317
0.0412317
-1.55978
0.0412317
-1.83832
0.137109
-1.72478
0.137109
-1.83832
0.137109
-1.72478
0.137109
-1.34978
0.137109
-1.72478
0.137109
-1.72478
0.137109
-1.34978
0.137109
-1.72478
-1.79666
-1.69666
-1.44666
-1.74666
-1.64666
-1.78728
-1.19666
-1.32478
-0.896658
-1.72478
-1.79666
-1.81332
-0.896658
-1.72478
-1.64666
-1.70978
-1.89666
0.137109
-1.64666
0.137109
-1.64666
0.137109
-1.89666
0.137109
-1.64666
0.137109
-1.64666
0.137109
-1.89666
0.137109
-1.64666
0.137109
-1.89666
0.137109
-1.89249
0.137109
0.0412317
0.137109
0.0412317
0.137109
0.0412317
0.137109
0.0412317
0.0412317
0.137109
0.0412317
0.137109
0.0412317
0.137109
0.0412317
0.137109
0.0412317
0.137109
-1.61853
0.137109
-1.66853
0.137109
-1.74666
0.137109
-1.74666
0.137109
-1.74666
0.137109
-1.74666
0.137109
-1.74666
0.137109
-1.74666
0.137109
-1.74666
0.137109
-1.74666
-1.43416
-1.74666
-1.45916
-1.74666
-1.65916
-1.77166
-1.42166
-1.86853
-1.68416
-1.86853
-1.43416
-1.86228
-1.45291
-1.86853
-1.60916
-1.77853
-1.77166
0.137109
-1.87999
0.137109
-1.84249
0.137109
-1.57999
0.137109
-1.55499
0.137109
-1.89249
0.137109
-1.81749
0.137109
-1.55499
0.137109
-1.84249
0.137109
-1.79666
0.137109
0.0412317
0.137109
0.0412317
0.137109
0.0412317
0.137109
0.0412317
0.0412317
0.137109
0.0412317
0.137109
0.0412317
0.137109
0.0412317
0.137109
0.0412317
0.137109
-1.62166
0.137109
-1.72166
0.137109
-1.83103
0.137109
-1.83416
0.137109
-1.40603
0.137109
-1.82478
0.137109
-1.82478
0.137109
-1.74666
0.137109
-1.74666
0.137109
-1.74666
-1.59041
-1.74666
-1.59041
-1.72166
-1.81541
-1.72166
-1.81541
-1.85916
-1.74041
-1.85916
-1.59041
-1.66853
-1.69666
-1.64666
-1.64041
-1.66228
-1.77166
0.137109
-1.85291
0.137109
-1.42791
0.137109
-1.85291
0.137109
-1.72791
0.137109
-1.85291
0.137109
-1.42791
0.137109
-1.42791
0.137109
-1.69666
0.137109
-1.76332
0.137109
0.0412317
0.137109
0.0412317
0.137109
0.0412317
0.137109
0.0412317
0.0412317
0.137109
0.0412317
0.137109
0.0412317
0.137109
0.0412317
0.137109
0.0412317
0.137109
-1.61853
0.137109
-1.83103
0.137109
-1.83103
0.137109
-1.83416
0.137109
-1.40603
0.137109
-1.35603
0.137109
-1.74666
0.137109
-1.74666
0.137109
-1.74666
0.137109
-1.74666
-1.64249
-1.74666
-1.50499
-1.74666
-1.56749
-1.72166
-1.39249
-1.84353
-1.64249
-1.84353
-1.70499
-1.80603
-1.82999
-1.80603
-1.82999
-1.70603
-1.39249
0.137109
-1.87999
0.137109
-1.87999
0.137109
-1.41332
0.137109
-1.64666
0.137109
-1.74666
0.137109
-1.85082
0.137109
-1.74666
0.137109
-1.69666
0.137109
-1.74666
0.137109
0.0412317
0.137109
0.0412317
0.137109
0.0412317
0.137109
0.0412317
0.0412317
0.137109
0.0412317
0.137109
0.0412317
0.137109
0.0412317
0.137109
0.0412317
0.137109
-1.61853
0.137109
-1.83103
0.137109
-1.83103
0.137109
-1.83416
0.137109
-1.40603
0.137109
-1.35603
0.137109
-1.74666
0.137109
-1.74666
0.137109
-1.74666
0.137109
-1.74666
-1.66853
-1.74666
-1.46853
-1.72166
-1.84353
-1.72166
-1.84353
-1.66853
-1.71853
-1.80603
-1.80603
-1.72166
-1.71853
-1.59353
-1.74666
-1.82853
-1.74666
0.137109
-1.27166
0.137109
-1.74666
0.137109
-1.40603
0.137109
-1.43103
0.137109
-1.83103
0.137109
-1.83103
0.137109
-1.40603
0.137109
-1.69666
0.137109
-1.73416
0.137109
0.0412317
0.137109
0.0412317
0.137109
0.0412317
0.137109
0.0412317
0.0412317
0.137109
0.0412317
0.137109
0.0412317
0.137109
0.0412317
0.137109
0.0412317
0.137109
-1.64666
0.137109
-1.83103
0.137109
-1.83103
0.137109
-1.83416
0.137109
-1.40603
0.137109
-1.35603
0.137109
-1.74666
0.137109
-1.74666
0.137109
-1.74666
0.137109
-1.74666
-1.68416
-1.69666
-1.58166
-1.84353
-1.68416
-1.72166
-1.84916
-1.66853
-1.75666
-1.84353
-1.73166
-1.80603
-1.27166
-1.73103
-1.74666
-1.82853
-1.75666
0.137109
-1.27166
0.137109
-1.75666
0.137109
-1.87416
0.137109
-1.80166
0.137109
-1.79666
0.137109
-1.76166
0.137109
-1.80166
0.137109
-1.33166
0.137109
-1.89666
0.137109
0.0412317
0.137109
0.0412317
0.137109
0.0412317
0.137109
0.0412317
0.137109
0.0412317
0.137109
0.0412317
0.137109
0.0412317
0.137109
0.0412317
0.0412317
0.0412317
-1.69416
0.0412317
-1.64666
0.137109
-1.70916
0.137109
-1.82832
0.137109
-1.70666
0.137109
-1.74666
0.137109
-1.75666
0.137109
-1.75666
0.137109
-1.28166
0.137109
-1.70916
-0.896658
-1.70916
-1.44666
-1.74666
-1.64666
-1.48416
-1.19666
-1.68166
-0.896658
-1.78166
-1.44666
-1.70916
-1.19666
-1.68166
-1.64666
-1.69416
-1.89666
0.137109
-1.64666
0.137109
-1.64666
0.137109
-1.89666
0.137109
-1.64666
0.137109
-1.89666
0.137109
-1.89666
0.137109
-1.64666
0.137109
-1.89666
0.137109
-1.89249
0.137109
0.0412317
0.137109
0.0412317
0.137109
0.0412317
0.137109
0.0412317
0.0412317
0.137109
0.0412317
0.137109
0.0412317
0.137109
0.0412317
0.137109
0.0412317
0.137109
-1.73166
0.137109
-1.64666
0.137109
-1.70916
0.137109
-1.33166
0.137109
-1.75666
0.137109
-1.75666
0.137109
-1.75666
0.137109
-1.75666
0.137109
-1.75666
0.137109
-1.86291
-1.65291
-1.86291
-1.65291
-1.49416
-1.60916
-1.86916
-1.68416
-1.86916
-1.68416
-1.86916
-1.43416
-1.87166
-1.12166
-1.85916
-1.53416
-1.76916
-1.77166
0.137109
-1.87999
0.137109
-1.84249
0.137109
-1.57999
0.137109
-1.87999
0.137109
-1.89249
0.137109
-1.81749
0.137109
-1.55499
0.137109
-1.77999
0.137109
-1.79666
0.137109
0.0412317
0.137109
0.0412317
0.137109
0.0412317
0.137109
0.0412317
0.0412317
0.137109
0.0412317
0.137109
0.0412317
0.137109
0.0412317
0.137109
0.0412317
0.137109
-1.73166
0.137109
-1.80166
0.137109
-1.79666
0.137109
-1.80166
0.137109
-1.80166
0.137109
-1.84916
0.137109
-1.75666
0.137109
-1.75666
0.137109
-1.75666
0.137109
-1.74666
-1.65291
-1.73166
-1.81541
-1.74666
-1.45291
-1.84499
-1.59874
-1.86166
-1.67166
-1.86166
-1.74041
-1.48416
-1.69666
-1.73166
-1.64041
-1.64916
-1.77166
0.137109
-1.85291
0.137109
-1.42791
0.137109
-1.85291
0.137109
-1.72791
0.137109
-1.85291
0.137109
-1.48416
0.137109
-1.87791
0.137109
-1.54041
0.137109
-1.76332
0.137109
0.0412317
0.137109
0.0412317
0.137109
0.0412317
0.137109
0.0412317
0.0412317
0.137109
0.0412317
0.137109
0.0412317
0.137109
0.0412317
0.137109
0.0412317
0.137109
-1.73166
0.137109
-1.82416
0.137109
-1.79666
0.137109
-1.80166
0.137109
-1.80166
0.137109
-1.75666
0.137109
-1.75666
0.137109
-1.75666
0.137109
-1.75666
0.137109
-1.74666
-1.70499
-1.74666
-1.50499
-1.73666
-1.82999
-1.84916
-1.70499
-1.81166
-1.72166
-1.81166
-1.72166
-1.73666
-1.82999
-1.73166
-1.76749
-1.70166
-1.39249
0.137109
-1.87999
0.137109
-1.76749
0.137109
-1.41332
0.137109
-1.64666
0.137109
-1.74666
0.137109
-1.85082
0.137109
-1.85082
0.137109
-1.43416
0.137109
-1.74666
0.137109
0.0412317
0.137109
0.0412317
0.137109
0.0412317
0.137109
0.0412317
0.0412317
0.137109
0.0412317
0.137109
0.0412317
0.137109
0.0412317
0.137109
0.0412317
0.137109
-1.73166
0.137109
-1.80166
0.137109
-1.79666
0.137109
-1.80166
0.137109
-1.80166
0.137109
-1.75666
0.137109
-1.75666
0.137109
-1.75666
0.137109
-1.75666
0.137109
-1.74666
-1.73103
-1.73166
-1.71853
-1.74666
-1.53103
-1.81166
-1.80603
-1.48416
-1.71853
-1.81166
-1.80603
-1.70666
-1.69666
-1.73166
-1.84353
-1.83416
-1.74666
0.137109
-1.27166
0.137109
-1.74666
0.137109
-1.40603
0.137109
-1.83103
0.137109
-1.78103
0.137109
-1.43416
0.137109
-1.83416
0.137109
-1.67166
0.137109
-1.73416
0.137109
0.0412317
0.137109
0.0412317
0.137109
0.0412317
0.137109
0.0412317
0.0412317
0.137109
0.0412317
0.137109
0.0412317
0.137109
0.0412317
0.137109
0.0412317
0.137109
-1.73166
0.137109
-1.82416
0.137109
-1.79666
0.137109
-1.80166
0.137109
-1.80166
0.137109
-1.75666
0.137109
-1.75666
0.137109
-1.75666
0.137109
-1.75666
0.137109
-1.74666
-1.74666
-1.73166
-1.47416
-1.48416
-1.64916
-1.81166
-1.87166
-1.87166
-1.73666
-1.84916
-1.73166
-1.74666
-1.74666
-1.67166
-1.74666
-1.83416
-1.75666
0.137109
-1.27166
0.137109
-1.75666
0.137109
-1.27166
0.137109
-1.80166
0.137109
-1.79666
0.137109
-1.76166
0.137109
-1.82166
0.137109
-1.73166
