0.0357558
-100.044
0.0357558
0.0357558
0.0357558
0.0357558
0.0357558
0.0357558
0.0357558
0.0357558
0.0357558
0.0357558
0.0357558
0.0357558
0.0357558
0.0357558
0.0357558
0.0357558
0.0357558
0.0357558
0.0357558
0.0357558
-99.9214
0.0357558
-99.6437
0.0357558
-100.022
0.0357558
-99.4408
0.0357558
-99.9992
0.0357558
-99.9992
0.0357558
-99.9992
0.0357558
-99.9992
0.0357558
-99.4408
0.0357558
-75.0467
0.0357558
-99.8939
-99.931
-75.2938
-99.8535
-75.2125
-99.8434
-75.0488
-75.2938
-75.0488
-99.9412
-99.8502
-99.7314
-75.045
-99.9992
-75.0467
-99.8641
-75.0488
-75.2938
-75.2125
-75.0467
0.0357558
-99.4408
0.0357558
-99.9992
0.0357558
-99.9992
0.0357558
-99.9992
0.0357558
-99.9294
0.0357558
-99.8086
0.0357558
-99.8502
0.0357558
-99.8782
0.0357558
-99.6437
0.0357558
-100.05
0.0357558
0.0357558
0.0357558
0.0357558
0.0357558
0.0357558
0.0357558
0.0357558
0.0357558
0.0357558
0.0357558
0.0357558
0.0357558
0.0357558
0.0357558
0.0357558
0.0357558
0.0357558
0.0357558
0.0357558
-99.9903
0.0357558
-99.9903
0.0357558
-75.0386
0.0357558
-75.0386
0.0357558
-75.0386
0.0357558
-99.9903
0.0357558
-75.0386
0.0357558
-99.9903
0.0357558
-99.4408
0.0357558
-75.0467
0.0357558
-99.8939
-99.8579
-99.6402
-99.6402
-99.7203
-99.8264
-75.0488
-75.2938
-75.0467
-99.8341
-99.8502
-99.6991
-100.05
-99.7716
-100.05
-99.9647
-100.05
-99.7956
-100.044
-75.295
0.0357558
-99.9125
0.0357558
-99.6402
0.0357558
-99.6402
0.0357558
-99.7619
0.0357558
-99.6402
0.0357558
-99.6402
0.0357558
-99.97
0.0357558
-99.6402
0.0357558
-100.013
0.0357558
-100.05
0.0357558
0.0357558
0.0357558
0.0357558
0.0357558
0.0357558
0.0357558
0.0357558
0.0357558
0.0357558
0.0357558
0.0357558
0.0357558
0.0357558
0.0357558
0.0357558
0.0357558
0.0357558
0.0357558
0.0357558
-99.9903
0.0357558
-99.9903
0.0357558
-75.0386
0.0357558
-75.0386
0.0357558
-75.0386
0.0357558
-99.9903
0.0357558
-75.0386
0.0357558
-99.9903
0.0357558
-99.4343
0.0357558
-75.0467
0.0357558
-99.8939
-99.841
-75.2938
-99.6424
-99.7203
-99.7234
-75.0488
-75.2938
-75.0425
-99.7602
-99.8502
-99.882
-99.9992
-99.5644
-100.05
-99.9647
-100.05
-99.7956
-100.044
-75.295
0.0357558
-99.8379
0.0357558
-99.6402
0.0357558
-99.6402
0.0357558
-99.7602
0.0357558
-99.6402
0.0357558
-99.6402
0.0357558
-99.7602
0.0357558
-99.6402
0.0357558
-100.013
0.0357558
-100.05
0.0357558
0.0357558
0.0357558
0.0357558
0.0357558
0.0357558
0.0357558
0.0357558
0.0357558
0.0357558
0.0357558
0.0357558
0.0357558
0.0357558
0.0357558
0.0357558
0.0357558
0.0357558
0.0357558
0.0357558
-99.9903
0.0357558
-99.9903
0.0357558
-75.0386
0.0357558
-75.0386
0.0357558
-75.0386
0.0357558
-99.9903
0.0357558
-75.0386
0.0357558
-99.9903
0.0357558
-99.4343
0.0357558
-75.0467
0.0357558
-99.8939
-99.841
-99.9269
-99.6699
-99.9079
-99.841
-75.0488
-75.2938
-75.0488
-99.5483
-99.8502
-99.882
-75.2344
-99.7006
-100.05
-99.9647
-100.05
-99.7956
-100.044
-75.295
0.0357558
-99.8379
0.0357558
-99.6402
0.0357558
-99.6402
0.0357558
-99.7602
0.0357558
-99.6402
0.0357558
-99.6402
0.0357558
-99.7602
0.0357558
-99.6402
0.0357558
-100.013
0.0357558
-100.05
0.0357558
0.0357558
0.0357558
0.0357558
0.0357558
0.0357558
0.0357558
0.0357558
0.0357558
0.0357558
0.0357558
0.0357558
0.0357558
0.0357558
0.0357558
0.0357558
0.0357558
0.0357558
0.0357558
0.0357558
-99.9903
0.0357558
-99.9903
0.0357558
-75.0386
0.0357558
-75.0386
0.0357558
-75.0386
0.0357558
-99.9903
0.0357558
-75.0386
0.0357558
-99.9903
0.0357558
-99.4343
0.0357558
-75.0467
0.0357558
-99.8939
-99.841
-99.9269
-99.6699
-75.0904
-99.4327
-75.0488
-75.2938
-75.0425
-99.7602
-99.8502
-99.2791
-100.05
-99.4044
-100.05
-99.9647
-100.05
-99.7956
-100.044
-75.295
0.0357558
-99.8379
0.0357558
-99.6402
0.0357558
-99.6402
0.0357558
-99.7602
0.0357558
-99.6402
0.0357558
-99.6402
0.0357558
-99.7602
0.0357558
-99.6402
0.0357558
-100.013
0.0357558
-100.05
0.0357558
0.0357558
0.0357558
0.0357558
0.0357558
0.0357558
0.0357558
0.0357558
0.0357558
0.0357558
0.0357558
0.0357558
0.0357558
0.0357558
0.0357558
0.0357558
0.0357558
0.0357558
0.0357558
0.0357558
-99.9903
0.0357558
-99.9903
0.0357558
-75.0386
0.0357558
-75.0386
0.0357558
-75.0386
0.0357558
-99.9903
0.0357558
-75.0386
0.0357558
-99.9903
0.0357558
-99.4343
0.0357558
-75.0467
0.0357558
-99.8939
-99.841
-99.9269
-99.6699
-99.9079
-99.841
-99.9992
-99.0014
-75.0488
-99.1983
-99.8502
-99.2791
-100.05
-99.0014
-100.05
-99.9647
-100.05
-99.7956
-100.044
-75.295
0.0357558
-99.8379
0.0357558
-99.6402
0.0357558
-99.6402
0.0357558
-99.7602
0.0357558
-99.6402
0.0357558
-99.6402
0.0357558
-99.7602
0.0357558
-99.6402
0.0357558
-100.013
0.0357558
0
0.0357558
0.0357558
0.0357558
0.0357558
0.0357558
0.0357558
0.0357558
0.0357558
0.0357558
0.0357558
0.0357558
0.0357558
0.0357558
0.0357558
0.0357558
0.0357558
0.0357558
0.0357558
0.0357558
0.0357558
-100.013
0.0357558
-99.97
0.0357558
-99.97
0.0357558
-99.6402
0.0357558
-99.97
0.0357558
-100.013
0.0357558
-75.05
0.0357558
-99.6402
0.0357558
-99.6402
0.0357558
-75.0467
0.0357558
-99.988
-75.1713
-75.2938
-99.8535
-75.2125
-99.8434
-75.0488
-75.2938
-75.0488
-99.9412
-99.813
-99.7314
-99.4183
-99.7919
-75.0483
-99.8135
-75.0488
-75.2938
-75.2125
-75.0467
0.0357558
-99.4408
0.0357558
-99.9205
0.0357558
-99.9903
0.0357558
-99.9903
0.0357558
-75.0386
0.0357558
-75.0386
0.0357558
-99.8365
0.0357558
-99.9903
0.0357558
-75.0386
0.0357558
0
0.0357558
0.0357558
0.0357558
0.0357558
0.0357558
0.0357558
0.0357558
0.0357558
0.0357558
0.0357558
0.0357558
0.0357558
0.0357558
0.0357558
0.0357558
0.0357558
0.0357558
0.0357558
0.0357558
0.0357558
-99.8766
0.0357558
-99.97
0.0357558
-99.7956
0.0357558
-99.7956
0.0357558
-99.7956
0.0357558
-100.013
0.0357558
-75.0475
0.0357558
-99.9647
0.0357558
-75.0475
0.0357558
-75.0467
0.0357558
-99.988
-75.1713
-99.9874
-99.856
-99.9123
-99.8852
-75.0488
-75.2938
-75.0467
-99.8341
-99.9143
-99.9143
-100.05
-99.7716
-100.05
-99.9647
-100.05
-99.7956
-100.05
-75.295
0.0357558
-75.0475
0.0357558
-99.8766
0.0357558
-75.3425
0.0357558
-99.8766
0.0357558
-99.6402
0.0357558
-99.7956
0.0357558
-99.7956
0.0357558
-99.7956
0.0357558
-99.4183
0.0357558
0
0.0357558
0.0357558
0.0357558
0.0357558
0.0357558
0.0357558
0.0357558
0.0357558
0.0357558
0.0357558
0.0357558
0.0357558
0.0357558
0.0357558
0.0357558
0.0357558
0.0357558
0.0357558
0.0357558
0.0357558
-99.8766
0.0357558
-99.97
0.0357558
-99.7956
0.0357558
-99.7956
0.0357558
-99.7956
0.0357558
-100.013
0.0357558
-75.0475
0.0357558
-99.9647
0.0357558
-75.0475
0.0357558
-75.0467
0.0357558
-99.988
-75.1713
-75.2938
-99.6424
-99.9123
-99.8852
-75.0488
-75.2938
-75.0425
-99.7602
-99.813
-99.882
-100.05
-99.7091
-100.05
-99.9647
-100.05
-99.7956
-100.05
-75.295
0.0357558
-75.0475
0.0357558
-75.0475
0.0357558
-75.3425
0.0357558
-99.7602
0.0357558
-99.6402
0.0357558
-99.7956
0.0357558
-99.7956
0.0357558
-99.7956
0.0357558
-99.4183
0.0357558
0
0.0357558
0.0357558
0.0357558
0.0357558
0.0357558
0.0357558
0.0357558
0.0357558
0.0357558
0.0357558
0.0357558
0.0357558
0.0357558
0.0357558
0.0357558
0.0357558
0.0357558
0.0357558
0.0357558
0.0357558
-99.8766
0.0357558
-99.97
0.0357558
-99.7956
0.0357558
-99.7956
0.0357558
-99.7956
0.0357558
-100.013
0.0357558
-75.0475
0.0357558
-99.9647
0.0357558
-75.0475
0.0357558
-75.0467
0.0357558
-99.988
-75.1713
-99.9144
-99.6402
-99.9123
-99.8852
-75.0488
-75.2938
-75.0488
-99.5483
-99.813
-99.882
-100.05
-99.7091
-100.05
-99.9647
-100.05
-99.7956
-100.05
-75.295
0.0357558
-75.0475
0.0357558
-75.0475
0.0357558
-75.3425
0.0357558
-99.7602
0.0357558
-99.6402
0.0357558
-99.7956
0.0357558
-99.7956
0.0357558
-99.7956
0.0357558
-99.4183
0.0357558
0
0.0357558
0.0357558
0.0357558
0.0357558
0.0357558
0.0357558
0.0357558
0.0357558
0.0357558
0.0357558
0.0357558
0.0357558
0.0357558
0.0357558
0.0357558
0.0357558
0.0357558
0.0357558
0.0357558
0.0357558
-99.8766
0.0357558
-99.97
0.0357558
-99.7956
0.0357558
-99.7956
0.0357558
-99.7956
0.0357558
-100.013
0.0357558
-75.0475
0.0357558
-99.9647
0.0357558
-75.0475
0.0357558
-75.0467
0.0357558
-99.988
-75.1713
-99.9144
-99.6402
-75.0904
-99.4327
-75.0488
-75.2938
-75.0425
-99.7602
-99.9143
-99.3341
-100.05
-99.7091
-100.05
-99.9647
-100.05
-99.7956
-100.05
-75.295
0.0357558
-75.0475
0.0357558
-75.0475
0.0357558
-75.3425
0.0357558
-99.7602
0.0357558
-99.6402
0.0357558
-99.7956
0.0357558
-99.7956
0.0357558
-99.7956
0.0357558
-99.4183
0.0357558
0
0.0357558
0.0357558
0.0357558
0.0357558
0.0357558
0.0357558
0.0357558
0.0357558
0.0357558
0.0357558
0.0357558
0.0357558
0.0357558
0.0357558
0.0357558
0.0357558
0.0357558
0.0357558
0.0357558
0.0357558
-99.8766
0.0357558
-99.97
0.0357558
-99.7956
0.0357558
-99.7956
0.0357558
-99.7956
0.0357558
-100.013
0.0357558
-75.0475
0.0357558
-99.9647
0.0357558
-75.0475
0.0357558
-75.0467
0.0357558
-99.988
-75.1713
-99.9144
-99.6402
-99.9123
-99.8852
-99.813
-99.0014
-75.0488
-99.1983
-99.813
-99.2791
-100.05
-99.7091
-100.05
-99.9647
-100.05
-99.7956
-100.05
-75.295
0.0357558
-75.0475
0.0357558
-99.0014
0.0357558
-75.3425
0.0357558
-99.7602
0.0357558
-99.6402
0.0357558
-99.7956
0.0357558
-99.7956
0.0357558
-99.7956
0.0357558
-99.4183
0.0357558
0
0.0357558
0.0357558
0.0357558
0.0357558
0.0357558
0.0357558
0.0357558
0.0357558
0.0357558
0.0357558
0.0357558
0.0357558
0.0357558
0.0357558
0.0357558
0.0357558
0.0357558
0.0357558
0.0357558
0.0357558
-100.013
0.0357558
-99.7602
0.0357558
-99.7602
0.0357558
-99.6402
0.0357558
-99.6402
0.0357558
-100.013
0.0357558
-75.05
0.0357558
-99.6402
0.0357558
-99.6402
0.0357558
-75.0467
0.0357558
-99.988
-75.1713
-75.2938
-99.8535
-75.2125
-99.8434
-75.0488
-75.2938
-75.0488
-99.9412
-99.5666
-99.7314
-99.4183
-99.7919
-75.0483
-99.8135
-75.0488
-75.2938
-75.2125
-75.0467
0.0357558
-99.4343
0.0357558
-99.9205
0.0357558
-99.9903
0.0357558
-99.9903
0.0357558
-75.0386
0.0357558
-75.0386
0.0357558
-99.8365
0.0357558
-99.9903
0.0357558
-75.0386
0.0357558
0
0.0357558
0.0357558
0.0357558
0.0357558
0.0357558
0.0357558
0.0357558
0.0357558
0.0357558
0.0357558
0.0357558
0.0357558
0.0357558
0.0357558
0.0357558
0.0357558
0.0357558
0.0357558
0.0357558
0.0357558
-75.0475
0.0357558
-99.7602
0.0357558
-99.7956
0.0357558
-99.7956
0.0357558
-99.7956
0.0357558
-100.013
0.0357558
-75.0475
0.0357558
-99.9647
0.0357558
-75.0475
0.0357558
-75.0467
0.0357558
-99.988
-75.1713
-99.9874
-99.856
-75.0475
-99.97
-75.0488
-75.2938
-75.0467
-99.8341
-99.7091
-99.813
-100.05
-99.7716
-100.05
-99.9647
-100.05
-99.7956
-100.05
-75.295
0.0357558
-75.0475
0.0357558
-99.8766
0.0357558
-75.3425
0.0357558
-99.8766
0.0357558
-99.6402
0.0357558
-99.7956
0.0357558
-99.7956
0.0357558
-99.7956
0.0357558
-99.4183
0.0357558
0
0.0357558
0.0357558
0.0357558
0.0357558
0.0357558
0.0357558
0.0357558
0.0357558
0.0357558
0.0357558
0.0357558
0.0357558
0.0357558
0.0357558
0.0357558
0.0357558
0.0357558
0.0357558
0.0357558
0.0357558
-75.0475
0.0357558
-99.7602
0.0357558
-99.7956
0.0357558
-99.7956
0.0357558
-99.7956
0.0357558
-100.013
0.0357558
-75.0475
0.0357558
-99.9647
0.0357558
-75.0475
0.0357558
-75.0467
0.0357558
-99.988
-75.1713
-75.2938
-99.6424
-75.0475
-99.8175
-75.0488
-75.2938
-75.0425
-99.7602
-99.7091
-99.7602
-99.5666
-99.5644
-100.05
-99.9647
-100.05
-99.7956
-100.05
-75.295
0.0357558
-75.0475
0.0357558
-75.0475
0.0357558
-75.3425
0.0357558
-99.7602
0.0357558
-99.6402
0.0357558
-99.7956
0.0357558
-99.7956
0.0357558
-99.7956
0.0357558
-99.4183
0.0357558
0
0.0357558
0.0357558
0.0357558
0.0357558
0.0357558
0.0357558
0.0357558
0.0357558
0.0357558
0.0357558
0.0357558
0.0357558
0.0357558
0.0357558
0.0357558
0.0357558
0.0357558
0.0357558
0.0357558
0.0357558
-75.0475
0.0357558
-99.7602
0.0357558
-99.7956
0.0357558
-99.7956
0.0357558
-99.7956
0.0357558
-100.013
0.0357558
-75.0475
0.0357558
-99.9647
0.0357558
-75.0475
0.0357558
-75.0467
0.0357558
-99.988
-75.1713
-99.9144
-99.6402
-99.7942
-99.5824
-75.0488
-75.2938
-75.0488
-99.5483
-99.7091
-99.7602
-99.5666
-99.6216
-100.05
-99.9647
-100.05
-99.7956
-100.05
-75.295
0.0357558
-75.0475
0.0357558
-75.0475
0.0357558
-75.3425
0.0357558
-99.7602
0.0357558
-99.6402
0.0357558
-99.7956
0.0357558
-99.7956
0.0357558
-99.7956
0.0357558
-99.4183
0.0357558
0
0.0357558
0.0357558
0.0357558
0.0357558
0.0357558
0.0357558
0.0357558
0.0357558
0.0357558
0.0357558
0.0357558
0.0357558
0.0357558
0.0357558
0.0357558
0.0357558
0.0357558
0.0357558
0.0357558
0.0357558
-75.0475
0.0357558
-99.7602
0.0357558
-99.7956
0.0357558
-99.7956
0.0357558
-99.7956
0.0357558
-100.013
0.0357558
-75.0475
0.0357558
-99.9647
0.0357558
-75.0475
0.0357558
-75.0467
0.0357558
-99.988
-75.1713
-99.9144
-99.6402
-75.0904
-99.4327
-75.0488
-75.2938
-75.0425
-99.7602
-99.7091
-99.7602
-99.5666
-99.7566
-100.05
-99.9647
-100.05
-99.7956
-100.05
-75.295
0.0357558
-75.0475
0.0357558
-75.0475
0.0357558
-75.3425
0.0357558
-99.7602
0.0357558
-99.6402
0.0357558
-99.7956
0.0357558
-99.7956
0.0357558
-99.7956
0.0357558
-99.4183
0.0357558
0
0.0357558
0.0357558
0.0357558
0.0357558
0.0357558
0.0357558
0.0357558
0.0357558
0.0357558
0.0357558
0.0357558
0.0357558
0.0357558
0.0357558
0.0357558
0.0357558
0.0357558
0.0357558
0.0357558
0.0357558
-75.0475
0.0357558
-99.7602
0.0357558
-99.7956
0.0357558
-99.7956
0.0357558
-99.7956
0.0357558
-100.013
0.0357558
-75.0475
0.0357558
-99.9647
0.0357558
-75.0475
0.0357558
-75.0467
0.0357558
-99.988
-75.1713
-99.9144
-99.6402
-75.0483
-75.2083
-99.7602
-99.0014
-75.0488
-99.1983
-99.7091
-99.7602
-99.5666
-99.7566
-100.05
-99.9647
-100.05
-99.7956
-100.05
-75.295
0.0357558
-75.0475
0.0357558
-99.0014
0.0357558
-75.3425
0.0357558
-99.7602
0.0357558
-99.6402
0.0357558
-99.7956
0.0357558
-99.7956
0.0357558
-99.7956
0.0357558
-99.4183
0.0357558
0
0.0357558
0.0357558
0.0357558
0.0357558
0.0357558
0.0357558
0.0357558
0.0357558
0.0357558
0.0357558
0.0357558
0.0357558
0.0357558
0.0357558
0.0357558
0.0357558
0.0357558
0.0357558
0.0357558
0.0357558
-99.5646
0.0357558
-99.7602
0.0357558
-99.7602
0.0357558
-99.6402
0.0357558
-99.4316
0.0357558
-100.013
0.0357558
-75.05
0.0357558
-99.6402
0.0357558
-99.6402
0.0357558
-75.0467
0.0357558
-99.988
-75.1713
-75.2938
-99.8535
-75.2125
-99.8434
-75.0488
-75.2938
-75.0488
-99.9412
-99.6216
-99.9425
-99.4183
-99.7919
-75.0483
-99.8135
-75.0488
-75.2938
-75.2125
-75.0467
0.0357558
-99.4343
0.0357558
-99.9205
0.0357558
-99.9903
0.0357558
-99.9903
0.0357558
-75.0386
0.0357558
-75.0386
0.0357558
-99.8365
0.0357558
-99.9903
0.0357558
-75.0386
0.0357558
0
0.0357558
0.0357558
0.0357558
0.0357558
0.0357558
0.0357558
0.0357558
0.0357558
0.0357558
0.0357558
0.0357558
0.0357558
0.0357558
0.0357558
0.0357558
0.0357558
0.0357558
0.0357558
0.0357558
0.0357558
-99.5646
0.0357558
-99.7602
0.0357558
-99.7956
0.0357558
-99.7956
0.0357558
-99.7956
0.0357558
-100.013
0.0357558
-75.0475
0.0357558
-99.9647
0.0357558
-75.0475
0.0357558
-75.0467
0.0357558
-99.988
-75.1713
-99.9874
-99.856
-75.0475
-99.97
-75.0488
-75.2938
-75.0467
-99.8341
-99.7091
-99.813
-100.05
-99.7716
-100.05
-99.9647
-100.05
-99.7956
-100.05
-75.295
0.0357558
-75.0475
0.0357558
-99.8766
0.0357558
-75.3425
0.0357558
-99.8766
0.0357558
-99.6402
0.0357558
-99.7956
0.0357558
-99.7956
0.0357558
-99.7956
0.0357558
-99.4183
0.0357558
0
0.0357558
0.0357558
0.0357558
0.0357558
0.0357558
0.0357558
0.0357558
0.0357558
0.0357558
0.0357558
0.0357558
0.0357558
0.0357558
0.0357558
0.0357558
0.0357558
0.0357558
0.0357558
0.0357558
0.0357558
-99.5646
0.0357558
-99.7602
0.0357558
-99.7956
0.0357558
-99.7956
0.0357558
-99.7956
0.0357558
-100.013
0.0357558
-75.0475
0.0357558
-99.9647
0.0357558
-75.0475
0.0357558
-75.0467
0.0357558
-99.988
-75.1713
-75.2938
-99.6424
-75.0475
-99.8175
-75.0488
-75.2938
-75.0425
-99.7602
-99.7091
-99.7602
-100.05
-99.7091
-100.05
-99.9647
-100.05
-99.7956
-100.05
-75.295
0.0357558
-75.0475
0.0357558
-75.0475
0.0357558
-75.3425
0.0357558
-99.7602
0.0357558
-99.6402
0.0357558
-99.7956
0.0357558
-99.7956
0.0357558
-99.7956
0.0357558
-99.4183
0.0357558
0
0.0357558
0.0357558
0.0357558
0.0357558
0.0357558
0.0357558
0.0357558
0.0357558
0.0357558
0.0357558
0.0357558
0.0357558
0.0357558
0.0357558
0.0357558
0.0357558
0.0357558
0.0357558
0.0357558
0.0357558
-99.5646
0.0357558
-99.7602
0.0357558
-99.7956
0.0357558
-99.7956
0.0357558
-99.7956
0.0357558
-100.013
0.0357558
-75.0475
0.0357558
-99.9647
0.0357558
-75.0475
0.0357558
-75.0467
0.0357558
-99.988
-75.1713
-99.9144
-99.6402
-75.0494
-99.6097
-75.0488
-75.2938
-75.0488
-99.5483
-99.7091
-99.7602
-100.05
-99.7091
-100.05
-99.9647
-100.05
-99.7956
-100.05
-75.295
0.0357558
-75.0475
0.0357558
-75.0475
0.0357558
-75.3425
0.0357558
-99.7602
0.0357558
-99.6402
0.0357558
-99.7956
0.0357558
-99.7956
0.0357558
-99.7956
0.0357558
-99.4183
0.0357558
0
0.0357558
0.0357558
0.0357558
0.0357558
0.0357558
0.0357558
0.0357558
0.0357558
0.0357558
0.0357558
0.0357558
0.0357558
0.0357558
0.0357558
0.0357558
0.0357558
0.0357558
0.0357558
0.0357558
0.0357558
-99.5646
0.0357558
-99.7602
0.0357558
-99.7956
0.0357558
-99.7956
0.0357558
-99.7956
0.0357558
-100.013
0.0357558
-75.0475
0.0357558
-99.9647
0.0357558
-75.0475
0.0357558
-75.0467
0.0357558
-99.988
-75.1713
-99.9144
-99.6402
-75.0904
-99.4327
-75.0488
-75.2938
-75.0425
-99.7602
-99.7091
-99.7602
-100.05
-99.7091
-100.05
-99.9647
-100.05
-99.7956
-100.05
-75.295
0.0357558
-75.0475
0.0357558
-75.0475
0.0357558
-75.3425
0.0357558
-99.7602
0.0357558
-99.6402
0.0357558
-99.7956
0.0357558
-99.7956
0.0357558
-99.7956
0.0357558
-99.4183
0.0357558
0
0.0357558
0.0357558
0.0357558
0.0357558
0.0357558
0.0357558
0.0357558
0.0357558
0.0357558
0.0357558
0.0357558
0.0357558
0.0357558
0.0357558
0.0357558
0.0357558
0.0357558
0.0357558
0.0357558
0.0357558
-99.5646
0.0357558
-99.7602
0.0357558
-99.7956
0.0357558
-99.7956
0.0357558
-99.7956
0.0357558
-100.013
0.0357558
-75.0475
0.0357558
-99.9647
0.0357558
-75.0475
0.0357558
-75.0467
0.0357558
-99.988
-75.1713
-99.9144
-99.6402
-75.0483
-75.2083
-99.7602
-99.0014
-75.0488
-99.1983
-99.7091
-99.7602
-100.05
-99.7091
-100.05
-99.9647
-100.05
-99.7956
-100.05
-75.295
0.0357558
-75.0475
0.0357558
-99.0014
0.0357558
-75.3425
0.0357558
-99.7602
0.0357558
-99.6402
0.0357558
-99.7956
0.0357558
-99.7956
0.0357558
-99.7956
0.0357558
-99.4183
0.0357558
0
0.0357558
0.0357558
0.0357558
0.0357558
0.0357558
0.0357558
0.0357558
0.0357558
0.0357558
0.0357558
0.0357558
0.0357558
0.0357558
0.0357558
0.0357558
0.0357558
0.0357558
0.0357558
0.0357558
0.0357558
-100.013
0.0357558
-99.7602
0.0357558
-99.7602
0.0357558
-99.6402
0.0357558
-99.6402
0.0357558
-100.013
0.0357558
-99.4437
0.0357558
-99.6402
0.0357558
-99.6402
0.0357558
-75.0467
0.0357558
-99.988
-75.1713
-75.2938
-99.8535
-75.2125
-99.8434
-75.0488
-75.2938
-75.0488
-99.9412
-99.4044
-99.9992
-99.4183
-99.7919
-75.0483
-99.8135
-75.0488
-75.2938
-75.2125
-75.0467
0.0357558
-99.4343
0.0357558
-99.9205
0.0357558
-99.9903
0.0357558
-99.9903
0.0357558
-75.0386
0.0357558
-75.0386
0.0357558
-99.8365
0.0357558
-99.9903
0.0357558
-75.0386
0.0357558
0
0.0357558
0.0357558
0.0357558
0.0357558
0.0357558
0.0357558
0.0357558
0.0357558
0.0357558
0.0357558
0.0357558
0.0357558
0.0357558
0.0357558
0.0357558
0.0357558
0.0357558
0.0357558
0.0357558
0.0357558
-75.0475
0.0357558
-99.7602
0.0357558
-99.7956
0.0357558
-99.7956
0.0357558
-99.7956
0.0357558
-100.013
0.0357558
-75.0475
0.0357558
-99.9647
0.0357558
-75.0475
0.0357558
-75.0467
0.0357558
-99.988
-75.1713
-99.9874
-99.856
-99.4044
-100.013
-75.0488
-75.2938
-75.0467
-99.8341
-99.7091
-99.813
-100.05
-99.7716
-100.05
-99.9647
-100.05
-99.7956
-100.05
-75.295
0.0357558
-75.0475
0.0357558
-99.8766
0.0357558
-75.3425
0.0357558
-99.8766
0.0357558
-99.6402
0.0357558
-99.7956
0.0357558
-99.7956
0.0357558
-99.7956
0.0357558
-99.4183
0.0357558
0
0.0357558
0.0357558
0.0357558
0.0357558
0.0357558
0.0357558
0.0357558
0.0357558
0.0357558
0.0357558
0.0357558
0.0357558
0.0357558
0.0357558
0.0357558
0.0357558
0.0357558
0.0357558
0.0357558
0.0357558
-75.0475
0.0357558
-99.7602
0.0357558
-99.7956
0.0357558
-99.7956
0.0357558
-99.7956
0.0357558
-100.013
0.0357558
-75.0475
0.0357558
-99.9647
0.0357558
-75.0475
0.0357558
-75.0467
0.0357558
-99.988
-75.1713
-75.2938
-99.6424
-99.4044
-100.013
-75.0488
-75.2938
-75.0425
-99.7602
-99.7091
-99.7602
-100.05
-99.7091
-100.05
-99.9647
-100.05
-99.7956
-100.05
-75.295
0.0357558
-75.0475
0.0357558
-75.0475
0.0357558
-75.3425
0.0357558
-99.7602
0.0357558
-99.6402
0.0357558
-99.7956
0.0357558
-99.7956
0.0357558
-99.7956
0.0357558
-99.4183
0.0357558
0
0.0357558
0.0357558
0.0357558
0.0357558
0.0357558
0.0357558
0.0357558
0.0357558
0.0357558
0.0357558
0.0357558
0.0357558
0.0357558
0.0357558
0.0357558
0.0357558
0.0357558
0.0357558
0.0357558
0.0357558
-75.0475
0.0357558
-99.7602
0.0357558
-99.7956
0.0357558
-99.7956
0.0357558
-99.7956
0.0357558
-100.013
0.0357558
-75.0475
0.0357558
-99.9647
0.0357558
-75.0475
0.0357558
-75.0467
0.0357558
-99.988
-75.1713
-99.9144
-99.6402
-99.4044
-100.013
-75.0488
-75.2938
-75.0488
-99.5483
-99.7091
-99.7602
-100.05
-99.7091
-100.05
-99.9647
-100.05
-99.7956
-100.05
-75.295
0.0357558
-75.0475
0.0357558
-75.0475
0.0357558
-75.3425
0.0357558
-99.7602
0.0357558
-99.6402
0.0357558
-99.7956
0.0357558
-99.7956
0.0357558
-99.7956
0.0357558
-99.4183
0.0357558
0
0.0357558
0.0357558
0.0357558
0.0357558
0.0357558
0.0357558
0.0357558
0.0357558
0.0357558
0.0357558
0.0357558
0.0357558
0.0357558
0.0357558
0.0357558
0.0357558
0.0357558
0.0357558
0.0357558
0.0357558
-75.0475
0.0357558
-99.7602
0.0357558
-99.7956
0.0357558
-99.7956
0.0357558
-99.7956
0.0357558
-100.013
0.0357558
-75.0475
0.0357558
-99.9647
0.0357558
-75.0475
0.0357558
-75.0467
0.0357558
-99.988
-75.1713
-99.9144
-99.6402
-75.0904
-99.4327
-75.0488
-75.2938
-75.0425
-99.7602
-99.7091
-99.7602
-100.05
-99.7091
-100.05
-99.9647
-100.05
-99.7956
-100.05
-75.295
0.0357558
-75.0475
0.0357558
-75.0475
0.0357558
-75.3425
0.0357558
-99.7602
0.0357558
-99.6402
0.0357558
-99.7956
0.0357558
-99.7956
0.0357558
-99.7956
0.0357558
-99.4183
0.0357558
0
0.0357558
0.0357558
0.0357558
0.0357558
0.0357558
0.0357558
0.0357558
0.0357558
0.0357558
0.0357558
0.0357558
0.0357558
0.0357558
0.0357558
0.0357558
0.0357558
0.0357558
0.0357558
0.0357558
0.0357558
-75.0475
0.0357558
-99.7602
0.0357558
-99.7956
0.0357558
-99.7956
0.0357558
-99.7956
0.0357558
-100.013
0.0357558
-75.0475
0.0357558
-99.9647
0.0357558
-75.0475
0.0357558
-75.0467
0.0357558
-99.988
-75.1713
-99.9144
-99.6402
-99.4044
-100.013
-99.7602
-99.0014
-75.0488
-99.1983
-99.7091
-99.7602
-100.05
-99.7091
-100.05
-99.9647
-100.05
-99.7956
-100.05
-75.295
0.0357558
-75.0475
0.0357558
-99.0014
0.0357558
-75.3425
0.0357558
-99.7602
0.0357558
-99.6402
0.0357558
-99.7956
0.0357558
-99.7956
0.0357558
-99.7956
0.0357558
-99.4183
0.0357558
0
0.0357558
0.0357558
0.0357558
0.0357558
0.0357558
0.0357558
0.0357558
0.0357558
0.0357558
0.0357558
0.0357558
0.0357558
0.0357558
0.0357558
0.0357558
0.0357558
0.0357558
0.0357558
0.0357558
0.0357558
-100.013
0.0357558
-99.7602
0.0357558
-99.7602
0.0357558
-99.6402
0.0357558
-99.6402
0.0357558
-100.013
0.0357558
-99.4437
0.0357558
-99.6402
0.0357558
-99.6402
0.0357558
-75.0467
0.0357558
-99.988
-75.1713
-75.2938
-99.8535
-75.2125
-99.8434
-75.0488
-75.2938
-75.0488
-99.9412
-99.0014
-99.9992
-99.4183
-99.7919
-75.0483
-99.8135
-75.0488
-75.2938
-75.2125
-75.0467
0.0357558
-99.4343
0.0357558
-99.9205
0.0357558
-99.9903
0.0357558
-99.9903
0.0357558
-75.0386
0.0357558
-75.0386
0.0357558
-99.8365
0.0357558
-99.9903
0.0357558
-75.0386
0.0357558
0
0.0357558
0.0357558
0.0357558
0.0357558
0.0357558
0.0357558
0.0357558
0.0357558
0.0357558
0.0357558
0.0357558
0.0357558
0.0357558
0.0357558
0.0357558
0.0357558
0.0357558
0.0357558
0.0357558
0.0357558
-99.0014
0.0357558
-99.7602
0.0357558
-99.7956
0.0357558
-99.7956
0.0357558
-99.7956
0.0357558
-100.013
0.0357558
-75.0475
0.0357558
-99.9647
0.0357558
-75.0475
0.0357558
-75.0467
0.0357558
-99.988
-75.1713
-99.9874
-99.856
-99.1376
-99.9598
-75.0488
-75.2938
-75.0467
-99.8341
-99.7091
-99.813
-100.05
-99.7716
-100.05
-99.9647
-100.05
-99.7956
-100.05
-75.295
0.0357558
-75.0475
0.0357558
-99.8766
0.0357558
-75.3425
0.0357558
-99.8766
0.0357558
-99.6402
0.0357558
-99.7956
0.0357558
-99.7956
0.0357558
-99.7956
0.0357558
-99.4183
0.0357558
0
0.0357558
0.0357558
0.0357558
0.0357558
0.0357558
0.0357558
0.0357558
0.0357558
0.0357558
0.0357558
0.0357558
0.0357558
0.0357558
0.0357558
0.0357558
0.0357558
0.0357558
0.0357558
0.0357558
0.0357558
-99.0014
0.0357558
-99.7602
0.0357558
-99.7956
0.0357558
-99.7956
0.0357558
-99.7956
0.0357558
-100.013
0.0357558
-75.0475
0.0357558
-99.9647
0.0357558
-75.0475
0.0357558
-75.0467
0.0357558
-99.988
-75.1713
-75.2938
-99.6424
-75.0475
-99.8175
-75.0488
-75.2938
-75.0425
-99.7602
-99.7091
-99.7602
-100.05
-99.7091
-100.05
-99.9647
-100.05
-99.7956
-100.05
-75.295
0.0357558
-75.0475
0.0357558
-75.0475
0.0357558
-75.3425
0.0357558
-99.7602
0.0357558
-99.6402
0.0357558
-99.7956
0.0357558
-99.7956
0.0357558
-99.7956
0.0357558
-99.4183
0.0357558
0
0.0357558
0.0357558
0.0357558
0.0357558
0.0357558
0.0357558
0.0357558
0.0357558
0.0357558
0.0357558
0.0357558
0.0357558
0.0357558
0.0357558
0.0357558
0.0357558
0.0357558
0.0357558
0.0357558
0.0357558
-99.0014
0.0357558
-99.7602
0.0357558
-99.7956
0.0357558
-99.7956
0.0357558
-99.7956
0.0357558
-100.013
0.0357558
-75.0475
0.0357558
-99.9647
0.0357558
-75.0475
0.0357558
-75.0467
0.0357558
-99.988
-75.1713
-99.9144
-99.6402
-75.0494
-99.6097
-75.0488
-75.2938
-75.0488
-99.5483
-99.7091
-99.7602
-100.05
-99.7091
-100.05
-99.9647
-100.05
-99.7956
-100.05
-75.295
0.0357558
-75.0475
0.0357558
-75.0475
0.0357558
-75.3425
0.0357558
-99.7602
0.0357558
-99.6402
0.0357558
-99.7956
0.0357558
-99.7956
0.0357558
-99.7956
0.0357558
-99.4183
0.0357558
0
0.0357558
0.0357558
0.0357558
0.0357558
0.0357558
0.0357558
0.0357558
0.0357558
0.0357558
0.0357558
0.0357558
0.0357558
0.0357558
0.0357558
0.0357558
0.0357558
0.0357558
0.0357558
0.0357558
0.0357558
-99.0014
0.0357558
-99.7602
0.0357558
-99.7956
0.0357558
-99.7956
0.0357558
-99.7956
0.0357558
-100.013
0.0357558
-75.0475
0.0357558
-99.9647
0.0357558
-75.0475
0.0357558
-75.0467
0.0357558
-99.988
-75.1713
-99.9144
-99.6402
-75.0904
-99.4327
-75.0488
-75.2938
-75.0425
-99.7602
-99.7091
-99.7602
-100.05
-99.7091
-100.05
-99.9647
-100.05
-99.7956
-100.05
-75.295
0.0357558
-75.0475
0.0357558
-75.0475
0.0357558
-75.3425
0.0357558
-99.7602
0.0357558
-99.6402
0.0357558
-99.7956
0.0357558
-99.7956
0.0357558
-99.7956
0.0357558
-99.4183
0.0357558
0
0.0357558
0.0357558
0.0357558
0.0357558
0.0357558
0.0357558
0.0357558
0.0357558
0.0357558
0.0357558
0.0357558
0.0357558
0.0357558
0.0357558
0.0357558
0.0357558
0.0357558
0.0357558
0.0357558
0.0357558
-99.0014
0.0357558
-99.7602
0.0357558
-99.7956
0.0357558
-99.7956
0.0357558
-99.7956
0.0357558
-100.013
0.0357558
-75.0475
0.0357558
-99.9647
0.0357558
-75.0475
0.0357558
-75.0467
0.0357558
-99.988
-75.1713
-99.9144
-99.6402
-75.0483
-75.2083
-99.7602
-99.0014
-75.0488
-99.1983
-99.7091
-99.7602
-100.05
-99.7091
-100.05
-99.9647
-100.05
-99.7956
-100.05
-75.295
0.0357558
-75.0475
0.0357558
-99.0014
0.0357558
-75.3425
0.0357558
-99.7602
0.0357558
-99.6402
0.0357558
-99.7956
0.0357558
-99.7956
0.0357558
-99.7956
0.0357558
-99.4183
