0.000243389
0
0.000243389
0.000243389
0.000243389
0.000243389
0.000243389
0.000243389
0.000243389
0.000243389
0.000243389
0.000243389
0.000243389
0.000243389
0.000243389
0.000243389
0.000243389
0.000243389
0.100219
0.000243389
0.0888041
0.000243389
0.0888041
0.000243389
0.0888041
0.000243389
0.0888041
0.000243389
0.0888041
0.000243389
0.0888041
0.000243389
-0.0111959
0.000243389
0.0888041
0.000243389
0.0888041
0.000243389
-0.0111959
-0.0111959
-0.0111959
0.0888041
-0.0111959
-0.0111959
0.0888041
-0.0111959
-0.0111959
0.0888041
-0.0111959
0.0888041
-0.0111959
-0.0111959
0.0888041
-0.0111959
-0.0111959
0.0888041
0.000243389
0.0888041
0.000243389
-0.0111959
0.000243389
-0.0111959
0.000243389
-0.0111959
0.000243389
-0.0111959
0.000243389
-0.0111959
0.000243389
0.0888041
0.000243389
-0.0111959
0.000243389
0.140219
0.000243389
0.100219
0.000243389
0.100219
0.000243389
0.100219
0.000243389
0.100219
0.000243389
0.100219
0.000243389
0.100219
0.000243389
0.100219
0.000243389
0.100219
0.000243389
0.100219
-0.0111959
0.100219
-0.0111959
0.100219
-0.0111959
0.100219
-0.0111959
0.100219
-0.0111959
0.100219
-0.0111959
0.100219
-0.0111959
0.100219
-0.0111959
0.100219
0.0888041
0.000243389
0.0888041
0.0138041
0.0888041
-0.0111959
0.0888041
0.0138041
0.0888041
0.0138041
0.0888041
0.0138041
0.0888041
0.0138041
0.0888041
0.0138041
0.0888041
0.0138041
0.0888041
-0.0111959
0.100219
-0.0111959
0.100219
-0.0111959
0.100219
-0.0111959
0.100219
-0.0111959
0.100219
-0.0111959
0.100219
-0.0111959
0.100219
-0.0111959
0.100219
-0.0111959
0.000243389
0.140219
0.000243389
0.100219
0.000243389
0.100219
0.000243389
0.100219
0.000243389
0.100219
0.000243389
0.100219
0.000243389
0.100219
0.000243389
0.100219
0.000243389
0.100219
0.000243389
0.100219
-0.0111959
0.100219
-0.0111959
0.100219
-0.0111959
0.100219
-0.0111959
0.100219
-0.0111959
0.100219
-0.0111959
0.100219
-0.0111959
0.100219
-0.0111959
0.100219
0.0888041
0.000243389
0.0888041
0.0138041
0.0888041
-0.0111959
0.0888041
0.0138041
0.0888041
-0.0111959
0.0888041
-0.0111959
0.0888041
-0.00494589
0.0888041
0.0138041
0.0888041
-0.0111959
0.0888041
-0.0111959
0.100219
-0.00494589
0.100219
-0.0111959
0.100219
-0.00494589
0.100219
-0.0111959
0.100219
-0.0111959
0.100219
-0.0111959
0.100219
-0.0111959
0.100219
-0.00494589
0.000243389
0.140219
0.000243389
0.100219
0.000243389
0.100219
0.000243389
0.100219
0.000243389
0.100219
0.000243389
0.100219
0.000243389
0.100219
0.000243389
0.100219
0.000243389
0.100219
0.000243389
0.100219
-0.0111959
0.100219
-0.0111959
0.100219
-0.0111959
0.100219
-0.0111959
0.100219
-0.0111959
0.100219
-0.0111959
0.100219
-0.0111959
0.100219
-0.0111959
0.100219
0.0888041
0.000243389
0.0888041
0.0138041
0.0888041
0.0138041
0.0888041
-0.0111959
0.0888041
0.0138041
0.0888041
-0.0111959
0.0888041
-0.0111959
0.0888041
-0.0111959
0.0888041
-0.0111959
0.0888041
-0.0111959
0.100219
-0.0111959
0.100219
-0.0111959
0.100219
-0.0111959
0.100219
-0.0111959
0.100219
-0.0111959
0.100219
-0.0111959
0.100219
-0.0111959
0.100219
-0.0111959
0.000243389
0.103804
0.000243389
0.100219
0.000243389
0.100219
0.000243389
0.100219
0.000243389
0.100219
0.000243389
0.100219
0.000243389
0.100219
0.000243389
0.100219
0.000243389
0.100219
0.000243389
0.100219
-0.0111959
0.100219
-0.0111959
0.100219
-0.0111959
0.100219
-0.0111959
0.100219
-0.0111959
0.100219
-0.0111959
0.100219
-0.0111959
0.100219
-0.0111959
0.100219
0.0888041
0.000243389
0.0888041
0.0138041
0.0888041
-0.0111959
0.0888041
0.0138041
0.0888041
-0.0111959
0.0888041
-0.0111959
0.0888041
0.0138041
0.0888041
-0.0111959
0.0888041
-0.0111959
0.0888041
-0.0111959
0.100219
-0.0111959
0.100219
-0.0111959
0.100219
-0.0111959
0.100219
-0.0111959
0.100219
-0.0111959
0.100219
-0.0111959
0.100219
-0.0111959
0.100219
-0.0111959
0.000243389
0.103804
0.000243389
0.100219
0.000243389
0.100219
0.000243389
0.100219
0.000243389
0.100219
0.000243389
0.100219
0.000243389
0.100219
0.000243389
0.100219
0.000243389
0.100219
0.000243389
0.100219
-0.0111959
0.100219
-0.0111959
0.100219
-0.0111959
0.100219
-0.0111959
0.100219
-0.0111959
0.100219
-0.0111959
0.100219
-0.0111959
0.100219
-0.0111959
0.100219
0.0888041
0.000243389
0.0888041
0.0138041
0.0888041
-0.0111959
0.0888041
0.0138041
0.0888041
-0.0111959
0.0888041
-0.0111959
0.0888041
-0.0111959
0.0888041
-0.0111959
0.0888041
-0.0111959
0.0888041
-0.0111959
0.100219
-0.0111959
0.100219
-0.0111959
0.100219
-0.0111959
0.100219
-0.0111959
0.100219
-0.0111959
0.100219
-0.0111959
0.100219
-0.0111959
0.100219
-0.0111959
0.100219
0.000243389
0.100219
0.000243389
0.100219
0.000243389
0.100219
0.000243389
0.100219
0.000243389
0.100219
0.000243389
0.100219
0.000243389
0.100219
0.000243389
0.100219
0.000243389
0.100219
0.000243389
-0.0111959
0.100219
-0.0111959
0.100219
-0.0111959
0.100219
-0.0111959
0.100219
-0.0111959
0.100219
-0.0111959
0.100219
-0.0111959
0.100219
-0.0111959
0.100219
-0.0111959
0.100219
0.0138041
0.0888041
-0.0111959
0.0888041
0.0138041
0.0888041
-0.0111959
0.0888041
-0.0111959
0.0888041
-0.0111959
0.0888041
-0.0111959
0.0888041
-0.0111959
0.0888041
-0.0111959
0.0888041
0.100219
-0.0111959
0.100219
-0.0111959
0.100219
-0.0111959
0.100219
-0.0111959
0.100219
-0.0111959
0.100219
-0.0111959
0.100219
-0.0111959
0.100219
-0.0111959
0.100219
0.000243389
0.100219
0.000243389
0.100219
0.000243389
0.100219
0.000243389
0.100219
0.000243389
0.000243389
0.100219
0.000243389
0.100219
0.000243389
0.100219
0.000243389
0.100219
0.000243389
0.100219
-0.00702922
0.100219
-0.00702922
0.100219
-0.00702922
0.100219
-0.00702922
0.100219
-0.00702922
0.100219
-0.00702922
0.100219
-0.00702922
0.100219
-0.00702922
0.100219
0.0638041
0.043641
0.0388041
0.0388041
0.0388041
0.0388041
0.0388041
0.0388041
0.0388041
0.0388041
0.0388041
0.0388041
0.0388041
0.0388041
0.0388041
0.0388041
0.0388041
0.0388041
0.0138041
0.0638041
0.100219
-0.00702922
0.100219
-0.00702922
0.100219
-0.00702922
0.100219
-0.00702922
0.100219
-0.00702922
0.100219
-0.00702922
0.100219
-0.00702922
0.100219
-0.00702922
0.100219
0.000243389
0.100219
0.000243389
0.100219
0.000243389
0.100219
0.000243389
0.100219
0.000243389
0.000243389
0.100219
0.000243389
0.100219
0.000243389
0.100219
0.000243389
0.100219
0.000243389
0.100219
-0.00702922
0.100219
-0.00702922
0.100219
-0.00702922
0.100219
-0.00702922
0.100219
-0.00702922
0.100219
-0.00702922
0.100219
-0.00702922
0.100219
-0.00702922
0.100219
0.0346374
0.071359
0.0388041
0.0638041
0.0388041
0.0638041
0.0388041
0.0638041
0.0388041
0.0638041
0.0388041
0.0638041
0.0388041
0.0638041
0.0388041
0.0638041
0.0388041
0.0638041
0.0596374
0.0450541
0.0626184
0.0450541
0.100219
-0.00911256
0.100219
-0.00911256
0.100219
-0.00911256
0.100219
-0.00911256
0.100219
-0.00911256
0.100219
-0.0111959
0.100219
-0.00494589
0.100219
0.000243389
0.100219
0.000243389
0.100219
0.000243389
0.100219
0.000243389
0.100219
0.000243389
0.000243389
0.100219
0.000243389
0.100219
0.000243389
0.100219
0.000243389
0.100219
0.000243389
0.100219
-0.00702922
0.100219
-0.00702922
0.100219
-0.00702922
0.100219
-0.00702922
0.100219
-0.00702922
0.100219
-0.00702922
0.100219
-0.00702922
0.100219
-0.00702922
0.100219
0.0638041
0.043641
0.0388041
0.0888041
0.0346374
0.0638041
0.0346374
0.0638041
0.113804
0.0138041
0.113804
0.0138041
0.0346374
0.0638041
0.0346374
0.0638041
0.0388041
0.0471374
0.0388041
0.0471374
0.100219
-0.0111959
0.100219
-0.0111959
0.100219
-0.0111959
0.100219
-0.0111959
0.100219
-0.0111959
0.100219
-0.0111959
0.100219
-0.0111959
0.100219
-0.0111959
0.100219
0.000243389
0.100219
0.000243389
0.100219
0.000243389
0.100219
0.000243389
0.100219
0.000243389
0.000243389
0.100219
0.000243389
0.100219
0.000243389
0.100219
0.000243389
0.100219
0.000243389
0.100219
-0.00702922
0.100219
-0.00702922
0.100219
-0.00702922
0.100219
-0.00702922
0.100219
-0.00702922
0.100219
-0.00702922
0.100219
-0.00702922
0.100219
-0.00702922
0.100219
0.0638041
0.043641
0.0388041
0.0638041
0.0388041
0.0638041
0.0388041
0.0138041
0.113804
0.0138041
0.0388041
0.0638041
0.0388041
0.0638041
0.0388041
0.0638041
0.0388041
0.0638041
0.0538041
-0.0111959
0.100219
-0.0111959
0.100219
-0.0111959
0.100219
-0.0111959
0.100219
-0.0111959
0.100219
-0.0111959
0.100219
-0.0111959
0.100219
-0.0111959
0.100219
-0.0111959
0.100219
0.000243389
0.100219
0.000243389
0.100219
0.000243389
0.100219
0.000243389
0.100219
0.000243389
0.000243389
0.100219
0.000243389
0.100219
0.000243389
0.100219
0.000243389
0.100219
0.000243389
0.100219
-0.00702922
0.100219
-0.00702922
0.100219
-0.00702922
0.100219
-0.00702922
0.100219
-0.00702922
0.100219
-0.00702922
0.100219
-0.00702922
0.100219
-0.00702922
0.100219
0.0638041
0.043641
0.0388041
0.0888041
0.0388041
0.0138041
0.0388041
0.0138041
0.113804
0.0138041
0.0388041
0.0138041
0.0388041
0.0888041
0.0388041
0.0138041
0.0388041
0.0138041
0.0538041
-0.0111959
0.100219
-0.0111959
0.100219
-0.0111959
0.100219
-0.0111959
0.100219
-0.0111959
0.100219
-0.0111959
0.100219
-0.0111959
0.100219
-0.0111959
0.100219
-0.0111959
0.100219
0.000243389
0.100219
0.000243389
0.100219
0.000243389
0.100219
0.000243389
0.100219
0.000243389
0.100219
0.000243389
0.100219
0.000243389
0.100219
0.000243389
0.100219
0.000243389
0.100219
0.000243389
-0.00494589
0.100219
-0.0111959
0.100219
-0.0111959
0.100219
-0.0111959
0.100219
-0.0111959
0.100219
-0.0111959
0.100219
-0.0111959
0.100219
-0.0111959
0.100219
-0.0111959
0.100219
-0.0111959
0.0888041
-0.0111959
0.0888041
-0.00494589
0.0888041
-0.0111959
0.0888041
0.0138041
0.0888041
-0.00494589
0.0888041
-0.0111959
0.0888041
-0.0111959
0.0888041
-0.0111959
0.0888041
0.100219
-0.0111959
0.100219
-0.0111959
0.100219
-0.0111959
0.100219
-0.0111959
0.100219
-0.0111959
0.100219
-0.0111959
0.100219
-0.0111959
0.100219
-0.0111959
0.100219
0.000243389
0.100219
0.000243389
0.100219
0.000243389
0.100219
0.000243389
0.100219
0.000243389
0.000243389
0.100219
0.000243389
0.100219
0.000243389
0.100219
0.000243389
0.100219
0.000243389
0.100219
-0.00494589
0.100219
-0.0111959
0.100219
-0.00911256
0.100219
-0.00911256
0.100219
-0.00911256
0.100219
-0.00911256
0.100219
-0.00911256
0.100219
0.0450541
0.0626184
0.0450541
0.0626184
0.0638041
0.0388041
0.0638041
0.0388041
0.0638041
0.0388041
0.0638041
0.0388041
0.0638041
0.0388041
0.0638041
0.0388041
0.0638041
0.0388041
0.0638041
0.0388041
0.0471374
0.0346374
0.100219
-0.00702922
0.100219
-0.00702922
0.100219
-0.00702922
0.100219
-0.00702922
0.100219
-0.00702922
0.100219
-0.00702922
0.100219
-0.00702922
0.100219
-0.00702922
0.0783515
0.0263041
0.0783515
0.0263041
0.000243389
0.100219
0.000243389
0.100219
0.000243389
0.100219
0.100219
0.000243389
0.100219
0.000243389
0.100219
0.000243389
0.0263041
0.0783515
0.0263041
0.0783515
0.0263041
0.0783515
0.0263041
0.0783515
0.0263041
0.0783515
0.0263041
0.0783515
0.0263041
0.0783515
0.0263041
0.0783515
0.0263041
0.0783515
0.0283874
0.0766034
0.0638041
0.043641
0.0638041
0.0388041
0.0638041
0.0388041
0.0638041
0.0388041
0.0638041
0.0388041
0.0388041
0.0638041
0.0388041
0.0638041
0.0388041
0.0638041
0.0388041
0.0638041
0.0388041
0.0638041
0.0766034
0.0283874
0.0783515
0.0263041
0.0783515
0.0263041
0.0783515
0.0263041
0.0783515
0.0263041
0.0783515
0.0263041
0.0783515
0.0263041
0.0783515
0.0263041
0.0486067
0.0596374
0.0486067
0.0596374
0.0486067
0.0596374
0.0678628
0.0388041
0.0678628
0.0388041
0.0546046
0.0546046
0.0263041
0.0783515
0.0263041
0.0783515
0.0263041
0.0783515
0.0263041
0.0783515
0.0263041
0.0783515
0.0263041
0.0783515
0.0263041
0.0783515
0.0263041
0.0783515
0.0263041
0.0783515
0.0263041
0.0783515
0.0263041
0.0783515
0.0263041
0.0783515
0.0638041
0.043641
0.0388041
0.0554708
0.0388041
0.0554708
0.0388041
0.0554708
0.0388041
0.0554708
0.0575541
0.0242208
0.0388041
0.0554708
0.0388041
0.0554708
0.0388041
0.0554708
0.0471374
0.0263041
0.0783515
0.0263041
0.0783515
0.0263041
0.0783515
0.0263041
0.0783515
0.0263041
0.0486067
0.0596374
0.0486067
0.0596374
0.0486067
0.0596374
0.0486067
0.0596374
0.100219
0.000243389
0.100219
0.000243389
0.100219
0.000243389
0.0678628
0.0388041
0.0678628
0.0388041
0.0546046
0.0546046
0.0263041
0.0783515
0.0263041
0.0783515
0.0263041
0.0783515
0.0263041
0.0783515
0.0263041
0.0783515
0.0263041
0.0783515
0.0263041
0.0783515
0.0263041
0.0783515
0.0263041
0.0783515
0.0263041
0.0783515
0.0263041
0.0783515
0.0263041
0.0783515
0.0638041
0.043641
0.0575541
0.0294291
0.0575541
0.0294291
0.0575541
0.0294291
0.0575541
0.0294291
0.0575541
0.0294291
0.0575541
0.0294291
0.0575541
0.0294291
0.0575541
0.0294291
0.0325541
0.0638041
0.0608703
0.0471374
0.0608703
0.0471374
0.0608703
0.0471374
0.0608703
0.0471374
0.0608703
0.0471374
0.0608703
0.0471374
0.0608703
0.0471374
0.100219
-0.0111959
0.100219
0.000243389
0.100219
0.000243389
0.100219
0.000243389
0.0678628
0.0388041
0.0678628
0.0388041
0.0546046
0.0546046
0.0263041
0.0783515
0.0263041
0.0783515
0.0263041
0.0783515
0.0263041
0.0783515
0.0263041
0.0783515
0.0263041
0.0783515
0.0263041
0.0783515
0.0263041
0.0783515
0.0263041
0.0783515
0.0263041
0.0783515
0.0263041
0.0783515
0.0263041
0.0783515
0.0638041
0.043641
0.0575541
0.0350541
0.0575541
0.0350541
0.0575541
0.0350541
0.0575541
0.0350541
0.0575541
0.0350541
0.0575541
0.0350541
0.0575541
0.0350541
0.0575541
0.0350541
0.0575541
0.0350541
0.0710094
0.0350541
0.0710094
0.0350541
0.0710094
0.0350541
0.0710094
0.0350541
0.0710094
0.0350541
0.0247716
0.0796374
0.100219
-0.0111959
0.100219
-0.0111959
0.100219
0.000243389
0.100219
0.000243389
0.100219
0.000243389
0.100219
0.000243389
0.100219
0.000243389
0.100219
0.000243389
0.100219
0.000243389
0.100219
0.000243389
0.100219
0.000243389
0.100219
0.000243389
-0.0111959
0.100219
-0.0111959
0.100219
-0.0111959
0.100219
-0.0111959
0.100219
-0.0111959
0.100219
-0.0111959
0.100219
-0.0111959
0.100219
-0.0111959
0.100219
-0.0111959
0.100219
0.0138041
0.0888041
-0.0111959
0.0888041
-0.0111959
0.0888041
-0.0111959
0.0888041
-0.0111959
0.0888041
-0.0111959
0.0888041
-0.0111959
0.0888041
0.0138041
0.0888041
-0.0111959
0.0888041
0.100219
-0.0111959
0.100219
-0.0111959
0.100219
-0.0111959
0.100219
-0.0111959
0.100219
-0.0111959
0.100219
-0.0111959
0.100219
-0.0111959
0.100219
-0.0111959
0.100219
0.000243389
0.100219
0.000243389
0.100219
0.000243389
0.100219
0.000243389
0.100219
0.000243389
0.000243389
0.100219
0.000243389
0.100219
0.000243389
0.100219
0.000243389
0.100219
0.000243389
0.100219
-0.0111959
0.100219
-0.0111959
0.100219
-0.0111959
0.100219
-0.0111959
0.100219
-0.0111959
0.100219
-0.0111959
0.100219
-0.0111959
0.100219
-0.0111959
0.100219
0.0471374
0.0608703
0.0638041
0.0346374
0.0638041
0.0346374
0.0471374
0.0388041
0.0471374
0.0388041
0.0638041
0.0346374
0.0638041
0.0346374
0.0638041
0.0346374
0.0638041
0.0346374
0.0263041
0.0638041
0.100219
-0.00702922
0.100219
-0.00702922
0.100219
-0.00702922
0.100219
-0.00702922
0.100219
-0.00702922
0.100219
-0.00702922
0.100219
-0.00702922
0.100219
-0.00702922
0.0783515
0.0263041
0.0783515
0.0263041
0.0783515
0.0263041
0.0783515
0.0263041
0.0783515
0.0263041
0.0546046
0.0546046
0.0388041
0.0678628
0.0596374
0.0486067
0.0596374
0.0486067
0.0596374
0.0486067
0.0596374
0.0486067
0.0596374
0.0486067
0.0596374
0.0486067
0.0596374
0.0486067
0.0263041
0.0783515
0.0263041
0.0783515
0.0263041
0.0783515
0.0263041
0.0783515
0.0263041
0.0783515
0.0554708
0.0388041
0.0554708
0.0388041
0.0242208
0.0575541
0.0554708
0.0388041
0.0554708
0.0388041
0.0554708
0.0388041
0.0554708
0.0388041
0.0554708
0.0388041
0.0263041
0.0638041
0.0783515
0.0263041
0.0783515
0.0263041
0.0783515
0.0263041
0.0783515
0.0263041
0.0783515
0.0263041
0.0783515
0.0263041
0.0783515
0.0263041
0.0783515
0.0263041
0.0486067
0.0596374
0.0486067
0.0596374
0.0486067
0.0596374
0.0486067
0.0596374
0.0486067
0.0596374
0.0596374
0.0486067
0.0596374
0.0486067
0.0596374
0.0486067
0.0596374
0.0486067
0.0596374
0.0486067
0.0596374
0.0486067
0.0596374
0.0486067
0.0596374
0.0486067
0.0596374
0.0486067
0.0596374
0.0486067
0.0263041
0.0783515
0.0263041
0.0783515
0.0263041
0.0783515
0.0263041
0.0783515
0.0992208
0.0242208
0.0992208
0.0242208
0.0992208
0.0242208
0.0179708
0.0804708
0.0992208
0.0242208
0.0242208
0.0992208
0.0242208
0.0992208
0.0242208
0.0992208
0.0638041
0.0263041
0.0783515
0.0263041
0.0783515
0.0263041
0.0783515
0.0263041
0.0486067
0.0596374
0.0486067
0.0596374
0.0486067
0.0596374
0.0486067
0.0596374
0.0486067
0.0596374
0.0299855
0.0752624
0.0299855
0.0752624
0.100219
0.000243389
0.100219
0.000243389
0.100219
0.000243389
0.0596374
0.0486067
0.0596374
0.0486067
0.0596374
0.0486067
0.0596374
0.0486067
0.0596374
0.0486067
0.0596374
0.0486067
0.0596374
0.0486067
0.0596374
0.0486067
0.0596374
0.0486067
0.0596374
0.0486067
0.0263041
0.0783515
0.0263041
0.0783515
0.0263041
0.0783515
0.0263041
0.0783515
0.0179708
0.0638041
0.0179708
0.0638041
0.0179708
0.0638041
0.0179708
0.0638041
0.0179708
0.0638041
0.0179708
0.0638041
0.0179708
0.0638041
0.0179708
0.0638041
0.0179708
0.0638041
0.0643665
0.0429708
0.0643665
0.0429708
0.0643665
0.0429708
0.0643665
0.0429708
0.0299855
0.0752624
0.0299855
0.0752624
0.0299855
0.0752624
0.0299855
0.0752624
0.000243389
0.100219
0.000243389
0.100219
0.100219
0.000243389
0.100219
0.000243389
0.100219
0.000243389
0.0596374
0.0486067
0.0596374
0.0486067
0.0596374
0.0486067
0.0596374
0.0486067
0.0596374
0.0486067
0.0596374
0.0486067
0.0596374
0.0486067
0.0596374
0.0486067
0.0596374
0.0486067
0.0596374
0.0486067
0.0596374
0.0486067
-0.000779223
0.100219
-0.000779223
0.100219
0.0554708
0.0535723
0.0888041
0.0138041
0.0179708
0.0538041
0.0888041
0.0138041
0.0679708
0.0263041
0.0179708
0.0538041
0.0179708
0.0538041
0.0888041
0.0138041
0.0179708
0.0538041
0.0554708
0.0404708
0.0552763
0.0538041
0.0552763
0.0538041
0.0552763
0.0538041
0.0552763
0.0538041
0.0552763
0.0538041
0.0247716
0.0796374
0.0247716
0.0796374
0.0247716
0.0796374
0.100219
0.000243389
0.100219
0.000243389
0.100219
0.000243389
0.100219
0.000243389
0.100219
0.000243389
0.100219
0.000243389
0.100219
0.000243389
0.100219
0.000243389
0.100219
0.000243389
0.100219
0.000243389
-0.0111959
0.100219
-0.0111959
0.100219
-0.0111959
0.100219
-0.0111959
0.100219
-0.0111959
0.100219
-0.0111959
0.100219
-0.0111959
0.100219
-0.0111959
0.100219
-0.0111959
0.100219
-0.0111959
0.0888041
-0.0111959
0.0888041
-0.0111959
0.0888041
-0.0111959
0.0888041
-0.0111959
0.0888041
-0.0111959
0.0888041
-0.0111959
0.0888041
-0.0111959
0.0888041
-0.0111959
0.0888041
0.100219
-0.0111959
0.100219
-0.0111959
0.100219
-0.0111959
0.100219
-0.0111959
0.100219
-0.0111959
0.100219
-0.0111959
0.100219
-0.0111959
0.100219
-0.0111959
0.100219
0.000243389
0.100219
0.000243389
0.100219
0.000243389
0.100219
0.000243389
0.100219
0.000243389
0.000243389
0.100219
0.000243389
0.100219
0.000243389
0.100219
0.000243389
0.100219
0.000243389
0.100219
-0.0111959
0.100219
-0.0111959
0.100219
-0.0111959
0.100219
-0.0111959
0.100219
-0.0111959
0.100219
-0.0111959
0.100219
-0.0111959
0.100219
-0.0111959
0.100219
-0.0111959
0.100219
0.0638041
0.0388041
0.0138041
0.113804
0.0138041
0.0388041
0.0638041
0.0388041
0.0638041
0.0388041
0.0638041
0.0388041
0.0638041
0.0388041
0.0638041
0.0388041
0.0169291
0.0638041
0.100219
-0.00702922
0.100219
-0.00702922
0.100219
-0.00702922
0.100219
-0.00702922
0.100219
-0.00702922
0.100219
-0.00702922
0.100219
-0.00702922
0.100219
-0.00702922
0.0783515
0.0263041
0.0783515
0.0263041
0.0783515
0.0263041
0.0783515
0.0263041
0.0783515
0.0263041
0.0546046
0.0546046
0.0388041
0.0678628
0.000243389
0.100219
0.000243389
0.100219
0.000243389
0.100219
-0.0111959
0.100219
0.0471374
0.0608703
0.0471374
0.0608703
0.0471374
0.0608703
0.0471374
0.0608703
0.0471374
0.0608703
0.0471374
0.0608703
0.0471374
0.0608703
0.0638041
0.043641
0.0294291
0.0575541
0.0294291
0.0575541
0.0294291
0.0575541
0.0294291
0.0575541
0.0294291
0.0575541
0.0294291
0.0575541
0.0294291
0.0575541
0.0294291
0.0575541
0.0356791
0.0638041
0.0783515
0.0263041
0.0783515
0.0263041
0.0783515
0.0263041
0.0783515
0.0263041
0.0783515
0.0263041
0.0783515
0.0263041
0.0783515
0.0263041
0.0783515
0.0263041
0.0486067
0.0596374
0.0486067
0.0596374
0.0486067
0.0596374
0.0486067
0.0596374
0.0486067
0.0596374
0.000243389
0.100219
0.000243389
0.100219
0.000243389
0.100219
0.0752624
0.0299855
0.0752624
0.0299855
0.0752624
0.0299855
0.0752624
0.0299855
0.0752624
0.0299855
0.0752624
0.0299855
0.0429708
0.0643665
0.0429708
0.0643665
0.0429708
0.0643665
0.0429708
0.0643665
0.0638041
0.043641
0.0638041
0.0179708
0.0638041
0.0179708
0.0638041
0.0179708
0.0638041
0.0179708
0.0638041
0.0179708
0.0638041
0.0179708
0.0638041
0.0179708
0.0638041
0.0179708
0.0731791
0.0263041
0.0783515
0.0263041
0.0783515
0.0263041
0.0783515
0.0263041
0.0486067
0.0596374
0.0486067
0.0596374
0.0486067
0.0596374
0.0486067
0.0596374
0.0486067
0.0596374
0.0299855
0.0752624
0.0299855
0.0752624
0.000243389
0.100219
0.000243389
0.100219
0.000243389
0.100219
0.100219
0.000243389
0.100219
0.000243389
0.100219
0.000243389
0.0752624
0.0299855
0.0752624
0.0299855
0.0752624
0.0299855
0.0752624
0.0299855
0.0752624
0.0299855
0.0752624
0.0299855
0.0429708
0.0643665
0.0429708
0.0643665
0.0429708
0.0643665
0.0429708
0.0643665
0.0638041
0.043641
0.0419291
0.0419291
0.0419291
0.0419291
0.0419291
0.0419291
0.0419291
0.0419291
0.0419291
0.0419291
0.0419291
0.0419291
0.0419291
0.0419291
0.0419291
0.0419291
0.0138041
0.0638041
0.0643665
0.0429708
0.0643665
0.0429708
0.0643665
0.0429708
0.0643665
0.0429708
0.0299855
0.0752624
0.0299855
0.0752624
0.0299855
0.0752624
0.0299855
0.0752624
0.000243389
0.100219
0.000243389
0.100219
0.000243389
0.100219
0.000243389
0.100219
0.100219
0.000243389
0.0888041
0.0138472
0.0888041
0.0138472
0.0888041
0.0138472
0.0888041
0.0138472
0.0888041
0.0138472
0.0888041
0.0138472
0.0888041
0.0138472
0.0888041
0.0138472
0.0888041
0.0138472
0.0888041
0.0138472
0.0429708
0.0643665
0.0429708
0.0643665
0.0429708
0.0643665
0.0638041
0.043641
0.116929
0.0263041
0.0294291
0.0738041
0.0794291
0.0138041
0.0419291
0.101304
0.0419291
0.0263041
0.0294291
0.0738041
0.0794291
0.0138041
0.116929
0.0263041
0.0554708
0.0404708
0.0552763
0.0538041
0.0552763
0.0538041
0.0552763
0.0538041
0.0552763
0.0538041
0.0552763
0.0538041
0.0247716
0.0796374
0.0247716
0.0796374
0.0247716
0.0796374
0.100219
0.000243389
0.100219
0.000243389
0.100219
0.000243389
0.100219
0.000243389
0.100219
0.000243389
0.100219
0.000243389
0.100219
0.000243389
0.100219
0.000243389
0.100219
0.000243389
0.100219
0.000243389
-0.0111959
0.100219
-0.0111959
0.100219
-0.0111959
0.100219
-0.0111959
0.100219
-0.0111959
0.100219
-0.0111959
0.100219
-0.0111959
0.100219
-0.0111959
0.100219
-0.0111959
0.100219
-0.0111959
0.0888041
-0.0111959
0.0888041
-0.0111959
0.0888041
-0.0111959
0.0888041
-0.0111959
0.0888041
-0.0111959
0.0888041
-0.0111959
0.0888041
-0.0111959
0.0888041
-0.0111959
0.0888041
0.100219
-0.0111959
0.100219
-0.0111959
0.100219
-0.0111959
0.100219
-0.0111959
0.100219
-0.0111959
0.100219
-0.0111959
0.100219
-0.0111959
0.100219
-0.0111959
0.100219
0.000243389
0.100219
0.000243389
0.100219
0.000243389
0.100219
0.000243389
0.100219
0.000243389
0.000243389
0.100219
0.000243389
0.100219
0.000243389
0.100219
0.000243389
0.100219
0.000243389
0.100219
-0.0111959
0.100219
-0.0111959
0.100219
-0.0111959
0.100219
-0.0111959
0.100219
-0.0111959
0.100219
-0.0111959
0.100219
-0.0111959
0.100219
-0.0111959
0.100219
-0.0111959
0.100219
0.0138041
0.0388041
0.0138041
0.0388041
0.0138041
0.0388041
0.0138041
0.0388041
0.0138041
0.0388041
0.0138041
0.0388041
0.0138041
0.0388041
0.0138041
0.0388041
0.0138041
0.0638041
0.100219
-0.00702922
0.100219
-0.00702922
0.100219
-0.00702922
0.100219
-0.00702922
0.100219
-0.00702922
0.100219
-0.00702922
0.100219
-0.00702922
0.100219
-0.00702922
0.0783515
0.0263041
0.0783515
0.0263041
0.0783515
0.0263041
0.0783515
0.0263041
0.0783515
0.0263041
0.0546046
0.0546046
0.0388041
0.0678628
0.000243389
0.100219
0.000243389
0.100219
0.000243389
0.100219
-0.0111959
0.100219
-0.0111959
0.100219
0.0796374
0.0247716
0.0350541
0.0710094
0.0350541
0.0710094
0.0350541
0.0710094
0.0350541
0.0710094
0.0350541
0.0710094
0.0350541
0.0710094
0.0350541
0.0575541
0.0350541
0.0575541
0.0350541
0.0575541
0.0350541
0.0575541
0.0350541
0.0575541
0.0350541
0.0575541
0.0350541
0.0575541
0.0350541
0.0575541
0.0413041
0.0638041
0.0783515
0.0263041
0.0783515
0.0263041
0.0783515
0.0263041
0.0783515
0.0263041
0.0783515
0.0263041
0.0783515
0.0263041
0.0783515
0.0263041
0.0783515
0.0263041
0.0486067
0.0596374
0.0486067
0.0596374
0.0486067
0.0596374
0.0486067
0.0596374
0.0486067
0.0596374
0.000243389
0.100219
0.000243389
0.100219
0.000243389
0.100219
0.100219
0.000243389
0.100219
0.000243389
0.0796374
0.0247716
0.0796374
0.0247716
0.0796374
0.0247716
0.0538041
0.0552763
0.0538041
0.0552763
0.0538041
0.0552763
0.0538041
0.0552763
0.0538041
0.0552763
0.0404708
0.0664643
0.0538041
0.0179708
0.0263041
0.0679708
0.0263041
0.0679708
0.0538041
0.0179708
0.0538041
0.0179708
0.0138041
0.0888041
0.0263041
0.0679708
0.0263041
0.0679708
0.0413041
0.0554708
0.100219
-0.000779223
0.100219
-0.000779223
0.0486067
0.0596374
0.0486067
0.0596374
0.0486067
0.0596374
0.0486067
0.0596374
0.0486067
0.0596374
0.0486067
0.0596374
0.0138472
0.0888041
0.0138472
0.0888041
0.0138472
0.0888041
0.0138472
0.0888041
0.0138472
0.0888041
0.000243389
0.100219
0.100219
0.000243389
0.100219
0.000243389
0.100219
0.000243389
0.100219
0.000243389
0.0796374
0.0247716
0.0796374
0.0247716
0.0796374
0.0247716
0.0538041
0.0552763
0.0538041
0.0552763
0.0538041
0.0552763
0.0538041
0.0552763
0.0538041
0.0552763
0.0404708
0.0664643
0.0738041
0.0294291
0.0138041
0.0794291
0.0138041
0.0794291
0.101304
0.0419291
0.0263041
0.0419291
0.0263041
0.116929
0.0263041
0.0419291
0.0263041
0.0419291
0.0138041
0.0638041
0.0643665
0.0429708
0.0643665
0.0429708
0.0643665
0.0429708
0.0138472
0.0888041
0.0138472
0.0888041
0.0138472
0.0888041
0.0138472
0.0888041
0.0138472
0.0888041
0.000243389
0.100219
0.000243389
0.100219
0.000243389
0.100219
0.000243389
0.100219
0.000243389
0.100219
0.100219
0.000243389
0.100219
0.000243389
0.100219
0.000243389
0.100219
0.000243389
0.100219
0.000243389
0.0796374
0.0247716
0.0796374
0.0247716
0.0796374
0.0247716
0.0538041
0.0552763
0.0538041
0.0552763
0.0538041
0.0552763
0.0538041
0.0552763
0.0538041
0.0552763
0.0404708
0.0664643
0.0738041
0.0138041
0.0138041
0.0738041
0.0138041
0.0738041
0.0263041
0.0263041
0.101304
0.0263041
0.0138041
0.0738041
0.0738041
0.0138041
0.0738041
0.0138041
0.0554708
0.0404708
0.0552763
0.0538041
0.0552763
0.0538041
0.0552763
0.0538041
0.0552763
0.0538041
0.0552763
0.0538041
0.0247716
0.0796374
0.0247716
0.0796374
0.0247716
0.0796374
