0.0805306
0
0.0805306
0.0805306
0.0805306
0.0805306
0.0805306
0.0805306
0.0805306
0.0805306
0.0805306
0.0805306
0.0805306
0.0805306
0.0805306
0.0805306
0.0805306
0.0805306
0.212478
0.0805306
-3.45441
0.0805306
-3.70441
0.0805306
-3.70441
0.0805306
-3.70441
0.0805306
-3.70441
0.0805306
-3.70441
0.0805306
-3.70441
0.0805306
-3.70441
0.0805306
-3.70441
0.0805306
-3.70441
-2.70441
-3.70441
-3.70441
-3.70441
-3.70441
-3.70441
-3.70441
-3.70441
-3.70441
-3.70441
-3.70441
-3.00441
-3.70441
-3.70441
-3.70441
-3.70441
-3.70441
0.0805306
-3.70441
0.0805306
-3.70441
0.0805306
-3.00441
0.0805306
-3.70441
0.0805306
-3.70441
0.0805306
-3.70441
0.0805306
-3.70441
0.0805306
-3.70441
0.0805306
0
0.0805306
0.172478
0.0805306
0.172478
0.0805306
0.172478
0.0805306
0.172478
0.0805306
0.172478
0.0805306
0.172478
0.0805306
0.172478
0.0805306
0.172478
0.0805306
0.172478
-3.70441
0.172478
-3.70441
0.172478
-3.70441
0.172478
-3.00441
0.172478
-3.70441
0.172478
-3.70441
0.172478
-3.70441
0.172478
-3.70441
0.172478
-3.70441
0.0805306
-3.60441
-3.21691
-3.60441
-3.60441
-3.60441
-3.65441
-3.25441
-2.59191
-3.60441
-3.35441
-3.60441
-3.61691
-3.00441
-3.70441
-3.60441
-3.59191
-3.60441
-3.21691
0.172478
-3.59191
0.172478
-3.70441
0.172478
-3.61691
0.172478
-3.61691
0.172478
-3.59191
0.172478
-3.55441
0.0805306
-3.60191
0.0805306
-3.45191
0.0805306
0
0.0805306
0.172478
0.0805306
0.172478
0.0805306
0.172478
0.0805306
0.172478
0.0805306
0.172478
0.0805306
0.172478
0.0805306
0.172478
0.0805306
0.172478
0.0805306
0.172478
-3.70441
0.172478
-3.70441
0.172478
-3.70441
0.172478
-3.00441
0.172478
-3.70441
0.172478
-3.70441
0.172478
-3.70441
0.172478
-3.70441
0.172478
-3.70441
0.0805306
-3.60441
-3.52941
-3.60441
-3.57316
-3.60441
-3.59816
-3.60441
-3.32316
-3.60441
-3.47316
-3.60441
-3.61691
-3.00441
-2.95441
-3.60441
-3.59191
-3.60441
-3.61691
0.172478
-3.59191
0.172478
-3.32316
0.172478
-3.22316
0.172478
-3.61691
0.172478
-3.37941
0.172478
-3.60441
0.0805306
-3.65191
0.0805306
-3.65191
0.0805306
0
0.0805306
0.172478
0.0805306
0.172478
0.0805306
0.172478
0.0805306
0.172478
0.0805306
0.172478
0.0805306
0.172478
0.0805306
0.172478
0.0805306
0.172478
0.0805306
0.172478
-3.70441
0.172478
-3.70441
0.172478
-3.70441
0.172478
-3.00441
0.172478
-3.70441
0.172478
-3.70441
0.172478
-3.70441
0.172478
-3.70441
0.172478
-3.70441
0.0805306
-3.60441
-3.63774
-3.60441
-3.54191
-3.60441
-3.64191
-3.00441
-3.49191
-3.45441
-3.66274
-3.60441
-3.49191
-3.00441
-3.09191
-3.25441
-3.05441
-3.60441
-3.69191
0.172478
-3.05441
0.172478
-3.69191
0.172478
-3.52108
0.172478
-3.37941
0.172478
-3.69191
0.172478
-3.69191
0.0805306
-3.62274
0.0805306
-3.47691
0.0805306
0
0.0805306
0.172478
0.0805306
0.172478
0.0805306
0.172478
0.0805306
0.172478
0.0805306
0.172478
0.0805306
0.172478
0.0805306
0.172478
0.0805306
0.172478
0.0805306
0.172478
-3.70441
0.172478
-3.70441
0.172478
-3.70441
0.172478
-3.00441
0.172478
-3.70441
0.172478
-3.70441
0.172478
-3.70441
0.172478
-3.70441
0.172478
-3.70441
0.0805306
-3.60441
-2.99503
-3.60441
-3.45753
-3.60441
-3.59503
-3.60441
-3.30441
-3.60441
-3.19503
-3.60441
-3.62003
-3.00441
-3.45753
-3.60441
-3.50753
-3.60441
-3.62003
0.172478
-3.62108
0.172478
-3.42941
0.172478
-3.52108
0.172478
-3.42941
0.172478
-3.47003
0.172478
-3.42941
0.0805306
-3.51441
0.0805306
-3.60503
0.0805306
0
0.0805306
0.172478
0.0805306
0.172478
0.0805306
0.172478
0.0805306
0.172478
0.0805306
0.172478
0.0805306
0.172478
0.0805306
0.172478
0.0805306
0.172478
0.0805306
0.172478
-3.70441
0.172478
-3.70441
0.172478
-3.70441
0.172478
-3.00441
0.172478
-3.70441
0.172478
-3.70441
0.172478
-3.70441
0.172478
-3.70441
0.172478
-3.70441
0.0805306
-3.60441
-3.26441
-3.60441
-3.67941
-3.60441
-3.61108
-3.60441
-3.67691
-3.60441
-3.10691
-3.60441
-3.45691
-3.00441
-3.67691
-3.60441
-3.45691
-3.60441
-2.75191
0.172478
-3.51691
0.172478
-3.41941
0.172478
-3.51691
0.172478
-3.58608
0.172478
-3.65191
0.172478
-3.41941
0.0805306
-3.59191
0.0805306
-3.50191
0.172478
0.0805306
0.172478
0.0805306
0.172478
0.0805306
0.172478
0.0805306
0.172478
0.0805306
0.172478
0.0805306
0.172478
0.0805306
0.172478
0.0805306
0.172478
0.0805306
0.0805306
0.0805306
-3.68941
0.0805306
-3.60191
0.0805306
-3.70441
0.172478
-3.42941
0.172478
-3.59191
0.172478
-3.37941
0.172478
-3.70441
0.172478
-3.59191
0.172478
-3.21691
0.172478
-3.59191
-2.70441
-3.70441
-3.00441
-3.65441
-3.00441
-2.99191
-3.00441
-3.61691
-2.70441
-3.61691
-3.00441
-3.60441
-3.00441
-3.65441
-3.00441
-3.63941
-3.70441
0.172478
-3.60441
0.172478
-3.70441
0.172478
-3.00441
0.172478
-3.70441
0.172478
-3.70441
0.172478
-3.70441
0.172478
-3.00441
0.172478
-3.70441
0.172478
-3.70024
0.172478
0.0805306
0.172478
0.0805306
0.172478
0.0805306
0.172478
0.0805306
0.0805306
0.172478
0.0805306
0.172478
0.0805306
0.172478
0.0805306
0.172478
0.0805306
0.172478
-3.68774
0.172478
-3.68774
0.172478
-3.38774
0.172478
-3.02524
0.172478
-3.67524
0.172478
-3.70024
0.172478
-3.16274
0.172478
-3.68774
0.172478
-3.70441
0.172478
-3.65858
-3.57941
-2.99608
-3.41691
-3.66691
-3.57941
-3.45024
-3.23774
-3.60441
-2.95441
-3.66691
-3.49191
-3.65858
-3.37941
-3.65858
-3.37941
-3.57691
-3.70441
0.172478
-3.56274
0.172478
-3.16274
0.172478
-3.68774
0.172478
-3.67524
0.172478
-3.70024
0.172478
-3.02524
0.172478
-3.02524
0.172478
-3.70024
0.172478
-3.60441
0.172478
0.0805306
0.172478
0.0805306
0.172478
0.0805306
0.172478
0.0805306
0.0805306
0.172478
0.0805306
0.172478
0.0805306
0.172478
0.0805306
0.172478
0.0805306
0.172478
-3.68774
0.172478
-3.68774
0.172478
-3.38774
0.172478
-3.02524
0.172478
-3.67524
0.172478
-3.66274
0.172478
-3.16274
0.172478
-3.68774
0.172478
-3.70441
0.172478
-3.62941
-3.32316
-2.99608
-3.57316
-3.60441
-3.62941
-3.42941
-2.79816
-3.49191
-3.65441
-3.61274
-3.60649
-3.45024
-3.56274
-3.62941
-3.54816
-3.51441
-3.70441
0.172478
-3.57316
0.172478
-3.32316
0.172478
-3.67316
0.172478
-3.24816
0.172478
-3.59191
0.172478
-2.95441
0.172478
-3.54816
0.172478
-3.27941
0.172478
-3.57108
0.172478
0.0805306
0.172478
0.0805306
0.172478
0.0805306
0.172478
0.0805306
0.0805306
0.172478
0.0805306
0.172478
0.0805306
0.172478
0.0805306
0.172478
0.0805306
0.172478
-3.68774
0.172478
-3.68774
0.172478
-3.38774
0.172478
-3.02524
0.172478
-3.67524
0.172478
-3.66274
0.172478
-3.16274
0.172478
-3.68774
0.172478
-3.70441
0.172478
-3.59191
-3.64191
-2.95441
-3.03774
-3.49191
-3.64191
-3.49191
-3.67524
-3.49191
-3.67524
-3.49191
-3.67524
-3.45024
-3.44608
-3.49191
-3.58774
-3.42691
-3.70441
0.172478
-3.66274
0.172478
-3.23774
0.172478
-3.57108
0.172478
-3.54608
0.172478
-3.57108
0.172478
-3.54608
0.172478
-2.87941
0.172478
-3.57108
0.172478
-3.55441
0.172478
0.0805306
0.172478
0.0805306
0.172478
0.0805306
0.172478
0.0805306
0.0805306
0.172478
0.0805306
0.172478
0.0805306
0.172478
0.0805306
0.172478
0.0805306
0.172478
-3.68774
0.172478
-3.68774
0.172478
-3.38774
0.172478
-3.02524
0.172478
-3.67524
0.172478
-3.66274
0.172478
-3.16274
0.172478
-3.68774
0.172478
-3.70441
0.172478
-2.77941
-3.57628
-3.49191
-3.62941
-3.49191
-3.67628
-3.49191
-3.67628
-3.49191
-3.67628
-3.49191
-3.67628
-3.52941
-3.61378
-3.52941
-3.61378
-3.42691
-3.70441
0.172478
-2.87628
0.172478
-3.40128
0.172478
-3.40128
0.172478
-3.55441
0.172478
-3.30128
0.172478
-3.55441
0.172478
-3.30128
0.172478
-3.55441
0.172478
-3.54191
0.172478
0.0805306
0.172478
0.0805306
0.172478
0.0805306
0.172478
0.0805306
0.0805306
0.172478
0.0805306
0.172478
0.0805306
0.172478
0.0805306
0.172478
0.0805306
0.172478
-3.68774
0.172478
-3.68774
0.172478
-3.70024
0.172478
-3.02524
0.172478
-3.67524
0.172478
-3.66274
0.172478
-3.16274
0.172478
-3.68774
0.172478
-3.70441
0.172478
-3.52941
-3.54441
-3.49191
-3.67691
-3.49191
-3.67691
-3.49191
-3.61691
-3.49191
-3.67691
-3.49191
-3.66941
-3.49191
-3.43941
-3.49191
-3.67691
-3.42691
-3.70441
0.172478
-3.51691
0.172478
-3.51691
0.172478
-3.51691
0.172478
-3.33941
0.172478
-3.47941
0.172478
-3.54191
0.172478
-3.54191
0.172478
-2.91441
0.172478
0.0805306
0.172478
0.0805306
0.172478
0.0805306
0.172478
0.0805306
0.172478
0.0805306
0.172478
0.0805306
0.172478
0.0805306
0.172478
0.0805306
0.172478
0.0805306
0.0805306
0.0805306
-3.66441
0.0805306
-3.65191
0.0805306
-3.46483
0.172478
-3.66691
0.172478
-3.59816
0.172478
-3.70441
0.172478
-3.32316
0.172478
-3.37941
0.172478
-3.61691
0.172478
-3.59191
-2.70441
-2.95441
-3.00441
-3.70441
-3.45441
-3.61691
-3.25441
-3.60441
-3.25441
-3.60441
-3.00441
-3.60441
-3.00441
-3.60441
-3.60441
-3.58941
-3.70441
0.172478
-3.60441
0.172478
-3.70441
0.172478
-3.00441
0.172478
-3.70441
0.172478
-3.70441
0.172478
-3.70441
0.172478
-3.70441
0.172478
-3.70441
0.172478
-3.70024
0.172478
0.0805306
0.172478
0.0805306
0.172478
0.0805306
0.172478
0.0805306
0.0805306
0.172478
0.0805306
0.172478
0.0805306
0.172478
0.0805306
0.172478
0.0805306
0.172478
-3.60441
0.172478
-3.44816
0.172478
-3.60441
0.172478
-3.59191
0.172478
-3.59191
0.172478
-3.64816
0.172478
-3.32316
0.172478
-3.54816
0.172478
-3.70441
0.172478
-3.54816
-3.62941
-3.67316
-3.30441
-3.66691
-3.38566
-3.60649
-3.23774
-3.67316
-3.50441
-3.67316
-3.49191
-3.67316
-3.50441
-3.65441
-3.37941
-3.53316
-3.70441
0.172478
-3.56274
0.172478
-3.16274
0.172478
-3.68774
0.172478
-3.67524
0.172478
-3.67524
0.172478
-3.02524
0.172478
-3.02524
0.172478
-3.70024
0.172478
-3.63566
0.172478
0.0805306
0.172478
0.0805306
0.172478
0.0805306
0.172478
0.0805306
0.0805306
0.172478
0.0805306
0.172478
0.0805306
0.172478
0.0805306
0.172478
0.0805306
0.172478
-3.62941
0.172478
-3.53566
0.172478
-3.69191
0.172478
-3.01066
0.172478
-3.59191
0.172478
-3.69191
0.172478
-3.69191
0.172478
-3.54816
0.172478
-3.70441
0.172478
-3.14816
-3.32316
-3.62941
-3.62941
-3.62941
-3.62941
-3.62941
-3.62941
-3.47316
-3.65441
-3.62941
-3.65441
-3.43566
-3.43566
-3.63774
-3.40649
-3.48941
-3.70441
0.172478
-3.32316
0.172478
-3.69191
0.172478
-3.69191
0.172478
-3.19191
0.172478
-3.69191
0.172478
-3.69191
0.172478
-3.53566
0.172478
-3.53566
0.172478
-3.58358
0.172478
0.0805306
0.172478
0.0805306
0.172478
0.0805306
0.172478
0.0805306
0.0805306
0.172478
0.0805306
0.172478
0.0805306
0.172478
0.0805306
0.172478
0.0805306
0.172478
-3.60441
0.172478
-3.53566
0.172478
-3.69191
0.172478
-3.01066
0.172478
-3.59191
0.172478
-3.69191
0.172478
-3.69191
0.172478
-3.69191
0.172478
-3.70441
0.172478
-3.54816
-3.06274
-3.54816
-3.23774
-3.54816
-3.61274
-2.79816
-3.23774
-3.54816
-3.06274
-3.54816
-3.66274
-3.43566
-3.29399
-3.54816
-3.66274
-3.43316
-3.70441
0.172478
-3.58774
0.172478
-3.23774
0.172478
-3.68774
0.172478
-3.62108
0.172478
-3.64191
0.172478
-3.65858
0.172478
-3.56691
0.172478
-3.57941
0.172478
-3.55753
0.172478
0.0805306
0.172478
0.0805306
0.172478
0.0805306
0.172478
0.0805306
0.0805306
0.172478
0.0805306
0.172478
0.0805306
0.172478
0.0805306
0.172478
0.0805306
0.172478
-3.60441
0.172478
-3.69191
0.172478
-3.69191
0.172478
-3.01066
0.172478
-3.59191
0.172478
-3.69191
0.172478
-3.69191
0.172478
-3.69191
0.172478
-3.70441
0.172478
-3.54816
-3.62941
-3.54816
-3.62941
-3.54816
-3.62941
-3.58566
-3.61378
-3.54816
-3.06691
-3.54816
-3.59191
-3.51066
-3.61378
-3.58566
-3.61378
-3.43316
-3.70441
0.172478
-2.87628
0.172478
-3.67003
0.172478
-3.68253
0.172478
-3.63878
0.172478
-3.64191
0.172478
-3.63878
0.172478
-3.47941
0.172478
-3.45753
0.172478
-3.54191
0.172478
0.0805306
0.172478
0.0805306
0.172478
0.0805306
0.172478
0.0805306
0.0805306
0.172478
0.0805306
0.172478
0.0805306
0.172478
0.0805306
0.172478
0.0805306
0.172478
-3.60441
0.172478
-3.53566
0.172478
-3.69191
0.172478
-3.01066
0.172478
-3.59191
0.172478
-3.69191
0.172478
-3.69191
0.172478
-3.69191
0.172478
-3.70441
0.172478
-3.54816
-3.66941
-3.58566
-3.54441
-3.54816
-3.66941
-3.54816
-3.66941
-3.47316
-3.43941
-3.54816
-3.66941
-3.54816
-3.43941
-3.54816
-3.43941
-3.43316
-3.70441
0.172478
-3.51691
0.172478
-3.51691
0.172478
-3.66441
0.172478
-3.19191
0.172478
-3.63191
0.172478
-3.63191
0.172478
-3.63191
0.172478
-3.54191
0.172478
0.0805306
0.172478
0.0805306
0.172478
0.0805306
0.172478
0.0805306
0.172478
0.0805306
0.172478
0.0805306
0.172478
0.0805306
0.172478
0.0805306
0.172478
0.0805306
0.0805306
0.0805306
-3.51441
0.0805306
-3.62274
0.0805306
-3.69191
0.172478
-3.54191
0.172478
-3.59191
0.172478
-3.54191
0.172478
-3.69191
0.172478
-3.44608
0.172478
-3.69191
0.172478
-3.05441
-3.45441
-3.09191
-3.00441
-3.54191
-3.60441
-3.49191
-3.25441
-3.66274
-3.25441
-3.49191
-3.00441
-3.54191
-3.60441
-3.49191
-3.60441
-3.54358
-3.70441
0.172478
-3.60441
0.172478
-3.70441
0.172478
-3.00441
0.172478
-3.00441
0.172478
-3.70441
0.172478
-3.70441
0.172478
-3.70441
0.172478
-3.70441
0.172478
-3.70024
0.172478
0.0805306
0.172478
0.0805306
0.172478
0.0805306
0.172478
0.0805306
0.0805306
0.172478
0.0805306
0.172478
0.0805306
0.172478
0.0805306
0.172478
0.0805306
0.172478
-3.57108
0.172478
-3.54608
0.172478
-3.30858
0.172478
-3.30858
0.172478
-3.54608
0.172478
-3.54608
0.172478
-3.70441
0.172478
-3.66274
0.172478
-3.70441
0.172478
-3.66274
-3.49191
-3.67524
-3.30441
-3.66691
-3.57941
-3.66691
-3.57941
-3.66899
-3.46066
-3.67524
-3.49191
-3.45024
-3.27941
-3.64608
-3.37524
-3.48941
-3.70441
0.172478
-3.56274
0.172478
-3.16274
0.172478
-3.68774
0.172478
-3.67524
0.172478
-3.70024
0.172478
-3.02524
0.172478
-3.68774
0.172478
-3.70024
0.172478
-3.60441
0.172478
0.0805306
0.172478
0.0805306
0.172478
0.0805306
0.172478
0.0805306
0.0805306
0.172478
0.0805306
0.172478
0.0805306
0.172478
0.0805306
0.172478
0.0805306
0.172478
-3.47941
0.172478
-3.54608
0.172478
-3.62108
0.172478
-3.62108
0.172478
-3.65858
0.172478
-3.70441
0.172478
-3.70441
0.172478
-3.66274
0.172478
-3.70441
0.172478
-3.66274
-3.32316
-3.66274
-3.34816
-3.60441
-3.58566
-3.23774
-2.79816
-3.63774
-3.65441
-3.64608
-3.60649
-3.45024
-3.50441
-3.64191
-2.79816
-3.45191
-3.70441
0.172478
-3.69191
0.172478
-3.69191
0.172478
-3.69191
0.172478
-3.19191
0.172478
-3.69191
0.172478
-3.69191
0.172478
-3.59191
0.172478
-3.27941
0.172478
-3.57108
0.172478
0.0805306
0.172478
0.0805306
0.172478
0.0805306
0.172478
0.0805306
0.0805306
0.172478
0.0805306
0.172478
0.0805306
0.172478
0.0805306
0.172478
0.0805306
0.172478
-3.57108
0.172478
-3.65858
0.172478
-3.62108
0.172478
-3.62108
0.172478
-3.65858
0.172478
-3.70441
0.172478
-3.70441
0.172478
-3.66274
0.172478
-3.70441
0.172478
-3.25024
-3.57524
-3.64191
-3.45024
-3.64191
-3.51274
-3.45024
-3.23774
-3.45024
-3.61274
-3.64191
-3.25024
-3.45024
-3.64191
-3.64191
-3.45024
-3.40608
-3.70441
0.172478
-3.58774
0.172478
-3.70441
0.172478
-3.68774
0.172478
-2.99608
0.172478
-3.64191
0.172478
-3.65858
0.172478
-3.62108
0.172478
-3.57108
0.172478
-3.55441
0.172478
0.0805306
0.172478
0.0805306
0.172478
0.0805306
0.172478
0.0805306
0.0805306
0.172478
0.0805306
0.172478
0.0805306
0.172478
0.0805306
0.172478
0.0805306
0.172478
-3.57108
0.172478
-3.65858
0.172478
-3.62108
0.172478
-3.62108
0.172478
-3.65858
0.172478
-3.65858
0.172478
-3.70441
0.172478
-3.66274
0.172478
-3.70441
0.172478
-3.25024
-3.57628
-3.64191
-3.40128
-3.60441
-3.66378
-3.60441
-3.41378
-3.56274
-3.50441
-3.60441
-3.61378
-3.45024
-3.27628
-3.60441
-3.61378
-3.40608
-3.70441
0.172478
-3.69191
0.172478
-3.70441
0.172478
-3.64191
0.172478
-3.63878
0.172478
-3.64191
0.172478
-3.63878
0.172478
-3.63878
0.172478
-3.54191
0.172478
-3.54191
0.172478
0.0805306
0.172478
0.0805306
0.172478
0.0805306
0.172478
0.0805306
0.0805306
0.172478
0.0805306
0.172478
0.0805306
0.172478
0.0805306
0.172478
0.0805306
0.172478
-3.57108
0.172478
-3.65858
0.172478
-3.62108
0.172478
-3.62108
0.172478
-3.65858
0.172478
-3.65858
0.172478
-3.70441
0.172478
-3.66274
0.172478
-3.70441
0.172478
-3.52941
-3.54441
-3.60441
-3.67941
-3.51274
-3.65691
-3.64191
-3.33941
-3.45024
-3.65691
-3.64191
-3.11691
-3.56691
-3.43941
-3.64191
-3.33941
-3.40608
-3.70441
0.172478
-3.66441
0.172478
-3.70441
0.172478
-3.68191
0.172478
-3.19191
0.172478
-3.59191
0.172478
-3.63191
0.172478
-3.63191
0.172478
-3.54191
0.172478
0.0805306
0.172478
0.0805306
0.172478
0.0805306
0.172478
0.0805306
0.172478
0.0805306
0.172478
0.0805306
0.172478
0.0805306
0.172478
0.0805306
0.172478
0.0805306
0.0805306
0.0805306
-3.48941
0.0805306
-3.51441
0.0805306
-3.62108
0.172478
-3.62108
0.172478
-3.50441
0.172478
-3.38253
0.172478
-3.42941
0.172478
-3.62108
0.172478
-3.62003
0.172478
-3.62108
-3.45441
-3.45753
-3.00441
-3.47003
-3.60441
-3.50441
-2.70441
-3.50441
-3.60441
-3.42941
-3.00441
-3.42941
-3.60441
-3.53253
-3.60441
-3.51753
-3.70441
0.172478
-3.60441
0.172478
-3.70441
0.172478
-3.00441
0.172478
-3.70441
0.172478
-3.70441
0.172478
-3.70441
0.172478
-3.70441
0.172478
-3.70441
0.172478
-3.70024
0.172478
0.0805306
0.172478
0.0805306
0.172478
0.0805306
0.172478
0.0805306
0.0805306
0.172478
0.0805306
0.172478
0.0805306
0.172478
0.0805306
0.172478
0.0805306
0.172478
-3.55128
0.172478
-3.51691
0.172478
-3.52628
0.172478
-3.54191
0.172478
-3.55441
0.172478
-2.87628
0.172478
-3.40128
0.172478
-3.40128
0.172478
-3.70441
0.172478
-3.67003
-2.86066
-3.61378
-3.32941
-3.66691
-3.49191
-3.67003
-3.46066
-3.67003
-3.46066
-3.67628
-3.16691
-3.45024
-3.45024
-3.65024
-3.37524
-3.46441
-3.70441
0.172478
-3.56274
0.172478
-3.16274
0.172478
-3.68774
0.172478
-3.67524
0.172478
-3.67524
0.172478
-3.02524
0.172478
-3.68774
0.172478
-3.70024
0.172478
-3.60441
0.172478
0.0805306
0.172478
0.0805306
0.172478
0.0805306
0.172478
0.0805306
0.0805306
0.172478
0.0805306
0.172478
0.0805306
0.172478
0.0805306
0.172478
0.0805306
0.172478
-3.44503
0.172478
-3.55441
0.172478
-3.61378
0.172478
-3.63878
0.172478
-3.64191
0.172478
-3.37941
0.172478
-3.67003
0.172478
-3.69191
0.172478
-3.70441
0.172478
-3.06691
-3.32316
-3.61378
-3.58566
-3.66691
-3.54816
-3.42941
-2.79816
-3.61378
-3.58566
-3.66691
-3.32316
-3.45024
-3.53149
-3.65128
-2.79816
-3.43003
-3.70441
0.172478
-3.53566
0.172478
-3.69191
0.172478
-3.69191
0.172478
-3.19191
0.172478
-3.69191
0.172478
-3.69191
0.172478
-3.53566
0.172478
-3.27941
0.172478
-3.57108
0.172478
0.0805306
0.172478
0.0805306
0.172478
0.0805306
0.172478
0.0805306
0.0805306
0.172478
0.0805306
0.172478
0.0805306
0.172478
0.0805306
0.172478
0.0805306
0.172478
-3.55441
0.172478
-3.64191
0.172478
-3.61378
0.172478
-3.63878
0.172478
-3.64191
0.172478
-3.61378
0.172478
-3.70441
0.172478
-3.69191
0.172478
-3.70441
0.172478
-3.61378
-3.63774
-3.61378
-3.56274
-3.65128
-3.51274
-3.65128
-3.45024
-3.40128
-3.37524
-3.65128
-3.51274
-3.61378
-3.60441
-3.65128
-3.45024
-3.38941
-3.70441
0.172478
-3.66274
0.172478
-3.70441
0.172478
-3.64191
0.172478
-3.62108
0.172478
-3.64191
0.172478
-3.65858
0.172478
-3.62108
0.172478
-3.57108
0.172478
-3.55441
0.172478
0.0805306
0.172478
0.0805306
0.172478
0.0805306
0.172478
0.0805306
0.0805306
0.172478
0.0805306
0.172478
0.0805306
0.172478
0.0805306
0.172478
0.0805306
0.172478
-3.55128
0.172478
-3.64191
0.172478
-3.61378
0.172478
-3.63878
0.172478
-3.64191
0.172478
-3.61378
0.172478
-3.70441
0.172478
-3.69191
0.172478
-3.70441
0.172478
-3.61378
-3.01378
-3.61378
-3.66378
-3.61378
-3.66378
-3.61378
-3.61378
-3.61378
-3.41378
-3.61378
-3.61378
-3.61378
-3.61378
-3.65128
-2.87628
-3.38941
-3.70441
0.172478
-3.69191
0.172478
-3.70441
0.172478
-3.64191
0.172478
-3.63878
0.172478
-3.64191
0.172478
-3.63878
0.172478
-3.56378
0.172478
-3.55441
0.172478
-3.54191
0.172478
0.0805306
0.172478
0.0805306
0.172478
0.0805306
0.172478
0.0805306
0.0805306
0.172478
0.0805306
0.172478
0.0805306
0.172478
0.0805306
0.172478
0.0805306
0.172478
-3.55128
0.172478
-3.64191
0.172478
-3.61378
0.172478
-3.63878
0.172478
-3.64191
0.172478
-3.61378
0.172478
-3.70441
0.172478
-3.69191
0.172478
-3.70441
0.172478
-3.61378
-3.67941
-3.61378
-3.67941
-3.65128
-3.53941
-3.65128
-3.33941
-3.61378
-3.54441
-3.65128
-3.49191
-3.47628
-3.43941
-3.52941
-3.65691
-3.38941
-3.70441
0.172478
-3.66441
0.172478
-3.70441
0.172478
-3.68191
0.172478
-3.19191
0.172478
-3.63191
0.172478
-3.63191
0.172478
-3.63191
0.172478
-2.91441
0.172478
-3.70441
0.172478
0.0805306
0.172478
0.0805306
0.172478
0.0805306
0.172478
0.0805306
0.172478
0.0805306
0.172478
0.0805306
0.172478
0.0805306
0.172478
0.0805306
0.0805306
0.0805306
-3.49191
0.0805306
-3.59191
0.0805306
-3.51691
0.172478
-3.41941
0.172478
-3.41941
0.172478
-3.45691
0.172478
-3.41941
0.172478
-3.51691
0.172478
-2.75191
0.172478
-3.51691
-3.45441
-3.41941
-3.00441
-3.46941
-3.60441
-3.51691
-2.70441
-3.51691
-3.25441
-3.61108
-3.00441
-3.51691
-3.00441
-3.70441
-3.60441
-3.50191
-3.70441
0.172478
-3.60441
0.172478
-3.70441
0.172478
-3.00441
0.172478
-3.70441
0.172478
-3.70441
0.172478
-3.70441
0.172478
-3.70441
0.172478
-3.70441
0.172478
-3.70024
0.172478
0.0805306
0.172478
0.0805306
0.172478
0.0805306
0.172478
0.0805306
0.0805306
0.172478
0.0805306
0.172478
0.0805306
0.172478
0.0805306
0.172478
0.0805306
0.172478
-3.53191
0.172478
-3.51691
0.172478
-3.53191
0.172478
-3.41941
0.172478
-3.56441
0.172478
-3.56441
0.172478
-3.51691
0.172478
-3.51691
0.172478
-3.70441
0.172478
-3.67691
-3.37941
-3.43941
-3.24191
-3.67691
-3.49191
-3.65274
-3.45024
-3.65691
-3.37941
-3.67691
-3.49191
-3.67691
-3.41691
-3.67691
-3.37941
-3.44941
-3.70441
0.172478
-3.56274
0.172478
-3.16274
0.172478
-3.68774
0.172478
-3.67524
0.172478
-3.50024
0.172478
-3.02524
0.172478
-3.68774
0.172478
-3.70024
0.172478
-3.60441
0.172478
0.0805306
0.172478
0.0805306
0.172478
0.0805306
0.172478
0.0805306
0.0805306
0.172478
0.0805306
0.172478
0.0805306
0.172478
0.0805306
0.172478
0.0805306
0.172478
-3.53191
0.172478
-3.53191
0.172478
-3.63191
0.172478
-3.63191
0.172478
-3.59191
0.172478
-3.63191
0.172478
-3.70441
0.172478
-3.66441
0.172478
-3.70441
0.172478
-3.65691
-3.32316
-3.43941
-3.34816
-3.66941
-3.54816
-3.65691
-2.79816
-3.66941
-3.54816
-3.65274
-3.60649
-3.66941
-3.47316
-3.65274
-3.40649
-3.41691
-3.70441
0.172478
-3.44191
0.172478
-3.69191
0.172478
-3.69191
0.172478
-3.19191
0.172478
-3.69191
0.172478
-3.69191
0.172478
-3.59191
0.172478
-3.27941
0.172478
-3.57108
0.172478
0.0805306
0.172478
0.0805306
0.172478
0.0805306
0.172478
0.0805306
0.0805306
0.172478
0.0805306
0.172478
0.0805306
0.172478
0.0805306
0.172478
0.0805306
0.172478
-3.53191
0.172478
-3.53191
0.172478
-3.63191
0.172478
-3.63191
0.172478
-3.59191
0.172478
-3.70441
0.172478
-3.70441
0.172478
-3.66441
0.172478
-3.70441
0.172478
-3.65691
-3.43774
-3.43941
-3.60024
-3.65691
-3.51274
-3.65691
-3.45024
-3.65691
-3.37524
-3.65691
-3.51274
-3.43941
-3.07524
-3.65691
-3.45024
-3.37941
-3.70441
0.172478
-3.66274
0.172478
-3.23774
0.172478
-3.64191
0.172478
-3.62108
0.172478
-3.64191
0.172478
-3.65858
0.172478
-3.62108
0.172478
-3.57108
0.172478
-3.55441
0.172478
0.0805306
0.172478
0.0805306
0.172478
0.0805306
0.172478
0.0805306
0.0805306
0.172478
0.0805306
0.172478
0.0805306
0.172478
0.0805306
0.172478
0.0805306
0.172478
-3.53191
0.172478
-3.53191
0.172478
-3.63191
0.172478
-3.63191
0.172478
-3.59191
0.172478
-3.70441
0.172478
-3.70441
0.172478
-3.66441
0.172478
-3.70441
0.172478
-3.33941
-3.57628
-2.95441
-3.33878
-3.61941
-3.66378
-3.61941
-3.61378
-3.65691
-3.40128
-3.65691
-3.47628
-3.67941
-3.61378
-3.61941
-3.61378
-3.37941
-3.70441
0.172478
-3.69191
0.172478
-3.70441
0.172478
-3.64191
0.172478
-3.63878
0.172478
-3.64191
0.172478
-3.63878
0.172478
-3.63878
0.172478
-3.55441
0.172478
-3.54191
0.172478
0.0805306
0.172478
0.0805306
0.172478
0.0805306
0.172478
0.0805306
0.0805306
0.172478
0.0805306
0.172478
0.0805306
0.172478
0.0805306
0.172478
0.0805306
0.172478
-3.53191
0.172478
-3.53191
0.172478
-3.63191
0.172478
-3.63191
0.172478
-3.59191
0.172478
-3.70441
0.172478
-3.70441
0.172478
-3.66441
0.172478
-3.70441
0.172478
-3.65691
-3.49191
-3.43941
-3.41691
-3.65691
-3.53941
-3.65691
-3.53941
-3.65691
-3.33941
-3.65691
-3.49191
-3.49191
-3.43941
-3.65691
-3.33941
-3.37941
-3.70441
0.172478
-3.66441
0.172478
-3.70441
0.172478
-3.68191
0.172478
-3.19191
0.172478
-3.59191
0.172478
-3.63191
0.172478
-3.63191
0.172478
-2.91441
