0.633071
0.185
0.633071
0.185
0.633071
0.185
0.633071
0.185
0.547064
0.2875
0.334296
0.507796
0.185
0.633071
0.185
0.633071
0.185
0.633071
0.185
0.633071
0.185
0.633071
0.0899998
0.712786
0.0899998
0.712786
0.0899998
0.712786
0.0899998
0.712786
0.00749978
0.775283
0.00749978
0.775283
0.00749978
0.775283
-0.00500022
0.650333
0.0112498
-2.19417e-07
-2.19417e-07
-2.19417e-07
-2.19417e-07
-2.19417e-07
-2.19417e-07
-2.19417e-07
-2.19417e-07
-2.19417e-07
-2.19417e-07
-2.19417e-07
-2.19417e-07
-2.19417e-07
-0.00500022
0.00749978
0.3
-0.00500022
0.775283
0.00749978
0.775283
0.00749978
0.775283
0.00749978
0.712786
0.0899998
0.712786
0.0899998
0.712786
0.0899998
0.712786
0.0899998
0.633071
0.185
0.7825
-0.00499999
0.7825
-0.00499999
0.7825
-0.00499999
0.7825
-0.00499999
0.751244
0.0441664
0.334296
0.520296
0.0332043
0.772943
-0.00499999
0.795
-0.00499999
0.795
-0.00499999
0.795
-0.00500022
0.795
-0.00500022
0.795
-0.00500022
0.795
-0.00500022
0.795
0.00749978
0.787783
0.00749978
0.787783
0.00749978
0.787783
0.00749978
0.787783
-0.00500022
0.650333
-0.00500022
0.35
-0.00500022
0.32
-2.19417e-07
0.2
0.00749978
0.205
0.00124978
0.3175
-0.00500022
0.205
-0.00500022
0.215
-2.19417e-07
0.2
0.2925
0.31125
0.7825
-0.00500022
0.7825
-0.00500022
0.7825
-0.00500022
0.7825
-0.00500022
0.7825
-0.00500022
0.7825
-0.00500022
0.7825
-0.00500022
0.7825
-0.00500022
0.725372
0.0749998
0.725372
0.0749998
0.725372
0.0749998
0.725372
0.0749998
0.670831
0.14
0.334296
0.520296
0.0332043
0.772943
-0.00499999
0.795
-0.00499999
0.795
-0.00499999
0.795
0.185
0.645571
0.0899998
0.725286
0.0899998
0.725286
0.00749978
0.787783
0.00749978
0.787783
0.00749978
0.787783
0.00749978
0.787783
0.00749978
0.787783
-0.00500022
0.650333
-0.00500022
0.1675
-0.00500022
0.105
-2.19417e-07
0.0999998
-2.19417e-07
0.0999998
0.00749978
0.0949998
-0.00500022
0.115
-0.00500022
0.12375
-0.00500022
0.105
-0.00500022
0.135
0.7825
-0.00500022
0.7825
-0.00500022
0.7825
-0.00500022
0.7825
-0.00500022
0.7825
-0.00500022
0.7825
-0.00500022
0.725372
0.0749998
0.725372
0.0749998
0.697402
0.108333
0.697402
0.108333
0.697402
0.108333
0.697402
0.108333
0.63447
0.183333
0.334296
0.520296
0.0332043
0.772943
0.185
0.645571
0.185
0.645571
0.185
0.645571
0.185
0.645571
0.0899998
0.725286
0.0899998
0.725286
0.0899998
0.725286
0.00749978
0.787783
0.00749978
0.787783
0.00749978
0.787783
0.00749978
0.787783
-0.00500022
0.650333
-0.00500022
0.141666
-0.00500022
0.111666
-2.19417e-07
0.0854164
0.00749978
0.0716664
0.00124978
0.109166
-0.00500022
0.130416
0.0324998
0.0654164
-2.19417e-07
0.0666664
0.0999998
0.129166
0.7825
-0.00500022
0.7825
-0.00500022
0.7825
-0.00500022
0.7825
-0.00500022
0.7825
-0.00500022
0.7825
-0.00500022
0.7825
-0.00500022
0.7825
-0.00500022
0.683417
0.125
0.683417
0.125
0.683417
0.125
0.683417
0.125
0.612618
0.209375
0.334296
0.520296
0.185
0.645571
0.185
0.645571
0.185
0.645571
0.185
0.645571
0.185
0.645571
0.0899998
0.725286
0.0899998
0.725286
0.0899998
0.725286
0.00749978
0.787783
0.00749978
0.787783
0.00749978
0.787783
0.00749978
0.787783
-0.00500022
0.650333
0.00624978
0.0893748
-2.19417e-07
0.0599998
-2.19417e-07
0.0599998
-0.00500022
0.0856248
0.00124978
0.0893748
-2.19417e-07
0.0499998
-0.00500022
0.0956248
-2.19417e-07
0.0499998
-0.00500022
0.0856248
0.772757
0.0118748
0.772757
0.0118748
0.772757
0.0118748
0.772757
0.0118748
0.772757
0.0118748
0.772757
0.0118748
0.772757
0.0118748
0.772757
0.0118748
0.675026
0.135
0.675026
0.135
0.675026
0.135
0.675026
0.135
0.599507
0.225
0.334296
0.520296
0.185
0.645571
0.185
0.645571
0.185
0.645571
0.185
0.645571
0.185
0.645571
0.0899998
0.725286
0.0899998
0.725286
0.0899998
0.725286
0.00749978
0.787783
0.00749978
0.787783
0.00749978
0.787783
0.00749978
0.787783
-0.00500022
0.650333
-2.19417e-07
0.0437498
-2.19417e-07
0.0399998
-2.19417e-07
0.0399998
-2.19417e-07
0.0399998
0.00749978
0.0387498
0.0674998
0.0537498
-0.00500022
0.0699998
-2.19417e-07
0.0399998
-0.00500022
0.0799998
0.7825
-0.00500022
0.763736
0.0274998
0.763736
0.0274998
0.763736
0.0274998
0.763736
0.0274998
0.763736
0.0274998
0.763736
0.0274998
0.763736
0.0274998
0.795
-0.00499999
0.795
-0.00499999
0.795
-0.00499999
0.795
-0.00499999
0.772943
0.0332043
0.334296
0.507796
0.0332043
0.760443
-0.00499999
0.7825
-0.00499999
0.7825
-0.00499999
0.7825
-0.00500022
0.7825
-0.00500022
0.7825
-0.00500022
0.7825
-0.00500022
0.7825
-0.00500022
0.7825
-0.00500022
0.7825
-0.00500022
0.7825
-0.00500022
0.7825
0.31125
0.45097
0.205
-0.00500022
0.2
-2.19417e-07
0.205
-0.00500022
0.205
-0.00500022
0.2
0.0412498
0.205
-0.00500022
0.205
-0.00500022
0.195
0.00749978
0.2775
-0.00500022
0.787783
0.00749978
0.787783
0.00749978
0.787783
0.00749978
0.787783
0.00749978
0.795
-0.00500022
0.795
-0.00500022
0.795
-0.00500022
0.795
-0.00500022
0.795
-0.00499999
0.763744
0.0441664
0.763744
0.0441664
0.763744
0.0441664
0.763744
0.0441664
0.334296
0.520296
0.0441664
0.763744
0.0441664
0.763744
0.0441664
0.763744
-0.00499999
0.795
-0.00500022
0.795
-0.00500022
0.795
-0.00500022
0.795
-0.00500022
0.795
-0.00500022
0.795
-0.00500022
0.795
-0.00500022
0.795
-0.00500022
0.795
0.31125
0.45097
0.31125
0.115
0.31125
0.1175
0.31125
0.115
0.31125
0.125
0.32375
0.31125
0.11125
0.13
0.1175
0.31125
0.1075
0.33875
0.0991664
0.31125
0.795
-0.00500022
0.795
-0.00500022
0.795
-0.00500022
0.795
-0.00500022
0.795
-0.00500022
0.795
-0.00500022
0.795
-0.00500022
0.795
-0.00500022
0.795
-0.00499999
0.795
-0.00499999
0.795
-0.00499999
0.795
-0.00499999
0.772943
0.0332043
0.334296
0.520296
0.0441664
0.763744
-0.00499999
0.795
-0.00499999
0.795
-0.00499999
0.795
-0.00500022
0.795
-0.00500022
0.795
-0.00500022
0.795
-0.00500022
0.795
-0.00500022
0.795
-0.00500022
0.795
-0.00500022
0.795
-0.00500022
0.795
0.31125
0.45097
0.3175
0.17625
0.31125
0.10875
0.31125
0.105
0.32
0.16125
0.31125
0.1675
0.31125
0.19375
0.1275
0.18125
0.1075
0.1675
0.1075
0.135
0.795
-0.00500022
0.795
-0.00500022
0.795
-0.00500022
0.795
-0.00500022
0.775515
0.0287498
0.775515
0.0287498
0.795
-0.00500022
0.795
-0.00500022
0.795
-0.00499999
0.795
-0.00499999
0.795
-0.00499999
0.795
-0.00499999
0.772943
0.0332043
0.334296
0.520296
0.0332043
0.772943
-0.00499999
0.795
-0.00499999
0.795
-0.00499999
0.795
-0.00500022
0.795
-0.00500022
0.795
-0.00500022
0.795
-0.00500022
0.795
-0.00500022
0.795
-0.00500022
0.795
-0.00500022
0.795
-0.00500022
0.795
0.31125
0.45097
0.31125
0.130416
0.31125
0.0754164
0.1475
0.129166
0.31125
0.130416
0.31125
0.101666
0.31125
0.0816664
0.1275
0.129166
0.205
0.102916
0.205
0.129166
0.795
-0.00500022
0.795
-0.00500022
0.795
-0.00500022
0.795
-0.00500022
0.795
-0.00500022
0.795
-0.00500022
0.795
-0.00500022
0.795
-0.00500022
0.795
-0.00499999
0.795
-0.00499999
0.795
-0.00499999
0.795
-0.00499999
0.772943
0.0332043
0.334296
0.520296
0.0332043
0.772943
-0.00499999
0.795
-0.00499999
0.795
-0.00499999
0.795
-0.00500022
0.795
-0.00500022
0.795
-0.00500022
0.795
-0.00500022
0.795
-0.00500022
0.795
-0.00500022
0.795
-0.00500022
0.795
-0.00500022
0.795
0.31125
0.45097
0.3175
0.0981248
0.33875
0.0418748
0.195
0.0893748
0.3325
0.0981248
0.21375
0.115625
0.195
0.115625
0.19875
0.104375
0.31375
0.109375
0.195
0.0856248
0.795
-0.00500022
0.785257
0.0118748
0.785257
0.0118748
0.785257
0.0118748
0.795
-0.00500022
0.795
-0.00500022
0.795
-0.00500022
0.795
-0.00500022
0.795
-0.00499999
0.795
-0.00499999
0.795
-0.00499999
0.795
-0.00499999
0.772943
0.0332043
0.334296
0.520296
0.0332043
0.772943
-0.00499999
0.795
-0.00499999
0.795
-0.00499999
0.795
-0.00500022
0.795
-0.00500022
0.795
-0.00500022
0.795
-0.00500022
0.795
-0.00500022
0.795
-0.00500022
0.795
-0.00500022
0.795
-0.00500022
0.795
0.31125
0.45097
0.235
0.0762498
0.33875
0.0537498
0.19875
0.0887498
0.3325
0.0937498
0.21375
0.0999998
0.195
0.0999998
0.19875
0.0999998
0.205
0.0999998
0.195
0.0799998
0.795
-0.00500022
0.795
-0.00500022
0.776236
0.0274998
0.795
-0.00500022
0.795
-0.00500022
0.795
-0.00500022
0.795
-0.00500022
0.795
-0.00500022
0.795
-0.00499999
0.795
-0.00499999
0.795
-0.00499999
0.795
-0.00499999
0.772943
0.0332043
0.334296
0.507796
0.0749998
0.725372
0.0749998
0.725372
0.0749998
0.725372
0.0749998
0.725372
0.0749998
0.725372
0.0749998
0.725372
-0.00500022
0.7825
-0.00500022
0.7825
-0.00500022
0.7825
-0.00500022
0.7825
-0.00500022
0.7825
-0.00500022
0.7825
0.135
0.59818
0.17625
0.0612498
0.0999998
-2.19417e-07
0.105
-0.00500022
0.105
-0.00500022
0.0999998
0.0412498
0.105
-0.00500022
0.105
-0.00500022
0.0949998
0.00749978
0.25
-0.00500022
0.787783
0.00749978
0.787783
0.00749978
0.787783
0.00749978
0.787783
0.00749978
0.787783
0.00749978
0.725286
0.0899998
0.725286
0.0899998
0.645571
0.185
0.795
-0.00499999
0.795
-0.00499999
0.795
-0.00499999
0.763744
0.0441664
0.763744
0.0441664
0.334296
0.520296
0.0332043
0.772943
-0.00499999
0.795
-0.00499999
0.795
-0.00499999
0.795
-0.00500022
0.795
-0.00500022
0.795
0.0287498
0.775515
0.0287498
0.775515
-0.00500022
0.795
-0.00500022
0.795
-0.00500022
0.795
-0.00500022
0.795
0.135
0.59818
0.15125
0.13625
0.19375
0.1375
0.105
0.12625
0.1575
0.3175
0.17375
0.19875
0.1825
0.205
0.10875
0.31125
0.0199998
0.32
0.17
0.31125
0.795
-0.00500022
0.795
-0.00500022
0.795
-0.00500022
0.795
-0.00500022
0.795
-0.00500022
0.795
-0.00500022
0.795
-0.00500022
0.795
-0.00500022
0.737872
0.0749998
0.737872
0.0749998
0.737872
0.0749998
0.737872
0.0749998
0.690673
0.13125
0.334296
0.520296
0.0749998
0.737872
0.0749998
0.737872
0.0749998
0.737872
0.0749998
0.737872
0.0749998
0.737872
0.0749998
0.737872
0.0287498
0.775515
-0.00500022
0.795
-0.00500022
0.795
-0.00500022
0.795
-0.00500022
0.795
-0.00500022
0.795
0.135
0.59818
0.15125
0.1825
0.18125
0.12375
0.13
0.10375
0.13
0.13
0.0949998
0.16375
0.1825
0.155
0.15125
0.19375
0.0512498
0.1675
0.0512498
0.135
0.795
-0.00500022
0.795
-0.00500022
0.795
-0.00500022
0.795
-0.00500022
0.795
-0.00500022
0.775515
0.0287498
0.737872
0.0749998
0.737872
0.0749998
0.709902
0.108333
0.709902
0.108333
0.709902
0.108333
0.709902
0.108333
0.772943
0.0332043
0.334296
0.520296
0.0749998
0.737872
0.0749998
0.737872
0.0749998
0.737872
0.0749998
0.737872
0.0749998
0.737872
0.0749998
0.737872
-0.00500022
0.795
-0.00500022
0.795
-0.00500022
0.795
-0.00500022
0.795
-0.00500022
0.795
-0.00500022
0.795
0.135
0.59818
0.16375
0.0424998
0.19375
0.0804164
0.135
0.129166
0.155
0.141666
0.0949998
0.130416
0.11375
0.130416
0.1575
0.115416
0.105
0.102916
0.105
0.129166
0.795
-0.00500022
0.795
-0.00500022
0.795
-0.00500022
0.795
-0.00500022
0.795
-0.00500022
0.795
-0.00500022
0.795
-0.00500022
0.795
-0.00500022
0.695917
0.125
0.695917
0.125
0.695917
0.125
0.795
-0.00499999
0.772943
0.0332043
0.334296
0.520296
0.0749998
0.737872
0.0749998
0.737872
0.0749998
0.737872
0.0749998
0.737872
0.0749998
0.737872
0.0749998
0.737872
-0.00500022
0.795
-0.00500022
0.795
-0.00500022
0.795
-0.00500022
0.795
-0.00500022
0.795
-0.00500022
0.795
0.135
0.59818
0.16375
0.0549998
0.1875
0.109375
0.105
0.103125
0.1575
0.109375
0.1575
0.109375
0.11375
0.115625
0.1575
0.109375
0.0949998
0.115625
0.0949998
0.0856248
0.785257
0.0118748
0.785257
0.0118748
0.785257
0.0118748
0.785257
0.0118748
0.785257
0.0118748
0.785257
0.0118748
0.785257
0.0118748
0.785257
0.0118748
0.687526
0.135
0.687526
0.135
0.795
-0.00499999
0.795
-0.00499999
0.772943
0.0332043
0.334296
0.520296
0.0749998
0.737872
0.0749998
0.737872
0.0749998
0.737872
0.0749998
0.737872
0.0749998
0.737872
0.0749998
0.737872
-0.00500022
0.795
-0.00500022
0.795
-0.00500022
0.795
-0.00500022
0.795
-0.00500022
0.795
-0.00500022
0.795
0.135
0.59818
0.16375
0.0762498
0.19375
0.0212498
0.135
0.0874998
0.1575
0.0637498
0.1675
0.0824998
0.11375
0.0799998
0.115
0.0874998
0.105
0.0999998
0.0949998
0.0799998
0.795
-0.00500022
0.776236
0.0274998
0.776236
0.0274998
0.776236
0.0274998
0.776236
0.0274998
0.776236
0.0274998
0.776236
0.0274998
0.776236
0.0274998
0.645571
0.185
0.645571
0.185
0.645571
0.185
0.795
-0.00499999
0.772943
0.0332043
0.334296
0.507796
0.108333
0.697402
0.108333
0.697402
0.108333
0.697402
0.108333
0.697402
-0.00500022
0.7825
-0.00500022
0.7825
-0.00500022
0.7825
-0.00500022
0.7825
-0.00500022
0.7825
-0.00500022
0.7825
-0.00500022
0.7825
-0.00500022
0.7825
0.129166
0.596057
0.0854164
0.0112498
0.0666664
-2.19417e-07
0.0666664
-2.19417e-07
0.0666664
-2.19417e-07
0.0666664
0.0412498
0.0666664
-2.19417e-07
0.0666664
-2.19417e-07
0.0616664
0.00749978
0.2625
-0.00500022
0.787783
0.00749978
0.787783
0.00749978
0.787783
0.00749978
0.787783
0.00749978
0.725286
0.0899998
0.725286
0.0899998
0.725286
0.0899998
0.645571
0.185
0.795
-0.00499999
0.795
-0.00499999
0.795
-0.00499999
0.795
-0.00499999
0.763744
0.0441664
0.334296
0.520296
0.0332043
0.772943
-0.00499999
0.795
-0.00499999
0.795
-0.00499999
0.795
-0.00500022
0.795
-0.00500022
0.795
-0.00500022
0.795
-0.00500022
0.795
-0.00500022
0.795
-0.00500022
0.795
-0.00500022
0.795
-0.00500022
0.795
0.129166
0.596057
0.0854164
0.20375
0.115416
0.31125
0.0991664
0.205
0.111666
0.31125
0.0816664
0.31125
0.0116664
0.205
0.0754164
0.31125
0.0324998
0.32
0.205
0.31125
0.795
-0.00500022
0.795
-0.00500022
0.795
-0.00500022
0.795
-0.00500022
0.795
-0.00500022
0.795
-0.00500022
0.795
-0.00500022
0.795
-0.00500022
0.737872
0.0749998
0.737872
0.0749998
0.737872
0.0749998
0.737872
0.0749998
0.683331
0.14
0.334296
0.520296
0.108333
0.709902
0.108333
0.709902
0.108333
0.709902
0.108333
0.709902
-0.00500022
0.795
-0.00500022
0.795
-0.00500022
0.795
-0.00500022
0.795
-0.00500022
0.795
-0.00500022
0.795
-0.00500022
0.795
-0.00500022
0.795
0.129166
0.596057
0.101666
0.15125
0.111666
0.155
0.0991664
0.16375
0.111666
0.15125
0.105416
0.16125
0.0324998
0.19375
0.0804164
0.19375
0.0324998
0.1675
0.0324998
0.135
0.795
-0.00500022
0.795
-0.00500022
0.795
-0.00500022
0.795
-0.00500022
0.795
-0.00500022
0.795
-0.00500022
0.737872
0.0749998
0.737872
0.0749998
0.709902
0.108333
0.709902
0.108333
0.709902
0.108333
0.709902
0.108333
0.64697
0.183333
0.334296
0.520296
0.108333
0.709902
0.108333
0.709902
0.108333
0.709902
0.108333
0.709902
-0.00500022
0.795
-0.00500022
0.795
-0.00500022
0.795
-0.00500022
0.795
-0.00500022
0.795
-0.00500022
0.795
-0.00500022
0.795
-0.00500022
0.795
0.129166
0.596057
0.117916
0.130416
0.0816664
0.117916
0.141666
0.0804164
0.109166
0.124166
0.124166
0.135416
0.109166
0.135416
0.105416
0.135416
0.0716664
0.102916
0.0716664
0.129166
0.795
-0.00500022
0.795
-0.00500022
0.795
-0.00500022
0.795
-0.00500022
0.795
-0.00500022
0.795
-0.00500022
0.795
-0.00500022
0.795
-0.00500022
0.695917
0.125
0.695917
0.125
0.695917
0.125
0.695917
0.125
0.625118
0.209375
0.334296
0.520296
0.108333
0.709902
0.108333
0.709902
0.108333
0.709902
0.108333
0.709902
-0.00500022
0.795
-0.00500022
0.795
-0.00500022
0.795
-0.00500022
0.795
-0.00500022
0.795
-0.00500022
0.795
-0.00500022
0.795
-0.00500022
0.795
0.129166
0.596057
0.0816664
0.0768748
0.0816664
0.0918748
0.141666
0.103125
0.141666
0.0449998
0.135416
0.0981248
0.105416
0.0981248
0.115416
0.103125
0.0616664
0.115625
0.0616664
0.0856248
0.785257
0.0118748
0.785257
0.0118748
0.785257
0.0118748
0.785257
0.0118748
0.785257
0.0118748
0.785257
0.0118748
0.785257
0.0118748
0.785257
0.0118748
0.687526
0.135
0.687526
0.135
0.687526
0.135
0.687526
0.135
0.772943
0.0332043
0.334296
0.520296
0.108333
0.709902
0.108333
0.709902
0.108333
0.709902
0.108333
0.709902
-0.00500022
0.795
-0.00500022
0.795
-0.00500022
0.795
-0.00500022
0.795
-0.00500022
0.795
-0.00500022
0.795
-0.00500022
0.795
-0.00500022
0.795
0.129166
0.596057
0.0854164
0.0437498
0.105416
0.0824998
0.0804164
0.0999998
0.141666
0.0449998
0.130416
0.0874998
0.135416
0.0824998
0.115416
0.0874998
0.0716664
0.0999998
0.0616664
0.0799998
0.795
-0.00500022
0.776236
0.0274998
0.776236
0.0274998
0.776236
0.0274998
0.776236
0.0274998
0.776236
0.0274998
0.776236
0.0274998
0.776236
0.0274998
0.645571
0.185
0.645571
0.185
0.645571
0.185
0.645571
0.185
0.772943
0.0332043
0.334296
0.507796
0.125
0.683417
0.125
0.683417
0.125
0.683417
0.125
0.683417
0.0118748
0.772757
0.0118748
0.772757
0.0118748
0.772757
0.0118748
0.772757
0.0118748
0.772757
0.0118748
0.772757
0.0118748
0.772757
0.0118748
0.772757
0.0856248
0.600957
0.0981248
0.0262498
0.0499998
-2.19417e-07
0.0499998
-2.19417e-07
0.0499998
-2.19417e-07
0.0499998
0.0412498
0.0499998
-2.19417e-07
0.0499998
-2.19417e-07
0.0449998
0.00749978
0.271875
-0.00500022
0.787783
0.00749978
0.787783
0.00749978
0.787783
0.00749978
0.787783
0.00749978
0.725286
0.0899998
0.725286
0.0899998
0.725286
0.0899998
0.645571
0.185
0.795
-0.00499999
0.795
-0.00499999
0.795
-0.00499999
0.795
-0.00499999
0.763744
0.0441664
0.334296
0.520296
0.0332043
0.772943
-0.00499999
0.795
-0.00499999
0.795
-0.00499999
0.795
-0.00500022
0.795
-0.00500022
0.795
-0.00500022
0.795
-0.00500022
0.795
0.0118748
0.785257
0.0118748
0.785257
0.0118748
0.785257
-0.00500022
0.795
0.0856248
0.600957
0.0956248
0.19875
0.0956248
0.195
0.0956248
0.195
0.0956248
0.195
0.0499998
0.21
0.0231248
0.205
0.115625
0.195
0.00749978
0.32
0.226875
0.31125
0.795
-0.00500022
0.795
-0.00500022
0.795
-0.00500022
0.795
-0.00500022
0.795
-0.00500022
0.795
-0.00500022
0.795
-0.00500022
0.795
-0.00500022
0.737872
0.0749998
0.737872
0.0749998
0.737872
0.0749998
0.737872
0.0749998
0.683331
0.14
0.334296
0.520296
0.0332043
0.772943
0.125
0.695917
0.125
0.695917
0.125
0.695917
0.0118748
0.785257
0.0118748
0.785257
0.0118748
0.785257
0.0118748
0.785257
0.0118748
0.785257
0.0118748
0.785257
0.0118748
0.785257
0.0118748
0.785257
0.0856248
0.600957
0.0956248
0.105
0.0956248
0.11375
0.0956248
0.105
0.0981248
0.1575
0.0793748
0.1675
0.0231248
0.19375
0.0231248
0.19375
0.0449998
0.1675
0.0231248
0.135
0.795
-0.00500022
0.795
-0.00500022
0.795
-0.00500022
0.795
-0.00500022
0.795
-0.00500022
0.795
-0.00500022
0.737872
0.0749998
0.737872
0.0749998
0.709902
0.108333
0.709902
0.108333
0.709902
0.108333
0.709902
0.108333
0.64697
0.183333
0.334296
0.520296
0.125
0.695917
0.125
0.695917
0.125
0.695917
0.125
0.695917
0.0118748
0.785257
0.0118748
0.785257
0.0118748
0.785257
0.0118748
0.785257
0.0118748
0.785257
0.0118748
0.785257
0.0118748
0.785257
0.0118748
0.785257
0.0856248
0.600957
0.115625
0.0654164
0.0981248
0.105416
0.0956248
0.0916664
0.109375
0.124166
0.0793748
0.135416
0.0793748
0.135416
0.0981248
0.135416
0.0449998
0.141666
0.0718748
0.129166
0.795
-0.00500022
0.795
-0.00500022
0.795
-0.00500022
0.795
-0.00500022
0.795
-0.00500022
0.795
-0.00500022
0.795
-0.00500022
0.795
-0.00500022
0.695917
0.125
0.695917
0.125
0.695917
0.125
0.695917
0.125
0.625118
0.209375
0.334296
0.520296
0.125
0.695917
0.125
0.695917
0.125
0.695917
0.125
0.695917
0.0118748
0.785257
0.0118748
0.785257
0.0118748
0.785257
0.0118748
0.785257
0.0118748
0.785257
0.0118748
0.785257
0.0118748
0.785257
0.0118748
0.785257
0.0856248
0.600957
0.0981248
0.0981248
0.0981248
0.0981248
0.0793748
0.0981248
0.0856248
0.0549998
0.0893748
0.109375
0.0549998
0.0956248
0.0449998
0.0956248
0.0449998
0.0956248
0.0449998
0.0856248
0.785257
0.0118748
0.785257
0.0118748
0.785257
0.0118748
0.785257
0.0118748
0.785257
0.0118748
0.785257
0.0118748
0.785257
0.0118748
0.785257
0.0118748
0.687526
0.135
0.687526
0.135
0.687526
0.135
0.687526
0.135
0.612007
0.225
0.334296
0.520296
0.125
0.695917
0.125
0.695917
0.125
0.695917
0.125
0.695917
0.0118748
0.785257
0.0118748
0.785257
0.0118748
0.785257
0.0118748
0.785257
0.0118748
0.785257
0.0118748
0.785257
0.0118748
0.785257
0.0118748
0.785257
0.0856248
0.600957
0.115625
0.0349998
0.109375
0.0824998
0.0549998
0.0999998
0.0981248
0.0937498
0.0893748
0.0449998
0.0449998
0.0799998
0.0449998
0.0799998
0.0449998
0.0999998
0.0449998
0.0799998
0.795
-0.00500022
0.776236
0.0274998
0.776236
0.0274998
0.776236
0.0274998
0.776236
0.0274998
0.776236
0.0274998
0.776236
0.0274998
0.776236
0.0274998
0.645571
0.185
0.645571
0.185
0.645571
0.185
0.645571
0.185
0.772943
0.0332043
0.334296
0.507796
0.135
0.675026
0.135
0.675026
0.135
0.675026
0.135
0.675026
0.0274998
0.763736
0.0274998
0.763736
0.0274998
0.763736
0.0274998
0.763736
0.0274998
0.763736
0.0274998
0.763736
0.0274998
0.763736
-0.00500022
0.7825
0.0799998
0.590294
0.0399998
-2.19417e-07
0.0399998
-2.19417e-07
0.0399998
-2.19417e-07
0.0399998
-2.19417e-07
0.0399998
0.0412498
0.0399998
-2.19417e-07
0.0399998
-2.19417e-07
0.0349998
0.00749978
0.2775
-0.00500022
0.787783
0.00749978
0.787783
0.00749978
0.787783
0.00749978
0.787783
0.00749978
0.725286
0.0899998
0.725286
0.0899998
0.725286
0.0899998
0.645571
0.185
0.795
-0.00499999
0.795
-0.00499999
0.795
-0.00499999
0.795
-0.00499999
0.763744
0.0441664
0.334296
0.520296
0.0332043
0.772943
-0.00499999
0.795
-0.00499999
0.795
-0.00499999
0.795
-0.00500022
0.795
-0.00500022
0.795
-0.00500022
0.795
-0.00500022
0.795
-0.00500022
0.795
0.0274998
0.776236
-0.00500022
0.795
-0.00500022
0.795
0.0799998
0.590294
0.0999998
0.21375
0.0999998
0.19875
0.0437498
0.2
0.0799998
0.195
0.0499998
0.21
0.0174998
0.205
0.00499978
0.205
0.00499978
0.32
0.24
0.31125
0.795
-0.00500022
0.795
-0.00500022
0.795
-0.00500022
0.795
-0.00500022
0.795
-0.00500022
0.795
-0.00500022
0.795
-0.00500022
0.795
-0.00500022
0.737872
0.0749998
0.737872
0.0749998
0.737872
0.0749998
0.737872
0.0749998
0.683331
0.14
0.334296
0.520296
0.0332043
0.772943
-0.00499999
0.795
0.135
0.687526
0.135
0.687526
0.0274998
0.776236
0.0274998
0.776236
0.0274998
0.776236
0.0274998
0.776236
0.0274998
0.776236
0.0274998
0.776236
0.0274998
0.776236
-0.00500022
0.795
0.0799998
0.590294
0.0999998
0.11375
0.0937498
0.16125
0.0999998
0.105
0.0399998
0.13
0.0574998
0.10875
0.0174998
0.19375
0.0174998
0.19375
0.0174998
0.1675
0.0174998
0.135
0.795
-0.00500022
0.795
-0.00500022
0.795
-0.00500022
0.795
-0.00500022
0.795
-0.00500022
0.795
-0.00500022
0.737872
0.0749998
0.737872
0.0749998
0.709902
0.108333
0.709902
0.108333
0.709902
0.108333
0.709902
0.108333
0.64697
0.183333
0.334296
0.520296
0.135
0.687526
0.135
0.687526
0.135
0.687526
0.135
0.687526
0.0274998
0.776236
0.0274998
0.776236
0.0274998
0.776236
0.0274998
0.776236
0.0274998
0.776236
0.0274998
0.776236
0.0274998
0.776236
-0.00500022
0.795
0.0799998
0.590294
0.0799998
0.0654164
0.0874998
0.0754164
0.0999998
0.0804164
0.0574998
0.130416
0.0824998
0.135416
0.0937498
0.135416
0.0674998
0.0816664
0.0449998
0.141666
0.0774998
0.129166
0.795
-0.00500022
0.795
-0.00500022
0.795
-0.00500022
0.795
-0.00500022
0.795
-0.00500022
0.795
-0.00500022
0.795
-0.00500022
0.795
-0.00500022
0.695917
0.125
0.695917
0.125
0.695917
0.125
0.695917
0.125
0.625118
0.209375
0.334296
0.520296
0.135
0.687526
0.135
0.687526
0.135
0.687526
0.135
0.687526
0.0274998
0.776236
0.0274998
0.776236
0.0274998
0.776236
0.0274998
0.776236
0.0274998
0.776236
0.0274998
0.776236
0.0274998
0.776236
-0.00500022
0.795
0.0799998
0.590294
0.0999998
0.0749998
0.0937498
0.0981248
0.0387498
0.0956248
0.0637498
0.109375
0.0824998
0.0981248
0.0537498
0.0956248
0.0349998
0.0956248
0.0449998
0.0956248
0.0349998
0.0856248
0.785257
0.0118748
0.785257
0.0118748
0.785257
0.0118748
0.785257
0.0118748
0.785257
0.0118748
0.785257
0.0118748
0.785257
0.0118748
0.785257
0.0118748
0.687526
0.135
0.687526
0.135
0.687526
0.135
0.687526
0.135
0.612007
0.225
0.334296
0.520296
0.135
0.687526
0.135
0.687526
0.135
0.687526
0.135
0.687526
0.0274998
0.776236
0.0274998
0.776236
0.0274998
0.776236
0.0274998
0.776236
0.0274998
0.776236
0.0274998
0.776236
0.0274998
0.776236
-0.00500022
0.795
0.0799998
0.590294
0.0999998
0.0649998
0.0937498
0.0824998
0.0387498
0.0999998
0.0387498
0.0999998
0.0349998
0.0999998
0.0349998
0.0799998
0.0349998
0.0999998
0.0449998
0.0999998
0.0349998
0.0799998
0.795
-0.00500022
0.776236
0.0274998
0.776236
0.0274998
0.776236
0.0274998
0.776236
0.0274998
0.776236
0.0274998
0.776236
0.0274998
0.776236
0.0274998
