0.818714
0.152077
0.818714
0.152077
0.818714
0.152077
0.818714
0.152077
0.818714
0.152077
0.420218
0.593718
0.152077
0.818714
0.152077
0.818714
0.152077
0.818714
0.152077
0.818714
-4.87664
0.818714
-4.90164
0.818714
-4.90164
0.818714
-4.90164
0.818714
-4.99664
0.818714
-4.99664
0.818714
-5.07914
0.818714
-5.07914
0.818714
-5.09164
0.684548
-5.05414
-5.09164
-5.08664
-5.06164
-5.02539
-5.02539
-5.08664
-5.07539
-5.08664
-5.08664
-5.07914
-5.08039
-5.07914
-5.05039
-5.07914
-5.08039
-4.78664
-5.09164
0.818714
-5.07914
0.818714
-5.07914
0.818714
-4.99664
0.818714
-4.99664
0.818714
-4.86039
0.818714
-4.86039
0.818714
-4.90164
0.818714
-4.90164
0.818714
0.152077
0.818714
0.152077
0.818714
0.152077
0.818714
0.152077
0.818714
0.152077
0.420218
0.606218
0.152077
0.831214
0.152077
0.831214
0.152077
0.831214
0.152077
0.831214
-4.79914
0.831214
-4.79914
0.831214
-4.84789
0.831214
-4.83664
0.831214
-5.07914
0.831214
-5.07914
0.831214
-5.07914
0.831214
-5.07914
0.831214
-5.09164
0.684548
-5.09164
-4.88164
-5.09164
-4.76664
-5.08039
-4.88164
-5.08664
-4.88664
-5.09164
-4.88164
-5.09164
-4.88164
-5.09164
-4.87789
-5.09164
-4.75664
-4.79164
-5.09164
0.818714
-5.04164
0.818714
-5.07914
0.818714
-4.87289
0.818714
-4.87289
0.818714
-4.94914
0.818714
-5.07914
0.818714
-4.76914
0.818714
-5.07914
0.818714
0.152077
0.818714
0.152077
0.818714
0.152077
0.818714
0.152077
0.818714
0.152077
0.420218
0.606218
0.152077
0.831214
0.152077
0.831214
0.152077
0.831214
0.152077
0.831214
-4.90164
0.831214
-4.90164
0.831214
-4.90164
0.831214
-4.90164
0.831214
-4.99664
0.831214
-5.07914
0.831214
-5.07914
0.831214
-5.07914
0.831214
-5.09164
0.684548
-5.08039
-4.97164
-5.09164
-4.98164
-5.08664
-4.97664
-5.08664
-4.97664
-5.09164
-4.91289
-5.09164
-4.98164
-5.09164
-4.92289
-5.09164
-4.91289
-4.78914
-5.09164
0.818714
-4.97289
0.818714
-5.06664
0.818714
-4.98164
0.818714
-4.83664
0.818714
-4.90789
0.818714
-5.01164
0.818714
-4.95539
0.818714
-5.01164
0.818714
0.152077
0.818714
0.152077
0.818714
0.152077
0.818714
0.152077
0.818714
0.152077
0.420218
0.606218
0.152077
0.831214
0.152077
0.831214
0.152077
0.831214
0.152077
0.831214
-4.90164
0.831214
-4.90164
0.831214
-4.90164
0.831214
-4.90164
0.831214
-4.99664
0.831214
-5.07914
0.831214
-5.07914
0.831214
-5.07914
0.831214
-5.09164
0.684548
-5.09164
-4.97498
-5.08664
-5.01998
-5.08664
-5.01998
-5.05039
-5.01123
-5.07539
-5.01998
-5.09164
-4.97498
-5.08664
-5.01623
-5.09164
-4.97498
-4.78664
-5.09164
0.818714
-5.05414
0.818714
-4.98748
0.818714
-4.98373
0.818714
-4.96873
0.818714
-4.97831
0.818714
-4.97831
0.818714
-4.97039
0.818714
-4.97831
0.818714
-4.87727
0.818714
0.152077
0.818714
0.152077
0.818714
0.152077
0.818714
0.152077
0.420218
0.606218
0.152077
0.831214
0.152077
0.831214
0.152077
0.831214
0.152077
0.831214
-4.90164
0.831214
-4.90164
0.831214
-4.90164
0.831214
-4.90164
0.831214
-4.99664
0.831214
-5.07914
0.831214
-5.07914
0.831214
-5.07914
0.831214
-5.09164
0.684548
-5.09164
-5.00102
-5.09164
-5.00102
-5.08664
-5.03664
-5.08664
-5.03664
-5.09164
-5.00102
-5.08664
-5.03664
-5.08664
-5.03289
-5.09164
-4.99727
-4.78664
-5.09164
0.818714
-5.04664
0.818714
-5.07477
0.818714
-5.07477
0.818714
-5.07477
0.818714
-4.90789
0.818714
-4.96164
0.818714
-4.94914
0.818714
-4.96164
0.818714
0.152077
0.818714
0.152077
0.818714
0.152077
0.818714
0.152077
0.818714
0.152077
0.420218
0.606218
0.152077
0.831214
0.152077
0.831214
0.152077
0.831214
0.152077
0.831214
-4.90164
0.831214
-4.90164
0.831214
-4.90164
0.831214
-4.90164
0.831214
-4.99664
0.831214
-4.99664
0.831214
-5.07914
0.831214
-5.07914
0.831214
-5.09164
0.684548
-5.09164
-5.01664
-5.08664
-5.04664
-5.08664
-5.03664
-5.08664
-5.03664
-5.07539
-5.04664
-5.06164
-5.04664
-5.07914
-5.03289
-5.08664
-5.04664
-4.78664
-5.09164
0.818714
-5.03664
0.818714
-5.03664
0.818714
-5.05664
0.818714
-5.03664
0.818714
-4.94914
0.818714
-4.95164
0.818714
-4.95164
0.818714
-4.95164
0.831214
0.152077
0.831214
0.152077
0.831214
0.152077
0.831214
0.152077
0.831214
0.152077
0.420218
0.593718
0.152077
0.818714
0.152077
0.818714
0.152077
0.818714
0.152077
0.818714
-5.07914
0.818714
-5.07914
0.818714
-5.07914
0.818714
-5.07914
0.818714
-5.07914
0.818714
-4.87289
0.818714
-4.88789
0.818714
-5.07914
0.818714
-5.09164
0.684548
-4.77289
-5.02539
-4.87789
-5.08039
-4.76664
-5.09164
-4.88164
-5.09164
-4.88664
-5.08664
-4.88164
-5.09164
-4.88664
-5.08664
-4.76664
-5.08039
-4.80914
-5.09164
0.831214
-5.07914
0.831214
-5.07914
0.831214
-5.07914
0.831214
-5.07914
0.831214
-4.84789
0.831214
-4.78789
0.831214
-4.79914
0.831214
-4.79914
0.831214
0.152077
0.831214
0.152077
0.831214
0.152077
0.831214
0.152077
0.831214
0.152077
0.420218
0.606218
0.152077
0.831214
0.152077
0.831214
0.152077
0.831214
0.152077
0.831214
-4.98873
0.831214
-4.84248
0.831214
-5.07914
0.831214
-5.07914
0.831214
-5.07914
0.831214
-4.87289
0.831214
-5.07914
0.831214
-5.07914
0.831214
-5.09164
0.684548
-4.92748
-5.02998
-4.87789
-4.76039
-5.03914
-5.02914
-5.03998
-4.93373
-5.03914
-5.03914
-5.04164
-4.76664
-5.03914
-5.03914
-5.03998
-4.91873
-4.96414
-5.09164
0.831214
-5.07914
0.831214
-5.07914
0.831214
-4.88789
0.831214
-4.97914
0.831214
-4.94914
0.831214
-5.07914
0.831214
-5.02998
0.831214
-4.72623
0.831214
0.152077
0.831214
0.152077
0.831214
0.152077
0.831214
0.152077
0.831214
0.152077
0.420218
0.606218
0.152077
0.831214
0.152077
0.831214
0.152077
0.831214
0.152077
0.831214
-4.98873
0.831214
-5.07914
0.831214
-5.07914
0.831214
-5.07914
0.831214
-5.07914
0.831214
-4.87289
0.831214
-5.07914
0.831214
-5.07914
0.831214
-5.09164
0.684548
-4.97914
-4.91914
-4.87789
-4.93539
-4.76664
-5.06664
-4.88289
-4.98664
-4.88789
-4.92289
-4.88664
-4.97664
-4.97914
-4.92289
-4.97914
-4.92289
-4.89914
-5.09164
0.831214
-4.98164
0.831214
-4.90289
0.831214
-5.03289
0.831214
-4.97914
0.831214
-4.90414
0.831214
-4.94789
0.831214
-4.94039
0.831214
-4.84664
0.831214
-4.90331
0.831214
0.152077
0.831214
0.152077
0.831214
0.152077
0.831214
0.152077
0.420218
0.606218
0.152077
0.831214
0.152077
0.831214
0.152077
0.831214
0.152077
0.831214
-4.94914
0.831214
-5.07914
0.831214
-5.07914
0.831214
-5.07914
0.831214
-5.07914
0.831214
-4.87289
0.831214
-5.07914
0.831214
-5.07914
0.831214
-5.09164
0.684548
-4.77289
-4.98123
-4.88664
-5.00123
-4.76664
-4.96873
-4.88789
-5.04664
-4.88789
-5.04664
-4.76664
-5.05414
-4.88664
-5.00123
-4.76664
-5.07498
-4.80914
-5.09164
0.831214
-5.07498
0.831214
-4.98748
0.831214
-4.98373
0.831214
-4.94789
0.831214
-4.94789
0.831214
-4.94789
0.831214
-4.90331
0.831214
-4.86581
0.831214
-4.83914
0.831214
0.152077
0.831214
0.152077
0.831214
0.152077
0.831214
0.152077
0.420218
0.606218
0.152077
0.831214
0.152077
0.831214
0.152077
0.831214
0.152077
0.831214
-4.94914
0.831214
-5.07914
0.831214
-5.07914
0.831214
-5.07914
0.831214
-5.07914
0.831214
-4.87289
0.831214
-5.07914
0.831214
-5.07914
0.831214
-5.09164
0.684548
-4.87789
-5.06352
-4.87789
-5.06914
-4.88289
-5.03664
-4.88289
-5.03289
-4.88789
-4.98227
-4.88664
-5.03664
-4.88664
-5.03289
-4.89164
-4.99102
-4.80914
-5.09164
0.831214
-5.00102
0.831214
-5.07477
0.831214
-5.04664
0.831214
-5.07477
0.831214
-4.90414
0.831214
-4.87602
0.831214
-4.87727
0.831214
-4.87727
0.831214
0.152077
0.831214
0.152077
0.831214
0.152077
0.831214
0.152077
0.831214
0.152077
0.420218
0.606218
0.152077
0.831214
0.152077
0.831214
0.152077
0.831214
0.152077
0.831214
-4.94914
0.831214
-5.07914
0.831214
-5.07914
0.831214
-5.07914
0.831214
-5.07914
0.831214
-4.87289
0.831214
-5.07914
0.831214
-5.07914
0.831214
-5.09164
0.684548
-4.77289
-5.01289
-4.87789
-5.06914
-4.88289
-5.04664
-4.88289
-5.04664
-4.75664
-4.99914
-4.88664
-5.04664
-4.88664
-5.04664
-4.88664
-5.04664
-4.80914
-5.09164
0.831214
-5.01664
0.831214
-5.01664
0.831214
-5.05664
0.831214
-5.03664
0.831214
-4.90789
0.831214
-4.91039
0.831214
-4.84914
0.831214
-4.83914
0.831214
0.152077
0.831214
0.152077
0.831214
0.152077
0.831214
0.152077
0.831214
0.152077
0.420218
0.593718
0.152077
0.818714
0.152077
0.818714
0.152077
0.818714
0.152077
0.818714
-4.91164
0.818714
-4.97664
0.818714
-5.01164
0.818714
-5.00539
0.818714
-4.83664
0.818714
-5.03539
0.818714
-5.06664
0.818714
-5.03539
0.818714
-5.09164
0.684548
-4.98164
-5.09164
-4.92289
-5.08039
-4.98164
-5.09164
-4.98164
-5.09164
-4.98664
-5.08664
-4.98164
-5.09164
-4.98664
-5.08664
-4.99164
-5.07914
-4.83664
-5.09164
0.831214
-5.07914
0.831214
-5.07914
0.831214
-5.07914
0.831214
-4.99664
0.831214
-4.86039
0.831214
-4.90164
0.831214
-4.90164
0.831214
-4.87664
0.831214
0.152077
0.831214
0.152077
0.831214
0.152077
0.831214
0.152077
0.831214
0.152077
0.420218
0.606218
0.152077
0.831214
0.152077
0.831214
0.152077
0.831214
0.152077
0.831214
-4.94039
0.831214
-4.94664
0.831214
-4.94789
0.831214
-4.94789
0.831214
-4.94789
0.831214
-5.03289
0.831214
-4.95789
0.831214
-4.92289
0.831214
-5.09164
0.684548
-5.06664
-4.96164
-4.92289
-4.76039
-4.99164
-4.87789
-5.03664
-4.87789
-5.06498
-4.92748
-5.06664
-4.76664
-5.06664
-4.87789
-4.99164
-4.96914
-4.91664
-5.09164
0.831214
-4.74914
0.831214
-4.88789
0.831214
-4.88789
0.831214
-4.97914
0.831214
-4.94914
0.831214
-5.07914
0.831214
-5.07914
0.831214
-4.72623
0.831214
-4.95539
0.831214
0.152077
0.831214
0.152077
0.831214
0.152077
0.831214
0.152077
0.420218
0.606218
0.152077
0.831214
0.152077
0.831214
0.152077
0.831214
0.152077
0.831214
-4.90789
0.831214
-5.01164
0.831214
-5.01164
0.831214
-5.00539
0.831214
-4.83664
0.831214
-5.03539
0.831214
-5.06664
0.831214
-5.03539
0.831214
-5.09164
0.684548
-5.03539
-4.92289
-4.92289
-4.93539
-5.02789
-5.05414
-5.03539
-4.91914
-5.03539
-4.98164
-4.98664
-4.98289
-5.03539
-4.92289
-5.03539
-4.91289
-4.88289
-5.09164
0.831214
-5.06664
0.831214
-4.90539
0.831214
-5.03539
0.831214
-4.98664
0.831214
-4.90789
0.831214
-5.01164
0.831214
-4.95539
0.831214
-4.90789
0.831214
-4.90331
0.831214
0.152077
0.831214
0.152077
0.831214
0.152077
0.831214
0.152077
0.420218
0.606218
0.152077
0.831214
0.152077
0.831214
0.152077
0.831214
0.152077
0.831214
-4.90789
0.831214
-4.97664
0.831214
-5.01164
0.831214
-5.00539
0.831214
-4.83664
0.831214
-5.03539
0.831214
-5.06664
0.831214
-5.03539
0.831214
-5.09164
0.684548
-4.98164
-4.98748
-4.92289
-5.05414
-4.99164
-4.96498
-5.03539
-5.04664
-4.98664
-5.00998
-4.98164
-4.98748
-4.98164
-4.98748
-4.99164
-4.97123
-4.83664
-5.09164
0.831214
-5.07498
0.831214
-4.98748
0.831214
-4.98373
0.831214
-5.05414
0.831214
-4.90789
0.831214
-4.97831
0.831214
-4.94081
0.831214
-4.95789
0.831214
-4.83914
0.831214
0.152077
0.831214
0.152077
0.831214
0.152077
0.831214
0.152077
0.420218
0.606218
0.152077
0.831214
0.152077
0.831214
0.152077
0.831214
0.152077
0.831214
-4.90789
0.831214
-4.97664
0.831214
-5.01164
0.831214
-5.00539
0.831214
-4.83664
0.831214
-5.03539
0.831214
-5.06664
0.831214
-5.03539
0.831214
-5.09164
0.684548
-4.98164
-5.06352
-4.92289
-4.98352
-4.98664
-5.03664
-4.97289
-4.98227
-4.98664
-5.03664
-4.98664
-5.03664
-4.98164
-5.06352
-4.99164
-5.00102
-4.83664
-5.09164
0.831214
-5.04664
0.831214
-5.07477
0.831214
-5.04664
0.831214
-5.07477
0.831214
-4.94914
0.831214
-4.94914
0.831214
-4.95852
0.831214
-4.90789
0.831214
0.152077
0.831214
0.152077
0.831214
0.152077
0.831214
0.152077
0.831214
0.152077
0.420218
0.606218
0.152077
0.831214
0.152077
0.831214
0.152077
0.831214
0.152077
0.831214
-4.90789
0.831214
-4.97664
0.831214
-5.01164
0.831214
-5.00539
0.831214
-4.83664
0.831214
-5.03539
0.831214
-5.06664
0.831214
-5.03539
0.831214
-5.09164
0.684548
-4.98664
-5.04664
-4.92289
-5.06914
-4.98664
-5.04664
-4.96289
-5.06914
-4.98664
-5.04664
-4.98164
-5.06914
-4.98164
-5.06914
-4.98664
-5.04664
-4.83664
-5.09164
0.831214
-5.01664
0.831214
-5.05914
0.831214
-5.05664
0.831214
-5.03664
0.831214
-4.94914
0.831214
-4.95164
0.831214
-4.95164
0.831214
-4.90789
0.831214
0.152077
0.831214
0.152077
0.831214
0.152077
0.831214
0.152077
0.831214
0.152077
0.420218
0.593718
0.152077
0.818714
0.152077
0.818714
0.152077
0.818714
0.152077
0.818714
-4.97831
0.818714
-4.97831
0.818714
-4.97831
0.818714
-4.87414
0.818714
-5.07498
0.818714
-4.98373
0.818714
-4.98748
0.818714
-5.07498
0.818714
-5.09164
0.684548
-4.97498
-5.09164
-5.00123
-5.08664
-5.01123
-5.09164
-5.01998
-5.08664
-5.01998
-5.08664
-5.01998
-5.08664
-5.02498
-5.05414
-5.02123
-5.07914
-4.82414
-5.09164
0.831214
-5.07914
0.831214
-5.07914
0.831214
-5.07914
0.831214
-4.99664
0.831214
-4.86039
0.831214
-4.86039
0.831214
-4.90164
0.831214
-4.90164
0.831214
0.152077
0.831214
0.152077
0.831214
0.152077
0.831214
0.152077
0.831214
0.152077
0.420218
0.606218
0.152077
0.831214
0.152077
0.831214
0.152077
0.831214
0.152077
0.831214
-4.83664
0.831214
-4.90331
0.831214
-4.94789
0.831214
-4.94789
0.831214
-4.94789
0.831214
-4.98373
0.831214
-5.05414
0.831214
-5.07498
0.831214
-5.09164
0.684548
-5.04664
-4.87914
-5.04664
-4.89789
-5.07498
-4.87789
-5.07498
-4.76664
-5.07498
-4.75664
-5.02123
-4.74789
-5.07498
-4.87789
-4.98123
-4.77289
-4.87914
-5.09164
0.831214
-5.07914
0.831214
-5.07914
0.831214
-4.88789
0.831214
-4.97914
0.831214
-4.94914
0.831214
-5.07914
0.831214
-5.07914
0.831214
-5.07914
0.831214
0.152077
0.831214
0.152077
0.831214
0.152077
0.831214
0.152077
0.831214
0.152077
0.420218
0.606218
0.152077
0.831214
0.152077
0.831214
0.152077
0.831214
0.152077
0.831214
-4.94081
0.831214
-4.97831
0.831214
-4.97831
0.831214
-4.87414
0.831214
-5.07498
0.831214
-4.98373
0.831214
-5.05414
0.831214
-5.07498
0.831214
-5.09164
0.684548
-5.05414
-4.97164
-5.05414
-4.98164
-5.04664
-5.05414
-5.05414
-4.91914
-5.05414
-4.97789
-5.05414
-4.97789
-5.05414
-4.92289
-5.02498
-4.91289
-4.85581
-5.09164
0.831214
-5.06664
0.831214
-5.06664
0.831214
-5.03539
0.831214
-4.98664
0.831214
-4.90789
0.831214
-5.01164
0.831214
-4.91164
0.831214
-4.90789
0.831214
-4.90331
0.831214
0.152077
0.831214
0.152077
0.831214
0.152077
0.831214
0.152077
0.420218
0.606218
0.152077
0.831214
0.152077
0.831214
0.152077
0.831214
0.152077
0.831214
-4.94081
0.831214
-4.97831
0.831214
-4.97831
0.831214
-4.87414
0.831214
-5.07498
0.831214
-4.98373
0.831214
-5.05414
0.831214
-5.07498
0.831214
-5.09164
0.684548
-4.97498
-4.98748
-5.02498
-4.97498
-4.98748
-5.01123
-5.01123
-4.97748
-4.98123
-4.97123
-5.02498
-4.95623
-5.02498
-4.96498
-4.98123
-4.95123
-4.82414
-5.09164
0.831214
-5.07498
0.831214
-4.98748
0.831214
-4.98373
0.831214
-5.05414
0.831214
-4.90789
0.831214
-4.97831
0.831214
-4.94081
0.831214
-4.95789
0.831214
-4.87727
0.831214
0.152077
0.831214
0.152077
0.831214
0.152077
0.831214
0.152077
0.420218
0.606218
0.152077
0.831214
0.152077
0.831214
0.152077
0.831214
0.152077
0.831214
-4.94081
0.831214
-4.97831
0.831214
-4.97831
0.831214
-4.87414
0.831214
-5.07498
0.831214
-4.98373
0.831214
-5.05414
0.831214
-5.07498
0.831214
-5.09164
0.684548
-5.01123
-5.01352
-5.02498
-4.99102
-5.01123
-5.00352
-5.02123
-5.00102
-5.02498
-4.98227
-5.01998
-5.03289
-5.02498
-4.99102
-5.02498
-4.99102
-4.82414
-5.09164
0.831214
-5.04664
0.831214
-5.07477
0.831214
-5.04664
0.831214
-5.07477
0.831214
-4.94914
0.831214
-4.94914
0.831214
-4.95852
0.831214
-4.90789
0.831214
0.152077
0.831214
0.152077
0.831214
0.152077
0.831214
0.152077
0.831214
0.152077
0.420218
0.606218
0.152077
0.831214
0.152077
0.831214
0.152077
0.831214
0.152077
0.831214
-4.94081
0.831214
-4.97831
0.831214
-4.97831
0.831214
-4.87414
0.831214
-5.07498
0.831214
-4.98373
0.831214
-5.05414
0.831214
-5.07498
0.831214
-5.09164
0.684548
-4.97498
-5.02539
-5.01498
-5.01914
-5.01123
-5.02914
-5.01123
-5.02914
-5.01998
-5.04289
-5.02498
-5.01664
-5.02498
-5.01289
-5.02498
-5.01664
-4.82414
-5.09164
0.831214
-5.01664
0.831214
-5.05914
0.831214
-5.05664
0.831214
-5.03664
0.831214
-4.94914
0.831214
-4.95164
0.831214
-4.94914
0.831214
-4.90789
0.831214
0.152077
0.831214
0.152077
0.831214
0.152077
0.831214
0.152077
0.831214
0.152077
0.420218
0.593718
0.152077
0.818714
0.152077
0.818714
0.152077
0.818714
0.152077
0.818714
-4.90789
0.818714
-4.95789
0.818714
-4.96164
0.818714
-4.94914
0.818714
-5.07477
0.818714
-5.04664
0.818714
-5.07477
0.818714
-5.07477
0.818714
-5.09164
0.684548
-5.03664
-5.06164
-5.00727
-5.02539
-5.03664
-5.08664
-5.03664
-5.08664
-5.03664
-5.08664
-5.03664
-5.08664
-5.03664
-5.08664
-5.00664
-5.08664
-4.81477
-5.09164
0.831214
-5.07914
0.831214
-5.07914
0.831214
-5.07914
0.831214
-4.99664
0.831214
-4.86039
0.831214
-4.90164
0.831214
-4.90164
0.831214
-4.87664
0.831214
0.152077
0.831214
0.152077
0.831214
0.152077
0.831214
0.152077
0.831214
0.152077
0.420218
0.606218
0.152077
0.831214
0.152077
0.831214
0.152077
0.831214
0.152077
0.831214
-4.86414
0.831214
-4.87727
0.831214
-4.87602
0.831214
-4.92289
0.831214
-5.07477
0.831214
-5.04664
0.831214
-5.07477
0.831214
-5.00102
0.831214
-5.09164
0.684548
-5.07914
-4.87789
-5.06352
-4.75664
-5.07914
-4.87789
-5.07914
-4.76664
-5.03664
-4.88664
-5.04477
-4.74789
-5.06352
-4.76664
-5.05977
-4.75664
-4.85727
-5.09164
0.831214
-5.07914
0.831214
-4.88789
0.831214
-4.88789
0.831214
-4.97914
0.831214
-4.94914
0.831214
-5.07914
0.831214
-5.07914
0.831214
-5.07914
0.831214
0.152077
0.831214
0.152077
0.831214
0.152077
0.831214
0.152077
0.831214
0.152077
0.420218
0.606218
0.152077
0.831214
0.152077
0.831214
0.152077
0.831214
0.152077
0.831214
-4.94914
0.831214
-4.94914
0.831214
-4.96164
0.831214
-4.94914
0.831214
-5.07477
0.831214
-5.04664
0.831214
-5.07477
0.831214
-5.07477
0.831214
-5.09164
0.684548
-5.06352
-4.91914
-5.06352
-4.91289
-5.03664
-4.98664
-5.03664
-4.98289
-5.03664
-4.97664
-5.06352
-4.97789
-5.06352
-4.92289
-5.06352
-4.91289
-4.83914
-5.09164
0.831214
-5.06664
0.831214
-4.90539
0.831214
-5.03539
0.831214
-4.98664
0.831214
-4.90789
0.831214
-5.01164
0.831214
-4.95539
0.831214
-4.90789
0.831214
-4.90331
0.831214
0.152077
0.831214
0.152077
0.831214
0.152077
0.831214
0.152077
0.420218
0.606218
0.152077
0.831214
0.152077
0.831214
0.152077
0.831214
0.152077
0.831214
-4.94914
0.831214
-4.96164
0.831214
-4.96164
0.831214
-4.94914
0.831214
-5.07477
0.831214
-5.04664
0.831214
-5.07477
0.831214
-5.07477
0.831214
-5.09164
0.684548
-5.00102
-5.02123
-4.98227
-5.02123
-5.03664
-5.00123
-5.03664
-5.00123
-5.03664
-5.00123
-5.00727
-4.96248
-5.04164
-4.96498
-5.03289
-5.00123
-4.81477
-5.09164
0.831214
-5.07498
0.831214
-4.98748
0.831214
-4.98373
0.831214
-5.05414
0.831214
-4.90789
0.831214
-4.97831
0.831214
-4.94081
0.831214
-4.95789
0.831214
-4.83914
0.831214
0.152077
0.831214
0.152077
0.831214
0.152077
0.831214
0.152077
0.420218
0.606218
0.152077
0.831214
0.152077
0.831214
0.152077
0.831214
0.152077
0.831214
-4.94914
0.831214
-4.96164
0.831214
-4.96164
0.831214
-4.94914
0.831214
-5.07477
0.831214
-5.04664
0.831214
-5.07477
0.831214
-5.07477
0.831214
-5.09164
0.684548
-5.00102
-5.03164
-5.03289
-5.02664
-5.03664
-5.03664
-5.03664
-5.03664
-5.03664
-5.03664
-5.03664
-5.03664
-5.03664
-5.03289
-5.03789
-4.99102
-4.81477
-5.09164
0.831214
-5.04664
0.831214
-5.07477
0.831214
-5.04664
0.831214
-5.07477
0.831214
-4.94914
0.831214
-4.94914
0.831214
-4.95852
0.831214
-4.90789
0.831214
0.152077
0.831214
0.152077
0.831214
0.152077
0.831214
0.152077
0.831214
0.152077
0.420218
0.606218
0.152077
0.831214
0.152077
0.831214
0.152077
0.831214
0.152077
0.831214
-4.94914
0.831214
-4.96164
0.831214
-4.96164
0.831214
-4.94914
0.831214
-5.07477
0.831214
-5.04664
0.831214
-5.07477
0.831214
-5.07477
0.831214
-5.09164
0.684548
-5.03664
-5.04664
-4.98227
-5.04164
-5.03664
-5.04664
-5.03664
-5.04664
-5.03664
-5.04664
-5.03664
-5.04664
-5.03664
-5.04664
-5.03789
-5.01664
-4.81477
-5.09164
0.831214
-5.01664
0.831214
-5.05914
0.831214
-5.05664
0.831214
-5.03664
0.831214
-4.94914
0.831214
-4.95164
0.831214
-4.95164
0.831214
-4.90789
0.831214
0.152077
0.831214
0.152077
0.831214
0.152077
0.831214
0.152077
0.831214
0.152077
0.420218
0.593718
0.152077
0.818714
0.152077
0.818714
0.152077
0.818714
0.152077
0.818714
-4.90789
0.818714
-4.95164
0.818714
-4.95164
0.818714
-4.94914
0.818714
-5.05664
0.818714
-5.05664
0.818714
-5.03664
0.818714
-5.05664
0.818714
-5.09164
0.684548
-5.04664
-5.08664
-5.04664
-5.08664
-5.04664
-5.08664
-5.04664
-5.08664
-5.04664
-5.08664
-5.04664
-5.08664
-5.04664
-5.08664
-5.04289
-5.08664
-4.80914
-5.09164
0.831214
-5.07914
0.831214
-5.07914
0.831214
-4.99664
0.831214
-4.99664
0.831214
-4.86039
0.831214
-4.86039
0.831214
-4.90164
0.831214
-4.90164
0.831214
0.152077
0.831214
0.152077
0.831214
0.152077
0.831214
0.152077
0.831214
0.152077
0.420218
0.606218
0.152077
0.831214
0.152077
0.831214
0.152077
0.831214
0.152077
0.831214
-4.82914
0.831214
-4.86164
0.831214
-4.91039
0.831214
-4.90789
0.831214
-5.05664
0.831214
-5.05664
0.831214
-5.01664
0.831214
-5.01664
0.831214
-5.09164
0.684548
-5.04664
-4.88289
-5.06914
-4.75664
-5.06914
-4.87789
-5.08164
-4.76664
-5.06914
-4.76289
-5.08164
-4.76664
-5.08164
-4.87789
-5.04664
-4.85664
-4.84414
-5.09164
0.831214
-4.74914
0.831214
-5.07914
0.831214
-4.88789
0.831214
-4.97914
0.831214
-4.94914
0.831214
-5.07914
0.831214
-5.07914
0.831214
-5.07914
0.831214
0.152077
0.831214
0.152077
0.831214
0.152077
0.831214
0.152077
0.831214
0.152077
0.420218
0.606218
0.152077
0.831214
0.152077
0.831214
0.152077
0.831214
0.152077
0.831214
-4.94914
0.831214
-4.94914
0.831214
-4.95164
0.831214
-4.94914
0.831214
-5.05664
0.831214
-5.05664
0.831214
-5.05914
0.831214
-5.01664
0.831214
-5.09164
0.684548
-5.04664
-4.97664
-5.06914
-4.91289
-5.06914
-4.98164
-5.03664
-4.98289
-5.06914
-4.92289
-5.06914
-4.97789
-5.06914
-4.92289
-5.06914
-4.91289
-4.82914
-5.09164
0.831214
-5.06664
0.831214
-5.06664
0.831214
-5.03539
0.831214
-4.98664
0.831214
-4.90789
0.831214
-5.01164
0.831214
-4.95539
0.831214
-4.90789
0.831214
-4.90331
0.831214
0.152077
0.831214
0.152077
0.831214
0.152077
0.831214
0.152077
0.420218
0.606218
0.152077
0.831214
0.152077
0.831214
0.152077
0.831214
0.152077
0.831214
-4.94914
0.831214
-4.94914
0.831214
-4.95164
0.831214
-4.94914
0.831214
-5.05664
0.831214
-5.05664
0.831214
-5.05914
0.831214
-5.01664
0.831214
-5.09164
0.684548
-5.04664
-5.01998
-5.04664
-5.00123
-5.01664
-5.02498
-5.03664
-5.00123
-5.04664
-5.01998
-5.04664
-5.01623
-5.04664
-5.00998
-5.04664
-5.00123
-4.80914
-5.09164
0.831214
-5.07498
0.831214
-4.98748
0.831214
-4.98373
0.831214
-5.05414
0.831214
-4.90789
0.831214
-4.97831
0.831214
-4.94081
0.831214
-4.95789
0.831214
-4.83914
0.831214
0.152077
0.831214
0.152077
0.831214
0.152077
0.831214
0.152077
0.420218
0.606218
0.152077
0.831214
0.152077
0.831214
0.152077
0.831214
0.152077
0.831214
-4.94914
0.831214
-4.95164
0.831214
-4.95164
0.831214
-4.94914
0.831214
-5.05664
0.831214
-5.05664
0.831214
-5.05914
0.831214
-5.01664
0.831214
-5.09164
0.684548
-5.04664
-5.00664
-5.04664
-5.03664
-5.04664
-5.03664
-5.03664
-5.03664
-5.04664
-5.03664
-5.04664
-5.03664
-5.04664
-5.03664
-5.04664
-5.03289
-4.80914
-5.09164
0.831214
-5.04664
0.831214
-5.07477
0.831214
-5.04664
0.831214
-5.07477
0.831214
-4.94914
0.831214
-4.94914
0.831214
-4.95852
0.831214
-4.90789
0.831214
0.152077
0.831214
0.152077
0.831214
0.152077
0.831214
0.152077
0.831214
0.152077
0.420218
0.606218
0.152077
0.831214
0.152077
0.831214
0.152077
0.831214
0.152077
0.831214
-4.94914
0.831214
-4.95164
0.831214
-4.95164
0.831214
-4.94914
0.831214
-5.05664
0.831214
-5.05664
0.831214
-5.05914
0.831214
-5.01664
0.831214
-5.09164
0.684548
-5.04664
-5.04664
-5.04664
-5.04664
-5.04664
-5.04664
-5.04289
-5.04664
-5.04664
-5.04664
-5.04664
-5.04664
-5.04664
-5.04664
-5.04664
-5.04664
-4.80914
-5.09164
0.831214
-5.01664
0.831214
-5.05914
0.831214
-5.05664
0.831214
-5.03664
0.831214
-4.94914
0.831214
-4.95164
0.831214
-4.95164
0.831214
-4.90789
