0.633072
0.184999
0.633072
0.184999
0.633072
0.184999
0.633072
0.184999
0.547064
0.287499
0.334296
0.507796
0.184999
0.633072
0.184999
0.633072
0.184999
0.633072
0.184999
0.633072
0.184999
0.633072
0.0899987
0.712787
0.0899987
0.712787
0.0899987
0.712787
0.0899987
0.712787
0.00749869
0.775284
0.00749869
0.775284
0.00749869
0.775284
-0.00500131
0.650334
0.00624869
0.0487487
-1.30783e-06
-1.30783e-06
-1.30783e-06
-1.30783e-06
-1.30783e-06
0.0599987
-1.30783e-06
-1.30783e-06
-1.30783e-06
-1.30783e-06
-1.30783e-06
-1.30783e-06
-0.00500131
0.00749869
0.299999
-0.00500131
0.775284
0.00749869
0.775284
0.00749869
0.775284
0.00749869
0.712787
0.0899987
0.712787
0.0899987
0.712787
0.0899987
0.712787
0.0899987
0.633072
0.184999
0.7825
-0.00499994
0.7825
-0.00499994
0.7825
-0.00499994
0.7825
-0.00499994
0.751245
0.0441654
0.334296
0.520296
0.0332032
0.772944
-0.00499994
0.795
-0.00499994
0.795
-0.00499994
0.795
-0.00500131
0.795
-0.00500131
0.795
-0.00500131
0.795
-0.00500131
0.795
0.00749869
0.787784
0.00749869
0.787784
0.00749869
0.787784
0.00749869
0.787784
-0.00500131
0.650334
-0.00500131
0.349999
-0.00500131
0.204999
-0.00500131
0.204999
-0.00500131
0.204999
0.00124869
0.323749
-0.00500131
0.204999
-0.00500131
0.204999
-0.00500131
0.234999
0.292499
0.311249
0.7825
-0.00500131
0.7825
-0.00500131
0.7825
-0.00500131
0.7825
-0.00500131
0.7825
-0.00500131
0.7825
-0.00500131
0.7825
-0.00500131
0.7825
-0.00500131
0.725373
0.0749987
0.725373
0.0749987
0.725373
0.0749987
0.725373
0.0749987
0.670832
0.139999
0.334296
0.520296
0.0332032
0.772944
-0.00499994
0.795
-0.00499994
0.795
-0.00499994
0.795
0.184999
0.645572
0.0899987
0.725287
0.0899987
0.725287
0.00749869
0.787784
0.00749869
0.787784
0.00749869
0.787784
0.00749869
0.787784
0.00749869
0.787784
-0.00500131
0.650334
0.00624869
0.167499
-0.00500131
0.104999
-0.00500131
0.104999
-0.00500131
0.104999
-0.00500131
0.108749
-0.00500131
0.104999
-0.00500131
0.104999
-0.00500131
0.182499
0.192499
0.151249
0.7825
-0.00500131
0.7825
-0.00500131
0.7825
-0.00500131
0.7825
-0.00500131
0.7825
-0.00500131
0.7825
-0.00500131
0.725373
0.0749987
0.725373
0.0749987
0.697403
0.108332
0.697403
0.108332
0.697403
0.108332
0.697403
0.108332
0.634471
0.183332
0.334296
0.520296
0.0332032
0.772944
0.184999
0.645572
0.184999
0.645572
0.184999
0.645572
0.184999
0.645572
0.0899987
0.725287
0.0899987
0.725287
0.0899987
0.725287
0.00749869
0.787784
0.00749869
0.787784
0.00749869
0.787784
0.00749869
0.787784
-0.00500131
0.650334
0.00624869
0.141665
0.0124987
0.115415
-1.30783e-06
0.0666654
0.00749869
0.0716654
0.00124869
0.115415
-1.30783e-06
0.0666654
-1.30783e-06
0.0666654
-1.30783e-06
0.0666654
-0.00500131
0.130415
0.7825
-0.00500131
0.7825
-0.00500131
0.7825
-0.00500131
0.7825
-0.00500131
0.7825
-0.00500131
0.7825
-0.00500131
0.7825
-0.00500131
0.7825
-0.00500131
0.683418
0.124999
0.683418
0.124999
0.683418
0.124999
0.683418
0.124999
0.612619
0.209374
0.334296
0.520296
0.184999
0.645572
0.184999
0.645572
0.184999
0.645572
0.184999
0.645572
0.184999
0.645572
0.0899987
0.725287
0.0899987
0.725287
0.0899987
0.725287
0.00749869
0.787784
0.00749869
0.787784
0.00749869
0.787784
0.00749869
0.787784
-0.00500131
0.650334
0.0112487
0.0799987
0.0487487
0.0449987
-1.30783e-06
0.0537487
0.0362487
0.0856237
-0.00500131
0.0893737
-0.00500131
0.0856237
-0.00500131
0.0856237
-1.30783e-06
0.0499987
0.0999987
0.0731237
0.772758
0.0118737
0.772758
0.0118737
0.772758
0.0118737
0.772758
0.0118737
0.772758
0.0118737
0.772758
0.0118737
0.772758
0.0118737
0.772758
0.0118737
0.675027
0.134999
0.675027
0.134999
0.675027
0.134999
0.675027
0.134999
0.599508
0.224999
0.334296
0.520296
0.184999
0.645572
0.184999
0.645572
0.184999
0.645572
0.184999
0.645572
0.184999
0.645572
0.0899987
0.725287
0.0899987
0.725287
0.0899987
0.725287
0.00749869
0.787784
0.00749869
0.787784
0.00749869
0.787784
0.00749869
0.787784
-0.00500131
0.650334
0.0112487
0.0399987
0.0124987
0.0637487
-1.30783e-06
0.0399987
-1.30783e-06
0.0399987
0.0249987
0.0399987
-0.00500131
0.0699987
-0.00500131
0.0699987
-1.30783e-06
0.0399987
-0.00500131
0.0699987
0.7825
-0.00500131
0.763737
0.0274987
0.763737
0.0274987
0.763737
0.0274987
0.763737
0.0274987
0.763737
0.0274987
0.763737
0.0274987
0.763737
0.0274987
0.795
-0.00499994
0.795
-0.00499994
0.795
-0.00499994
0.795
-0.00499994
0.772944
0.0332032
0.334296
0.507796
0.0332032
0.760444
-0.00499994
0.7825
-0.00499994
0.7825
-0.00499994
0.7825
-0.00500131
0.7825
-0.00500131
0.7825
-0.00500131
0.7825
-0.00500131
0.7825
-0.00500131
0.7825
-0.00500131
0.7825
-0.00500131
0.7825
-0.00500131
0.7825
0.311249
0.450971
0.199999
0.0112487
0.204999
0.0199987
0.204999
-0.00500131
0.204999
0.0362487
0.204999
-0.00500131
0.199999
-1.30783e-06
0.204999
-0.00500131
0.194999
0.00749869
0.277499
-0.00500131
0.787784
0.00749869
0.787784
0.00749869
0.787784
0.00749869
0.787784
0.00749869
0.795
-0.00500131
0.795
-0.00500131
0.795
-0.00500131
0.795
-0.00500131
0.795
-0.00499994
0.763745
0.0441654
0.763745
0.0441654
0.763745
0.0441654
0.763745
0.0441654
0.334296
0.520296
0.0441654
0.763745
0.0441654
0.763745
0.0441654
0.763745
-0.00499994
0.795
-0.00500131
0.795
-0.00500131
0.795
-0.00500131
0.795
-0.00500131
0.795
-0.00500131
0.795
-0.00500131
0.795
-0.00500131
0.795
-0.00500131
0.795
0.311249
0.450971
0.313749
0.332499
0.311249
0.147499
0.194999
0.323749
0.194999
0.338749
0.323749
0.311249
0.114999
0.326249
0.114999
0.311249
0.0449987
0.338749
0.0991654
0.311249
0.795
-0.00500131
0.795
-0.00500131
0.795
-0.00500131
0.795
-0.00500131
0.795
-0.00500131
0.795
-0.00500131
0.795
-0.00500131
0.795
-0.00500131
0.795
-0.00499994
0.795
-0.00499994
0.795
-0.00499994
0.795
-0.00499994
0.772944
0.0332032
0.334296
0.520296
0.0441654
0.763745
-0.00499994
0.795
-0.00499994
0.795
-0.00499994
0.795
-0.00500131
0.795
-0.00500131
0.795
-0.00500131
0.795
-0.00500131
0.795
-0.00500131
0.795
-0.00500131
0.795
-0.00500131
0.795
-0.00500131
0.795
0.311249
0.450971
0.204999
0.113749
0.323749
0.176249
0.194999
0.182499
0.338749
0.104999
0.313749
0.157499
0.313749
0.187499
0.114999
0.181249
0.107499
0.167499
0.114999
0.151249
0.795
-0.00500131
0.795
-0.00500131
0.795
-0.00500131
0.795
-0.00500131
0.775516
0.0287487
0.775516
0.0287487
0.795
-0.00500131
0.795
-0.00500131
0.795
-0.00499994
0.795
-0.00499994
0.795
-0.00499994
0.795
-0.00499994
0.772944
0.0332032
0.334296
0.520296
0.0332032
0.772944
-0.00499994
0.795
-0.00499994
0.795
-0.00499994
0.795
-0.00500131
0.795
-0.00500131
0.795
-0.00500131
0.795
-0.00500131
0.795
-0.00500131
0.795
-0.00500131
0.795
-0.00500131
0.795
-0.00500131
0.795
0.311249
0.450971
0.313749
0.135415
0.323749
0.124165
0.323749
0.135415
0.313749
0.115415
0.311249
0.130415
0.313749
0.115415
0.198749
0.111665
0.204999
0.109165
0.194999
0.130415
0.795
-0.00500131
0.795
-0.00500131
0.795
-0.00500131
0.795
-0.00500131
0.795
-0.00500131
0.795
-0.00500131
0.795
-0.00500131
0.795
-0.00500131
0.795
-0.00499994
0.795
-0.00499994
0.795
-0.00499994
0.795
-0.00499994
0.772944
0.0332032
0.334296
0.520296
0.0332032
0.772944
-0.00499994
0.795
-0.00499994
0.795
-0.00499994
0.795
-0.00500131
0.795
-0.00500131
0.795
-0.00500131
0.795
-0.00500131
0.795
-0.00500131
0.795
-0.00500131
0.795
-0.00500131
0.795
-0.00500131
0.795
0.311249
0.450971
0.313749
0.109374
0.323749
0.0981237
0.313749
0.0893737
0.338749
0.0918737
0.323749
0.0418737
0.313749
0.0831237
0.323749
0.0749987
0.313749
0.0793737
0.204999
0.0731237
0.795
-0.00500131
0.785258
0.0118737
0.785258
0.0118737
0.785258
0.0118737
0.795
-0.00500131
0.795
-0.00500131
0.795
-0.00500131
0.795
-0.00500131
0.795
-0.00499994
0.795
-0.00499994
0.795
-0.00499994
0.795
-0.00499994
0.772944
0.0332032
0.334296
0.520296
0.0332032
0.772944
-0.00499994
0.795
-0.00499994
0.795
-0.00499994
0.795
-0.00500131
0.795
-0.00500131
0.795
-0.00500131
0.795
-0.00500131
0.795
-0.00500131
0.795
-0.00500131
0.795
-0.00500131
0.795
-0.00500131
0.795
0.311249
0.450971
0.313749
0.0674987
0.323749
0.0574987
0.323749
0.0674987
0.343749
0.0937487
0.313749
0.0737487
0.313749
0.0674987
0.323749
0.0737487
0.204999
0.0699987
0.194999
0.0699987
0.795
-0.00500131
0.795
-0.00500131
0.776237
0.0274987
0.795
-0.00500131
0.795
-0.00500131
0.795
-0.00500131
0.795
-0.00500131
0.795
-0.00500131
0.795
-0.00499994
0.795
-0.00499994
0.795
-0.00499994
0.795
-0.00499994
0.772944
0.0332032
0.334296
0.507796
0.0749987
0.725373
0.0749987
0.725373
0.0749987
0.725373
0.0749987
0.725373
0.0749987
0.725373
0.0749987
0.725373
-0.00500131
0.7825
-0.00500131
0.7825
-0.00500131
0.7825
-0.00500131
0.7825
-0.00500131
0.7825
-0.00500131
0.7825
0.151249
0.545892
0.163749
0.00624869
0.104999
0.0199987
0.104999
-0.00500131
0.104999
0.0362487
0.104999
-0.00500131
0.0999987
-1.30783e-06
0.104999
-0.00500131
0.0949987
0.00749869
0.249999
-0.00500131
0.787784
0.00749869
0.787784
0.00749869
0.787784
0.00749869
0.787784
0.00749869
0.787784
0.00749869
0.725287
0.0899987
0.725287
0.0899987
0.645572
0.184999
0.795
-0.00499994
0.795
-0.00499994
0.795
-0.00499994
0.763745
0.0441654
0.763745
0.0441654
0.334296
0.520296
0.0332032
0.772944
-0.00499994
0.795
-0.00499994
0.795
-0.00499994
0.795
-0.00500131
0.795
-0.00500131
0.795
0.0287487
0.775516
0.0287487
0.775516
-0.00500131
0.795
-0.00500131
0.795
-0.00500131
0.795
-0.00500131
0.795
0.151249
0.545892
0.163749
0.311249
0.187499
0.313749
0.154999
0.338749
0.173749
0.311249
0.151249
0.338749
0.104999
0.326249
0.0949987
0.323749
0.167499
0.313749
0.169999
0.311249
0.795
-0.00500131
0.795
-0.00500131
0.795
-0.00500131
0.795
-0.00500131
0.795
-0.00500131
0.795
-0.00500131
0.795
-0.00500131
0.795
-0.00500131
0.737873
0.0749987
0.737873
0.0749987
0.737873
0.0749987
0.737873
0.0749987
0.690674
0.131249
0.334296
0.520296
0.0749987
0.737873
0.0749987
0.737873
0.0749987
0.737873
0.0749987
0.737873
0.0749987
0.737873
0.0749987
0.737873
0.0287487
0.775516
-0.00500131
0.795
-0.00500131
0.795
-0.00500131
0.795
-0.00500131
0.795
-0.00500131
0.795
0.151249
0.545892
0.163749
0.0549987
0.187499
0.161249
0.0987487
0.182499
0.157499
0.157499
0.173749
0.154999
0.0949987
0.167499
0.0512487
0.193749
0.0512487
0.167499
0.138749
0.151249
0.795
-0.00500131
0.795
-0.00500131
0.795
-0.00500131
0.795
-0.00500131
0.795
-0.00500131
0.775516
0.0287487
0.737873
0.0749987
0.737873
0.0749987
0.709903
0.108332
0.709903
0.108332
0.709903
0.108332
0.709903
0.108332
0.772944
0.0332032
0.334296
0.520296
0.0749987
0.737873
0.0749987
0.737873
0.0749987
0.737873
0.0749987
0.737873
0.0749987
0.737873
0.0749987
0.737873
-0.00500131
0.795
-0.00500131
0.795
-0.00500131
0.795
-0.00500131
0.795
-0.00500131
0.795
-0.00500131
0.795
0.151249
0.545892
0.163749
0.0362487
0.181249
0.115415
0.154999
0.101665
0.151249
0.130415
0.169999
0.130415
0.157499
0.124165
0.0949987
0.141665
0.0949987
0.111665
0.0949987
0.130415
0.795
-0.00500131
0.795
-0.00500131
0.795
-0.00500131
0.795
-0.00500131
0.795
-0.00500131
0.795
-0.00500131
0.795
-0.00500131
0.795
-0.00500131
0.695918
0.124999
0.695918
0.124999
0.695918
0.124999
0.795
-0.00499994
0.772944
0.0332032
0.334296
0.520296
0.0749987
0.737873
0.0749987
0.737873
0.0749987
0.737873
0.0749987
0.737873
0.0749987
0.737873
0.0749987
0.737873
-0.00500131
0.795
-0.00500131
0.795
-0.00500131
0.795
-0.00500131
0.795
-0.00500131
0.795
-0.00500131
0.795
0.151249
0.545892
0.173749
0.0449987
0.193749
0.0731237
0.173749
0.0449987
0.157499
0.0793737
0.173749
0.0918737
0.182499
0.103124
0.163749
0.0731237
0.0949987
0.0856237
0.104999
0.0731237
0.785258
0.0118737
0.785258
0.0118737
0.785258
0.0118737
0.785258
0.0118737
0.785258
0.0118737
0.785258
0.0118737
0.785258
0.0118737
0.785258
0.0118737
0.687527
0.134999
0.687527
0.134999
0.795
-0.00499994
0.795
-0.00499994
0.772944
0.0332032
0.334296
0.520296
0.0749987
0.737873
0.0749987
0.737873
0.0749987
0.737873
0.0749987
0.737873
0.0749987
0.737873
0.0749987
0.737873
-0.00500131
0.795
-0.00500131
0.795
-0.00500131
0.795
-0.00500131
0.795
-0.00500131
0.795
-0.00500131
0.795
0.151249
0.545892
0.163749
0.0612487
0.193749
0.0274987
0.173749
0.0349987
0.157499
0.0737487
0.124999
0.0999987
0.182499
0.0874987
0.157499
0.0937487
0.0949987
0.0699987
0.0949987
0.0699987
0.795
-0.00500131
0.776237
0.0274987
0.776237
0.0274987
0.776237
0.0274987
0.776237
0.0274987
0.776237
0.0274987
0.776237
0.0274987
0.776237
0.0274987
0.645572
0.184999
0.645572
0.184999
0.645572
0.184999
0.795
-0.00499994
0.772944
0.0332032
0.334296
0.507796
0.108332
0.697403
0.108332
0.697403
0.108332
0.697403
0.108332
0.697403
-0.00500131
0.7825
-0.00500131
0.7825
-0.00500131
0.7825
-0.00500131
0.7825
-0.00500131
0.7825
-0.00500131
0.7825
-0.00500131
0.7825
-0.00500131
0.7825
0.130415
0.601062
0.105415
0.0612487
0.0616654
0.0324987
0.0716654
-0.00500131
0.0716654
0.0362487
0.0666654
-1.30783e-06
0.0666654
-1.30783e-06
0.0666654
-1.30783e-06
0.0616654
0.00749869
0.262499
-0.00500131
0.787784
0.00749869
0.787784
0.00749869
0.787784
0.00749869
0.787784
0.00749869
0.725287
0.0899987
0.725287
0.0899987
0.725287
0.0899987
0.645572
0.184999
0.795
-0.00499994
0.795
-0.00499994
0.795
-0.00499994
0.795
-0.00499994
0.763745
0.0441654
0.334296
0.520296
0.0332032
0.772944
-0.00499994
0.795
-0.00499994
0.795
-0.00499994
0.795
-0.00500131
0.795
-0.00500131
0.795
-0.00500131
0.795
-0.00500131
0.795
-0.00500131
0.795
-0.00500131
0.795
-0.00500131
0.795
-0.00500131
0.795
0.130415
0.601062
0.141665
0.311249
0.124165
0.313749
0.0991654
0.338749
0.109165
0.338749
0.111665
0.311249
0.111665
0.326249
0.0716654
0.311249
0.0116654
0.338749
0.204999
0.311249
0.795
-0.00500131
0.795
-0.00500131
0.795
-0.00500131
0.795
-0.00500131
0.795
-0.00500131
0.795
-0.00500131
0.795
-0.00500131
0.795
-0.00500131
0.737873
0.0749987
0.737873
0.0749987
0.737873
0.0749987
0.737873
0.0749987
0.683332
0.139999
0.334296
0.520296
0.108332
0.709903
0.108332
0.709903
0.108332
0.709903
0.108332
0.709903
-0.00500131
0.795
-0.00500131
0.795
-0.00500131
0.795
-0.00500131
0.795
-0.00500131
0.795
-0.00500131
0.795
-0.00500131
0.795
-0.00500131
0.795
0.130415
0.601062
0.135415
0.176249
0.111665
0.151249
0.130415
0.181249
0.135415
0.157499
0.121665
0.154999
0.0324987
0.163749
0.0324987
0.193749
0.0324987
0.167499
0.153332
0.151249
0.795
-0.00500131
0.795
-0.00500131
0.795
-0.00500131
0.795
-0.00500131
0.795
-0.00500131
0.795
-0.00500131
0.737873
0.0749987
0.737873
0.0749987
0.709903
0.108332
0.709903
0.108332
0.709903
0.108332
0.709903
0.108332
0.646971
0.183332
0.334296
0.520296
0.108332
0.709903
0.108332
0.709903
0.108332
0.709903
0.108332
0.709903
-0.00500131
0.795
-0.00500131
0.795
-0.00500131
0.795
-0.00500131
0.795
-0.00500131
0.795
-0.00500131
0.795
-0.00500131
0.795
-0.00500131
0.795
0.130415
0.601062
0.130415
0.117915
0.130415
0.117915
0.0991654
0.130415
0.102915
0.121665
0.0991654
0.130415
0.105415
0.109165
0.115415
0.117915
0.0616654
0.111665
0.0616654
0.130415
0.795
-0.00500131
0.795
-0.00500131
0.795
-0.00500131
0.795
-0.00500131
0.795
-0.00500131
0.795
-0.00500131
0.795
-0.00500131
0.795
-0.00500131
0.695918
0.124999
0.695918
0.124999
0.695918
0.124999
0.695918
0.124999
0.625119
0.209374
0.334296
0.520296
0.108332
0.709903
0.108332
0.709903
0.108332
0.709903
0.108332
0.709903
-0.00500131
0.795
-0.00500131
0.795
-0.00500131
0.795
-0.00500131
0.795
-0.00500131
0.795
-0.00500131
0.795
-0.00500131
0.795
-0.00500131
0.795
0.130415
0.601062
0.115415
0.0731237
0.111665
0.0731237
0.115415
0.0918737
0.135415
0.0981237
0.130415
0.0731237
0.0616654
0.0856237
0.115415
0.0918737
0.0616654
0.0856237
0.0716654
0.0731237
0.785258
0.0118737
0.785258
0.0118737
0.785258
0.0118737
0.785258
0.0118737
0.785258
0.0118737
0.785258
0.0118737
0.785258
0.0118737
0.785258
0.0118737
0.687527
0.134999
0.687527
0.134999
0.687527
0.134999
0.687527
0.134999
0.772944
0.0332032
0.334296
0.520296
0.108332
0.709903
0.108332
0.709903
0.108332
0.709903
0.108332
0.709903
-0.00500131
0.795
-0.00500131
0.795
-0.00500131
0.795
-0.00500131
0.795
-0.00500131
0.795
-0.00500131
0.795
-0.00500131
0.795
-0.00500131
0.795
0.130415
0.601062
0.130415
0.0762487
0.141665
0.0762487
0.115415
0.0874987
0.135415
0.0737487
0.135415
0.0737487
0.105415
0.0674987
0.105415
0.0937487
0.0616654
0.0799987
0.0616654
0.0699987
0.795
-0.00500131
0.776237
0.0274987
0.776237
0.0274987
0.776237
0.0274987
0.776237
0.0274987
0.776237
0.0274987
0.776237
0.0274987
0.776237
0.0274987
0.645572
0.184999
0.645572
0.184999
0.645572
0.184999
0.645572
0.184999
0.772944
0.0332032
0.334296
0.507796
0.124999
0.683418
0.124999
0.683418
0.124999
0.683418
0.124999
0.683418
0.0118737
0.772758
0.0118737
0.772758
0.0118737
0.772758
0.0118737
0.772758
0.0118737
0.772758
0.0118737
0.772758
0.0118737
0.772758
0.0118737
0.772758
0.0731237
0.611446
0.0831237
0.0262487
0.0449987
0.0324987
0.0499987
0.0249987
0.0499987
0.0599987
0.0499987
-1.30783e-06
0.0499987
-1.30783e-06
0.0499987
-1.30783e-06
0.0449987
0.00749869
0.271874
-0.00500131
0.787784
0.00749869
0.787784
0.00749869
0.787784
0.00749869
0.787784
0.00749869
0.725287
0.0899987
0.725287
0.0899987
0.725287
0.0899987
0.645572
0.184999
0.795
-0.00499994
0.795
-0.00499994
0.795
-0.00499994
0.795
-0.00499994
0.763745
0.0441654
0.334296
0.520296
0.0332032
0.772944
-0.00499994
0.795
-0.00499994
0.795
-0.00499994
0.795
-0.00500131
0.795
-0.00500131
0.795
-0.00500131
0.795
-0.00500131
0.795
0.0118737
0.785258
0.0118737
0.785258
0.0118737
0.785258
-0.00500131
0.795
0.0731237
0.611446
0.0831237
0.338749
0.0449987
0.338749
0.0956237
0.194999
0.0449987
0.338749
0.0793737
0.343749
0.0449987
0.338749
0.0231237
0.323749
0.00749869
0.338749
0.226874
0.311249
0.795
-0.00500131
0.795
-0.00500131
0.795
-0.00500131
0.795
-0.00500131
0.795
-0.00500131
0.795
-0.00500131
0.795
-0.00500131
0.795
-0.00500131
0.737873
0.0749987
0.737873
0.0749987
0.737873
0.0749987
0.737873
0.0749987
0.683332
0.139999
0.334296
0.520296
0.0332032
0.772944
0.124999
0.695918
0.124999
0.695918
0.124999
0.695918
0.0118737
0.785258
0.0118737
0.785258
0.0118737
0.785258
0.0118737
0.785258
0.0118737
0.785258
0.0118737
0.785258
0.0118737
0.785258
0.0118737
0.785258
0.0731237
0.611446
0.0731237
0.173749
0.0793737
0.176249
0.0749987
0.182499
0.0731237
0.173749
0.0893737
0.157499
0.0793737
0.187499
0.0231237
0.193749
0.0449987
0.167499
0.160624
0.151249
0.795
-0.00500131
0.795
-0.00500131
0.795
-0.00500131
0.795
-0.00500131
0.795
-0.00500131
0.795
-0.00500131
0.737873
0.0749987
0.737873
0.0749987
0.709903
0.108332
0.709903
0.108332
0.709903
0.108332
0.709903
0.108332
0.646971
0.183332
0.334296
0.520296
0.124999
0.695918
0.124999
0.695918
0.124999
0.695918
0.124999
0.695918
0.0118737
0.785258
0.0118737
0.785258
0.0118737
0.785258
0.0118737
0.785258
0.0118737
0.785258
0.0118737
0.785258
0.0118737
0.785258
0.0118737
0.785258
0.0731237
0.611446
0.0731237
0.0816654
0.0793737
0.135415
0.0793737
0.135415
0.0731237
0.130415
0.0793737
0.135415
0.0918737
0.130415
0.0449987
0.111665
0.0731237
0.115415
0.0449987
0.130415
0.795
-0.00500131
0.795
-0.00500131
0.795
-0.00500131
0.795
-0.00500131
0.795
-0.00500131
0.795
-0.00500131
0.795
-0.00500131
0.795
-0.00500131
0.695918
0.124999
0.695918
0.124999
0.695918
0.124999
0.695918
0.124999
0.625119
0.209374
0.334296
0.520296
0.124999
0.695918
0.124999
0.695918
0.124999
0.695918
0.124999
0.695918
0.0118737
0.785258
0.0118737
0.785258
0.0118737
0.785258
0.0118737
0.785258
0.0118737
0.785258
0.0118737
0.785258
0.0118737
0.785258
0.0118737
0.785258
0.0731237
0.611446
0.0893737
0.0449987
0.0487487
0.115624
0.0793737
0.0893737
0.0956237
0.0449987
0.0793737
0.109374
0.0749987
0.0856237
0.0499987
0.0799987
0.0487487
0.0856237
0.0718737
0.0731237
0.785258
0.0118737
0.785258
0.0118737
0.785258
0.0118737
0.785258
0.0118737
0.785258
0.0118737
0.785258
0.0118737
0.785258
0.0118737
0.785258
0.0118737
0.687527
0.134999
0.687527
0.134999
0.687527
0.134999
0.687527
0.134999
0.612008
0.224999
0.334296
0.520296
0.124999
0.695918
0.124999
0.695918
0.124999
0.695918
0.124999
0.695918
0.0118737
0.785258
0.0118737
0.785258
0.0118737
0.785258
0.0118737
0.785258
0.0118737
0.785258
0.0118737
0.785258
0.0118737
0.785258
0.0118737
0.785258
0.0731237
0.611446
0.0893737
0.0349987
0.0793737
0.0737487
0.0793737
0.0937487
0.0449987
0.0799987
0.0831237
0.0824987
0.0749987
0.0699987
0.0793737
0.0937487
0.0793737
0.0674987
0.0449987
0.0699987
0.795
-0.00500131
0.776237
0.0274987
0.776237
0.0274987
0.776237
0.0274987
0.776237
0.0274987
0.776237
0.0274987
0.776237
0.0274987
0.776237
0.0274987
0.645572
0.184999
0.645572
0.184999
0.645572
0.184999
0.645572
0.184999
0.772944
0.0332032
0.334296
0.507796
0.134999
0.675027
0.134999
0.675027
0.134999
0.675027
0.134999
0.675027
0.0274987
0.763737
0.0274987
0.763737
0.0274987
0.763737
0.0274987
0.763737
0.0274987
0.763737
0.0274987
0.763737
0.0274987
0.763737
-0.00500131
0.7825
0.0699987
0.614069
0.0637487
0.0612487
0.0349987
0.0324987
0.0399987
0.0249987
0.0399987
0.0599987
0.0399987
-1.30783e-06
0.0399987
-1.30783e-06
0.0399987
-1.30783e-06
0.0349987
0.00749869
0.277499
-0.00500131
0.787784
0.00749869
0.787784
0.00749869
0.787784
0.00749869
0.787784
0.00749869
0.725287
0.0899987
0.725287
0.0899987
0.725287
0.0899987
0.645572
0.184999
0.795
-0.00499994
0.795
-0.00499994
0.795
-0.00499994
0.795
-0.00499994
0.763745
0.0441654
0.334296
0.520296
0.0332032
0.772944
-0.00499994
0.795
-0.00499994
0.795
-0.00499994
0.795
-0.00500131
0.795
-0.00500131
0.795
-0.00500131
0.795
-0.00500131
0.795
-0.00500131
0.795
0.0274987
0.776237
-0.00500131
0.795
-0.00500131
0.795
0.0699987
0.614069
0.0674987
0.343749
0.00874869
0.338749
0.0799987
0.194999
0.00499869
0.338749
0.0737487
0.313749
0.0699987
0.194999
0.0349987
0.323749
0.00499869
0.338749
0.239999
0.311249
0.795
-0.00500131
0.795
-0.00500131
0.795
-0.00500131
0.795
-0.00500131
0.795
-0.00500131
0.795
-0.00500131
0.795
-0.00500131
0.795
-0.00500131
0.737873
0.0749987
0.737873
0.0749987
0.737873
0.0749987
0.737873
0.0749987
0.683332
0.139999
0.334296
0.520296
0.0332032
0.772944
-0.00499994
0.795
0.134999
0.687527
0.134999
0.687527
0.0274987
0.776237
0.0274987
0.776237
0.0274987
0.776237
0.0274987
0.776237
0.0274987
0.776237
0.0274987
0.776237
0.0274987
0.776237
-0.00500131
0.795
0.0699987
0.614069
0.0799987
0.0987487
0.0937487
0.176249
0.0212487
0.182499
0.0612487
0.173749
0.0674987
0.157499
0.0737487
0.167499
0.0349987
0.193749
0.0174987
0.167499
0.164999
0.151249
0.795
-0.00500131
0.795
-0.00500131
0.795
-0.00500131
0.795
-0.00500131
0.795
-0.00500131
0.795
-0.00500131
0.737873
0.0749987
0.737873
0.0749987
0.709903
0.108332
0.709903
0.108332
0.709903
0.108332
0.709903
0.108332
0.646971
0.183332
0.334296
0.520296
0.134999
0.687527
0.134999
0.687527
0.134999
0.687527
0.134999
0.687527
0.0274987
0.776237
0.0274987
0.776237
0.0274987
0.776237
0.0274987
0.776237
0.0274987
0.776237
0.0274987
0.776237
0.0274987
0.776237
-0.00500131
0.795
0.0699987
0.614069
0.0674987
0.135415
0.0762487
0.115415
0.0674987
0.135415
0.0824987
0.124165
0.0637487
0.135415
0.0349987
0.115415
0.0349987
0.111665
0.0874987
0.111665
0.0349987
0.130415
0.795
-0.00500131
0.795
-0.00500131
0.795
-0.00500131
0.795
-0.00500131
0.795
-0.00500131
0.795
-0.00500131
0.795
-0.00500131
0.795
-0.00500131
0.695918
0.124999
0.695918
0.124999
0.695918
0.124999
0.695918
0.124999
0.625119
0.209374
0.334296
0.520296
0.134999
0.687527
0.134999
0.687527
0.134999
0.687527
0.134999
0.687527
0.0274987
0.776237
0.0274987
0.776237
0.0274987
0.776237
0.0274987
0.776237
0.0274987
0.776237
0.0274987
0.776237
0.0274987
0.776237
-0.00500131
0.795
0.0699987
0.614069
0.0824987
0.0981237
0.0937487
0.0793737
0.0674987
0.0893737
0.0437487
0.0799987
0.0699987
0.0449987
0.0349987
0.0856237
0.0699987
0.0487487
0.0637487
0.0793737
0.0774987
0.0731237
0.785258
0.0118737
0.785258
0.0118737
0.785258
0.0118737
0.785258
0.0118737
0.785258
0.0118737
0.785258
0.0118737
0.785258
0.0118737
0.785258
0.0118737
0.687527
0.134999
0.687527
0.134999
0.687527
0.134999
0.687527
0.134999
0.612008
0.224999
0.334296
0.520296
0.134999
0.687527
0.134999
0.687527
0.134999
0.687527
0.134999
0.687527
0.0274987
0.776237
0.0274987
0.776237
0.0274987
0.776237
0.0274987
0.776237
0.0274987
0.776237
0.0274987
0.776237
0.0274987
0.776237
-0.00500131
0.795
0.0699987
0.614069
0.0999987
0.0449987
0.0937487
0.0937487
0.0674987
0.0937487
0.0824987
0.0824987
0.0674987
0.0824987
0.0349987
0.0699987
0.0674987
0.0937487
0.0349987
0.0799987
0.0349987
0.0699987
0.795
-0.00500131
0.776237
0.0274987
0.776237
0.0274987
0.776237
0.0274987
0.776237
0.0274987
0.776237
0.0274987
0.776237
0.0274987
0.776237
0.0274987
