0.633078
0.184992
0.633078
0.184992
0.633078
0.184992
0.633078
0.184992
0.54707
0.287492
0.334297
0.507797
0.184992
0.633078
0.184992
0.633078
0.184992
0.633078
0.184992
0.633078
0.184992
0.633078
0.0899922
0.712792
0.0899922
0.712792
0.0899922
0.712792
0.0899922
0.712792
0.0074922
0.77529
0.0074922
0.77529
0.0074922
0.77529
-0.0050078
0.650335
-0.0050078
0.0187422
-7.79526e-06
-7.79526e-06
-7.79526e-06
-7.79526e-06
-7.79526e-06
-7.79526e-06
0.0012422
0.0012422
-7.79526e-06
-7.79526e-06
-0.0050078
0.0487422
-0.0050078
0.0074922
0.299992
-0.0050078
0.77529
0.0074922
0.77529
0.0074922
0.77529
0.0074922
0.712792
0.0899922
0.712792
0.0899922
0.712792
0.0899922
0.712792
0.0899922
0.633078
0.184992
0.782502
-0.00499963
0.782502
-0.00499963
0.782502
-0.00499963
0.782502
-0.00499963
0.751251
0.0441589
0.334297
0.520297
0.0331969
0.772949
-0.00499963
0.795002
-0.00499963
0.795002
-0.00499963
0.795002
-0.0050078
0.795002
-0.0050078
0.795002
-0.0050078
0.795002
-0.0050078
0.795002
0.0074922
0.78779
0.0074922
0.78779
0.0074922
0.78779
0.0074922
0.78779
-0.0050078
0.650335
-0.0050078
0.349992
-0.0050078
0.204992
-0.0050078
0.204992
-0.0050078
0.204992
0.0012422
0.323742
-0.0050078
0.204992
-0.0050078
0.204992
0.0199922
0.319992
-0.0050078
0.319992
0.782502
-0.0050078
0.782502
-0.0050078
0.782502
-0.0050078
0.782502
-0.0050078
0.782502
-0.0050078
0.782502
-0.0050078
0.782502
-0.0050078
0.782502
-0.0050078
0.725379
0.0749922
0.725379
0.0749922
0.725379
0.0749922
0.725379
0.0749922
0.670837
0.139992
0.334297
0.520297
0.0331969
0.772949
-0.00499963
0.795002
-0.00499963
0.795002
-0.00499963
0.795002
0.184992
0.645578
0.0899922
0.725292
0.0899922
0.725292
0.0074922
0.78779
0.0074922
0.78779
0.0074922
0.78779
0.0074922
0.78779
0.0074922
0.78779
-0.0050078
0.650335
-0.0050078
0.167492
-0.0050078
0.104992
-0.0050078
0.104992
-0.0050078
0.163742
-0.0050078
0.167492
-0.0050078
0.104992
-0.0050078
0.104992
-7.79526e-06
0.0999922
0.117492
0.0737422
0.782502
-0.0050078
0.782502
-0.0050078
0.782502
-0.0050078
0.782502
-0.0050078
0.782502
-0.0050078
0.782502
-0.0050078
0.725379
0.0749922
0.725379
0.0749922
0.697409
0.108326
0.697409
0.108326
0.697409
0.108326
0.697409
0.108326
0.634476
0.183326
0.334297
0.520297
0.0331969
0.772949
0.184992
0.645578
0.184992
0.645578
0.184992
0.645578
0.184992
0.645578
0.0899922
0.725292
0.0899922
0.725292
0.0899922
0.725292
0.0074922
0.78779
0.0074922
0.78779
0.0074922
0.78779
0.0074922
0.78779
-0.0050078
0.650335
-0.0050078
0.141659
-0.0050078
0.111659
-7.79526e-06
0.0666589
-7.79526e-06
0.0666589
0.0012422
0.115409
-7.79526e-06
0.0666589
-7.79526e-06
0.0666589
-7.79526e-06
0.0666589
-7.79526e-06
0.0704089
0.782502
-0.0050078
0.782502
-0.0050078
0.782502
-0.0050078
0.782502
-0.0050078
0.782502
-0.0050078
0.782502
-0.0050078
0.782502
-0.0050078
0.782502
-0.0050078
0.683424
0.124992
0.683424
0.124992
0.683424
0.124992
0.683424
0.124992
0.612625
0.209367
0.334297
0.520297
0.184992
0.645578
0.184992
0.645578
0.184992
0.645578
0.184992
0.645578
0.184992
0.645578
0.0899922
0.725292
0.0899922
0.725292
0.0899922
0.725292
0.0074922
0.78779
0.0074922
0.78779
0.0074922
0.78779
0.0074922
0.78779
-0.0050078
0.650335
0.0062422
0.0893672
0.0487422
0.0449922
-7.79526e-06
0.0599922
-7.79526e-06
0.0499922
0.0249922
0.0599922
-0.0050078
0.0856172
-0.0050078
0.0856172
-7.79526e-06
0.0499922
0.0999922
0.0731172
0.772764
0.0118672
0.772764
0.0118672
0.772764
0.0118672
0.772764
0.0118672
0.772764
0.0118672
0.772764
0.0118672
0.772764
0.0118672
0.772764
0.0118672
0.675033
0.134992
0.675033
0.134992
0.675033
0.134992
0.675033
0.134992
0.599514
0.224992
0.334297
0.520297
0.184992
0.645578
0.184992
0.645578
0.184992
0.645578
0.184992
0.645578
0.184992
0.645578
0.0899922
0.725292
0.0899922
0.725292
0.0899922
0.725292
0.0074922
0.78779
0.0074922
0.78779
0.0074922
0.78779
0.0074922
0.78779
-0.0050078
0.650335
-7.79526e-06
0.0437422
0.0124922
0.0637422
-7.79526e-06
0.0399922
-7.79526e-06
0.0399922
0.0249922
0.0399922
-0.0050078
0.0699922
-0.0050078
0.0699922
-7.79526e-06
0.0399922
-0.0050078
0.0699922
0.782502
-0.0050078
0.763743
0.0274922
0.763743
0.0274922
0.763743
0.0274922
0.763743
0.0274922
0.763743
0.0274922
0.763743
0.0274922
0.763743
0.0274922
0.795002
-0.00499963
0.795002
-0.00499963
0.795002
-0.00499963
0.795002
-0.00499963
0.772949
0.0331969
0.334297
0.507797
0.0331969
0.760449
-0.00499963
0.782502
-0.00499963
0.782502
-0.00499963
0.782502
-0.0050078
0.782502
-0.0050078
0.782502
-0.0050078
0.782502
-0.0050078
0.782502
-0.0050078
0.782502
-0.0050078
0.782502
-0.0050078
0.782502
-0.0050078
0.782502
0.319992
0.404299
0.317492
0.0612422
0.204992
0.0199922
0.204992
-0.0050078
0.204992
0.0362422
0.199992
-7.79526e-06
0.204992
0.0062422
0.204992
-0.0050078
0.194992
0.0074922
0.277492
-0.0050078
0.78779
0.0074922
0.78779
0.0074922
0.78779
0.0074922
0.78779
0.0074922
0.795002
-0.0050078
0.795002
-0.0050078
0.795002
-0.0050078
0.795002
-0.0050078
0.795002
-0.00499963
0.763751
0.0441589
0.763751
0.0441589
0.763751
0.0441589
0.763751
0.0441589
0.334297
0.520297
0.0441589
0.763751
0.0441589
0.763751
0.0441589
0.763751
-0.00499963
0.795002
-0.0050078
0.795002
-0.0050078
0.795002
-0.0050078
0.795002
-0.0050078
0.795002
-0.0050078
0.795002
-0.0050078
0.795002
-0.0050078
0.795002
-0.0050078
0.795002
0.319992
0.404299
0.317492
0.144992
0.323742
0.337492
0.194992
0.319992
0.319992
0.317492
0.313742
0.313742
0.107492
0.319992
0.194992
0.319992
0.107492
0.319992
0.0449922
0.319992
0.795002
-0.0050078
0.795002
-0.0050078
0.795002
-0.0050078
0.795002
-0.0050078
0.795002
-0.0050078
0.795002
-0.0050078
0.795002
-0.0050078
0.795002
-0.0050078
0.795002
-0.00499963
0.795002
-0.00499963
0.795002
-0.00499963
0.795002
-0.00499963
0.772949
0.0331969
0.334297
0.520297
0.0441589
0.763751
-0.00499963
0.795002
-0.00499963
0.795002
-0.00499963
0.795002
-0.0050078
0.795002
-0.0050078
0.795002
-0.0050078
0.795002
-0.0050078
0.795002
-0.0050078
0.795002
-0.0050078
0.795002
-0.0050078
0.795002
-0.0050078
0.795002
0.319992
0.404299
0.317492
0.187492
0.319992
0.0612422
0.332492
0.187492
0.317492
0.173742
0.313742
0.176242
0.313742
0.187492
0.114992
0.169992
0.319992
0.0237422
0.111242
0.0737422
0.795002
-0.0050078
0.795002
-0.0050078
0.795002
-0.0050078
0.795002
-0.0050078
0.775521
0.0287422
0.775521
0.0287422
0.795002
-0.0050078
0.795002
-0.0050078
0.795002
-0.00499963
0.795002
-0.00499963
0.795002
-0.00499963
0.795002
-0.00499963
0.772949
0.0331969
0.334297
0.520297
0.0331969
0.772949
-0.00499963
0.795002
-0.00499963
0.795002
-0.00499963
0.795002
-0.0050078
0.795002
-0.0050078
0.795002
-0.0050078
0.795002
-0.0050078
0.795002
-0.0050078
0.795002
-0.0050078
0.795002
-0.0050078
0.795002
-0.0050078
0.795002
0.319992
0.404299
0.317492
0.135409
0.323742
0.0324922
0.338742
0.0804089
0.343742
0.124159
0.313742
0.109159
0.194992
0.111659
0.199992
0.0704089
0.319992
0.0304089
0.199992
0.0704089
0.795002
-0.0050078
0.795002
-0.0050078
0.795002
-0.0050078
0.795002
-0.0050078
0.795002
-0.0050078
0.795002
-0.0050078
0.795002
-0.0050078
0.795002
-0.0050078
0.795002
-0.00499963
0.795002
-0.00499963
0.795002
-0.00499963
0.795002
-0.00499963
0.772949
0.0331969
0.334297
0.520297
0.0331969
0.772949
-0.00499963
0.795002
-0.00499963
0.795002
-0.00499963
0.795002
-0.0050078
0.795002
-0.0050078
0.795002
-0.0050078
0.795002
-0.0050078
0.795002
-0.0050078
0.795002
-0.0050078
0.795002
-0.0050078
0.795002
-0.0050078
0.795002
0.319992
0.404299
0.317492
0.109367
0.319992
0.0731172
0.313742
0.0981172
0.343742
0.0893672
0.313742
0.0831172
0.323742
0.0731172
0.323742
0.0749922
0.204992
0.0549922
0.204992
0.0731172
0.795002
-0.0050078
0.785264
0.0118672
0.785264
0.0118672
0.785264
0.0118672
0.795002
-0.0050078
0.795002
-0.0050078
0.795002
-0.0050078
0.795002
-0.0050078
0.795002
-0.00499963
0.795002
-0.00499963
0.795002
-0.00499963
0.795002
-0.00499963
0.772949
0.0331969
0.334297
0.520297
0.0331969
0.772949
-0.00499963
0.795002
-0.00499963
0.795002
-0.00499963
0.795002
-0.0050078
0.795002
-0.0050078
0.795002
-0.0050078
0.795002
-0.0050078
0.795002
-0.0050078
0.795002
-0.0050078
0.795002
-0.0050078
0.795002
-0.0050078
0.795002
0.319992
0.404299
0.338742
0.0274922
0.319992
0.0612422
0.349992
0.0274922
0.338742
0.0874922
0.313742
0.0737422
0.194992
0.0699922
0.319992
0.0537422
0.313742
0.0674922
0.194992
0.0699922
0.795002
-0.0050078
0.795002
-0.0050078
0.776243
0.0274922
0.795002
-0.0050078
0.795002
-0.0050078
0.795002
-0.0050078
0.795002
-0.0050078
0.795002
-0.0050078
0.795002
-0.00499963
0.795002
-0.00499963
0.795002
-0.00499963
0.795002
-0.00499963
0.772949
0.0331969
0.334297
0.507797
0.0749922
0.725379
0.0749922
0.725379
0.0749922
0.725379
0.0749922
0.725379
0.0749922
0.725379
0.0749922
0.725379
-0.0050078
0.782502
-0.0050078
0.782502
-0.0050078
0.782502
-0.0050078
0.782502
-0.0050078
0.782502
-0.0050078
0.782502
0.0662422
0.582529
0.104992
-0.0050078
0.104992
0.0199922
0.104992
-0.0050078
0.104992
0.0362422
0.0999922
-7.79526e-06
0.104992
0.0062422
0.104992
-0.0050078
0.0949922
0.0074922
0.249992
-0.0050078
0.78779
0.0074922
0.78779
0.0074922
0.78779
0.0074922
0.78779
0.0074922
0.78779
0.0074922
0.725292
0.0899922
0.725292
0.0899922
0.645578
0.184992
0.795002
-0.00499963
0.795002
-0.00499963
0.795002
-0.00499963
0.763751
0.0441589
0.763751
0.0441589
0.334297
0.520297
0.0331969
0.772949
-0.00499963
0.795002
-0.00499963
0.795002
-0.00499963
0.795002
-0.0050078
0.795002
-0.0050078
0.795002
0.0287422
0.775521
0.0287422
0.775521
-0.0050078
0.795002
-0.0050078
0.795002
-0.0050078
0.795002
-0.0050078
0.795002
0.0662422
0.582529
0.176242
0.343742
0.0512422
0.329992
0.173742
0.326242
0.176242
0.323742
0.124992
0.319992
0.104992
0.326242
0.161242
0.323742
0.0199922
0.319992
0.0199922
0.319992
0.795002
-0.0050078
0.795002
-0.0050078
0.795002
-0.0050078
0.795002
-0.0050078
0.795002
-0.0050078
0.795002
-0.0050078
0.795002
-0.0050078
0.795002
-0.0050078
0.737879
0.0749922
0.737879
0.0749922
0.737879
0.0749922
0.737879
0.0749922
0.690679
0.131242
0.334297
0.520297
0.0749922
0.737879
0.0749922
0.737879
0.0749922
0.737879
0.0749922
0.737879
0.0749922
0.737879
0.0749922
0.737879
0.0287422
0.775521
-0.0050078
0.795002
-0.0050078
0.795002
-0.0050078
0.795002
-0.0050078
0.795002
-0.0050078
0.795002
0.0662422
0.582529
0.176242
0.161242
0.0749922
0.0749922
0.0512422
0.182492
0.173742
0.0549922
0.108742
0.169992
0.157492
0.187492
0.0662422
0.0749922
0.0549922
0.0737422
0.0549922
0.0737422
0.795002
-0.0050078
0.795002
-0.0050078
0.795002
-0.0050078
0.795002
-0.0050078
0.795002
-0.0050078
0.775521
0.0287422
0.737879
0.0749922
0.737879
0.0749922
0.709909
0.108326
0.709909
0.108326
0.709909
0.108326
0.709909
0.108326
0.772949
0.0331969
0.334297
0.520297
0.0749922
0.737879
0.0749922
0.737879
0.0749922
0.737879
0.0749922
0.737879
0.0749922
0.737879
0.0749922
0.737879
-0.0050078
0.795002
-0.0050078
0.795002
-0.0050078
0.795002
-0.0050078
0.795002
-0.0050078
0.795002
-0.0050078
0.795002
0.0662422
0.582529
0.176242
0.105409
0.173742
0.0716589
0.173742
0.0512422
0.173742
0.0804089
0.181242
0.101659
0.113742
0.130409
0.157492
0.109159
0.187492
0.109159
0.0999922
0.0704089
0.795002
-0.0050078
0.795002
-0.0050078
0.795002
-0.0050078
0.795002
-0.0050078
0.795002
-0.0050078
0.795002
-0.0050078
0.795002
-0.0050078
0.795002
-0.0050078
0.695924
0.124992
0.695924
0.124992
0.695924
0.124992
0.795002
-0.00499963
0.772949
0.0331969
0.334297
0.520297
0.0749922
0.737879
0.0749922
0.737879
0.0749922
0.737879
0.0749922
0.737879
0.0749922
0.737879
0.0749922
0.737879
-0.0050078
0.795002
-0.0050078
0.795002
-0.0050078
0.795002
-0.0050078
0.795002
-0.0050078
0.795002
-0.0050078
0.795002
0.0662422
0.582529
0.176242
0.0831172
0.187492
0.0981172
0.182492
0.0531172
0.173742
0.0549922
0.163742
0.0731172
0.182492
0.0768672
0.163742
0.0731172
0.182492
0.0749922
0.104992
0.0731172
0.785264
0.0118672
0.785264
0.0118672
0.785264
0.0118672
0.785264
0.0118672
0.785264
0.0118672
0.785264
0.0118672
0.785264
0.0118672
0.785264
0.0118672
0.687533
0.134992
0.687533
0.134992
0.795002
-0.00499963
0.795002
-0.00499963
0.772949
0.0331969
0.334297
0.520297
0.0749922
0.737879
0.0749922
0.737879
0.0749922
0.737879
0.0749922
0.737879
0.0749922
0.737879
0.0749922
0.737879
-0.0050078
0.795002
-0.0050078
0.795002
-0.0050078
0.795002
-0.0050078
0.795002
-0.0050078
0.795002
-0.0050078
0.795002
0.0662422
0.582529
0.173742
0.0349922
0.173742
0.0574922
0.173742
0.0537422
0.173742
0.0362422
0.173742
0.0762422
0.182492
0.0762422
0.0949922
0.0699922
0.129992
0.0699922
0.0949922
0.0699922
0.795002
-0.0050078
0.776243
0.0274922
0.776243
0.0274922
0.776243
0.0274922
0.776243
0.0274922
0.776243
0.0274922
0.776243
0.0274922
0.776243
0.0274922
0.645578
0.184992
0.645578
0.184992
0.645578
0.184992
0.795002
-0.00499963
0.772949
0.0331969
0.334297
0.507797
0.108326
0.697409
0.108326
0.697409
0.108326
0.697409
0.108326
0.697409
-0.0050078
0.782502
-0.0050078
0.782502
-0.0050078
0.782502
-0.0050078
0.782502
-0.0050078
0.782502
-0.0050078
0.782502
-0.0050078
0.782502
-0.0050078
0.782502
0.0716589
0.612676
0.0666589
-7.79526e-06
0.0616589
0.0324922
0.0716589
-0.0050078
0.0716589
0.0362422
0.0666589
-7.79526e-06
0.0716589
0.0062422
0.0666589
-7.79526e-06
0.0616589
0.0074922
0.262492
-0.0050078
0.78779
0.0074922
0.78779
0.0074922
0.78779
0.0074922
0.78779
0.0074922
0.725292
0.0899922
0.725292
0.0899922
0.725292
0.0899922
0.645578
0.184992
0.795002
-0.00499963
0.795002
-0.00499963
0.795002
-0.00499963
0.795002
-0.00499963
0.763751
0.0441589
0.334297
0.520297
0.0331969
0.772949
-0.00499963
0.795002
-0.00499963
0.795002
-0.00499963
0.795002
-0.0050078
0.795002
-0.0050078
0.795002
-0.0050078
0.795002
-0.0050078
0.795002
-0.0050078
0.795002
-0.0050078
0.795002
-0.0050078
0.795002
-0.0050078
0.795002
0.0716589
0.612676
0.111659
0.337492
0.111659
0.337492
0.0116589
0.204992
0.111659
0.317492
0.124159
0.313742
0.0116589
0.319992
0.0324922
0.323742
0.0654089
0.319992
0.0116589
0.319992
0.795002
-0.0050078
0.795002
-0.0050078
0.795002
-0.0050078
0.795002
-0.0050078
0.795002
-0.0050078
0.795002
-0.0050078
0.795002
-0.0050078
0.795002
-0.0050078
0.737879
0.0749922
0.737879
0.0749922
0.737879
0.0749922
0.737879
0.0749922
0.683337
0.139992
0.334297
0.520297
0.108326
0.709909
0.108326
0.709909
0.108326
0.709909
0.108326
0.709909
-0.0050078
0.795002
-0.0050078
0.795002
-0.0050078
0.795002
-0.0050078
0.795002
-0.0050078
0.795002
-0.0050078
0.795002
-0.0050078
0.795002
-0.0050078
0.795002
0.0716589
0.612676
0.0991589
0.173742
0.0324922
0.173742
0.0324922
0.182492
0.0716589
0.181242
0.0716589
0.169992
0.105409
0.187492
0.0324922
0.173742
0.0324922
0.163742
0.0508255
0.0737422
0.795002
-0.0050078
0.795002
-0.0050078
0.795002
-0.0050078
0.795002
-0.0050078
0.795002
-0.0050078
0.795002
-0.0050078
0.737879
0.0749922
0.737879
0.0749922
0.709909
0.108326
0.709909
0.108326
0.709909
0.108326
0.709909
0.108326
0.646976
0.183326
0.334297
0.520297
0.108326
0.709909
0.108326
0.709909
0.108326
0.709909
0.108326
0.709909
-0.0050078
0.795002
-0.0050078
0.795002
-0.0050078
0.795002
-0.0050078
0.795002
-0.0050078
0.795002
-0.0050078
0.795002
-0.0050078
0.795002
-0.0050078
0.795002
0.0716589
0.612676
0.0766589
0.0704089
0.0754089
0.117909
0.0991589
0.0904089
0.109159
0.124159
0.0716589
0.117909
0.0704089
0.0854089
0.0854089
0.0704089
0.0666589
0.0704089
0.0666589
0.0704089
0.795002
-0.0050078
0.795002
-0.0050078
0.795002
-0.0050078
0.795002
-0.0050078
0.795002
-0.0050078
0.795002
-0.0050078
0.795002
-0.0050078
0.795002
-0.0050078
0.695924
0.124992
0.695924
0.124992
0.695924
0.124992
0.695924
0.124992
0.625125
0.209367
0.334297
0.520297
0.108326
0.709909
0.108326
0.709909
0.108326
0.709909
0.108326
0.709909
-0.0050078
0.795002
-0.0050078
0.795002
-0.0050078
0.795002
-0.0050078
0.795002
-0.0050078
0.795002
-0.0050078
0.795002
-0.0050078
0.795002
-0.0050078
0.795002
0.0716589
0.612676
0.0754089
0.0731172
0.0704089
0.0499922
0.0754089
0.103117
0.0904089
0.0731172
0.130409
0.0731172
0.0716589
0.0768672
0.0716589
0.0731172
0.121659
0.0749922
0.0716589
0.0731172
0.785264
0.0118672
0.785264
0.0118672
0.785264
0.0118672
0.785264
0.0118672
0.785264
0.0118672
0.785264
0.0118672
0.785264
0.0118672
0.785264
0.0118672
0.687533
0.134992
0.687533
0.134992
0.687533
0.134992
0.687533
0.134992
0.772949
0.0331969
0.334297
0.520297
0.108326
0.709909
0.108326
0.709909
0.108326
0.709909
0.108326
0.709909
-0.0050078
0.795002
-0.0050078
0.795002
-0.0050078
0.795002
-0.0050078
0.795002
-0.0050078
0.795002
-0.0050078
0.795002
-0.0050078
0.795002
-0.0050078
0.795002
0.0716589
0.612676
0.0716589
0.0674922
0.0754089
0.0574922
0.0704089
0.0437422
0.111659
0.0674922
0.0716589
0.0999922
0.0704089
0.0699922
0.0616589
0.0699922
0.135409
0.0737422
0.0616589
0.0699922
0.795002
-0.0050078
0.776243
0.0274922
0.776243
0.0274922
0.776243
0.0274922
0.776243
0.0274922
0.776243
0.0274922
0.776243
0.0274922
0.776243
0.0274922
0.645578
0.184992
0.645578
0.184992
0.645578
0.184992
0.645578
0.184992
0.772949
0.0331969
0.334297
0.507797
0.124992
0.683424
0.124992
0.683424
0.124992
0.683424
0.124992
0.683424
0.0118672
0.772764
0.0118672
0.772764
0.0118672
0.772764
0.0118672
0.772764
0.0118672
0.772764
0.0118672
0.772764
0.0118672
0.772764
0.0118672
0.772764
0.0731172
0.611452
0.0499922
-7.79526e-06
0.0449922
0.0324922
0.0499922
0.0412422
0.0499922
0.0599922
0.0499922
-7.79526e-06
0.0499922
0.0412422
0.0499922
-7.79526e-06
0.0449922
0.0074922
0.271867
-0.0050078
0.78779
0.0074922
0.78779
0.0074922
0.78779
0.0074922
0.78779
0.0074922
0.725292
0.0899922
0.725292
0.0899922
0.725292
0.0899922
0.645578
0.184992
0.795002
-0.00499963
0.795002
-0.00499963
0.795002
-0.00499963
0.795002
-0.00499963
0.763751
0.0441589
0.334297
0.520297
0.0331969
0.772949
-0.00499963
0.795002
-0.00499963
0.795002
-0.00499963
0.795002
-0.0050078
0.795002
-0.0050078
0.795002
-0.0050078
0.795002
-0.0050078
0.795002
0.0118672
0.785264
0.0118672
0.785264
0.0118672
0.785264
-0.0050078
0.795002
0.0731172
0.611452
0.0731172
0.338742
0.0731172
0.329992
0.0374922
0.319992
0.109367
0.313742
0.103117
0.323742
0.0749922
0.319992
0.0731172
0.319992
0.0074922
0.319992
0.0074922
0.319992
0.795002
-0.0050078
0.795002
-0.0050078
0.795002
-0.0050078
0.795002
-0.0050078
0.795002
-0.0050078
0.795002
-0.0050078
0.795002
-0.0050078
0.795002
-0.0050078
0.737879
0.0749922
0.737879
0.0749922
0.737879
0.0749922
0.737879
0.0749922
0.683337
0.139992
0.334297
0.520297
0.0331969
0.772949
0.124992
0.695924
0.124992
0.695924
0.124992
0.695924
0.0118672
0.785264
0.0118672
0.785264
0.0118672
0.785264
0.0118672
0.785264
0.0118672
0.785264
0.0118672
0.785264
0.0118672
0.785264
0.0118672
0.785264
0.0731172
0.611452
0.0731172
0.193742
0.0731172
0.173742
0.0231172
0.182492
0.0731172
0.182492
0.0793672
0.176242
0.0793672
0.187492
0.0231172
0.173742
0.0449922
0.163742
0.0674922
0.0737422
0.795002
-0.0050078
0.795002
-0.0050078
0.795002
-0.0050078
0.795002
-0.0050078
0.795002
-0.0050078
0.795002
-0.0050078
0.737879
0.0749922
0.737879
0.0749922
0.709909
0.108326
0.709909
0.108326
0.709909
0.108326
0.709909
0.108326
0.646976
0.183326
0.334297
0.520297
0.124992
0.695924
0.124992
0.695924
0.124992
0.695924
0.124992
0.695924
0.0118672
0.785264
0.0118672
0.785264
0.0118672
0.785264
0.0118672
0.785264
0.0118672
0.785264
0.0118672
0.785264
0.0118672
0.785264
0.0118672
0.785264
0.0731172
0.611452
0.0549922
0.121659
0.0731172
0.0754089
0.0956172
0.0616589
0.0731172
0.141659
0.0731172
0.121659
0.0449922
0.111659
0.0449922
0.111659
0.0537422
0.0704089
0.0499922
0.0704089
0.795002
-0.0050078
0.795002
-0.0050078
0.795002
-0.0050078
0.795002
-0.0050078
0.795002
-0.0050078
0.795002
-0.0050078
0.795002
-0.0050078
0.795002
-0.0050078
0.695924
0.124992
0.695924
0.124992
0.695924
0.124992
0.695924
0.124992
0.625125
0.209367
0.334297
0.520297
0.124992
0.695924
0.124992
0.695924
0.124992
0.695924
0.124992
0.695924
0.0118672
0.785264
0.0118672
0.785264
0.0118672
0.785264
0.0118672
0.785264
0.0118672
0.785264
0.0118672
0.785264
0.0118672
0.785264
0.0118672
0.785264
0.0731172
0.611452
0.0487422
0.104367
0.0749922
0.115617
0.0549922
0.0956172
0.0956172
0.0549922
0.0856172
0.0749922
0.0449922
0.0856172
0.0487422
0.0956172
0.104367
0.0549922
0.0718672
0.0731172
0.785264
0.0118672
0.785264
0.0118672
0.785264
0.0118672
0.785264
0.0118672
0.785264
0.0118672
0.785264
0.0118672
0.785264
0.0118672
0.785264
0.0118672
0.687533
0.134992
0.687533
0.134992
0.687533
0.134992
0.687533
0.134992
0.612014
0.224992
0.334297
0.520297
0.124992
0.695924
0.124992
0.695924
0.124992
0.695924
0.124992
0.695924
0.0118672
0.785264
0.0118672
0.785264
0.0118672
0.785264
0.0118672
0.785264
0.0118672
0.785264
0.0118672
0.785264
0.0118672
0.785264
0.0118672
0.785264
0.0731172
0.611452
0.0893672
0.0349922
0.0749922
0.0699922
0.0549922
0.0999922
0.0599922
0.0699922
0.0749922
0.0999922
0.0549922
0.0737422
0.0449922
0.0699922
0.0549922
0.0699922
0.0449922
0.0699922
0.795002
-0.0050078
0.776243
0.0274922
0.776243
0.0274922
0.776243
0.0274922
0.776243
0.0274922
0.776243
0.0274922
0.776243
0.0274922
0.776243
0.0274922
0.645578
0.184992
0.645578
0.184992
0.645578
0.184992
0.645578
0.184992
0.772949
0.0331969
0.334297
0.507797
0.134992
0.675033
0.134992
0.675033
0.134992
0.675033
0.134992
0.675033
0.0274922
0.763743
0.0274922
0.763743
0.0274922
0.763743
0.0274922
0.763743
0.0274922
0.763743
0.0274922
0.763743
0.0274922
0.763743
-0.0050078
0.782502
0.0699922
0.614074
0.0399922
-7.79526e-06
0.0349922
0.0324922
0.0399922
0.0412422
0.0399922
0.0599922
0.0399922
-7.79526e-06
0.0399922
0.0412422
0.0399922
-7.79526e-06
0.0349922
0.0074922
0.277492
-0.0050078
0.78779
0.0074922
0.78779
0.0074922
0.78779
0.0074922
0.78779
0.0074922
0.725292
0.0899922
0.725292
0.0899922
0.725292
0.0899922
0.645578
0.184992
0.795002
-0.00499963
0.795002
-0.00499963
0.795002
-0.00499963
0.795002
-0.00499963
0.763751
0.0441589
0.334297
0.520297
0.0331969
0.772949
-0.00499963
0.795002
-0.00499963
0.795002
-0.00499963
0.795002
-0.0050078
0.795002
-0.0050078
0.795002
-0.0050078
0.795002
-0.0050078
0.795002
-0.0050078
0.795002
0.0274922
0.776243
-0.0050078
0.795002
-0.0050078
0.795002
0.0699922
0.614074
0.0737422
0.332492
0.0049922
0.329992
0.0674922
0.313742
0.0049922
0.319992
0.0574922
0.319992
0.0874922
0.319992
0.0612422
0.319992
0.0349922
0.319992
0.0049922
0.319992
0.795002
-0.0050078
0.795002
-0.0050078
0.795002
-0.0050078
0.795002
-0.0050078
0.795002
-0.0050078
0.795002
-0.0050078
0.795002
-0.0050078
0.795002
-0.0050078
0.737879
0.0749922
0.737879
0.0749922
0.737879
0.0749922
0.737879
0.0749922
0.683337
0.139992
0.334297
0.520297
0.0331969
0.772949
-0.00499963
0.795002
0.134992
0.687533
0.134992
0.687533
0.0274922
0.776243
0.0274922
0.776243
0.0274922
0.776243
0.0274922
0.776243
0.0274922
0.776243
0.0274922
0.776243
0.0274922
0.776243
-0.0050078
0.795002
0.0699922
0.614074
0.0737422
0.113742
0.0349922
0.173742
0.0174922
0.182492
0.0612422
0.182492
0.0574922
0.173742
0.0637422
0.187492
0.0174922
0.173742
0.0174922
0.163742
0.0774922
0.0737422
0.795002
-0.0050078
0.795002
-0.0050078
0.795002
-0.0050078
0.795002
-0.0050078
0.795002
-0.0050078
0.795002
-0.0050078
0.737879
0.0749922
0.737879
0.0749922
0.709909
0.108326
0.709909
0.108326
0.709909
0.108326
0.709909
0.108326
0.646976
0.183326
0.334297
0.520297
0.134992
0.687533
0.134992
0.687533
0.134992
0.687533
0.134992
0.687533
0.0274922
0.776243
0.0274922
0.776243
0.0274922
0.776243
0.0274922
0.776243
0.0274922
0.776243
0.0274922
0.776243
0.0274922
0.776243
-0.0050078
0.795002
0.0699922
0.614074
0.0537422
0.121659
0.0699922
0.0716589
0.0699922
0.0804089
0.0612422
0.141659
0.0574922
0.121659
0.0437422
0.0766589
0.0762422
0.0754089
0.0399922
0.0704089
0.0399922
0.0704089
0.795002
-0.0050078
0.795002
-0.0050078
0.795002
-0.0050078
0.795002
-0.0050078
0.795002
-0.0050078
0.795002
-0.0050078
0.795002
-0.0050078
0.795002
-0.0050078
0.695924
0.124992
0.695924
0.124992
0.695924
0.124992
0.695924
0.124992
0.625125
0.209367
0.334297
0.520297
0.134992
0.687533
0.134992
0.687533
0.134992
0.687533
0.134992
0.687533
0.0274922
0.776243
0.0274922
0.776243
0.0274922
0.776243
0.0274922
0.776243
0.0274922
0.776243
0.0274922
0.776243
0.0274922
0.776243
-0.0050078
0.795002
0.0699922
0.614074
0.0699922
0.0637422
0.0537422
0.0956172
0.0999922
0.0487422
0.0699922
0.0749922
0.0737422
0.0749922
0.0349922
0.0856172
0.0699922
0.0749922
0.0699922
0.0549922
0.0774922
0.0731172
0.785264
0.0118672
0.785264
0.0118672
0.785264
0.0118672
0.785264
0.0118672
0.785264
0.0118672
0.785264
0.0118672
0.785264
0.0118672
0.785264
0.0118672
0.687533
0.134992
0.687533
0.134992
0.687533
0.134992
0.687533
0.134992
0.612014
0.224992
0.334297
0.520297
0.134992
0.687533
0.134992
0.687533
0.134992
0.687533
0.134992
0.687533
0.0274922
0.776243
0.0274922
0.776243
0.0274922
0.776243
0.0274922
0.776243
0.0274922
0.776243
0.0274922
0.776243
0.0274922
0.776243
-0.0050078
0.795002
0.0699922
0.614074
0.0699922
0.0387422
0.0699922
0.0387422
0.0699922
0.0349922
0.0587422
0.0699922
0.0674922
0.0737422
0.0637422
0.0674922
0.0349922
0.0699922
0.0587422
0.0699922
0.0349922
0.0699922
0.795002
-0.0050078
0.776243
0.0274922
0.776243
0.0274922
0.776243
0.0274922
0.776243
0.0274922
0.776243
0.0274922
0.776243
0.0274922
0.776243
0.0274922
