0.0159299
0.0127612
0.0159299
0.0199123
0.0159299
0.0199123
0.0159299
0.0199123
0.0159299
0.0199123
0.0199123
0.0159299
0.0199123
0.0159299
0.0199123
0.0159299
0.0199123
0.0159299
0.0199123
0.0159299
0.0199123
0.0159299
0.00145977
0.0159299
-0.184697
0.0159299
-0.214406
0.0159299
-0.214406
0.0159299
-0.214406
0.0159299
-0.214406
0.0159299
-0.214406
0.0159299
-0.214406
0.0159299
-0.121327
0.0159299
-0.241906
-0.0262248
-0.165536
-0.1605
-0.126229
-0.0943182
-0.191136
-0.116327
-0.0492136
-0.199595
-0.116327
-0.16637
-0.114761
-0.16637
-0.116327
-0.16637
-0.0453958
-0.187209
-0.116327
-0.0504636
-0.179697
-0.241906
0.0159299
-0.121327
0.0159299
-0.214406
0.0159299
-0.214406
0.0159299
-0.191136
0.0159299
-0.214406
0.0159299
-0.214406
0.0159299
-0.214406
0.0159299
-0.114888
0.0159299
-0.207967
0.0159299
0.0127612
0.0159299
0.0199123
0.0159299
0.0199123
0.0159299
0.0199123
0.0159299
0.0199123
0.0159299
0.0199123
0.0159299
0.0199123
0.0159299
0.0199123
0.0159299
0.0199123
0.0159299
0.0199123
0.0159299
0.0199123
-0.236561
0.0199123
-0.232967
0.0199123
-0.232967
0.0199123
-0.00998513
0.0199123
-0.232967
0.0199123
-0.232967
0.0199123
-0.232967
0.0199123
-0.159879
0.0199123
-0.121327
0.0159299
-0.241906
-0.0262248
-0.16637
-0.0947611
-0.214406
-0.069259
-0.241906
-0.178636
-0.241906
-0.14387
-0.118827
-0.108827
-0.241906
-0.178636
-0.0453958
-0.147209
-0.214406
-0.195959
-0.191136
-0.178636
-0.232967
-0.241906
0.0159299
-0.181136
0.0159299
-0.181136
0.0159299
-0.204406
0.0159299
-0.111327
0.0159299
-0.111327
0.0159299
-0.204406
0.0159299
-0.181136
0.0159299
-0.204406
0.0159299
-0.204406
0.0159299
0.0127612
0.0159299
0.0199123
0.0159299
0.0199123
0.0159299
0.0199123
0.0159299
0.0199123
0.0159299
0.0199123
0.0159299
0.0199123
0.0159299
0.0199123
0.0159299
0.0199123
0.0159299
0.0199123
0.0159299
0.0199123
-0.205467
0.0199123
-0.232967
0.0199123
-0.232967
0.0199123
-0.00998513
0.0199123
-0.232967
0.0199123
-0.232967
0.0199123
-0.232967
0.0199123
-0.159879
0.0199123
-0.114888
0.0159299
-0.241906
-0.0262248
-0.16637
-0.0247611
-0.119761
-0.0738698
-0.241906
-0.178636
-0.241906
-0.0738698
-0.214406
0.00399995
-0.0504636
-0.028818
-0.214406
-0.0559587
-0.214406
-0.028818
-0.191136
-0.178636
-0.232967
-0.241906
0.0159299
-0.181136
0.0159299
-0.181136
0.0159299
-0.204406
0.0159299
-0.111327
0.0159299
-0.111327
0.0159299
-0.204406
0.0159299
-0.181136
0.0159299
-0.204406
0.0159299
-0.204406
0.0159299
0.0127612
0.0159299
0.0199123
0.0159299
0.0199123
0.0159299
0.0199123
0.0159299
0.0199123
0.0159299
0.0199123
0.0159299
0.0199123
0.0159299
0.0199123
0.0159299
0.0199123
0.0159299
0.0199123
0.0159299
0.0199123
-0.205467
0.0199123
-0.232967
0.0199123
-0.232967
0.0199123
-0.00998513
0.0199123
-0.232967
0.0199123
-0.232967
0.0199123
-0.232967
0.0199123
-0.159879
0.0199123
-0.114888
0.0159299
-0.241906
-0.0262248
-0.16637
-0.0247611
-0.119761
-0.0738698
-0.241906
-0.178636
-0.241906
-0.0738698
-0.214406
0.00399995
-0.241906
-0.178636
-0.0465752
-0.0763698
-0.214406
-0.106327
-0.191136
-0.178636
-0.232967
-0.241906
0.0159299
-0.181136
0.0159299
-0.181136
0.0159299
-0.204406
0.0159299
-0.111327
0.0159299
-0.111327
0.0159299
-0.204406
0.0159299
-0.181136
0.0159299
-0.204406
0.0159299
-0.204406
0.0159299
0.0127612
0.0159299
0.0199123
0.0159299
0.0199123
0.0159299
0.0199123
0.0159299
0.0199123
0.0159299
0.0199123
0.0159299
0.0199123
0.0159299
0.0199123
0.0159299
0.0199123
0.0159299
0.0199123
0.0159299
0.0199123
-0.205467
0.0199123
-0.232967
0.0199123
-0.232967
0.0199123
-0.00998513
0.0199123
-0.232967
0.0199123
-0.232967
0.0199123
-0.232967
0.0199123
-0.159879
0.0199123
-0.114888
0.0159299
-0.241906
-0.0262248
-0.16637
-0.0247611
-0.119761
-0.0738698
-0.241906
-0.178636
-0.241906
-0.0738698
-0.214406
0.00399995
-0.241906
-0.178636
-0.0465752
-0.0763698
-0.214406
-0.106327
-0.191136
-0.178636
-0.232967
-0.241906
0.0159299
-0.181136
0.0159299
-0.181136
0.0159299
-0.204406
0.0159299
-0.111327
0.0159299
-0.111327
0.0159299
-0.204406
0.0159299
-0.181136
0.0159299
-0.204406
0.0159299
-0.204406
0.0159299
0.0127612
0.0159299
0.0199123
0.0159299
0.0199123
0.0159299
0.0199123
0.0159299
0.0199123
0.0159299
0.0199123
0.0159299
0.0199123
0.0159299
0.0199123
0.0159299
0.0199123
0.0159299
0.0199123
0.0159299
0.0199123
-0.205467
0.0199123
-0.232967
0.0199123
-0.232967
0.0199123
-0.00998513
0.0199123
-0.232967
0.0199123
-0.232967
0.0199123
-0.232967
0.0199123
-0.159879
0.0199123
-0.114888
0.0159299
-0.241906
-0.0262248
-0.16637
-0.0247611
-0.119761
-0.0738698
-0.241906
-0.178636
-0.241906
-0.0738698
-0.214406
0.00399995
-0.241906
-0.178636
-0.0465752
-0.0763698
-0.214406
-0.106327
-0.191136
-0.178636
-0.232967
-0.241906
0.0159299
-0.181136
0.0159299
-0.181136
0.0159299
-0.204406
0.0159299
-0.111327
0.0159299
-0.111327
0.0159299
-0.204406
0.0159299
-0.181136
0.0159299
-0.204406
0.0159299
-0.204406
0.0199123
0.0159299
0.0199123
0.0159299
0.0199123
0.0159299
0.0199123
0.0159299
0.0199123
0.0159299
0.0199123
0.0159299
0.0199123
0.0159299
0.0199123
0.0159299
0.0199123
0.0159299
0.0199123
0.0159299
0.0199123
0.0159299
-0.0240752
0.0159299
-0.181136
0.0159299
-0.181136
0.0159299
-0.204406
0.0159299
-0.181136
0.0159299
-0.181136
0.0159299
-0.181136
0.0159299
-0.181136
0.0159299
-0.204406
0.0159299
-0.241906
-0.0262248
-0.179886
-0.126229
-0.179886
-0.189886
-0.179886
-0.199595
-0.178636
-0.241906
-0.178636
-0.241906
-0.178636
-0.16637
-0.179886
-0.126229
-0.179886
-0.133119
-0.178636
-0.241906
-0.178636
-0.241906
0.0159299
-0.121327
0.0199123
-0.160207
0.0199123
-0.205467
0.0199123
0.00843919
0.0199123
-0.00248513
0.0199123
-0.160207
0.0199123
-0.232967
0.0199123
-0.205467
0.0199123
-0.205467
0.0199123
0.0159299
0.0199123
0.0159299
0.0199123
0.0159299
0.0199123
0.0159299
0.0199123
0.0159299
0.0199123
0.0159299
0.0159299
0.0199123
0.0159299
0.0199123
0.0159299
0.0199123
0.0159299
0.0199123
0.0159299
0.0199123
-0.181136
0.0199123
-0.178636
0.0199123
-0.178636
0.0199123
-0.178636
0.0199123
-0.178636
0.0199123
-0.204406
0.0199123
-0.178636
0.0199123
-0.069259
0.0199123
-0.181136
0.0199123
-0.241906
-0.0262248
-0.179886
-0.14333
-0.181136
-0.106327
-0.241906
-0.241906
-0.241906
-0.241906
-0.204406
-0.0609871
-0.179261
-0.0478621
-0.178636
-0.14637
-0.179886
-0.103119
-0.172577
-0.161011
-0.241906
-0.241906
0.0199123
-0.106327
0.0199123
-0.106327
0.0199123
-0.233827
0.0199123
0.0125208
0.0199123
-0.181136
0.0199123
-0.204406
0.0199123
-0.181136
0.0199123
-0.233827
0.0199123
-0.0120916
0.0199123
-0.091759
0.0199123
0.0159299
0.0199123
0.0159299
0.0199123
0.0159299
0.0199123
0.0159299
0.0199123
0.0159299
0.0159299
0.0199123
0.0159299
0.0199123
0.0159299
0.0199123
0.0159299
0.0199123
0.0159299
0.0199123
-0.181136
0.0199123
-0.178636
0.0199123
-0.178636
0.0199123
-0.178636
0.0199123
-0.178636
0.0199123
-0.204406
0.0199123
-0.178636
0.0199123
-0.069259
0.0199123
-0.181136
0.0199123
-0.241906
-0.0262248
-0.179886
-0.0751198
-0.204406
-0.033818
-0.241906
-0.241906
-0.241906
-0.241906
-0.204406
-0.152261
-0.0758125
-0.0329132
-0.204406
-0.0559587
-0.074259
-0.028818
-0.178636
-0.241906
-0.241906
-0.241906
0.0199123
-0.106327
0.0199123
-0.106327
0.0199123
-0.233827
0.0199123
0.0125208
0.0199123
-0.181136
0.0199123
-0.204406
0.0199123
-0.181136
0.0199123
-0.233827
0.0199123
-0.0120916
0.0199123
0.0159299
0.0199123
0.0159299
0.0199123
0.0159299
0.0199123
0.0159299
0.0199123
0.0159299
0.0199123
0.0159299
0.0159299
0.0199123
0.0159299
0.0199123
0.0159299
0.0199123
0.0159299
0.0199123
0.0159299
0.0199123
-0.181136
0.0199123
-0.178636
0.0199123
-0.178636
0.0199123
-0.178636
0.0199123
-0.178636
0.0199123
-0.204406
0.0199123
-0.178636
0.0199123
-0.069259
0.0199123
-0.181136
0.0199123
-0.241906
-0.0262248
-0.179886
-0.0751198
-0.181136
-0.106327
-0.241906
-0.241906
-0.241906
-0.241906
-0.204406
-0.152261
-0.0758125
-0.0329132
-0.178636
-0.0763698
-0.074259
-0.111327
-0.178636
-0.241906
-0.241906
-0.241906
0.0199123
-0.106327
0.0199123
-0.106327
0.0199123
-0.233827
0.0199123
0.0125208
0.0199123
-0.181136
0.0199123
-0.204406
0.0199123
-0.181136
0.0199123
-0.233827
0.0199123
-0.0120916
0.0199123
0.0159299
0.0199123
0.0159299
0.0199123
0.0159299
0.0199123
0.0159299
0.0199123
0.0159299
0.0199123
0.0159299
0.0159299
0.0199123
0.0159299
0.0199123
0.0159299
0.0199123
0.0159299
0.0199123
0.0159299
0.0199123
-0.181136
0.0199123
-0.178636
0.0199123
-0.178636
0.0199123
-0.178636
0.0199123
-0.178636
0.0199123
-0.204406
0.0199123
-0.178636
0.0199123
-0.069259
0.0199123
-0.181136
0.0199123
-0.241906
-0.0262248
-0.179886
-0.0751198
-0.181136
-0.106327
-0.241906
-0.241906
-0.241906
-0.241906
-0.204406
-0.152261
-0.0758125
-0.0329132
-0.178636
-0.0763698
-0.074259
-0.111327
-0.178636
-0.241906
-0.241906
-0.241906
0.0199123
-0.106327
0.0199123
-0.106327
0.0199123
-0.233827
0.0199123
0.0125208
0.0199123
-0.181136
0.0199123
-0.204406
0.0199123
-0.181136
0.0199123
-0.233827
0.0199123
-0.0120916
0.0199123
0.0159299
0.0199123
0.0159299
0.0199123
0.0159299
0.0199123
0.0159299
0.0199123
0.0159299
0.0199123
0.0159299
0.0159299
0.0199123
0.0159299
0.0199123
0.0159299
0.0199123
0.0159299
0.0199123
0.0159299
0.0199123
-0.181136
0.0199123
-0.178636
0.0199123
-0.178636
0.0199123
-0.178636
0.0199123
-0.178636
0.0199123
-0.204406
0.0199123
-0.178636
0.0199123
-0.069259
0.0199123
-0.181136
0.0199123
-0.241906
-0.0262248
-0.179886
-0.0751198
-0.181136
-0.106327
-0.241906
-0.241906
-0.241906
-0.241906
-0.204406
-0.152261
-0.0758125
-0.0329132
-0.178636
-0.0763698
-0.074259
-0.111327
-0.178636
-0.241906
-0.241906
-0.241906
0.0199123
-0.106327
0.0199123
-0.106327
0.0199123
-0.233827
0.0199123
0.0125208
0.0199123
-0.181136
0.0199123
-0.204406
0.0199123
-0.181136
0.0199123
-0.233827
0.0199123
-0.0120916
0.0199123
0.0159299
0.0199123
0.0159299
0.0199123
0.0159299
0.0199123
0.0159299
0.0199123
0.0159299
0.0199123
0.0159299
0.0199123
0.0159299
0.0199123
0.0159299
0.0199123
0.0159299
0.0199123
0.0159299
0.0199123
0.0159299
-0.0297611
0.0159299
-0.181136
0.0159299
-0.181136
0.0159299
-0.204406
0.0159299
-0.181136
0.0159299
-0.181136
0.0159299
-0.181136
0.0159299
-0.181136
0.0159299
-0.204406
0.0159299
-0.241906
-0.0262248
-0.179886
-0.126229
-0.179886
-0.189886
-0.179886
-0.199595
-0.178636
-0.241906
-0.178636
-0.241906
-0.178636
-0.16637
-0.179886
-0.126229
-0.179886
-0.133119
-0.178636
-0.241906
-0.178636
-0.241906
0.0159299
-0.114888
0.0199123
-0.160207
0.0199123
-0.205467
0.0199123
0.00843919
0.0199123
-0.00248513
0.0199123
-0.160207
0.0199123
-0.232967
0.0199123
-0.205467
0.0199123
-0.205467
0.0199123
0.0159299
0.0199123
0.0159299
0.0199123
0.0159299
0.0199123
0.0159299
0.0199123
0.0159299
0.0199123
0.0159299
0.0159299
0.0199123
0.0159299
0.0199123
0.0159299
0.0199123
0.0159299
0.0199123
0.0159299
0.0199123
-0.181136
0.0199123
-0.178636
0.0199123
-0.178636
0.0199123
-0.178636
0.0199123
-0.178636
0.0199123
-0.204406
0.0199123
-0.178636
0.0199123
-0.028818
0.0199123
-0.181136
0.0199123
-0.241906
-0.0262248
-0.179886
-0.14333
-0.181136
-0.106327
-0.241906
-0.241906
-0.241906
-0.241906
-0.204406
-0.0609871
-0.179261
-0.0478621
-0.178636
-0.14637
-0.179886
-0.103119
-0.172577
-0.161011
-0.241906
-0.241906
0.0199123
-0.106327
0.0199123
-0.106327
0.0199123
-0.233827
0.0199123
0.0125208
0.0199123
-0.181136
0.0199123
-0.204406
0.0199123
-0.181136
0.0199123
-0.233827
0.0199123
-0.0120916
0.0199123
-0.091759
0.0199123
0.0159299
0.0199123
0.0159299
0.0199123
0.0159299
0.0199123
0.0159299
0.0199123
0.0159299
0.0159299
0.0199123
0.0159299
0.0199123
0.0159299
0.0199123
0.0159299
0.0199123
0.0159299
0.0199123
-0.181136
0.0199123
-0.178636
0.0199123
-0.178636
0.0199123
-0.178636
0.0199123
-0.178636
0.0199123
-0.204406
0.0199123
-0.178636
0.0199123
-0.028818
0.0199123
-0.181136
0.0199123
-0.241906
-0.0262248
-0.179886
-0.0751198
-0.204406
-0.033818
-0.241906
-0.241906
-0.241906
-0.241906
-0.204406
-0.152261
-0.0758125
-0.0329132
-0.204406
-0.0559587
-0.033818
-0.111327
-0.178636
-0.241906
-0.241906
-0.241906
0.0199123
-0.106327
0.0199123
-0.106327
0.0199123
-0.233827
0.0199123
0.0125208
0.0199123
-0.181136
0.0199123
-0.204406
0.0199123
-0.181136
0.0199123
-0.233827
0.0199123
-0.0120916
0.0199123
0.0159299
0.0199123
0.0159299
0.0199123
0.0159299
0.0199123
0.0159299
0.0199123
0.0159299
0.0199123
0.0159299
0.0159299
0.0199123
0.0159299
0.0199123
0.0159299
0.0199123
0.0159299
0.0199123
0.0159299
0.0199123
-0.181136
0.0199123
-0.178636
0.0199123
-0.178636
0.0199123
-0.178636
0.0199123
-0.178636
0.0199123
-0.204406
0.0199123
-0.178636
0.0199123
-0.028818
0.0199123
-0.181136
0.0199123
-0.241906
-0.0262248
-0.179886
-0.0751198
-0.181136
-0.106327
-0.241906
-0.241906
-0.241906
-0.241906
-0.204406
-0.152261
-0.0758125
-0.0329132
-0.178636
-0.0763698
-0.033818
-0.111327
-0.178636
-0.241906
-0.241906
-0.241906
0.0199123
-0.106327
0.0199123
-0.106327
0.0199123
-0.233827
0.0199123
0.0125208
0.0199123
-0.181136
0.0199123
-0.204406
0.0199123
-0.181136
0.0199123
-0.233827
0.0199123
-0.0120916
0.0199123
0.0159299
0.0199123
0.0159299
0.0199123
0.0159299
0.0199123
0.0159299
0.0199123
0.0159299
0.0199123
0.0159299
0.0159299
0.0199123
0.0159299
0.0199123
0.0159299
0.0199123
0.0159299
0.0199123
0.0159299
0.0199123
-0.181136
0.0199123
-0.178636
0.0199123
-0.178636
0.0199123
-0.178636
0.0199123
-0.178636
0.0199123
-0.204406
0.0199123
-0.178636
0.0199123
-0.028818
0.0199123
-0.181136
0.0199123
-0.241906
-0.0262248
-0.179886
-0.0751198
-0.181136
-0.106327
-0.241906
-0.241906
-0.241906
-0.241906
-0.204406
-0.152261
-0.0758125
-0.0329132
-0.178636
-0.0763698
-0.033818
-0.111327
-0.178636
-0.241906
-0.241906
-0.241906
0.0199123
-0.106327
0.0199123
-0.106327
0.0199123
-0.233827
0.0199123
0.0125208
0.0199123
-0.181136
0.0199123
-0.204406
0.0199123
-0.181136
0.0199123
-0.233827
0.0199123
-0.0120916
0.0199123
0.0159299
0.0199123
0.0159299
0.0199123
0.0159299
0.0199123
0.0159299
0.0199123
0.0159299
0.0199123
0.0159299
0.0159299
0.0199123
0.0159299
0.0199123
0.0159299
0.0199123
0.0159299
0.0199123
0.0159299
0.0199123
-0.181136
0.0199123
-0.178636
0.0199123
-0.178636
0.0199123
-0.178636
0.0199123
-0.178636
0.0199123
-0.204406
0.0199123
-0.178636
0.0199123
-0.028818
0.0199123
-0.181136
0.0199123
-0.241906
-0.0262248
-0.179886
-0.0751198
-0.181136
-0.106327
-0.241906
-0.241906
-0.241906
-0.241906
-0.204406
-0.152261
-0.0758125
-0.0329132
-0.178636
-0.0763698
-0.033818
-0.111327
-0.178636
-0.241906
-0.241906
-0.241906
0.0199123
-0.106327
0.0199123
-0.106327
0.0199123
-0.233827
0.0199123
0.0125208
0.0199123
-0.181136
0.0199123
-0.204406
0.0199123
-0.181136
0.0199123
-0.233827
0.0199123
-0.0120916
0.0199123
0.0159299
0.0199123
0.0159299
0.0199123
0.0159299
0.0199123
0.0159299
0.0199123
0.0159299
0.0199123
0.0159299
0.0199123
0.0159299
0.0199123
0.0159299
0.0199123
0.0159299
0.0199123
0.0159299
0.0199123
0.0159299
-0.0297611
0.0159299
-0.181136
0.0159299
-0.181136
0.0159299
-0.204406
0.0159299
-0.181136
0.0159299
-0.181136
0.0159299
-0.181136
0.0159299
-0.181136
0.0159299
-0.204406
0.0159299
-0.241906
-0.0262248
-0.179886
-0.126229
-0.179886
-0.189886
-0.179886
-0.199595
-0.178636
-0.241906
-0.178636
-0.241906
-0.178636
-0.16637
-0.179886
-0.126229
-0.179886
-0.133119
-0.178636
-0.241906
-0.178636
-0.241906
0.0159299
-0.114888
0.0199123
-0.160207
0.0199123
-0.205467
0.0199123
0.00843919
0.0199123
-0.00248513
0.0199123
-0.160207
0.0199123
-0.232967
0.0199123
-0.205467
0.0199123
-0.205467
0.0199123
0.0159299
0.0199123
0.0159299
0.0199123
0.0159299
0.0199123
0.0159299
0.0199123
0.0159299
0.0199123
0.0159299
0.0159299
0.0199123
0.0159299
0.0199123
0.0159299
0.0199123
0.0159299
0.0199123
0.0159299
0.0199123
-0.181136
0.0199123
-0.178636
0.0199123
-0.178636
0.0199123
-0.178636
0.0199123
-0.178636
0.0199123
-0.204406
0.0199123
-0.178636
0.0199123
-0.178636
0.0199123
-0.181136
0.0199123
-0.241906
-0.0262248
-0.179886
-0.14333
-0.181136
-0.106327
-0.241906
-0.241906
-0.241906
-0.241906
-0.204406
-0.0609871
-0.179261
-0.0478621
-0.178636
-0.14637
-0.179886
-0.103119
-0.172577
-0.161011
-0.241906
-0.241906
0.0199123
-0.106327
0.0199123
-0.106327
0.0199123
-0.233827
0.0199123
0.0125208
0.0199123
-0.181136
0.0199123
-0.204406
0.0199123
-0.181136
0.0199123
-0.233827
0.0199123
-0.0120916
0.0199123
-0.091759
0.0199123
0.0159299
0.0199123
0.0159299
0.0199123
0.0159299
0.0199123
0.0159299
0.0199123
0.0159299
0.0159299
0.0199123
0.0159299
0.0199123
0.0159299
0.0199123
0.0159299
0.0199123
0.0159299
0.0199123
-0.181136
0.0199123
-0.178636
0.0199123
-0.178636
0.0199123
-0.178636
0.0199123
-0.178636
0.0199123
-0.204406
0.0199123
-0.178636
0.0199123
-0.178636
0.0199123
-0.181136
0.0199123
-0.241906
-0.0262248
-0.179886
-0.0751198
-0.204406
-0.033818
-0.241906
-0.241906
-0.241906
-0.241906
-0.204406
-0.152261
-0.0758125
-0.0329132
-0.204406
-0.0559587
0.013241
-0.111327
-0.178636
-0.241906
-0.241906
-0.241906
0.0199123
-0.106327
0.0199123
-0.106327
0.0199123
-0.233827
0.0199123
0.0125208
0.0199123
-0.181136
0.0199123
-0.204406
0.0199123
-0.181136
0.0199123
-0.233827
0.0199123
-0.0120916
0.0199123
0.0159299
0.0199123
0.0159299
0.0199123
0.0159299
0.0199123
0.0159299
0.0199123
0.0159299
0.0199123
0.0159299
0.0159299
0.0199123
0.0159299
0.0199123
0.0159299
0.0199123
0.0159299
0.0199123
0.0159299
0.0199123
-0.181136
0.0199123
-0.178636
0.0199123
-0.178636
0.0199123
-0.178636
0.0199123
-0.178636
0.0199123
-0.204406
0.0199123
-0.178636
0.0199123
-0.178636
0.0199123
-0.181136
0.0199123
-0.241906
-0.0262248
-0.179886
-0.0751198
-0.181136
-0.106327
-0.241906
-0.241906
-0.241906
-0.241906
-0.204406
-0.152261
-0.0758125
-0.0329132
-0.178636
-0.0763698
0.013241
-0.111327
-0.178636
-0.241906
-0.241906
-0.241906
0.0199123
-0.106327
0.0199123
-0.106327
0.0199123
-0.233827
0.0199123
0.0125208
0.0199123
-0.181136
0.0199123
-0.204406
0.0199123
-0.181136
0.0199123
-0.233827
0.0199123
-0.0120916
0.0199123
0.0159299
0.0199123
0.0159299
0.0199123
0.0159299
0.0199123
0.0159299
0.0199123
0.0159299
0.0199123
0.0159299
0.0159299
0.0199123
0.0159299
0.0199123
0.0159299
0.0199123
0.0159299
0.0199123
0.0159299
0.0199123
-0.181136
0.0199123
-0.178636
0.0199123
-0.178636
0.0199123
-0.178636
0.0199123
-0.178636
0.0199123
-0.204406
0.0199123
-0.178636
0.0199123
-0.178636
0.0199123
-0.181136
0.0199123
-0.241906
-0.0262248
-0.179886
-0.0751198
-0.181136
-0.106327
-0.241906
-0.241906
-0.241906
-0.241906
-0.204406
-0.152261
-0.0758125
-0.0329132
-0.178636
-0.0763698
0.013241
-0.111327
-0.178636
-0.241906
-0.241906
-0.241906
0.0199123
-0.106327
0.0199123
-0.106327
0.0199123
-0.233827
0.0199123
0.0125208
0.0199123
-0.181136
0.0199123
-0.204406
0.0199123
-0.181136
0.0199123
-0.233827
0.0199123
-0.0120916
0.0199123
0.0159299
0.0199123
0.0159299
0.0199123
0.0159299
0.0199123
0.0159299
0.0199123
0.0159299
0.0199123
0.0159299
0.0159299
0.0199123
0.0159299
0.0199123
0.0159299
0.0199123
0.0159299
0.0199123
0.0159299
0.0199123
-0.181136
0.0199123
-0.178636
0.0199123
-0.178636
0.0199123
-0.178636
0.0199123
-0.178636
0.0199123
-0.204406
0.0199123
-0.178636
0.0199123
-0.178636
0.0199123
-0.181136
0.0199123
-0.241906
-0.0262248
-0.179886
-0.0751198
-0.181136
-0.106327
-0.241906
-0.241906
-0.241906
-0.241906
-0.204406
-0.152261
-0.0758125
-0.0329132
-0.178636
-0.0763698
0.013241
-0.111327
-0.178636
-0.241906
-0.241906
-0.241906
0.0199123
-0.106327
0.0199123
-0.106327
0.0199123
-0.233827
0.0199123
0.0125208
0.0199123
-0.181136
0.0199123
-0.204406
0.0199123
-0.181136
0.0199123
-0.233827
0.0199123
-0.0120916
0.0199123
0.0159299
0.0199123
0.0159299
0.0199123
0.0159299
0.0199123
0.0159299
0.0199123
0.0159299
0.0199123
0.0159299
0.0199123
0.0159299
0.0199123
0.0159299
0.0199123
0.0159299
0.0199123
0.0159299
0.0199123
0.0159299
-0.0297611
0.0159299
-0.181136
0.0159299
-0.181136
0.0159299
-0.204406
0.0159299
-0.181136
0.0159299
-0.181136
0.0159299
-0.181136
0.0159299
-0.181136
0.0159299
-0.204406
0.0159299
-0.241906
-0.0262248
-0.179886
-0.126229
-0.179886
-0.189886
-0.179886
-0.199595
-0.178636
-0.241906
-0.178636
-0.241906
-0.178636
-0.16637
-0.179886
-0.126229
-0.179886
-0.133119
-0.178636
-0.241906
-0.178636
-0.241906
0.0159299
-0.114888
0.0199123
-0.160207
0.0199123
-0.205467
0.0199123
0.00843919
0.0199123
-0.00248513
0.0199123
-0.160207
0.0199123
-0.232967
0.0199123
-0.205467
0.0199123
-0.205467
0.0199123
0.0159299
0.0199123
0.0159299
0.0199123
0.0159299
0.0199123
0.0159299
0.0199123
0.0159299
0.0199123
0.0159299
0.0159299
0.0199123
0.0159299
0.0199123
0.0159299
0.0199123
0.0159299
0.0199123
0.0159299
0.0199123
-0.181136
0.0199123
-0.178636
0.0199123
-0.178636
0.0199123
-0.178636
0.0199123
-0.178636
0.0199123
-0.204406
0.0199123
-0.178636
0.0199123
-0.178636
0.0199123
-0.181136
0.0199123
-0.241906
-0.0262248
-0.179886
-0.14333
-0.181136
-0.106327
-0.241906
-0.241906
-0.241906
-0.241906
-0.204406
-0.0609871
-0.179261
-0.0478621
-0.178636
-0.14637
-0.179886
-0.103119
-0.172577
-0.161011
-0.241906
-0.241906
0.0199123
-0.106327
0.0199123
-0.106327
0.0199123
-0.233827
0.0199123
0.0125208
0.0199123
-0.181136
0.0199123
-0.204406
0.0199123
-0.181136
0.0199123
-0.233827
0.0199123
-0.0120916
0.0199123
-0.091759
0.0199123
0.0159299
0.0199123
0.0159299
0.0199123
0.0159299
0.0199123
0.0159299
0.0199123
0.0159299
0.0159299
0.0199123
0.0159299
0.0199123
0.0159299
0.0199123
0.0159299
0.0199123
0.0159299
0.0199123
-0.181136
0.0199123
-0.178636
0.0199123
-0.178636
0.0199123
-0.178636
0.0199123
-0.178636
0.0199123
-0.204406
0.0199123
-0.178636
0.0199123
-0.178636
0.0199123
-0.181136
0.0199123
-0.241906
-0.0262248
-0.179886
-0.0751198
-0.204406
-0.033818
-0.241906
-0.241906
-0.241906
-0.241906
-0.204406
-0.152261
-0.0758125
-0.0329132
-0.204406
-0.0559587
0.013241
-0.111327
-0.178636
-0.241906
-0.241906
-0.241906
0.0199123
-0.106327
0.0199123
-0.106327
0.0199123
-0.233827
0.0199123
0.0125208
0.0199123
-0.181136
0.0199123
-0.204406
0.0199123
-0.181136
0.0199123
-0.233827
0.0199123
-0.0120916
0.0199123
0.0159299
0.0199123
0.0159299
0.0199123
0.0159299
0.0199123
0.0159299
0.0199123
0.0159299
0.0199123
0.0159299
0.0159299
0.0199123
0.0159299
0.0199123
0.0159299
0.0199123
0.0159299
0.0199123
0.0159299
0.0199123
-0.181136
0.0199123
-0.178636
0.0199123
-0.178636
0.0199123
-0.178636
0.0199123
-0.178636
0.0199123
-0.204406
0.0199123
-0.178636
0.0199123
-0.178636
0.0199123
-0.181136
0.0199123
-0.241906
-0.0262248
-0.179886
-0.0751198
-0.181136
-0.106327
-0.241906
-0.241906
-0.241906
-0.241906
-0.204406
-0.152261
-0.0758125
-0.0329132
-0.178636
-0.0763698
0.013241
-0.111327
-0.178636
-0.241906
-0.241906
-0.241906
0.0199123
-0.106327
0.0199123
-0.106327
0.0199123
-0.233827
0.0199123
0.0125208
0.0199123
-0.181136
0.0199123
-0.204406
0.0199123
-0.181136
0.0199123
-0.233827
0.0199123
-0.0120916
0.0199123
0.0159299
0.0199123
0.0159299
0.0199123
0.0159299
0.0199123
0.0159299
0.0199123
0.0159299
0.0199123
0.0159299
0.0159299
0.0199123
0.0159299
0.0199123
0.0159299
0.0199123
0.0159299
0.0199123
0.0159299
0.0199123
-0.181136
0.0199123
-0.178636
0.0199123
-0.178636
0.0199123
-0.178636
0.0199123
-0.178636
0.0199123
-0.204406
0.0199123
-0.178636
0.0199123
-0.178636
0.0199123
-0.181136
0.0199123
-0.241906
-0.0262248
-0.179886
-0.0751198
-0.181136
-0.106327
-0.241906
-0.241906
-0.241906
-0.241906
-0.204406
-0.152261
-0.0758125
-0.0329132
-0.178636
-0.0763698
0.013241
-0.111327
-0.178636
-0.241906
-0.241906
-0.241906
0.0199123
-0.106327
0.0199123
-0.106327
0.0199123
-0.233827
0.0199123
0.0125208
0.0199123
-0.181136
0.0199123
-0.204406
0.0199123
-0.181136
0.0199123
-0.233827
0.0199123
-0.0120916
0.0199123
0.0159299
0.0199123
0.0159299
0.0199123
0.0159299
0.0199123
0.0159299
0.0199123
0.0159299
0.0199123
0.0159299
0.0159299
0.0199123
0.0159299
0.0199123
0.0159299
0.0199123
0.0159299
0.0199123
0.0159299
0.0199123
-0.181136
0.0199123
-0.178636
0.0199123
-0.178636
0.0199123
-0.178636
0.0199123
-0.178636
0.0199123
-0.204406
0.0199123
-0.178636
0.0199123
-0.178636
0.0199123
-0.181136
0.0199123
-0.241906
-0.0262248
-0.179886
-0.0751198
-0.181136
-0.106327
-0.241906
-0.241906
-0.241906
-0.241906
-0.204406
-0.152261
-0.0758125
-0.0329132
-0.178636
-0.0763698
0.013241
-0.111327
-0.178636
-0.241906
-0.241906
-0.241906
0.0199123
-0.106327
0.0199123
-0.106327
0.0199123
-0.233827
0.0199123
0.0125208
0.0199123
-0.181136
0.0199123
-0.204406
0.0199123
-0.181136
0.0199123
-0.233827
0.0199123
-0.0120916
0.0199123
0.0159299
0.0199123
0.0159299
0.0199123
0.0159299
0.0199123
0.0159299
0.0199123
0.0159299
0.0199123
0.0159299
0.0199123
0.0159299
0.0199123
0.0159299
0.0199123
0.0159299
0.0199123
0.0159299
0.0199123
0.0159299
-0.0297611
0.0159299
-0.181136
0.0159299
-0.181136
0.0159299
-0.204406
0.0159299
-0.181136
0.0159299
-0.181136
0.0159299
-0.181136
0.0159299
-0.181136
0.0159299
-0.204406
0.0159299
-0.241906
-0.0262248
-0.179886
-0.126229
-0.179886
-0.189886
-0.179886
-0.199595
-0.178636
-0.241906
-0.178636
-0.241906
-0.178636
-0.16637
-0.179886
-0.126229
-0.179886
-0.133119
-0.178636
-0.241906
-0.178636
-0.241906
0.0159299
-0.114888
0.0199123
-0.160207
0.0199123
-0.205467
0.0199123
0.00843919
0.0199123
-0.00248513
0.0199123
-0.160207
0.0199123
-0.232967
0.0199123
-0.205467
0.0199123
-0.205467
0.0199123
0.0159299
0.0199123
0.0159299
0.0199123
0.0159299
0.0199123
0.0159299
0.0199123
0.0159299
0.0199123
0.0159299
0.0159299
0.0199123
0.0159299
0.0199123
0.0159299
0.0199123
0.0159299
0.0199123
0.0159299
0.0199123
-0.181136
0.0199123
-0.178636
0.0199123
-0.178636
0.0199123
-0.178636
0.0199123
-0.178636
0.0199123
-0.204406
0.0199123
-0.178636
0.0199123
-0.178636
0.0199123
-0.181136
0.0199123
-0.241906
-0.0262248
-0.179886
-0.14333
-0.181136
-0.106327
-0.241906
-0.241906
-0.241906
-0.241906
-0.204406
-0.0609871
-0.179261
-0.0478621
-0.178636
-0.14637
-0.179886
-0.103119
-0.172577
-0.161011
-0.241906
-0.241906
0.0199123
-0.106327
0.0199123
-0.106327
0.0199123
-0.233827
0.0199123
0.0125208
0.0199123
-0.181136
0.0199123
-0.204406
0.0199123
-0.181136
0.0199123
-0.233827
0.0199123
-0.0120916
0.0199123
-0.091759
0.0199123
0.0159299
0.0199123
0.0159299
0.0199123
0.0159299
0.0199123
0.0159299
0.0199123
0.0159299
0.0159299
0.0199123
0.0159299
0.0199123
0.0159299
0.0199123
0.0159299
0.0199123
0.0159299
0.0199123
-0.181136
0.0199123
-0.178636
0.0199123
-0.178636
0.0199123
-0.178636
0.0199123
-0.178636
0.0199123
-0.204406
0.0199123
-0.178636
0.0199123
-0.178636
0.0199123
-0.181136
0.0199123
-0.241906
-0.0262248
-0.179886
-0.0751198
-0.204406
-0.033818
-0.241906
-0.241906
-0.241906
-0.241906
-0.204406
-0.152261
-0.0758125
-0.0329132
-0.204406
-0.0559587
0.013241
-0.111327
-0.178636
-0.241906
-0.241906
-0.241906
0.0199123
-0.106327
0.0199123
-0.106327
0.0199123
-0.233827
0.0199123
0.0125208
0.0199123
-0.181136
0.0199123
-0.204406
0.0199123
-0.181136
0.0199123
-0.233827
0.0199123
-0.0120916
0.0199123
0.0159299
0.0199123
0.0159299
0.0199123
0.0159299
0.0199123
0.0159299
0.0199123
0.0159299
0.0199123
0.0159299
0.0159299
0.0199123
0.0159299
0.0199123
0.0159299
0.0199123
0.0159299
0.0199123
0.0159299
0.0199123
-0.181136
0.0199123
-0.178636
0.0199123
-0.178636
0.0199123
-0.178636
0.0199123
-0.178636
0.0199123
-0.204406
0.0199123
-0.178636
0.0199123
-0.178636
0.0199123
-0.181136
0.0199123
-0.241906
-0.0262248
-0.179886
-0.0751198
-0.181136
-0.106327
-0.241906
-0.241906
-0.241906
-0.241906
-0.204406
-0.152261
-0.0758125
-0.0329132
-0.178636
-0.0763698
0.013241
-0.111327
-0.178636
-0.241906
-0.241906
-0.241906
0.0199123
-0.106327
0.0199123
-0.106327
0.0199123
-0.233827
0.0199123
0.0125208
0.0199123
-0.181136
0.0199123
-0.204406
0.0199123
-0.181136
0.0199123
-0.233827
0.0199123
-0.0120916
0.0199123
0.0159299
0.0199123
0.0159299
0.0199123
0.0159299
0.0199123
0.0159299
0.0199123
0.0159299
0.0199123
0.0159299
0.0159299
0.0199123
0.0159299
0.0199123
0.0159299
0.0199123
0.0159299
0.0199123
0.0159299
0.0199123
-0.181136
0.0199123
-0.178636
0.0199123
-0.178636
0.0199123
-0.178636
0.0199123
-0.178636
0.0199123
-0.204406
0.0199123
-0.178636
0.0199123
-0.178636
0.0199123
-0.181136
0.0199123
-0.241906
-0.0262248
-0.179886
-0.0751198
-0.181136
-0.106327
-0.241906
-0.241906
-0.241906
-0.241906
-0.204406
-0.152261
-0.0758125
-0.0329132
-0.178636
-0.0763698
0.013241
-0.111327
-0.178636
-0.241906
-0.241906
-0.241906
0.0199123
-0.106327
0.0199123
-0.106327
0.0199123
-0.233827
0.0199123
0.0125208
0.0199123
-0.181136
0.0199123
-0.204406
0.0199123
-0.181136
0.0199123
-0.233827
0.0199123
-0.0120916
0.0199123
0.0159299
0.0199123
0.0159299
0.0199123
0.0159299
0.0199123
0.0159299
0.0199123
0.0159299
0.0199123
0.0159299
0.0159299
0.0199123
0.0159299
0.0199123
0.0159299
0.0199123
0.0159299
0.0199123
0.0159299
0.0199123
-0.181136
0.0199123
-0.178636
0.0199123
-0.178636
0.0199123
-0.178636
0.0199123
-0.178636
0.0199123
-0.204406
0.0199123
-0.178636
0.0199123
-0.178636
0.0199123
-0.181136
0.0199123
-0.241906
-0.0262248
-0.179886
-0.0751198
-0.181136
-0.106327
-0.241906
-0.241906
-0.241906
-0.241906
-0.204406
-0.152261
-0.0758125
-0.0329132
-0.178636
-0.0763698
0.013241
-0.111327
-0.178636
-0.241906
-0.241906
-0.241906
0.0199123
-0.106327
0.0199123
-0.106327
0.0199123
-0.233827
0.0199123
0.0125208
0.0199123
-0.181136
0.0199123
-0.204406
0.0199123
-0.181136
0.0199123
-0.233827
0.0199123
-0.0120916
