0.0159299
0.0198951
0.0159299
0.0198951
0.0159299
0.0198951
0.0159299
0.0198951
0.0159299
0.0198951
0.0198951
0.0159299
0.0198951
0.0159299
0.0198951
0.0159299
0.0198951
0.0159299
0.0198951
0.0159299
0.0127439
0.0159299
0.0127403
0.0159299
-0.159586
0.0159299
-0.0020824
0.0159299
-0.166025
0.0159299
-0.166025
0.0159299
-0.166025
0.0159299
-0.117989
0.0159299
-0.166025
0.0159299
-0.0020824
0.0159299
-0.193525
-0.0221049
-0.0704462
-0.0704462
-0.116739
-0.0847381
-0.142755
-0.0679462
-0.141505
-0.114949
-0.116739
-0.0917929
0.0138013
-0.117989
-0.141505
-0.116739
-0.141505
0.0111312
-0.141505
-0.116739
-0.131316
-0.193525
0.0159299
-0.117989
0.0159299
-0.166025
0.0159299
-0.166025
0.0159299
-0.166025
0.0159299
-0.117989
0.0159299
-0.117989
0.0159299
-0.117989
0.0159299
-0.136316
0.0159299
-0.11155
0.0159299
0.0198951
0.0159299
0.0198951
0.0159299
0.0198951
0.0159299
0.0198951
0.0159299
0.0198951
0.0159299
0.0198951
0.0159299
0.0198951
0.0159299
0.0198951
0.0159299
0.0198951
0.0159299
0.0198951
0.0159299
0.0198951
-0.193525
0.0198951
-0.124586
0.0198951
-0.184586
0.0198951
-0.131316
0.0198951
-0.157086
0.0198951
-0.121006
0.0198951
-0.181139
0.0198951
-0.124586
0.0198951
-0.0020824
0.0159299
-0.193525
-0.0221049
-0.166025
-0.135365
-0.142755
-0.0463799
-0.193525
-0.130255
-0.0254367
0.00456326
-0.117989
-0.108265
-0.166025
-0.147577
-0.166025
-0.0208778
-0.193525
-0.107606
-0.0712796
-0.0134108
-0.184586
-0.193525
0.0159299
-0.156025
0.0159299
-0.0258778
0.0159299
-0.132755
0.0159299
-0.0629462
0.0159299
-0.113525
0.0159299
-0.0629462
0.0159299
-0.156025
0.0159299
-0.113525
0.0159299
-0.113525
0.0159299
-0.186374
0.0159299
0.0198951
0.0159299
0.0198951
0.0159299
0.0198951
0.0159299
0.0198951
0.0159299
0.0198951
0.0159299
0.0198951
0.0159299
0.0198951
0.0159299
0.0198951
0.0159299
0.0198951
0.0159299
0.0198951
-0.133816
0.0198951
-0.124586
0.0198951
-0.184586
0.0198951
-0.131316
0.0198951
-0.157086
0.0198951
-0.121006
0.0198951
-0.181139
0.0198951
-0.124586
0.0198951
-0.136316
0.0159299
-0.193525
-0.0221049
-0.0663799
-0.0279886
-0.116739
0.00805596
-0.193525
-0.130255
-0.00343927
-0.0612796
-0.117989
-0.108265
-0.193525
-0.130255
-0.166025
-0.0254886
-0.166025
-0.0075775
-0.141505
-0.0267386
-0.184586
-0.193525
0.0159299
-0.0279886
0.0159299
-0.0279886
0.0159299
-0.132755
0.0159299
-0.0279886
0.0159299
-0.0279886
0.0159299
-0.0629462
0.0159299
-0.0279886
0.0159299
-0.0435248
0.0159299
-0.0435248
0.0159299
-0.186374
0.0159299
0.0198951
0.0159299
0.0198951
0.0159299
0.0198951
0.0159299
0.0198951
0.0159299
0.0198951
0.0159299
0.0198951
0.0159299
0.0198951
0.0159299
0.0198951
0.0159299
0.0198951
0.0159299
0.0198951
-0.133816
0.0198951
-0.124586
0.0198951
-0.184586
0.0198951
-0.131316
0.0198951
-0.157086
0.0198951
-0.121006
0.0198951
-0.181139
0.0198951
-0.124586
0.0198951
-0.136316
0.0159299
-0.193525
-0.0221049
-0.0663799
-0.0279886
-0.193525
-0.130255
-0.193525
-0.130255
-0.00343927
-0.0612796
-0.117989
-0.108265
-0.193525
-0.130255
-0.166025
-0.0254886
-0.0374313
-0.0274313
-0.141505
-0.0267386
-0.184586
-0.193525
0.0159299
-0.0279886
0.0159299
-0.0279886
0.0159299
-0.132755
0.0159299
-0.0279886
0.0159299
-0.0279886
0.0159299
-0.0629462
0.0159299
-0.0279886
0.0159299
-0.0435248
0.0159299
-0.0435248
0.0159299
-0.186374
0.0159299
0.0198951
0.0159299
0.0198951
0.0159299
0.0198951
0.0159299
0.0198951
0.0159299
0.0198951
0.0159299
0.0198951
0.0159299
0.0198951
0.0159299
0.0198951
0.0159299
0.0198951
0.0159299
0.0198951
-0.133816
0.0198951
-0.124586
0.0198951
-0.184586
0.0198951
-0.131316
0.0198951
-0.157086
0.0198951
-0.121006
0.0198951
-0.181139
0.0198951
-0.124586
0.0198951
-0.136316
0.0159299
-0.193525
-0.0221049
-0.0663799
-0.0279886
-0.193525
-0.130255
-0.193525
-0.130255
-0.00343927
-0.0612796
-0.117989
-0.108265
-0.193525
-0.130255
-0.166025
-0.0254886
-0.0374313
-0.0274313
-0.141505
-0.0267386
-0.184586
-0.193525
0.0159299
-0.0279886
0.0159299
-0.0279886
0.0159299
-0.132755
0.0159299
-0.0279886
0.0159299
-0.0279886
0.0159299
-0.0629462
0.0159299
-0.0279886
0.0159299
-0.0435248
0.0159299
-0.0435248
0.0159299
-0.186374
0.0159299
0.0198951
0.0159299
0.0198951
0.0159299
0.0198951
0.0159299
0.0198951
0.0159299
0.0198951
0.0159299
0.0198951
0.0159299
0.0198951
0.0159299
0.0198951
0.0159299
0.0198951
0.0159299
0.0198951
-0.133816
0.0198951
-0.124586
0.0198951
-0.184586
0.0198951
-0.131316
0.0198951
-0.157086
0.0198951
-0.121006
0.0198951
-0.181139
0.0198951
-0.124586
0.0198951
-0.136316
0.0159299
-0.193525
-0.0221049
-0.0663799
-0.0279886
-0.193525
-0.130255
-0.193525
-0.130255
-0.00343927
-0.0612796
-0.117989
-0.108265
-0.193525
-0.130255
-0.166025
-0.0254886
-0.0374313
-0.0274313
-0.141505
-0.0267386
-0.184586
-0.193525
0.0159299
-0.0279886
0.0159299
-0.0279886
0.0159299
-0.132755
0.0159299
-0.0279886
0.0159299
-0.0279886
0.0159299
-0.0629462
0.0159299
-0.0279886
0.0159299
-0.0435248
0.0159299
-0.0435248
0.0198951
0.0159299
0.0198951
0.0159299
0.0198951
0.0159299
0.0198951
0.0159299
0.0198951
0.0159299
0.0198951
0.0159299
0.0198951
0.0159299
0.0198951
0.0159299
0.0198951
0.0159299
0.0198951
0.0159299
0.0127439
0.0159299
-0.0629462
0.0159299
-0.156025
0.0159299
-0.156025
0.0159299
-0.0258778
0.0159299
-0.156025
0.0159299
-0.0629462
0.0159299
-0.156025
0.0159299
-0.113525
0.0159299
-0.156025
0.0159299
-0.193525
-0.0221049
-0.0612796
-0.0657971
-0.108265
-0.0713799
-0.131505
-0.141505
0.0151601
-0.0575775
-0.0463799
-0.193525
-0.108265
-0.117989
-0.132755
-0.0663799
-0.131505
0.0111312
-0.130255
-0.193525
-0.130255
-0.193525
0.0159299
-0.0729462
0.0198951
-0.193525
0.0198951
-0.181139
0.0198951
0.0107449
0.0198951
-0.0770491
0.0198951
-0.184586
0.0198951
-0.184586
0.0198951
-0.18818
0.0198951
-0.133816
0.0198951
0.0159299
0.0198951
0.0159299
0.0198951
0.0159299
0.0198951
0.0159299
0.0198951
0.0159299
0.0198951
0.0159299
0.0159299
0.0198951
0.0159299
0.0198951
0.0159299
0.0198951
0.0159299
0.0198951
0.0159299
0.0198951
-0.156025
0.0198951
-0.156025
0.0198951
-0.0579462
0.0198951
-0.130255
0.0198951
-0.185446
0.0198951
-0.156025
0.0198951
-0.185446
0.0198951
-0.113525
0.0198951
-0.156025
0.0198951
-0.193525
-0.0221049
-0.0579462
-0.156025
-0.132755
-0.149964
-0.193525
-0.193525
-0.0629462
-0.110106
-0.0463799
-0.193525
-0.193525
-0.185446
-0.131505
-0.0967386
-0.193525
-0.193525
-0.193525
-0.156025
-0.193525
-0.193525
0.0198951
-0.156025
0.0198951
-0.185446
0.0198951
-0.185446
0.0198951
-0.0579462
0.0198951
-0.0579462
0.0198951
-0.130255
0.0198951
-0.0579462
0.0198951
-0.132755
0.0198951
-0.156025
0.0198951
0.0159299
0.0198951
0.0159299
0.0198951
0.0159299
0.0198951
0.0159299
0.0198951
0.0159299
0.0198951
0.0159299
0.0159299
0.0198951
0.0159299
0.0198951
0.0159299
0.0198951
0.0159299
0.0198951
0.0159299
0.0198951
-0.132755
0.0198951
-0.156025
0.0198951
-0.0579462
0.0198951
-0.130255
0.0198951
-0.185446
0.0198951
-0.156025
0.0198951
-0.185446
0.0198951
-0.113525
0.0198951
-0.156025
0.0198951
-0.193525
-0.0221049
-0.0579462
-0.156025
-0.107606
-0.156025
-0.193525
-0.193525
-0.0233778
-0.0604462
-0.0463799
-0.193525
-0.193525
-0.185446
-0.156025
-0.0075775
-0.193525
-0.193525
-0.193525
-0.156025
-0.193525
-0.193525
0.0198951
-0.156025
0.0198951
-0.185446
0.0198951
-0.185446
0.0198951
-0.0579462
0.0198951
-0.0579462
0.0198951
-0.130255
0.0198951
-0.0579462
0.0198951
-0.132755
0.0198951
-0.156025
0.0198951
0.0159299
0.0198951
0.0159299
0.0198951
0.0159299
0.0198951
0.0159299
0.0198951
0.0159299
0.0198951
0.0159299
0.0159299
0.0198951
0.0159299
0.0198951
0.0159299
0.0198951
0.0159299
0.0198951
0.0159299
0.0198951
-0.132755
0.0198951
-0.156025
0.0198951
-0.0579462
0.0198951
-0.130255
0.0198951
-0.185446
0.0198951
-0.156025
0.0198951
-0.185446
0.0198951
-0.113525
0.0198951
-0.156025
0.0198951
-0.193525
-0.0221049
-0.0579462
-0.156025
-0.107606
-0.156025
-0.193525
-0.193525
-0.0233778
-0.0604462
-0.0463799
-0.193525
-0.193525
-0.185446
-0.132755
-0.0279886
-0.193525
-0.193525
-0.193525
-0.156025
-0.193525
-0.193525
0.0198951
-0.156025
0.0198951
-0.185446
0.0198951
-0.185446
0.0198951
-0.0579462
0.0198951
-0.0579462
0.0198951
-0.130255
0.0198951
-0.0579462
0.0198951
-0.132755
0.0198951
-0.156025
0.0198951
0.0159299
0.0198951
0.0159299
0.0198951
0.0159299
0.0198951
0.0159299
0.0198951
0.0159299
0.0198951
0.0159299
0.0159299
0.0198951
0.0159299
0.0198951
0.0159299
0.0198951
0.0159299
0.0198951
0.0159299
0.0198951
-0.132755
0.0198951
-0.156025
0.0198951
-0.0579462
0.0198951
-0.130255
0.0198951
-0.185446
0.0198951
-0.156025
0.0198951
-0.185446
0.0198951
-0.113525
0.0198951
-0.156025
0.0198951
-0.193525
-0.0221049
-0.0579462
-0.156025
-0.107606
-0.156025
-0.193525
-0.193525
-0.0233778
-0.0604462
-0.0463799
-0.193525
-0.193525
-0.185446
-0.132755
-0.0279886
-0.193525
-0.193525
-0.193525
-0.156025
-0.193525
-0.193525
0.0198951
-0.156025
0.0198951
-0.185446
0.0198951
-0.185446
0.0198951
-0.0579462
0.0198951
-0.0579462
0.0198951
-0.130255
0.0198951
-0.0579462
0.0198951
-0.132755
0.0198951
-0.156025
0.0198951
0.0159299
0.0198951
0.0159299
0.0198951
0.0159299
0.0198951
0.0159299
0.0198951
0.0159299
0.0198951
0.0159299
0.0159299
0.0198951
0.0159299
0.0198951
0.0159299
0.0198951
0.0159299
0.0198951
0.0159299
0.0198951
-0.132755
0.0198951
-0.156025
0.0198951
-0.0579462
0.0198951
-0.130255
0.0198951
-0.185446
0.0198951
-0.156025
0.0198951
-0.185446
0.0198951
-0.113525
0.0198951
-0.156025
0.0198951
-0.193525
-0.0221049
-0.0579462
-0.156025
-0.107606
-0.156025
-0.193525
-0.193525
-0.0233778
-0.0604462
-0.0463799
-0.193525
-0.193525
-0.185446
-0.132755
-0.0279886
-0.193525
-0.193525
-0.193525
-0.156025
-0.193525
-0.193525
0.0198951
-0.156025
0.0198951
-0.185446
0.0198951
-0.185446
0.0198951
-0.0579462
0.0198951
-0.0579462
0.0198951
-0.130255
0.0198951
-0.0579462
0.0198951
-0.132755
0.0198951
-0.156025
0.0198951
0.0159299
0.0198951
0.0159299
0.0198951
0.0159299
0.0198951
0.0159299
0.0198951
0.0159299
0.0198951
0.0159299
0.0198951
0.0159299
0.0198951
0.0159299
0.0198951
0.0159299
0.0198951
0.0159299
0.0198951
0.0159299
-0.0629462
0.0159299
-0.156025
0.0159299
-0.156025
0.0159299
-0.0435248
0.0159299
-0.156025
0.0159299
-0.0629462
0.0159299
-0.156025
0.0159299
-0.156025
0.0159299
-0.156025
0.0159299
-0.193525
-0.0221049
-0.0612796
-0.0657971
-0.108265
-0.0713799
-0.131505
-0.141505
-0.130255
-0.193525
-0.0267386
-0.0917929
-0.108265
-0.117989
-0.132755
-0.0663799
-0.131505
0.0111312
-0.130255
-0.193525
-0.130255
-0.193525
0.0159299
-0.136316
0.0198951
-0.193525
0.0198951
-0.181139
0.0198951
0.0107449
0.0198951
-0.0770491
0.0198951
-0.184586
0.0198951
-0.184586
0.0198951
-0.18818
0.0198951
-0.133816
0.0198951
0.0159299
0.0198951
0.0159299
0.0198951
0.0159299
0.0198951
0.0159299
0.0198951
0.0159299
0.0198951
0.0159299
0.0159299
0.0198951
0.0159299
0.0198951
0.0159299
0.0198951
0.0159299
0.0198951
0.0159299
0.0198951
-0.156025
0.0198951
0.0145633
0.0198951
-0.0579462
0.0198951
-0.130255
0.0198951
-0.185446
0.0198951
-0.156025
0.0198951
-0.185446
0.0198951
-0.10388
0.0198951
-0.156025
0.0198951
-0.193525
-0.0221049
-0.0579462
-0.156025
-0.132755
-0.149964
-0.193525
-0.193525
-0.0629462
-0.110106
-0.0454367
-0.193525
-0.193525
-0.185446
-0.131505
-0.0967386
-0.193525
-0.193525
-0.193525
-0.156025
-0.193525
-0.193525
0.0198951
-0.156025
0.0198951
-0.185446
0.0198951
-0.185446
0.0198951
-0.0579462
0.0198951
-0.0579462
0.0198951
-0.130255
0.0198951
-0.0579462
0.0198951
-0.132755
0.0198951
-0.156025
0.0198951
0.0159299
0.0198951
0.0159299
0.0198951
0.0159299
0.0198951
0.0159299
0.0198951
0.0159299
0.0198951
0.0159299
0.0159299
0.0198951
0.0159299
0.0198951
0.0159299
0.0198951
0.0159299
0.0198951
0.0159299
0.0198951
-0.132755
0.0198951
0.0145633
0.0198951
-0.0579462
0.0198951
-0.130255
0.0198951
-0.185446
0.0198951
-0.156025
0.0198951
-0.185446
0.0198951
-0.10388
0.0198951
-0.156025
0.0198951
-0.193525
-0.0221049
-0.0579462
-0.156025
-0.0254886
-0.156025
-0.193525
-0.193525
-0.0279886
0.0145633
-0.0454367
-0.193525
-0.193525
-0.185446
-0.156025
-0.0075775
-0.193525
-0.193525
-0.193525
-0.156025
-0.193525
-0.193525
0.0198951
-0.156025
0.0198951
-0.185446
0.0198951
-0.185446
0.0198951
-0.0579462
0.0198951
-0.0579462
0.0198951
-0.130255
0.0198951
-0.0579462
0.0198951
-0.132755
0.0198951
-0.156025
0.0198951
0.0159299
0.0198951
0.0159299
0.0198951
0.0159299
0.0198951
0.0159299
0.0198951
0.0159299
0.0198951
0.0159299
0.0159299
0.0198951
0.0159299
0.0198951
0.0159299
0.0198951
0.0159299
0.0198951
0.0159299
0.0198951
-0.132755
0.0198951
0.0145633
0.0198951
-0.0579462
0.0198951
-0.130255
0.0198951
-0.185446
0.0198951
-0.156025
0.0198951
-0.185446
0.0198951
-0.10388
0.0198951
-0.156025
0.0198951
-0.193525
-0.0221049
-0.0579462
-0.156025
-0.0254886
-0.156025
-0.193525
-0.193525
-0.130255
-0.193525
-0.0454367
-0.193525
-0.193525
-0.185446
-0.132755
-0.0279886
-0.193525
-0.193525
-0.193525
-0.156025
-0.193525
-0.193525
0.0198951
-0.156025
0.0198951
-0.185446
0.0198951
-0.185446
0.0198951
-0.0579462
0.0198951
-0.0579462
0.0198951
-0.130255
0.0198951
-0.0579462
0.0198951
-0.132755
0.0198951
-0.156025
0.0198951
0.0159299
0.0198951
0.0159299
0.0198951
0.0159299
0.0198951
0.0159299
0.0198951
0.0159299
0.0198951
0.0159299
0.0159299
0.0198951
0.0159299
0.0198951
0.0159299
0.0198951
0.0159299
0.0198951
0.0159299
0.0198951
-0.132755
0.0198951
0.0145633
0.0198951
-0.0579462
0.0198951
-0.130255
0.0198951
-0.185446
0.0198951
-0.156025
0.0198951
-0.185446
0.0198951
-0.10388
0.0198951
-0.156025
0.0198951
-0.193525
-0.0221049
-0.0579462
-0.156025
-0.0254886
-0.156025
-0.193525
-0.193525
-0.130255
-0.193525
-0.0454367
-0.193525
-0.193525
-0.185446
-0.132755
-0.0279886
-0.193525
-0.193525
-0.193525
-0.156025
-0.193525
-0.193525
0.0198951
-0.156025
0.0198951
-0.185446
0.0198951
-0.185446
0.0198951
-0.0579462
0.0198951
-0.0579462
0.0198951
-0.130255
0.0198951
-0.0579462
0.0198951
-0.132755
0.0198951
-0.156025
0.0198951
0.0159299
0.0198951
0.0159299
0.0198951
0.0159299
0.0198951
0.0159299
0.0198951
0.0159299
0.0198951
0.0159299
0.0159299
0.0198951
0.0159299
0.0198951
0.0159299
0.0198951
0.0159299
0.0198951
0.0159299
0.0198951
-0.132755
0.0198951
0.0145633
0.0198951
-0.0579462
0.0198951
-0.130255
0.0198951
-0.185446
0.0198951
-0.156025
0.0198951
-0.185446
0.0198951
-0.10388
0.0198951
-0.156025
0.0198951
-0.193525
-0.0221049
-0.0579462
-0.156025
-0.0254886
-0.156025
-0.193525
-0.193525
-0.130255
-0.193525
-0.0454367
-0.193525
-0.193525
-0.185446
-0.132755
-0.0279886
-0.193525
-0.193525
-0.193525
-0.156025
-0.193525
-0.193525
0.0198951
-0.156025
0.0198951
-0.185446
0.0198951
-0.185446
0.0198951
-0.0579462
0.0198951
-0.0579462
0.0198951
-0.130255
0.0198951
-0.0579462
0.0198951
-0.132755
0.0198951
-0.156025
0.0198951
0.0159299
0.0198951
0.0159299
0.0198951
0.0159299
0.0198951
0.0159299
0.0198951
0.0159299
0.0198951
0.0159299
0.0198951
0.0159299
0.0198951
0.0159299
0.0198951
0.0159299
0.0198951
0.0159299
0.0198951
0.0159299
-0.0629462
0.0159299
-0.156025
0.0159299
-0.156025
0.0159299
-0.0435248
0.0159299
-0.156025
0.0159299
-0.0629462
0.0159299
-0.156025
0.0159299
-0.156025
0.0159299
-0.156025
0.0159299
-0.193525
-0.0221049
-0.0612796
-0.0657971
-0.108265
-0.0713799
-0.131505
-0.141505
-0.130255
-0.193525
-0.0267386
-0.0917929
-0.108265
-0.117989
-0.132755
-0.0663799
-0.131505
0.0111312
-0.130255
-0.193525
-0.130255
-0.193525
0.0159299
-0.136316
0.0198951
-0.193525
0.0198951
-0.181139
0.0198951
0.0107449
0.0198951
-0.0770491
0.0198951
-0.184586
0.0198951
-0.184586
0.0198951
-0.18818
0.0198951
-0.133816
0.0198951
0.0159299
0.0198951
0.0159299
0.0198951
0.0159299
0.0198951
0.0159299
0.0198951
0.0159299
0.0198951
0.0159299
0.0159299
0.0198951
0.0159299
0.0198951
0.0159299
0.0198951
0.0159299
0.0198951
0.0159299
0.0198951
-0.156025
0.0198951
-0.156025
0.0198951
-0.0579462
0.0198951
-0.130255
0.0198951
-0.185446
0.0198951
-0.156025
0.0198951
-0.185446
0.0198951
-0.10388
0.0198951
-0.156025
0.0198951
-0.193525
-0.0221049
-0.0579462
-0.156025
-0.132755
-0.149964
-0.193525
-0.193525
-0.0629462
-0.110106
-0.193525
-0.193525
-0.193525
-0.185446
-0.131505
-0.0967386
-0.193525
-0.193525
-0.193525
-0.156025
-0.193525
-0.193525
0.0198951
-0.156025
0.0198951
-0.185446
0.0198951
-0.185446
0.0198951
-0.0579462
0.0198951
-0.0579462
0.0198951
-0.130255
0.0198951
-0.0579462
0.0198951
-0.132755
0.0198951
-0.156025
0.0198951
0.0159299
0.0198951
0.0159299
0.0198951
0.0159299
0.0198951
0.0159299
0.0198951
0.0159299
0.0198951
0.0159299
0.0159299
0.0198951
0.0159299
0.0198951
0.0159299
0.0198951
0.0159299
0.0198951
0.0159299
0.0198951
-0.132755
0.0198951
-0.156025
0.0198951
-0.0579462
0.0198951
-0.130255
0.0198951
-0.185446
0.0198951
-0.156025
0.0198951
-0.185446
0.0198951
-0.10388
0.0198951
-0.156025
0.0198951
-0.193525
-0.0221049
-0.0579462
-0.156025
-0.0254886
-0.156025
-0.193525
-0.193525
-0.0279886
0.0145633
-0.193525
-0.193525
-0.193525
-0.185446
-0.156025
-0.0075775
-0.193525
-0.193525
-0.193525
-0.156025
-0.193525
-0.193525
0.0198951
-0.156025
0.0198951
-0.185446
0.0198951
-0.185446
0.0198951
-0.0579462
0.0198951
-0.0579462
0.0198951
-0.130255
0.0198951
-0.0579462
0.0198951
-0.132755
0.0198951
-0.156025
0.0198951
0.0159299
0.0198951
0.0159299
0.0198951
0.0159299
0.0198951
0.0159299
0.0198951
0.0159299
0.0198951
0.0159299
0.0159299
0.0198951
0.0159299
0.0198951
0.0159299
0.0198951
0.0159299
0.0198951
0.0159299
0.0198951
-0.132755
0.0198951
-0.156025
0.0198951
-0.0579462
0.0198951
-0.130255
0.0198951
-0.185446
0.0198951
-0.156025
0.0198951
-0.185446
0.0198951
-0.10388
0.0198951
-0.156025
0.0198951
-0.193525
-0.0221049
-0.0579462
-0.156025
-0.0254886
-0.156025
-0.193525
-0.193525
-0.130255
-0.193525
-0.193525
-0.193525
-0.193525
-0.185446
-0.132755
-0.0279886
-0.193525
-0.193525
-0.193525
-0.156025
-0.193525
-0.193525
0.0198951
-0.156025
0.0198951
-0.185446
0.0198951
-0.185446
0.0198951
-0.0579462
0.0198951
-0.0579462
0.0198951
-0.130255
0.0198951
-0.0579462
0.0198951
-0.132755
0.0198951
-0.156025
0.0198951
0.0159299
0.0198951
0.0159299
0.0198951
0.0159299
0.0198951
0.0159299
0.0198951
0.0159299
0.0198951
0.0159299
0.0159299
0.0198951
0.0159299
0.0198951
0.0159299
0.0198951
0.0159299
0.0198951
0.0159299
0.0198951
-0.132755
0.0198951
-0.156025
0.0198951
-0.0579462
0.0198951
-0.130255
0.0198951
-0.185446
0.0198951
-0.156025
0.0198951
-0.185446
0.0198951
-0.10388
0.0198951
-0.156025
0.0198951
-0.193525
-0.0221049
-0.0579462
-0.156025
-0.0254886
-0.156025
-0.193525
-0.193525
-0.130255
-0.193525
-0.193525
-0.193525
-0.193525
-0.185446
-0.132755
-0.0279886
-0.193525
-0.193525
-0.193525
-0.156025
-0.193525
-0.193525
0.0198951
-0.156025
0.0198951
-0.185446
0.0198951
-0.185446
0.0198951
-0.0579462
0.0198951
-0.0579462
0.0198951
-0.130255
0.0198951
-0.0579462
0.0198951
-0.132755
0.0198951
-0.156025
0.0198951
0.0159299
0.0198951
0.0159299
0.0198951
0.0159299
0.0198951
0.0159299
0.0198951
0.0159299
0.0198951
0.0159299
0.0159299
0.0198951
0.0159299
0.0198951
0.0159299
0.0198951
0.0159299
0.0198951
0.0159299
0.0198951
-0.132755
0.0198951
-0.156025
0.0198951
-0.0579462
0.0198951
-0.130255
0.0198951
-0.185446
0.0198951
-0.156025
0.0198951
-0.185446
0.0198951
-0.10388
0.0198951
-0.156025
0.0198951
-0.193525
-0.0221049
-0.0579462
-0.156025
-0.0254886
-0.156025
-0.193525
-0.193525
-0.130255
-0.193525
-0.193525
-0.193525
-0.193525
-0.185446
-0.132755
-0.0279886
-0.193525
-0.193525
-0.193525
-0.156025
-0.193525
-0.193525
0.0198951
-0.156025
0.0198951
-0.185446
0.0198951
-0.185446
0.0198951
-0.0579462
0.0198951
-0.0579462
0.0198951
-0.130255
0.0198951
-0.0579462
0.0198951
-0.132755
0.0198951
-0.156025
0.0198951
0.0159299
0.0198951
0.0159299
0.0198951
0.0159299
0.0198951
0.0159299
0.0198951
0.0159299
0.0198951
0.0159299
0.0198951
0.0159299
0.0198951
0.0159299
0.0198951
0.0159299
0.0198951
0.0159299
0.0198951
0.0159299
-0.0629462
0.0159299
-0.156025
0.0159299
-0.156025
0.0159299
-0.0435248
0.0159299
-0.156025
0.0159299
-0.0629462
0.0159299
-0.156025
0.0159299
-0.156025
0.0159299
-0.156025
0.0159299
-0.193525
-0.0221049
-0.0612796
-0.0657971
-0.108265
-0.0713799
-0.131505
-0.141505
-0.130255
-0.193525
-0.0267386
-0.0917929
-0.108265
-0.117989
-0.132755
-0.0663799
-0.131505
0.0111312
-0.130255
-0.193525
-0.130255
-0.193525
0.0159299
-0.136316
0.0198951
-0.193525
0.0198951
-0.181139
0.0198951
0.0107449
0.0198951
-0.0770491
0.0198951
-0.184586
0.0198951
-0.184586
0.0198951
-0.18818
0.0198951
-0.133816
0.0198951
0.0159299
0.0198951
0.0159299
0.0198951
0.0159299
0.0198951
0.0159299
0.0198951
0.0159299
0.0198951
0.0159299
0.0159299
0.0198951
0.0159299
0.0198951
0.0159299
0.0198951
0.0159299
0.0198951
0.0159299
0.0198951
-0.156025
0.0198951
-0.156025
0.0198951
-0.0579462
0.0198951
-0.130255
0.0198951
-0.185446
0.0198951
-0.156025
0.0198951
-0.185446
0.0198951
-0.10388
0.0198951
-0.156025
0.0198951
-0.193525
-0.0221049
-0.0579462
-0.156025
-0.132755
-0.149964
-0.193525
-0.193525
-0.0629462
-0.110106
-0.193525
-0.193525
-0.193525
-0.185446
-0.131505
-0.0967386
-0.193525
-0.193525
-0.193525
-0.156025
-0.193525
-0.193525
0.0198951
-0.156025
0.0198951
-0.185446
0.0198951
-0.185446
0.0198951
-0.0579462
0.0198951
-0.0579462
0.0198951
-0.130255
0.0198951
-0.0579462
0.0198951
-0.132755
0.0198951
-0.156025
0.0198951
0.0159299
0.0198951
0.0159299
0.0198951
0.0159299
0.0198951
0.0159299
0.0198951
0.0159299
0.0198951
0.0159299
0.0159299
0.0198951
0.0159299
0.0198951
0.0159299
0.0198951
0.0159299
0.0198951
0.0159299
0.0198951
-0.132755
0.0198951
-0.156025
0.0198951
-0.0579462
0.0198951
-0.130255
0.0198951
-0.185446
0.0198951
-0.156025
0.0198951
-0.185446
0.0198951
-0.10388
0.0198951
-0.156025
0.0198951
-0.193525
-0.0221049
-0.0579462
-0.156025
-0.0254886
-0.156025
-0.193525
-0.193525
-0.0279886
0.0145633
-0.193525
-0.193525
-0.193525
-0.185446
-0.156025
-0.0075775
-0.193525
-0.193525
-0.193525
-0.156025
-0.193525
-0.193525
0.0198951
-0.156025
0.0198951
-0.185446
0.0198951
-0.185446
0.0198951
-0.0579462
0.0198951
-0.0579462
0.0198951
-0.130255
0.0198951
-0.0579462
0.0198951
-0.132755
0.0198951
-0.156025
0.0198951
0.0159299
0.0198951
0.0159299
0.0198951
0.0159299
0.0198951
0.0159299
0.0198951
0.0159299
0.0198951
0.0159299
0.0159299
0.0198951
0.0159299
0.0198951
0.0159299
0.0198951
0.0159299
0.0198951
0.0159299
0.0198951
-0.132755
0.0198951
-0.156025
0.0198951
-0.0579462
0.0198951
-0.130255
0.0198951
-0.185446
0.0198951
-0.156025
0.0198951
-0.185446
0.0198951
-0.10388
0.0198951
-0.156025
0.0198951
-0.193525
-0.0221049
-0.0579462
-0.156025
-0.0254886
-0.156025
-0.193525
-0.193525
-0.130255
-0.193525
-0.193525
-0.193525
-0.193525
-0.185446
-0.132755
-0.0279886
-0.193525
-0.193525
-0.193525
-0.156025
-0.193525
-0.193525
0.0198951
-0.156025
0.0198951
-0.185446
0.0198951
-0.185446
0.0198951
-0.0579462
0.0198951
-0.0579462
0.0198951
-0.130255
0.0198951
-0.0579462
0.0198951
-0.132755
0.0198951
-0.156025
0.0198951
0.0159299
0.0198951
0.0159299
0.0198951
0.0159299
0.0198951
0.0159299
0.0198951
0.0159299
0.0198951
0.0159299
0.0159299
0.0198951
0.0159299
0.0198951
0.0159299
0.0198951
0.0159299
0.0198951
0.0159299
0.0198951
-0.132755
0.0198951
-0.156025
0.0198951
-0.0579462
0.0198951
-0.130255
0.0198951
-0.185446
0.0198951
-0.156025
0.0198951
-0.185446
0.0198951
-0.10388
0.0198951
-0.156025
0.0198951
-0.193525
-0.0221049
-0.0579462
-0.156025
-0.0254886
-0.156025
-0.193525
-0.193525
-0.130255
-0.193525
-0.193525
-0.193525
-0.193525
-0.185446
-0.132755
-0.0279886
-0.193525
-0.193525
-0.193525
-0.156025
-0.193525
-0.193525
0.0198951
-0.156025
0.0198951
-0.185446
0.0198951
-0.185446
0.0198951
-0.0579462
0.0198951
-0.0579462
0.0198951
-0.130255
0.0198951
-0.0579462
0.0198951
-0.132755
0.0198951
-0.156025
0.0198951
0.0159299
0.0198951
0.0159299
0.0198951
0.0159299
0.0198951
0.0159299
0.0198951
0.0159299
0.0198951
0.0159299
0.0159299
0.0198951
0.0159299
0.0198951
0.0159299
0.0198951
0.0159299
0.0198951
0.0159299
0.0198951
-0.132755
0.0198951
-0.156025
0.0198951
-0.0579462
0.0198951
-0.130255
0.0198951
-0.185446
0.0198951
-0.156025
0.0198951
-0.185446
0.0198951
-0.10388
0.0198951
-0.156025
0.0198951
-0.193525
-0.0221049
-0.0579462
-0.156025
-0.0254886
-0.156025
-0.193525
-0.193525
-0.130255
-0.193525
-0.193525
-0.193525
-0.193525
-0.185446
-0.132755
-0.0279886
-0.193525
-0.193525
-0.193525
-0.156025
-0.193525
-0.193525
0.0198951
-0.156025
0.0198951
-0.185446
0.0198951
-0.185446
0.0198951
-0.0579462
0.0198951
-0.0579462
0.0198951
-0.130255
0.0198951
-0.0579462
0.0198951
-0.132755
0.0198951
-0.156025
0.0198951
0.0159299
0.0198951
0.0159299
0.0198951
0.0159299
0.0198951
0.0159299
0.0198951
0.0159299
0.0198951
0.0159299
0.0198951
0.0159299
0.0198951
0.0159299
0.0198951
0.0159299
0.0198951
0.0159299
0.0198951
0.0159299
-0.0629462
0.0159299
-0.156025
0.0159299
-0.156025
0.0159299
-0.0435248
0.0159299
-0.156025
0.0159299
-0.0629462
0.0159299
-0.156025
0.0159299
-0.156025
0.0159299
-0.156025
0.0159299
-0.193525
-0.0221049
-0.0612796
-0.0657971
-0.108265
-0.0713799
-0.131505
-0.141505
-0.130255
-0.193525
-0.0267386
-0.0917929
-0.108265
-0.117989
-0.132755
-0.0663799
-0.131505
0.0111312
-0.130255
-0.193525
-0.130255
-0.193525
0.0159299
-0.136316
0.0198951
-0.193525
0.0198951
-0.181139
0.0198951
0.0107449
0.0198951
-0.0770491
0.0198951
-0.184586
0.0198951
-0.184586
0.0198951
-0.18818
0.0198951
-0.133816
0.0198951
0.0159299
0.0198951
0.0159299
0.0198951
0.0159299
0.0198951
0.0159299
0.0198951
0.0159299
0.0198951
0.0159299
0.0159299
0.0198951
0.0159299
0.0198951
0.0159299
0.0198951
0.0159299
0.0198951
0.0159299
0.0198951
-0.156025
0.0198951
-0.156025
0.0198951
-0.0579462
0.0198951
-0.130255
0.0198951
-0.185446
0.0198951
-0.156025
0.0198951
-0.185446
0.0198951
-0.10388
0.0198951
-0.156025
0.0198951
-0.193525
-0.0221049
-0.0579462
-0.156025
-0.132755
-0.149964
-0.193525
-0.193525
-0.0629462
-0.110106
-0.193525
-0.193525
-0.193525
-0.185446
-0.131505
-0.0967386
-0.193525
-0.193525
-0.193525
-0.156025
-0.193525
-0.193525
0.0198951
-0.156025
0.0198951
-0.185446
0.0198951
-0.185446
0.0198951
-0.0579462
0.0198951
-0.0579462
0.0198951
-0.130255
0.0198951
-0.0579462
0.0198951
-0.132755
0.0198951
-0.156025
0.0198951
0.0159299
0.0198951
0.0159299
0.0198951
0.0159299
0.0198951
0.0159299
0.0198951
0.0159299
0.0198951
0.0159299
0.0159299
0.0198951
0.0159299
0.0198951
0.0159299
0.0198951
0.0159299
0.0198951
0.0159299
0.0198951
-0.132755
0.0198951
-0.156025
0.0198951
-0.0579462
0.0198951
-0.130255
0.0198951
-0.185446
0.0198951
-0.156025
0.0198951
-0.185446
0.0198951
-0.10388
0.0198951
-0.156025
0.0198951
-0.193525
-0.0221049
-0.0579462
-0.156025
-0.0254886
-0.156025
-0.193525
-0.193525
-0.0279886
0.0145633
-0.193525
-0.193525
-0.193525
-0.185446
-0.156025
-0.0075775
-0.193525
-0.193525
-0.193525
-0.156025
-0.193525
-0.193525
0.0198951
-0.156025
0.0198951
-0.185446
0.0198951
-0.185446
0.0198951
-0.0579462
0.0198951
-0.0579462
0.0198951
-0.130255
0.0198951
-0.0579462
0.0198951
-0.132755
0.0198951
-0.156025
0.0198951
0.0159299
0.0198951
0.0159299
0.0198951
0.0159299
0.0198951
0.0159299
0.0198951
0.0159299
0.0198951
0.0159299
0.0159299
0.0198951
0.0159299
0.0198951
0.0159299
0.0198951
0.0159299
0.0198951
0.0159299
0.0198951
-0.132755
0.0198951
-0.156025
0.0198951
-0.0579462
0.0198951
-0.130255
0.0198951
-0.185446
0.0198951
-0.156025
0.0198951
-0.185446
0.0198951
-0.10388
0.0198951
-0.156025
0.0198951
-0.193525
-0.0221049
-0.0579462
-0.156025
-0.0254886
-0.156025
-0.193525
-0.193525
-0.130255
-0.193525
-0.193525
-0.193525
-0.193525
-0.185446
-0.132755
-0.0279886
-0.193525
-0.193525
-0.193525
-0.156025
-0.193525
-0.193525
0.0198951
-0.156025
0.0198951
-0.185446
0.0198951
-0.185446
0.0198951
-0.0579462
0.0198951
-0.0579462
0.0198951
-0.130255
0.0198951
-0.0579462
0.0198951
-0.132755
0.0198951
-0.156025
0.0198951
0.0159299
0.0198951
0.0159299
0.0198951
0.0159299
0.0198951
0.0159299
0.0198951
0.0159299
0.0198951
0.0159299
0.0159299
0.0198951
0.0159299
0.0198951
0.0159299
0.0198951
0.0159299
0.0198951
0.0159299
0.0198951
-0.132755
0.0198951
-0.156025
0.0198951
-0.0579462
0.0198951
-0.130255
0.0198951
-0.185446
0.0198951
-0.156025
0.0198951
-0.185446
0.0198951
-0.10388
0.0198951
-0.156025
0.0198951
-0.193525
-0.0221049
-0.0579462
-0.156025
-0.0254886
-0.156025
-0.193525
-0.193525
-0.130255
-0.193525
-0.193525
-0.193525
-0.193525
-0.185446
-0.132755
-0.0279886
-0.193525
-0.193525
-0.193525
-0.156025
-0.193525
-0.193525
0.0198951
-0.156025
0.0198951
-0.185446
0.0198951
-0.185446
0.0198951
-0.0579462
0.0198951
-0.0579462
0.0198951
-0.130255
0.0198951
-0.0579462
0.0198951
-0.132755
0.0198951
-0.156025
0.0198951
0.0159299
0.0198951
0.0159299
0.0198951
0.0159299
0.0198951
0.0159299
0.0198951
0.0159299
0.0198951
0.0159299
0.0159299
0.0198951
0.0159299
0.0198951
0.0159299
0.0198951
0.0159299
0.0198951
0.0159299
0.0198951
-0.132755
0.0198951
-0.156025
0.0198951
-0.0579462
0.0198951
-0.130255
0.0198951
-0.185446
0.0198951
-0.156025
0.0198951
-0.185446
0.0198951
-0.10388
0.0198951
-0.156025
0.0198951
-0.193525
-0.0221049
-0.0579462
-0.156025
-0.0254886
-0.156025
-0.193525
-0.193525
-0.130255
-0.193525
-0.193525
-0.193525
-0.193525
-0.185446
-0.132755
-0.0279886
-0.193525
-0.193525
-0.193525
-0.156025
-0.193525
-0.193525
0.0198951
-0.156025
0.0198951
-0.185446
0.0198951
-0.185446
0.0198951
-0.0579462
0.0198951
-0.0579462
0.0198951
-0.130255
0.0198951
-0.0579462
0.0198951
-0.132755
0.0198951
-0.156025
