0.633082
0.184988
0.633082
0.184988
0.633082
0.184988
0.633082
0.184988
0.547074
0.287488
0.334297
0.507797
0.184988
0.633082
0.184988
0.633082
0.184988
0.633082
0.184988
0.633082
0.184988
0.633082
0.0899878
0.712796
0.0899878
0.712796
0.0899878
0.712796
0.0899878
0.712796
0.00748782
0.775294
0.00748782
0.775294
0.00748782
0.775294
-0.00501218
0.650336
-0.00501218
0.0187378
-0.00501218
0.0187378
-1.21801e-05
-1.21801e-05
-1.21801e-05
-1.21801e-05
-1.21801e-05
-1.21801e-05
-1.21801e-05
-1.21801e-05
-1.21801e-05
-1.21801e-05
-0.00501218
0.00748782
0.299988
-0.00501218
0.775294
0.00748782
0.775294
0.00748782
0.775294
0.00748782
0.712796
0.0899878
0.712796
0.0899878
0.712796
0.0899878
0.712796
0.0899878
0.633082
0.184988
0.782503
-0.00499942
0.782503
-0.00499942
0.782503
-0.00499942
0.782503
-0.00499942
0.751255
0.0441545
0.334297
0.520297
0.0331927
0.772953
-0.00499942
0.795003
-0.00499942
0.795003
-0.00499942
0.795003
-0.00501218
0.795003
-0.00501218
0.795003
-0.00501218
0.795003
-0.00501218
0.795003
0.00748782
0.787794
0.00748782
0.787794
0.00748782
0.787794
0.00748782
0.787794
-0.00501218
0.650336
-0.00501218
0.349988
-0.00501218
0.319988
-0.00501218
0.208738
-0.00501218
0.204988
0.00123782
0.323738
-0.00501218
0.204988
-0.00501218
0.204988
-0.00501218
0.319988
-0.00501218
0.319988
0.782503
-0.00501218
0.782503
-0.00501218
0.782503
-0.00501218
0.782503
-0.00501218
0.782503
-0.00501218
0.782503
-0.00501218
0.782503
-0.00501218
0.782503
-0.00501218
0.725383
0.0749878
0.725383
0.0749878
0.725383
0.0749878
0.725383
0.0749878
0.670841
0.139988
0.334297
0.520297
0.0331927
0.772953
-0.00499942
0.795003
-0.00499942
0.795003
-0.00499942
0.795003
0.184988
0.645582
0.0899878
0.725296
0.0899878
0.725296
0.00748782
0.787794
0.00748782
0.787794
0.00748782
0.787794
0.00748782
0.787794
0.00748782
0.787794
-0.00501218
0.650336
-0.00501218
0.163738
-0.00501218
0.104988
-0.00501218
0.108738
-0.00501218
0.163738
-0.00501218
0.114988
-0.00501218
0.104988
-0.00501218
0.104988
-1.21801e-05
0.0999878
0.117488
0.0737378
0.782503
-0.00501218
0.782503
-0.00501218
0.782503
-0.00501218
0.782503
-0.00501218
0.782503
-0.00501218
0.782503
-0.00501218
0.725383
0.0749878
0.725383
0.0749878
0.697413
0.108321
0.697413
0.108321
0.697413
0.108321
0.697413
0.108321
0.63448
0.183321
0.334297
0.520297
0.0331927
0.772953
0.184988
0.645582
0.184988
0.645582
0.184988
0.645582
0.184988
0.645582
0.0899878
0.725296
0.0899878
0.725296
0.0899878
0.725296
0.00748782
0.787794
0.00748782
0.787794
0.00748782
0.787794
0.00748782
0.787794
-0.00501218
0.650336
-0.00501218
0.141654
-0.00501218
0.111654
-1.21801e-05
0.0704045
-1.21801e-05
0.0666545
-0.00501218
0.115404
-0.00501218
0.115404
-0.00501218
0.111654
-1.21801e-05
0.0666545
-1.21801e-05
0.0704045
0.782503
-0.00501218
0.782503
-0.00501218
0.782503
-0.00501218
0.782503
-0.00501218
0.782503
-0.00501218
0.782503
-0.00501218
0.782503
-0.00501218
0.782503
-0.00501218
0.683428
0.124988
0.683428
0.124988
0.683428
0.124988
0.683428
0.124988
0.612629
0.209363
0.334297
0.520297
0.184988
0.645582
0.184988
0.645582
0.184988
0.645582
0.184988
0.645582
0.184988
0.645582
0.0899878
0.725296
0.0899878
0.725296
0.0899878
0.725296
0.00748782
0.787794
0.00748782
0.787794
0.00748782
0.787794
0.00748782
0.787794
-0.00501218
0.650336
-0.00501218
0.0893628
0.0487378
0.0449878
-1.21801e-05
0.0599878
0.0362378
0.104363
-0.00501218
0.0956128
-0.00501218
0.115613
-0.00501218
0.0856128
-1.21801e-05
0.0499878
0.0999878
0.0731128
0.772768
0.0118628
0.772768
0.0118628
0.772768
0.0118628
0.772768
0.0118628
0.772768
0.0118628
0.772768
0.0118628
0.772768
0.0118628
0.772768
0.0118628
0.675037
0.134988
0.675037
0.134988
0.675037
0.134988
0.675037
0.134988
0.599518
0.224988
0.334297
0.520297
0.184988
0.645582
0.184988
0.645582
0.184988
0.645582
0.184988
0.645582
0.184988
0.645582
0.0899878
0.725296
0.0899878
0.725296
0.0899878
0.725296
0.00748782
0.787794
0.00748782
0.787794
0.00748782
0.787794
0.00748782
0.787794
-0.00501218
0.650336
-1.21801e-05
0.0399878
0.0487378
0.0449878
-1.21801e-05
0.0399878
-1.21801e-05
0.0399878
0.00748782
0.0349878
-0.00501218
0.0799878
-0.00501218
0.0699878
-1.21801e-05
0.0399878
-0.00501218
0.0699878
0.782503
-0.00501218
0.763747
0.0274878
0.763747
0.0274878
0.763747
0.0274878
0.763747
0.0274878
0.763747
0.0274878
0.763747
0.0274878
0.763747
0.0274878
0.795003
-0.00499942
0.795003
-0.00499942
0.795003
-0.00499942
0.795003
-0.00499942
0.772953
0.0331927
0.334297
0.507797
0.0331927
0.760453
-0.00499942
0.782503
-0.00499942
0.782503
-0.00499942
0.782503
-0.00501218
0.782503
-0.00501218
0.782503
-0.00501218
0.782503
-0.00501218
0.782503
-0.00501218
0.782503
-0.00501218
0.782503
-0.00501218
0.782503
-0.00501218
0.782503
0.319988
0.404303
0.313738
0.0124878
0.204988
0.0199878
0.204988
0.0199878
0.313738
0.0124878
0.204988
-0.00501218
0.204988
-0.00501218
0.204988
-0.00501218
0.204988
-0.00501218
0.277488
-0.00501218
0.787794
0.00748782
0.787794
0.00748782
0.787794
0.00748782
0.787794
0.00748782
0.795003
-0.00501218
0.795003
-0.00501218
0.795003
-0.00501218
0.795003
-0.00501218
0.795003
-0.00499942
0.763755
0.0441545
0.763755
0.0441545
0.763755
0.0441545
0.763755
0.0441545
0.334297
0.520297
0.0441545
0.763755
0.0441545
0.763755
0.0441545
0.763755
-0.00499942
0.795003
-0.00501218
0.795003
-0.00501218
0.795003
-0.00501218
0.795003
-0.00501218
0.795003
-0.00501218
0.795003
-0.00501218
0.795003
-0.00501218
0.795003
-0.00501218
0.795003
0.319988
0.404303
0.338738
0.213738
0.319988
0.311238
0.194988
0.319988
0.313738
0.323738
0.323738
0.198738
0.194988
0.338738
0.194988
0.338738
0.0449878
0.319988
0.0449878
0.319988
0.795003
-0.00501218
0.795003
-0.00501218
0.795003
-0.00501218
0.795003
-0.00501218
0.795003
-0.00501218
0.795003
-0.00501218
0.795003
-0.00501218
0.795003
-0.00501218
0.795003
-0.00499942
0.795003
-0.00499942
0.795003
-0.00499942
0.795003
-0.00499942
0.772953
0.0331927
0.334297
0.520297
0.0441545
0.763755
-0.00499942
0.795003
-0.00499942
0.795003
-0.00499942
0.795003
-0.00501218
0.795003
-0.00501218
0.795003
-0.00501218
0.795003
-0.00501218
0.795003
-0.00501218
0.795003
-0.00501218
0.795003
-0.00501218
0.795003
-0.00501218
0.795003
0.319988
0.404303
0.349988
0.0387378
0.319988
0.104988
0.332488
0.187488
0.313738
0.176238
0.323738
0.169988
0.313738
0.187488
0.114988
0.169988
0.117488
0.169988
0.111238
0.0737378
0.795003
-0.00501218
0.795003
-0.00501218
0.795003
-0.00501218
0.795003
-0.00501218
0.775525
0.0287378
0.775525
0.0287378
0.795003
-0.00501218
0.795003
-0.00501218
0.795003
-0.00499942
0.795003
-0.00499942
0.795003
-0.00499942
0.795003
-0.00499942
0.772953
0.0331927
0.334297
0.520297
0.0331927
0.772953
-0.00499942
0.795003
-0.00499942
0.795003
-0.00499942
0.795003
-0.00501218
0.795003
-0.00501218
0.795003
-0.00501218
0.795003
-0.00501218
0.795003
-0.00501218
0.795003
-0.00501218
0.795003
-0.00501218
0.795003
-0.00501218
0.795003
0.319988
0.404303
0.338738
0.117904
0.319988
0.0716545
0.349988
0.0804045
0.313738
0.115404
0.323738
0.102904
0.194988
0.115404
0.198738
0.115404
0.204988
0.102904
0.199988
0.0704045
0.795003
-0.00501218
0.795003
-0.00501218
0.795003
-0.00501218
0.795003
-0.00501218
0.795003
-0.00501218
0.795003
-0.00501218
0.795003
-0.00501218
0.795003
-0.00501218
0.795003
-0.00499942
0.795003
-0.00499942
0.795003
-0.00499942
0.795003
-0.00499942
0.772953
0.0331927
0.334297
0.520297
0.0331927
0.772953
-0.00499942
0.795003
-0.00499942
0.795003
-0.00499942
0.795003
-0.00501218
0.795003
-0.00501218
0.795003
-0.00501218
0.795003
-0.00501218
0.795003
-0.00501218
0.795003
-0.00501218
0.795003
-0.00501218
0.795003
-0.00501218
0.795003
0.319988
0.404303
0.313738
0.0893628
0.323738
0.0981128
0.313738
0.0981128
0.313738
0.109363
0.313738
0.0981128
0.323738
0.0731128
0.323738
0.0749878
0.338738
0.0749878
0.204988
0.0731128
0.795003
-0.00501218
0.785268
0.0118628
0.785268
0.0118628
0.785268
0.0118628
0.795003
-0.00501218
0.795003
-0.00501218
0.795003
-0.00501218
0.795003
-0.00501218
0.795003
-0.00499942
0.795003
-0.00499942
0.795003
-0.00499942
0.795003
-0.00499942
0.772953
0.0331927
0.334297
0.520297
0.0331927
0.772953
-0.00499942
0.795003
-0.00499942
0.795003
-0.00499942
0.795003
-0.00501218
0.795003
-0.00501218
0.795003
-0.00501218
0.795003
-0.00501218
0.795003
-0.00501218
0.795003
-0.00501218
0.795003
-0.00501218
0.795003
-0.00501218
0.795003
0.319988
0.404303
0.329988
0.0537378
0.323738
0.0762378
0.349988
0.0274878
0.313738
0.0737378
0.323738
0.0474878
0.313738
0.0737378
0.323738
0.0537378
0.204988
0.0674878
0.194988
0.0699878
0.795003
-0.00501218
0.795003
-0.00501218
0.776247
0.0274878
0.795003
-0.00501218
0.795003
-0.00501218
0.795003
-0.00501218
0.795003
-0.00501218
0.795003
-0.00501218
0.795003
-0.00499942
0.795003
-0.00499942
0.795003
-0.00499942
0.795003
-0.00499942
0.772953
0.0331927
0.334297
0.507797
0.0749878
0.725383
0.0749878
0.725383
0.0749878
0.725383
0.0749878
0.725383
0.0749878
0.725383
0.0749878
0.725383
-0.00501218
0.782503
-0.00501218
0.782503
-0.00501218
0.782503
-0.00501218
0.782503
-0.00501218
0.782503
-0.00501218
0.782503
0.0662378
0.58253
0.161238
0.0612378
0.104988
0.0199878
0.104988
0.0199878
0.104988
-0.00501218
0.104988
-0.00501218
0.104988
-0.00501218
0.104988
-0.00501218
0.104988
-0.00501218
0.249988
-0.00501218
0.787794
0.00748782
0.787794
0.00748782
0.787794
0.00748782
0.787794
0.00748782
0.787794
0.00748782
0.725296
0.0899878
0.725296
0.0899878
0.645582
0.184988
0.795003
-0.00499942
0.795003
-0.00499942
0.795003
-0.00499942
0.763755
0.0441545
0.763755
0.0441545
0.334297
0.520297
0.0331927
0.772953
-0.00499942
0.795003
-0.00499942
0.795003
-0.00499942
0.795003
-0.00501218
0.795003
-0.00501218
0.795003
0.0287378
0.775525
0.0287378
0.775525
-0.00501218
0.795003
-0.00501218
0.795003
-0.00501218
0.795003
-0.00501218
0.795003
0.0662378
0.58253
0.176238
0.332488
0.0549878
0.319988
0.173738
0.326238
0.176238
0.323738
0.0199878
0.323738
0.151238
0.338738
0.0237378
0.338738
0.0199878
0.319988
0.0199878
0.319988
0.795003
-0.00501218
0.795003
-0.00501218
0.795003
-0.00501218
0.795003
-0.00501218
0.795003
-0.00501218
0.795003
-0.00501218
0.795003
-0.00501218
0.795003
-0.00501218
0.737883
0.0749878
0.737883
0.0749878
0.737883
0.0749878
0.737883
0.0749878
0.690683
0.131238
0.334297
0.520297
0.0749878
0.737883
0.0749878
0.737883
0.0749878
0.737883
0.0749878
0.737883
0.0749878
0.737883
0.0749878
0.737883
0.0287378
0.775525
-0.00501218
0.795003
-0.00501218
0.795003
-0.00501218
0.795003
-0.00501218
0.795003
-0.00501218
0.795003
0.0662378
0.58253
0.176238
0.176238
0.193738
0.169988
0.0512378
0.182488
0.176238
0.176238
0.173738
0.0699878
0.157488
0.187488
0.0512378
0.173738
0.181238
0.167488
0.0549878
0.0737378
0.795003
-0.00501218
0.795003
-0.00501218
0.795003
-0.00501218
0.795003
-0.00501218
0.795003
-0.00501218
0.775525
0.0287378
0.737883
0.0749878
0.737883
0.0749878
0.709913
0.108321
0.709913
0.108321
0.709913
0.108321
0.709913
0.108321
0.772953
0.0331927
0.334297
0.520297
0.0749878
0.737883
0.0749878
0.737883
0.0749878
0.737883
0.0749878
0.737883
0.0749878
0.737883
0.0749878
0.737883
-0.00501218
0.795003
-0.00501218
0.795003
-0.00501218
0.795003
-0.00501218
0.795003
-0.00501218
0.795003
-0.00501218
0.795003
0.0662378
0.58253
0.176238
0.124154
0.173738
0.0916545
0.173738
0.0512378
0.173738
0.0804045
0.181238
0.0754045
0.113738
0.130404
0.124988
0.121654
0.182488
0.102904
0.0999878
0.0704045
0.795003
-0.00501218
0.795003
-0.00501218
0.795003
-0.00501218
0.795003
-0.00501218
0.795003
-0.00501218
0.795003
-0.00501218
0.795003
-0.00501218
0.795003
-0.00501218
0.695928
0.124988
0.695928
0.124988
0.695928
0.124988
0.795003
-0.00499942
0.772953
0.0331927
0.334297
0.520297
0.0749878
0.737883
0.0749878
0.737883
0.0749878
0.737883
0.0749878
0.737883
0.0749878
0.737883
0.0749878
0.737883
-0.00501218
0.795003
-0.00501218
0.795003
-0.00501218
0.795003
-0.00501218
0.795003
-0.00501218
0.795003
-0.00501218
0.795003
0.0662378
0.58253
0.176238
0.0981128
0.193738
0.0749878
0.182488
0.0531128
0.173738
0.0549878
0.173738
0.0749878
0.187488
0.109363
0.163738
0.0749878
0.173738
0.0549878
0.104988
0.0731128
0.785268
0.0118628
0.785268
0.0118628
0.785268
0.0118628
0.785268
0.0118628
0.785268
0.0118628
0.785268
0.0118628
0.785268
0.0118628
0.785268
0.0118628
0.687537
0.134988
0.687537
0.134988
0.795003
-0.00499942
0.795003
-0.00499942
0.772953
0.0331927
0.334297
0.520297
0.0749878
0.737883
0.0749878
0.737883
0.0749878
0.737883
0.0749878
0.737883
0.0749878
0.737883
0.0749878
0.737883
-0.00501218
0.795003
-0.00501218
0.795003
-0.00501218
0.795003
-0.00501218
0.795003
-0.00501218
0.795003
-0.00501218
0.795003
0.0662378
0.58253
0.104988
0.0699878
0.173738
0.0274878
0.173738
0.0537378
0.176238
0.0737378
0.173738
0.0574878
0.0949878
0.0999878
0.124988
0.0699878
0.182488
0.0674878
0.0949878
0.0699878
0.795003
-0.00501218
0.776247
0.0274878
0.776247
0.0274878
0.776247
0.0274878
0.776247
0.0274878
0.776247
0.0274878
0.776247
0.0274878
0.776247
0.0274878
0.645582
0.184988
0.645582
0.184988
0.645582
0.184988
0.795003
-0.00499942
0.772953
0.0331927
0.334297
0.507797
0.108321
0.697413
0.108321
0.697413
0.108321
0.697413
0.108321
0.697413
-0.00501218
0.782503
-0.00501218
0.782503
-0.00501218
0.782503
-0.00501218
0.782503
-0.00501218
0.782503
-0.00501218
0.782503
-0.00501218
0.782503
-0.00501218
0.782503
0.0716545
0.61268
0.0704045
0.0112378
0.0616545
0.0324878
0.0716545
0.0199878
0.0666545
-1.21801e-05
0.0666545
-1.21801e-05
0.0666545
-1.21801e-05
0.0666545
-1.21801e-05
0.0616545
0.00748782
0.262488
-0.00501218
0.787794
0.00748782
0.787794
0.00748782
0.787794
0.00748782
0.787794
0.00748782
0.725296
0.0899878
0.725296
0.0899878
0.725296
0.0899878
0.645582
0.184988
0.795003
-0.00499942
0.795003
-0.00499942
0.795003
-0.00499942
0.795003
-0.00499942
0.763755
0.0441545
0.334297
0.520297
0.0331927
0.772953
-0.00499942
0.795003
-0.00499942
0.795003
-0.00499942
0.795003
-0.00501218
0.795003
-0.00501218
0.795003
-0.00501218
0.795003
-0.00501218
0.795003
-0.00501218
0.795003
-0.00501218
0.795003
-0.00501218
0.795003
-0.00501218
0.795003
0.0716545
0.61268
0.105404
0.343738
0.105404
0.313738
0.0324878
0.319988
0.0324878
0.329988
0.0616545
0.323738
0.0216545
0.349988
0.0616545
0.338738
0.0116545
0.319988
0.0116545
0.319988
0.795003
-0.00501218
0.795003
-0.00501218
0.795003
-0.00501218
0.795003
-0.00501218
0.795003
-0.00501218
0.795003
-0.00501218
0.795003
-0.00501218
0.795003
-0.00501218
0.737883
0.0749878
0.737883
0.0749878
0.737883
0.0749878
0.737883
0.0749878
0.683341
0.139988
0.334297
0.520297
0.108321
0.709913
0.108321
0.709913
0.108321
0.709913
0.108321
0.709913
-0.00501218
0.795003
-0.00501218
0.795003
-0.00501218
0.795003
-0.00501218
0.795003
-0.00501218
0.795003
-0.00501218
0.795003
-0.00501218
0.795003
-0.00501218
0.795003
0.0716545
0.61268
0.105404
0.176238
0.115404
0.169988
0.0754045
0.181238
0.0754045
0.181238
0.0716545
0.182488
0.105404
0.187488
0.0324878
0.173738
0.0324878
0.167488
0.0508212
0.0737378
0.795003
-0.00501218
0.795003
-0.00501218
0.795003
-0.00501218
0.795003
-0.00501218
0.795003
-0.00501218
0.795003
-0.00501218
0.737883
0.0749878
0.737883
0.0749878
0.709913
0.108321
0.709913
0.108321
0.709913
0.108321
0.709913
0.108321
0.64698
0.183321
0.334297
0.520297
0.108321
0.709913
0.108321
0.709913
0.108321
0.709913
0.108321
0.709913
-0.00501218
0.795003
-0.00501218
0.795003
-0.00501218
0.795003
-0.00501218
0.795003
-0.00501218
0.795003
-0.00501218
0.795003
-0.00501218
0.795003
-0.00501218
0.795003
0.0716545
0.61268
0.0716545
0.0991545
0.0991545
0.0754045
0.141654
0.0804045
0.0716545
0.0991545
0.0616545
0.111654
0.0704045
0.0854045
0.0616545
0.111654
0.0716545
0.102904
0.0666545
0.0704045
0.795003
-0.00501218
0.795003
-0.00501218
0.795003
-0.00501218
0.795003
-0.00501218
0.795003
-0.00501218
0.795003
-0.00501218
0.795003
-0.00501218
0.795003
-0.00501218
0.695928
0.124988
0.695928
0.124988
0.695928
0.124988
0.695928
0.124988
0.625129
0.209363
0.334297
0.520297
0.108321
0.709913
0.108321
0.709913
0.108321
0.709913
0.108321
0.709913
-0.00501218
0.795003
-0.00501218
0.795003
-0.00501218
0.795003
-0.00501218
0.795003
-0.00501218
0.795003
-0.00501218
0.795003
-0.00501218
0.795003
-0.00501218
0.795003
0.0716545
0.61268
0.0704045
0.0537378
0.0754045
0.0731128
0.141654
0.103113
0.0716545
0.0731128
0.0704045
0.0599878
0.0616545
0.0956128
0.111654
0.0731128
0.0616545
0.115613
0.0716545
0.0731128
0.785268
0.0118628
0.785268
0.0118628
0.785268
0.0118628
0.785268
0.0118628
0.785268
0.0118628
0.785268
0.0118628
0.785268
0.0118628
0.785268
0.0118628
0.687537
0.134988
0.687537
0.134988
0.687537
0.134988
0.687537
0.134988
0.772953
0.0331927
0.334297
0.520297
0.108321
0.709913
0.108321
0.709913
0.108321
0.709913
0.108321
0.709913
-0.00501218
0.795003
-0.00501218
0.795003
-0.00501218
0.795003
-0.00501218
0.795003
-0.00501218
0.795003
-0.00501218
0.795003
-0.00501218
0.795003
-0.00501218
0.795003
0.0716545
0.61268
0.0716545
0.0574878
0.0704045
0.0699878
0.0754045
0.0574878
0.0716545
0.0674878
0.0704045
0.0587378
0.0616545
0.0737378
0.0616545
0.0737378
0.0716545
0.0674878
0.0616545
0.0699878
0.795003
-0.00501218
0.776247
0.0274878
0.776247
0.0274878
0.776247
0.0274878
0.776247
0.0274878
0.776247
0.0274878
0.776247
0.0274878
0.776247
0.0274878
0.645582
0.184988
0.645582
0.184988
0.645582
0.184988
0.645582
0.184988
0.772953
0.0331927
0.334297
0.507797
0.124988
0.683428
0.124988
0.683428
0.124988
0.683428
0.124988
0.683428
0.0118628
0.772768
0.0118628
0.772768
0.0118628
0.772768
0.0118628
0.772768
0.0118628
0.772768
0.0118628
0.772768
0.0118628
0.772768
0.0118628
0.772768
0.0731128
0.611456
0.109363
0.0612378
0.0449878
0.0324878
0.0499878
0.0412378
0.0499878
-1.21801e-05
0.0499878
-1.21801e-05
0.0499878
-1.21801e-05
0.0499878
-1.21801e-05
0.0449878
0.00748782
0.271863
-0.00501218
0.787794
0.00748782
0.787794
0.00748782
0.787794
0.00748782
0.787794
0.00748782
0.725296
0.0899878
0.725296
0.0899878
0.725296
0.0899878
0.645582
0.184988
0.795003
-0.00499942
0.795003
-0.00499942
0.795003
-0.00499942
0.795003
-0.00499942
0.763755
0.0441545
0.334297
0.520297
0.0331927
0.772953
-0.00499942
0.795003
-0.00499942
0.795003
-0.00499942
0.795003
-0.00501218
0.795003
-0.00501218
0.795003
-0.00501218
0.795003
-0.00501218
0.795003
0.0118628
0.785268
0.0118628
0.785268
0.0118628
0.785268
-0.00501218
0.795003
0.0731128
0.611456
0.0749878
0.329988
0.0449878
0.319988
0.00748782
0.204988
0.0231128
0.329988
0.0449878
0.323738
0.0731128
0.319988
0.0268628
0.338738
0.00748782
0.319988
0.00748782
0.319988
0.795003
-0.00501218
0.795003
-0.00501218
0.795003
-0.00501218
0.795003
-0.00501218
0.795003
-0.00501218
0.795003
-0.00501218
0.795003
-0.00501218
0.795003
-0.00501218
0.737883
0.0749878
0.737883
0.0749878
0.737883
0.0749878
0.737883
0.0749878
0.683341
0.139988
0.334297
0.520297
0.0331927
0.772953
0.124988
0.695928
0.124988
0.695928
0.124988
0.695928
0.0118628
0.785268
0.0118628
0.785268
0.0118628
0.785268
0.0118628
0.785268
0.0118628
0.785268
0.0118628
0.785268
0.0118628
0.785268
0.0118628
0.785268
0.0731128
0.611456
0.0893628
0.0949878
0.0731128
0.173738
0.0231128
0.182488
0.0731128
0.173738
0.0731128
0.193738
0.0793628
0.187488
0.0231128
0.173738
0.0749878
0.167488
0.0674878
0.0737378
0.795003
-0.00501218
0.795003
-0.00501218
0.795003
-0.00501218
0.795003
-0.00501218
0.795003
-0.00501218
0.795003
-0.00501218
0.737883
0.0749878
0.737883
0.0749878
0.709913
0.108321
0.709913
0.108321
0.709913
0.108321
0.709913
0.108321
0.64698
0.183321
0.334297
0.520297
0.124988
0.695928
0.124988
0.695928
0.124988
0.695928
0.124988
0.695928
0.0118628
0.785268
0.0118628
0.785268
0.0118628
0.785268
0.0118628
0.785268
0.0118628
0.785268
0.0118628
0.785268
0.0118628
0.785268
0.0118628
0.785268
0.0731128
0.611456
0.0549878
0.115404
0.0731128
0.0904045
0.0499878
0.0766545
0.0731128
0.0716545
0.0749878
0.141654
0.0449878
0.115404
0.0449878
0.111654
0.0768628
0.0816545
0.0499878
0.0704045
0.795003
-0.00501218
0.795003
-0.00501218
0.795003
-0.00501218
0.795003
-0.00501218
0.795003
-0.00501218
0.795003
-0.00501218
0.795003
-0.00501218
0.795003
-0.00501218
0.695928
0.124988
0.695928
0.124988
0.695928
0.124988
0.695928
0.124988
0.625129
0.209363
0.334297
0.520297
0.124988
0.695928
0.124988
0.695928
0.124988
0.695928
0.124988
0.695928
0.0118628
0.785268
0.0118628
0.785268
0.0118628
0.785268
0.0118628
0.785268
0.0118628
0.785268
0.0118628
0.785268
0.0118628
0.785268
0.0118628
0.785268
0.0731128
0.611456
0.0549878
0.0893628
0.0749878
0.104363
0.0549878
0.0956128
0.0956128
0.0449878
0.0749878
0.0956128
0.0449878
0.0956128
0.0956128
0.0749878
0.0487378
0.115613
0.0718628
0.0731128
0.785268
0.0118628
0.785268
0.0118628
0.785268
0.0118628
0.785268
0.0118628
0.785268
0.0118628
0.785268
0.0118628
0.785268
0.0118628
0.785268
0.0118628
0.687537
0.134988
0.687537
0.134988
0.687537
0.134988
0.687537
0.134988
0.612018
0.224988
0.334297
0.520297
0.124988
0.695928
0.124988
0.695928
0.124988
0.695928
0.124988
0.695928
0.0118628
0.785268
0.0118628
0.785268
0.0118628
0.785268
0.0118628
0.785268
0.0118628
0.785268
0.0118628
0.785268
0.0118628
0.785268
0.0118628
0.785268
0.0731128
0.611456
0.0549878
0.0699878
0.0749878
0.0699878
0.0549878
0.0999878
0.0549878
0.0999878
0.0981128
0.0737378
0.0449878
0.0699878
0.0499878
0.0699878
0.0549878
0.0699878
0.0449878
0.0699878
0.795003
-0.00501218
0.776247
0.0274878
0.776247
0.0274878
0.776247
0.0274878
0.776247
0.0274878
0.776247
0.0274878
0.776247
0.0274878
0.776247
0.0274878
0.645582
0.184988
0.645582
0.184988
0.645582
0.184988
0.645582
0.184988
0.772953
0.0331927
0.334297
0.507797
0.134988
0.675037
0.134988
0.675037
0.134988
0.675037
0.134988
0.675037
0.0274878
0.763747
0.0274878
0.763747
0.0274878
0.763747
0.0274878
0.763747
0.0274878
0.763747
0.0274878
0.763747
0.0274878
0.763747
-0.00501218
0.782503
0.0699878
0.614078
0.0399878
-1.21801e-05
0.0349878
0.0324878
0.0399878
0.0412378
0.0399878
-1.21801e-05
0.0399878
-1.21801e-05
0.0399878
-1.21801e-05
0.0399878
-1.21801e-05
0.0349878
0.00748782
0.277488
-0.00501218
0.787794
0.00748782
0.787794
0.00748782
0.787794
0.00748782
0.787794
0.00748782
0.725296
0.0899878
0.725296
0.0899878
0.725296
0.0899878
0.645582
0.184988
0.795003
-0.00499942
0.795003
-0.00499942
0.795003
-0.00499942
0.795003
-0.00499942
0.763755
0.0441545
0.334297
0.520297
0.0331927
0.772953
-0.00499942
0.795003
-0.00499942
0.795003
-0.00499942
0.795003
-0.00501218
0.795003
-0.00501218
0.795003
-0.00501218
0.795003
-0.00501218
0.795003
-0.00501218
0.795003
0.0274878
0.776247
-0.00501218
0.795003
-0.00501218
0.795003
0.0699878
0.614078
0.0699878
0.198738
0.0387378
0.319988
0.00498782
0.323738
0.0349878
0.329988
0.0174878
0.323738
0.0674878
0.338738
0.00498782
0.338738
0.00498782
0.319988
0.00498782
0.319988
0.795003
-0.00501218
0.795003
-0.00501218
0.795003
-0.00501218
0.795003
-0.00501218
0.795003
-0.00501218
0.795003
-0.00501218
0.795003
-0.00501218
0.795003
-0.00501218
0.737883
0.0749878
0.737883
0.0749878
0.737883
0.0749878
0.737883
0.0749878
0.683341
0.139988
0.334297
0.520297
0.0331927
0.772953
-0.00499942
0.795003
0.134988
0.687537
0.134988
0.687537
0.0274878
0.776247
0.0274878
0.776247
0.0274878
0.776247
0.0274878
0.776247
0.0274878
0.776247
0.0274878
0.776247
0.0274878
0.776247
-0.00501218
0.795003
0.0699878
0.614078
0.0737378
0.104988
0.0699878
0.113738
0.0349878
0.182488
0.0637378
0.176238
0.0574878
0.182488
0.0637378
0.187488
0.0349878
0.173738
0.0674878
0.176238
0.0774878
0.0737378
0.795003
-0.00501218
0.795003
-0.00501218
0.795003
-0.00501218
0.795003
-0.00501218
0.795003
-0.00501218
0.795003
-0.00501218
0.737883
0.0749878
0.737883
0.0749878
0.709913
0.108321
0.709913
0.108321
0.709913
0.108321
0.709913
0.108321
0.64698
0.183321
0.334297
0.520297
0.134988
0.687537
0.134988
0.687537
0.134988
0.687537
0.134988
0.687537
0.0274878
0.776247
0.0274878
0.776247
0.0274878
0.776247
0.0274878
0.776247
0.0274878
0.776247
0.0274878
0.776247
0.0274878
0.776247
-0.00501218
0.795003
0.0699878
0.614078
0.0737378
0.115404
0.0699878
0.0916545
0.0699878
0.0916545
0.0574878
0.0716545
0.0699878
0.0916545
0.0349878
0.115404
0.0349878
0.111654
0.0699878
0.0716545
0.0399878
0.0704045
0.795003
-0.00501218
0.795003
-0.00501218
0.795003
-0.00501218
0.795003
-0.00501218
0.795003
-0.00501218
0.795003
-0.00501218
0.795003
-0.00501218
0.795003
-0.00501218
0.695928
0.124988
0.695928
0.124988
0.695928
0.124988
0.695928
0.124988
0.625129
0.209363
0.334297
0.520297
0.134988
0.687537
0.134988
0.687537
0.134988
0.687537
0.134988
0.687537
0.0274878
0.776247
0.0274878
0.776247
0.0274878
0.776247
0.0274878
0.776247
0.0274878
0.776247
0.0274878
0.776247
0.0274878
0.776247
-0.00501218
0.795003
0.0699878
0.614078
0.0699878
0.0687378
0.0699878
0.0749878
0.0699878
0.0487378
0.0387378
0.0956128
0.0699878
0.0599878
0.0349878
0.0956128
0.0399878
0.0499878
0.0737378
0.0981128
0.0774878
0.0731128
0.785268
0.0118628
0.785268
0.0118628
0.785268
0.0118628
0.785268
0.0118628
0.785268
0.0118628
0.785268
0.0118628
0.785268
0.0118628
0.785268
0.0118628
0.687537
0.134988
0.687537
0.134988
0.687537
0.134988
0.687537
0.134988
0.612018
0.224988
0.334297
0.520297
0.134988
0.687537
0.134988
0.687537
0.134988
0.687537
0.134988
0.687537
0.0274878
0.776247
0.0274878
0.776247
0.0274878
0.776247
0.0274878
0.776247
0.0274878
0.776247
0.0274878
0.776247
0.0274878
0.776247
-0.00501218
0.795003
0.0699878
0.614078
0.0349878
0.0699878
0.0699878
0.0699878
0.0699878
0.0437378
0.0537378
0.0999878
0.0699878
0.0587378
0.0349878
0.0699878
0.0674878
0.0674878
0.0737378
0.0674878
0.0349878
0.0699878
0.795003
-0.00501218
0.776247
0.0274878
0.776247
0.0274878
0.776247
0.0274878
0.776247
0.0274878
0.776247
0.0274878
0.776247
0.0274878
0.776247
0.0274878
