0.633072
0.184999
0.633072
0.184999
0.633072
0.184999
0.633072
0.184999
0.547064
0.287499
0.334296
0.507796
0.184999
0.633072
0.184999
0.633072
0.184999
0.633072
0.184999
0.633072
0.184999
0.633072
0.0899995
0.712786
0.0899995
0.712786
0.0899995
0.712786
0.0899995
0.712786
0.00749946
0.775284
0.00749946
0.775284
0.00749946
0.775284
-0.00500054
0.650333
0.00624946
0.0187495
0.0487495
0.0199995
-5.35686e-07
-5.35686e-07
-5.35686e-07
-5.35686e-07
-5.35686e-07
-5.35686e-07
-5.35686e-07
-5.35686e-07
-5.35686e-07
-5.35686e-07
-5.35686e-07
-5.35686e-07
0.299999
-0.00500054
0.775284
0.00749946
0.775284
0.00749946
0.775284
0.00749946
0.712786
0.0899995
0.712786
0.0899995
0.712786
0.0899995
0.712786
0.0899995
0.633072
0.184999
0.7825
-0.00499997
0.7825
-0.00499997
0.7825
-0.00499997
0.7825
-0.00499997
0.751245
0.0441661
0.334296
0.520296
0.033204
0.772943
-0.00499997
0.795
-0.00499997
0.795
-0.00499997
0.795
-0.00500054
0.795
-0.00500054
0.795
-0.00500054
0.795
-0.00500054
0.795
0.00749946
0.787784
0.00749946
0.787784
0.00749946
0.787784
0.00749946
0.787784
-0.00500054
0.650333
0.00624946
0.349999
-0.00500054
0.214999
-0.00500054
0.204999
-0.00500054
0.204999
0.00124946
0.323749
-0.00500054
0.204999
-0.00500054
0.204999
-5.35686e-07
0.199999
-0.00500054
0.204999
0.7825
-0.00500054
0.7825
-0.00500054
0.7825
-0.00500054
0.7825
-0.00500054
0.7825
-0.00500054
0.7825
-0.00500054
0.7825
-0.00500054
0.7825
-0.00500054
0.725372
0.0749995
0.725372
0.0749995
0.725372
0.0749995
0.725372
0.0749995
0.670831
0.139999
0.334296
0.520296
0.033204
0.772943
-0.00499997
0.795
-0.00499997
0.795
-0.00499997
0.795
0.184999
0.645572
0.0899995
0.725286
0.0899995
0.725286
0.00749946
0.787784
0.00749946
0.787784
0.00749946
0.787784
0.00749946
0.787784
0.00749946
0.787784
-0.00500054
0.650333
0.00624946
0.167499
-0.00500054
0.104999
-0.00500054
0.104999
-0.00500054
0.104999
-0.00500054
0.167499
-0.00500054
0.104999
-0.00500054
0.104999
-5.35686e-07
0.109999
-0.00500054
0.163749
0.7825
-0.00500054
0.7825
-0.00500054
0.7825
-0.00500054
0.7825
-0.00500054
0.7825
-0.00500054
0.7825
-0.00500054
0.725372
0.0749995
0.725372
0.0749995
0.697403
0.108333
0.697403
0.108333
0.697403
0.108333
0.697403
0.108333
0.63447
0.183333
0.334296
0.520296
0.033204
0.772943
0.184999
0.645572
0.184999
0.645572
0.184999
0.645572
0.184999
0.645572
0.0899995
0.725286
0.0899995
0.725286
0.0899995
0.725286
0.00749946
0.787784
0.00749946
0.787784
0.00749946
0.787784
0.00749946
0.787784
-0.00500054
0.650333
0.00624946
0.141666
-0.00500054
0.111666
-5.35686e-07
0.0666661
0.00749946
0.0716661
0.00124946
0.115416
-5.35686e-07
0.0666661
-5.35686e-07
0.0666661
-5.35686e-07
0.0766661
-0.00500054
0.130416
0.7825
-0.00500054
0.7825
-0.00500054
0.7825
-0.00500054
0.7825
-0.00500054
0.7825
-0.00500054
0.7825
-0.00500054
0.7825
-0.00500054
0.7825
-0.00500054
0.683418
0.124999
0.683418
0.124999
0.683418
0.124999
0.683418
0.124999
0.612618
0.209374
0.334296
0.520296
0.184999
0.645572
0.184999
0.645572
0.184999
0.645572
0.184999
0.645572
0.184999
0.645572
0.0899995
0.725286
0.0899995
0.725286
0.0899995
0.725286
0.00749946
0.787784
0.00749946
0.787784
0.00749946
0.787784
0.00749946
0.787784
-0.00500054
0.650333
0.0112495
0.0799995
-5.35686e-07
0.0599995
-5.35686e-07
0.0499995
0.0362495
0.0856245
-5.35686e-07
0.0599995
-0.00500054
0.0856245
-5.35686e-07
0.0499995
0.0187495
0.0449995
0.123749
0.0331245
0.772758
0.0118745
0.772758
0.0118745
0.772758
0.0118745
0.772758
0.0118745
0.772758
0.0118745
0.772758
0.0118745
0.772758
0.0118745
0.772758
0.0118745
0.675027
0.134999
0.675027
0.134999
0.675027
0.134999
0.675027
0.134999
0.599508
0.224999
0.334296
0.520296
0.184999
0.645572
0.184999
0.645572
0.184999
0.645572
0.184999
0.645572
0.184999
0.645572
0.0899995
0.725286
0.0899995
0.725286
0.0899995
0.725286
0.00749946
0.787784
0.00749946
0.787784
0.00749946
0.787784
0.00749946
0.787784
-0.00500054
0.650333
0.0112495
0.0437495
-5.35686e-07
0.0399995
-5.35686e-07
0.0399995
-5.35686e-07
0.0399995
0.0249995
0.0587495
-0.00500054
0.0699995
-5.35686e-07
0.0399995
0.0187495
0.0449995
0.194999
0.0349995
0.7825
-0.00500054
0.763737
0.0274995
0.763737
0.0274995
0.763737
0.0274995
0.763737
0.0274995
0.763737
0.0274995
0.763737
0.0274995
0.763737
0.0274995
0.795
-0.00499997
0.795
-0.00499997
0.795
-0.00499997
0.795
-0.00499997
0.772943
0.033204
0.334296
0.507796
0.033204
0.760443
-0.00499997
0.7825
-0.00499997
0.7825
-0.00499997
0.7825
-0.00500054
0.7825
-0.00500054
0.7825
-0.00500054
0.7825
-0.00500054
0.7825
-0.00500054
0.7825
-0.00500054
0.7825
-0.00500054
0.7825
-0.00500054
0.7825
0.204999
0.50079
0.204999
-0.00500054
0.199999
-5.35686e-07
0.204999
-0.00500054
0.204999
0.0362495
0.204999
-0.00500054
0.199999
-5.35686e-07
0.204999
-0.00500054
0.204999
-0.00500054
0.277499
-0.00500054
0.787784
0.00749946
0.787784
0.00749946
0.787784
0.00749946
0.787784
0.00749946
0.795
-0.00500054
0.795
-0.00500054
0.795
-0.00500054
0.795
-0.00500054
0.795
-0.00499997
0.763745
0.0441661
0.763745
0.0441661
0.763745
0.0441661
0.763745
0.0441661
0.334296
0.520296
0.0441661
0.763745
0.0441661
0.763745
0.0441661
0.763745
-0.00499997
0.795
-0.00500054
0.795
-0.00500054
0.795
-0.00500054
0.795
-0.00500054
0.795
-0.00500054
0.795
-0.00500054
0.795
-0.00500054
0.795
-0.00500054
0.795
0.204999
0.50079
0.338749
0.198749
0.338749
0.213749
0.343749
0.343749
0.204999
0.338749
0.218749
0.209999
0.224999
0.338749
0.194999
0.338749
0.311249
0.338749
0.0449995
0.204999
0.795
-0.00500054
0.795
-0.00500054
0.795
-0.00500054
0.795
-0.00500054
0.795
-0.00500054
0.795
-0.00500054
0.795
-0.00500054
0.795
-0.00500054
0.795
-0.00499997
0.795
-0.00499997
0.795
-0.00499997
0.795
-0.00499997
0.772943
0.033204
0.334296
0.520296
0.0441661
0.763745
-0.00499997
0.795
-0.00499997
0.795
-0.00499997
0.795
-0.00500054
0.795
-0.00500054
0.795
-0.00500054
0.795
-0.00500054
0.795
-0.00500054
0.795
-0.00500054
0.795
-0.00500054
0.795
-0.00500054
0.795
0.204999
0.50079
0.338749
0.0237495
0.338749
0.0949995
0.338749
0.161249
0.338749
0.0987495
0.313749
0.187499
0.313749
0.176249
0.114999
0.181249
0.194999
0.167499
0.107499
0.163749
0.795
-0.00500054
0.795
-0.00500054
0.795
-0.00500054
0.795
-0.00500054
0.775515
0.0287495
0.775515
0.0287495
0.795
-0.00500054
0.795
-0.00500054
0.795
-0.00499997
0.795
-0.00499997
0.795
-0.00499997
0.795
-0.00499997
0.772943
0.033204
0.334296
0.520296
0.033204
0.772943
-0.00499997
0.795
-0.00499997
0.795
-0.00499997
0.795
-0.00500054
0.795
-0.00500054
0.795
-0.00500054
0.795
-0.00500054
0.795
-0.00500054
0.795
-0.00500054
0.795
-0.00500054
0.795
-0.00500054
0.795
0.204999
0.50079
0.338749
0.0324995
0.338749
0.0804161
0.343749
0.135416
0.343749
0.124166
0.332499
0.135416
0.313749
0.135416
0.214999
0.0991661
0.313749
0.135416
0.194999
0.130416
0.795
-0.00500054
0.795
-0.00500054
0.795
-0.00500054
0.795
-0.00500054
0.795
-0.00500054
0.795
-0.00500054
0.795
-0.00500054
0.795
-0.00500054
0.795
-0.00499997
0.795
-0.00499997
0.795
-0.00499997
0.795
-0.00499997
0.772943
0.033204
0.334296
0.520296
0.033204
0.772943
-0.00499997
0.795
-0.00499997
0.795
-0.00499997
0.795
-0.00500054
0.795
-0.00500054
0.795
-0.00500054
0.795
-0.00500054
0.795
-0.00500054
0.795
-0.00500054
0.795
-0.00500054
0.795
-0.00500054
0.795
0.204999
0.50079
0.338749
0.0768745
0.338749
0.0374995
0.343749
0.0793745
0.343749
0.0893745
0.213749
0.0893745
0.213749
0.104374
0.214999
0.103124
0.204999
0.0856245
0.204999
0.0331245
0.795
-0.00500054
0.785258
0.0118745
0.785258
0.0118745
0.785258
0.0118745
0.795
-0.00500054
0.795
-0.00500054
0.795
-0.00500054
0.795
-0.00500054
0.795
-0.00499997
0.795
-0.00499997
0.795
-0.00499997
0.795
-0.00499997
0.772943
0.033204
0.334296
0.520296
0.033204
0.772943
-0.00499997
0.795
-0.00499997
0.795
-0.00499997
0.795
-0.00500054
0.795
-0.00500054
0.795
-0.00500054
0.795
-0.00500054
0.795
-0.00500054
0.795
-0.00500054
0.795
-0.00500054
0.795
-0.00500054
0.795
0.204999
0.50079
0.338749
0.0149995
0.338749
0.0762495
0.343749
0.0937495
0.343749
0.0824995
0.343749
0.0824995
0.234999
0.0474995
0.198749
0.0999995
0.214999
0.0474995
0.204999
0.0349995
0.795
-0.00500054
0.795
-0.00500054
0.776237
0.0274995
0.795
-0.00500054
0.795
-0.00500054
0.795
-0.00500054
0.795
-0.00500054
0.795
-0.00500054
0.795
-0.00499997
0.795
-0.00499997
0.795
-0.00499997
0.795
-0.00499997
0.772943
0.033204
0.334296
0.507796
0.0749995
0.725372
0.0749995
0.725372
0.0749995
0.725372
0.0749995
0.725372
0.0749995
0.725372
0.0749995
0.725372
-0.00500054
0.7825
-0.00500054
0.7825
-0.00500054
0.7825
-0.00500054
0.7825
-0.00500054
0.7825
-0.00500054
0.7825
0.163749
0.535402
0.104999
-0.00500054
0.0999995
-5.35686e-07
0.104999
-0.00500054
0.104999
0.0362495
0.104999
-0.00500054
0.0999995
-5.35686e-07
0.104999
-0.00500054
0.104999
-0.00500054
0.249999
-0.00500054
0.787784
0.00749946
0.787784
0.00749946
0.787784
0.00749946
0.787784
0.00749946
0.787784
0.00749946
0.725286
0.0899995
0.725286
0.0899995
0.645572
0.184999
0.795
-0.00499997
0.795
-0.00499997
0.795
-0.00499997
0.763745
0.0441661
0.763745
0.0441661
0.334296
0.520296
0.033204
0.772943
-0.00499997
0.795
-0.00499997
0.795
-0.00499997
0.795
-0.00500054
0.795
-0.00500054
0.795
0.0287495
0.775515
0.0287495
0.775515
-0.00500054
0.795
-0.00500054
0.795
-0.00500054
0.795
-0.00500054
0.795
0.163749
0.535402
0.163749
0.311249
0.0549995
0.338749
0.193749
0.307499
0.157499
0.317499
0.124999
0.338749
0.169999
0.338749
0.0949995
0.338749
0.0199995
0.338749
0.0199995
0.204999
0.795
-0.00500054
0.795
-0.00500054
0.795
-0.00500054
0.795
-0.00500054
0.795
-0.00500054
0.795
-0.00500054
0.795
-0.00500054
0.795
-0.00500054
0.737872
0.0749995
0.737872
0.0749995
0.737872
0.0749995
0.737872
0.0749995
0.690673
0.131249
0.334296
0.520296
0.0749995
0.737872
0.0749995
0.737872
0.0749995
0.737872
0.0749995
0.737872
0.0749995
0.737872
0.0749995
0.737872
0.0287495
0.775515
-0.00500054
0.795
-0.00500054
0.795
-0.00500054
0.795
-0.00500054
0.795
-0.00500054
0.795
0.163749
0.535402
0.176249
0.167499
0.173749
0.169999
0.193749
0.0512495
0.173749
0.181249
0.157499
0.161249
0.0949995
0.163749
0.0512495
0.173749
0.167499
0.167499
0.0512495
0.163749
0.795
-0.00500054
0.795
-0.00500054
0.795
-0.00500054
0.795
-0.00500054
0.795
-0.00500054
0.775515
0.0287495
0.737872
0.0749995
0.737872
0.0749995
0.709903
0.108333
0.709903
0.108333
0.709903
0.108333
0.709903
0.108333
0.772943
0.033204
0.334296
0.520296
0.0749995
0.737872
0.0749995
0.737872
0.0749995
0.737872
0.0749995
0.737872
0.0749995
0.737872
0.0749995
0.737872
-0.00500054
0.795
-0.00500054
0.795
-0.00500054
0.795
-0.00500054
0.795
-0.00500054
0.795
-0.00500054
0.795
0.163749
0.535402
0.176249
0.124166
0.187499
0.115416
0.176249
0.109166
0.157499
0.124166
0.0949995
0.130416
0.0949995
0.130416
0.167499
0.135416
0.157499
0.135416
0.0949995
0.130416
0.795
-0.00500054
0.795
-0.00500054
0.795
-0.00500054
0.795
-0.00500054
0.795
-0.00500054
0.795
-0.00500054
0.795
-0.00500054
0.795
-0.00500054
0.695918
0.124999
0.695918
0.124999
0.695918
0.124999
0.795
-0.00499997
0.772943
0.033204
0.334296
0.520296
0.0749995
0.737872
0.0749995
0.737872
0.0749995
0.737872
0.0749995
0.737872
0.0749995
0.737872
0.0749995
0.737872
-0.00500054
0.795
-0.00500054
0.795
-0.00500054
0.795
-0.00500054
0.795
-0.00500054
0.795
-0.00500054
0.795
0.163749
0.535402
0.176249
0.0893745
0.173749
0.0268745
0.193749
0.0487495
0.157499
0.0981245
0.163749
0.0918745
0.0949995
0.0956245
0.163749
0.103124
0.104999
0.0856245
0.104999
0.0331245
0.785258
0.0118745
0.785258
0.0118745
0.785258
0.0118745
0.785258
0.0118745
0.785258
0.0118745
0.785258
0.0118745
0.785258
0.0118745
0.785258
0.0118745
0.687527
0.134999
0.687527
0.134999
0.795
-0.00499997
0.795
-0.00499997
0.772943
0.033204
0.334296
0.520296
0.0749995
0.737872
0.0749995
0.737872
0.0749995
0.737872
0.0749995
0.737872
0.0749995
0.737872
0.0749995
0.737872
-0.00500054
0.795
-0.00500054
0.795
-0.00500054
0.795
-0.00500054
0.795
-0.00500054
0.795
-0.00500054
0.795
0.163749
0.535402
0.163749
0.0474995
0.173749
0.0387495
0.193749
0.0474995
0.157499
0.0824995
0.173749
0.0874995
0.157499
0.0937495
0.163749
0.0874995
0.0949995
0.0887495
0.138749
0.0349995
0.795
-0.00500054
0.776237
0.0274995
0.776237
0.0274995
0.776237
0.0274995
0.776237
0.0274995
0.776237
0.0274995
0.776237
0.0274995
0.776237
0.0274995
0.645572
0.184999
0.645572
0.184999
0.645572
0.184999
0.795
-0.00499997
0.772943
0.033204
0.334296
0.507796
0.108333
0.697403
0.108333
0.697403
0.108333
0.697403
0.108333
0.697403
-0.00500054
0.7825
-0.00500054
0.7825
-0.00500054
0.7825
-0.00500054
0.7825
-0.00500054
0.7825
-0.00500054
0.7825
-0.00500054
0.7825
-0.00500054
0.7825
0.130416
0.601062
0.0716661
-0.00500054
0.0666661
-5.35686e-07
0.0716661
-0.00500054
0.0716661
0.0362495
0.0666661
-5.35686e-07
0.0666661
-5.35686e-07
0.0716661
-0.00500054
0.0666661
-5.35686e-07
0.262499
-0.00500054
0.787784
0.00749946
0.787784
0.00749946
0.787784
0.00749946
0.787784
0.00749946
0.725286
0.0899995
0.725286
0.0899995
0.725286
0.0899995
0.645572
0.184999
0.795
-0.00499997
0.795
-0.00499997
0.795
-0.00499997
0.795
-0.00499997
0.763745
0.0441661
0.334296
0.520296
0.033204
0.772943
-0.00499997
0.795
-0.00499997
0.795
-0.00499997
0.795
-0.00500054
0.795
-0.00500054
0.795
-0.00500054
0.795
-0.00500054
0.795
-0.00500054
0.795
-0.00500054
0.795
-0.00500054
0.795
-0.00500054
0.795
0.130416
0.601062
0.135416
0.332499
0.0991661
0.338749
0.0704161
0.209999
0.0324995
0.338749
0.135416
0.343749
0.0116661
0.338749
0.0616661
0.338749
0.0804161
0.338749
0.0116661
0.204999
0.795
-0.00500054
0.795
-0.00500054
0.795
-0.00500054
0.795
-0.00500054
0.795
-0.00500054
0.795
-0.00500054
0.795
-0.00500054
0.795
-0.00500054
0.737872
0.0749995
0.737872
0.0749995
0.737872
0.0749995
0.737872
0.0749995
0.683331
0.139999
0.334296
0.520296
0.108333
0.709903
0.108333
0.709903
0.108333
0.709903
0.108333
0.709903
-0.00500054
0.795
-0.00500054
0.795
-0.00500054
0.795
-0.00500054
0.795
-0.00500054
0.795
-0.00500054
0.795
-0.00500054
0.795
-0.00500054
0.795
0.130416
0.601062
0.135416
0.157499
0.135416
0.161249
0.135416
0.157499
0.130416
0.181249
0.135416
0.187499
0.0324995
0.163749
0.0324995
0.173749
0.0324995
0.167499
0.0324995
0.163749
0.795
-0.00500054
0.795
-0.00500054
0.795
-0.00500054
0.795
-0.00500054
0.795
-0.00500054
0.795
-0.00500054
0.737872
0.0749995
0.737872
0.0749995
0.709903
0.108333
0.709903
0.108333
0.709903
0.108333
0.709903
0.108333
0.64697
0.183333
0.334296
0.520296
0.108333
0.709903
0.108333
0.709903
0.108333
0.709903
0.108333
0.709903
-0.00500054
0.795
-0.00500054
0.795
-0.00500054
0.795
-0.00500054
0.795
-0.00500054
0.795
-0.00500054
0.795
-0.00500054
0.795
-0.00500054
0.795
0.130416
0.601062
0.135416
0.124166
0.105416
0.135416
0.135416
0.135416
0.102916
0.141666
0.135416
0.135416
0.0616661
0.130416
0.115416
0.135416
0.0991661
0.141666
0.0616661
0.130416
0.795
-0.00500054
0.795
-0.00500054
0.795
-0.00500054
0.795
-0.00500054
0.795
-0.00500054
0.795
-0.00500054
0.795
-0.00500054
0.795
-0.00500054
0.695918
0.124999
0.695918
0.124999
0.695918
0.124999
0.695918
0.124999
0.625118
0.209374
0.334296
0.520296
0.108333
0.709903
0.108333
0.709903
0.108333
0.709903
0.108333
0.709903
-0.00500054
0.795
-0.00500054
0.795
-0.00500054
0.795
-0.00500054
0.795
-0.00500054
0.795
-0.00500054
0.795
-0.00500054
0.795
-0.00500054
0.795
0.130416
0.601062
0.135416
0.0981245
0.135416
0.0893745
0.135416
0.0893745
0.135416
0.0981245
0.135416
0.0981245
0.0916661
0.0856245
0.0654161
0.0893745
0.0716661
0.0856245
0.0862495
0.0331245
0.785258
0.0118745
0.785258
0.0118745
0.785258
0.0118745
0.785258
0.0118745
0.785258
0.0118745
0.785258
0.0118745
0.785258
0.0118745
0.785258
0.0118745
0.687527
0.134999
0.687527
0.134999
0.687527
0.134999
0.687527
0.134999
0.772943
0.033204
0.334296
0.520296
0.108333
0.709903
0.108333
0.709903
0.108333
0.709903
0.108333
0.709903
-0.00500054
0.795
-0.00500054
0.795
-0.00500054
0.795
-0.00500054
0.795
-0.00500054
0.795
-0.00500054
0.795
-0.00500054
0.795
-0.00500054
0.795
0.130416
0.601062
0.130416
0.0612495
0.135416
0.0937495
0.130416
0.0349995
0.135416
0.0824995
0.135416
0.0937495
0.0616661
0.0999995
0.0654161
0.0999995
0.0616661
0.0887495
0.157499
0.0349995
0.795
-0.00500054
0.776237
0.0274995
0.776237
0.0274995
0.776237
0.0274995
0.776237
0.0274995
0.776237
0.0274995
0.776237
0.0274995
0.776237
0.0274995
0.645572
0.184999
0.645572
0.184999
0.645572
0.184999
0.645572
0.184999
0.772943
0.033204
0.334296
0.507796
0.124999
0.683418
0.124999
0.683418
0.124999
0.683418
0.124999
0.683418
0.0118745
0.772758
0.0118745
0.772758
0.0118745
0.772758
0.0118745
0.772758
0.0118745
0.772758
0.0118745
0.772758
0.0118745
0.772758
0.0118745
0.772758
0.0331245
0.558436
0.0499995
0.0112495
0.0499995
-5.35686e-07
0.0499995
0.0249995
0.0499995
0.0599995
0.0499995
-5.35686e-07
0.0499995
-5.35686e-07
0.0449995
0.0487495
0.0499995
-5.35686e-07
0.271874
-0.00500054
0.787784
0.00749946
0.787784
0.00749946
0.787784
0.00749946
0.787784
0.00749946
0.725286
0.0899995
0.725286
0.0899995
0.725286
0.0899995
0.645572
0.184999
0.795
-0.00499997
0.795
-0.00499997
0.795
-0.00499997
0.795
-0.00499997
0.763745
0.0441661
0.334296
0.520296
0.033204
0.772943
-0.00499997
0.795
-0.00499997
0.795
-0.00499997
0.795
-0.00500054
0.795
-0.00500054
0.795
-0.00500054
0.795
-0.00500054
0.795
0.0118745
0.785258
0.0118745
0.785258
0.0118745
0.785258
-0.00500054
0.795
0.0331245
0.558436
0.0893745
0.343749
0.0549995
0.338749
0.0268745
0.214999
0.0549995
0.338749
0.0831245
0.343749
0.0731245
0.338749
0.0731245
0.338749
0.00749946
0.338749
0.00749946
0.204999
0.795
-0.00500054
0.795
-0.00500054
0.795
-0.00500054
0.795
-0.00500054
0.795
-0.00500054
0.795
-0.00500054
0.795
-0.00500054
0.795
-0.00500054
0.737872
0.0749995
0.737872
0.0749995
0.737872
0.0749995
0.737872
0.0749995
0.683331
0.139999
0.334296
0.520296
0.033204
0.772943
0.124999
0.695918
0.124999
0.695918
0.124999
0.695918
0.0118745
0.785258
0.0118745
0.785258
0.0118745
0.785258
0.0118745
0.785258
0.0118745
0.785258
0.0118745
0.785258
0.0118745
0.785258
0.0118745
0.785258
0.0331245
0.558436
0.0956245
0.0987495
0.103124
0.173749
0.0268745
0.167499
0.0831245
0.157499
0.0793745
0.187499
0.0793745
0.176249
0.0231245
0.173749
0.0793745
0.157499
0.0231245
0.163749
0.795
-0.00500054
0.795
-0.00500054
0.795
-0.00500054
0.795
-0.00500054
0.795
-0.00500054
0.795
-0.00500054
0.737872
0.0749995
0.737872
0.0749995
0.709903
0.108333
0.709903
0.108333
0.709903
0.108333
0.709903
0.108333
0.64697
0.183333
0.334296
0.520296
0.124999
0.695918
0.124999
0.695918
0.124999
0.695918
0.124999
0.695918
0.0118745
0.785258
0.0118745
0.785258
0.0118745
0.785258
0.0118745
0.785258
0.0118745
0.785258
0.0118745
0.785258
0.0118745
0.785258
0.0118745
0.785258
0.0331245
0.558436
0.0856245
0.0716661
0.103124
0.130416
0.0487495
0.130416
0.0981245
0.135416
0.0793745
0.135416
0.0793745
0.135416
0.0831245
0.135416
0.0731245
0.130416
0.0449995
0.130416
0.795
-0.00500054
0.795
-0.00500054
0.795
-0.00500054
0.795
-0.00500054
0.795
-0.00500054
0.795
-0.00500054
0.795
-0.00500054
0.795
-0.00500054
0.695918
0.124999
0.695918
0.124999
0.695918
0.124999
0.695918
0.124999
0.625118
0.209374
0.334296
0.520296
0.124999
0.695918
0.124999
0.695918
0.124999
0.695918
0.124999
0.695918
0.0118745
0.785258
0.0118745
0.785258
0.0118745
0.785258
0.0118745
0.785258
0.0118745
0.785258
0.0118745
0.785258
0.0118745
0.785258
0.0118745
0.785258
0.0331245
0.558436
0.0893745
0.0981245
0.0893745
0.0893745
0.0487495
0.0956245
0.0856245
0.0549995
0.0981245
0.0981245
0.0449995
0.0856245
0.0487495
0.0893745
0.0449995
0.0856245
0.0956245
0.0331245
0.785258
0.0118745
0.785258
0.0118745
0.785258
0.0118745
0.785258
0.0118745
0.785258
0.0118745
0.785258
0.0118745
0.785258
0.0118745
0.785258
0.0118745
0.687527
0.134999
0.687527
0.134999
0.687527
0.134999
0.687527
0.134999
0.612008
0.224999
0.334296
0.520296
0.124999
0.695918
0.124999
0.695918
0.124999
0.695918
0.124999
0.695918
0.0118745
0.785258
0.0118745
0.785258
0.0118745
0.785258
0.0118745
0.785258
0.0118745
0.785258
0.0118745
0.785258
0.0118745
0.785258
0.0118745
0.785258
0.0331245
0.558436
0.0831245
0.0937495
0.0893745
0.0537495
0.0449995
0.0887495
0.109374
0.0937495
0.0831245
0.0824995
0.0449995
0.0999995
0.0487495
0.0999995
0.0449995
0.0887495
0.166874
0.0349995
0.795
-0.00500054
0.776237
0.0274995
0.776237
0.0274995
0.776237
0.0274995
0.776237
0.0274995
0.776237
0.0274995
0.776237
0.0274995
0.776237
0.0274995
0.645572
0.184999
0.645572
0.184999
0.645572
0.184999
0.645572
0.184999
0.772943
0.033204
0.334296
0.507796
0.134999
0.675027
0.134999
0.675027
0.134999
0.675027
0.134999
0.675027
0.0274995
0.763737
0.0274995
0.763737
0.0274995
0.763737
0.0274995
0.763737
0.0274995
0.763737
0.0274995
0.763737
0.0274995
0.763737
-0.00500054
0.7825
0.0349995
0.643436
0.0399995
0.0112495
0.0399995
-5.35686e-07
0.0399995
0.0249995
0.0399995
0.0599995
0.0399995
-5.35686e-07
0.0399995
-5.35686e-07
0.0349995
0.0487495
0.0399995
-5.35686e-07
0.277499
-0.00500054
0.787784
0.00749946
0.787784
0.00749946
0.787784
0.00749946
0.787784
0.00749946
0.725286
0.0899995
0.725286
0.0899995
0.725286
0.0899995
0.645572
0.184999
0.795
-0.00499997
0.795
-0.00499997
0.795
-0.00499997
0.795
-0.00499997
0.763745
0.0441661
0.334296
0.520296
0.033204
0.772943
-0.00499997
0.795
-0.00499997
0.795
-0.00499997
0.795
-0.00500054
0.795
-0.00500054
0.795
-0.00500054
0.795
-0.00500054
0.795
-0.00500054
0.795
0.0274995
0.776237
-0.00500054
0.795
-0.00500054
0.795
0.0349995
0.643436
0.0737495
0.313749
0.0874995
0.338749
0.0349995
0.214999
0.00499946
0.338749
0.0349995
0.338749
0.00499946
0.338749
0.00499946
0.338749
0.00499946
0.338749
0.00499946
0.204999
0.795
-0.00500054
0.795
-0.00500054
0.795
-0.00500054
0.795
-0.00500054
0.795
-0.00500054
0.795
-0.00500054
0.795
-0.00500054
0.795
-0.00500054
0.737872
0.0749995
0.737872
0.0749995
0.737872
0.0749995
0.737872
0.0749995
0.683331
0.139999
0.334296
0.520296
0.033204
0.772943
-0.00499997
0.795
0.134999
0.687527
0.134999
0.687527
0.0274995
0.776237
0.0274995
0.776237
0.0274995
0.776237
0.0274995
0.776237
0.0274995
0.776237
0.0274995
0.776237
0.0274995
0.776237
-0.00500054
0.795
0.0349995
0.643436
0.0612495
0.163749
0.0937495
0.176249
0.0349995
0.167499
0.0937495
0.157499
0.0737495
0.157499
0.0349995
0.163749
0.0174995
0.173749
0.0674995
0.167499
0.0174995
0.163749
0.795
-0.00500054
0.795
-0.00500054
0.795
-0.00500054
0.795
-0.00500054
0.795
-0.00500054
0.795
-0.00500054
0.737872
0.0749995
0.737872
0.0749995
0.709903
0.108333
0.709903
0.108333
0.709903
0.108333
0.709903
0.108333
0.64697
0.183333
0.334296
0.520296
0.134999
0.687527
0.134999
0.687527
0.134999
0.687527
0.134999
0.687527
0.0274995
0.776237
0.0274995
0.776237
0.0274995
0.776237
0.0274995
0.776237
0.0274995
0.776237
0.0274995
0.776237
0.0274995
0.776237
-0.00500054
0.795
0.0349995
0.643436
0.0799995
0.0616661
0.0937495
0.135416
0.0874995
0.130416
0.0824995
0.135416
0.0574995
0.130416
0.0937495
0.135416
0.0937495
0.135416
0.0737495
0.135416
0.0349995
0.130416
0.795
-0.00500054
0.795
-0.00500054
0.795
-0.00500054
0.795
-0.00500054
0.795
-0.00500054
0.795
-0.00500054
0.795
-0.00500054
0.795
-0.00500054
0.695918
0.124999
0.695918
0.124999
0.695918
0.124999
0.695918
0.124999
0.625118
0.209374
0.334296
0.520296
0.134999
0.687527
0.134999
0.687527
0.134999
0.687527
0.134999
0.687527
0.0274995
0.776237
0.0274995
0.776237
0.0274995
0.776237
0.0274995
0.776237
0.0274995
0.776237
0.0274995
0.776237
0.0274995
0.776237
-0.00500054
0.795
0.0349995
0.643436
0.0737495
0.0893745
0.0999995
0.0549995
0.0349995
0.0893745
0.0387495
0.0856245
0.0499995
0.0799995
0.0349995
0.0856245
0.0349995
0.0893745
0.0349995
0.0856245
0.101249
0.0331245
0.785258
0.0118745
0.785258
0.0118745
0.785258
0.0118745
0.785258
0.0118745
0.785258
0.0118745
0.785258
0.0118745
0.785258
0.0118745
0.785258
0.0118745
0.687527
0.134999
0.687527
0.134999
0.687527
0.134999
0.687527
0.134999
0.612008
0.224999
0.334296
0.520296
0.134999
0.687527
0.134999
0.687527
0.134999
0.687527
0.134999
0.687527
0.0274995
0.776237
0.0274995
0.776237
0.0274995
0.776237
0.0274995
0.776237
0.0274995
0.776237
0.0274995
0.776237
0.0274995
0.776237
-0.00500054
0.795
0.0349995
0.643436
0.0799995
0.0449995
0.0999995
0.0537495
0.0349995
0.0887495
0.0387495
0.0799995
0.0674995
0.0824995
0.0349995
0.0799995
0.0349995
0.0999995
0.0449995
0.0887495
0.172499
0.0349995
0.795
-0.00500054
0.776237
0.0274995
0.776237
0.0274995
0.776237
0.0274995
0.776237
0.0274995
0.776237
0.0274995
0.776237
0.0274995
0.776237
0.0274995
