0.633092
0.184976
0.633092
0.184976
0.633092
0.184976
0.633092
0.184976
0.547084
0.287476
0.334297
0.507797
0.184976
0.633092
0.184976
0.633092
0.184976
0.633092
0.184976
0.633092
0.184976
0.633092
0.0899762
0.712806
0.0899762
0.712806
0.0899762
0.712806
0.0899762
0.712806
0.00747621
0.775304
0.00747621
0.775304
0.00747621
0.775304
-0.00502379
0.650339
-2.37892e-05
-2.37892e-05
0.0487262
0.0362262
-2.37892e-05
0.0249762
-2.37892e-05
-2.37892e-05
-2.37892e-05
-2.37892e-05
-2.37892e-05
-2.37892e-05
-0.00502379
0.0487262
-0.00502379
0.00747621
0.299976
-0.00502379
0.775304
0.00747621
0.775304
0.00747621
0.775304
0.00747621
0.712806
0.0899762
0.712806
0.0899762
0.712806
0.0899762
0.712806
0.0899762
0.633092
0.184976
0.782506
-0.00499886
0.782506
-0.00499886
0.782506
-0.00499886
0.782506
-0.00499886
0.751265
0.0441429
0.334297
0.520297
0.0331814
0.772963
-0.00499886
0.795006
-0.00499886
0.795006
-0.00499886
0.795006
-0.00502379
0.795006
-0.00502379
0.795006
-0.00502379
0.795006
-0.00502379
0.795006
0.00747621
0.787804
0.00747621
0.787804
0.00747621
0.787804
0.00747621
0.787804
-0.00502379
0.650339
0.00622621
0.349976
-0.00502379
0.329976
-0.00502379
0.204976
-0.00502379
0.204976
0.00122621
0.313726
-0.00502379
0.234976
-0.00502379
0.204976
-2.37892e-05
0.203726
0.18831
0.144976
0.782506
-0.00502379
0.782506
-0.00502379
0.782506
-0.00502379
0.782506
-0.00502379
0.782506
-0.00502379
0.782506
-0.00502379
0.782506
-0.00502379
0.782506
-0.00502379
0.725393
0.0749762
0.725393
0.0749762
0.725393
0.0749762
0.725393
0.0749762
0.670851
0.139976
0.334297
0.520297
0.0331814
0.772963
-0.00499886
0.795006
-0.00499886
0.795006
-0.00499886
0.795006
0.184976
0.645592
0.0899762
0.725306
0.0899762
0.725306
0.00747621
0.787804
0.00747621
0.787804
0.00747621
0.787804
0.00747621
0.787804
0.00747621
0.787804
-0.00502379
0.650339
-0.00502379
0.163726
0.0487262
0.104976
-0.00502379
0.104976
-0.00502379
0.163726
0.00747621
0.0949762
-0.00502379
0.104976
-0.00502379
0.104976
-2.37892e-05
0.0999762
0.192476
0.151226
0.782506
-0.00502379
0.782506
-0.00502379
0.782506
-0.00502379
0.782506
-0.00502379
0.782506
-0.00502379
0.782506
-0.00502379
0.725393
0.0749762
0.725393
0.0749762
0.697423
0.10831
0.697423
0.10831
0.697423
0.10831
0.697423
0.10831
0.63449
0.18331
0.334297
0.520297
0.0331814
0.772963
0.184976
0.645592
0.184976
0.645592
0.184976
0.645592
0.184976
0.645592
0.0899762
0.725306
0.0899762
0.725306
0.0899762
0.725306
0.00747621
0.787804
0.00747621
0.787804
0.00747621
0.787804
0.00747621
0.787804
-0.00502379
0.650339
0.00622621
0.141643
-0.00502379
0.0816429
-2.37892e-05
0.0666429
-2.37892e-05
0.0666429
0.00122621
0.105393
-0.00502379
0.130393
-2.37892e-05
0.0666429
-2.37892e-05
0.0666429
0.0999762
0.129143
0.782506
-0.00502379
0.782506
-0.00502379
0.782506
-0.00502379
0.782506
-0.00502379
0.782506
-0.00502379
0.782506
-0.00502379
0.782506
-0.00502379
0.782506
-0.00502379
0.683438
0.124976
0.683438
0.124976
0.683438
0.124976
0.683438
0.124976
0.612639
0.209351
0.334297
0.520297
0.184976
0.645592
0.184976
0.645592
0.184976
0.645592
0.184976
0.645592
0.184976
0.645592
0.0899762
0.725306
0.0899762
0.725306
0.0899762
0.725306
0.00747621
0.787804
0.00747621
0.787804
0.00747621
0.787804
0.00747621
0.787804
-0.00502379
0.650339
-0.00502379
0.0893512
0.0487262
0.0449762
-2.37892e-05
0.0499762
-2.37892e-05
0.0499762
0.00747621
0.0549762
-2.37892e-05
0.0499762
-2.37892e-05
0.0499762
-2.37892e-05
0.0499762
-2.37892e-05
0.0687262
0.772778
0.0118512
0.772778
0.0118512
0.772778
0.0118512
0.772778
0.0118512
0.772778
0.0118512
0.772778
0.0118512
0.772778
0.0118512
0.772778
0.0118512
0.675047
0.134976
0.675047
0.134976
0.675047
0.134976
0.675047
0.134976
0.599528
0.224976
0.334297
0.520297
0.184976
0.645592
0.184976
0.645592
0.184976
0.645592
0.184976
0.645592
0.184976
0.645592
0.0899762
0.725306
0.0899762
0.725306
0.0899762
0.725306
0.00747621
0.787804
0.00747621
0.787804
0.00747621
0.787804
0.00747621
0.787804
-0.00502379
0.650339
0.0112262
0.0437262
0.0124762
0.0637262
-2.37892e-05
0.0399762
-2.37892e-05
0.0399762
0.00747621
0.0349762
-2.37892e-05
0.0399762
-2.37892e-05
0.0399762
-2.37892e-05
0.0499762
0.194976
0.0649762
0.782506
-0.00502379
0.763757
0.0274762
0.763757
0.0274762
0.763757
0.0274762
0.763757
0.0274762
0.763757
0.0274762
0.763757
0.0274762
0.763757
0.0274762
0.795006
-0.00499886
0.795006
-0.00499886
0.795006
-0.00499886
0.795006
-0.00499886
0.772963
0.0331814
0.334297
0.507797
0.0331814
0.760463
-0.00499886
0.782506
-0.00499886
0.782506
-0.00499886
0.782506
-0.00502379
0.782506
-0.00502379
0.782506
-0.00502379
0.782506
-0.00502379
0.782506
-0.00502379
0.782506
-0.00502379
0.782506
-0.00502379
0.782506
-0.00502379
0.782506
0.144976
0.551156
0.204976
-0.00502379
0.199976
-2.37892e-05
0.204976
-0.00502379
0.204976
-0.00502379
0.204976
-0.00502379
0.204976
-0.00502379
0.204976
-0.00502379
0.204976
-0.00502379
0.277476
-0.00502379
0.787804
0.00747621
0.787804
0.00747621
0.787804
0.00747621
0.787804
0.00747621
0.795006
-0.00502379
0.795006
-0.00502379
0.795006
-0.00502379
0.795006
-0.00502379
0.795006
-0.00499886
0.763765
0.0441429
0.763765
0.0441429
0.763765
0.0441429
0.763765
0.0441429
0.334297
0.520297
0.0441429
0.763765
0.0441429
0.763765
0.0441429
0.763765
-0.00499886
0.795006
-0.00502379
0.795006
-0.00502379
0.795006
-0.00502379
0.795006
-0.00502379
0.795006
-0.00502379
0.795006
-0.00502379
0.795006
-0.00502379
0.795006
-0.00502379
0.795006
0.144976
0.551156
0.338726
0.326226
0.118726
0.311226
0.0749762
0.214976
0.338726
0.137476
0.323726
0.313726
0.118726
0.326226
0.107476
0.323726
0.198726
0.338726
0.0483095
0.144976
0.795006
-0.00502379
0.795006
-0.00502379
0.795006
-0.00502379
0.795006
-0.00502379
0.795006
-0.00502379
0.795006
-0.00502379
0.795006
-0.00502379
0.795006
-0.00502379
0.795006
-0.00499886
0.795006
-0.00499886
0.795006
-0.00499886
0.795006
-0.00499886
0.772963
0.0331814
0.334297
0.520297
0.0441429
0.763765
-0.00499886
0.795006
-0.00499886
0.795006
-0.00499886
0.795006
-0.00502379
0.795006
-0.00502379
0.795006
-0.00502379
0.795006
-0.00502379
0.795006
-0.00502379
0.795006
-0.00502379
0.795006
-0.00502379
0.795006
-0.00502379
0.795006
0.144976
0.551156
0.214976
0.154976
0.323726
0.154976
0.114976
0.113726
0.323726
0.151226
0.323726
0.151226
0.332476
0.187476
0.114976
0.151226
0.214976
0.154976
0.114976
0.151226
0.795006
-0.00502379
0.795006
-0.00502379
0.795006
-0.00502379
0.795006
-0.00502379
0.775535
0.0287262
0.775535
0.0287262
0.795006
-0.00502379
0.795006
-0.00502379
0.795006
-0.00499886
0.795006
-0.00499886
0.795006
-0.00499886
0.795006
-0.00499886
0.772963
0.0331814
0.334297
0.520297
0.0331814
0.772963
-0.00499886
0.795006
-0.00499886
0.795006
-0.00499886
0.795006
-0.00502379
0.795006
-0.00502379
0.795006
-0.00502379
0.795006
-0.00502379
0.795006
-0.00502379
0.795006
-0.00502379
0.795006
-0.00502379
0.795006
-0.00502379
0.795006
0.144976
0.551156
0.338726
0.0803929
0.311226
0.111643
0.326226
0.0903929
0.311226
0.141643
0.313726
0.135393
0.311226
0.115393
0.117476
0.0991429
0.204976
0.129143
0.204976
0.129143
0.795006
-0.00502379
0.795006
-0.00502379
0.795006
-0.00502379
0.795006
-0.00502379
0.795006
-0.00502379
0.795006
-0.00502379
0.795006
-0.00502379
0.795006
-0.00502379
0.795006
-0.00499886
0.795006
-0.00499886
0.795006
-0.00499886
0.795006
-0.00499886
0.772963
0.0331814
0.334297
0.520297
0.0331814
0.772963
-0.00499886
0.795006
-0.00499886
0.795006
-0.00499886
0.795006
-0.00502379
0.795006
-0.00502379
0.795006
-0.00502379
0.795006
-0.00502379
0.795006
-0.00502379
0.795006
-0.00502379
0.795006
-0.00502379
0.795006
-0.00502379
0.795006
0.144976
0.551156
0.338726
0.0418512
0.323726
0.0262262
0.313726
0.0893512
0.338726
0.0831012
0.313726
0.0893512
0.194976
0.115601
0.214976
0.103101
0.204976
0.0549762
0.199976
0.0687262
0.795006
-0.00502379
0.785278
0.0118512
0.785278
0.0118512
0.785278
0.0118512
0.795006
-0.00502379
0.795006
-0.00502379
0.795006
-0.00502379
0.795006
-0.00502379
0.795006
-0.00499886
0.795006
-0.00499886
0.795006
-0.00499886
0.795006
-0.00499886
0.772963
0.0331814
0.334297
0.520297
0.0331814
0.772963
-0.00499886
0.795006
-0.00499886
0.795006
-0.00499886
0.795006
-0.00502379
0.795006
-0.00502379
0.795006
-0.00502379
0.795006
-0.00502379
0.795006
-0.00502379
0.795006
-0.00502379
0.795006
-0.00502379
0.795006
-0.00502379
0.795006
0.144976
0.551156
0.338726
0.0762262
0.323726
0.0737262
0.214976
0.0874762
0.343726
0.0937262
0.323726
0.0762262
0.234976
0.0674762
0.198726
0.0887262
0.204976
0.0474762
0.204976
0.0649762
0.795006
-0.00502379
0.795006
-0.00502379
0.776257
0.0274762
0.795006
-0.00502379
0.795006
-0.00502379
0.795006
-0.00502379
0.795006
-0.00502379
0.795006
-0.00502379
0.795006
-0.00499886
0.795006
-0.00499886
0.795006
-0.00499886
0.795006
-0.00499886
0.772963
0.0331814
0.334297
0.507797
0.0749762
0.725393
0.0749762
0.725393
0.0749762
0.725393
0.0749762
0.725393
0.0749762
0.725393
0.0749762
0.725393
-0.00502379
0.782506
-0.00502379
0.782506
-0.00502379
0.782506
-0.00502379
0.782506
-0.00502379
0.782506
-0.00502379
0.782506
0.151226
0.545911
0.104976
-0.00502379
0.0999762
-2.37892e-05
0.104976
-0.00502379
0.104976
-0.00502379
0.104976
-0.00502379
0.104976
-0.00502379
0.104976
-0.00502379
0.104976
-0.00502379
0.249976
-0.00502379
0.787804
0.00747621
0.787804
0.00747621
0.787804
0.00747621
0.787804
0.00747621
0.787804
0.00747621
0.725306
0.0899762
0.725306
0.0899762
0.645592
0.184976
0.795006
-0.00499886
0.795006
-0.00499886
0.795006
-0.00499886
0.763765
0.0441429
0.763765
0.0441429
0.334297
0.520297
0.0331814
0.772963
-0.00499886
0.795006
-0.00499886
0.795006
-0.00499886
0.795006
-0.00502379
0.795006
-0.00502379
0.795006
0.0287262
0.775535
0.0287262
0.775535
-0.00502379
0.795006
-0.00502379
0.795006
-0.00502379
0.795006
-0.00502379
0.795006
0.151226
0.545911
0.114976
0.326226
0.151226
0.114976
0.151226
0.214976
0.154976
0.319976
0.104976
0.311226
0.151226
0.323726
0.0199762
0.323726
0.0199762
0.338726
0.10331
0.144976
0.795006
-0.00502379
0.795006
-0.00502379
0.795006
-0.00502379
0.795006
-0.00502379
0.795006
-0.00502379
0.795006
-0.00502379
0.795006
-0.00502379
0.795006
-0.00502379
0.737893
0.0749762
0.737893
0.0749762
0.737893
0.0749762
0.737893
0.0749762
0.690693
0.131226
0.334297
0.520297
0.0749762
0.737893
0.0749762
0.737893
0.0749762
0.737893
0.0749762
0.737893
0.0749762
0.737893
0.0749762
0.737893
0.0287262
0.775535
-0.00502379
0.795006
-0.00502379
0.795006
-0.00502379
0.795006
-0.00502379
0.795006
-0.00502379
0.795006
0.151226
0.545911
0.108726
0.154976
0.151226
0.114976
0.154976
0.114976
0.154976
0.114976
0.163726
0.151226
0.104976
0.154976
0.163726
0.181226
0.108726
0.154976
0.138726
0.151226
0.795006
-0.00502379
0.795006
-0.00502379
0.795006
-0.00502379
0.795006
-0.00502379
0.795006
-0.00502379
0.775535
0.0287262
0.737893
0.0749762
0.737893
0.0749762
0.709923
0.10831
0.709923
0.10831
0.709923
0.10831
0.709923
0.10831
0.772963
0.0331814
0.334297
0.520297
0.0749762
0.737893
0.0749762
0.737893
0.0749762
0.737893
0.0749762
0.737893
0.0749762
0.737893
0.0749762
0.737893
-0.00502379
0.795006
-0.00502379
0.795006
-0.00502379
0.795006
-0.00502379
0.795006
-0.00502379
0.795006
-0.00502379
0.795006
0.151226
0.545911
0.151226
0.115393
0.151226
0.115393
0.151226
0.0903929
0.154976
0.141643
0.157476
0.135393
0.151226
0.130393
0.0949762
0.141643
0.104976
0.141643
0.104976
0.129143
0.795006
-0.00502379
0.795006
-0.00502379
0.795006
-0.00502379
0.795006
-0.00502379
0.795006
-0.00502379
0.795006
-0.00502379
0.795006
-0.00502379
0.795006
-0.00502379
0.695938
0.124976
0.695938
0.124976
0.695938
0.124976
0.795006
-0.00499886
0.772963
0.0331814
0.334297
0.520297
0.0749762
0.737893
0.0749762
0.737893
0.0749762
0.737893
0.0749762
0.737893
0.0749762
0.737893
0.0749762
0.737893
-0.00502379
0.795006
-0.00502379
0.795006
-0.00502379
0.795006
-0.00502379
0.795006
-0.00502379
0.795006
-0.00502379
0.795006
0.151226
0.545911
0.114976
0.0918512
0.0987262
0.115601
0.124976
0.104351
0.118726
0.0687262
0.0949762
0.115601
0.113726
0.115601
0.114976
0.103101
0.0949762
0.115601
0.0999762
0.0687262
0.785278
0.0118512
0.785278
0.0118512
0.785278
0.0118512
0.785278
0.0118512
0.785278
0.0118512
0.785278
0.0118512
0.785278
0.0118512
0.785278
0.0118512
0.687547
0.134976
0.687547
0.134976
0.795006
-0.00499886
0.795006
-0.00499886
0.772963
0.0331814
0.334297
0.520297
0.0749762
0.737893
0.0749762
0.737893
0.0749762
0.737893
0.0749762
0.737893
0.0749762
0.737893
0.0749762
0.737893
-0.00502379
0.795006
-0.00502379
0.795006
-0.00502379
0.795006
-0.00502379
0.795006
-0.00502379
0.795006
-0.00502379
0.795006
0.151226
0.545911
0.114976
0.0762262
0.187476
0.0674762
0.114976
0.0874762
0.114976
0.0474762
0.124976
0.0999762
0.118726
0.0699762
0.114976
0.0874762
0.118726
0.0699762
0.138726
0.0649762
0.795006
-0.00502379
0.776257
0.0274762
0.776257
0.0274762
0.776257
0.0274762
0.776257
0.0274762
0.776257
0.0274762
0.776257
0.0274762
0.776257
0.0274762
0.645592
0.184976
0.645592
0.184976
0.645592
0.184976
0.795006
-0.00499886
0.772963
0.0331814
0.334297
0.507797
0.10831
0.697423
0.10831
0.697423
0.10831
0.697423
0.10831
0.697423
-0.00502379
0.782506
-0.00502379
0.782506
-0.00502379
0.782506
-0.00502379
0.782506
-0.00502379
0.782506
-0.00502379
0.782506
-0.00502379
0.782506
-0.00502379
0.782506
0.129143
0.596063
0.0716429
-0.00502379
0.0666429
-2.37892e-05
0.0666429
-2.37892e-05
0.0666429
-2.37892e-05
0.0666429
-2.37892e-05
0.0666429
-2.37892e-05
0.0666429
-2.37892e-05
0.0616429
0.00747621
0.262476
-0.00502379
0.787804
0.00747621
0.787804
0.00747621
0.787804
0.00747621
0.787804
0.00747621
0.725306
0.0899762
0.725306
0.0899762
0.725306
0.0899762
0.645592
0.184976
0.795006
-0.00499886
0.795006
-0.00499886
0.795006
-0.00499886
0.795006
-0.00499886
0.763765
0.0441429
0.334297
0.520297
0.0331814
0.772963
-0.00499886
0.795006
-0.00499886
0.795006
-0.00499886
0.795006
-0.00502379
0.795006
-0.00502379
0.795006
-0.00502379
0.795006
-0.00502379
0.795006
-0.00502379
0.795006
-0.00502379
0.795006
-0.00502379
0.795006
-0.00502379
0.795006
0.129143
0.596063
0.101643
0.311226
0.105393
0.313726
0.109143
0.214976
0.109143
0.323726
0.0716429
0.311226
0.0116429
0.323726
0.0116429
0.338726
0.0653929
0.338726
0.12831
0.144976
0.795006
-0.00502379
0.795006
-0.00502379
0.795006
-0.00502379
0.795006
-0.00502379
0.795006
-0.00502379
0.795006
-0.00502379
0.795006
-0.00502379
0.795006
-0.00502379
0.737893
0.0749762
0.737893
0.0749762
0.737893
0.0749762
0.737893
0.0749762
0.683351
0.139976
0.334297
0.520297
0.10831
0.709923
0.10831
0.709923
0.10831
0.709923
0.10831
0.709923
-0.00502379
0.795006
-0.00502379
0.795006
-0.00502379
0.795006
-0.00502379
0.795006
-0.00502379
0.795006
-0.00502379
0.795006
-0.00502379
0.795006
-0.00502379
0.795006
0.129143
0.596063
0.101643
0.154976
0.141643
0.104976
0.0991429
0.114976
0.111643
0.151226
0.109143
0.123726
0.0324762
0.114976
0.105393
0.187476
0.111643
0.154976
0.15331
0.151226
0.795006
-0.00502379
0.795006
-0.00502379
0.795006
-0.00502379
0.795006
-0.00502379
0.795006
-0.00502379
0.795006
-0.00502379
0.737893
0.0749762
0.737893
0.0749762
0.709923
0.10831
0.709923
0.10831
0.709923
0.10831
0.709923
0.10831
0.64699
0.18331
0.334297
0.520297
0.10831
0.709923
0.10831
0.709923
0.10831
0.709923
0.10831
0.709923
-0.00502379
0.795006
-0.00502379
0.795006
-0.00502379
0.795006
-0.00502379
0.795006
-0.00502379
0.795006
-0.00502379
0.795006
-0.00502379
0.795006
-0.00502379
0.795006
0.129143
0.596063
0.0916429
0.121643
0.135393
0.135393
0.124143
0.135393
0.109143
0.124143
0.124143
0.135393
0.135393
0.124143
0.0803929
0.141643
0.129143
0.141643
0.0716429
0.129143
0.795006
-0.00502379
0.795006
-0.00502379
0.795006
-0.00502379
0.795006
-0.00502379
0.795006
-0.00502379
0.795006
-0.00502379
0.795006
-0.00502379
0.795006
-0.00502379
0.695938
0.124976
0.695938
0.124976
0.695938
0.124976
0.695938
0.124976
0.625139
0.209351
0.334297
0.520297
0.10831
0.709923
0.10831
0.709923
0.10831
0.709923
0.10831
0.709923
-0.00502379
0.795006
-0.00502379
0.795006
-0.00502379
0.795006
-0.00502379
0.795006
-0.00502379
0.795006
-0.00502379
0.795006
-0.00502379
0.795006
-0.00502379
0.795006
0.129143
0.596063
0.115393
0.0449762
0.141643
0.0831012
0.115393
0.0449762
0.135393
0.0893512
0.0616429
0.115601
0.0616429
0.115601
0.115393
0.103101
0.0616429
0.115601
0.0666429
0.0687262
0.785278
0.0118512
0.785278
0.0118512
0.785278
0.0118512
0.785278
0.0118512
0.785278
0.0118512
0.785278
0.0118512
0.785278
0.0118512
0.785278
0.0118512
0.687547
0.134976
0.687547
0.134976
0.687547
0.134976
0.687547
0.134976
0.772963
0.0331814
0.334297
0.520297
0.10831
0.709923
0.10831
0.709923
0.10831
0.709923
0.10831
0.709923
-0.00502379
0.795006
-0.00502379
0.795006
-0.00502379
0.795006
-0.00502379
0.795006
-0.00502379
0.795006
-0.00502379
0.795006
-0.00502379
0.795006
-0.00502379
0.795006
0.129143
0.596063
0.130393
0.0762262
0.141643
0.0762262
0.135393
0.0824762
0.105393
0.0637262
0.0903929
0.0762262
0.105393
0.0637262
0.115393
0.0874762
0.115393
0.0674762
0.157476
0.0649762
0.795006
-0.00502379
0.776257
0.0274762
0.776257
0.0274762
0.776257
0.0274762
0.776257
0.0274762
0.776257
0.0274762
0.776257
0.0274762
0.776257
0.0274762
0.645592
0.184976
0.645592
0.184976
0.645592
0.184976
0.645592
0.184976
0.772963
0.0331814
0.334297
0.507797
0.124976
0.683438
0.124976
0.683438
0.124976
0.683438
0.124976
0.683438
0.0118512
0.772778
0.0118512
0.772778
0.0118512
0.772778
0.0118512
0.772778
0.0118512
0.772778
0.0118512
0.772778
0.0118512
0.772778
0.0118512
0.772778
0.0687262
0.571948
0.0499762
-2.37892e-05
0.0499762
-2.37892e-05
0.0499762
-2.37892e-05
0.0499762
-2.37892e-05
0.0499762
-2.37892e-05
0.0499762
-2.37892e-05
0.0499762
-2.37892e-05
0.0449762
0.00747621
0.271851
-0.00502379
0.787804
0.00747621
0.787804
0.00747621
0.787804
0.00747621
0.787804
0.00747621
0.725306
0.0899762
0.725306
0.0899762
0.725306
0.0899762
0.645592
0.184976
0.795006
-0.00499886
0.795006
-0.00499886
0.795006
-0.00499886
0.795006
-0.00499886
0.763765
0.0441429
0.334297
0.520297
0.0331814
0.772963
-0.00499886
0.795006
-0.00499886
0.795006
-0.00499886
0.795006
-0.00502379
0.795006
-0.00502379
0.795006
-0.00502379
0.795006
-0.00502379
0.795006
0.0118512
0.785278
0.0118512
0.785278
0.0118512
0.785278
-0.00502379
0.795006
0.0687262
0.571948
0.103101
0.323726
0.109351
0.313726
0.0731012
0.214976
0.0549762
0.223726
0.0499762
0.209976
0.0449762
0.338726
0.00747621
0.338726
0.00747621
0.338726
0.14081
0.144976
0.795006
-0.00502379
0.795006
-0.00502379
0.795006
-0.00502379
0.795006
-0.00502379
0.795006
-0.00502379
0.795006
-0.00502379
0.795006
-0.00502379
0.795006
-0.00502379
0.737893
0.0749762
0.737893
0.0749762
0.737893
0.0749762
0.737893
0.0749762
0.683351
0.139976
0.334297
0.520297
0.0331814
0.772963
0.124976
0.695938
0.124976
0.695938
0.124976
0.695938
0.0118512
0.785278
0.0118512
0.785278
0.0118512
0.785278
0.0118512
0.785278
0.0118512
0.785278
0.0118512
0.785278
0.0118512
0.785278
0.0118512
0.785278
0.0687262
0.571948
0.115601
0.124976
0.0418512
0.123726
0.115601
0.113726
0.0893512
0.124976
0.0893512
0.124976
0.0793512
0.187476
0.0793512
0.187476
0.0231012
0.114976
0.160601
0.151226
0.795006
-0.00502379
0.795006
-0.00502379
0.795006
-0.00502379
0.795006
-0.00502379
0.795006
-0.00502379
0.795006
-0.00502379
0.737893
0.0749762
0.737893
0.0749762
0.709923
0.10831
0.709923
0.10831
0.709923
0.10831
0.709923
0.10831
0.64699
0.18331
0.334297
0.520297
0.124976
0.695938
0.124976
0.695938
0.124976
0.695938
0.124976
0.695938
0.0118512
0.785278
0.0118512
0.785278
0.0118512
0.785278
0.0118512
0.785278
0.0118512
0.785278
0.0118512
0.785278
0.0118512
0.785278
0.0118512
0.785278
0.0687262
0.571948
0.0856012
0.0803929
0.0549762
0.115393
0.0637262
0.130393
0.0637262
0.141643
0.0793512
0.135393
0.0731012
0.141643
0.0731012
0.141643
0.0449762
0.141643
0.0718512
0.129143
0.795006
-0.00502379
0.795006
-0.00502379
0.795006
-0.00502379
0.795006
-0.00502379
0.795006
-0.00502379
0.795006
-0.00502379
0.795006
-0.00502379
0.795006
-0.00502379
0.695938
0.124976
0.695938
0.124976
0.695938
0.124976
0.695938
0.124976
0.625139
0.209351
0.334297
0.520297
0.124976
0.695938
0.124976
0.695938
0.124976
0.695938
0.124976
0.695938
0.0118512
0.785278
0.0118512
0.785278
0.0118512
0.785278
0.0118512
0.785278
0.0118512
0.785278
0.0118512
0.785278
0.0118512
0.785278
0.0118512
0.785278
0.0687262
0.571948
0.115601
0.0749762
0.0487262
0.115601
0.0956012
0.0749762
0.115601
0.0637262
0.0549762
0.115601
0.0449762
0.115601
0.0749762
0.0856012
0.0449762
0.115601
0.0499762
0.0687262
0.785278
0.0118512
0.785278
0.0118512
0.785278
0.0118512
0.785278
0.0118512
0.785278
0.0118512
0.785278
0.0118512
0.785278
0.0118512
0.785278
0.0118512
0.687547
0.134976
0.687547
0.134976
0.687547
0.134976
0.687547
0.134976
0.612028
0.224976
0.334297
0.520297
0.124976
0.695938
0.124976
0.695938
0.124976
0.695938
0.124976
0.695938
0.0118512
0.785278
0.0118512
0.785278
0.0118512
0.785278
0.0118512
0.785278
0.0118512
0.785278
0.0118512
0.785278
0.0118512
0.785278
0.0118512
0.785278
0.0687262
0.571948
0.0799762
0.0499762
0.0637262
0.0737262
0.0637262
0.0799762
0.0749762
0.0699762
0.0893512
0.0649762
0.0637262
0.0699762
0.0537262
0.0699762
0.0549762
0.0699762
0.166851
0.0649762
0.795006
-0.00502379
0.776257
0.0274762
0.776257
0.0274762
0.776257
0.0274762
0.776257
0.0274762
0.776257
0.0274762
0.776257
0.0274762
0.776257
0.0274762
0.645592
0.184976
0.645592
0.184976
0.645592
0.184976
0.645592
0.184976
0.772963
0.0331814
0.334297
0.507797
0.134976
0.675047
0.134976
0.675047
0.134976
0.675047
0.134976
0.675047
0.0274762
0.763757
0.0274762
0.763757
0.0274762
0.763757
0.0274762
0.763757
0.0274762
0.763757
0.0274762
0.763757
0.0274762
0.763757
-0.00502379
0.782506
0.0637262
0.619333
0.0399762
-2.37892e-05
0.0399762
-2.37892e-05
0.0399762
-2.37892e-05
0.0399762
-2.37892e-05
0.0399762
-2.37892e-05
0.0399762
-2.37892e-05
0.0399762
-2.37892e-05
0.0349762
0.00747621
0.277476
-0.00502379
0.787804
0.00747621
0.787804
0.00747621
0.787804
0.00747621
0.787804
0.00747621
0.725306
0.0899762
0.725306
0.0899762
0.725306
0.0899762
0.645592
0.184976
0.795006
-0.00499886
0.795006
-0.00499886
0.795006
-0.00499886
0.795006
-0.00499886
0.763765
0.0441429
0.334297
0.520297
0.0331814
0.772963
-0.00499886
0.795006
-0.00499886
0.795006
-0.00499886
0.795006
-0.00502379
0.795006
-0.00502379
0.795006
-0.00502379
0.795006
-0.00502379
0.795006
-0.00502379
0.795006
0.0274762
0.776257
-0.00502379
0.795006
-0.00502379
0.795006
0.0637262
0.619333
0.0699762
0.213726
0.0937262
0.313726
0.0737262
0.213726
0.0574762
0.223726
0.0574762
0.323726
0.0637262
0.313726
0.00497621
0.338726
0.0349762
0.338726
0.14831
0.144976
0.795006
-0.00502379
0.795006
-0.00502379
0.795006
-0.00502379
0.795006
-0.00502379
0.795006
-0.00502379
0.795006
-0.00502379
0.795006
-0.00502379
0.795006
-0.00502379
0.737893
0.0749762
0.737893
0.0749762
0.737893
0.0749762
0.737893
0.0749762
0.683351
0.139976
0.334297
0.520297
0.0331814
0.772963
-0.00499886
0.795006
0.134976
0.687547
0.134976
0.687547
0.0274762
0.776257
0.0274762
0.776257
0.0274762
0.776257
0.0274762
0.776257
0.0274762
0.776257
0.0274762
0.776257
0.0274762
0.776257
-0.00502379
0.795006
0.0637262
0.619333
0.0637262
0.187476
0.0612262
0.114976
0.0699762
0.124976
0.0737262
0.124976
0.0737262
0.124976
0.0637262
0.187476
0.0674762
0.187476
0.0574762
0.114976
0.164976
0.151226
0.795006
-0.00502379
0.795006
-0.00502379
0.795006
-0.00502379
0.795006
-0.00502379
0.795006
-0.00502379
0.795006
-0.00502379
0.737893
0.0749762
0.737893
0.0749762
0.709923
0.10831
0.709923
0.10831
0.709923
0.10831
0.709923
0.10831
0.64699
0.18331
0.334297
0.520297
0.134976
0.687547
0.134976
0.687547
0.134976
0.687547
0.134976
0.687547
0.0274762
0.776257
0.0274762
0.776257
0.0274762
0.776257
0.0274762
0.776257
0.0274762
0.776257
0.0274762
0.776257
0.0274762
0.776257
-0.00502379
0.795006
0.0637262
0.619333
0.0637262
0.115393
0.0637262
0.135393
0.0637262
0.135393
0.0637262
0.135393
0.0824762
0.135393
0.0762262
0.141643
0.0399762
0.0966429
0.0574762
0.141643
0.0774762
0.129143
0.795006
-0.00502379
0.795006
-0.00502379
0.795006
-0.00502379
0.795006
-0.00502379
0.795006
-0.00502379
0.795006
-0.00502379
0.795006
-0.00502379
0.795006
-0.00502379
0.695938
0.124976
0.695938
0.124976
0.695938
0.124976
0.695938
0.124976
0.625139
0.209351
0.334297
0.520297
0.134976
0.687547
0.134976
0.687547
0.134976
0.687547
0.134976
0.687547
0.0274762
0.776257
0.0274762
0.776257
0.0274762
0.776257
0.0274762
0.776257
0.0274762
0.776257
0.0274762
0.776257
0.0274762
0.776257
-0.00502379
0.795006
0.0637262
0.619333
0.0699762
0.0749762
0.0537262
0.115601
0.0637262
0.0831012
0.0637262
0.109351
0.0649762
0.115601
0.0349762
0.115601
0.0737262
0.0793512
0.0449762
0.115601
0.0399762
0.0687262
0.785278
0.0118512
0.785278
0.0118512
0.785278
0.0118512
0.785278
0.0118512
0.785278
0.0118512
0.785278
0.0118512
0.785278
0.0118512
0.785278
0.0118512
0.687547
0.134976
0.687547
0.134976
0.687547
0.134976
0.687547
0.134976
0.612028
0.224976
0.334297
0.520297
0.134976
0.687547
0.134976
0.687547
0.134976
0.687547
0.134976
0.687547
0.0274762
0.776257
0.0274762
0.776257
0.0274762
0.776257
0.0274762
0.776257
0.0274762
0.776257
0.0274762
0.776257
0.0274762
0.776257
-0.00502379
0.795006
0.0637262
0.619333
0.0699762
0.0649762
0.0637262
0.0737262
0.0637262
0.0637262
0.0637262
0.0637262
0.0674762
0.0637262
0.0637262
0.0637262
0.0637262
0.0637262
0.0587262
0.0699762
0.172476
0.0649762
0.795006
-0.00502379
0.776257
0.0274762
0.776257
0.0274762
0.776257
0.0274762
0.776257
0.0274762
0.776257
0.0274762
0.776257
0.0274762
0.776257
0.0274762
