0.015916
-0.147669
0.015916
0.0198951
0.015916
0.0198951
0.015916
0.0198951
0.015916
0.0198951
0.015916
0.0198951
0.0198951
0.015916
0.0198951
0.015916
0.0198951
0.015916
0.0198951
0.015916
0.0198951
0.015916
-0.120881
0.015916
-0.0278023
0.015916
-0.0342413
0.015916
-0.0342413
0.015916
-0.12732
0.015916
-0.12732
0.015916
-0.12732
0.015916
-0.0342413
0.015916
-0.0342413
0.015916
-0.15482
-0.0262421
0.0018045
-0.112509
-0.10405
-0.0292413
-0.0792836
-0.0121729
-0.1028
-0.0790288
-0.0292413
-0.0792836
-0.1028
-0.1028
0.0155317
-0.10405
-0.1028
-0.0530879
-0.1028
-0.0790288
-0.0926113
-0.15482
0.015916
-0.12732
0.015916
-0.12732
0.015916
-0.0792836
0.015916
-0.12732
0.015916
-0.0792836
0.015916
-0.12732
0.015916
-0.12732
0.015916
-0.120881
0.015916
-0.120881
0.015916
0.0198951
0.015916
0.0198951
0.015916
0.0198951
0.015916
0.0198951
0.015916
0.0198951
0.015916
0.0198951
0.015916
0.0198951
0.015916
0.0198951
0.015916
0.0198951
0.015916
0.0198951
0.015916
0.0198951
-0.118381
0.0198951
-0.145881
0.0198951
-0.147802
0.0198951
0.00893353
0.0198951
-0.118381
0.0198951
-0.118381
0.0198951
-0.0858809
0.0198951
0.00503798
0.0198951
-0.0792836
0.015916
-0.15482
-0.0262421
-0.15482
-0.0695597
-0.15482
-0.0915502
-0.0342413
-0.0567836
-0.12732
-0.0915502
-0.0292413
-0.0940502
-0.12732
-0.0435046
-0.039143
-0.0928002
-0.039143
-0.0928002
-0.12732
-0.068901
-0.148381
-0.135175
0.015916
-0.11732
0.015916
-0.0940502
0.015916
-0.0242413
0.015916
-0.0242413
0.015916
-0.0242413
0.015916
-0.0940502
0.015916
-0.0242413
0.015916
-0.0940502
0.015916
-0.0940502
0.015916
-0.147669
0.015916
0.0198951
0.015916
0.0198951
0.015916
0.0198951
0.015916
0.0198951
0.015916
0.0198951
0.015916
0.0198951
0.015916
0.0198951
0.015916
0.0198951
0.015916
0.0198951
0.015916
0.0198951
-0.107721
0.0198951
-0.145881
0.0198951
-0.147802
0.0198951
0.00893353
0.0198951
-0.118381
0.0198951
-0.118381
0.0198951
-0.0858809
0.0198951
0.00503798
0.0198951
-0.120881
0.015916
-0.15482
-0.0262421
-0.15482
-0.0695597
-0.15482
-0.0915502
-0.0792836
-0.0192413
-0.12732
-0.0915502
-0.0292413
-0.0940502
-0.12732
-0.0266604
-0.039143
-0.0928002
-0.039143
-0.0928002
-0.1028
0.0119664
-0.145881
-0.15482
0.015916
0.0107164
0.015916
-0.0940502
0.015916
-0.0242413
0.015916
-0.0242413
0.015916
-0.0242413
0.015916
-0.0940502
0.015916
-0.0242413
0.015916
-0.0940502
0.015916
-0.0940502
0.015916
-0.147669
0.015916
0.0198951
0.015916
0.0198951
0.015916
0.0198951
0.015916
0.0198951
0.015916
0.0198951
0.015916
0.0198951
0.015916
0.0198951
0.015916
0.0198951
0.015916
0.0198951
0.015916
0.0198951
-0.118381
0.0198951
-0.145881
0.0198951
-0.147802
0.0198951
0.00893353
0.0198951
-0.118381
0.0198951
-0.118381
0.0198951
-0.0858809
0.0198951
0.00503798
0.0198951
-0.120881
0.015916
-0.15482
-0.0262421
-0.15482
-0.0695597
-0.15482
-0.0915502
-0.0792836
-0.0192413
-0.12732
-0.0915502
-0.0292413
-0.0940502
-0.12732
-0.0266604
-0.039143
-0.0928002
-0.039143
-0.0928002
-0.1028
0.0119664
-0.145881
-0.15482
0.015916
0.0107164
0.015916
-0.0940502
0.015916
-0.0242413
0.015916
-0.0242413
0.015916
-0.0242413
0.015916
-0.0940502
0.015916
-0.0242413
0.015916
-0.0940502
0.015916
-0.0940502
0.015916
-0.147669
0.015916
0.0198951
0.015916
0.0198951
0.015916
0.0198951
0.015916
0.0198951
0.015916
0.0198951
0.015916
0.0198951
0.015916
0.0198951
0.015916
0.0198951
0.015916
0.0198951
0.015916
0.0198951
-0.118381
0.0198951
-0.145881
0.0198951
-0.147802
0.0198951
0.00893353
0.0198951
-0.118381
0.0198951
-0.118381
0.0198951
-0.0858809
0.0198951
0.00503798
0.0198951
-0.120881
0.015916
-0.15482
-0.0262421
-0.15482
-0.0695597
-0.15482
-0.0915502
-0.0792836
-0.0192413
-0.12732
-0.0915502
-0.0292413
-0.0940502
-0.12732
-0.0266604
-0.039143
-0.0928002
-0.039143
-0.0928002
-0.1028
0.0119664
-0.145881
-0.15482
0.015916
0.0107164
0.015916
-0.0940502
0.015916
-0.0242413
0.015916
-0.0242413
0.015916
-0.0242413
0.015916
-0.0940502
0.015916
-0.0242413
0.015916
-0.0940502
0.015916
-0.0940502
0.015916
-0.147669
0.015916
0.0198951
0.015916
0.0198951
0.015916
0.0198951
0.015916
0.0198951
0.015916
0.0198951
0.015916
0.0198951
0.015916
0.0198951
0.015916
0.0198951
0.015916
0.0198951
0.015916
0.0198951
-0.118381
0.0198951
-0.145881
0.0198951
-0.147802
0.0198951
0.00893353
0.0198951
-0.118381
0.0198951
-0.118381
0.0198951
-0.0858809
0.0198951
0.00503798
0.0198951
-0.120881
0.015916
-0.15482
-0.0262421
-0.15482
-0.0695597
-0.15482
-0.0915502
-0.0792836
-0.0192413
-0.12732
-0.0915502
-0.0292413
-0.0940502
-0.12732
-0.0266604
-0.039143
-0.0928002
-0.039143
-0.0928002
-0.1028
0.0119664
-0.145881
-0.15482
0.015916
0.0107164
0.015916
-0.0940502
0.015916
-0.0242413
0.015916
-0.0242413
0.015916
-0.0242413
0.015916
-0.0940502
0.015916
-0.0242413
0.015916
-0.0940502
0.015916
-0.0940502
0.0198951
0
0.0198951
0.015916
0.0198951
0.015916
0.0198951
0.015916
0.0198951
0.015916
0.0198951
0.015916
0.0198951
0.015916
0.0198951
0.015916
0.0198951
0.015916
0.0198951
0.015916
0.0198951
0.015916
-0.0242413
0.015916
-0.11732
0.015916
-0.11732
0.015916
-0.0940502
0.015916
-0.11732
0.015916
-0.11732
0.015916
-0.11732
0.015916
-0.11732
0.015916
-0.0126749
0.015916
-0.15482
-0.0262421
0.0153271
-0.0334136
-0.0915502
-0.0342413
-0.0915502
-0.0948199
-0.0915502
-0.0948199
-0.0915502
-0.15482
-0.0928002
-0.1028
-0.0915502
-0.15482
-0.0915502
-0.12732
-0.0915502
-0.15482
-0.0915502
-0.15482
0.015916
-0.0948199
0.0198951
-0.118381
0.0198951
-0.118381
0.0198951
-0.118381
0.0198951
-0.118381
0.0198951
-0.145881
0.0198951
-0.0844746
0.0198951
-0.0858809
0.0198951
-0.145881
0.0198951
0.015916
0.0198951
0.015916
0.0198951
0.015916
0.0198951
0.015916
0.0198951
0.015916
0.0198951
0.015916
0.015916
0.0198951
0.015916
0.0198951
0.015916
0.0198951
0.015916
0.0198951
0.015916
0.0198951
-0.11732
0.0198951
-0.0720597
0.0198951
-0.11732
0.0198951
-0.11732
0.0198951
-0.11732
0.0198951
-0.0242413
0.0198951
-0.0242413
0.0198951
-0.111732
0.0198951
-0.109673
0.0198951
-0.15482
-0.0262421
-0.109673
-0.15482
-0.15482
-0.11732
-0.11732
-0.0192413
-0.15482
-0.071401
-0.0940502
-0.135175
-0.15482
-0.0940502
-0.0915502
-0.15482
-0.11732
-0.01124
-0.15482
-0.135175
-0.15482
-0.135175
0.0198951
-0.109673
0.0198951
-0.0940502
0.0198951
-0.0915502
0.0198951
-0.0242413
0.0198951
-0.0192413
0.0198951
-0.0915502
0.0198951
-0.111732
0.0198951
-0.135175
0.0198951
-0.0192413
0.0198951
0
0.0198951
0.015916
0.0198951
0.015916
0.0198951
0.015916
0.0198951
0.015916
0.0198951
0.015916
0.015916
0.0198951
0.015916
0.0198951
0.015916
0.0198951
0.015916
0.0198951
0.015916
0.0198951
-0.07124
0.0198951
-0.0720597
0.0198951
-0.11732
0.0198951
-0.11732
0.0198951
-0.11732
0.0198951
-0.0242413
0.0198951
-0.0242413
0.0198951
-0.111732
0.0198951
-0.109673
0.0198951
-0.15482
-0.0262421
-0.109673
-0.15482
-0.15482
-0.11732
-0.11732
-0.0192413
-0.0928002
-0.0928002
-0.11732
-0.15482
-0.15482
-0.0940502
-0.0915502
-0.15482
-0.11732
-0.0651749
-0.15482
-0.0651749
-0.15482
-0.15482
0.0198951
0.0132164
0.0198951
-0.0940502
0.0198951
-0.0915502
0.0198951
-0.0242413
0.0198951
-0.0192413
0.0198951
-0.0915502
0.0198951
-0.11732
0.0198951
-0.11732
0.0198951
-0.0192413
0.0198951
0
0.0198951
0.015916
0.0198951
0.015916
0.0198951
0.015916
0.0198951
0.015916
0.0198951
0.015916
0.015916
0.0198951
0.015916
0.0198951
0.015916
0.0198951
0.015916
0.0198951
0.015916
0.0198951
-0.11732
0.0198951
-0.0720597
0.0198951
-0.11732
0.0198951
-0.11732
0.0198951
-0.11732
0.0198951
-0.0242413
0.0198951
-0.0242413
0.0198951
-0.111732
0.0198951
-0.109673
0.0198951
-0.15482
-0.0262421
-0.109673
-0.15482
-0.15482
-0.11732
-0.11732
-0.0192413
-0.0928002
-0.0928002
-0.11732
-0.15482
-0.15482
-0.0940502
-0.0915502
-0.15482
-0.11732
-0.0651749
-0.15482
-0.0651749
-0.15482
-0.15482
0.0198951
0.0132164
0.0198951
-0.0940502
0.0198951
-0.0915502
0.0198951
-0.0242413
0.0198951
-0.0192413
0.0198951
-0.0915502
0.0198951
-0.11732
0.0198951
-0.11732
0.0198951
-0.0192413
0.0198951
0
0.0198951
0.015916
0.0198951
0.015916
0.0198951
0.015916
0.0198951
0.015916
0.0198951
0.015916
0.015916
0.0198951
0.015916
0.0198951
0.015916
0.0198951
0.015916
0.0198951
0.015916
0.0198951
-0.11732
0.0198951
-0.0720597
0.0198951
-0.11732
0.0198951
-0.11732
0.0198951
-0.11732
0.0198951
-0.0242413
0.0198951
-0.0242413
0.0198951
-0.111732
0.0198951
-0.109673
0.0198951
-0.15482
-0.0262421
-0.109673
-0.15482
-0.15482
-0.11732
-0.11732
-0.0192413
-0.0928002
-0.0928002
-0.11732
-0.15482
-0.15482
-0.0940502
-0.0915502
-0.15482
-0.11732
-0.0651749
-0.15482
-0.0651749
-0.15482
-0.15482
0.0198951
0.0132164
0.0198951
-0.0940502
0.0198951
-0.0915502
0.0198951
-0.0242413
0.0198951
-0.0192413
0.0198951
-0.0915502
0.0198951
-0.11732
0.0198951
-0.11732
0.0198951
-0.0192413
0.0198951
0
0.0198951
0.015916
0.0198951
0.015916
0.0198951
0.015916
0.0198951
0.015916
0.0198951
0.015916
0.015916
0.0198951
0.015916
0.0198951
0.015916
0.0198951
0.015916
0.0198951
0.015916
0.0198951
-0.11732
0.0198951
-0.0720597
0.0198951
-0.11732
0.0198951
-0.11732
0.0198951
-0.11732
0.0198951
-0.0242413
0.0198951
-0.0242413
0.0198951
-0.111732
0.0198951
-0.109673
0.0198951
-0.15482
-0.0262421
-0.109673
-0.15482
-0.15482
-0.11732
-0.11732
-0.0192413
-0.0928002
-0.0928002
-0.11732
-0.15482
-0.15482
-0.0940502
-0.0915502
-0.15482
-0.11732
-0.0651749
-0.15482
-0.0651749
-0.15482
-0.15482
0.0198951
0.0132164
0.0198951
-0.0940502
0.0198951
-0.0915502
0.0198951
-0.0242413
0.0198951
-0.0192413
0.0198951
-0.0915502
0.0198951
-0.11732
0.0198951
-0.11732
0.0198951
-0.0192413
0.0198951
0
0.0198951
0.015916
0.0198951
0.015916
0.0198951
0.015916
0.0198951
0.015916
0.0198951
0.015916
0.0198951
0.015916
0.0198951
0.015916
0.0198951
0.015916
0.0198951
0.015916
0.0198951
0.015916
-0.0242413
0.015916
0.0107164
0.015916
-0.11732
0.015916
-0.0940502
0.015916
-0.11732
0.015916
-0.11732
0.015916
-0.11732
0.015916
-0.11732
0.015916
0.0107164
0.015916
-0.15482
-0.0262421
-0.0915502
-0.15482
-0.0915502
-0.0342413
-0.0915502
-0.0948199
-0.0915502
-0.0948199
-0.0915502
-0.15482
-0.0928002
-0.1028
-0.0915502
-0.15482
-0.0915502
-0.12732
-0.0915502
-0.15482
-0.0915502
-0.15482
0.015916
-0.120881
0.0198951
-0.118381
0.0198951
-0.118381
0.0198951
-0.118381
0.0198951
-0.118381
0.0198951
-0.145881
0.0198951
-0.0844746
0.0198951
-0.0858809
0.0198951
-0.145881
0.0198951
0.015916
0.0198951
0.015916
0.0198951
0.015916
0.0198951
0.015916
0.0198951
0.015916
0.0198951
0.015916
0.015916
0.0198951
0.015916
0.0198951
0.015916
0.0198951
0.015916
0.0198951
0.015916
0.0198951
-0.11732
0.0198951
-0.0720597
0.0198951
-0.11732
0.0198951
-0.11732
0.0198951
-0.11732
0.0198951
-0.0242413
0.0198951
-0.0242413
0.0198951
-0.0192413
0.0198951
-0.0720597
0.0198951
-0.15482
-0.0262421
0.0107164
-0.146741
-0.15482
-0.11732
-0.11732
-0.0192413
-0.15482
-0.071401
-0.0940502
-0.135175
-0.15482
-0.0940502
-0.0915502
-0.15482
-0.11732
-0.01124
-0.15482
-0.135175
-0.15482
-0.135175
0.0198951
-0.109673
0.0198951
-0.0940502
0.0198951
-0.0915502
0.0198951
-0.0242413
0.0198951
-0.0192413
0.0198951
-0.0915502
0.0198951
-0.111732
0.0198951
-0.135175
0.0198951
-0.0192413
0.0198951
0
0.0198951
0.015916
0.0198951
0.015916
0.0198951
0.015916
0.0198951
0.015916
0.0198951
0.015916
0.015916
0.0198951
0.015916
0.0198951
0.015916
0.0198951
0.015916
0.0198951
0.015916
0.0198951
-0.11732
0.0198951
-0.0720597
0.0198951
-0.11732
0.0198951
-0.11732
0.0198951
-0.11732
0.0198951
-0.0242413
0.0198951
-0.0242413
0.0198951
-0.0192413
0.0198951
-0.0720597
0.0198951
-0.15482
-0.0262421
0.0107164
-0.146741
-0.15482
-0.11732
-0.11732
-0.0192413
-0.0928002
-0.0928002
-0.11732
-0.15482
-0.15482
-0.0940502
-0.0915502
-0.15482
-0.11732
-0.0651749
-0.15482
-0.0651749
-0.15482
-0.15482
0.0198951
0.0132164
0.0198951
-0.0940502
0.0198951
-0.0915502
0.0198951
-0.0242413
0.0198951
-0.0192413
0.0198951
-0.0915502
0.0198951
-0.11732
0.0198951
-0.11732
0.0198951
-0.0192413
0.0198951
0
0.0198951
0.015916
0.0198951
0.015916
0.0198951
0.015916
0.0198951
0.015916
0.0198951
0.015916
0.015916
0.0198951
0.015916
0.0198951
0.015916
0.0198951
0.015916
0.0198951
0.015916
0.0198951
-0.11732
0.0198951
-0.0720597
0.0198951
-0.11732
0.0198951
-0.11732
0.0198951
-0.11732
0.0198951
-0.0242413
0.0198951
-0.0242413
0.0198951
-0.0192413
0.0198951
-0.0720597
0.0198951
-0.15482
-0.0262421
0.0107164
-0.146741
-0.15482
-0.11732
-0.11732
-0.0192413
-0.0928002
-0.0928002
-0.11732
-0.15482
-0.15482
-0.0940502
-0.0915502
-0.15482
-0.11732
-0.0651749
-0.15482
-0.0651749
-0.15482
-0.15482
0.0198951
0.0132164
0.0198951
-0.0940502
0.0198951
-0.0915502
0.0198951
-0.0242413
0.0198951
-0.0192413
0.0198951
-0.0915502
0.0198951
-0.11732
0.0198951
-0.11732
0.0198951
-0.0192413
0.0198951
0
0.0198951
0.015916
0.0198951
0.015916
0.0198951
0.015916
0.0198951
0.015916
0.0198951
0.015916
0.015916
0.0198951
0.015916
0.0198951
0.015916
0.0198951
0.015916
0.0198951
0.015916
0.0198951
-0.11732
0.0198951
-0.0720597
0.0198951
-0.11732
0.0198951
-0.11732
0.0198951
-0.11732
0.0198951
-0.0242413
0.0198951
-0.0242413
0.0198951
-0.0192413
0.0198951
-0.0720597
0.0198951
-0.15482
-0.0262421
0.0107164
-0.146741
-0.15482
-0.11732
-0.11732
-0.0192413
-0.0928002
-0.0928002
-0.11732
-0.15482
-0.15482
-0.0940502
-0.0915502
-0.15482
-0.11732
-0.0651749
-0.15482
-0.0651749
-0.15482
-0.15482
0.0198951
0.0132164
0.0198951
-0.0940502
0.0198951
-0.0915502
0.0198951
-0.0242413
0.0198951
-0.0192413
0.0198951
-0.0915502
0.0198951
-0.11732
0.0198951
-0.11732
0.0198951
-0.0192413
0.0198951
0
0.0198951
0.015916
0.0198951
0.015916
0.0198951
0.015916
0.0198951
0.015916
0.0198951
0.015916
0.015916
0.0198951
0.015916
0.0198951
0.015916
0.0198951
0.015916
0.0198951
0.015916
0.0198951
-0.11732
0.0198951
-0.0720597
0.0198951
-0.11732
0.0198951
-0.11732
0.0198951
-0.11732
0.0198951
-0.0242413
0.0198951
-0.0242413
0.0198951
-0.0192413
0.0198951
-0.0720597
0.0198951
-0.15482
-0.0262421
0.0107164
-0.146741
-0.15482
-0.11732
-0.11732
-0.0192413
-0.0928002
-0.0928002
-0.11732
-0.15482
-0.15482
-0.0940502
-0.0915502
-0.15482
-0.11732
-0.0651749
-0.15482
-0.0651749
-0.15482
-0.15482
0.0198951
0.0132164
0.0198951
-0.0940502
0.0198951
-0.0915502
0.0198951
-0.0242413
0.0198951
-0.0192413
0.0198951
-0.0915502
0.0198951
-0.11732
0.0198951
-0.11732
0.0198951
-0.0192413
0.0198951
0
0.0198951
0.015916
0.0198951
0.015916
0.0198951
0.015916
0.0198951
0.015916
0.0198951
0.015916
0.0198951
0.015916
0.0198951
0.015916
0.0198951
0.015916
0.0198951
0.015916
0.0198951
0.015916
-0.0242413
0.015916
0.0107164
0.015916
-0.11732
0.015916
-0.0940502
0.015916
-0.11732
0.015916
-0.11732
0.015916
-0.11732
0.015916
-0.11732
0.015916
0.0107164
0.015916
-0.15482
-0.0262421
-0.0915502
-0.15482
-0.0915502
-0.0342413
-0.0915502
-0.0948199
-0.0915502
-0.0948199
-0.0915502
-0.15482
-0.0928002
-0.1028
-0.0915502
-0.15482
-0.0915502
-0.12732
-0.0915502
-0.15482
-0.0915502
-0.15482
0.015916
-0.120881
0.0198951
-0.118381
0.0198951
-0.118381
0.0198951
-0.118381
0.0198951
-0.118381
0.0198951
-0.145881
0.0198951
-0.0844746
0.0198951
-0.0858809
0.0198951
-0.145881
0.0198951
0.015916
0.0198951
0.015916
0.0198951
0.015916
0.0198951
0.015916
0.0198951
0.015916
0.0198951
0.015916
0.015916
0.0198951
0.015916
0.0198951
0.015916
0.0198951
0.015916
0.0198951
0.015916
0.0198951
-0.11732
0.0198951
-0.0720597
0.0198951
-0.11732
0.0198951
-0.11732
0.0198951
-0.11732
0.0198951
-0.0242413
0.0198951
-0.0242413
0.0198951
-0.0192413
0.0198951
-0.0720597
0.0198951
-0.15482
-0.0262421
0.0107164
-0.146741
-0.15482
-0.11732
-0.11732
-0.0192413
-0.15482
-0.071401
-0.0940502
-0.135175
-0.15482
-0.0940502
-0.0915502
-0.15482
-0.11732
-0.01124
-0.15482
-0.135175
-0.15482
-0.135175
0.0198951
-0.109673
0.0198951
-0.0940502
0.0198951
-0.0915502
0.0198951
-0.0242413
0.0198951
-0.0192413
0.0198951
-0.0915502
0.0198951
-0.111732
0.0198951
-0.135175
0.0198951
-0.0192413
0.0198951
0
0.0198951
0.015916
0.0198951
0.015916
0.0198951
0.015916
0.0198951
0.015916
0.0198951
0.015916
0.015916
0.0198951
0.015916
0.0198951
0.015916
0.0198951
0.015916
0.0198951
0.015916
0.0198951
-0.11732
0.0198951
-0.0720597
0.0198951
-0.11732
0.0198951
-0.11732
0.0198951
-0.11732
0.0198951
-0.0242413
0.0198951
-0.0242413
0.0198951
-0.0192413
0.0198951
-0.0720597
0.0198951
-0.15482
-0.0262421
0.0107164
-0.146741
-0.15482
-0.11732
-0.11732
-0.0192413
-0.0928002
-0.0928002
-0.11732
-0.15482
-0.15482
-0.0940502
-0.0915502
-0.15482
-0.11732
-0.0651749
-0.15482
-0.0651749
-0.15482
-0.15482
0.0198951
0.0132164
0.0198951
-0.0940502
0.0198951
-0.0915502
0.0198951
-0.0242413
0.0198951
-0.0192413
0.0198951
-0.0915502
0.0198951
-0.11732
0.0198951
-0.11732
0.0198951
-0.0192413
0.0198951
0
0.0198951
0.015916
0.0198951
0.015916
0.0198951
0.015916
0.0198951
0.015916
0.0198951
0.015916
0.015916
0.0198951
0.015916
0.0198951
0.015916
0.0198951
0.015916
0.0198951
0.015916
0.0198951
-0.11732
0.0198951
-0.0720597
0.0198951
-0.11732
0.0198951
-0.11732
0.0198951
-0.11732
0.0198951
-0.0242413
0.0198951
-0.0242413
0.0198951
-0.0192413
0.0198951
-0.0720597
0.0198951
-0.15482
-0.0262421
0.0107164
-0.146741
-0.15482
-0.11732
-0.11732
-0.0192413
-0.0928002
-0.0928002
-0.11732
-0.15482
-0.15482
-0.0940502
-0.0915502
-0.15482
-0.11732
-0.0651749
-0.15482
-0.0651749
-0.15482
-0.15482
0.0198951
0.0132164
0.0198951
-0.0940502
0.0198951
-0.0915502
0.0198951
-0.0242413
0.0198951
-0.0192413
0.0198951
-0.0915502
0.0198951
-0.11732
0.0198951
-0.11732
0.0198951
-0.0192413
0.0198951
0
0.0198951
0.015916
0.0198951
0.015916
0.0198951
0.015916
0.0198951
0.015916
0.0198951
0.015916
0.015916
0.0198951
0.015916
0.0198951
0.015916
0.0198951
0.015916
0.0198951
0.015916
0.0198951
-0.11732
0.0198951
-0.0720597
0.0198951
-0.11732
0.0198951
-0.11732
0.0198951
-0.11732
0.0198951
-0.0242413
0.0198951
-0.0242413
0.0198951
-0.0192413
0.0198951
-0.0720597
0.0198951
-0.15482
-0.0262421
0.0107164
-0.146741
-0.15482
-0.11732
-0.11732
-0.0192413
-0.0928002
-0.0928002
-0.11732
-0.15482
-0.15482
-0.0940502
-0.0915502
-0.15482
-0.11732
-0.0651749
-0.15482
-0.0651749
-0.15482
-0.15482
0.0198951
0.0132164
0.0198951
-0.0940502
0.0198951
-0.0915502
0.0198951
-0.0242413
0.0198951
-0.0192413
0.0198951
-0.0915502
0.0198951
-0.11732
0.0198951
-0.11732
0.0198951
-0.0192413
0.0198951
0
0.0198951
0.015916
0.0198951
0.015916
0.0198951
0.015916
0.0198951
0.015916
0.0198951
0.015916
0.015916
0.0198951
0.015916
0.0198951
0.015916
0.0198951
0.015916
0.0198951
0.015916
0.0198951
-0.11732
0.0198951
-0.0720597
0.0198951
-0.11732
0.0198951
-0.11732
0.0198951
-0.11732
0.0198951
-0.0242413
0.0198951
-0.0242413
0.0198951
-0.0192413
0.0198951
-0.0720597
0.0198951
-0.15482
-0.0262421
0.0107164
-0.146741
-0.15482
-0.11732
-0.11732
-0.0192413
-0.0928002
-0.0928002
-0.11732
-0.15482
-0.15482
-0.0940502
-0.0915502
-0.15482
-0.11732
-0.0651749
-0.15482
-0.0651749
-0.15482
-0.15482
0.0198951
0.0132164
0.0198951
-0.0940502
0.0198951
-0.0915502
0.0198951
-0.0242413
0.0198951
-0.0192413
0.0198951
-0.0915502
0.0198951
-0.11732
0.0198951
-0.11732
0.0198951
-0.0192413
0.0198951
0
0.0198951
0.015916
0.0198951
0.015916
0.0198951
0.015916
0.0198951
0.015916
0.0198951
0.015916
0.0198951
0.015916
0.0198951
0.015916
0.0198951
0.015916
0.0198951
0.015916
0.0198951
0.015916
-0.0242413
0.015916
0.0107164
0.015916
-0.11732
0.015916
-0.0940502
0.015916
-0.11732
0.015916
-0.11732
0.015916
-0.11732
0.015916
-0.11732
0.015916
0.0107164
0.015916
-0.15482
-0.0262421
-0.0915502
-0.15482
-0.0915502
-0.0342413
-0.0915502
-0.0948199
-0.0915502
-0.0948199
-0.0915502
-0.15482
-0.0928002
-0.1028
-0.0915502
-0.15482
-0.0915502
-0.12732
-0.0915502
-0.15482
-0.0915502
-0.15482
0.015916
-0.120881
0.0198951
-0.118381
0.0198951
-0.118381
0.0198951
-0.118381
0.0198951
-0.118381
0.0198951
-0.145881
0.0198951
-0.0844746
0.0198951
-0.0858809
0.0198951
-0.145881
0.0198951
0.015916
0.0198951
0.015916
0.0198951
0.015916
0.0198951
0.015916
0.0198951
0.015916
0.0198951
0.015916
0.015916
0.0198951
0.015916
0.0198951
0.015916
0.0198951
0.015916
0.0198951
0.015916
0.0198951
-0.11732
0.0198951
-0.0720597
0.0198951
-0.11732
0.0198951
-0.11732
0.0198951
-0.11732
0.0198951
-0.0242413
0.0198951
-0.0242413
0.0198951
-0.0192413
0.0198951
-0.0720597
0.0198951
-0.15482
-0.0262421
0.0107164
-0.146741
-0.15482
-0.11732
-0.11732
-0.0192413
-0.15482
-0.071401
-0.0940502
-0.135175
-0.15482
-0.0940502
-0.0915502
-0.15482
-0.11732
-0.01124
-0.15482
-0.135175
-0.15482
-0.135175
0.0198951
-0.109673
0.0198951
-0.0940502
0.0198951
-0.0915502
0.0198951
-0.0242413
0.0198951
-0.0192413
0.0198951
-0.0915502
0.0198951
-0.111732
0.0198951
-0.135175
0.0198951
-0.0192413
0.0198951
0
0.0198951
0.015916
0.0198951
0.015916
0.0198951
0.015916
0.0198951
0.015916
0.0198951
0.015916
0.015916
0.0198951
0.015916
0.0198951
0.015916
0.0198951
0.015916
0.0198951
0.015916
0.0198951
-0.11732
0.0198951
-0.0720597
0.0198951
-0.11732
0.0198951
-0.11732
0.0198951
-0.11732
0.0198951
-0.0242413
0.0198951
-0.0242413
0.0198951
-0.0192413
0.0198951
-0.0720597
0.0198951
-0.15482
-0.0262421
0.0107164
-0.146741
-0.15482
-0.11732
-0.11732
-0.0192413
-0.0928002
-0.0928002
-0.11732
-0.15482
-0.15482
-0.0940502
-0.0915502
-0.15482
-0.11732
-0.0651749
-0.15482
-0.0651749
-0.15482
-0.15482
0.0198951
0.0132164
0.0198951
-0.0940502
0.0198951
-0.0915502
0.0198951
-0.0242413
0.0198951
-0.0192413
0.0198951
-0.0915502
0.0198951
-0.11732
0.0198951
-0.11732
0.0198951
-0.0192413
0.0198951
0
0.0198951
0.015916
0.0198951
0.015916
0.0198951
0.015916
0.0198951
0.015916
0.0198951
0.015916
0.015916
0.0198951
0.015916
0.0198951
0.015916
0.0198951
0.015916
0.0198951
0.015916
0.0198951
-0.11732
0.0198951
-0.0720597
0.0198951
-0.11732
0.0198951
-0.11732
0.0198951
-0.11732
0.0198951
-0.0242413
0.0198951
-0.0242413
0.0198951
-0.0192413
0.0198951
-0.0720597
0.0198951
-0.15482
-0.0262421
0.0107164
-0.146741
-0.15482
-0.11732
-0.11732
-0.0192413
-0.0928002
-0.0928002
-0.11732
-0.15482
-0.15482
-0.0940502
-0.0915502
-0.15482
-0.11732
-0.0651749
-0.15482
-0.0651749
-0.15482
-0.15482
0.0198951
0.0132164
0.0198951
-0.0940502
0.0198951
-0.0915502
0.0198951
-0.0242413
0.0198951
-0.0192413
0.0198951
-0.0915502
0.0198951
-0.11732
0.0198951
-0.11732
0.0198951
-0.0192413
0.0198951
0
0.0198951
0.015916
0.0198951
0.015916
0.0198951
0.015916
0.0198951
0.015916
0.0198951
0.015916
0.015916
0.0198951
0.015916
0.0198951
0.015916
0.0198951
0.015916
0.0198951
0.015916
0.0198951
-0.11732
0.0198951
-0.0720597
0.0198951
-0.11732
0.0198951
-0.11732
0.0198951
-0.11732
0.0198951
-0.0242413
0.0198951
-0.0242413
0.0198951
-0.0192413
0.0198951
-0.0720597
0.0198951
-0.15482
-0.0262421
0.0107164
-0.146741
-0.15482
-0.11732
-0.11732
-0.0192413
-0.0928002
-0.0928002
-0.11732
-0.15482
-0.15482
-0.0940502
-0.0915502
-0.15482
-0.11732
-0.0651749
-0.15482
-0.0651749
-0.15482
-0.15482
0.0198951
0.0132164
0.0198951
-0.0940502
0.0198951
-0.0915502
0.0198951
-0.0242413
0.0198951
-0.0192413
0.0198951
-0.0915502
0.0198951
-0.11732
0.0198951
-0.11732
0.0198951
-0.0192413
0.0198951
0
0.0198951
0.015916
0.0198951
0.015916
0.0198951
0.015916
0.0198951
0.015916
0.0198951
0.015916
0.015916
0.0198951
0.015916
0.0198951
0.015916
0.0198951
0.015916
0.0198951
0.015916
0.0198951
-0.11732
0.0198951
-0.0720597
0.0198951
-0.11732
0.0198951
-0.11732
0.0198951
-0.11732
0.0198951
-0.0242413
0.0198951
-0.0242413
0.0198951
-0.0192413
0.0198951
-0.0720597
0.0198951
-0.15482
-0.0262421
0.0107164
-0.146741
-0.15482
-0.11732
-0.11732
-0.0192413
-0.0928002
-0.0928002
-0.11732
-0.15482
-0.15482
-0.0940502
-0.0915502
-0.15482
-0.11732
-0.0651749
-0.15482
-0.0651749
-0.15482
-0.15482
0.0198951
0.0132164
0.0198951
-0.0940502
0.0198951
-0.0915502
0.0198951
-0.0242413
0.0198951
-0.0192413
0.0198951
-0.0915502
0.0198951
-0.11732
0.0198951
-0.11732
0.0198951
-0.0192413
0.0198951
0
0.0198951
0.015916
0.0198951
0.015916
0.0198951
0.015916
0.0198951
0.015916
0.0198951
0.015916
0.0198951
0.015916
0.0198951
0.015916
0.0198951
0.015916
0.0198951
0.015916
0.0198951
0.015916
-0.0242413
0.015916
0.0107164
0.015916
-0.11732
0.015916
-0.0940502
0.015916
-0.11732
0.015916
-0.11732
0.015916
-0.11732
0.015916
-0.11732
0.015916
0.0107164
0.015916
-0.15482
-0.0262421
-0.0915502
-0.15482
-0.0915502
-0.0342413
-0.0915502
-0.0948199
-0.0915502
-0.0948199
-0.0915502
-0.15482
-0.0928002
-0.1028
-0.0915502
-0.15482
-0.0915502
-0.12732
-0.0915502
-0.15482
-0.0915502
-0.15482
0.015916
-0.120881
0.0198951
-0.118381
0.0198951
-0.118381
0.0198951
-0.118381
0.0198951
-0.118381
0.0198951
-0.145881
0.0198951
-0.0844746
0.0198951
-0.0858809
0.0198951
-0.145881
0.0198951
0.015916
0.0198951
0.015916
0.0198951
0.015916
0.0198951
0.015916
0.0198951
0.015916
0.0198951
0.015916
0.015916
0.0198951
0.015916
0.0198951
0.015916
0.0198951
0.015916
0.0198951
0.015916
0.0198951
-0.11732
0.0198951
-0.0720597
0.0198951
-0.11732
0.0198951
-0.11732
0.0198951
-0.11732
0.0198951
-0.0242413
0.0198951
-0.0242413
0.0198951
-0.0192413
0.0198951
-0.0720597
0.0198951
-0.15482
-0.0262421
0.0107164
-0.146741
-0.15482
-0.11732
-0.11732
-0.0192413
-0.15482
-0.071401
-0.0940502
-0.135175
-0.15482
-0.0940502
-0.0915502
-0.15482
-0.11732
-0.01124
-0.15482
-0.135175
-0.15482
-0.135175
0.0198951
-0.109673
0.0198951
-0.0940502
0.0198951
-0.0915502
0.0198951
-0.0242413
0.0198951
-0.0192413
0.0198951
-0.0915502
0.0198951
-0.111732
0.0198951
-0.135175
0.0198951
-0.0192413
0.0198951
0
0.0198951
0.015916
0.0198951
0.015916
0.0198951
0.015916
0.0198951
0.015916
0.0198951
0.015916
0.015916
0.0198951
0.015916
0.0198951
0.015916
0.0198951
0.015916
0.0198951
0.015916
0.0198951
-0.11732
0.0198951
-0.0720597
0.0198951
-0.11732
0.0198951
-0.11732
0.0198951
-0.11732
0.0198951
-0.0242413
0.0198951
-0.0242413
0.0198951
-0.0192413
0.0198951
-0.0720597
0.0198951
-0.15482
-0.0262421
0.0107164
-0.146741
-0.15482
-0.11732
-0.11732
-0.0192413
-0.0928002
-0.0928002
-0.11732
-0.15482
-0.15482
-0.0940502
-0.0915502
-0.15482
-0.11732
-0.0651749
-0.15482
-0.0651749
-0.15482
-0.15482
0.0198951
0.0132164
0.0198951
-0.0940502
0.0198951
-0.0915502
0.0198951
-0.0242413
0.0198951
-0.0192413
0.0198951
-0.0915502
0.0198951
-0.11732
0.0198951
-0.11732
0.0198951
-0.0192413
0.0198951
0
0.0198951
0.015916
0.0198951
0.015916
0.0198951
0.015916
0.0198951
0.015916
0.0198951
0.015916
0.015916
0.0198951
0.015916
0.0198951
0.015916
0.0198951
0.015916
0.0198951
0.015916
0.0198951
-0.11732
0.0198951
-0.0720597
0.0198951
-0.11732
0.0198951
-0.11732
0.0198951
-0.11732
0.0198951
-0.0242413
0.0198951
-0.0242413
0.0198951
-0.0192413
0.0198951
-0.0720597
0.0198951
-0.15482
-0.0262421
0.0107164
-0.146741
-0.15482
-0.11732
-0.11732
-0.0192413
-0.0928002
-0.0928002
-0.11732
-0.15482
-0.15482
-0.0940502
-0.0915502
-0.15482
-0.11732
-0.0651749
-0.15482
-0.0651749
-0.15482
-0.15482
0.0198951
0.0132164
0.0198951
-0.0940502
0.0198951
-0.0915502
0.0198951
-0.0242413
0.0198951
-0.0192413
0.0198951
-0.0915502
0.0198951
-0.11732
0.0198951
-0.11732
0.0198951
-0.0192413
0.0198951
0
0.0198951
0.015916
0.0198951
0.015916
0.0198951
0.015916
0.0198951
0.015916
0.0198951
0.015916
0.015916
0.0198951
0.015916
0.0198951
0.015916
0.0198951
0.015916
0.0198951
0.015916
0.0198951
-0.11732
0.0198951
-0.0720597
0.0198951
-0.11732
0.0198951
-0.11732
0.0198951
-0.11732
0.0198951
-0.0242413
0.0198951
-0.0242413
0.0198951
-0.0192413
0.0198951
-0.0720597
0.0198951
-0.15482
-0.0262421
0.0107164
-0.146741
-0.15482
-0.11732
-0.11732
-0.0192413
-0.0928002
-0.0928002
-0.11732
-0.15482
-0.15482
-0.0940502
-0.0915502
-0.15482
-0.11732
-0.0651749
-0.15482
-0.0651749
-0.15482
-0.15482
0.0198951
0.0132164
0.0198951
-0.0940502
0.0198951
-0.0915502
0.0198951
-0.0242413
0.0198951
-0.0192413
0.0198951
-0.0915502
0.0198951
-0.11732
0.0198951
-0.11732
0.0198951
-0.0192413
0.0198951
0
0.0198951
0.015916
0.0198951
0.015916
0.0198951
0.015916
0.0198951
0.015916
0.0198951
0.015916
0.015916
0.0198951
0.015916
0.0198951
0.015916
0.0198951
0.015916
0.0198951
0.015916
0.0198951
-0.11732
0.0198951
-0.0720597
0.0198951
-0.11732
0.0198951
-0.11732
0.0198951
-0.11732
0.0198951
-0.0242413
0.0198951
-0.0242413
0.0198951
-0.0192413
0.0198951
-0.0720597
0.0198951
-0.15482
-0.0262421
0.0107164
-0.146741
-0.15482
-0.11732
-0.11732
-0.0192413
-0.0928002
-0.0928002
-0.11732
-0.15482
-0.15482
-0.0940502
-0.0915502
-0.15482
-0.11732
-0.0651749
-0.15482
-0.0651749
-0.15482
-0.15482
0.0198951
0.0132164
0.0198951
-0.0940502
0.0198951
-0.0915502
0.0198951
-0.0242413
0.0198951
-0.0192413
0.0198951
-0.0915502
0.0198951
-0.11732
0.0198951
-0.11732
0.0198951
-0.0192413
