0.0180244
-13.4213
0.0180244
0.0225305
0.0180244
0.0225305
0.0180244
0.0225305
0.0180244
0.0225305
0.0180244
0.0225305
0.0225305
0.0180244
0.0225305
0.0180244
0.0225305
0.0180244
0.0225305
0.0180244
0.0225305
0.0180244
-12.8128
0.0180244
-12.8128
0.0180244
-13.3063
0.0180244
-13.0287
0.0180244
-13.3685
0.0180244
-13.3063
0.0180244
-13.3063
0.0180244
-13.1424
0.0180244
-13.401
0.0180244
-13.4285
-0.0194695
-12.9655
-13.2263
-13.3765
-13.3197
-13.3062
-12.9776
-13.3765
-13.3128
-13.3063
-13.1771
-13.3517
-13.3197
-13.3209
-13.2239
-13.3771
-13.3082
-13.3029
-13.3529
-13.3663
-13.4285
0.0180244
-13.401
0.0180244
-13.331
0.0180244
-13.3079
0.0180244
-13.2314
0.0180244
-12.9801
0.0180244
-13.2407
0.0180244
-12.9801
0.0180244
-13.2306
0.0180244
-13.3945
0.0180244
-13.4213
0.0180244
0.0225305
0.0180244
0.0225305
0.0180244
0.0225305
0.0180244
0.0225305
0.0180244
0.0225305
0.0180244
0.0225305
0.0180244
0.0225305
0.0180244
0.0225305
0.0180244
0.0225305
0.0180244
0.0225305
-13.294
0.0225305
-13.392
0.0225305
-13.2317
0.0225305
-13.4195
0.0225305
-13.3839
0.0225305
-13.3663
0.0225305
-13.0197
0.0225305
-13.0197
0.0225305
-13.401
0.0180244
-13.4285
-0.0194695
-12.9655
-13.2363
-13.0287
-13.0376
-13.3046
-13.2525
-13.3765
-13.3665
-13.3063
-13.2526
-13.3517
-13.2938
-12.9776
-13.1735
-13.4285
-13.2181
-13.192
-13.1854
-13.4195
-13.4285
0.0180244
-13.2979
0.0180244
-13.2979
0.0180244
-13.391
0.0180244
-12.8092
0.0180244
-13.2979
0.0180244
-12.8092
0.0180244
-12.9601
0.0180244
-13.2979
0.0180244
-13.391
0.0180244
-13.4213
0.0180244
0.0225305
0.0180244
0.0225305
0.0180244
0.0225305
0.0180244
0.0225305
0.0180244
0.0225305
0.0180244
0.0225305
0.0180244
0.0225305
0.0180244
0.0225305
0.0180244
0.0225305
0.0180244
0.0225305
-13.294
0.0225305
-13.392
0.0225305
-13.2317
0.0225305
-13.4195
0.0225305
-13.3839
0.0225305
-13.3663
0.0225305
-13.0197
0.0225305
-13.0197
0.0225305
-13.3945
0.0180244
-13.4285
-0.0194695
-12.9655
-13.0363
-13.3765
-13.1847
-13.3046
-13.0526
-13.3765
-13.3665
-13.3062
-13.0484
-13.3517
-13.1847
-13.3529
-13.3003
-13.4285
-13.0781
-12.8192
-12.9375
-13.4195
-13.4285
0.0180244
-13.2979
0.0180244
-13.2979
0.0180244
-13.0514
0.0180244
-12.8092
0.0180244
-13.2979
0.0180244
-12.8092
0.0180244
-12.9529
0.0180244
-13.2979
0.0180244
-13.391
0.0180244
-13.4213
0.0180244
0.0225305
0.0180244
0.0225305
0.0180244
0.0225305
0.0180244
0.0225305
0.0180244
0.0225305
0.0180244
0.0225305
0.0180244
0.0225305
0.0180244
0.0225305
0.0180244
0.0225305
0.0180244
0.0225305
-13.294
0.0225305
-13.392
0.0225305
-13.2317
0.0225305
-13.4195
0.0225305
-13.3839
0.0225305
-13.3663
0.0225305
-13.0197
0.0225305
-13.0197
0.0225305
-13.3945
0.0180244
-13.4285
-0.0194695
-12.9655
-13.0363
-13.0287
-13.1312
-13.3046
-13.0526
-13.3765
-13.3665
-13.3063
-13.1326
-13.3517
-13.0797
-13.3529
-12.8571
-13.4285
-13.0458
-12.8192
-12.8571
-13.4195
-13.4285
0.0180244
-13.2979
0.0180244
-13.2979
0.0180244
-13.391
0.0180244
-12.8092
0.0180244
-13.2979
0.0180244
-12.8092
0.0180244
-13.091
0.0180244
-13.2979
0.0180244
-13.391
0.0180244
-13.4213
0.0180244
0.0225305
0.0180244
0.0225305
0.0180244
0.0225305
0.0180244
0.0225305
0.0180244
0.0225305
0.0180244
0.0225305
0.0180244
0.0225305
0.0180244
0.0225305
0.0180244
0.0225305
0.0180244
0.0225305
-13.294
0.0225305
-13.392
0.0225305
-13.2317
0.0225305
-13.4195
0.0225305
-13.3839
0.0225305
-13.3663
0.0225305
-13.0197
0.0225305
-13.0197
0.0225305
-13.3945
0.0180244
-13.4285
-0.0194695
-12.9655
-13.0363
-13.0287
-13.1312
-13.3046
-13.0526
-13.3765
-13.3665
-13.3063
-13.1326
-13.3517
-13.0797
-13.3685
-12.8196
-13.4285
-13.0458
-12.8192
-13.0301
-13.4195
-13.4285
0.0180244
-13.2979
0.0180244
-13.2979
0.0180244
-12.6305
0.0180244
-12.8092
0.0180244
-13.2979
0.0180244
-12.8092
0.0180244
-13.091
0.0180244
-12.6305
0.0180244
-13.391
0.0180244
-13.4213
0.0180244
0.0225305
0.0180244
0.0225305
0.0180244
0.0225305
0.0180244
0.0225305
0.0180244
0.0225305
0.0180244
0.0225305
0.0180244
0.0225305
0.0180244
0.0225305
0.0180244
0.0225305
0.0180244
0.0225305
-13.294
0.0225305
-13.392
0.0225305
-13.2317
0.0225305
-13.4195
0.0225305
-13.3839
0.0225305
-13.3663
0.0225305
-13.0197
0.0225305
-13.0197
0.0225305
-13.3945
0.0180244
-13.4285
-0.0194695
-12.9655
-13.0363
-13.0287
-13.1312
-13.3046
-13.0526
-13.3765
-13.3665
-13.3063
-13.1326
-13.3517
-13.0797
-13.3685
-12.8196
-13.4285
-13.0458
-12.8192
-13.0301
-13.4195
-13.4285
0.0180244
-13.2979
0.0180244
-13.2979
0.0180244
-12.3924
0.0180244
-12.8092
0.0180244
-13.2979
0.0180244
-12.8092
0.0180244
-13.091
0.0180244
-13.2979
0.0180244
-13.391
0.0225305
0
0.0225305
0.0180244
0.0225305
0.0180244
0.0225305
0.0180244
0.0225305
0.0180244
0.0225305
0.0180244
0.0225305
0.0180244
0.0225305
0.0180244
0.0225305
0.0180244
0.0225305
0.0180244
0.0225305
0.0180244
-13.391
0.0180244
-13.2979
0.0180244
-13.391
0.0180244
-13.1914
0.0180244
-13.1914
0.0180244
-13.391
0.0180244
-13.391
0.0180244
-13.1914
0.0180244
-13.2979
0.0180244
-13.4285
-0.0194695
-13.1017
-12.8192
-13.3677
-13.3029
-13.3652
-13.4285
-13.366
-13.3412
-13.1555
-13.1771
-13.3665
-13.3197
-13.2525
-13.3046
-13.3652
-13.3529
-13.1741
-13.3529
-13.3652
-13.4285
0.0180244
-13.401
0.0225305
-13.2542
0.0225305
-13.4195
0.0225305
-13.299
0.0225305
-13.4195
0.0225305
-13.1997
0.0225305
-13.4195
0.0225305
-13.3663
0.0225305
-13.4195
0.0225305
0
0.0225305
0.0180244
0.0225305
0.0180244
0.0225305
0.0180244
0.0225305
0.0180244
0.0225305
0.0180244
0.0180244
0.0225305
0.0180244
0.0225305
0.0180244
0.0225305
0.0180244
0.0225305
0.0180244
0.0225305
-13.391
0.0225305
-13.2979
0.0225305
-13.391
0.0225305
-13.1017
0.0225305
-13.1914
0.0225305
-13.391
0.0225305
-13.391
0.0225305
-13.2849
0.0225305
-13.2979
0.0225305
-13.4285
-0.0194695
-13.1017
-13.391
-13.391
-13.3677
-13.391
-13.4285
-13.391
-13.2979
-13.1555
-13.2526
-13.4285
-13.1741
-13.391
-13.2637
-13.4285
-13.2979
-13.391
-13.2979
-13.4285
-13.4285
0.0225305
-13.2979
0.0225305
-13.2979
0.0225305
-13.2637
0.0225305
-13.0087
0.0225305
-13.2979
0.0225305
-13.1741
0.0225305
-13.2979
0.0225305
-13.4204
0.0225305
-13.391
0.0225305
0
0.0225305
0.0180244
0.0225305
0.0180244
0.0225305
0.0180244
0.0225305
0.0180244
0.0225305
0.0180244
0.0180244
0.0225305
0.0180244
0.0225305
0.0180244
0.0225305
0.0180244
0.0225305
0.0180244
0.0225305
-13.391
0.0225305
-13.2979
0.0225305
-13.391
0.0225305
-13.1017
0.0225305
-13.1914
0.0225305
-13.391
0.0225305
-13.391
0.0225305
-13.2849
0.0225305
-13.2979
0.0225305
-13.4285
-0.0194695
-13.1017
-13.391
-13.391
-13.3677
-13.391
-13.4285
-13.391
-13.2979
-13.2849
-13.0514
-13.4285
-13.1741
-13.391
-13.2637
-13.4285
-13.2979
-13.391
-13.2979
-13.4285
-13.4285
0.0225305
-13.2979
0.0225305
-13.2979
0.0225305
-13.2637
0.0225305
-13.0087
0.0225305
-13.2979
0.0225305
-13.1741
0.0225305
-13.2979
0.0225305
-13.4204
0.0225305
-13.391
0.0225305
0
0.0225305
0.0180244
0.0225305
0.0180244
0.0225305
0.0180244
0.0225305
0.0180244
0.0225305
0.0180244
0.0180244
0.0225305
0.0180244
0.0225305
0.0180244
0.0225305
0.0180244
0.0225305
0.0180244
0.0225305
-13.391
0.0225305
-13.2979
0.0225305
-13.391
0.0225305
-13.1017
0.0225305
-13.1914
0.0225305
-13.391
0.0225305
-13.391
0.0225305
-13.2849
0.0225305
-13.2979
0.0225305
-13.4285
-0.0194695
-13.1112
-13.0229
-13.391
-13.3677
-13.391
-13.4285
-13.391
-13.2979
-13.1555
-13.1326
-13.4285
-13.1741
-13.391
-13.2637
-13.4285
-13.2979
-13.391
-13.2979
-13.4285
-13.4285
0.0225305
-13.2979
0.0225305
-13.2979
0.0225305
-13.2637
0.0225305
-13.0087
0.0225305
-13.2979
0.0225305
-13.1741
0.0225305
-13.2979
0.0225305
-13.4204
0.0225305
-13.391
0.0225305
0
0.0225305
0.0180244
0.0225305
0.0180244
0.0225305
0.0180244
0.0225305
0.0180244
0.0225305
0.0180244
0.0180244
0.0225305
0.0180244
0.0225305
0.0180244
0.0225305
0.0180244
0.0225305
0.0180244
0.0225305
-13.391
0.0225305
-13.2979
0.0225305
-13.391
0.0225305
-13.1017
0.0225305
-13.1914
0.0225305
-13.391
0.0225305
-13.391
0.0225305
-13.2849
0.0225305
-13.2979
0.0225305
-13.4285
-0.0194695
-13.1112
-13.0229
-13.391
-13.3677
-13.391
-13.4285
-13.391
-13.2979
-13.1555
-13.1326
-13.4285
-13.1741
-13.391
-13.2637
-13.4285
-13.2979
-13.391
-13.2979
-13.4285
-13.4285
0.0225305
-13.2979
0.0225305
-13.2979
0.0225305
-13.2637
0.0225305
-13.0087
0.0225305
-13.2979
0.0225305
-13.1741
0.0225305
-13.2979
0.0225305
-12.6305
0.0225305
-12.7879
0.0225305
0
0.0225305
0.0180244
0.0225305
0.0180244
0.0225305
0.0180244
0.0225305
0.0180244
0.0225305
0.0180244
0.0180244
0.0225305
0.0180244
0.0225305
0.0180244
0.0225305
0.0180244
0.0225305
0.0180244
0.0225305
-13.391
0.0225305
-13.2979
0.0225305
-13.391
0.0225305
-13.1017
0.0225305
-13.1914
0.0225305
-13.391
0.0225305
-13.391
0.0225305
-13.2849
0.0225305
-13.2979
0.0225305
-13.4285
-0.0194695
-13.1112
-13.0229
-13.391
-13.3677
-13.391
-13.4285
-13.391
-13.2979
-13.1555
-13.1326
-13.4285
-13.1741
-13.391
-13.2637
-13.4285
-13.2979
-13.391
-13.2979
-13.4285
-13.4285
0.0225305
-13.2979
0.0225305
-13.2979
0.0225305
-13.2637
0.0225305
-13.0087
0.0225305
-13.2979
0.0225305
-13.1741
0.0225305
-13.2979
0.0225305
-13.4204
0.0225305
-13.391
0.0225305
0
0.0225305
0.0180244
0.0225305
0.0180244
0.0225305
0.0180244
0.0225305
0.0180244
0.0225305
0.0180244
0.0225305
0.0180244
0.0225305
0.0180244
0.0225305
0.0180244
0.0225305
0.0180244
0.0225305
0.0180244
-13.391
0.0180244
-13.2979
0.0180244
-13.391
0.0180244
-13.391
0.0180244
-13.391
0.0180244
-13.391
0.0180244
-13.391
0.0180244
-13.391
0.0180244
-13.2979
0.0180244
-13.4285
-0.0194695
-13.1017
-12.8192
-13.3677
-13.3029
-13.3652
-13.4285
-13.366
-13.3412
-13.3665
-13.3128
-13.3665
-13.3197
-13.0299
-13.2239
-13.1834
-13.3529
-13.1741
-13.3529
-13.3652
-13.4285
0.0180244
-13.3945
0.0225305
-13.2542
0.0225305
-13.4195
0.0225305
-13.299
0.0225305
-13.4195
0.0225305
-13.1997
0.0225305
-13.4195
0.0225305
-13.3663
0.0225305
-13.4195
0.0225305
0
0.0225305
0.0180244
0.0225305
0.0180244
0.0225305
0.0180244
0.0225305
0.0180244
0.0225305
0.0180244
0.0180244
0.0225305
0.0180244
0.0225305
0.0180244
0.0225305
0.0180244
0.0225305
0.0180244
0.0225305
-13.391
0.0225305
-13.2979
0.0225305
-13.391
0.0225305
-13.1017
0.0225305
-13.2154
0.0225305
-13.391
0.0225305
-13.391
0.0225305
-13.1834
0.0225305
-13.2979
0.0225305
-13.4285
-0.0194695
-13.1017
-13.391
-13.391
-13.3677
-13.391
-13.4285
-13.391
-13.2979
-12.9174
-13.3728
-12.9888
-13.0588
-13.391
-13.2637
-13.4285
-13.2979
-13.391
-13.2979
-13.4285
-13.4285
0.0225305
-13.2979
0.0225305
-13.2979
0.0225305
-13.2637
0.0225305
-13.0087
0.0225305
-13.2979
0.0225305
-13.1741
0.0225305
-13.2979
0.0225305
-13.4204
0.0225305
-13.391
0.0225305
0
0.0225305
0.0180244
0.0225305
0.0180244
0.0225305
0.0180244
0.0225305
0.0180244
0.0225305
0.0180244
0.0180244
0.0225305
0.0180244
0.0225305
0.0180244
0.0225305
0.0180244
0.0225305
0.0180244
0.0225305
-13.391
0.0225305
-13.2979
0.0225305
-13.391
0.0225305
-13.1017
0.0225305
-13.2154
0.0225305
-13.391
0.0225305
-13.391
0.0225305
-13.1834
0.0225305
-13.2979
0.0225305
-13.4285
-0.0194695
-13.1017
-13.391
-13.391
-13.3677
-13.391
-13.4285
-13.391
-13.2979
-12.9971
-13.0514
-13.041
-13.1359
-13.391
-13.2637
-13.4285
-13.2979
-13.391
-13.2979
-13.4285
-13.4285
0.0225305
-13.2979
0.0225305
-13.2979
0.0225305
-13.2637
0.0225305
-13.0087
0.0225305
-13.2979
0.0225305
-13.1741
0.0225305
-13.2979
0.0225305
-13.4204
0.0225305
-13.391
0.0225305
0
0.0225305
0.0180244
0.0225305
0.0180244
0.0225305
0.0180244
0.0225305
0.0180244
0.0225305
0.0180244
0.0180244
0.0225305
0.0180244
0.0225305
0.0180244
0.0225305
0.0180244
0.0225305
0.0180244
0.0225305
-13.391
0.0225305
-13.2979
0.0225305
-13.391
0.0225305
-13.1017
0.0225305
-13.2154
0.0225305
-13.391
0.0225305
-13.391
0.0225305
-13.1834
0.0225305
-13.2979
0.0225305
-13.4285
-0.0194695
-13.1112
-13.0229
-13.391
-13.3677
-13.391
-13.4285
-13.391
-13.2979
-13.391
-13.1816
-13.041
-13.1359
-13.391
-13.2637
-13.1834
-12.8401
-13.391
-13.2979
-13.4285
-13.4285
0.0225305
-13.2979
0.0225305
-13.2979
0.0225305
-13.2637
0.0225305
-13.0087
0.0225305
-13.2979
0.0225305
-13.1741
0.0225305
-13.2979
0.0225305
-13.4204
0.0225305
-13.391
0.0225305
0
0.0225305
0.0180244
0.0225305
0.0180244
0.0225305
0.0180244
0.0225305
0.0180244
0.0225305
0.0180244
0.0180244
0.0225305
0.0180244
0.0225305
0.0180244
0.0225305
0.0180244
0.0225305
0.0180244
0.0225305
-13.391
0.0225305
-13.2979
0.0225305
-13.391
0.0225305
-13.1017
0.0225305
-13.2154
0.0225305
-13.391
0.0225305
-13.391
0.0225305
-13.1834
0.0225305
-13.2979
0.0225305
-13.4285
-0.0194695
-13.1112
-13.0229
-13.391
-13.3677
-13.391
-13.4285
-13.391
-13.2979
-12.9174
-12.8196
-13.041
-13.1359
-13.391
-13.2637
-13.1834
-12.8401
-13.391
-13.2979
-13.4285
-13.4285
0.0225305
-13.2979
0.0225305
-13.2979
0.0225305
-13.2637
0.0225305
-13.0087
0.0225305
-13.2979
0.0225305
-13.1741
0.0225305
-13.2979
0.0225305
-12.6305
0.0225305
-12.7879
0.0225305
0
0.0225305
0.0180244
0.0225305
0.0180244
0.0225305
0.0180244
0.0225305
0.0180244
0.0225305
0.0180244
0.0180244
0.0225305
0.0180244
0.0225305
0.0180244
0.0225305
0.0180244
0.0225305
0.0180244
0.0225305
-13.391
0.0225305
-13.2979
0.0225305
-13.391
0.0225305
-13.1017
0.0225305
-13.2154
0.0225305
-13.391
0.0225305
-13.391
0.0225305
-13.1834
0.0225305
-13.2979
0.0225305
-13.4285
-0.0194695
-13.1112
-13.0229
-13.391
-13.3677
-13.391
-13.4285
-13.391
-13.2979
-12.9174
-12.8196
-13.041
-13.1359
-13.391
-13.2637
-13.1834
-12.8401
-13.391
-13.2979
-13.4285
-13.4285
0.0225305
-13.2979
0.0225305
-13.2979
0.0225305
-13.2637
0.0225305
-13.0087
0.0225305
-13.2979
0.0225305
-13.1741
0.0225305
-13.2979
0.0225305
-13.4204
0.0225305
-13.391
0.0225305
0
0.0225305
0.0180244
0.0225305
0.0180244
0.0225305
0.0180244
0.0225305
0.0180244
0.0225305
0.0180244
0.0225305
0.0180244
0.0225305
0.0180244
0.0225305
0.0180244
0.0225305
0.0180244
0.0225305
0.0180244
-13.391
0.0180244
-13.2979
0.0180244
-13.391
0.0180244
-13.391
0.0180244
-13.391
0.0180244
-13.391
0.0180244
-13.391
0.0180244
-13.391
0.0180244
-13.2979
0.0180244
-13.4285
-0.0194695
-13.1017
-12.8192
-13.3677
-13.3029
-13.3652
-13.4285
-13.366
-13.3412
-13.3665
-13.3128
-13.3665
-13.3197
-13.0299
-13.2239
-13.3652
-13.3529
-13.1741
-13.3529
-13.3652
-13.4285
0.0180244
-13.3945
0.0225305
-13.2542
0.0225305
-13.4195
0.0225305
-13.299
0.0225305
-13.4195
0.0225305
-13.1997
0.0225305
-13.4195
0.0225305
-13.3663
0.0225305
-13.4195
0.0225305
0
0.0225305
0.0180244
0.0225305
0.0180244
0.0225305
0.0180244
0.0225305
0.0180244
0.0225305
0.0180244
0.0180244
0.0225305
0.0180244
0.0225305
0.0180244
0.0225305
0.0180244
0.0225305
0.0180244
0.0225305
-13.391
0.0225305
-13.2979
0.0225305
-13.391
0.0225305
-13.1017
0.0225305
-13.391
0.0225305
-13.391
0.0225305
-13.391
0.0225305
-12.9596
0.0225305
-13.2979
0.0225305
-13.4285
-0.0194695
-13.1017
-13.391
-13.391
-13.3677
-13.391
-13.4285
-13.391
-13.2979
-13.391
-13.1816
-12.9888
-13.0588
-13.391
-13.2637
-13.4285
-13.2979
-13.391
-13.2979
-13.4285
-13.4285
0.0225305
-13.2979
0.0225305
-13.2979
0.0225305
-13.2637
0.0225305
-13.0087
0.0225305
-13.2979
0.0225305
-13.1741
0.0225305
-13.2979
0.0225305
-13.4204
0.0225305
-13.391
0.0225305
0
0.0225305
0.0180244
0.0225305
0.0180244
0.0225305
0.0180244
0.0225305
0.0180244
0.0225305
0.0180244
0.0180244
0.0225305
0.0180244
0.0225305
0.0180244
0.0225305
0.0180244
0.0225305
0.0180244
0.0225305
-13.391
0.0225305
-13.2979
0.0225305
-13.391
0.0225305
-13.1017
0.0225305
-13.391
0.0225305
-13.391
0.0225305
-13.391
0.0225305
-12.9596
0.0225305
-13.2979
0.0225305
-13.4285
-0.0194695
-13.1017
-13.391
-13.391
-13.3677
-13.391
-13.4285
-13.391
-13.2979
-13.391
-13.1816
-13.4285
-13.1741
-13.391
-13.2637
-13.4285
-13.2979
-13.391
-13.2979
-13.4285
-13.4285
0.0225305
-13.2979
0.0225305
-13.2979
0.0225305
-13.2637
0.0225305
-13.0087
0.0225305
-13.2979
0.0225305
-13.1741
0.0225305
-13.2979
0.0225305
-13.4204
0.0225305
-13.391
0.0225305
0
0.0225305
0.0180244
0.0225305
0.0180244
0.0225305
0.0180244
0.0225305
0.0180244
0.0225305
0.0180244
0.0180244
0.0225305
0.0180244
0.0225305
0.0180244
0.0225305
0.0180244
0.0225305
0.0180244
0.0225305
-13.391
0.0225305
-13.2979
0.0225305
-13.391
0.0225305
-13.1017
0.0225305
-13.391
0.0225305
-13.391
0.0225305
-13.391
0.0225305
-12.9596
0.0225305
-13.2979
0.0225305
-13.4285
-0.0194695
-13.1112
-13.0229
-13.391
-13.3677
-13.391
-13.4285
-13.391
-13.2979
-13.391
-13.1816
-13.4285
-13.1741
-13.391
-13.2637
-13.1648
-12.8401
-13.391
-13.2979
-13.4285
-13.4285
0.0225305
-13.2979
0.0225305
-13.2979
0.0225305
-13.2637
0.0225305
-13.0087
0.0225305
-13.2979
0.0225305
-13.1741
0.0225305
-13.2979
0.0225305
-13.4204
0.0225305
-13.391
0.0225305
0
0.0225305
0.0180244
0.0225305
0.0180244
0.0225305
0.0180244
0.0225305
0.0180244
0.0225305
0.0180244
0.0180244
0.0225305
0.0180244
0.0225305
0.0180244
0.0225305
0.0180244
0.0225305
0.0180244
0.0225305
-13.391
0.0225305
-13.2979
0.0225305
-13.391
0.0225305
-13.1017
0.0225305
-13.391
0.0225305
-13.391
0.0225305
-13.391
0.0225305
-12.9596
0.0225305
-13.2979
0.0225305
-13.4285
-0.0194695
-13.1112
-13.0229
-13.391
-13.3677
-13.391
-13.4285
-13.391
-13.2979
-13.391
-13.1816
-13.4285
-13.1741
-13.391
-13.2637
-13.1648
-12.8401
-13.391
-13.2979
-13.4285
-13.4285
0.0225305
-13.2979
0.0225305
-13.2979
0.0225305
-13.2637
0.0225305
-13.0087
0.0225305
-13.2979
0.0225305
-13.1741
0.0225305
-13.2979
0.0225305
-12.6305
0.0225305
-12.7879
0.0225305
0
0.0225305
0.0180244
0.0225305
0.0180244
0.0225305
0.0180244
0.0225305
0.0180244
0.0225305
0.0180244
0.0180244
0.0225305
0.0180244
0.0225305
0.0180244
0.0225305
0.0180244
0.0225305
0.0180244
0.0225305
-13.391
0.0225305
-13.2979
0.0225305
-13.391
0.0225305
-13.1017
0.0225305
-13.391
0.0225305
-13.391
0.0225305
-13.391
0.0225305
-12.9596
0.0225305
-13.2979
0.0225305
-13.4285
-0.0194695
-13.1112
-13.0229
-13.391
-13.3677
-13.391
-13.4285
-13.391
-13.2979
-13.391
-13.1816
-13.4285
-13.1741
-13.391
-13.2637
-13.1648
-12.8401
-13.391
-13.2979
-13.4285
-13.4285
0.0225305
-13.2979
0.0225305
-13.2979
0.0225305
-13.2637
0.0225305
-13.0087
0.0225305
-13.2979
0.0225305
-13.1741
0.0225305
-13.2979
0.0225305
-13.4204
0.0225305
-13.391
0.0225305
0
0.0225305
0.0180244
0.0225305
0.0180244
0.0225305
0.0180244
0.0225305
0.0180244
0.0225305
0.0180244
0.0225305
0.0180244
0.0225305
0.0180244
0.0225305
0.0180244
0.0225305
0.0180244
0.0225305
0.0180244
-13.391
0.0180244
-13.2979
0.0180244
-13.391
0.0180244
-13.391
0.0180244
-13.391
0.0180244
-13.391
0.0180244
-13.391
0.0180244
-13.391
0.0180244
-13.2979
0.0180244
-13.4285
-0.0194695
-13.1017
-12.8192
-13.3677
-13.3029
-13.3652
-13.4285
-13.366
-13.3412
-13.3665
-13.3128
-13.3665
-13.3197
-13.0299
-13.2239
-13.3652
-13.3529
-13.1741
-13.3529
-13.3652
-13.4285
0.0180244
-13.3945
0.0225305
-13.2542
0.0225305
-13.4195
0.0225305
-13.299
0.0225305
-13.4195
0.0225305
-13.1997
0.0225305
-13.4195
0.0225305
-13.3663
0.0225305
-13.4195
0.0225305
0
0.0225305
0.0180244
0.0225305
0.0180244
0.0225305
0.0180244
0.0225305
0.0180244
0.0225305
0.0180244
0.0180244
0.0225305
0.0180244
0.0225305
0.0180244
0.0225305
0.0180244
0.0225305
0.0180244
0.0225305
-13.391
0.0225305
-13.2979
0.0225305
-13.391
0.0225305
-13.1017
0.0225305
-12.8479
0.0225305
-13.391
0.0225305
-13.391
0.0225305
-12.965
0.0225305
-13.2979
0.0225305
-13.4285
-0.0194695
-13.1017
-13.391
-13.391
-13.3677
-13.391
-13.4285
-13.391
-13.2979
-13.391
-13.1816
-12.9888
-13.0588
-13.391
-13.2637
-13.4285
-13.2979
-13.391
-13.2979
-13.4285
-13.4285
0.0225305
-13.2979
0.0225305
-13.2979
0.0225305
-13.2637
0.0225305
-13.0087
0.0225305
-13.2979
0.0225305
-13.1741
0.0225305
-13.2979
0.0225305
-13.4204
0.0225305
-13.391
0.0225305
0
0.0225305
0.0180244
0.0225305
0.0180244
0.0225305
0.0180244
0.0225305
0.0180244
0.0225305
0.0180244
0.0180244
0.0225305
0.0180244
0.0225305
0.0180244
0.0225305
0.0180244
0.0225305
0.0180244
0.0225305
-13.391
0.0225305
-13.2979
0.0225305
-13.391
0.0225305
-13.1017
0.0225305
-12.8479
0.0225305
-13.391
0.0225305
-13.391
0.0225305
-12.965
0.0225305
-13.2979
0.0225305
-13.4285
-0.0194695
-13.1017
-13.391
-13.391
-13.3677
-13.391
-13.4285
-13.391
-13.2979
-13.391
-13.1816
-13.4285
-13.1741
-13.391
-13.2637
-13.4285
-13.2979
-13.391
-13.2979
-13.4285
-13.4285
0.0225305
-13.2979
0.0225305
-13.2979
0.0225305
-13.2637
0.0225305
-13.0087
0.0225305
-13.2979
0.0225305
-13.1741
0.0225305
-13.2979
0.0225305
-13.4204
0.0225305
-13.391
0.0225305
0
0.0225305
0.0180244
0.0225305
0.0180244
0.0225305
0.0180244
0.0225305
0.0180244
0.0225305
0.0180244
0.0180244
0.0225305
0.0180244
0.0225305
0.0180244
0.0225305
0.0180244
0.0225305
0.0180244
0.0225305
-13.391
0.0225305
-13.2979
0.0225305
-13.391
0.0225305
-13.1017
0.0225305
-12.8479
0.0225305
-13.391
0.0225305
-13.391
0.0225305
-12.965
0.0225305
-13.2979
0.0225305
-13.4285
-0.0194695
-13.1112
-13.0229
-13.391
-13.3677
-13.391
-13.4285
-13.391
-13.2979
-13.391
-13.1816
-13.4285
-13.1741
-13.391
-13.2637
-13.1648
-12.8401
-13.391
-13.2979
-13.4285
-13.4285
0.0225305
-13.2979
0.0225305
-13.2979
0.0225305
-13.2637
0.0225305
-13.0087
0.0225305
-13.2979
0.0225305
-13.1741
0.0225305
-13.2979
0.0225305
-13.4204
0.0225305
-13.391
0.0225305
0
0.0225305
0.0180244
0.0225305
0.0180244
0.0225305
0.0180244
0.0225305
0.0180244
0.0225305
0.0180244
0.0180244
0.0225305
0.0180244
0.0225305
0.0180244
0.0225305
0.0180244
0.0225305
0.0180244
0.0225305
-13.391
0.0225305
-13.2979
0.0225305
-13.391
0.0225305
-13.1017
0.0225305
-12.8479
0.0225305
-13.391
0.0225305
-13.391
0.0225305
-12.965
0.0225305
-13.2979
0.0225305
-13.4285
-0.0194695
-13.1112
-13.0229
-13.391
-13.3677
-13.391
-13.4285
-13.391
-13.2979
-13.391
-13.1816
-13.4285
-13.1741
-13.391
-13.2637
-13.1648
-12.8401
-13.391
-13.2979
-13.4285
-13.4285
0.0225305
-13.2979
0.0225305
-13.2979
0.0225305
-13.2637
0.0225305
-13.0087
0.0225305
-13.2979
0.0225305
-13.1741
0.0225305
-13.2979
0.0225305
-12.6305
0.0225305
-12.7879
0.0225305
0
0.0225305
0.0180244
0.0225305
0.0180244
0.0225305
0.0180244
0.0225305
0.0180244
0.0225305
0.0180244
0.0180244
0.0225305
0.0180244
0.0225305
0.0180244
0.0225305
0.0180244
0.0225305
0.0180244
0.0225305
-13.391
0.0225305
-13.2979
0.0225305
-13.391
0.0225305
-13.1017
0.0225305
-12.8479
0.0225305
-13.391
0.0225305
-13.391
0.0225305
-12.965
0.0225305
-13.2979
0.0225305
-13.4285
-0.0194695
-13.1112
-13.0229
-13.391
-13.3677
-13.391
-13.4285
-13.391
-13.2979
-13.391
-13.1816
-13.4285
-13.1741
-13.391
-13.2637
-13.1648
-12.8401
-13.391
-13.2979
-13.4285
-13.4285
0.0225305
-13.2979
0.0225305
-13.2979
0.0225305
-13.2637
0.0225305
-13.0087
0.0225305
-13.2979
0.0225305
-13.1741
0.0225305
-13.2979
0.0225305
-13.4204
0.0225305
-13.391
0.0225305
0
0.0225305
0.0180244
0.0225305
0.0180244
0.0225305
0.0180244
0.0225305
0.0180244
0.0225305
0.0180244
0.0225305
0.0180244
0.0225305
0.0180244
0.0225305
0.0180244
0.0225305
0.0180244
0.0225305
0.0180244
-13.391
0.0180244
-13.2979
0.0180244
-13.391
0.0180244
-13.391
0.0180244
-13.391
0.0180244
-13.391
0.0180244
-13.391
0.0180244
-13.391
0.0180244
-13.2979
0.0180244
-13.4285
-0.0194695
-13.1017
-12.8192
-13.3677
-13.3029
-13.3652
-13.4285
-13.366
-13.3412
-13.3665
-13.3128
-12.6849
-13.2821
-13.0299
-13.2239
-13.3652
-13.3529
-13.1741
-13.3529
-13.3652
-13.4285
0.0180244
-13.3945
0.0225305
-13.2542
0.0225305
-13.4195
0.0225305
-13.299
0.0225305
-13.4195
0.0225305
-13.1997
0.0225305
-13.4195
0.0225305
-13.3663
0.0225305
-13.4195
0.0225305
0
0.0225305
0.0180244
0.0225305
0.0180244
0.0225305
0.0180244
0.0225305
0.0180244
0.0225305
0.0180244
0.0180244
0.0225305
0.0180244
0.0225305
0.0180244
0.0225305
0.0180244
0.0225305
0.0180244
0.0225305
-13.391
0.0225305
-13.2979
0.0225305
-13.391
0.0225305
-13.1017
0.0225305
-13.391
0.0225305
-13.391
0.0225305
-13.391
0.0225305
-12.965
0.0225305
-13.2979
0.0225305
-13.4285
-0.0194695
-13.1017
-13.391
-13.391
-13.3677
-13.391
-13.4285
-13.391
-13.2979
-13.391
-13.1816
-12.9888
-13.0588
-13.391
-13.2637
-13.4285
-13.2979
-13.391
-13.2979
-13.4285
-13.4285
0.0225305
-13.2979
0.0225305
-13.2979
0.0225305
-13.2637
0.0225305
-13.0087
0.0225305
-13.2979
0.0225305
-13.1741
0.0225305
-13.2979
0.0225305
-13.4204
0.0225305
-13.391
0.0225305
0
0.0225305
0.0180244
0.0225305
0.0180244
0.0225305
0.0180244
0.0225305
0.0180244
0.0225305
0.0180244
0.0180244
0.0225305
0.0180244
0.0225305
0.0180244
0.0225305
0.0180244
0.0225305
0.0180244
0.0225305
-13.391
0.0225305
-13.2979
0.0225305
-13.391
0.0225305
-13.1017
0.0225305
-13.391
0.0225305
-13.391
0.0225305
-13.391
0.0225305
-12.965
0.0225305
-13.2979
0.0225305
-13.4285
-0.0194695
-13.1017
-13.391
-13.391
-13.3677
-13.391
-13.4285
-13.391
-13.2979
-13.391
-13.1816
-12.5977
-13.2163
-13.391
-13.2637
-13.4285
-13.2979
-13.391
-13.2979
-13.4285
-13.4285
0.0225305
-13.2979
0.0225305
-13.2979
0.0225305
-13.2637
0.0225305
-13.0087
0.0225305
-13.2979
0.0225305
-13.1741
0.0225305
-13.2979
0.0225305
-13.4204
0.0225305
-13.391
0.0225305
0
0.0225305
0.0180244
0.0225305
0.0180244
0.0225305
0.0180244
0.0225305
0.0180244
0.0225305
0.0180244
0.0180244
0.0225305
0.0180244
0.0225305
0.0180244
0.0225305
0.0180244
0.0225305
0.0180244
0.0225305
-13.391
0.0225305
-13.2979
0.0225305
-13.391
0.0225305
-13.1017
0.0225305
-13.391
0.0225305
-13.391
0.0225305
-13.391
0.0225305
-12.965
0.0225305
-13.2979
0.0225305
-13.4285
-0.0194695
-13.1112
-13.0229
-13.391
-13.3677
-13.391
-13.4285
-13.391
-13.2979
-13.391
-13.1816
-12.5977
-13.2163
-13.391
-13.2637
-13.1648
-12.8401
-13.391
-13.2979
-13.4285
-13.4285
0.0225305
-13.2979
0.0225305
-13.2979
0.0225305
-13.2637
0.0225305
-13.0087
0.0225305
-13.2979
0.0225305
-13.1741
0.0225305
-13.2979
0.0225305
-13.4204
0.0225305
-13.391
0.0225305
0
0.0225305
0.0180244
0.0225305
0.0180244
0.0225305
0.0180244
0.0225305
0.0180244
0.0225305
0.0180244
0.0180244
0.0225305
0.0180244
0.0225305
0.0180244
0.0225305
0.0180244
0.0225305
0.0180244
0.0225305
-13.391
0.0225305
-13.2979
0.0225305
-13.391
0.0225305
-13.1017
0.0225305
-13.391
0.0225305
-13.391
0.0225305
-13.391
0.0225305
-12.965
0.0225305
-13.2979
0.0225305
-13.4285
-0.0194695
-13.1112
-13.0229
-13.391
-13.3677
-13.391
-13.4285
-13.391
-13.2979
-13.391
-13.1816
-12.5977
-13.2163
-13.391
-13.2637
-13.1648
-12.8401
-13.391
-13.2979
-13.4285
-13.4285
0.0225305
-13.2979
0.0225305
-13.2979
0.0225305
-13.2637
0.0225305
-13.0087
0.0225305
-13.2979
0.0225305
-13.1741
0.0225305
-13.2979
0.0225305
-12.6305
0.0225305
-12.7879
0.0225305
0
0.0225305
0.0180244
0.0225305
0.0180244
0.0225305
0.0180244
0.0225305
0.0180244
0.0225305
0.0180244
0.0180244
0.0225305
0.0180244
0.0225305
0.0180244
0.0225305
0.0180244
0.0225305
0.0180244
0.0225305
-13.391
0.0225305
-13.2979
0.0225305
-13.391
0.0225305
-13.1017
0.0225305
-13.391
0.0225305
-13.391
0.0225305
-13.391
0.0225305
-12.965
0.0225305
-13.2979
0.0225305
-13.4285
-0.0194695
-13.1112
-13.0229
-13.391
-13.3677
-13.391
-13.4285
-13.391
-13.2979
-13.391
-13.1816
-12.5977
-13.2163
-13.391
-13.2637
-13.1648
-12.8401
-13.391
-13.2979
-13.4285
-13.4285
0.0225305
-13.2979
0.0225305
-13.2979
0.0225305
-13.2637
0.0225305
-13.0087
0.0225305
-13.2979
0.0225305
-13.1741
0.0225305
-13.2979
0.0225305
-13.4204
0.0225305
-13.391
