0.0210988
-26.2204
0.0210988
0.0240302
0.0210988
0.0240302
0.0210988
0.0240302
0.0210988
0.0240302
0.0240302
0.0210988
0.0240302
0.0210988
0.0240302
0.0210988
0.0240302
0.0210988
0.0240302
0.0210988
0.0240302
0.0210988
-1.22107
0.0210988
-26.0834
0.0210988
-25.9906
0.0210988
-26.1675
0.0210988
-26.0812
0.0210988
-26.2
0.0210988
-25.9189
0.0210988
-26.1069
0.0210988
-26.2
0.0210988
-26.2275
-0.0179698
-1.22667
-25.9877
-26.1755
-1.34876
-26.1513
-1.40563
-1.22626
-1.22626
-1.22688
-25.7964
-25.8227
-25.9719
-1.22751
-26.0202
-1.22626
-1.47126
-1.21751
-25.9694
-1.21607
-26.0045
0.0210988
-26.2
0.0210988
-26.152
0.0210988
-25.9189
0.0210988
-26.0277
0.0210988
-26.0277
0.0210988
-26.0875
0.0210988
-26.1675
0.0210988
-26.1455
0.0210988
-26.0989
0.0210988
-26.2204
0.0210988
0.0240302
0.0210988
0.0240302
0.0210988
0.0240302
0.0210988
0.0240302
0.0210988
0.0240302
0.0210988
0.0240302
0.0210988
0.0240302
0.0210988
0.0240302
0.0210988
0.0240302
0.0210988
0.0240302
-26.1653
0.0240302
-1.51357
0.0240302
-1.21107
0.0240302
-1.21607
0.0240302
-1.21607
0.0240302
-1.39857
0.0240302
-26.0601
0.0240302
-26.1653
0.0240302
-26.2
0.0210988
-26.2275
-0.0179698
-26.2275
-1.40751
-26.1755
-1.34876
-26.1513
-1.40563
-26.2275
-1.22501
-26.2275
-25.9836
-26.2
-26.0789
-1.22751
-25.7466
-1.22501
-26.0829
-26.2275
-1.22501
-26.2275
-25.7983
0.0210988
-26.0969
0.0210988
-25.9806
0.0210988
-26.0969
0.0210988
-26.0097
0.0210988
-26.0412
0.0210988
-26.0097
0.0210988
-1.22751
0.0210988
-26.0969
0.0210988
-26.0599
0.0210988
-26.2204
0.0210988
0.0240302
0.0210988
0.0240302
0.0210988
0.0240302
0.0210988
0.0240302
0.0210988
0.0240302
0.0210988
0.0240302
0.0210988
0.0240302
0.0210988
0.0240302
0.0210988
0.0240302
0.0210988
0.0240302
-26.1653
0.0240302
-1.51357
0.0240302
-1.21107
0.0240302
-1.21607
0.0240302
-1.21607
0.0240302
-1.39857
0.0240302
-26.0601
0.0240302
-26.1653
0.0240302
-25.8213
0.0210988
-26.2275
-0.0179698
-26.2275
-1.40751
-26.1755
-1.34876
-26.1513
-1.40563
-26.2275
-1.22501
-26.2275
-25.8244
-1.40751
-25.6891
-1.22751
-25.6766
-26.2275
-1.22501
-26.2275
-1.22501
-26.2275
-25.7983
0.0210988
-26.0969
0.0210988
-25.9806
0.0210988
-26.0969
0.0210988
-26.062
0.0210988
-1.22751
0.0210988
-26.0969
0.0210988
-25.8289
0.0210988
-26.0969
0.0210988
-26.0969
0.0210988
-26.2204
0.0210988
0.0240302
0.0210988
0.0240302
0.0210988
0.0240302
0.0210988
0.0240302
0.0210988
0.0240302
0.0210988
0.0240302
0.0210988
0.0240302
0.0210988
0.0240302
0.0210988
0.0240302
0.0210988
0.0240302
-26.1653
0.0240302
-1.51357
0.0240302
-1.21107
0.0240302
-1.21607
0.0240302
-1.21607
0.0240302
-1.39857
0.0240302
-26.0601
0.0240302
-26.1653
0.0240302
-25.8213
0.0210988
-26.2275
-0.0179698
-26.2275
-1.40751
-26.1755
-1.34876
-26.1513
-1.40563
-26.2275
-1.22501
-26.2275
-25.8449
-1.40751
-25.6891
-1.22751
-25.6766
-26.2275
-1.22501
-1.21751
-25.7422
-26.2275
-25.7983
0.0210988
-26.0969
0.0210988
-25.9806
0.0210988
-26.0969
0.0210988
-26.062
0.0210988
-25.7422
0.0210988
-25.7675
0.0210988
-25.8289
0.0210988
-26.0969
0.0210988
-25.5769
0.0210988
-26.2204
0.0210988
0.0240302
0.0210988
0.0240302
0.0210988
0.0240302
0.0210988
0.0240302
0.0210988
0.0240302
0.0210988
0.0240302
0.0210988
0.0240302
0.0210988
0.0240302
0.0210988
0.0240302
0.0210988
0.0240302
-26.1653
0.0240302
-1.51357
0.0240302
-1.21107
0.0240302
-1.21607
0.0240302
-1.21607
0.0240302
-1.39857
0.0240302
-26.0601
0.0240302
-26.1653
0.0240302
-25.8213
0.0210988
-26.2275
-0.0179698
-26.2275
-1.40751
-1.22667
-25.5619
-26.1513
-1.40563
-26.2275
-1.22501
-26.2275
-25.8449
-1.40751
-25.6891
-1.22751
-25.6766
-26.2275
-1.22501
-26.1494
-25.6195
-26.2275
-25.7983
0.0210988
-26.0969
0.0210988
-25.9806
0.0210988
-26.0969
0.0210988
-26.062
0.0210988
-1.22751
0.0210988
-26.0969
0.0210988
-25.8289
0.0210988
-26.0969
0.0210988
-26.0969
0.0210988
-26.2204
0.0210988
0.0240302
0.0210988
0.0240302
0.0210988
0.0240302
0.0210988
0.0240302
0.0210988
0.0240302
0.0210988
0.0240302
0.0210988
0.0240302
0.0210988
0.0240302
0.0210988
0.0240302
0.0210988
0.0240302
-26.1653
0.0240302
-1.51357
0.0240302
-1.21107
0.0240302
-1.21607
0.0240302
-1.21607
0.0240302
-1.39857
0.0240302
-26.0601
0.0240302
-26.1653
0.0240302
-25.8213
0.0210988
-26.2275
-0.0179698
-26.2275
-1.40751
-26.1755
-1.34876
-26.1513
-1.40563
-26.2275
-1.22501
-26.2275
-25.8449
-1.40751
-25.6891
-1.22751
-25.6766
-26.2275
-1.22501
-25.8741
-25.2864
-26.2275
-25.7983
0.0210988
-26.0969
0.0210988
-25.9806
0.0210988
-26.0969
0.0210988
-26.062
0.0210988
-1.22751
0.0210988
-26.0969
0.0210988
-25.8289
0.0210988
-26.0969
0.0210988
-26.0969
0.0240302
0
0.0240302
0.0210988
0.0240302
0.0210988
0.0240302
0.0210988
0.0240302
0.0210988
0.0240302
0.0210988
0.0240302
0.0210988
0.0240302
0.0210988
0.0240302
0.0210988
0.0240302
0.0210988
0.0240302
0.0210988
-1.22751
0.0210988
-25.6083
0.0210988
-26.0854
0.0210988
-25.6083
0.0210988
-26.19
0.0210988
-26.1667
0.0210988
-26.19
0.0210988
-25.6083
0.0210988
-25.9806
0.0210988
-26.2275
-0.0179698
-1.22251
-26.0875
-1.52001
-26.1767
-25.8127
-25.8227
-1.22501
-26.2275
-1.22501
-26.1767
-1.22563
-25.8026
-1.22751
-26.0202
-1.22626
-1.47126
-1.21751
-25.9694
-1.22501
-26.0045
0.0210988
-26.2
0.0240302
-26.0914
0.0240302
-26.0914
0.0240302
-1.21607
0.0240302
-1.51357
0.0240302
-26.1455
0.0240302
-1.21607
0.0240302
-26.098
0.0240302
-26.2186
0.0240302
0
0.0240302
0.0210988
0.0240302
0.0210988
0.0240302
0.0210988
0.0240302
0.0210988
0.0240302
0.0210988
0.0210988
0.0240302
0.0210988
0.0240302
0.0210988
0.0240302
0.0210988
0.0240302
0.0210988
0.0240302
-26.0097
0.0240302
-25.9977
0.0240302
-26.1642
0.0240302
-1.22501
0.0240302
-26.1642
0.0240302
-1.22501
0.0240302
-25.9033
0.0240302
-26.1642
0.0240302
-25.9033
0.0240302
-26.2275
-0.0179698
-26.2275
-1.40751
-1.30959
-1.30959
-25.8127
-25.8939
-26.2275
-1.22501
-26.2275
-26.1447
-1.30959
-26.0366
-1.22501
-26.0969
-26.2275
-26.0412
-1.35001
-25.9402
-26.2275
-25.7983
0.0240302
-26.1642
0.0240302
-25.9731
0.0240302
-26.0969
0.0240302
-1.22501
0.0240302
-1.22501
0.0240302
-26.0097
0.0240302
-26.0627
0.0240302
-26.0969
0.0240302
-1.21751
0.0240302
0
0.0240302
0.0210988
0.0240302
0.0210988
0.0240302
0.0210988
0.0240302
0.0210988
0.0240302
0.0210988
0.0210988
0.0240302
0.0210988
0.0240302
0.0210988
0.0240302
0.0210988
0.0240302
0.0210988
0.0240302
-26.0097
0.0240302
-25.9977
0.0240302
-26.1642
0.0240302
-1.22501
0.0240302
-26.1642
0.0240302
-1.22501
0.0240302
-25.9033
0.0240302
-26.1642
0.0240302
-25.9033
0.0240302
-26.2275
-0.0179698
-26.2275
-1.40751
-1.30959
-1.30959
-25.8127
-25.8239
-26.2275
-1.22501
-26.2275
-26.1447
-1.30959
-25.8616
-1.22501
-26.0969
-26.2275
-1.22501
-1.35001
-25.9402
-26.2275
-25.7983
0.0240302
-26.1642
0.0240302
-25.9731
0.0240302
-26.0969
0.0240302
-1.22501
0.0240302
-1.22501
0.0240302
-1.21751
0.0240302
-26.0627
0.0240302
-26.0969
0.0240302
-1.21751
0.0240302
0
0.0240302
0.0210988
0.0240302
0.0210988
0.0240302
0.0210988
0.0240302
0.0210988
0.0240302
0.0210988
0.0210988
0.0240302
0.0210988
0.0240302
0.0210988
0.0240302
0.0210988
0.0240302
0.0210988
0.0240302
-26.0097
0.0240302
-25.9977
0.0240302
-26.1642
0.0240302
-1.22501
0.0240302
-26.1642
0.0240302
-1.22501
0.0240302
-25.9033
0.0240302
-26.1642
0.0240302
-25.9033
0.0240302
-26.2275
-0.0179698
-26.2275
-1.40751
-1.30959
-1.30959
-25.8127
-25.8239
-26.2275
-1.22501
-26.2275
-26.1447
-1.30959
-25.6866
-1.22501
-26.0969
-26.2275
-1.22501
-1.35001
-25.7422
-26.2275
-25.7983
0.0240302
-26.1642
0.0240302
-25.9731
0.0240302
-26.0969
0.0240302
-1.22501
0.0240302
-1.22501
0.0240302
-25.7675
0.0240302
-26.0627
0.0240302
-26.0969
0.0240302
-1.21751
0.0240302
0
0.0240302
0.0210988
0.0240302
0.0210988
0.0240302
0.0210988
0.0240302
0.0210988
0.0240302
0.0210988
0.0210988
0.0240302
0.0210988
0.0240302
0.0210988
0.0240302
0.0210988
0.0240302
0.0210988
0.0240302
-26.0097
0.0240302
-25.9977
0.0240302
-26.1642
0.0240302
-1.22501
0.0240302
-26.1642
0.0240302
-1.22501
0.0240302
-25.9033
0.0240302
-26.1642
0.0240302
-25.9033
0.0240302
-26.2275
-0.0179698
-26.2275
-1.40751
-1.22667
-25.5619
-25.8127
-25.8239
-26.2275
-1.22501
-26.2275
-26.1447
-1.40751
-25.6891
-1.22501
-26.0969
-26.2275
-1.22501
-1.35001
-25.9402
-26.2275
-25.7983
0.0240302
-26.1642
0.0240302
-25.9731
0.0240302
-26.0969
0.0240302
-1.22501
0.0240302
-1.22501
0.0240302
-1.21751
0.0240302
-26.0627
0.0240302
-26.0969
0.0240302
-1.21751
0.0240302
0
0.0240302
0.0210988
0.0240302
0.0210988
0.0240302
0.0210988
0.0240302
0.0210988
0.0240302
0.0210988
0.0210988
0.0240302
0.0210988
0.0240302
0.0210988
0.0240302
0.0210988
0.0240302
0.0210988
0.0240302
-26.0097
0.0240302
-25.9977
0.0240302
-26.1642
0.0240302
-1.22501
0.0240302
-26.1642
0.0240302
-1.22501
0.0240302
-25.9033
0.0240302
-26.1642
0.0240302
-25.9033
0.0240302
-26.2275
-0.0179698
-26.2275
-1.40751
-1.30959
-1.30959
-25.8127
-25.8239
-26.2275
-1.22501
-26.2275
-26.1447
-1.40751
-25.6891
-1.22501
-26.0969
-26.2275
-1.22501
-1.35001
-25.9402
-26.2275
-25.7983
0.0240302
-26.1642
0.0240302
-25.9731
0.0240302
-26.0969
0.0240302
-1.22501
0.0240302
-1.22501
0.0240302
-1.21751
0.0240302
-26.0627
0.0240302
-26.0969
0.0240302
-1.21751
0.0240302
0
0.0240302
0.0210988
0.0240302
0.0210988
0.0240302
0.0210988
0.0240302
0.0210988
0.0240302
0.0210988
0.0240302
0.0210988
0.0240302
0.0210988
0.0240302
0.0210988
0.0240302
0.0210988
0.0240302
0.0210988
-1.22751
0.0210988
-25.6083
0.0210988
-26.0775
0.0210988
-25.6083
0.0210988
-25.9047
0.0210988
-26.1667
0.0210988
-25.8061
0.0210988
-25.6083
0.0210988
-25.7992
0.0210988
-26.2275
-0.0179698
-1.22251
-26.0875
-1.52001
-26.1767
-25.8127
-25.8227
-1.22501
-26.2275
-1.22501
-26.1767
-1.22563
-25.8026
-1.22751
-26.0202
-1.22626
-1.47126
-1.21751
-25.9694
-1.22501
-26.0045
0.0210988
-26.0332
0.0240302
-26.0914
0.0240302
-26.0914
0.0240302
-1.21607
0.0240302
-1.51357
0.0240302
-26.1455
0.0240302
-1.21607
0.0240302
-26.098
0.0240302
-26.2186
0.0240302
0
0.0240302
0.0210988
0.0240302
0.0210988
0.0240302
0.0210988
0.0240302
0.0210988
0.0240302
0.0210988
0.0210988
0.0240302
0.0210988
0.0240302
0.0210988
0.0240302
0.0210988
0.0240302
0.0210988
0.0240302
-25.8972
0.0240302
-25.9977
0.0240302
-26.1642
0.0240302
-1.22501
0.0240302
-26.1642
0.0240302
-1.22501
0.0240302
-25.9033
0.0240302
-26.1642
0.0240302
-25.9033
0.0240302
-26.2275
-0.0179698
-26.2275
-1.40751
-1.30959
-1.30959
-25.8127
-25.8939
-26.2275
-1.22501
-26.2275
-26.1447
-1.30959
-26.0366
-1.22501
-26.0969
-26.2275
-26.0412
-1.35001
-25.9402
-26.2275
-25.7983
0.0240302
-26.1642
0.0240302
-25.9731
0.0240302
-26.0969
0.0240302
-1.22501
0.0240302
-1.22501
0.0240302
-26.0097
0.0240302
-26.0627
0.0240302
-26.0969
0.0240302
-1.21751
0.0240302
0
0.0240302
0.0210988
0.0240302
0.0210988
0.0240302
0.0210988
0.0240302
0.0210988
0.0240302
0.0210988
0.0210988
0.0240302
0.0210988
0.0240302
0.0210988
0.0240302
0.0210988
0.0240302
0.0210988
0.0240302
-25.8972
0.0240302
-25.9977
0.0240302
-26.1642
0.0240302
-1.22501
0.0240302
-26.1642
0.0240302
-1.22501
0.0240302
-25.9033
0.0240302
-26.1642
0.0240302
-25.9033
0.0240302
-26.2275
-0.0179698
-26.2275
-1.40751
-1.30959
-1.30959
-25.8127
-25.8239
-26.2275
-1.22501
-26.2275
-26.1447
-1.30959
-25.8616
-1.22501
-26.0969
-26.2275
-1.22501
-1.35001
-25.9402
-26.2275
-25.7983
0.0240302
-26.1642
0.0240302
-25.9731
0.0240302
-26.0969
0.0240302
-1.22501
0.0240302
-1.22501
0.0240302
-1.21751
0.0240302
-26.0627
0.0240302
-26.0969
0.0240302
-1.21751
0.0240302
0
0.0240302
0.0210988
0.0240302
0.0210988
0.0240302
0.0210988
0.0240302
0.0210988
0.0240302
0.0210988
0.0210988
0.0240302
0.0210988
0.0240302
0.0210988
0.0240302
0.0210988
0.0240302
0.0210988
0.0240302
-25.8972
0.0240302
-25.9977
0.0240302
-26.1642
0.0240302
-1.22501
0.0240302
-26.1642
0.0240302
-1.22501
0.0240302
-25.9033
0.0240302
-26.1642
0.0240302
-25.9033
0.0240302
-26.2275
-0.0179698
-26.2275
-1.40751
-1.30959
-1.30959
-25.8127
-25.8239
-26.2275
-1.22501
-26.2275
-26.1447
-1.30959
-25.6866
-1.22501
-26.0969
-26.2275
-1.22501
-1.35001
-25.7422
-26.2275
-25.7983
0.0240302
-26.1642
0.0240302
-25.9731
0.0240302
-26.0969
0.0240302
-1.22501
0.0240302
-1.22501
0.0240302
-25.7675
0.0240302
-26.0627
0.0240302
-26.0969
0.0240302
-1.21751
0.0240302
0
0.0240302
0.0210988
0.0240302
0.0210988
0.0240302
0.0210988
0.0240302
0.0210988
0.0240302
0.0210988
0.0210988
0.0240302
0.0210988
0.0240302
0.0210988
0.0240302
0.0210988
0.0240302
0.0210988
0.0240302
-25.8972
0.0240302
-25.9977
0.0240302
-26.1642
0.0240302
-1.22501
0.0240302
-26.1642
0.0240302
-1.22501
0.0240302
-25.9033
0.0240302
-26.1642
0.0240302
-25.9033
0.0240302
-26.2275
-0.0179698
-26.2275
-1.40751
-1.22667
-25.5619
-25.8127
-25.8239
-26.2275
-1.22501
-26.2275
-26.1447
-1.40751
-25.6891
-1.22501
-26.0969
-26.2275
-1.22501
-1.35001
-25.9402
-26.2275
-25.7983
0.0240302
-26.1642
0.0240302
-25.9731
0.0240302
-26.0969
0.0240302
-1.22501
0.0240302
-1.22501
0.0240302
-1.21751
0.0240302
-26.0627
0.0240302
-26.0969
0.0240302
-1.21751
0.0240302
0
0.0240302
0.0210988
0.0240302
0.0210988
0.0240302
0.0210988
0.0240302
0.0210988
0.0240302
0.0210988
0.0210988
0.0240302
0.0210988
0.0240302
0.0210988
0.0240302
0.0210988
0.0240302
0.0210988
0.0240302
-25.8972
0.0240302
-25.9977
0.0240302
-26.1642
0.0240302
-1.22501
0.0240302
-26.1642
0.0240302
-1.22501
0.0240302
-25.9033
0.0240302
-26.1642
0.0240302
-25.9033
0.0240302
-26.2275
-0.0179698
-26.2275
-1.40751
-1.30959
-1.30959
-25.8127
-25.8239
-26.2275
-1.22501
-26.2275
-26.1447
-1.40751
-25.6891
-1.22501
-26.0969
-26.2275
-1.22501
-1.35001
-25.9402
-26.2275
-25.7983
0.0240302
-26.1642
0.0240302
-25.9731
0.0240302
-26.0969
0.0240302
-1.22501
0.0240302
-1.22501
0.0240302
-1.21751
0.0240302
-26.0627
0.0240302
-26.0969
0.0240302
-1.21751
0.0240302
0
0.0240302
0.0210988
0.0240302
0.0210988
0.0240302
0.0210988
0.0240302
0.0210988
0.0240302
0.0210988
0.0240302
0.0210988
0.0240302
0.0210988
0.0240302
0.0210988
0.0240302
0.0210988
0.0240302
0.0210988
-1.22751
0.0210988
-25.6083
0.0210988
-26.0775
0.0210988
-25.6083
0.0210988
-25.88
0.0210988
-26.1667
0.0210988
-25.5769
0.0210988
-25.6083
0.0210988
-25.9806
0.0210988
-26.2275
-0.0179698
-1.22251
-26.0875
-1.52001
-26.1767
-25.8127
-25.8227
-1.22501
-26.2275
-1.22501
-26.1767
-1.22563
-25.8026
-1.22751
-26.0202
-1.22626
-1.47126
-1.21751
-25.9694
-1.22501
-26.0045
0.0210988
-26.0332
0.0240302
-26.0914
0.0240302
-26.0914
0.0240302
-1.21607
0.0240302
-1.51357
0.0240302
-26.1455
0.0240302
-1.21607
0.0240302
-26.098
0.0240302
-26.2186
0.0240302
0
0.0240302
0.0210988
0.0240302
0.0210988
0.0240302
0.0210988
0.0240302
0.0210988
0.0240302
0.0210988
0.0210988
0.0240302
0.0210988
0.0240302
0.0210988
0.0240302
0.0210988
0.0240302
0.0210988
0.0240302
-26.1642
0.0240302
-25.9977
0.0240302
-26.1642
0.0240302
-1.22501
0.0240302
-26.1642
0.0240302
-1.22501
0.0240302
-25.9033
0.0240302
-26.1642
0.0240302
-25.9033
0.0240302
-26.2275
-0.0179698
-26.2275
-1.40751
-1.30959
-1.30959
-25.8127
-25.8939
-26.2275
-1.22501
-26.2275
-26.1447
-1.30959
-26.0366
-1.22501
-26.0969
-26.2275
-26.0412
-1.35001
-25.9402
-26.2275
-25.7983
0.0240302
-26.1642
0.0240302
-25.9731
0.0240302
-26.0969
0.0240302
-1.22501
0.0240302
-1.22501
0.0240302
-26.0097
0.0240302
-26.0627
0.0240302
-26.0969
0.0240302
-1.21751
0.0240302
0
0.0240302
0.0210988
0.0240302
0.0210988
0.0240302
0.0210988
0.0240302
0.0210988
0.0240302
0.0210988
0.0210988
0.0240302
0.0210988
0.0240302
0.0210988
0.0240302
0.0210988
0.0240302
0.0210988
0.0240302
-26.1642
0.0240302
-25.9977
0.0240302
-26.1642
0.0240302
-1.22501
0.0240302
-26.1642
0.0240302
-1.22501
0.0240302
-25.9033
0.0240302
-26.1642
0.0240302
-25.9033
0.0240302
-26.2275
-0.0179698
-26.2275
-1.40751
-1.30959
-1.30959
-25.8127
-25.8239
-26.2275
-1.22501
-26.2275
-26.1447
-1.30959
-25.8616
-1.22501
-26.0969
-26.2275
-1.22501
-1.35001
-25.9402
-26.2275
-25.7983
0.0240302
-26.1642
0.0240302
-25.9731
0.0240302
-26.0969
0.0240302
-1.22501
0.0240302
-1.22501
0.0240302
-1.21751
0.0240302
-26.0627
0.0240302
-26.0969
0.0240302
-1.21751
0.0240302
0
0.0240302
0.0210988
0.0240302
0.0210988
0.0240302
0.0210988
0.0240302
0.0210988
0.0240302
0.0210988
0.0210988
0.0240302
0.0210988
0.0240302
0.0210988
0.0240302
0.0210988
0.0240302
0.0210988
0.0240302
-26.1642
0.0240302
-25.9977
0.0240302
-26.1642
0.0240302
-1.22501
0.0240302
-26.1642
0.0240302
-1.22501
0.0240302
-25.9033
0.0240302
-26.1642
0.0240302
-25.9033
0.0240302
-26.2275
-0.0179698
-26.2275
-1.40751
-1.30959
-1.30959
-25.8127
-25.8239
-26.2275
-1.22501
-26.2275
-26.1447
-1.30959
-25.6866
-1.22501
-26.0969
-26.2275
-1.22501
-1.35001
-25.7422
-26.2275
-25.7983
0.0240302
-26.1642
0.0240302
-25.9731
0.0240302
-26.0969
0.0240302
-1.22501
0.0240302
-1.22501
0.0240302
-25.7675
0.0240302
-26.0627
0.0240302
-26.0969
0.0240302
-1.21751
0.0240302
0
0.0240302
0.0210988
0.0240302
0.0210988
0.0240302
0.0210988
0.0240302
0.0210988
0.0240302
0.0210988
0.0210988
0.0240302
0.0210988
0.0240302
0.0210988
0.0240302
0.0210988
0.0240302
0.0210988
0.0240302
-26.1642
0.0240302
-25.9977
0.0240302
-26.1642
0.0240302
-1.22501
0.0240302
-26.1642
0.0240302
-1.22501
0.0240302
-25.9033
0.0240302
-26.1642
0.0240302
-25.9033
0.0240302
-26.2275
-0.0179698
-26.2275
-1.40751
-1.22667
-25.5619
-25.8127
-25.8239
-26.2275
-1.22501
-26.2275
-26.1447
-1.40751
-25.6891
-1.22501
-26.0969
-26.2275
-1.22501
-1.35001
-25.9402
-26.2275
-25.7983
0.0240302
-26.1642
0.0240302
-25.9731
0.0240302
-26.0969
0.0240302
-1.22501
0.0240302
-1.22501
0.0240302
-1.21751
0.0240302
-26.0627
0.0240302
-26.0969
0.0240302
-1.21751
0.0240302
0
0.0240302
0.0210988
0.0240302
0.0210988
0.0240302
0.0210988
0.0240302
0.0210988
0.0240302
0.0210988
0.0210988
0.0240302
0.0210988
0.0240302
0.0210988
0.0240302
0.0210988
0.0240302
0.0210988
0.0240302
-26.1642
0.0240302
-25.9977
0.0240302
-26.1642
0.0240302
-1.22501
0.0240302
-26.1642
0.0240302
-1.22501
0.0240302
-25.9033
0.0240302
-26.1642
0.0240302
-25.9033
0.0240302
-26.2275
-0.0179698
-26.2275
-1.40751
-1.30959
-1.30959
-25.8127
-25.8239
-26.2275
-1.22501
-26.2275
-26.1447
-1.40751
-25.6891
-1.22501
-26.0969
-26.2275
-1.22501
-1.35001
-25.9402
-26.2275
-25.7983
0.0240302
-26.1642
0.0240302
-25.9731
0.0240302
-26.0969
0.0240302
-1.22501
0.0240302
-1.22501
0.0240302
-1.21751
0.0240302
-26.0627
0.0240302
-26.0969
0.0240302
-1.21751
0.0240302
0
0.0240302
0.0210988
0.0240302
0.0210988
0.0240302
0.0210988
0.0240302
0.0210988
0.0240302
0.0210988
0.0240302
0.0210988
0.0240302
0.0210988
0.0240302
0.0210988
0.0240302
0.0210988
0.0240302
0.0210988
-1.22751
0.0210988
-25.6083
0.0210988
-26.0775
0.0210988
-25.6083
0.0210988
-25.88
0.0210988
-26.1667
0.0210988
-25.5261
0.0210988
-25.6083
0.0210988
-25.9806
0.0210988
-26.2275
-0.0179698
-1.22251
-26.0875
-1.52001
-26.1767
-25.8127
-25.8227
-1.22501
-26.2275
-1.22501
-26.1767
-1.22563
-25.8026
-1.22751
-26.0202
-1.22626
-1.47126
-1.21751
-25.9694
-1.22501
-26.0045
0.0210988
-26.0332
0.0240302
-26.0914
0.0240302
-26.0914
0.0240302
-1.21607
0.0240302
-1.51357
0.0240302
-26.1455
0.0240302
-1.21607
0.0240302
-26.098
0.0240302
-26.2186
0.0240302
0
0.0240302
0.0210988
0.0240302
0.0210988
0.0240302
0.0210988
0.0240302
0.0210988
0.0240302
0.0210988
0.0210988
0.0240302
0.0210988
0.0240302
0.0210988
0.0240302
0.0210988
0.0240302
0.0210988
0.0240302
-26.1642
0.0240302
-25.9977
0.0240302
-26.1642
0.0240302
-1.22501
0.0240302
-26.1642
0.0240302
-1.22501
0.0240302
-25.9033
0.0240302
-26.1642
0.0240302
-25.9033
0.0240302
-26.2275
-0.0179698
-26.2275
-1.40751
-1.30959
-1.30959
-25.8127
-25.8939
-26.2275
-1.22501
-26.2275
-26.1447
-1.30959
-26.0366
-1.22501
-26.0969
-26.2275
-26.0412
-1.35001
-25.9402
-26.2275
-25.7983
0.0240302
-26.1642
0.0240302
-25.9731
0.0240302
-26.0969
0.0240302
-1.22501
0.0240302
-1.22501
0.0240302
-26.0097
0.0240302
-26.0627
0.0240302
-26.0969
0.0240302
-1.21751
0.0240302
0
0.0240302
0.0210988
0.0240302
0.0210988
0.0240302
0.0210988
0.0240302
0.0210988
0.0240302
0.0210988
0.0210988
0.0240302
0.0210988
0.0240302
0.0210988
0.0240302
0.0210988
0.0240302
0.0210988
0.0240302
-26.1642
0.0240302
-25.9977
0.0240302
-26.1642
0.0240302
-1.22501
0.0240302
-26.1642
0.0240302
-1.22501
0.0240302
-25.9033
0.0240302
-26.1642
0.0240302
-25.9033
0.0240302
-26.2275
-0.0179698
-26.2275
-1.40751
-1.30959
-1.30959
-25.8127
-25.8239
-26.2275
-1.22501
-26.2275
-26.1447
-1.30959
-25.8616
-1.22501
-26.0969
-26.2275
-1.22501
-1.35001
-25.9402
-26.2275
-25.7983
0.0240302
-26.1642
0.0240302
-25.9731
0.0240302
-26.0969
0.0240302
-1.22501
0.0240302
-1.22501
0.0240302
-1.21751
0.0240302
-26.0627
0.0240302
-26.0969
0.0240302
-1.21751
0.0240302
0
0.0240302
0.0210988
0.0240302
0.0210988
0.0240302
0.0210988
0.0240302
0.0210988
0.0240302
0.0210988
0.0210988
0.0240302
0.0210988
0.0240302
0.0210988
0.0240302
0.0210988
0.0240302
0.0210988
0.0240302
-26.1642
0.0240302
-25.9977
0.0240302
-26.1642
0.0240302
-1.22501
0.0240302
-26.1642
0.0240302
-1.22501
0.0240302
-25.9033
0.0240302
-26.1642
0.0240302
-25.9033
0.0240302
-26.2275
-0.0179698
-26.2275
-1.40751
-1.30959
-1.30959
-25.8127
-25.8239
-26.2275
-1.22501
-26.2275
-26.1447
-1.30959
-25.6866
-1.22501
-26.0969
-26.2275
-1.22501
-1.35001
-25.7422
-26.2275
-25.7983
0.0240302
-26.1642
0.0240302
-25.9731
0.0240302
-26.0969
0.0240302
-1.22501
0.0240302
-1.22501
0.0240302
-25.7675
0.0240302
-26.0627
0.0240302
-26.0969
0.0240302
-1.21751
0.0240302
0
0.0240302
0.0210988
0.0240302
0.0210988
0.0240302
0.0210988
0.0240302
0.0210988
0.0240302
0.0210988
0.0210988
0.0240302
0.0210988
0.0240302
0.0210988
0.0240302
0.0210988
0.0240302
0.0210988
0.0240302
-26.1642
0.0240302
-25.9977
0.0240302
-26.1642
0.0240302
-1.22501
0.0240302
-26.1642
0.0240302
-1.22501
0.0240302
-25.9033
0.0240302
-26.1642
0.0240302
-25.9033
0.0240302
-26.2275
-0.0179698
-26.2275
-1.40751
-1.22667
-25.5619
-25.8127
-25.8239
-26.2275
-1.22501
-26.2275
-26.1447
-1.40751
-25.6891
-1.22501
-26.0969
-26.2275
-1.22501
-1.35001
-25.9402
-26.2275
-25.7983
0.0240302
-26.1642
0.0240302
-25.9731
0.0240302
-26.0969
0.0240302
-1.22501
0.0240302
-1.22501
0.0240302
-1.21751
0.0240302
-26.0627
0.0240302
-26.0969
0.0240302
-1.21751
0.0240302
0
0.0240302
0.0210988
0.0240302
0.0210988
0.0240302
0.0210988
0.0240302
0.0210988
0.0240302
0.0210988
0.0210988
0.0240302
0.0210988
0.0240302
0.0210988
0.0240302
0.0210988
0.0240302
0.0210988
0.0240302
-26.1642
0.0240302
-25.9977
0.0240302
-26.1642
0.0240302
-1.22501
0.0240302
-26.1642
0.0240302
-1.22501
0.0240302
-25.9033
0.0240302
-26.1642
0.0240302
-25.9033
0.0240302
-26.2275
-0.0179698
-26.2275
-1.40751
-1.30959
-1.30959
-25.8127
-25.8239
-26.2275
-1.22501
-26.2275
-26.1447
-1.40751
-25.6891
-1.22501
-26.0969
-26.2275
-1.22501
-1.35001
-25.9402
-26.2275
-25.7983
0.0240302
-26.1642
0.0240302
-25.9731
0.0240302
-26.0969
0.0240302
-1.22501
0.0240302
-1.22501
0.0240302
-1.21751
0.0240302
-26.0627
0.0240302
-26.0969
0.0240302
-1.21751
0.0240302
0
0.0240302
0.0210988
0.0240302
0.0210988
0.0240302
0.0210988
0.0240302
0.0210988
0.0240302
0.0210988
0.0240302
0.0210988
0.0240302
0.0210988
0.0240302
0.0210988
0.0240302
0.0210988
0.0240302
0.0210988
-1.22751
0.0210988
-25.6083
0.0210988
-26.0775
0.0210988
-25.6083
0.0210988
-25.88
0.0210988
-26.1667
0.0210988
-25.5261
0.0210988
-25.6083
0.0210988
-25.9806
0.0210988
-26.2275
-0.0179698
-1.22251
-26.0875
-1.52001
-26.1767
-25.8127
-25.8227
-1.22501
-26.2275
-1.22501
-26.1767
-1.22563
-25.8026
-1.22751
-26.0202
-1.22626
-1.47126
-1.21751
-25.9694
-1.22501
-26.0045
0.0210988
-26.0332
0.0240302
-26.0914
0.0240302
-26.0914
0.0240302
-1.21607
0.0240302
-1.51357
0.0240302
-26.1455
0.0240302
-1.21607
0.0240302
-26.098
0.0240302
-26.2186
0.0240302
0
0.0240302
0.0210988
0.0240302
0.0210988
0.0240302
0.0210988
0.0240302
0.0210988
0.0240302
0.0210988
0.0210988
0.0240302
0.0210988
0.0240302
0.0210988
0.0240302
0.0210988
0.0240302
0.0210988
0.0240302
-26.1642
0.0240302
-25.9977
0.0240302
-26.1642
0.0240302
-1.22501
0.0240302
-26.1642
0.0240302
-1.22501
0.0240302
-25.9033
0.0240302
-26.1642
0.0240302
-25.9033
0.0240302
-26.2275
-0.0179698
-26.2275
-1.40751
-1.30959
-1.30959
-25.8127
-25.8939
-26.2275
-1.22501
-26.2275
-26.1447
-1.30959
-26.0366
-1.22501
-26.0969
-26.2275
-26.0412
-1.35001
-25.9402
-26.2275
-25.7983
0.0240302
-26.1642
0.0240302
-25.9731
0.0240302
-26.0969
0.0240302
-1.22501
0.0240302
-1.22501
0.0240302
-26.0097
0.0240302
-26.0627
0.0240302
-26.0969
0.0240302
-1.21751
0.0240302
0
0.0240302
0.0210988
0.0240302
0.0210988
0.0240302
0.0210988
0.0240302
0.0210988
0.0240302
0.0210988
0.0210988
0.0240302
0.0210988
0.0240302
0.0210988
0.0240302
0.0210988
0.0240302
0.0210988
0.0240302
-26.1642
0.0240302
-25.9977
0.0240302
-26.1642
0.0240302
-1.22501
0.0240302
-26.1642
0.0240302
-1.22501
0.0240302
-25.9033
0.0240302
-26.1642
0.0240302
-25.9033
0.0240302
-26.2275
-0.0179698
-26.2275
-1.40751
-1.30959
-1.30959
-25.8127
-25.8239
-26.2275
-1.22501
-26.2275
-26.1447
-1.30959
-25.8616
-1.22501
-26.0969
-26.2275
-1.22501
-1.35001
-25.9402
-26.2275
-25.7983
0.0240302
-26.1642
0.0240302
-25.9731
0.0240302
-26.0969
0.0240302
-1.22501
0.0240302
-1.22501
0.0240302
-1.21751
0.0240302
-26.0627
0.0240302
-26.0969
0.0240302
-1.21751
0.0240302
0
0.0240302
0.0210988
0.0240302
0.0210988
0.0240302
0.0210988
0.0240302
0.0210988
0.0240302
0.0210988
0.0210988
0.0240302
0.0210988
0.0240302
0.0210988
0.0240302
0.0210988
0.0240302
0.0210988
0.0240302
-26.1642
0.0240302
-25.9977
0.0240302
-26.1642
0.0240302
-1.22501
0.0240302
-26.1642
0.0240302
-1.22501
0.0240302
-25.9033
0.0240302
-26.1642
0.0240302
-25.9033
0.0240302
-26.2275
-0.0179698
-26.2275
-1.40751
-1.30959
-1.30959
-25.8127
-25.8239
-26.2275
-1.22501
-26.2275
-26.1447
-1.30959
-25.6866
-1.22501
-26.0969
-26.2275
-1.22501
-1.35001
-25.7422
-26.2275
-25.7983
0.0240302
-26.1642
0.0240302
-25.9731
0.0240302
-26.0969
0.0240302
-1.22501
0.0240302
-1.22501
0.0240302
-25.7675
0.0240302
-26.0627
0.0240302
-26.0969
0.0240302
-1.21751
0.0240302
0
0.0240302
0.0210988
0.0240302
0.0210988
0.0240302
0.0210988
0.0240302
0.0210988
0.0240302
0.0210988
0.0210988
0.0240302
0.0210988
0.0240302
0.0210988
0.0240302
0.0210988
0.0240302
0.0210988
0.0240302
-26.1642
0.0240302
-25.9977
0.0240302
-26.1642
0.0240302
-1.22501
0.0240302
-26.1642
0.0240302
-1.22501
0.0240302
-25.9033
0.0240302
-26.1642
0.0240302
-25.9033
0.0240302
-26.2275
-0.0179698
-26.2275
-1.40751
-1.22667
-25.5619
-25.8127
-25.8239
-26.2275
-1.22501
-26.2275
-26.1447
-1.40751
-25.6891
-1.22501
-26.0969
-26.2275
-1.22501
-1.35001
-25.9402
-26.2275
-25.7983
0.0240302
-26.1642
0.0240302
-25.9731
0.0240302
-26.0969
0.0240302
-1.22501
0.0240302
-1.22501
0.0240302
-1.21751
0.0240302
-26.0627
0.0240302
-26.0969
0.0240302
-1.21751
0.0240302
0
0.0240302
0.0210988
0.0240302
0.0210988
0.0240302
0.0210988
0.0240302
0.0210988
0.0240302
0.0210988
0.0210988
0.0240302
0.0210988
0.0240302
0.0210988
0.0240302
0.0210988
0.0240302
0.0210988
0.0240302
-26.1642
0.0240302
-25.9977
0.0240302
-26.1642
0.0240302
-1.22501
0.0240302
-26.1642
0.0240302
-1.22501
0.0240302
-25.9033
0.0240302
-26.1642
0.0240302
-25.9033
0.0240302
-26.2275
-0.0179698
-26.2275
-1.40751
-1.30959
-1.30959
-25.8127
-25.8239
-26.2275
-1.22501
-26.2275
-26.1447
-1.40751
-25.6891
-1.22501
-26.0969
-26.2275
-1.22501
-1.35001
-25.9402
-26.2275
-25.7983
0.0240302
-26.1642
0.0240302
-25.9731
0.0240302
-26.0969
0.0240302
-1.22501
0.0240302
-1.22501
0.0240302
-1.21751
0.0240302
-26.0627
0.0240302
-26.0969
0.0240302
-1.21751
