0.000475369
0.100428
0.000475369
0.000475369
0.000475369
0.000475369
0.000475369
0.000475369
0.000475369
0.000475369
0.000475369
0.000475369
0.000475369
0.000475369
0.000475369
0.000475369
0.000475369
0.000475369
0.100428
0.000475369
0.078133
0.000475369
0.078133
0.000475369
0.078133
0.000475369
0.078133
0.000475369
0.078133
0.000475369
0.078133
0.000475369
0.078133
0.000475369
0.078133
0.000475369
0.078133
0.000475369
0.078133
-0.021867
0.078133
-0.021867
0.078133
-0.021867
0.078133
-0.021867
-0.021867
0.078133
-0.021867
0.078133
-0.021867
0.078133
-0.021867
0.078133
-0.021867
0.078133
0.000475369
0.078133
0.000475369
0.078133
0.000475369
0.078133
0.000475369
-0.021867
0.000475369
-0.021867
0.000475369
0.078133
0.000475369
0.078133
0.000475369
-0.021867
0.000475369
0.100428
0.000475369
0.100428
0.000475369
0.100428
0.000475369
0.100428
0.000475369
0.100428
0.000475369
0.100428
0.000475369
0.100428
0.000475369
0.100428
0.000475369
0.100428
0.000475369
0.100428
-0.021867
0.100428
-0.021867
0.100428
-0.021867
0.100428
-0.021867
0.100428
-0.021867
0.100428
-0.021867
0.100428
-0.021867
0.100428
-0.021867
0.100428
0.078133
0.000475369
0.078133
-0.021867
0.078133
0.00313303
0.078133
0.00313303
0.078133
0.00313303
0.078133
-0.00103364
0.078133
0.0239664
0.078133
0.0239664
0.078133
0.00313303
0.078133
-0.021867
0.100428
-0.021867
0.100428
-0.021867
0.100428
-0.00103364
0.100428
-0.00103364
0.100428
-0.021867
0.100428
-0.00103364
0.100428
-0.00103364
0.100428
-0.021867
0.000475369
0.140428
0.000475369
0.100428
0.000475369
0.100428
0.000475369
0.100428
0.000475369
0.100428
0.000475369
0.100428
0.000475369
0.100428
0.000475369
0.100428
0.000475369
0.100428
0.000475369
0.100428
-0.021867
0.100428
-0.021867
0.100428
-0.021867
0.100428
-0.021867
0.100428
-0.021867
0.100428
-0.021867
0.100428
-0.021867
0.100428
-0.021867
0.100428
0.078133
0.000475369
0.078133
0.00938303
0.078133
-0.015617
0.078133
-0.00728364
0.078133
-0.00728364
0.078133
0.00938303
0.078133
-0.015617
0.078133
-0.00728364
0.078133
-0.00728364
0.078133
-0.00728364
0.100428
-0.00728364
0.100428
-0.00728364
0.100428
-0.00728364
0.100428
-0.00728364
0.100428
-0.021867
0.100428
-0.00728364
0.100428
-0.00728364
0.100428
-0.00728364
0.000475369
0.140428
0.000475369
0.100428
0.000475369
0.100428
0.000475369
0.100428
0.000475369
0.100428
0.000475369
0.100428
0.000475369
0.100428
0.000475369
0.100428
0.000475369
0.100428
0.000475369
0.100428
-0.021867
0.100428
-0.021867
0.100428
-0.021867
0.100428
-0.021867
0.100428
-0.021867
0.100428
-0.021867
0.100428
-0.021867
0.100428
-0.021867
0.100428
0.078133
0.000475369
0.078133
0.00313303
0.078133
-0.00936697
0.078133
-0.00936697
0.078133
0.00313303
0.078133
-0.00936697
0.078133
-0.00936697
0.078133
-0.00936697
0.078133
-0.021867
0.078133
-0.00936697
0.100428
-0.00936697
0.100428
-0.00936697
0.100428
-0.00936697
0.100428
-0.00936697
0.100428
-0.021867
0.100428
-0.00936697
0.100428
-0.00936697
0.100428
-0.00936697
0.000475369
0.140428
0.000475369
0.100428
0.000475369
0.100428
0.000475369
0.100428
0.000475369
0.100428
0.000475369
0.100428
0.000475369
0.100428
0.000475369
0.100428
0.000475369
0.100428
0.000475369
0.100428
-0.021867
0.100428
-0.021867
0.100428
-0.021867
0.100428
-0.021867
0.100428
-0.021867
0.100428
-0.021867
0.100428
-0.021867
0.100428
-0.021867
0.100428
0.078133
0.000475369
0.078133
0.025008
0.078133
0.025008
0.078133
0.00313303
0.078133
8.02715e-06
0.078133
-0.021867
0.078133
8.02715e-06
0.078133
8.02715e-06
0.078133
8.02715e-06
0.078133
-0.021867
0.100428
-0.021867
0.100428
8.02715e-06
0.100428
8.02715e-06
0.100428
8.02715e-06
0.100428
8.02715e-06
0.100428
8.02715e-06
0.100428
8.02715e-06
0.100428
-0.021867
0.000475369
0.140428
0.000475369
0.100428
0.000475369
0.100428
0.000475369
0.100428
0.000475369
0.100428
0.000475369
0.100428
0.000475369
0.100428
0.000475369
0.100428
0.000475369
0.100428
0.000475369
0.100428
-0.021867
0.100428
-0.021867
0.100428
-0.021867
0.100428
-0.021867
0.100428
-0.021867
0.100428
-0.021867
0.100428
-0.021867
0.100428
-0.021867
0.100428
0.078133
0.000475369
0.078133
-0.021867
0.078133
-0.021867
0.078133
0.00313303
0.078133
-0.021867
0.078133
-0.021867
0.078133
-0.021867
0.078133
0.00313303
0.078133
-0.021867
0.078133
-0.021867
0.100428
-0.021867
0.100428
-0.021867
0.100428
-0.021867
0.100428
-0.021867
0.100428
-0.021867
0.100428
-0.021867
0.100428
-0.021867
0.100428
-0.021867
0.100428
0.000475369
0.100428
0.000475369
0.100428
0.000475369
0.100428
0.000475369
0.100428
0.000475369
0.100428
0.000475369
0.100428
0.000475369
0.100428
0.000475369
0.100428
0.000475369
0.100428
0.000475369
-0.021867
0.100428
-0.021867
0.100428
-0.00103364
0.100428
-0.00103364
0.100428
-0.021867
0.100428
-0.00103364
0.100428
-0.00103364
0.100428
-0.021867
0.100428
-0.021867
0.100428
-0.021867
0.078133
-0.021867
0.078133
0.00313303
0.078133
0.00313303
0.078133
-0.021867
0.078133
-0.021867
0.078133
-0.021867
0.078133
-0.021867
0.078133
-0.021867
0.078133
0.100428
-0.021867
0.100428
-0.021867
0.100428
-0.021867
0.100428
-0.021867
0.100428
-0.021867
0.100428
-0.021867
0.100428
-0.021867
0.100428
-0.021867
0.100428
0.000475369
0.100428
0.000475369
0.100428
0.000475369
0.100428
0.000475369
0.100428
0.000475369
0.000475369
0.100428
0.000475369
0.100428
0.000475369
0.100428
0.000475369
0.100428
0.000475369
0.100428
-0.0177003
0.100428
-0.0177003
0.100428
-0.0177003
0.100428
-0.0177003
0.100428
-0.0177003
0.100428
-0.0177003
0.100428
-0.0177003
0.100428
-0.0177003
0.100428
0.053133
0.0562428
0.028133
0.103133
0.028133
0.028133
0.103133
0.028133
0.028133
0.103133
0.103133
0.028133
0.028133
0.103133
0.028133
0.028133
0.028133
0.103133
0.0447997
0.053133
0.100428
-0.0177003
0.100428
-0.00520031
0.100428
-0.0177003
0.100428
-0.0177003
0.100428
-0.0177003
0.100428
-0.0177003
0.100428
-0.0177003
0.100428
-0.00520031
0.100428
0.000475369
0.100428
0.000475369
0.100428
0.000475369
0.100428
0.000475369
0.100428
0.000475369
0.000475369
0.100428
0.000475369
0.100428
0.000475369
0.100428
0.000475369
0.100428
0.000475369
0.100428
-0.0177003
0.100428
-0.0177003
0.100428
-0.0177003
0.100428
-0.0177003
0.100428
-0.0177003
0.100428
-0.0177003
0.100428
-0.0177003
0.100428
-0.0177003
0.100428
0.053133
0.0562428
0.0572997
0.0322997
0.0572997
0.0322997
0.0572997
0.0322997
0.0572997
0.0322997
0.028133
0.053133
0.028133
0.053133
0.0864664
0.00313303
0.0864664
0.00313303
0.0489664
0.040633
0.0719759
0.034383
0.0719759
0.034383
0.0719759
0.034383
0.0719759
0.034383
0.0719759
0.034383
0.0719759
0.034383
0.0719759
0.034383
0.100428
-0.00728364
0.100428
0.000475369
0.100428
0.000475369
0.100428
0.000475369
0.100428
0.000475369
0.100428
0.000475369
0.000475369
0.100428
0.000475369
0.100428
0.000475369
0.100428
0.000475369
0.100428
0.000475369
0.100428
-0.0177003
0.100428
-0.0177003
0.100428
-0.0177003
0.100428
-0.0177003
0.100428
-0.00520031
0.100428
-0.0177003
0.100428
-0.0177003
0.100428
-0.0177003
0.100428
0.078133
0.0270453
0.078133
0.015633
0.078133
0.015633
0.078133
0.015633
0.078133
0.015633
0.078133
0.015633
0.078133
0.015633
0.078133
0.015633
0.078133
0.015633
0.078133
0.015633
0.100428
-0.00936697
0.100428
-0.00936697
0.100428
-0.00936697
0.100428
-0.00936697
0.100428
-0.00936697
0.100428
-0.021867
0.100428
-0.00936697
0.100428
-0.00936697
0.100428
0.000475369
0.100428
0.000475369
0.100428
0.000475369
0.100428
0.000475369
0.100428
0.000475369
0.000475369
0.100428
0.000475369
0.100428
0.000475369
0.100428
0.000475369
0.100428
0.000475369
0.100428
-0.0177003
0.100428
-0.0177003
0.100428
-0.0177003
0.100428
-0.0177003
0.100428
-0.00520031
0.100428
-0.0177003
0.100428
-0.0177003
0.100428
-0.0177003
0.100428
0.078133
0.0270453
0.078133
0.025008
0.078133
0.025008
0.078133
0.025008
0.078133
0.025008
0.0864664
0.00313303
0.078133
0.025008
0.078133
0.025008
0.078133
0.025008
0.093133
8.02715e-06
0.100428
8.02715e-06
0.100428
8.02715e-06
0.100428
8.02715e-06
0.100428
8.02715e-06
0.100428
8.02715e-06
0.100428
-0.021867
0.100428
8.02715e-06
0.100428
-0.021867
0.100428
0.000475369
0.100428
0.000475369
0.100428
0.000475369
0.100428
0.000475369
0.100428
0.000475369
0.000475369
0.100428
0.000475369
0.100428
0.000475369
0.100428
0.000475369
0.100428
0.000475369
0.100428
-0.0177003
0.100428
-0.0177003
0.100428
-0.0177003
0.100428
-0.0177003
0.100428
-0.0177003
0.100428
-0.0177003
0.100428
-0.0177003
0.100428
-0.0177003
0.100428
0.0864664
0.017114
0.0864664
0.00313303
0.0864664
0.00313303
0.0864664
0.00313303
0.0864664
0.00313303
0.0864664
0.00313303
0.0864664
0.00313303
0.0864664
0.00313303
0.0864664
0.00313303
0.0864664
0.00313303
0.0981978
0.00313303
0.0981978
0.00313303
0.0981978
0.00313303
0.0981978
0.00313303
0.100428
-0.021867
0.100428
-0.021867
0.100428
-0.021867
0.100428
-0.021867
0.100428
0.000475369
0.100428
0.000475369
0.100428
0.000475369
0.100428
0.000475369
0.100428
0.000475369
0.100428
0.000475369
0.100428
0.000475369
0.100428
0.000475369
0.100428
0.000475369
0.100428
0.000475369
-0.015617
0.100428
-0.00728364
0.100428
-0.00728364
0.100428
-0.015617
0.100428
-0.00728364
0.100428
-0.015617
0.100428
-0.00728364
0.100428
-0.00728364
0.100428
-0.00728364
0.100428
-0.015617
0.078133
-0.00728364
0.078133
-0.00728364
0.078133
-0.015617
0.078133
0.0177164
0.078133
-0.00728364
0.078133
-0.00728364
0.078133
-0.00728364
0.078133
-0.00728364
0.078133
0.100428
-0.021867
0.100428
-0.021867
0.100428
-0.021867
0.100428
-0.021867
0.100428
-0.021867
0.100428
-0.021867
0.100428
-0.021867
0.100428
-0.021867
0.100428
0.000475369
0.100428
0.000475369
0.100428
0.000475369
0.100428
0.000475369
0.100428
0.000475369
0.000475369
0.100428
0.000475369
0.100428
0.000475369
0.100428
0.000475369
0.100428
0.000475369
0.100428
-0.015617
0.100428
0.034383
0.0719759
0.034383
0.0719759
0.034383
0.0719759
0.034383
0.0719759
0.034383
0.0719759
0.034383
0.0719759
0.034383
0.0719759
0.040633
0.0667316
0.00313303
0.0864664
0.00313303
0.0864664
0.053133
0.028133
0.0322997
0.0572997
0.053133
0.028133
0.053133
0.028133
0.0322997
0.0572997
0.00313303
0.0864664
0.0427164
0.053133
0.100428
-0.0177003
0.100428
-0.0177003
0.100428
-0.0177003
0.100428
-0.0177003
0.100428
-0.00520031
0.100428
-0.0177003
0.100428
-0.0177003
0.100428
-0.0177003
0.100428
0.000475369
0.100428
0.000475369
0.100428
0.000475369
0.100428
0.000475369
0.000475369
0.100428
0.100428
0.000475369
0.000475369
0.100428
0.000475369
0.100428
0.000475369
0.100428
0.000475369
0.100428
-0.00936697
0.100428
-0.00936697
0.100428
-0.00936697
0.100428
-0.00936697
0.100428
-0.00936697
0.100428
-0.00936697
0.100428
-0.00936697
0.100428
0.00313303
0.0981978
0.0177164
0.0859609
0.053133
0.028133
0.046883
0.046883
0.053133
0.053133
0.053133
0.053133
0.028133
0.053133
0.053133
0.053133
0.053133
0.053133
0.053133
0.053133
0.053133
0.053133
0.0981978
0.00313303
0.100428
-0.00936697
0.100428
-0.00311697
0.100428
-0.00936697
0.100428
-0.00936697
0.100428
-0.00936697
0.100428
-0.00936697
0.100428
-0.00936697
0.0597391
0.0489664
0.0597391
0.0489664
0.100428
0.000475369
0.100428
0.000475369
0.100428
0.000475369
0.100428
0.000475369
0.000475369
0.100428
0.000475369
0.100428
0.000475369
0.100428
0.000475369
0.100428
-0.00936697
0.100428
-0.00936697
0.100428
-0.00936697
0.100428
-0.00936697
0.100428
-0.00936697
0.100428
-0.00936697
0.100428
-0.00936697
0.100428
-0.00936697
0.100428
0.0177164
0.0859609
0.028133
0.0447997
0.046883
0.0885497
0.046883
0.0135497
0.046883
0.0885497
0.046883
0.0135497
0.046883
0.0885497
0.121883
0.0135497
0.046883
0.0885497
0.0364664
0.015633
0.0981978
0.00313303
0.0981978
0.00313303
0.0981978
0.00313303
0.0981978
0.00313303
0.0981978
0.00313303
0.0981978
0.00313303
0.0597391
0.0489664
0.0597391
0.0489664
0.0419422
0.065633
0.100428
0.000475369
0.100428
0.000475369
0.100428
0.000475369
0.100428
0.000475369
0.000475369
0.100428
0.000475369
0.100428
0.000475369
0.100428
0.000475369
0.100428
0.000475369
0.100428
-0.00936697
0.100428
-0.00936697
0.100428
-0.00936697
0.100428
-0.00936697
0.100428
-0.00311697
0.100428
-0.00936697
0.100428
-0.00936697
0.100428
-0.00936697
0.100428
0.0177164
0.0859609
0.028133
0.062508
0.046883
0.093758
0.028133
0.062508
0.046883
0.093758
0.046883
0.093758
0.046883
0.093758
0.046883
0.093758
0.046883
0.093758
0.0364664
0.0364664
0.0702278
0.0364664
0.0702278
0.0364664
0.0702278
0.0364664
0.0702278
0.0364664
0.0419422
0.065633
0.0419422
0.065633
0.0419422
0.065633
0.0419422
0.065633
0.100428
0.000475369
0.0772203
0.028133
0.0772203
0.028133
0.0772203
0.028133
0.000475369
0.100428
0.000475369
0.100428
0.000475369
0.100428
0.000475369
0.100428
0.000475369
0.100428
0.000475369
0.100428
-0.00936697
0.100428
-0.00936697
0.100428
-0.00936697
0.100428
-0.00936697
0.100428
-0.00936697
0.100428
-0.00936697
0.100428
-0.00936697
0.100428
-0.00936697
0.100428
0.0177164
0.0859609
0.059383
0.043133
0.059383
0.043133
0.059383
0.043133
0.059383
0.043133
0.059383
0.043133
0.059383
0.043133
0.059383
0.043133
0.059383
0.043133
0.059383
0.043133
0.0646338
0.043133
0.0646338
0.043133
0.0646338
0.043133
0.0576413
0.0514664
0.0576413
0.0514664
0.0576413
0.0514664
0.0576413
0.0514664
0.100428
-0.021867
0.100428
0.000475369
0.100428
0.000475369
0.100428
0.000475369
0.100428
0.000475369
0.100428
0.000475369
0.100428
0.000475369
0.100428
0.000475369
0.100428
0.000475369
0.100428
0.000475369
0.100428
0.000475369
-0.00936697
0.100428
-0.00936697
0.100428
-0.00936697
0.100428
-0.00936697
0.100428
-0.00936697
0.100428
-0.00936697
0.100428
-0.00936697
0.100428
-0.021867
0.100428
-0.00936697
0.100428
-0.00936697
0.078133
-0.00936697
0.078133
-0.021867
0.078133
-0.00936697
0.078133
-0.021867
0.078133
-0.00936697
0.078133
-0.00936697
0.078133
-0.00936697
0.078133
-0.00936697
0.078133
0.100428
-0.021867
0.100428
-0.021867
0.100428
-0.021867
0.100428
-0.021867
0.100428
-0.021867
0.100428
-0.021867
0.100428
-0.021867
0.100428
-0.021867
0.100428
0.000475369
0.100428
0.000475369
0.100428
0.000475369
0.100428
0.000475369
0.100428
0.000475369
0.000475369
0.100428
0.000475369
0.100428
0.000475369
0.100428
0.000475369
0.100428
0.000475369
0.100428
-0.00936697
0.100428
-0.00936697
0.100428
-0.021867
0.100428
-0.00936697
0.100428
-0.00936697
0.100428
-0.00936697
0.100428
-0.00936697
0.100428
-0.00936697
0.100428
0.015633
0.087709
0.00313303
0.0864664
0.015633
0.078133
0.015633
0.078133
0.015633
0.078133
0.015633
0.078133
0.015633
0.078133
0.015633
0.078133
0.015633
0.078133
0.0364664
0.103133
0.100428
-0.0177003
0.100428
-0.0177003
0.100428
-0.0177003
0.100428
-0.0177003
0.100428
-0.00520031
0.100428
-0.0177003
0.100428
-0.0177003
0.100428
-0.0177003
0.100428
0.000475369
0.100428
0.000475369
0.100428
0.000475369
0.100428
0.000475369
0.000475369
0.100428
0.000475369
0.100428
0.000475369
0.100428
0.000475369
0.100428
0.0489664
0.0597391
0.0489664
0.0597391
0.0489664
0.0597391
0.0489664
0.0597391
0.00313303
0.0981978
0.00313303
0.0981978
0.00313303
0.0981978
0.00313303
0.0981978
0.00313303
0.0981978
0.00313303
0.0981978
0.015633
0.087709
0.0885497
0.046883
0.0885497
0.046883
0.0885497
0.046883
0.0885497
0.046883
0.0885497
0.046883
0.0135497
0.121883
0.0135497
0.046883
0.0135497
0.046883
0.053133
0.0177164
0.100428
-0.00311697
0.100428
-0.00936697
0.100428
-0.00936697
0.100428
-0.00936697
0.100428
-0.00936697
0.100428
-0.00936697
0.100428
-0.00936697
0.100428
-0.00936697
0.0597391
0.0489664
0.0597391
0.0489664
0.0597391
0.0489664
0.0597391
0.0489664
0.0597391
0.0489664
0.054824
0.054824
0.0489664
0.0597391
0.0489664
0.0597391
0.0489664
0.0597391
0.0489664
0.0597391
0.0489664
0.0597391
0.0489664
0.0597391
0.0489664
0.0597391
0.0489664
0.0597391
-0.00936697
0.100428
-0.00936697
0.100428
-0.00936697
0.100428
-0.00936697
0.100428
0.015633
0.087709
0.0697997
0.00729969
0.0697997
0.00729969
0.0697997
0.00729969
0.00729969
0.0697997
0.00729969
0.0697997
0.0135497
0.0885497
0.00729969
0.0697997
0.0135497
0.0885497
0.053133
0.015633
0.100428
-0.00936697
0.100428
-0.00936697
0.100428
-0.00936697
0.100428
-0.00936697
0.0597391
0.0489664
0.0597391
0.0489664
0.0597391
0.0489664
0.0597391
0.0489664
0.0419422
0.065633
0.0419422
0.065633
0.0419422
0.065633
0.0419422
0.065633
0.100428
0.000475369
0.054824
0.054824
0.0489664
0.0597391
0.0489664
0.0597391
0.0489664
0.0597391
0.0489664
0.0597391
0.0489664
0.0597391
0.0489664
0.0597391
0.0489664
0.0597391
0.0489664
0.0597391
0.0489664
0.0597391
-0.00936697
0.100428
-0.00936697
0.100428
-0.00936697
0.100428
0.015633
0.087709
0.078133
0.018758
0.078133
0.018758
0.078133
0.018758
0.00729969
0.128133
0.0822997
0.053133
0.00729969
0.128133
0.078133
0.018758
0.078133
0.018758
0.078133
0.018758
0.0737241
0.0322997
0.0737241
0.0322997
0.0702278
0.0364664
0.0419422
0.065633
0.0419422
0.065633
0.0419422
0.065633
0.0419422
0.065633
0.0419422
0.065633
0.0300247
0.075633
0.0300247
0.075633
0.0300247
0.075633
0.0300247
0.075633
0.100428
0.000475369
0.054824
0.054824
0.0489664
0.0597391
0.0489664
0.0597391
0.0489664
0.0597391
0.0489664
0.0597391
0.0489664
0.0597391
0.0489664
0.0597391
0.0489664
0.0597391
0.0489664
0.0597391
0.0489664
0.0597391
-0.00936697
0.100428
-0.00936697
0.100428
-0.00936697
0.100428
0.015633
0.087709
0.078133
0.00313303
0.078133
0.00313303
0.078133
0.00313303
0.0822997
0.043133
0.0447997
0.063133
0.00729969
0.118133
0.078133
0.00313303
0.0447997
0.063133
0.0447997
0.063133
0.0646338
0.043133
0.0646338
0.043133
0.0646338
0.043133
0.0300247
0.075633
0.0300247
0.075633
0.0300247
0.075633
0.0300247
0.075633
0.0300247
0.075633
0.100428
0.000475369
0.100428
0.000475369
0.100428
0.000475369
0.100428
0.000475369
0.100428
0.000475369
0.100428
0.000475369
0.100428
0.000475369
0.100428
0.000475369
0.100428
0.000475369
0.100428
0.000475369
8.02715e-06
0.100428
8.02715e-06
0.100428
8.02715e-06
0.100428
8.02715e-06
0.100428
8.02715e-06
0.100428
8.02715e-06
0.100428
8.02715e-06
0.100428
8.02715e-06
0.100428
-0.021867
0.100428
-0.021867
0.078133
8.02715e-06
0.078133
0.025008
0.078133
8.02715e-06
0.078133
8.02715e-06
0.078133
0.025008
0.078133
0.025008
0.078133
8.02715e-06
0.078133
8.02715e-06
0.078133
0.100428
-0.021867
0.100428
-0.021867
0.100428
-0.021867
0.100428
-0.021867
0.100428
-0.021867
0.100428
-0.021867
0.100428
-0.021867
0.100428
-0.021867
0.100428
0.000475369
0.100428
0.000475369
0.100428
0.000475369
0.100428
0.000475369
0.100428
0.000475369
0.000475369
0.100428
0.000475369
0.100428
0.000475369
0.100428
0.000475369
0.100428
0.000475369
0.100428
8.02715e-06
0.100428
8.02715e-06
0.100428
-0.021867
0.100428
8.02715e-06
0.100428
8.02715e-06
0.100428
8.02715e-06
0.100428
8.02715e-06
0.100428
8.02715e-06
0.100428
8.02715e-06
0.100428
0.00313303
0.0864664
0.025008
0.078133
0.025008
0.078133
0.025008
0.078133
0.025008
0.078133
0.025008
0.078133
0.025008
0.078133
0.025008
0.078133
0.025008
0.078133
0.100428
-0.0177003
0.100428
-0.0177003
0.100428
-0.0177003
0.100428
-0.0177003
0.100428
-0.00520031
0.100428
-0.0177003
0.100428
-0.0177003
0.100428
-0.0177003
0.100428
0.000475369
0.100428
0.000475369
0.100428
0.000475369
0.100428
0.000475369
0.100428
0.000475369
0.000475369
0.100428
0.000475369
0.100428
0.000475369
0.100428
0.000475369
0.100428
0.065633
0.0419422
0.065633
0.0419422
0.065633
0.0419422
0.065633
0.0419422
0.065633
0.0419422
0.0364664
0.0702278
0.0364664
0.0702278
0.0364664
0.0702278
0.0364664
0.0702278
0.0364664
0.0702278
0.093758
0.046883
0.093758
0.046883
0.062508
0.028133
0.093758
0.046883
0.093758
0.046883
0.093758
0.046883
0.018758
0.046883
0.018758
0.046883
0.062508
0.0177164
0.100428
-0.00311697
0.100428
-0.00311697
0.100428
-0.00311697
0.100428
-0.00936697
0.100428
-0.00936697
0.100428
-0.00936697
0.100428
-0.00936697
0.100428
-0.00936697
0.0597391
0.0489664
0.0597391
0.0489664
0.0597391
0.0489664
0.0597391
0.0489664
0.0597391
0.0489664
0.000475369
0.100428
0.065633
0.0419422
0.065633
0.0419422
0.065633
0.0419422
0.065633
0.0419422
0.065633
0.0419422
0.065633
0.0419422
0.065633
0.0419422
0.065633
0.0419422
0.065633
0.0419422
0.0364664
0.0702278
0.0322997
0.0737241
0.0322997
0.0737241
0.053133
0.0562428
0.031258
0.0572997
0.018758
0.078133
0.031258
0.0572997
0.018758
0.078133
0.053133
0.0822997
0.053133
0.0822997
0.053133
0.0822997
0.018758
0.078133
0.062508
0.015633
0.100428
-0.00936697
0.100428
-0.00936697
0.100428
-0.00936697
0.0597391
0.0489664
0.0597391
0.0489664
0.0597391
0.0489664
0.0597391
0.0489664
0.0597391
0.0489664
0.0419422
0.065633
0.0419422
0.065633
0.0419422
0.065633
0.0419422
0.065633
0.000475369
0.100428
0.100428
0.000475369
0.065633
0.0419422
0.065633
0.0419422
0.065633
0.0419422
0.065633
0.0419422
0.065633
0.0419422
0.065633
0.0419422
0.065633
0.0419422
0.065633
0.0419422
0.065633
0.0419422
0.0364664
0.0702278
0.0322997
0.0737241
0.0322997
0.0737241
0.068758
0.038218
0.068758
0.018758
0.018758
0.068758
0.068758
0.018758
0.068758
0.018758
0.068758
0.018758
0.018758
0.068758
0.068758
0.018758
0.068758
0.018758
0.018758
0.068758
0.0737241
0.0322997
0.0737241
0.0322997
0.0702278
0.0364664
0.0419422
0.065633
0.0419422
0.065633
0.0419422
0.065633
0.0419422
0.065633
0.0419422
0.065633
0.0300247
0.075633
0.0300247
0.075633
0.0300247
0.075633
0.0300247
0.075633
0.100428
0.000475369
0.100428
0.000475369
0.065633
0.0419422
0.065633
0.0419422
0.065633
0.0419422
0.065633
0.0419422
0.065633
0.0419422
0.065633
0.0419422
0.065633
0.0419422
0.065633
0.0419422
0.065633
0.0419422
0.065633
0.0419422
0.0322997
0.0737241
0.0322997
0.0737241
0.068758
0.038218
0.068758
0.00313303
0.018758
0.063133
0.068758
0.00313303
0.018758
0.063133
0.018758
0.063133
0.018758
0.063133
0.018758
0.063133
0.018758
0.063133
0.018758
0.063133
0.0646338
0.043133
0.0646338
0.043133
0.0646338
0.043133
0.0300247
0.075633
0.0300247
0.075633
0.0300247
0.075633
0.0300247
0.075633
0.0300247
0.075633
0.100428
0.000475369
0.100428
0.000475369
0.100428
0.000475369
0.100428
0.000475369
0.100428
0.000475369
0.100428
0.000475369
0.100428
0.000475369
0.100428
0.000475369
0.100428
0.000475369
0.100428
0.000475369
-0.021867
0.100428
-0.021867
0.100428
-0.021867
0.100428
-0.021867
0.100428
-0.021867
0.100428
-0.021867
0.100428
-0.021867
0.100428
-0.021867
0.100428
-0.021867
0.100428
-0.021867
0.078133
-0.021867
0.078133
-0.021867
0.078133
-0.021867
0.078133
0.00313303
0.078133
-0.021867
0.078133
-0.021867
0.078133
-0.021867
0.078133
-0.021867
0.078133
0.100428
-0.021867
0.100428
-0.021867
0.100428
-0.021867
0.100428
-0.021867
0.100428
-0.021867
0.100428
-0.021867
0.100428
-0.021867
0.100428
-0.021867
0.100428
0.000475369
0.100428
0.000475369
0.100428
0.000475369
0.100428
0.000475369
0.100428
0.000475369
0.000475369
0.100428
0.000475369
0.100428
0.000475369
0.100428
0.000475369
0.100428
0.000475369
0.100428
-0.021867
0.100428
-0.021867
0.100428
-0.021867
0.100428
-0.021867
0.100428
0.00313303
0.0981978
0.00313303
0.0981978
0.00313303
0.0981978
0.00313303
0.0981978
0.00313303
0.0981978
0.00313303
0.0864664
0.00313303
0.0864664
0.00313303
0.0864664
0.00313303
0.0864664
0.00313303
0.0864664
0.00313303
0.0864664
0.00313303
0.0864664
0.00313303
0.0864664
0.00313303
0.0864664
0.100428
-0.0177003
0.100428
-0.0177003
0.100428
-0.0177003
0.100428
-0.0177003
0.100428
-0.0177003
0.100428
-0.0177003
0.100428
-0.0177003
0.100428
-0.0177003
0.100428
0.000475369
0.100428
0.000475369
0.100428
0.000475369
0.100428
0.000475369
0.100428
0.000475369
0.100428
0.000475369
0.028133
0.0772203
0.028133
0.0772203
0.028133
0.0772203
0.000475369
0.100428
-0.021867
0.100428
0.0514664
0.0576413
0.0514664
0.0576413
0.0514664
0.0576413
0.0514664
0.0576413
0.043133
0.0646338
0.043133
0.0646338
0.043133
0.0646338
0.043133
0.0646338
0.043133
0.059383
0.043133
0.059383
0.043133
0.059383
0.043133
0.059383
0.043133
0.059383
0.043133
0.059383
0.043133
0.059383
0.043133
0.059383
0.068133
0.0177164
0.100428
-0.00311697
0.100428
-0.00936697
0.100428
-0.00936697
0.100428
-0.00936697
0.100428
-0.00311697
0.100428
-0.00936697
0.100428
-0.00936697
0.100428
-0.00936697
0.0597391
0.0489664
0.0597391
0.0489664
0.0597391
0.0489664
0.0597391
0.0489664
0.0597391
0.0489664
0.000475369
0.100428
0.075633
0.0300247
0.075633
0.0300247
0.075633
0.0300247
0.075633
0.0300247
0.075633
0.0300247
0.075633
0.0300247
0.075633
0.0300247
0.075633
0.0300247
0.075633
0.0300247
0.043133
0.0646338
0.043133
0.0646338
0.043133
0.0646338
0.063133
0.0449216
0.063133
0.0447997
0.063133
0.0447997
0.063133
0.0447997
0.063133
0.0447997
0.063133
0.0447997
0.063133
0.0447997
0.00313303
0.078133
0.015633
0.0572997
0.063133
0.0447997
0.100428
-0.00936697
0.100428
-0.00936697
0.100428
-0.00936697
0.0597391
0.0489664
0.0597391
0.0489664
0.0597391
0.0489664
0.0597391
0.0489664
0.0597391
0.0489664
0.0419422
0.065633
0.0419422
0.065633
0.0419422
0.065633
0.0419422
0.065633
0.000475369
0.100428
0.000475369
0.100428
0.075633
0.0300247
0.075633
0.0300247
0.075633
0.0300247
0.075633
0.0300247
0.075633
0.0300247
0.075633
0.0300247
0.075633
0.0300247
0.075633
0.0300247
0.075633
0.0300247
0.043133
0.0646338
0.043133
0.0646338
0.043133
0.0646338
0.063133
0.0449216
0.090633
0.031258
0.090633
0.031258
0.063133
0.018758
0.090633
0.031258
0.015633
0.106258
0.015633
0.106258
0.015633
0.031258
0.063133
0.018758
0.00313303
0.068758
0.0737241
0.0322997
0.0737241
0.0322997
0.0419422
0.065633
0.0419422
0.065633
0.0419422
0.065633
0.0419422
0.065633
0.0419422
0.065633
0.0419422
0.065633
0.0300247
0.075633
0.0300247
0.075633
0.0300247
0.075633
0.0300247
0.075633
0.0300247
0.075633
0.075633
0.0300247
0.075633
0.0300247
0.075633
0.0300247
0.075633
0.0300247
0.075633
0.0300247
0.075633
0.0300247
0.075633
0.0300247
0.075633
0.0300247
0.075633
0.0300247
0.075633
0.0300247
0.043133
0.0646338
0.043133
0.0646338
0.043133
0.0646338
0.063133
0.0449216
0.063133
0.00313303
0.090633
0.015633
0.063133
0.00313303
0.090633
0.015633
0.00313303
0.138133
0.00313303
0.063133
0.015633
0.090633
0.00313303
0.063133
0.00313303
0.063133
0.0646338
0.043133
0.0646338
0.043133
0.0646338
0.043133
0.0300247
0.075633
0.0300247
0.075633
0.0300247
0.075633
0.0300247
0.075633
0.0300247
0.075633
