0.633659
0.184324
0.633659
0.184324
0.633659
0.184324
0.633659
0.184324
0.547652
0.286824
0.334308
0.507808
0.184324
0.633659
0.184324
0.633659
0.184324
0.633659
0.184324
0.633659
0.184324
0.633659
0.0893239
0.713374
0.0893239
0.713374
0.0893239
0.713374
0.0893239
0.713374
0.00682387
0.775866
0.00682387
0.775866
0.00682387
0.775866
-0.00567613
0.650507
0.00557387
0.0480739
-0.000676131
-0.000676131
0.00557387
0.0480739
-0.000676131
-0.000676131
-0.000676131
-0.000676131
-0.000676131
-0.000676131
-0.00567613
0.0480739
-0.00567613
0.00682387
0.299324
-0.00567613
0.775866
0.00682387
0.775866
0.00682387
0.775866
0.00682387
0.713374
0.0893239
0.713374
0.0893239
0.713374
0.0893239
0.713374
0.0893239
0.633659
0.184324
0.782674
-0.00496756
0.782674
-0.00496756
0.782674
-0.00496756
0.782674
-0.00496756
0.751833
0.0434905
0.334308
0.520308
0.0325487
0.773514
-0.00496756
0.795174
-0.00496756
0.795174
-0.00496756
0.795174
-0.00567613
0.795174
-0.00567613
0.795174
-0.00567613
0.795174
-0.00567613
0.795174
0.00682387
0.788366
0.00682387
0.788366
0.00682387
0.788366
0.00682387
0.788366
-0.00567613
0.650507
-0.00567613
0.349324
-0.00567613
0.214324
0.000573869
0.331824
-0.00567613
0.204324
0.000573869
0.313074
-0.00567613
0.204324
-0.00567613
0.204324
-0.00567613
0.319324
0.187657
0.144324
0.782674
-0.00567613
0.782674
-0.00567613
0.782674
-0.00567613
0.782674
-0.00567613
0.782674
-0.00567613
0.782674
-0.00567613
0.782674
-0.00567613
0.782674
-0.00567613
0.72596
0.0743239
0.72596
0.0743239
0.72596
0.0743239
0.72596
0.0743239
0.671419
0.139324
0.334308
0.520308
0.0325487
0.773514
-0.00496756
0.795174
-0.00496756
0.795174
-0.00496756
0.795174
0.184324
0.646159
0.0893239
0.725874
0.0893239
0.725874
0.00682387
0.788366
0.00682387
0.788366
0.00682387
0.788366
0.00682387
0.788366
0.00682387
0.788366
-0.00567613
0.650507
0.00557387
0.166824
-0.00567613
0.104324
-0.000676131
0.0993239
-0.00567613
0.163074
0.00682387
0.0943239
-0.00567613
0.114324
-0.00567613
0.104324
-0.00567613
0.104324
0.191824
0.150574
0.782674
-0.00567613
0.782674
-0.00567613
0.782674
-0.00567613
0.782674
-0.00567613
0.782674
-0.00567613
0.782674
-0.00567613
0.72596
0.0743239
0.72596
0.0743239
0.69799
0.107657
0.69799
0.107657
0.69799
0.107657
0.69799
0.107657
0.635058
0.182657
0.334308
0.520308
0.0325487
0.773514
0.184324
0.646159
0.184324
0.646159
0.184324
0.646159
0.184324
0.646159
0.0893239
0.725874
0.0893239
0.725874
0.0893239
0.725874
0.00682387
0.788366
0.00682387
0.788366
0.00682387
0.788366
0.00682387
0.788366
-0.00567613
0.650507
-0.00567613
0.140991
-0.00567613
0.110991
-0.000676131
0.0847405
-0.000676131
0.0659905
0.000573869
0.104741
-0.00567613
0.129741
-0.000676131
0.0659905
-0.000676131
0.0659905
0.0993239
0.128491
0.782674
-0.00567613
0.782674
-0.00567613
0.782674
-0.00567613
0.782674
-0.00567613
0.782674
-0.00567613
0.782674
-0.00567613
0.782674
-0.00567613
0.782674
-0.00567613
0.684005
0.124324
0.684005
0.124324
0.684005
0.124324
0.684005
0.124324
0.613206
0.208699
0.334308
0.520308
0.184324
0.646159
0.184324
0.646159
0.184324
0.646159
0.184324
0.646159
0.184324
0.646159
0.0893239
0.725874
0.0893239
0.725874
0.0893239
0.725874
0.00682387
0.788366
0.00682387
0.788366
0.00682387
0.788366
0.00682387
0.788366
-0.00567613
0.650507
0.00557387
0.0949489
-0.000676131
0.0593239
-0.000676131
0.0593239
-0.000676131
0.0493239
0.00682387
0.0543239
-0.000676131
0.0493239
-0.000676131
0.0493239
-0.000676131
0.0493239
-0.000676131
0.0680739
0.77334
0.0111989
0.77334
0.0111989
0.77334
0.0111989
0.77334
0.0111989
0.77334
0.0111989
0.77334
0.0111989
0.77334
0.0111989
0.77334
0.0111989
0.675614
0.134324
0.675614
0.134324
0.675614
0.134324
0.675614
0.134324
0.600095
0.224324
0.334308
0.520308
0.184324
0.646159
0.184324
0.646159
0.184324
0.646159
0.184324
0.646159
0.184324
0.646159
0.0893239
0.725874
0.0893239
0.725874
0.0893239
0.725874
0.00682387
0.788366
0.00682387
0.788366
0.00682387
0.788366
0.00682387
0.788366
-0.00567613
0.650507
-0.00567613
0.0793239
-0.000676131
0.0393239
-0.000676131
0.0393239
-0.000676131
0.0393239
0.00682387
0.0380739
0.0668239
0.0530739
-0.000676131
0.0393239
-0.000676131
0.0393239
0.194324
0.0643239
0.782674
-0.00567613
0.764319
0.0268239
0.764319
0.0268239
0.764319
0.0268239
0.764319
0.0268239
0.764319
0.0268239
0.764319
0.0268239
0.764319
0.0268239
0.795174
-0.00496756
0.795174
-0.00496756
0.795174
-0.00496756
0.795174
-0.00496756
0.773514
0.0325487
0.334308
0.507808
0.0325487
0.761014
-0.00496756
0.782674
-0.00496756
0.782674
-0.00496756
0.782674
-0.00567613
0.782674
-0.00567613
0.782674
-0.00567613
0.782674
-0.00567613
0.782674
-0.00567613
0.782674
-0.00567613
0.782674
-0.00567613
0.782674
-0.00567613
0.782674
0.144324
0.551723
0.313074
0.0255739
0.199324
-0.000676131
0.204324
-0.00567613
0.204324
-0.00567613
0.204324
-0.00567613
0.204324
-0.00567613
0.204324
-0.00567613
0.194324
0.00682387
0.276824
-0.00567613
0.788366
0.00682387
0.788366
0.00682387
0.788366
0.00682387
0.788366
0.00682387
0.795174
-0.00567613
0.795174
-0.00567613
0.795174
-0.00567613
0.795174
-0.00567613
0.795174
-0.00496756
0.764333
0.0434905
0.764333
0.0434905
0.764333
0.0434905
0.764333
0.0434905
0.334308
0.520308
0.0434905
0.764333
0.0434905
0.764333
0.0434905
0.764333
-0.00496756
0.795174
-0.00567613
0.795174
-0.00567613
0.795174
-0.00567613
0.795174
-0.00567613
0.795174
-0.00567613
0.795174
-0.00567613
0.795174
-0.00567613
0.795174
-0.00567613
0.795174
0.144324
0.551723
0.338074
0.116824
0.338074
0.0743239
0.0743239
0.214324
0.338074
0.136824
0.313074
0.343074
0.118074
0.325574
0.194324
0.338074
0.316824
0.343074
0.0476572
0.144324
0.795174
-0.00567613
0.795174
-0.00567613
0.795174
-0.00567613
0.795174
-0.00567613
0.795174
-0.00567613
0.795174
-0.00567613
0.795174
-0.00567613
0.795174
-0.00567613
0.795174
-0.00496756
0.795174
-0.00496756
0.795174
-0.00496756
0.795174
-0.00496756
0.773514
0.0325487
0.334308
0.520308
0.0434905
0.764333
-0.00496756
0.795174
-0.00496756
0.795174
-0.00496756
0.795174
-0.00567613
0.795174
-0.00567613
0.795174
-0.00567613
0.795174
-0.00567613
0.795174
-0.00567613
0.795174
-0.00567613
0.795174
-0.00567613
0.795174
-0.00567613
0.795174
0.144324
0.551723
0.338074
0.104324
0.338074
0.0505739
0.144324
0.104324
0.338074
0.0543239
0.338074
0.124324
0.114324
0.154324
0.114324
0.154324
0.118074
0.154324
0.114324
0.150574
0.795174
-0.00567613
0.795174
-0.00567613
0.795174
-0.00567613
0.795174
-0.00567613
0.776097
0.0280739
0.776097
0.0280739
0.795174
-0.00567613
0.795174
-0.00567613
0.795174
-0.00496756
0.795174
-0.00496756
0.795174
-0.00496756
0.795174
-0.00496756
0.773514
0.0325487
0.334308
0.520308
0.0325487
0.773514
-0.00496756
0.795174
-0.00496756
0.795174
-0.00496756
0.795174
-0.00567613
0.795174
-0.00567613
0.795174
-0.00567613
0.795174
-0.00567613
0.795174
-0.00567613
0.795174
-0.00567613
0.795174
-0.00567613
0.795174
-0.00567613
0.795174
0.144324
0.551723
0.338074
0.0209905
0.338074
0.117241
0.135574
0.0797405
0.338074
0.0984905
0.338074
0.128491
0.116824
0.0984905
0.214324
0.0909905
0.306824
0.110991
0.204324
0.128491
0.795174
-0.00567613
0.795174
-0.00567613
0.795174
-0.00567613
0.795174
-0.00567613
0.795174
-0.00567613
0.795174
-0.00567613
0.795174
-0.00567613
0.795174
-0.00567613
0.795174
-0.00496756
0.795174
-0.00496756
0.795174
-0.00496756
0.795174
-0.00496756
0.773514
0.0325487
0.334308
0.520308
0.0325487
0.773514
-0.00496756
0.795174
-0.00496756
0.795174
-0.00496756
0.795174
-0.00567613
0.795174
-0.00567613
0.795174
-0.00567613
0.795174
-0.00567613
0.795174
-0.00567613
0.795174
-0.00567613
0.795174
-0.00567613
0.795174
-0.00567613
0.795174
0.144324
0.551723
0.338074
0.0324489
0.338074
0.0743239
0.338074
0.0724489
0.343074
0.0786989
0.338074
0.0480739
0.194324
0.114949
0.323074
0.0630739
0.338074
0.0543239
0.199324
0.0680739
0.795174
-0.00567613
0.78584
0.0111989
0.78584
0.0111989
0.78584
0.0111989
0.795174
-0.00567613
0.795174
-0.00567613
0.795174
-0.00567613
0.795174
-0.00567613
0.795174
-0.00496756
0.795174
-0.00496756
0.795174
-0.00496756
0.795174
-0.00496756
0.773514
0.0325487
0.334308
0.520308
0.0325487
0.773514
-0.00496756
0.795174
-0.00496756
0.795174
-0.00496756
0.795174
-0.00567613
0.795174
-0.00567613
0.795174
-0.00567613
0.795174
-0.00567613
0.795174
-0.00567613
0.795174
-0.00567613
0.795174
-0.00567613
0.795174
-0.00567613
0.795174
0.144324
0.551723
0.338074
0.0468239
0.338074
0.0268239
0.214324
0.0868239
0.338074
0.0468239
0.338074
0.0468239
0.229324
0.0693239
0.323074
0.0630739
0.214324
0.0668239
0.204324
0.0643239
0.795174
-0.00567613
0.795174
-0.00567613
0.776819
0.0268239
0.795174
-0.00567613
0.795174
-0.00567613
0.795174
-0.00567613
0.795174
-0.00567613
0.795174
-0.00567613
0.795174
-0.00496756
0.795174
-0.00496756
0.795174
-0.00496756
0.795174
-0.00496756
0.773514
0.0325487
0.334308
0.507808
0.0743239
0.72596
0.0743239
0.72596
0.0743239
0.72596
0.0743239
0.72596
0.0743239
0.72596
0.0743239
0.72596
-0.00567613
0.782674
-0.00567613
0.782674
-0.00567613
0.782674
-0.00567613
0.782674
-0.00567613
0.782674
-0.00567613
0.782674
0.150574
0.546479
0.0993239
0.0105739
0.0993239
-0.000676131
0.104324
-0.00567613
0.104324
-0.00567613
0.104324
-0.00567613
0.104324
-0.00567613
0.104324
-0.00567613
0.0943239
0.00682387
0.249324
-0.00567613
0.788366
0.00682387
0.788366
0.00682387
0.788366
0.00682387
0.788366
0.00682387
0.788366
0.00682387
0.725874
0.0893239
0.725874
0.0893239
0.646159
0.184324
0.795174
-0.00496756
0.795174
-0.00496756
0.795174
-0.00496756
0.764333
0.0434905
0.764333
0.0434905
0.334308
0.520308
0.0325487
0.773514
-0.00496756
0.795174
-0.00496756
0.795174
-0.00496756
0.795174
-0.00567613
0.795174
-0.00567613
0.795174
0.0280739
0.776097
0.0280739
0.776097
-0.00567613
0.795174
-0.00567613
0.795174
-0.00567613
0.795174
-0.00567613
0.795174
0.150574
0.546479
0.109324
0.218074
0.0493239
0.338074
0.150574
0.214324
0.0943239
0.338074
0.0193239
0.338074
0.150574
0.338074
0.0505739
0.338074
0.156824
0.343074
0.102657
0.144324
0.795174
-0.00567613
0.795174
-0.00567613
0.795174
-0.00567613
0.795174
-0.00567613
0.795174
-0.00567613
0.795174
-0.00567613
0.795174
-0.00567613
0.795174
-0.00567613
0.73846
0.0743239
0.73846
0.0743239
0.73846
0.0743239
0.73846
0.0743239
0.691261
0.130574
0.334308
0.520308
0.0743239
0.73846
0.0743239
0.73846
0.0743239
0.73846
0.0743239
0.73846
0.0743239
0.73846
0.0743239
0.73846
0.0280739
0.776097
-0.00567613
0.795174
-0.00567613
0.795174
-0.00567613
0.795174
-0.00567613
0.795174
-0.00567613
0.795174
0.150574
0.546479
0.109324
0.118074
0.150574
0.123074
0.0805739
0.181824
0.150574
0.123074
0.163074
0.150574
0.104324
0.154324
0.104324
0.154324
0.0543239
0.0543239
0.138074
0.150574
0.795174
-0.00567613
0.795174
-0.00567613
0.795174
-0.00567613
0.795174
-0.00567613
0.795174
-0.00567613
0.776097
0.0280739
0.73846
0.0743239
0.73846
0.0743239
0.71049
0.107657
0.71049
0.107657
0.71049
0.107657
0.71049
0.107657
0.773514
0.0325487
0.334308
0.520308
0.0743239
0.73846
0.0743239
0.73846
0.0743239
0.73846
0.0743239
0.73846
0.0743239
0.73846
0.0743239
0.73846
-0.00567613
0.795174
-0.00567613
0.795174
-0.00567613
0.795174
-0.00567613
0.795174
-0.00567613
0.795174
-0.00567613
0.795174
0.150574
0.546479
0.123074
0.117241
0.154324
0.120991
0.150574
0.0897405
0.150574
0.140991
0.108074
0.128491
0.150574
0.129741
0.0980739
0.140991
0.150574
0.140991
0.104324
0.128491
0.795174
-0.00567613
0.795174
-0.00567613
0.795174
-0.00567613
0.795174
-0.00567613
0.795174
-0.00567613
0.795174
-0.00567613
0.795174
-0.00567613
0.795174
-0.00567613
0.696505
0.124324
0.696505
0.124324
0.696505
0.124324
0.795174
-0.00496756
0.773514
0.0325487
0.334308
0.520308
0.0743239
0.73846
0.0743239
0.73846
0.0743239
0.73846
0.0743239
0.73846
0.0743239
0.73846
0.0743239
0.73846
-0.00567613
0.795174
-0.00567613
0.795174
-0.00567613
0.795174
-0.00567613
0.795174
-0.00567613
0.795174
-0.00567613
0.795174
0.150574
0.546479
0.104324
0.0824489
0.173074
0.0824489
0.124324
0.103699
0.123074
0.0911989
0.124324
0.114949
0.104324
0.114949
0.124324
0.0886989
0.0943239
0.0886989
0.0993239
0.0680739
0.78584
0.0111989
0.78584
0.0111989
0.78584
0.0111989
0.78584
0.0111989
0.78584
0.0111989
0.78584
0.0111989
0.78584
0.0111989
0.78584
0.0111989
0.688114
0.134324
0.688114
0.134324
0.795174
-0.00496756
0.795174
-0.00496756
0.773514
0.0325487
0.334308
0.520308
0.0743239
0.73846
0.0743239
0.73846
0.0743239
0.73846
0.0743239
0.73846
0.0743239
0.73846
0.0743239
0.73846
-0.00567613
0.795174
-0.00567613
0.795174
-0.00567613
0.795174
-0.00567613
0.795174
-0.00567613
0.795174
-0.00567613
0.795174
0.150574
0.546479
0.175574
0.0668239
0.173074
0.0755739
0.114324
0.0868239
0.124324
0.0793239
0.0943239
0.0993239
0.0943239
0.0993239
0.0943239
0.0693239
0.114324
0.0668239
0.138074
0.0643239
0.795174
-0.00567613
0.776819
0.0268239
0.776819
0.0268239
0.776819
0.0268239
0.776819
0.0268239
0.776819
0.0268239
0.776819
0.0268239
0.776819
0.0268239
0.646159
0.184324
0.646159
0.184324
0.646159
0.184324
0.795174
-0.00496756
0.773514
0.0325487
0.334308
0.507808
0.107657
0.69799
0.107657
0.69799
0.107657
0.69799
0.107657
0.69799
-0.00567613
0.782674
-0.00567613
0.782674
-0.00567613
0.782674
-0.00567613
0.782674
-0.00567613
0.782674
-0.00567613
0.782674
-0.00567613
0.782674
-0.00567613
0.782674
0.128491
0.596231
0.0659905
0.0105739
0.0659905
-0.000676131
0.0659905
-0.000676131
0.0659905
-0.000676131
0.0659905
-0.000676131
0.0659905
-0.000676131
0.0709905
-0.00567613
0.0609905
0.00682387
0.261824
-0.00567613
0.788366
0.00682387
0.788366
0.00682387
0.788366
0.00682387
0.788366
0.00682387
0.725874
0.0893239
0.725874
0.0893239
0.725874
0.0893239
0.646159
0.184324
0.795174
-0.00496756
0.795174
-0.00496756
0.795174
-0.00496756
0.795174
-0.00496756
0.764333
0.0434905
0.334308
0.520308
0.0325487
0.773514
-0.00496756
0.795174
-0.00496756
0.795174
-0.00496756
0.795174
-0.00567613
0.795174
-0.00567613
0.795174
-0.00567613
0.795174
-0.00567613
0.795174
-0.00567613
0.795174
-0.00567613
0.795174
-0.00567613
0.795174
-0.00567613
0.795174
0.128491
0.596231
0.129741
0.213074
0.104741
0.343074
0.108491
0.214324
0.134741
0.343074
0.128491
0.338074
0.0109905
0.338074
0.0318239
0.338074
0.104741
0.343074
0.127657
0.144324
0.795174
-0.00567613
0.795174
-0.00567613
0.795174
-0.00567613
0.795174
-0.00567613
0.795174
-0.00567613
0.795174
-0.00567613
0.795174
-0.00567613
0.795174
-0.00567613
0.73846
0.0743239
0.73846
0.0743239
0.73846
0.0743239
0.73846
0.0743239
0.683919
0.139324
0.334308
0.520308
0.107657
0.71049
0.107657
0.71049
0.107657
0.71049
0.107657
0.71049
-0.00567613
0.795174
-0.00567613
0.795174
-0.00567613
0.795174
-0.00567613
0.795174
-0.00567613
0.795174
-0.00567613
0.795174
-0.00567613
0.795174
-0.00567613
0.795174
0.128491
0.596231
0.102241
0.123074
0.110991
0.154324
0.0984905
0.114324
0.117241
0.123074
0.129741
0.124324
0.140991
0.104324
0.100991
0.154324
0.0709905
0.150574
0.152657
0.150574
0.795174
-0.00567613
0.795174
-0.00567613
0.795174
-0.00567613
0.795174
-0.00567613
0.795174
-0.00567613
0.795174
-0.00567613
0.73846
0.0743239
0.73846
0.0743239
0.71049
0.107657
0.71049
0.107657
0.71049
0.107657
0.71049
0.107657
0.647558
0.182657
0.334308
0.520308
0.107657
0.71049
0.107657
0.71049
0.107657
0.71049
0.107657
0.71049
-0.00567613
0.795174
-0.00567613
0.795174
-0.00567613
0.795174
-0.00567613
0.795174
-0.00567613
0.795174
-0.00567613
0.795174
-0.00567613
0.795174
-0.00567613
0.795174
0.128491
0.596231
0.102241
0.129741
0.134741
0.114741
0.123491
0.134741
0.102241
0.140991
0.108491
0.134741
0.134741
0.123491
0.114741
0.0984905
0.0709905
0.0984905
0.0709905
0.128491
0.795174
-0.00567613
0.795174
-0.00567613
0.795174
-0.00567613
0.795174
-0.00567613
0.795174
-0.00567613
0.795174
-0.00567613
0.795174
-0.00567613
0.795174
-0.00567613
0.696505
0.124324
0.696505
0.124324
0.696505
0.124324
0.696505
0.124324
0.625706
0.208699
0.334308
0.520308
0.107657
0.71049
0.107657
0.71049
0.107657
0.71049
0.107657
0.71049
-0.00567613
0.795174
-0.00567613
0.795174
-0.00567613
0.795174
-0.00567613
0.795174
-0.00567613
0.795174
-0.00567613
0.795174
-0.00567613
0.795174
-0.00567613
0.795174
0.128491
0.596231
0.129741
0.0911989
0.140991
0.0743239
0.114741
0.0443239
0.134741
0.0886989
0.129741
0.0743239
0.0609905
0.114949
0.114741
0.0543239
0.0609905
0.0886989
0.0659905
0.0680739
0.78584
0.0111989
0.78584
0.0111989
0.78584
0.0111989
0.78584
0.0111989
0.78584
0.0111989
0.78584
0.0111989
0.78584
0.0111989
0.78584
0.0111989
0.688114
0.134324
0.688114
0.134324
0.688114
0.134324
0.688114
0.134324
0.773514
0.0325487
0.334308
0.520308
0.107657
0.71049
0.107657
0.71049
0.107657
0.71049
0.107657
0.71049
-0.00567613
0.795174
-0.00567613
0.795174
-0.00567613
0.795174
-0.00567613
0.795174
-0.00567613
0.795174
-0.00567613
0.795174
-0.00567613
0.795174
-0.00567613
0.795174
0.128491
0.596231
0.129741
0.0755739
0.104741
0.0818239
0.134741
0.0818239
0.0897405
0.0868239
0.129741
0.0668239
0.108491
0.0630739
0.114741
0.0868239
0.0609905
0.0993239
0.156824
0.0643239
0.795174
-0.00567613
0.776819
0.0268239
0.776819
0.0268239
0.776819
0.0268239
0.776819
0.0268239
0.776819
0.0268239
0.776819
0.0268239
0.776819
0.0268239
0.646159
0.184324
0.646159
0.184324
0.646159
0.184324
0.646159
0.184324
0.773514
0.0325487
0.334308
0.507808
0.124324
0.684005
0.124324
0.684005
0.124324
0.684005
0.124324
0.684005
0.0111989
0.77334
0.0111989
0.77334
0.0111989
0.77334
0.0111989
0.77334
0.0111989
0.77334
0.0111989
0.77334
0.0111989
0.77334
0.0111989
0.77334
0.0680739
0.572116
0.0493239
0.0105739
0.0493239
-0.000676131
0.0493239
-0.000676131
0.0493239
-0.000676131
0.0493239
-0.000676131
0.0493239
-0.000676131
0.0443239
0.0480739
0.0443239
0.00682387
0.271199
-0.00567613
0.788366
0.00682387
0.788366
0.00682387
0.788366
0.00682387
0.788366
0.00682387
0.725874
0.0893239
0.725874
0.0893239
0.725874
0.0893239
0.646159
0.184324
0.795174
-0.00496756
0.795174
-0.00496756
0.795174
-0.00496756
0.795174
-0.00496756
0.764333
0.0434905
0.334308
0.520308
0.0325487
0.773514
-0.00496756
0.795174
-0.00496756
0.795174
-0.00496756
0.795174
-0.00567613
0.795174
-0.00567613
0.795174
-0.00567613
0.795174
-0.00567613
0.795174
0.0111989
0.78584
0.0111989
0.78584
0.0111989
0.78584
-0.00567613
0.795174
0.0680739
0.572116
0.0793239
0.229324
0.0786989
0.343074
0.0743239
0.214324
0.0724489
0.338074
0.0786989
0.343074
0.0724489
0.338074
0.0724489
0.338074
0.0786989
0.343074
0.140157
0.144324
0.795174
-0.00567613
0.795174
-0.00567613
0.795174
-0.00567613
0.795174
-0.00567613
0.795174
-0.00567613
0.795174
-0.00567613
0.795174
-0.00567613
0.795174
-0.00567613
0.73846
0.0743239
0.73846
0.0743239
0.73846
0.0743239
0.73846
0.0743239
0.683919
0.139324
0.334308
0.520308
0.0325487
0.773514
0.124324
0.696505
0.124324
0.696505
0.124324
0.696505
0.0111989
0.78584
0.0111989
0.78584
0.0111989
0.78584
0.0111989
0.78584
0.0111989
0.78584
0.0111989
0.78584
0.0111989
0.78584
0.0111989
0.78584
0.0680739
0.572116
0.0724489
0.108074
0.0493239
0.0993239
0.114949
0.124324
0.0849489
0.124324
0.0849489
0.124324
0.0886989
0.124324
0.0224489
0.104324
0.0224489
0.104324
0.159949
0.150574
0.795174
-0.00567613
0.795174
-0.00567613
0.795174
-0.00567613
0.795174
-0.00567613
0.795174
-0.00567613
0.795174
-0.00567613
0.73846
0.0743239
0.73846
0.0743239
0.71049
0.107657
0.71049
0.107657
0.71049
0.107657
0.71049
0.107657
0.647558
0.182657
0.334308
0.520308
0.124324
0.696505
0.124324
0.696505
0.124324
0.696505
0.124324
0.696505
0.0111989
0.78584
0.0111989
0.78584
0.0111989
0.78584
0.0111989
0.78584
0.0111989
0.78584
0.0111989
0.78584
0.0111989
0.78584
0.0111989
0.78584
0.0680739
0.572116
0.0761989
0.100991
0.0786989
0.114741
0.0480739
0.129741
0.102449
0.140991
0.0886989
0.134741
0.0886989
0.114741
0.0743239
0.140991
0.0443239
0.110991
0.0711989
0.128491
0.795174
-0.00567613
0.795174
-0.00567613
0.795174
-0.00567613
0.795174
-0.00567613
0.795174
-0.00567613
0.795174
-0.00567613
0.795174
-0.00567613
0.795174
-0.00567613
0.696505
0.124324
0.696505
0.124324
0.696505
0.124324
0.696505
0.124324
0.625706
0.208699
0.334308
0.520308
0.124324
0.696505
0.124324
0.696505
0.124324
0.696505
0.124324
0.696505
0.0111989
0.78584
0.0111989
0.78584
0.0111989
0.78584
0.0111989
0.78584
0.0111989
0.78584
0.0111989
0.78584
0.0111989
0.78584
0.0111989
0.78584
0.0680739
0.572116
0.0824489
0.0974489
0.0493239
0.0680739
0.114949
0.0443239
0.0493239
0.0793239
0.0786989
0.108699
0.0443239
0.114949
0.0786989
0.0786989
0.0443239
0.0849489
0.0493239
0.0680739
0.78584
0.0111989
0.78584
0.0111989
0.78584
0.0111989
0.78584
0.0111989
0.78584
0.0111989
0.78584
0.0111989
0.78584
0.0111989
0.78584
0.0111989
0.688114
0.134324
0.688114
0.134324
0.688114
0.134324
0.688114
0.134324
0.612595
0.224324
0.334308
0.520308
0.124324
0.696505
0.124324
0.696505
0.124324
0.696505
0.124324
0.696505
0.0111989
0.78584
0.0111989
0.78584
0.0111989
0.78584
0.0111989
0.78584
0.0111989
0.78584
0.0111989
0.78584
0.0111989
0.78584
0.0111989
0.78584
0.0680739
0.572116
0.0824489
0.0818239
0.0786989
0.0668239
0.0480739
0.0880739
0.0743239
0.0793239
0.0493239
0.0693239
0.0886989
0.0730739
0.0680739
0.0693239
0.0443239
0.0880739
0.166199
0.0643239
0.795174
-0.00567613
0.776819
0.0268239
0.776819
0.0268239
0.776819
0.0268239
0.776819
0.0268239
0.776819
0.0268239
0.776819
0.0268239
0.776819
0.0268239
0.646159
0.184324
0.646159
0.184324
0.646159
0.184324
0.646159
0.184324
0.773514
0.0325487
0.334308
0.507808
0.134324
0.675614
0.134324
0.675614
0.134324
0.675614
0.134324
0.675614
0.0268239
0.764319
0.0268239
0.764319
0.0268239
0.764319
0.0268239
0.764319
0.0268239
0.764319
0.0268239
0.764319
0.0268239
0.764319
-0.00567613
0.782674
0.0630739
0.6199
0.0393239
0.0105739
0.0393239
-0.000676131
0.0393239
-0.000676131
0.0393239
-0.000676131
0.0393239
-0.000676131
0.0393239
-0.000676131
0.0343239
0.0480739
0.0343239
0.00682387
0.276824
-0.00567613
0.788366
0.00682387
0.788366
0.00682387
0.788366
0.00682387
0.788366
0.00682387
0.725874
0.0893239
0.725874
0.0893239
0.725874
0.0893239
0.646159
0.184324
0.795174
-0.00496756
0.795174
-0.00496756
0.795174
-0.00496756
0.795174
-0.00496756
0.764333
0.0434905
0.334308
0.520308
0.0325487
0.773514
-0.00496756
0.795174
-0.00496756
0.795174
-0.00496756
0.795174
-0.00567613
0.795174
-0.00567613
0.795174
-0.00567613
0.795174
-0.00567613
0.795174
-0.00567613
0.795174
0.0268239
0.776819
-0.00567613
0.795174
-0.00567613
0.795174
0.0630739
0.6199
0.0818239
0.343074
0.0818239
0.343074
0.0580739
0.218074
0.0868239
0.338074
0.0630739
0.343074
0.0355739
0.338074
0.00432387
0.338074
0.0630739
0.343074
0.147657
0.144324
0.795174
-0.00567613
0.795174
-0.00567613
0.795174
-0.00567613
0.795174
-0.00567613
0.795174
-0.00567613
0.795174
-0.00567613
0.795174
-0.00567613
0.795174
-0.00567613
0.73846
0.0743239
0.73846
0.0743239
0.73846
0.0743239
0.73846
0.0743239
0.683919
0.139324
0.334308
0.520308
0.0325487
0.773514
-0.00496756
0.795174
0.134324
0.688114
0.134324
0.688114
0.0268239
0.776819
0.0268239
0.776819
0.0268239
0.776819
0.0268239
0.776819
0.0268239
0.776819
0.0268239
0.776819
0.0268239
0.776819
-0.00567613
0.795174
0.0630739
0.6199
0.0793239
0.124324
0.0755739
0.123074
0.0693239
0.124324
0.0693239
0.124324
0.0630739
0.156824
0.0880739
0.124324
0.0168239
0.104324
0.0168239
0.163074
0.164324
0.150574
0.795174
-0.00567613
0.795174
-0.00567613
0.795174
-0.00567613
0.795174
-0.00567613
0.795174
-0.00567613
0.795174
-0.00567613
0.73846
0.0743239
0.73846
0.0743239
0.71049
0.107657
0.71049
0.107657
0.71049
0.107657
0.71049
0.107657
0.647558
0.182657
0.334308
0.520308
0.134324
0.688114
0.134324
0.688114
0.134324
0.688114
0.134324
0.688114
0.0268239
0.776819
0.0268239
0.776819
0.0268239
0.776819
0.0268239
0.776819
0.0268239
0.776819
0.0268239
0.776819
0.0268239
0.776819
-0.00567613
0.795174
0.0630739
0.6199
0.0730739
0.114741
0.0868239
0.0747405
0.0668239
0.104741
0.0630739
0.134741
0.0630739
0.134741
0.0930739
0.134741
0.0343239
0.114741
0.0393239
0.0959905
0.0768239
0.128491
0.795174
-0.00567613
0.795174
-0.00567613
0.795174
-0.00567613
0.795174
-0.00567613
0.795174
-0.00567613
0.795174
-0.00567613
0.795174
-0.00567613
0.795174
-0.00567613
0.696505
0.124324
0.696505
0.124324
0.696505
0.124324
0.696505
0.124324
0.625706
0.208699
0.334308
0.520308
0.134324
0.688114
0.134324
0.688114
0.134324
0.688114
0.134324
0.688114
0.0268239
0.776819
0.0268239
0.776819
0.0268239
0.776819
0.0268239
0.776819
0.0268239
0.776819
0.0268239
0.776819
0.0268239
0.776819
-0.00567613
0.795174
0.0630739
0.6199
0.0730739
0.0543239
0.0630739
0.0974489
0.0693239
0.0443239
0.0393239
0.0793239
0.0730739
0.0743239
0.0343239
0.114949
0.0668239
0.0786989
0.0393239
0.0793239
0.0393239
0.0680739
0.78584
0.0111989
0.78584
0.0111989
0.78584
0.0111989
0.78584
0.0111989
0.78584
0.0111989
0.78584
0.0111989
0.78584
0.0111989
0.78584
0.0111989
0.688114
0.134324
0.688114
0.134324
0.688114
0.134324
0.688114
0.134324
0.612595
0.224324
0.334308
0.520308
0.134324
0.688114
0.134324
0.688114
0.134324
0.688114
0.134324
0.688114
0.0268239
0.776819
0.0268239
0.776819
0.0268239
0.776819
0.0268239
0.776819
0.0268239
0.776819
0.0268239
0.776819
0.0268239
0.776819
-0.00567613
0.795174
0.0630739
0.6199
0.0993239
0.0443239
0.0630739
0.0930739
0.0643239
0.0880739
0.0630739
0.0630739
0.0630739
0.0668239
0.0630739
0.0668239
0.0393239
0.0493239
0.0630739
0.0630739
0.171824
0.0643239
0.795174
-0.00567613
0.776819
0.0268239
0.776819
0.0268239
0.776819
0.0268239
0.776819
0.0268239
0.776819
0.0268239
0.776819
0.0268239
0.776819
0.0268239
