0.633112
0.184954
0.633112
0.184954
0.633112
0.184954
0.633112
0.184954
0.547104
0.287454
0.334297
0.507797
0.184954
0.633112
0.184954
0.633112
0.184954
0.633112
0.184954
0.633112
0.184954
0.633112
0.0899535
0.712826
0.0899535
0.712826
0.0899535
0.712826
0.0899535
0.712826
0.00745354
0.775323
0.00745354
0.775323
0.00745354
0.775323
-0.00504646
0.650345
0.0112035
-4.64633e-05
-0.00504646
0.0324535
-4.64633e-05
-4.64633e-05
-4.64633e-05
-4.64633e-05
0.00120354
0.00120354
-4.64633e-05
-4.64633e-05
-4.64633e-05
-4.64633e-05
-0.00504646
0.00745354
0.299954
-0.00504646
0.775323
0.00745354
0.775323
0.00745354
0.775323
0.00745354
0.712826
0.0899535
0.712826
0.0899535
0.712826
0.0899535
0.712826
0.0899535
0.633112
0.184954
0.782512
-0.00499777
0.782512
-0.00499777
0.782512
-0.00499777
0.782512
-0.00499777
0.751285
0.0441202
0.334297
0.520297
0.0331594
0.772982
-0.00499777
0.795012
-0.00499777
0.795012
-0.00499777
0.795012
-0.00504646
0.795012
-0.00504646
0.795012
-0.00504646
0.795012
-0.00504646
0.795012
0.00745354
0.787823
0.00745354
0.787823
0.00745354
0.787823
0.00745354
0.787823
-0.00504646
0.650345
-0.00504646
0.349954
-0.00504646
0.214954
-0.00504646
0.204954
-0.00504646
0.204954
0.00120354
0.323704
-0.00504646
0.204954
-0.00504646
0.204954
-4.64633e-05
0.203704
0.188287
0.144954
0.782512
-0.00504646
0.782512
-0.00504646
0.782512
-0.00504646
0.782512
-0.00504646
0.782512
-0.00504646
0.782512
-0.00504646
0.782512
-0.00504646
0.782512
-0.00504646
0.725412
0.0749535
0.725412
0.0749535
0.725412
0.0749535
0.725412
0.0749535
0.670871
0.139954
0.334297
0.520297
0.0331594
0.772982
-0.00499777
0.795012
-0.00499777
0.795012
-0.00499777
0.795012
0.184954
0.645612
0.0899535
0.725326
0.0899535
0.725326
0.00745354
0.787823
0.00745354
0.787823
0.00745354
0.787823
0.00745354
0.787823
0.00745354
0.787823
-0.00504646
0.650345
-0.00504646
0.167454
-0.00504646
0.104954
-0.00504646
0.104954
-0.00504646
0.163704
0.0487035
0.113704
-0.00504646
0.104954
-0.00504646
0.104954
-4.64633e-05
0.0999535
0.192454
0.151204
0.782512
-0.00504646
0.782512
-0.00504646
0.782512
-0.00504646
0.782512
-0.00504646
0.782512
-0.00504646
0.782512
-0.00504646
0.725412
0.0749535
0.725412
0.0749535
0.697442
0.108287
0.697442
0.108287
0.697442
0.108287
0.697442
0.108287
0.63451
0.183287
0.334297
0.520297
0.0331594
0.772982
0.184954
0.645612
0.184954
0.645612
0.184954
0.645612
0.184954
0.645612
0.0899535
0.725326
0.0899535
0.725326
0.0899535
0.725326
0.00745354
0.787823
0.00745354
0.787823
0.00745354
0.787823
0.00745354
0.787823
-0.00504646
0.650345
-0.00504646
0.14162
-0.00504646
0.11162
-4.64633e-05
0.0666202
-4.64633e-05
0.0666202
0.00120354
0.11537
-4.64633e-05
0.0666202
-4.64633e-05
0.0666202
-4.64633e-05
0.0666202
0.0999535
0.12912
0.782512
-0.00504646
0.782512
-0.00504646
0.782512
-0.00504646
0.782512
-0.00504646
0.782512
-0.00504646
0.782512
-0.00504646
0.782512
-0.00504646
0.782512
-0.00504646
0.683457
0.124954
0.683457
0.124954
0.683457
0.124954
0.683457
0.124954
0.612658
0.209329
0.334297
0.520297
0.184954
0.645612
0.184954
0.645612
0.184954
0.645612
0.184954
0.645612
0.184954
0.645612
0.0899535
0.725326
0.0899535
0.725326
0.0899535
0.725326
0.00745354
0.787823
0.00745354
0.787823
0.00745354
0.787823
0.00745354
0.787823
-0.00504646
0.650345
0.00620354
0.0893285
-4.64633e-05
0.0599535
-4.64633e-05
0.0537035
-4.64633e-05
0.0499535
0.0249535
0.0599535
-0.00504646
0.0855785
-0.00504646
0.0855785
-4.64633e-05
0.0499535
-4.64633e-05
0.0687035
0.772797
0.0118285
0.772797
0.0118285
0.772797
0.0118285
0.772797
0.0118285
0.772797
0.0118285
0.772797
0.0118285
0.772797
0.0118285
0.772797
0.0118285
0.675066
0.134954
0.675066
0.134954
0.675066
0.134954
0.675066
0.134954
0.599548
0.224954
0.334297
0.520297
0.184954
0.645612
0.184954
0.645612
0.184954
0.645612
0.184954
0.645612
0.184954
0.645612
0.0899535
0.725326
0.0899535
0.725326
0.0899535
0.725326
0.00745354
0.787823
0.00745354
0.787823
0.00745354
0.787823
0.00745354
0.787823
-0.00504646
0.650345
-0.00504646
0.0737035
-0.00504646
0.0699535
-4.64633e-05
0.0399535
-4.64633e-05
0.0399535
0.00120354
0.0937035
-0.00504646
0.0699535
-0.00504646
0.0699535
-4.64633e-05
0.0399535
0.194954
0.0649535
0.782512
-0.00504646
0.763776
0.0274535
0.763776
0.0274535
0.763776
0.0274535
0.763776
0.0274535
0.763776
0.0274535
0.763776
0.0274535
0.763776
0.0274535
0.795012
-0.00499777
0.795012
-0.00499777
0.795012
-0.00499777
0.795012
-0.00499777
0.772982
0.0331594
0.334297
0.507797
0.0331594
0.760482
-0.00499777
0.782512
-0.00499777
0.782512
-0.00499777
0.782512
-0.00504646
0.782512
-0.00504646
0.782512
-0.00504646
0.782512
-0.00504646
0.782512
-0.00504646
0.782512
-0.00504646
0.782512
-0.00504646
0.782512
-0.00504646
0.782512
0.144954
0.551175
0.204954
-0.00504646
0.204954
0.0199535
0.204954
-0.00504646
0.204954
-0.00504646
0.199954
-4.64633e-05
0.199954
-4.64633e-05
0.194954
0.0487035
0.194954
0.00745354
0.277454
-0.00504646
0.787823
0.00745354
0.787823
0.00745354
0.787823
0.00745354
0.787823
0.00745354
0.795012
-0.00504646
0.795012
-0.00504646
0.795012
-0.00504646
0.795012
-0.00504646
0.795012
-0.00499777
0.763785
0.0441202
0.763785
0.0441202
0.763785
0.0441202
0.763785
0.0441202
0.334297
0.520297
0.0441202
0.763785
0.0441202
0.763785
0.0441202
0.763785
-0.00499777
0.795012
-0.00504646
0.795012
-0.00504646
0.795012
-0.00504646
0.795012
-0.00504646
0.795012
-0.00504646
0.795012
-0.00504646
0.795012
-0.00504646
0.795012
-0.00504646
0.795012
0.144954
0.551175
0.338704
0.0549535
0.323704
0.137454
0.137454
0.323704
0.144954
0.311204
0.323704
0.311204
0.114954
0.326204
0.137454
0.338704
0.313704
0.343704
0.0482869
0.144954
0.795012
-0.00504646
0.795012
-0.00504646
0.795012
-0.00504646
0.795012
-0.00504646
0.795012
-0.00504646
0.795012
-0.00504646
0.795012
-0.00504646
0.795012
-0.00504646
0.795012
-0.00499777
0.795012
-0.00499777
0.795012
-0.00499777
0.795012
-0.00499777
0.772982
0.0331594
0.334297
0.520297
0.0441202
0.763785
-0.00499777
0.795012
-0.00499777
0.795012
-0.00499777
0.795012
-0.00504646
0.795012
-0.00504646
0.795012
-0.00504646
0.795012
-0.00504646
0.795012
-0.00504646
0.795012
-0.00504646
0.795012
-0.00504646
0.795012
-0.00504646
0.795012
0.144954
0.551175
0.338704
0.0299535
0.136204
0.151204
0.207454
0.0849535
0.311204
0.134954
0.313704
0.157454
0.114954
0.154954
0.114954
0.124954
0.114954
0.0949535
0.114954
0.151204
0.795012
-0.00504646
0.795012
-0.00504646
0.795012
-0.00504646
0.795012
-0.00504646
0.775554
0.0287035
0.775554
0.0287035
0.795012
-0.00504646
0.795012
-0.00504646
0.795012
-0.00499777
0.795012
-0.00499777
0.795012
-0.00499777
0.795012
-0.00499777
0.772982
0.0331594
0.334297
0.520297
0.0331594
0.772982
-0.00499777
0.795012
-0.00499777
0.795012
-0.00499777
0.795012
-0.00504646
0.795012
-0.00504646
0.795012
-0.00504646
0.795012
-0.00504646
0.795012
-0.00504646
0.795012
-0.00504646
0.795012
-0.00504646
0.795012
-0.00504646
0.795012
0.144954
0.551175
0.234954
0.0624535
0.136204
0.11787
0.147454
0.0991202
0.311204
0.12162
0.343704
0.12412
0.194954
0.13037
0.313704
0.10537
0.204954
0.12912
0.204954
0.12912
0.795012
-0.00504646
0.795012
-0.00504646
0.795012
-0.00504646
0.795012
-0.00504646
0.795012
-0.00504646
0.795012
-0.00504646
0.795012
-0.00504646
0.795012
-0.00504646
0.795012
-0.00499777
0.795012
-0.00499777
0.795012
-0.00499777
0.795012
-0.00499777
0.772982
0.0331594
0.334297
0.520297
0.0331594
0.772982
-0.00499777
0.795012
-0.00499777
0.795012
-0.00499777
0.795012
-0.00504646
0.795012
-0.00504646
0.795012
-0.00504646
0.795012
-0.00504646
0.795012
-0.00504646
0.795012
-0.00504646
0.795012
-0.00504646
0.795012
-0.00504646
0.795012
0.144954
0.551175
0.338704
0.0549535
0.323704
0.0980785
0.338704
0.0530785
0.218704
0.0687035
0.313704
0.0893285
0.229954
0.0687035
0.313704
0.0793285
0.204954
0.0749535
0.199954
0.0687035
0.795012
-0.00504646
0.785297
0.0118285
0.785297
0.0118285
0.785297
0.0118285
0.795012
-0.00504646
0.795012
-0.00504646
0.795012
-0.00504646
0.795012
-0.00504646
0.795012
-0.00499777
0.795012
-0.00499777
0.795012
-0.00499777
0.795012
-0.00499777
0.772982
0.0331594
0.334297
0.520297
0.0331594
0.772982
-0.00499777
0.795012
-0.00499777
0.795012
-0.00499777
0.795012
-0.00504646
0.795012
-0.00504646
0.795012
-0.00504646
0.795012
-0.00504646
0.795012
-0.00504646
0.795012
-0.00504646
0.795012
-0.00504646
0.795012
-0.00504646
0.795012
0.144954
0.551175
0.338704
0.0674535
0.323704
0.0762035
0.323704
0.0649535
0.223704
0.0874535
0.323704
0.0574535
0.234954
0.0674535
0.198704
0.0887035
0.313704
0.0637035
0.204954
0.0649535
0.795012
-0.00504646
0.795012
-0.00504646
0.776276
0.0274535
0.795012
-0.00504646
0.795012
-0.00504646
0.795012
-0.00504646
0.795012
-0.00504646
0.795012
-0.00504646
0.795012
-0.00499777
0.795012
-0.00499777
0.795012
-0.00499777
0.795012
-0.00499777
0.772982
0.0331594
0.334297
0.507797
0.0749535
0.725412
0.0749535
0.725412
0.0749535
0.725412
0.0749535
0.725412
0.0749535
0.725412
0.0749535
0.725412
-0.00504646
0.782512
-0.00504646
0.782512
-0.00504646
0.782512
-0.00504646
0.782512
-0.00504646
0.782512
-0.00504646
0.782512
0.151204
0.545931
0.104954
-0.00504646
0.104954
0.0199535
0.104954
-0.00504646
0.104954
-0.00504646
0.0999535
-4.64633e-05
0.0999535
-4.64633e-05
0.0949535
0.0487035
0.0949535
0.00745354
0.249954
-0.00504646
0.787823
0.00745354
0.787823
0.00745354
0.787823
0.00745354
0.787823
0.00745354
0.787823
0.00745354
0.725326
0.0899535
0.725326
0.0899535
0.645612
0.184954
0.795012
-0.00499777
0.795012
-0.00499777
0.795012
-0.00499777
0.763785
0.0441202
0.763785
0.0441202
0.334297
0.520297
0.0331594
0.772982
-0.00499777
0.795012
-0.00499777
0.795012
-0.00499777
0.795012
-0.00504646
0.795012
-0.00504646
0.795012
0.0287035
0.775554
0.0287035
0.775554
-0.00504646
0.795012
-0.00504646
0.795012
-0.00504646
0.795012
-0.00504646
0.795012
0.151204
0.545931
0.151204
0.234954
0.123704
0.311204
0.0512035
0.214954
0.173704
0.311204
0.0199535
0.323704
0.104954
0.326204
0.0237035
0.338704
0.0549535
0.136204
0.103287
0.144954
0.795012
-0.00504646
0.795012
-0.00504646
0.795012
-0.00504646
0.795012
-0.00504646
0.795012
-0.00504646
0.795012
-0.00504646
0.795012
-0.00504646
0.795012
-0.00504646
0.737912
0.0749535
0.737912
0.0749535
0.737912
0.0749535
0.737912
0.0749535
0.690713
0.131204
0.334297
0.520297
0.0749535
0.737912
0.0749535
0.737912
0.0749535
0.737912
0.0749535
0.737912
0.0749535
0.737912
0.0749535
0.737912
0.0287035
0.775554
-0.00504646
0.795012
-0.00504646
0.795012
-0.00504646
0.795012
-0.00504646
0.795012
-0.00504646
0.795012
0.151204
0.545931
0.163704
0.0612035
0.193704
0.124954
0.0849535
0.0649535
0.151204
0.114954
0.163704
0.151204
0.114954
0.154954
0.0512035
0.193704
0.0512035
0.167454
0.138704
0.151204
0.795012
-0.00504646
0.795012
-0.00504646
0.795012
-0.00504646
0.795012
-0.00504646
0.795012
-0.00504646
0.775554
0.0287035
0.737912
0.0749535
0.737912
0.0749535
0.709942
0.108287
0.709942
0.108287
0.709942
0.108287
0.709942
0.108287
0.772982
0.0331594
0.334297
0.520297
0.0749535
0.737912
0.0749535
0.737912
0.0749535
0.737912
0.0749535
0.737912
0.0749535
0.737912
0.0749535
0.737912
-0.00504646
0.795012
-0.00504646
0.795012
-0.00504646
0.795012
-0.00504646
0.795012
-0.00504646
0.795012
-0.00504646
0.795012
0.151204
0.545931
0.151204
0.11537
0.151204
0.14162
0.151204
0.0903702
0.151204
0.0716202
0.0949535
0.12162
0.0949535
0.13037
0.104954
0.0991202
0.104954
0.0991202
0.104954
0.12912
0.795012
-0.00504646
0.795012
-0.00504646
0.795012
-0.00504646
0.795012
-0.00504646
0.795012
-0.00504646
0.795012
-0.00504646
0.795012
-0.00504646
0.795012
-0.00504646
0.695957
0.124954
0.695957
0.124954
0.695957
0.124954
0.795012
-0.00499777
0.772982
0.0331594
0.334297
0.520297
0.0749535
0.737912
0.0749535
0.737912
0.0749535
0.737912
0.0749535
0.737912
0.0749535
0.737912
0.0749535
0.737912
-0.00504646
0.795012
-0.00504646
0.795012
-0.00504646
0.795012
-0.00504646
0.795012
-0.00504646
0.795012
-0.00504646
0.795012
0.151204
0.545931
0.123704
0.0730785
0.0987035
0.115579
0.123704
0.103079
0.123704
0.0730785
0.0949535
0.115579
0.113704
0.115579
0.124954
0.0855785
0.0949535
0.0893285
0.0999535
0.0687035
0.785297
0.0118285
0.785297
0.0118285
0.785297
0.0118285
0.785297
0.0118285
0.785297
0.0118285
0.785297
0.0118285
0.785297
0.0118285
0.785297
0.0118285
0.687566
0.134954
0.687566
0.134954
0.795012
-0.00499777
0.795012
-0.00499777
0.772982
0.0331594
0.334297
0.520297
0.0749535
0.737912
0.0749535
0.737912
0.0749535
0.737912
0.0749535
0.737912
0.0749535
0.737912
0.0749535
0.737912
-0.00504646
0.795012
-0.00504646
0.795012
-0.00504646
0.795012
-0.00504646
0.795012
-0.00504646
0.795012
-0.00504646
0.795012
0.151204
0.545931
0.163704
0.0674535
0.193704
0.0674535
0.104954
0.0674535
0.124954
0.0999535
0.0949535
0.0887035
0.114954
0.0474535
0.0949535
0.0737035
0.114954
0.0474535
0.138704
0.0649535
0.795012
-0.00504646
0.776276
0.0274535
0.776276
0.0274535
0.776276
0.0274535
0.776276
0.0274535
0.776276
0.0274535
0.776276
0.0274535
0.776276
0.0274535
0.645612
0.184954
0.645612
0.184954
0.645612
0.184954
0.795012
-0.00499777
0.772982
0.0331594
0.334297
0.507797
0.108287
0.697442
0.108287
0.697442
0.108287
0.697442
0.108287
0.697442
-0.00504646
0.782512
-0.00504646
0.782512
-0.00504646
0.782512
-0.00504646
0.782512
-0.00504646
0.782512
-0.00504646
0.782512
-0.00504646
0.782512
-0.00504646
0.782512
0.12912
0.596069
0.0666202
-4.64633e-05
0.0616202
0.0324535
0.0716202
-0.00504646
0.0716202
-0.00504646
0.0666202
-4.64633e-05
0.0666202
-4.64633e-05
0.0616202
0.0487035
0.0616202
0.00745354
0.262454
-0.00504646
0.787823
0.00745354
0.787823
0.00745354
0.787823
0.00745354
0.787823
0.00745354
0.725326
0.0899535
0.725326
0.0899535
0.725326
0.0899535
0.645612
0.184954
0.795012
-0.00499777
0.795012
-0.00499777
0.795012
-0.00499777
0.795012
-0.00499777
0.763785
0.0441202
0.334297
0.520297
0.0331594
0.772982
-0.00499777
0.795012
-0.00499777
0.795012
-0.00499777
0.795012
-0.00504646
0.795012
-0.00504646
0.795012
-0.00504646
0.795012
-0.00504646
0.795012
-0.00504646
0.795012
-0.00504646
0.795012
-0.00504646
0.795012
-0.00504646
0.795012
0.12912
0.596069
0.13037
0.311204
0.10537
0.313704
0.0991202
0.323704
0.12162
0.311204
0.12912
0.323704
0.0716202
0.326204
0.0616202
0.338704
0.10537
0.343704
0.128287
0.144954
0.795012
-0.00504646
0.795012
-0.00504646
0.795012
-0.00504646
0.795012
-0.00504646
0.795012
-0.00504646
0.795012
-0.00504646
0.795012
-0.00504646
0.795012
-0.00504646
0.737912
0.0749535
0.737912
0.0749535
0.737912
0.0749535
0.737912
0.0749535
0.683371
0.139954
0.334297
0.520297
0.108287
0.709942
0.108287
0.709942
0.108287
0.709942
0.108287
0.709942
-0.00504646
0.795012
-0.00504646
0.795012
-0.00504646
0.795012
-0.00504646
0.795012
-0.00504646
0.795012
-0.00504646
0.795012
-0.00504646
0.795012
-0.00504646
0.795012
0.12912
0.596069
0.13037
0.161204
0.14162
0.154954
0.13037
0.104954
0.10287
0.123704
0.13037
0.154954
0.0716202
0.154954
0.0324535
0.193704
0.0324535
0.167454
0.153287
0.151204
0.795012
-0.00504646
0.795012
-0.00504646
0.795012
-0.00504646
0.795012
-0.00504646
0.795012
-0.00504646
0.795012
-0.00504646
0.737912
0.0749535
0.737912
0.0749535
0.709942
0.108287
0.709942
0.108287
0.709942
0.108287
0.709942
0.108287
0.64701
0.183287
0.334297
0.520297
0.108287
0.709942
0.108287
0.709942
0.108287
0.709942
0.108287
0.709942
-0.00504646
0.795012
-0.00504646
0.795012
-0.00504646
0.795012
-0.00504646
0.795012
-0.00504646
0.795012
-0.00504646
0.795012
-0.00504646
0.795012
-0.00504646
0.795012
0.12912
0.596069
0.13537
0.12412
0.14162
0.10287
0.14162
0.0803702
0.11537
0.11787
0.13037
0.12912
0.10537
0.13537
0.0716202
0.0991202
0.0716202
0.0991202
0.0716202
0.12912
0.795012
-0.00504646
0.795012
-0.00504646
0.795012
-0.00504646
0.795012
-0.00504646
0.795012
-0.00504646
0.795012
-0.00504646
0.795012
-0.00504646
0.795012
-0.00504646
0.695957
0.124954
0.695957
0.124954
0.695957
0.124954
0.695957
0.124954
0.625158
0.209329
0.334297
0.520297
0.108287
0.709942
0.108287
0.709942
0.108287
0.709942
0.108287
0.709942
-0.00504646
0.795012
-0.00504646
0.795012
-0.00504646
0.795012
-0.00504646
0.795012
-0.00504646
0.795012
-0.00504646
0.795012
-0.00504646
0.795012
-0.00504646
0.795012
0.12912
0.596069
0.13037
0.0830785
0.10537
0.0980785
0.14162
0.0830785
0.0903702
0.0730785
0.13537
0.0980785
0.0616202
0.0955785
0.11537
0.0918285
0.0616202
0.0893285
0.0666202
0.0687035
0.785297
0.0118285
0.785297
0.0118285
0.785297
0.0118285
0.785297
0.0118285
0.785297
0.0118285
0.785297
0.0118285
0.785297
0.0118285
0.785297
0.0118285
0.687566
0.134954
0.687566
0.134954
0.687566
0.134954
0.687566
0.134954
0.772982
0.0331594
0.334297
0.520297
0.108287
0.709942
0.108287
0.709942
0.108287
0.709942
0.108287
0.709942
-0.00504646
0.795012
-0.00504646
0.795012
-0.00504646
0.795012
-0.00504646
0.795012
-0.00504646
0.795012
-0.00504646
0.795012
-0.00504646
0.795012
-0.00504646
0.795012
0.12912
0.596069
0.13537
0.0824535
0.14162
0.0762035
0.13037
0.0874535
0.10537
0.0637035
0.13037
0.0649535
0.10537
0.0637035
0.11537
0.0874535
0.11162
0.0674535
0.157454
0.0649535
0.795012
-0.00504646
0.776276
0.0274535
0.776276
0.0274535
0.776276
0.0274535
0.776276
0.0274535
0.776276
0.0274535
0.776276
0.0274535
0.776276
0.0274535
0.645612
0.184954
0.645612
0.184954
0.645612
0.184954
0.645612
0.184954
0.772982
0.0331594
0.334297
0.507797
0.124954
0.683457
0.124954
0.683457
0.124954
0.683457
0.124954
0.683457
0.0118285
0.772797
0.0118285
0.772797
0.0118285
0.772797
0.0118285
0.772797
0.0118285
0.772797
0.0118285
0.772797
0.0118285
0.772797
0.0118285
0.772797
0.0687035
0.571954
0.0499535
-4.64633e-05
0.0449535
0.0324535
0.0499535
0.0412035
0.0499535
0.0412035
0.0499535
-4.64633e-05
0.0499535
-4.64633e-05
0.0449535
0.0487035
0.0449535
0.00745354
0.271829
-0.00504646
0.787823
0.00745354
0.787823
0.00745354
0.787823
0.00745354
0.787823
0.00745354
0.725326
0.0899535
0.725326
0.0899535
0.725326
0.0899535
0.645612
0.184954
0.795012
-0.00499777
0.795012
-0.00499777
0.795012
-0.00499777
0.795012
-0.00499777
0.763785
0.0441202
0.334297
0.520297
0.0331594
0.772982
-0.00499777
0.795012
-0.00499777
0.795012
-0.00499777
0.795012
-0.00504646
0.795012
-0.00504646
0.795012
-0.00504646
0.795012
-0.00504646
0.795012
0.0118285
0.785297
0.0118285
0.785297
0.0118285
0.785297
-0.00504646
0.795012
0.0687035
0.571954
0.0537035
0.209954
0.0449535
0.323704
0.0499535
0.209954
0.00745354
0.338704
0.0499535
0.209954
0.0449535
0.338704
0.0268285
0.338704
0.0793285
0.343704
0.140787
0.144954
0.795012
-0.00504646
0.795012
-0.00504646
0.795012
-0.00504646
0.795012
-0.00504646
0.795012
-0.00504646
0.795012
-0.00504646
0.795012
-0.00504646
0.795012
-0.00504646
0.737912
0.0749535
0.737912
0.0749535
0.737912
0.0749535
0.737912
0.0749535
0.683371
0.139954
0.334297
0.520297
0.0331594
0.772982
0.124954
0.695957
0.124954
0.695957
0.124954
0.695957
0.0118285
0.785297
0.0118285
0.785297
0.0118285
0.785297
0.0118285
0.785297
0.0118285
0.785297
0.0118285
0.785297
0.0118285
0.785297
0.0118285
0.785297
0.0687035
0.571954
0.0537035
0.109954
0.0768285
0.114954
0.115579
0.113704
0.0730785
0.134954
0.0793285
0.157454
0.0793285
0.187454
0.0230785
0.193704
0.0449535
0.167454
0.160579
0.151204
0.795012
-0.00504646
0.795012
-0.00504646
0.795012
-0.00504646
0.795012
-0.00504646
0.795012
-0.00504646
0.795012
-0.00504646
0.737912
0.0749535
0.737912
0.0749535
0.709942
0.108287
0.709942
0.108287
0.709942
0.108287
0.709942
0.108287
0.64701
0.183287
0.334297
0.520297
0.124954
0.695957
0.124954
0.695957
0.124954
0.695957
0.124954
0.695957
0.0118285
0.785297
0.0118285
0.785297
0.0118285
0.785297
0.0118285
0.785297
0.0118285
0.785297
0.0118285
0.785297
0.0118285
0.785297
0.0118285
0.785297
0.0687035
0.571954
0.0893285
0.0616202
0.0449535
0.11537
0.0793285
0.13537
0.0730785
0.0903702
0.0793285
0.13537
0.0449535
0.13037
0.0499535
0.0966202
0.0449535
0.11162
0.0718285
0.12912
0.795012
-0.00504646
0.795012
-0.00504646
0.795012
-0.00504646
0.795012
-0.00504646
0.795012
-0.00504646
0.795012
-0.00504646
0.795012
-0.00504646
0.795012
-0.00504646
0.695957
0.124954
0.695957
0.124954
0.695957
0.124954
0.695957
0.124954
0.625158
0.209329
0.334297
0.520297
0.124954
0.695957
0.124954
0.695957
0.124954
0.695957
0.124954
0.695957
0.0118285
0.785297
0.0118285
0.785297
0.0118285
0.785297
0.0118285
0.785297
0.0118285
0.785297
0.0118285
0.785297
0.0118285
0.785297
0.0118285
0.785297
0.0687035
0.571954
0.0637035
0.0955785
0.0487035
0.115579
0.0687035
0.0499535
0.0955785
0.0637035
0.0749535
0.115579
0.0449535
0.0955785
0.0749535
0.0855785
0.0449535
0.0855785
0.0499535
0.0687035
0.785297
0.0118285
0.785297
0.0118285
0.785297
0.0118285
0.785297
0.0118285
0.785297
0.0118285
0.785297
0.0118285
0.785297
0.0118285
0.785297
0.0118285
0.687566
0.134954
0.687566
0.134954
0.687566
0.134954
0.687566
0.134954
0.612048
0.224954
0.334297
0.520297
0.124954
0.695957
0.124954
0.695957
0.124954
0.695957
0.124954
0.695957
0.0118285
0.785297
0.0118285
0.785297
0.0118285
0.785297
0.0118285
0.785297
0.0118285
0.785297
0.0118285
0.785297
0.0118285
0.785297
0.0118285
0.785297
0.0687035
0.571954
0.0893285
0.0449535
0.0637035
0.0737035
0.0687035
0.0499535
0.0749535
0.0699535
0.0893285
0.0649535
0.0893285
0.0649535
0.0449535
0.0737035
0.0549535
0.0699535
0.166829
0.0649535
0.795012
-0.00504646
0.776276
0.0274535
0.776276
0.0274535
0.776276
0.0274535
0.776276
0.0274535
0.776276
0.0274535
0.776276
0.0274535
0.776276
0.0274535
0.645612
0.184954
0.645612
0.184954
0.645612
0.184954
0.645612
0.184954
0.772982
0.0331594
0.334297
0.507797
0.134954
0.675066
0.134954
0.675066
0.134954
0.675066
0.134954
0.675066
0.0274535
0.763776
0.0274535
0.763776
0.0274535
0.763776
0.0274535
0.763776
0.0274535
0.763776
0.0274535
0.763776
0.0274535
0.763776
-0.00504646
0.782512
0.0637035
0.619352
0.0399535
-4.64633e-05
0.0349535
0.0324535
0.0399535
0.0412035
0.0399535
0.0412035
0.0399535
-4.64633e-05
0.0399535
-4.64633e-05
0.0349535
0.0487035
0.0349535
0.00745354
0.277454
-0.00504646
0.787823
0.00745354
0.787823
0.00745354
0.787823
0.00745354
0.787823
0.00745354
0.725326
0.0899535
0.725326
0.0899535
0.725326
0.0899535
0.645612
0.184954
0.795012
-0.00499777
0.795012
-0.00499777
0.795012
-0.00499777
0.795012
-0.00499777
0.763785
0.0441202
0.334297
0.520297
0.0331594
0.772982
-0.00499777
0.795012
-0.00499777
0.795012
-0.00499777
0.795012
-0.00504646
0.795012
-0.00504646
0.795012
-0.00504646
0.795012
-0.00504646
0.795012
-0.00504646
0.795012
0.0274535
0.776276
-0.00504646
0.795012
-0.00504646
0.795012
0.0637035
0.619352
0.0674535
0.313704
0.0387035
0.323704
0.0574535
0.214954
0.00495354
0.338704
0.0399535
0.209954
0.0699535
0.194954
0.00495354
0.338704
0.0674535
0.313704
0.148287
0.144954
0.795012
-0.00504646
0.795012
-0.00504646
0.795012
-0.00504646
0.795012
-0.00504646
0.795012
-0.00504646
0.795012
-0.00504646
0.795012
-0.00504646
0.795012
-0.00504646
0.737912
0.0749535
0.737912
0.0749535
0.737912
0.0749535
0.737912
0.0749535
0.683371
0.139954
0.334297
0.520297
0.0331594
0.772982
-0.00499777
0.795012
0.134954
0.687566
0.134954
0.687566
0.0274535
0.776276
0.0274535
0.776276
0.0274535
0.776276
0.0274535
0.776276
0.0274535
0.776276
0.0274535
0.776276
0.0274535
0.776276
-0.00504646
0.795012
0.0637035
0.619352
0.0674535
0.173704
0.0612035
0.114954
0.0699535
0.104954
0.0637035
0.176204
0.0574535
0.108704
0.0637035
0.187454
0.0349535
0.193704
0.0174535
0.167454
0.164954
0.151204
0.795012
-0.00504646
0.795012
-0.00504646
0.795012
-0.00504646
0.795012
-0.00504646
0.795012
-0.00504646
0.795012
-0.00504646
0.737912
0.0749535
0.737912
0.0749535
0.709942
0.108287
0.709942
0.108287
0.709942
0.108287
0.709942
0.108287
0.64701
0.183287
0.334297
0.520297
0.134954
0.687566
0.134954
0.687566
0.134954
0.687566
0.134954
0.687566
0.0274535
0.776276
0.0274535
0.776276
0.0274535
0.776276
0.0274535
0.776276
0.0274535
0.776276
0.0274535
0.776276
0.0274535
0.776276
-0.00504646
0.795012
0.0637035
0.619352
0.0799535
0.0653702
0.0637035
0.13537
0.0637035
0.13537
0.0574535
0.13037
0.0574535
0.12162
0.0349535
0.13037
0.0874535
0.14162
0.0699535
0.0916202
0.0774535
0.12912
0.795012
-0.00504646
0.795012
-0.00504646
0.795012
-0.00504646
0.795012
-0.00504646
0.795012
-0.00504646
0.795012
-0.00504646
0.795012
-0.00504646
0.795012
-0.00504646
0.695957
0.124954
0.695957
0.124954
0.695957
0.124954
0.695957
0.124954
0.625158
0.209329
0.334297
0.520297
0.134954
0.687566
0.134954
0.687566
0.134954
0.687566
0.134954
0.687566
0.0274535
0.776276
0.0274535
0.776276
0.0274535
0.776276
0.0274535
0.776276
0.0274535
0.776276
0.0274535
0.776276
0.0274535
0.776276
-0.00504646
0.795012
0.0637035
0.619352
0.0824535
0.0893285
0.0537035
0.115579
0.0737035
0.0487035
0.0637035
0.109329
0.0399535
0.0687035
0.0349535
0.0955785
0.0737035
0.0793285
0.0449535
0.0855785
0.0399535
0.0687035
0.785297
0.0118285
0.785297
0.0118285
0.785297
0.0118285
0.785297
0.0118285
0.785297
0.0118285
0.785297
0.0118285
0.785297
0.0118285
0.785297
0.0118285
0.687566
0.134954
0.687566
0.134954
0.687566
0.134954
0.687566
0.134954
0.612048
0.224954
0.334297
0.520297
0.134954
0.687566
0.134954
0.687566
0.134954
0.687566
0.134954
0.687566
0.0274535
0.776276
0.0274535
0.776276
0.0274535
0.776276
0.0274535
0.776276
0.0274535
0.776276
0.0274535
0.776276
0.0274535
0.776276
-0.00504646
0.795012
0.0637035
0.619352
0.0824535
0.0737035
0.0637035
0.0737035
0.0637035
0.0637035
0.0637035
0.0637035
0.0637035
0.0637035
0.0637035
0.0637035
0.0637035
0.0637035
0.0587035
0.0699535
0.172454
0.0649535
0.795012
-0.00504646
0.776276
0.0274535
0.776276
0.0274535
0.776276
0.0274535
0.776276
0.0274535
0.776276
0.0274535
0.776276
0.0274535
0.776276
0.0274535
