0.0168885
0
0.0168885
0.0168885
0.0168885
0.0168885
0.0168885
0.0168885
0.0168885
0.0168885
0.0168885
0.0168885
0.0168885
0.0168885
0.0168885
0.0168885
0.0168885
0.0168885
0.2127
0.0168885
-0.0768709
0.0168885
-0.326871
0.0168885
-0.776871
0.0168885
-0.776871
0.0168885
-0.0768709
0.0168885
-0.776871
0.0168885
-0.776871
0.0168885
-0.776871
0.0168885
-0.776871
0.0168885
-0.776871
-0.776871
-0.776871
-0.776871
-0.776871
-0.326871
-0.776871
-0.776871
-0.776871
-0.676871
-0.776871
-0.326871
-0.326871
-0.776871
-0.776871
-0.776871
-0.776871
-0.776871
0.0168885
-0.526871
0.0168885
-0.776871
0.0168885
-0.776871
0.0168885
-0.776871
0.0168885
-0.776871
0.0168885
-0.776871
0.0168885
-0.0768709
0.0168885
-0.776871
0.0168885
0.0168885
0.0168885
0.1152
0.0168885
0.1152
0.0168885
0.1152
0.0168885
0.1152
0.0168885
0.1152
0.0168885
0.1152
0.0168885
0.1152
0.0168885
0.1152
0.0168885
0.1152
-0.0768709
0.1152
-0.326871
0.1152
-0.776871
0.1152
-0.776871
0.1152
-0.0768709
0.1152
-0.776871
0.1152
-0.776871
0.1152
-0.776871
0.1152
-0.776871
0.0168885
-0.676871
-0.726871
-0.676871
-0.726871
-0.676871
-0.689371
-0.676871
-0.639371
-0.676871
0.110629
-0.676871
-0.714371
-0.526871
-0.689371
-0.326871
-0.401871
-0.676871
-0.689371
0.1152
-0.731038
0.1152
-0.676871
0.1152
-0.714371
0.1152
-0.714371
0.1152
-0.589371
0.1152
-0.689371
0.1152
-0.714371
0.1152
-0.689371
0.0168885
0
0.0168885
0.1152
0.0168885
0.1152
0.0168885
0.1152
0.0168885
0.1152
0.0168885
0.1152
0.0168885
0.1152
0.0168885
0.1152
0.0168885
0.1152
0.0168885
0.1152
-0.0768709
0.1152
-0.326871
0.1152
-0.776871
0.1152
-0.776871
0.1152
-0.776871
0.1152
-0.776871
0.1152
-0.776871
0.1152
-0.776871
0.1152
-0.776871
0.0168885
-0.676871
-0.676871
-0.676871
-0.545621
-0.676871
-0.689371
-0.676871
-0.0768709
-0.0768709
-0.689371
-0.676871
-0.689371
-0.526871
-0.689371
0.223129
-0.714371
-0.676871
-0.676871
0.1152
-0.645621
0.1152
-0.339371
0.1152
-0.670621
0.1152
-0.737288
0.1152
-0.676871
0.1152
-0.645621
0.1152
-0.714371
0.1152
-0.689371
0.0168885
-0.661871
0.0168885
0.1152
0.0168885
0.1152
0.0168885
0.1152
0.0168885
0.1152
0.0168885
0.1152
0.0168885
0.1152
0.0168885
0.1152
0.0168885
0.1152
0.0168885
0.1152
-0.0768709
0.1152
-0.326871
0.1152
-0.776871
0.1152
-0.776871
0.1152
-0.0768709
0.1152
-0.776871
0.1152
-0.776871
0.1152
-0.776871
0.1152
-0.776871
0.0168885
-0.676871
-0.564371
-0.676871
-0.531038
-0.676871
-0.714371
-0.676871
-0.601871
-0.676871
-0.0643709
-0.676871
-0.493538
-0.526871
-0.710204
0.223129
-0.714371
-0.676871
-0.631038
0.1152
-0.739371
0.1152
-0.201871
0.1152
-0.739371
0.1152
-0.739371
0.1152
-0.726871
0.1152
-0.739371
0.1152
-0.714371
0.1152
-0.689371
0.0168885
-0.661871
0.0168885
0.1152
0.0168885
0.1152
0.0168885
0.1152
0.0168885
0.1152
0.0168885
0.1152
0.0168885
0.1152
0.0168885
0.1152
0.0168885
0.1152
0.0168885
0.1152
-0.0768709
0.1152
-0.326871
0.1152
-0.776871
0.1152
-0.776871
0.1152
-0.0768709
0.1152
-0.776871
0.1152
-0.776871
0.1152
-0.776871
0.1152
-0.776871
0.0168885
-0.676871
-0.692496
-0.676871
-0.576871
-0.676871
-0.542496
-0.676871
-0.517496
-0.676871
-0.0685376
-0.676871
-0.504996
-0.676871
-0.504996
-0.326871
-0.504996
-0.676871
-0.542496
0.1152
-0.717496
0.1152
-0.504996
0.1152
-0.754996
0.1152
-0.717496
0.1152
-0.542496
0.1152
-0.717496
0.1152
-0.492496
0.1152
-0.601871
0.0168885
-0.661871
0.0168885
0.1152
0.0168885
0.1152
0.0168885
0.1152
0.0168885
0.1152
0.0168885
0.1152
0.0168885
0.1152
0.0168885
0.1152
0.0168885
0.1152
0.0168885
0.1152
-0.776871
0.1152
-0.326871
0.1152
-0.776871
0.1152
-0.776871
0.1152
-0.0768709
0.1152
-0.776871
0.1152
-0.776871
0.1152
-0.776871
0.1152
-0.776871
0.0168885
-0.676871
-0.529371
-0.676871
-0.529371
-0.676871
-0.529371
-0.676871
-0.586871
-0.676871
-0.0835376
-0.676871
-0.586871
-0.526871
-0.711871
-0.326871
-0.266871
-0.676871
-0.711871
0.1152
-0.711871
0.1152
-0.554371
0.1152
-0.724371
0.1152
-0.724371
0.1152
-0.679371
0.1152
-0.724371
0.1152
-0.679371
0.1152
-0.401871
0.1152
-0.776871
0.1152
0.0168885
0.1152
0.0168885
0.1152
0.0168885
0.1152
0.0168885
0.1152
0.0168885
0.1152
0.0168885
0.1152
0.0168885
0.1152
0.0168885
0.2127
0.0168885
-0.689371
0.1152
-0.726871
0.1152
-0.689371
0.1152
-0.689371
0.1152
-0.689371
0.1152
-0.714371
0.1152
-0.676871
0.1152
-0.714371
0.1152
-0.689371
0.1152
-0.539371
-0.526871
-0.689371
0.223129
-0.714371
-0.676871
-0.676871
-0.676871
-0.689371
-0.0768709
-0.689371
-0.0768709
-0.726871
-0.676871
-0.614371
-0.676871
-0.711871
-0.776871
0.1152
-0.776871
0.1152
-0.326871
0.1152
-0.776871
0.1152
-0.776871
0.1152
-0.776871
0.1152
-0.0768709
0.1152
-0.776871
0.1152
-0.776871
0.1152
-0.772704
0.1152
0.0168885
0.1152
0.0168885
0.1152
0.0168885
0.1152
0.0168885
0.0168885
0.1152
0.0168885
0.1152
0.0168885
0.1152
0.0168885
0.1152
0.0168885
0.1152
-0.472704
0.1152
-0.472704
0.1152
-0.772704
0.1152
-0.760204
0.1152
-0.772704
0.1152
-0.760204
0.1152
-0.660204
0.1152
-0.660204
0.1152
-0.701871
0.1152
-0.664371
-0.251871
-0.376871
-0.176871
-0.731038
-0.651871
-0.522704
-0.610204
-0.664371
-0.0393709
-0.739371
0.0606291
-0.726871
-0.726871
-0.731038
-0.576871
-0.710204
-0.701871
0.1152
-0.772704
0.1152
-0.535204
0.1152
-0.760204
0.1152
-0.772704
0.1152
-0.760204
0.1152
-0.760204
0.1152
-0.460204
0.1152
-0.747704
0.1152
-0.676871
0.1152
0.0168885
0.1152
0.0168885
0.1152
0.0168885
0.1152
0.0168885
0.0168885
0.1152
0.0168885
0.1152
0.0168885
0.1152
0.0168885
0.1152
0.0168885
0.1152
-0.660204
0.1152
-0.472704
0.1152
-0.772704
0.1152
-0.772704
0.1152
-0.772704
0.1152
-0.760204
0.1152
-0.660204
0.1152
-0.660204
0.1152
-0.701871
0.1152
-0.701871
-0.420621
-0.685204
-0.0789543
-0.701871
-0.470621
-0.664371
-0.595621
-0.593538
-0.520621
-0.676871
-0.701871
-0.651871
-0.670621
-0.651871
-0.745621
-0.676871
-0.701871
0.1152
-0.645621
0.1152
-0.645621
0.1152
-0.745621
0.1152
-0.745621
0.1152
-0.689371
0.1152
-0.670621
0.1152
-0.220621
0.1152
-0.676871
0.1152
-0.643538
0.1152
0.0168885
0.1152
0.0168885
0.1152
0.0168885
0.1152
0.0168885
0.0168885
0.1152
0.0168885
0.1152
0.0168885
0.1152
0.0168885
0.1152
0.0168885
0.1152
-0.660204
0.1152
-0.472704
0.1152
-0.772704
0.1152
-0.772704
0.1152
-0.772704
0.1152
-0.760204
0.1152
-0.660204
0.1152
-0.660204
0.1152
-0.701871
0.1152
-0.664371
-0.0477043
-0.533121
-0.366454
-0.639371
-0.522704
-0.314371
-0.747704
-0.664371
-0.714371
-0.601871
-0.710204
-0.564371
-0.747704
-0.601871
-0.676871
-0.586871
-0.701871
0.1152
-0.747704
0.1152
-0.660204
0.1152
-0.618538
0.1152
-0.618538
0.1152
-0.639371
0.1152
-0.618538
0.1152
-0.0185376
0.1152
-0.639371
0.1152
-0.626871
0.1152
0.0168885
0.1152
0.0168885
0.1152
0.0168885
0.1152
0.0168885
0.0168885
0.1152
0.0168885
0.1152
0.0168885
0.1152
0.0168885
0.1152
0.0168885
0.1152
-0.472704
0.1152
-0.472704
0.1152
-0.772704
0.1152
-0.760204
0.1152
-0.772704
0.1152
-0.760204
0.1152
-0.660204
0.1152
-0.660204
0.1152
-0.701871
0.1152
-0.601871
-0.486246
-0.601871
-0.611246
-0.639371
-0.548746
-0.333121
-0.742496
-0.601871
-0.311246
-0.601871
-0.611246
-0.564371
-0.748746
-0.601871
-0.611246
-0.564371
-0.701871
0.1152
-0.601871
0.1152
-0.626871
0.1152
-0.226871
0.1152
-0.479996
0.1152
-0.623746
0.1152
-0.589371
0.1152
-0.623746
0.1152
-0.626871
0.1152
-0.614371
0.1152
0.0168885
0.1152
0.0168885
0.1152
0.0168885
0.1152
0.0168885
0.0168885
0.1152
0.0168885
0.1152
0.0168885
0.1152
0.0168885
0.1152
0.0168885
0.1152
-0.472704
0.1152
-0.472704
0.1152
-0.772704
0.1152
-0.760204
0.1152
-0.772704
0.1152
-0.760204
0.1152
-0.660204
0.1152
-0.660204
0.1152
-0.701871
0.1152
-0.451871
-0.711871
-0.364371
-0.541871
-0.639371
-0.611871
-0.114371
-0.529371
-0.114371
-0.366871
-0.639371
-0.364371
-0.601871
-0.751871
-0.639371
-0.564371
-0.549371
-0.714371
0.1152
-0.564371
0.1152
-0.589371
0.1152
-0.236871
0.1152
-0.564371
0.1152
-0.589371
0.1152
-0.504371
0.1152
-0.574371
0.1152
-0.589371
0.1152
-0.776871
0.1152
0.0168885
0.1152
0.0168885
0.1152
0.0168885
0.1152
0.0168885
0.1152
0.0168885
0.1152
0.0168885
0.1152
0.0168885
0.1152
0.0168885
0.2252
0.0168885
-0.689371
0.1152
-0.670621
0.1152
-0.220621
0.1152
-0.737288
0.1152
-0.714371
0.1152
-0.737288
0.1152
-0.676871
0.1152
-0.714371
0.1152
-0.676871
0.1152
-0.645621
-0.676871
-0.545621
-0.676871
-0.670621
-0.326871
-0.676871
-0.676871
-0.670621
-0.676871
-0.676871
-0.0768709
-0.676871
-0.326871
-0.737288
-0.676871
-0.661871
-0.776871
0.1152
-0.776871
0.1152
-0.326871
0.1152
-0.776871
0.1152
-0.776871
0.1152
-0.776871
0.1152
-0.776871
0.1152
-0.0768709
0.1152
-0.776871
0.1152
-0.772704
0.1152
0.0168885
0.1152
0.0168885
0.1152
0.0168885
0.1152
0.0168885
0.0168885
0.1152
0.0168885
0.1152
0.0168885
0.1152
0.0168885
0.1152
0.0168885
0.1152
-0.576871
0.1152
-0.670621
0.1152
-0.220621
0.1152
-0.689371
0.1152
-0.720621
0.1152
-0.714371
0.1152
-0.645621
0.1152
-0.545621
0.1152
-0.701871
0.1152
-0.745621
-0.251871
-0.726871
0.0606291
-0.701871
-0.676871
-0.495621
-0.589371
-0.595621
-0.251871
-0.737288
-0.576871
-0.745621
0.0606291
-0.745621
-0.576871
-0.620621
-0.701871
0.1152
-0.772704
0.1152
-0.535204
0.1152
-0.760204
0.1152
-0.460204
0.1152
-0.772704
0.1152
-0.760204
0.1152
-0.147704
0.1152
-0.622704
0.1152
-0.708121
0.1152
0.0168885
0.1152
0.0168885
0.1152
0.0168885
0.1152
0.0168885
0.0168885
0.1152
0.0168885
0.1152
0.0168885
0.1152
0.0168885
0.1152
0.0168885
0.1152
-0.708121
0.1152
-0.583121
0.1152
-0.583121
0.1152
-0.133121
0.1152
0.0168791
0.1152
-0.764371
0.1152
-0.708121
0.1152
-0.776871
0.1152
-0.701871
0.1152
-0.701871
-0.626871
-0.710204
-0.478954
-0.701871
-0.701871
-0.476871
-0.695621
-0.551871
-0.595621
-0.701871
-0.701871
-0.710204
-0.678954
-0.710204
-0.678954
-0.701871
-0.701871
0.1152
-0.770621
0.1152
-0.708121
0.1152
-0.714371
0.1152
-0.764371
0.1152
-0.708121
0.1152
-0.664371
0.1152
-0.151871
0.1152
-0.676871
0.1152
-0.656038
0.1152
0.0168885
0.1152
0.0168885
0.1152
0.0168885
0.1152
0.0168885
0.0168885
0.1152
0.0168885
0.1152
0.0168885
0.1152
0.0168885
0.1152
0.0168885
0.1152
-0.520621
0.1152
-0.583121
0.1152
-0.583121
0.1152
-0.708121
0.1152
0.0168791
0.1152
-0.764371
0.1152
-0.708121
0.1152
-0.758121
0.1152
-0.701871
0.1152
-0.620621
-0.735204
-0.458121
-0.676871
-0.551871
-0.735204
-0.583121
-0.710204
-0.595621
-0.210204
-0.695621
-0.210204
-0.620621
-0.660204
-0.695621
-0.522704
-0.643121
-0.701871
0.1152
-0.747704
0.1152
-0.639371
0.1152
-0.776871
0.1152
-0.731038
0.1152
-0.726871
0.1152
-0.714371
0.1152
-0.414371
0.1152
-0.618538
0.1152
-0.629996
0.1152
0.0168885
0.1152
0.0168885
0.1152
0.0168885
0.1152
0.0168885
0.0168885
0.1152
0.0168885
0.1152
0.0168885
0.1152
0.0168885
0.1152
0.0168885
0.1152
-0.576871
0.1152
-0.583121
0.1152
-0.583121
0.1152
-0.133121
0.1152
0.0168791
0.1152
-0.764371
0.1152
-0.708121
0.1152
-0.758121
0.1152
-0.701871
0.1152
-0.620621
-0.539371
-0.458121
-0.611246
-0.551871
-0.664371
-0.283121
-0.136246
-0.595621
-0.226871
-0.658121
-0.0862459
-0.695621
-0.601871
-0.601871
-0.576871
-0.620621
-0.701871
0.1152
-0.601871
0.1152
-0.676871
0.1152
-0.754996
0.1152
-0.714371
0.1152
-0.714371
0.1152
-0.714371
0.1152
-0.601871
0.1152
-0.629996
0.1152
-0.614371
0.1152
0.0168885
0.1152
0.0168885
0.1152
0.0168885
0.1152
0.0168885
0.0168885
0.1152
0.0168885
0.1152
0.0168885
0.1152
0.0168885
0.1152
0.0168885
0.1152
-0.576871
0.1152
-0.583121
0.1152
-0.583121
0.1152
-0.708121
0.1152
-0.758121
0.1152
-0.764371
0.1152
-0.708121
0.1152
-0.758121
0.1152
-0.701871
0.1152
-0.620621
-0.741871
-0.458121
-0.676871
-0.678954
-0.725204
-0.583121
-0.551871
-0.551871
-0.366871
-0.695621
-0.189371
-0.601871
-0.661871
-0.695621
-0.564371
-0.593121
-0.714371
0.1152
-0.564371
0.1152
-0.529371
0.1152
-0.736871
0.1152
-0.704371
0.1152
-0.704371
0.1152
-0.704371
0.1152
-0.704371
0.1152
-0.604371
0.1152
-0.776871
0.1152
0.0168885
0.1152
0.0168885
0.1152
0.0168885
0.1152
0.0168885
0.1152
0.0168885
0.1152
0.0168885
0.1152
0.0168885
0.1152
0.0168885
0.2252
0.0168885
-0.531038
0.1152
-0.714371
0.1152
-0.593538
0.1152
-0.439371
0.1152
-0.514371
0.1152
-0.726871
0.1152
-0.664371
0.1152
-0.714371
0.1152
-0.631038
0.1152
-0.401871
-0.526871
-0.0893709
-0.676871
-0.631038
-0.326871
-0.735204
-0.676871
-0.0893709
-0.676871
-0.631038
-0.0768709
-0.714371
-0.326871
-0.631038
-0.676871
-0.616038
-0.776871
0.1152
-0.776871
0.1152
-0.776871
0.1152
-0.776871
0.1152
-0.776871
0.1152
-0.776871
0.1152
-0.776871
0.1152
-0.0768709
0.1152
-0.776871
0.1152
-0.772704
0.1152
0.0168885
0.1152
0.0168885
0.1152
0.0168885
0.1152
0.0168885
0.0168885
0.1152
0.0168885
0.1152
0.0168885
0.1152
0.0168885
0.1152
0.0168885
0.1152
-0.543538
0.1152
-0.618538
0.1152
-0.606038
0.1152
-0.639371
0.1152
-0.526871
0.1152
-0.618538
0.1152
-0.639371
0.1152
-0.776871
0.1152
-0.701871
0.1152
-0.735204
-0.251871
-0.747704
0.0606291
-0.747704
-0.564371
-0.447704
-0.589371
-0.714371
0.0606291
-0.741454
-0.333121
-0.747704
0.0606291
-0.718538
-0.522704
-0.589371
-0.701871
0.1152
-0.772704
0.1152
-0.660204
0.1152
-0.760204
0.1152
-0.622704
0.1152
-0.660204
0.1152
-0.760204
0.1152
-0.772704
0.1152
-0.497704
0.1152
-0.676871
0.1152
0.0168885
0.1152
0.0168885
0.1152
0.0168885
0.1152
0.0168885
0.0168885
0.1152
0.0168885
0.1152
0.0168885
0.1152
0.0168885
0.1152
0.0168885
0.1152
-0.656038
0.1152
-0.656038
0.1152
-0.593538
0.1152
-0.726871
0.1152
-0.226871
0.1152
-0.776871
0.1152
-0.639371
0.1152
-0.776871
0.1152
-0.701871
0.1152
-0.747704
-0.576871
-0.676871
-0.0581209
-0.718538
-0.303954
-0.522704
-0.595621
-0.522704
-0.595621
-0.735204
-0.620621
-0.710204
-0.726871
-0.718538
-0.678954
-0.689371
-0.701871
0.1152
-0.664371
0.1152
-0.364371
0.1152
-0.714371
0.1152
-0.764371
0.1152
-0.764371
0.1152
-0.664371
0.1152
-0.758121
0.1152
-0.670621
0.1152
-0.643538
0.1152
0.0168885
0.1152
0.0168885
0.1152
0.0168885
0.1152
0.0168885
0.0168885
0.1152
0.0168885
0.1152
0.0168885
0.1152
0.0168885
0.1152
0.0168885
0.1152
-0.543538
0.1152
-0.264371
0.1152
-0.593538
0.1152
-0.726871
0.1152
-0.226871
0.1152
-0.776871
0.1152
-0.639371
0.1152
-0.776871
0.1152
-0.701871
0.1152
-0.714371
-0.510204
-0.635204
-0.676871
-0.714371
-0.522704
-0.522704
-0.610204
-0.714371
0.0772957
-0.714371
-0.447704
-0.639371
-0.485204
-0.639371
-0.610204
-0.661871
-0.701871
0.1152
-0.747704
0.1152
-0.660204
0.1152
-0.776871
0.1152
-0.0893709
0.1152
-0.731038
0.1152
-0.714371
0.1152
-0.714371
0.1152
-0.626871
0.1152
-0.626871
0.1152
0.0168885
0.1152
0.0168885
0.1152
0.0168885
0.1152
0.0168885
0.0168885
0.1152
0.0168885
0.1152
0.0168885
0.1152
0.0168885
0.1152
0.0168885
0.1152
-0.543538
0.1152
-0.264371
0.1152
-0.593538
0.1152
-0.731038
0.1152
-0.226871
0.1152
-0.731038
0.1152
-0.639371
0.1152
-0.776871
0.1152
-0.701871
0.1152
-0.714371
-0.526871
-0.676871
-0.611246
-0.639371
-0.701871
-0.714371
-0.601871
-0.714371
-0.173746
-0.676871
-0.611246
-0.639371
-0.701871
-0.639371
-0.701871
-0.639371
-0.701871
0.1152
-0.748746
0.1152
-0.701871
0.1152
-0.714371
0.1152
-0.714371
0.1152
-0.714371
0.1152
-0.714371
0.1152
-0.714371
0.1152
-0.626871
0.1152
-0.614371
0.1152
0.0168885
0.1152
0.0168885
0.1152
0.0168885
0.1152
0.0168885
0.0168885
0.1152
0.0168885
0.1152
0.0168885
0.1152
0.0168885
0.1152
0.0168885
0.1152
-0.643538
0.1152
-0.264371
0.1152
-0.593538
0.1152
-0.726871
0.1152
-0.226871
0.1152
-0.726871
0.1152
-0.639371
0.1152
-0.776871
0.1152
-0.701871
0.1152
-0.647704
-0.564371
-0.635204
-0.0618709
-0.714371
-0.611871
-0.476871
-0.551871
-0.485204
-0.189371
-0.714371
-0.611871
-0.639371
-0.711871
-0.639371
-0.711871
-0.578538
-0.714371
0.1152
-0.766871
0.1152
-0.0893709
0.1152
-0.776871
0.1152
-0.704371
0.1152
-0.704371
0.1152
-0.704371
0.1152
-0.704371
0.1152
-0.614371
0.1152
-0.776871
0.1152
0.0168885
0.1152
0.0168885
0.1152
0.0168885
0.1152
0.0168885
0.1152
0.0168885
0.1152
0.0168885
0.1152
0.0168885
0.1152
0.0168885
0.2252
0.0168885
-0.504996
0.1152
-0.542496
0.1152
-0.517496
0.1152
-0.601871
0.1152
-0.601871
0.1152
-0.776871
0.1152
-0.676871
0.1152
-0.504996
0.1152
-0.542496
0.1152
-0.542496
-0.526871
-0.593538
-0.676871
-0.601871
-0.326871
-0.576871
-0.0768709
-0.776871
-0.676871
-0.604996
-0.326871
-0.604996
-0.676871
-0.576871
-0.676871
-0.589996
-0.776871
0.1152
-0.776871
0.1152
-0.326871
0.1152
-0.776871
0.1152
-0.326871
0.1152
-0.776871
0.1152
-0.326871
0.1152
-0.776871
0.1152
-0.526871
0.1152
-0.772704
0.1152
0.0168885
0.1152
0.0168885
0.1152
0.0168885
0.1152
0.0168885
0.0168885
0.1152
0.0168885
0.1152
0.0168885
0.1152
0.0168885
0.1152
0.0168885
0.1152
-0.476871
0.1152
-0.626871
0.1152
-0.614371
0.1152
-0.214371
0.1152
-0.479996
0.1152
-0.626871
0.1152
-0.626871
0.1152
-0.601871
0.1152
-0.701871
0.1152
-0.664371
-0.251871
-0.748746
0.0606291
-0.748746
-0.564371
-0.611246
-0.601871
-0.473746
0.0606291
-0.748746
-0.114371
-0.748746
-0.376871
-0.748746
-0.0768709
-0.573746
-0.701871
0.1152
-0.772704
0.1152
-0.535204
0.1152
-0.760204
0.1152
-0.535204
0.1152
-0.772704
0.1152
-0.760204
0.1152
-0.460204
0.1152
-0.772704
0.1152
-0.676871
0.1152
0.0168885
0.1152
0.0168885
0.1152
0.0168885
0.1152
0.0168885
0.0168885
0.1152
0.0168885
0.1152
0.0168885
0.1152
0.0168885
0.1152
0.0168885
0.1152
-0.579996
0.1152
-0.629996
0.1152
-0.714371
0.1152
-0.636246
0.1152
-0.714371
0.1152
-0.742496
0.1152
-0.676871
0.1152
-0.776871
0.1152
-0.701871
0.1152
-0.701871
-0.420621
-0.601871
-0.220621
-0.701871
-0.470621
-0.611246
-0.658121
-0.601871
-0.595621
-0.739371
-0.351871
-0.601871
-0.695621
-0.686246
-0.458121
-0.667496
-0.701871
0.1152
-0.583121
0.1152
-0.708121
0.1152
-0.714371
0.1152
-0.764371
0.1152
-0.758121
0.1152
-0.583121
0.1152
-0.714371
0.1152
-0.620621
0.1152
-0.643538
0.1152
0.0168885
0.1152
0.0168885
0.1152
0.0168885
0.1152
0.0168885
0.0168885
0.1152
0.0168885
0.1152
0.0168885
0.1152
0.0168885
0.1152
0.0168885
0.1152
-0.476871
0.1152
-0.714371
0.1152
-0.714371
0.1152
-0.636246
0.1152
-0.714371
0.1152
-0.714371
0.1152
-0.701871
0.1152
-0.776871
0.1152
-0.701871
0.1152
-0.701871
-0.447704
-0.611246
-0.210204
-0.701871
-0.522704
-0.611246
-0.676871
-0.723746
-0.522704
-0.601871
-0.714371
-0.601871
-0.639371
-0.723746
-0.522704
-0.671246
-0.701871
0.1152
-0.747704
0.1152
-0.660204
0.1152
-0.726871
0.1152
-0.726871
0.1152
-0.701871
0.1152
-0.706038
0.1152
-0.0685376
0.1152
-0.626871
0.1152
-0.626871
0.1152
0.0168885
0.1152
0.0168885
0.1152
0.0168885
0.1152
0.0168885
0.0168885
0.1152
0.0168885
0.1152
0.0168885
0.1152
0.0168885
0.1152
0.0168885
0.1152
-0.598746
0.1152
-0.714371
0.1152
-0.714371
0.1152
-0.714371
0.1152
-0.714371
0.1152
-0.714371
0.1152
-0.701871
0.1152
-0.776871
0.1152
-0.701871
0.1152
-0.701871
-0.473746
-0.611246
-0.411246
-0.701871
-0.548746
-0.611246
-0.611246
-0.736246
-0.311246
-0.686246
-0.0862459
-0.601871
-0.723746
-0.651871
-0.576871
-0.626871
-0.701871
0.1152
-0.748746
0.1152
-0.701871
0.1152
-0.714371
0.1152
-0.689371
0.1152
-0.714371
0.1152
-0.586246
0.1152
-0.714371
0.1152
-0.626871
0.1152
-0.614371
0.1152
0.0168885
0.1152
0.0168885
0.1152
0.0168885
0.1152
0.0168885
0.0168885
0.1152
0.0168885
0.1152
0.0168885
0.1152
0.0168885
0.1152
0.0168885
0.1152
-0.476871
0.1152
-0.714371
0.1152
-0.714371
0.1152
-0.636246
0.1152
-0.714371
0.1152
-0.714371
0.1152
-0.701871
0.1152
-0.776871
0.1152
-0.701871
0.1152
-0.701871
-0.564371
-0.611246
-0.551871
-0.701871
-0.364371
-0.611246
-0.691871
-0.701871
-0.564371
-0.651871
-0.461871
-0.601871
-0.689371
-0.723746
-0.564371
-0.571246
-0.714371
0.1152
-0.766871
0.1152
-0.776871
0.1152
-0.776871
0.1152
-0.679371
0.1152
-0.701871
0.1152
-0.616871
0.1152
-0.704371
0.1152
-0.614371
0.1152
-0.776871
0.1152
0.0168885
0.1152
0.0168885
0.1152
0.0168885
0.1152
0.0168885
0.1152
0.0168885
0.1152
0.0168885
0.1152
0.0168885
0.1152
0.0168885
0.2252
0.0168885
-0.466871
0.1152
-0.529371
0.1152
-0.583538
0.1152
-0.711871
0.1152
-0.724371
0.1152
-0.724371
0.1152
-0.676871
0.1152
-0.724371
0.1152
-0.711871
0.1152
-0.401871
-0.526871
-0.561871
-0.676871
-0.679371
-0.326871
-0.224371
0.223129
-0.561871
-0.676871
-0.661871
0.223129
-0.529371
-0.676871
-0.589371
-0.676871
-0.574371
-0.776871
0.1152
-0.776871
0.1152
-0.326871
0.1152
-0.776871
0.1152
-0.776871
0.1152
-0.776871
0.1152
-0.0768709
0.1152
-0.0768709
0.1152
-0.776871
0.1152
-0.772704
0.1152
0.0168885
0.1152
0.0168885
0.1152
0.0168885
0.1152
0.0168885
0.0168885
0.1152
0.0168885
0.1152
0.0168885
0.1152
0.0168885
0.1152
0.0168885
0.1152
-0.514371
0.1152
-0.604371
0.1152
-0.514371
0.1152
-0.514371
0.1152
-0.564371
0.1152
-0.564371
0.1152
-0.636871
0.1152
-0.564371
0.1152
-0.714371
0.1152
-0.564371
-0.551871
-0.711871
0.148129
-0.725204
-0.522704
-0.0893709
0.0606291
-0.725204
0.0772957
-0.749371
0.0606291
-0.725204
-0.447704
-0.741871
-0.451871
-0.561871
-0.701871
0.1152
-0.535204
0.1152
-0.535204
0.1152
-0.760204
0.1152
-0.622704
0.1152
-0.660204
0.1152
-0.772704
0.1152
-0.147704
0.1152
-0.772704
0.1152
-0.676871
0.1152
0.0168885
0.1152
0.0168885
0.1152
0.0168885
0.1152
0.0168885
0.0168885
0.1152
0.0168885
0.1152
0.0168885
0.1152
0.0168885
0.1152
0.0168885
0.1152
-0.514371
0.1152
-0.704371
0.1152
-0.704371
0.1152
-0.704371
0.1152
-0.704371
0.1152
-0.699371
0.1152
-0.0893709
0.1152
-0.776871
0.1152
-0.714371
0.1152
-0.711871
-0.420621
-0.725204
-0.0789543
-0.725204
-0.678954
-0.564371
-0.695621
-0.725204
-0.0789543
-0.725204
-0.678954
-0.725204
-0.678954
-0.725204
-0.678954
-0.654371
-0.701871
0.1152
-0.664371
0.1152
-0.364371
0.1152
-0.714371
0.1152
-0.764371
0.1152
-0.714371
0.1152
-0.508121
0.1152
-0.758121
0.1152
-0.520621
0.1152
-0.643538
0.1152
0.0168885
0.1152
0.0168885
0.1152
0.0168885
0.1152
0.0168885
0.0168885
0.1152
0.0168885
0.1152
0.0168885
0.1152
0.0168885
0.1152
0.0168885
0.1152
-0.514371
0.1152
-0.704371
0.1152
-0.704371
0.1152
-0.704371
0.1152
-0.704371
0.1152
-0.776871
0.1152
-0.0893709
0.1152
-0.776871
0.1152
-0.714371
0.1152
-0.711871
-0.447704
-0.491871
-0.676871
-0.661871
-0.435204
-0.564371
-0.714371
-0.689371
0.0772957
-0.691871
-0.335204
-0.611871
-0.714371
-0.691871
-0.710204
-0.676871
-0.701871
0.1152
-0.747704
0.1152
-0.639371
0.1152
-0.726871
0.1152
-0.0893709
0.1152
-0.731038
0.1152
-0.714371
0.1152
-0.714371
0.1152
-0.626871
0.1152
-0.626871
0.1152
0.0168885
0.1152
0.0168885
0.1152
0.0168885
0.1152
0.0168885
0.0168885
0.1152
0.0168885
0.1152
0.0168885
0.1152
0.0168885
0.1152
0.0168885
0.1152
-0.611871
0.1152
-0.704371
0.1152
-0.704371
0.1152
-0.704371
0.1152
-0.704371
0.1152
-0.776871
0.1152
-0.0893709
0.1152
-0.776871
0.1152
-0.714371
0.1152
-0.711871
-0.473746
-0.691871
-0.611246
-0.661871
-0.576871
-0.491871
-0.136246
-0.661871
-0.451871
-0.691871
-0.611246
-0.691871
-0.611246
-0.691871
-0.536246
-0.616871
-0.701871
0.1152
-0.748746
0.1152
-0.701871
0.1152
-0.714371
0.1152
-0.714371
0.1152
-0.714371
0.1152
-0.714371
0.1152
-0.714371
0.1152
-0.626871
0.1152
-0.614371
0.1152
0.0168885
0.1152
0.0168885
0.1152
0.0168885
0.1152
0.0168885
0.0168885
0.1152
0.0168885
0.1152
0.0168885
0.1152
0.0168885
0.1152
0.0168885
0.1152
-0.514371
0.1152
-0.704371
0.1152
-0.704371
0.1152
-0.704371
0.1152
-0.704371
0.1152
-0.776871
0.1152
-0.0893709
0.1152
-0.776871
0.1152
-0.714371
0.1152
-0.654371
-0.564371
-0.491871
-0.676871
-0.564371
-0.689371
-0.564371
-0.529371
-0.691871
-0.491871
-0.691871
-0.0918709
-0.661871
-0.661871
-0.729371
-0.564371
-0.566871
-0.714371
0.1152
-0.766871
0.1152
-0.776871
0.1152
-0.776871
0.1152
-0.704371
0.1152
-0.704371
0.1152
-0.704371
0.1152
-0.704371
0.1152
-0.614371
