0.633071
0.185
0.633071
0.185
0.633071
0.185
0.633071
0.185
0.547063
0.2875
0.334296
0.507796
0.185
0.633071
0.185
0.633071
0.185
0.633071
0.185
0.633071
0.185
0.633071
0.0899999
0.712786
0.0899999
0.712786
0.0899999
0.712786
0.0899999
0.712786
0.00749989
0.775283
0.00749989
0.775283
0.00749989
0.775283
-0.00500011
0.650333
0.00624989
0.0187499
-1.12341e-07
-1.12341e-07
-1.12341e-07
0.0249999
-1.12341e-07
0.0249999
-1.12341e-07
-1.12341e-07
-1.12341e-07
-1.12341e-07
-1.12341e-07
-1.12341e-07
-1.12341e-07
-1.12341e-07
0.3
-0.00500011
0.775283
0.00749989
0.775283
0.00749989
0.775283
0.00749989
0.712786
0.0899999
0.712786
0.0899999
0.712786
0.0899999
0.712786
0.0899999
0.633071
0.185
0.7825
-0.00499999
0.7825
-0.00499999
0.7825
-0.00499999
0.7825
-0.00499999
0.751244
0.0441666
0.334296
0.520296
0.0332044
0.772943
-0.00499999
0.795
-0.00499999
0.795
-0.00499999
0.795
-0.00500011
0.795
-0.00500011
0.795
-0.00500011
0.795
-0.00500011
0.795
0.00749989
0.787783
0.00749989
0.787783
0.00749989
0.787783
0.00749989
0.787783
-0.00500011
0.650333
0.00624989
0.35
-0.00500011
0.33
-0.00500011
0.205
-0.00500011
0.205
0.00124989
0.3175
-0.00500011
0.205
-0.00500011
0.205
-1.12341e-07
0.2
0.188333
0.145
0.7825
-0.00500011
0.7825
-0.00500011
0.7825
-0.00500011
0.7825
-0.00500011
0.7825
-0.00500011
0.7825
-0.00500011
0.7825
-0.00500011
0.7825
-0.00500011
0.725372
0.0749999
0.725372
0.0749999
0.725372
0.0749999
0.725372
0.0749999
0.670831
0.14
0.334296
0.520296
0.0332044
0.772943
-0.00499999
0.795
-0.00499999
0.795
-0.00499999
0.795
0.185
0.645571
0.0899999
0.725286
0.0899999
0.725286
0.00749989
0.787783
0.00749989
0.787783
0.00749989
0.787783
0.00749989
0.787783
0.00749989
0.787783
-0.00500011
0.650333
0.00624989
0.1675
0.0487499
0.105
-0.00500011
0.105
-0.00500011
0.16375
0.00749989
0.0949999
-0.00500011
0.105
-0.00500011
0.105
-1.12341e-07
0.0999999
0.1925
0.15125
0.7825
-0.00500011
0.7825
-0.00500011
0.7825
-0.00500011
0.7825
-0.00500011
0.7825
-0.00500011
0.7825
-0.00500011
0.725372
0.0749999
0.725372
0.0749999
0.697402
0.108333
0.697402
0.108333
0.697402
0.108333
0.697402
0.108333
0.63447
0.183333
0.334296
0.520296
0.0332044
0.772943
0.185
0.645571
0.185
0.645571
0.185
0.645571
0.185
0.645571
0.0899999
0.725286
0.0899999
0.725286
0.0899999
0.725286
0.00749989
0.787783
0.00749989
0.787783
0.00749989
0.787783
0.00749989
0.787783
-0.00500011
0.650333
0.00624989
0.141667
-0.00500011
0.111667
-1.12341e-07
0.0666666
-1.12341e-07
0.0666666
0.00124989
0.109167
-1.12341e-07
0.0666666
-1.12341e-07
0.0666666
-1.12341e-07
0.0666666
0.0999999
0.129167
0.7825
-0.00500011
0.7825
-0.00500011
0.7825
-0.00500011
0.7825
-0.00500011
0.7825
-0.00500011
0.7825
-0.00500011
0.7825
-0.00500011
0.7825
-0.00500011
0.683417
0.125
0.683417
0.125
0.683417
0.125
0.683417
0.125
0.612618
0.209375
0.334296
0.520296
0.185
0.645571
0.185
0.645571
0.185
0.645571
0.185
0.645571
0.185
0.645571
0.0899999
0.725286
0.0899999
0.725286
0.0899999
0.725286
0.00749989
0.787783
0.00749989
0.787783
0.00749989
0.787783
0.00749989
0.787783
-0.00500011
0.650333
0.0112499
0.0799999
0.0487499
0.0449999
-1.12341e-07
0.0499999
-1.12341e-07
0.0499999
0.00124989
0.0893749
-1.12341e-07
0.0499999
-1.12341e-07
0.0499999
-1.12341e-07
0.0499999
-1.12341e-07
0.0687499
0.772757
0.0118749
0.772757
0.0118749
0.772757
0.0118749
0.772757
0.0118749
0.772757
0.0118749
0.772757
0.0118749
0.772757
0.0118749
0.772757
0.0118749
0.675026
0.135
0.675026
0.135
0.675026
0.135
0.675026
0.135
0.599507
0.225
0.334296
0.520296
0.185
0.645571
0.185
0.645571
0.185
0.645571
0.185
0.645571
0.185
0.645571
0.0899999
0.725286
0.0899999
0.725286
0.0899999
0.725286
0.00749989
0.787783
0.00749989
0.787783
0.00749989
0.787783
0.00749989
0.787783
-0.00500011
0.650333
0.0112499
0.0399999
0.0124999
0.0637499
-1.12341e-07
0.0399999
-1.12341e-07
0.0399999
0.00749989
0.0387499
-0.00500011
0.0699999
-1.12341e-07
0.0399999
-1.12341e-07
0.0399999
0.195
0.0649999
0.7825
-0.00500011
0.763736
0.0274999
0.763736
0.0274999
0.763736
0.0274999
0.763736
0.0274999
0.763736
0.0274999
0.763736
0.0274999
0.763736
0.0274999
0.795
-0.00500011
0.795
-0.00499999
0.795
-0.00499999
0.795
-0.00499999
0.772943
0.0332044
0.334296
0.507796
0.0332044
0.760443
-0.00499999
0.7825
-0.00499999
0.7825
-0.00499999
0.7825
-0.00500011
0.7825
-0.00500011
0.7825
-0.00500011
0.7825
-0.00500011
0.7825
-0.00500011
0.7825
-0.00500011
0.7825
-0.00500011
0.7825
-0.00500011
0.7825
0.145
0.551135
0.31375
0.0262499
0.2
-1.12341e-07
0.205
-0.00500011
0.205
-0.00500011
0.205
-0.00500011
0.205
-0.00500011
0.205
-0.00500011
0.205
-0.00500011
0.2775
-0.00500011
0.787783
0.00749989
0.787783
0.00749989
0.787783
0.00749989
0.787783
0.00749989
0.795
-0.00500011
0.795
-0.00500011
0.795
-0.00500011
0.795
-0.00500011
0.795
-0.00499999
0.763744
0.0441666
0.763744
0.0441666
0.763744
0.0441666
0.763744
0.0441666
0.334296
0.520296
0.0441666
0.763744
0.0441666
0.763744
0.0441666
0.763744
-0.00499999
0.795
-0.00500011
0.795
-0.00500011
0.795
-0.00500011
0.795
-0.00500011
0.795
-0.00500011
0.795
-0.00500011
0.795
-0.00500011
0.795
-0.00500011
0.795
0.145
0.551135
0.33875
0.1075
0.33875
0.21375
0.33875
0.0487499
0.2225
0.2225
0.1375
0.33875
0.1175
0.33875
0.205
0.33875
0.31375
0.34375
0.0483332
0.145
0.795
-0.00500011
0.795
-0.00500011
0.795
-0.00500011
0.795
-0.00500011
0.795
-0.00500011
0.795
-0.00500011
0.795
-0.00500011
0.795
-0.00500011
0.795
-0.00499999
0.795
-0.00499999
0.795
-0.00499999
0.795
-0.00499999
0.772943
0.0332044
0.334296
0.520296
0.0441666
0.763744
-0.00499999
0.795
-0.00499999
0.795
-0.00499999
0.795
-0.00500011
0.795
-0.00500011
0.795
-0.00500011
0.795
-0.00500011
0.795
-0.00500011
0.795
-0.00500011
0.795
-0.00500011
0.795
-0.00500011
0.795
0.145
0.551135
0.33875
0.105
0.33875
0.0612499
0.33875
0.0512499
0.145
0.15125
0.33875
0.155
0.115
0.15125
0.115
0.155
0.11875
0.155
0.115
0.15125
0.795
-0.00500011
0.795
-0.00500011
0.795
-0.00500011
0.795
-0.00500011
0.775515
0.0287499
0.775515
0.0287499
0.795
-0.00500011
0.795
-0.00500011
0.795
-0.00500011
0.795
-0.00499999
0.795
-0.00499999
0.795
-0.00499999
0.772943
0.0332044
0.334296
0.520296
0.0332044
0.772943
-0.00499999
0.795
-0.00499999
0.795
-0.00499999
0.795
-0.00500011
0.795
-0.00500011
0.795
-0.00500011
0.795
-0.00500011
0.795
-0.00500011
0.795
-0.00500011
0.795
-0.00500011
0.795
-0.00500011
0.795
0.145
0.551135
0.33875
0.0991666
0.33875
0.0512499
0.33875
0.0991666
0.33875
0.0991666
0.34375
0.124167
0.1175
0.129167
0.1175
0.129167
0.3075
0.141667
0.205
0.129167
0.795
-0.00500011
0.795
-0.00500011
0.795
-0.00500011
0.795
-0.00500011
0.795
-0.00500011
0.795
-0.00500011
0.795
-0.00500011
0.795
-0.00500011
0.795
-0.00500011
0.795
-0.00499999
0.795
-0.00499999
0.795
-0.00499999
0.772943
0.0332044
0.334296
0.520296
0.0332044
0.772943
-0.00499999
0.795
-0.00499999
0.795
-0.00499999
0.795
-0.00500011
0.795
-0.00500011
0.795
-0.00500011
0.795
-0.00500011
0.795
-0.00500011
0.795
-0.00500011
0.795
-0.00500011
0.795
-0.00500011
0.795
0.145
0.551135
0.33875
0.0549999
0.33875
0.0731249
0.33875
0.0487499
0.33875
0.0918749
0.33875
0.0918749
0.23
0.0499999
0.33875
0.0549999
0.205
0.0749999
0.2
0.0687499
0.795
-0.00500011
0.785257
0.0118749
0.785257
0.0118749
0.785257
0.0118749
0.795
-0.00500011
0.795
-0.00500011
0.795
-0.00500011
0.795
-0.00500011
0.795
-0.00500011
0.795
-0.00499999
0.795
-0.00499999
0.795
-0.00499999
0.772943
0.0332044
0.334296
0.520296
0.0332044
0.772943
-0.00499999
0.795
-0.00499999
0.795
-0.00499999
0.795
-0.00500011
0.795
-0.00500011
0.795
-0.00500011
0.795
-0.00500011
0.795
-0.00500011
0.795
-0.00500011
0.795
-0.00500011
0.795
-0.00500011
0.795
0.145
0.551135
0.33875
0.0674999
0.33875
0.0612499
0.33875
0.0612499
0.22375
0.0612499
0.33875
0.0612499
0.235
0.0649999
0.215
0.0874999
0.31375
0.0637499
0.205
0.0649999
0.795
-0.00500011
0.795
-0.00500011
0.776236
0.0274999
0.795
-0.00500011
0.795
-0.00500011
0.795
-0.00500011
0.795
-0.00500011
0.795
-0.00500011
0.795
-0.00500011
0.795
-0.00499999
0.795
-0.00499999
0.795
-0.00499999
0.772943
0.0332044
0.334296
0.507796
0.0749999
0.725372
0.0749999
0.725372
0.0749999
0.725372
0.0749999
0.725372
0.0749999
0.725372
0.0749999
0.725372
-0.00500011
0.7825
-0.00500011
0.7825
-0.00500011
0.7825
-0.00500011
0.7825
-0.00500011
0.7825
-0.00500011
0.7825
0.15125
0.545891
0.105
-0.00500011
0.0999999
-1.12341e-07
0.105
-0.00500011
0.105
-0.00500011
0.105
-0.00500011
0.105
-0.00500011
0.105
-0.00500011
0.105
-0.00500011
0.25
-0.00500011
0.787783
0.00749989
0.787783
0.00749989
0.787783
0.00749989
0.787783
0.00749989
0.787783
0.00749989
0.725286
0.0899999
0.725286
0.0899999
0.645571
0.185
0.795
-0.00500011
0.795
-0.00499999
0.795
-0.00499999
0.763744
0.0441666
0.763744
0.0441666
0.334296
0.520296
0.0332044
0.772943
-0.00499999
0.795
-0.00499999
0.795
-0.00499999
0.795
-0.00500011
0.795
-0.00500011
0.795
0.0287499
0.775515
0.0287499
0.775515
-0.00500011
0.795
-0.00500011
0.795
-0.00500011
0.795
-0.00500011
0.795
0.15125
0.545891
0.15125
0.115
0.0499999
0.32
0.155
0.33
0.0512499
0.33875
0.15125
0.33875
0.155
0.33875
0.0512499
0.33875
0.1575
0.34375
0.103333
0.145
0.795
-0.00500011
0.795
-0.00500011
0.795
-0.00500011
0.795
-0.00500011
0.795
-0.00500011
0.795
-0.00500011
0.795
-0.00500011
0.795
-0.00500011
0.737872
0.0749999
0.737872
0.0749999
0.737872
0.0749999
0.737872
0.0749999
0.690673
0.13125
0.334296
0.520296
0.0749999
0.737872
0.0749999
0.737872
0.0749999
0.737872
0.0749999
0.737872
0.0749999
0.737872
0.0749999
0.737872
0.0287499
0.775515
-0.00500011
0.795
-0.00500011
0.795
-0.00500011
0.795
-0.00500011
0.795
-0.00500011
0.795
0.15125
0.545891
0.105
0.0699999
0.155
0.17375
0.0512499
0.105
0.105
0.15125
0.10875
0.15125
0.15125
0.12375
0.115
0.155
0.105
0.155
0.13875
0.15125
0.795
-0.00500011
0.795
-0.00500011
0.795
-0.00500011
0.795
-0.00500011
0.795
-0.00500011
0.775515
0.0287499
0.737872
0.0749999
0.737872
0.0749999
0.709902
0.108333
0.709902
0.108333
0.709902
0.108333
0.709902
0.108333
0.772943
0.0332044
0.334296
0.520296
0.0749999
0.737872
0.0749999
0.737872
0.0749999
0.737872
0.0749999
0.737872
0.0749999
0.737872
0.0749999
0.737872
-0.00500011
0.795
-0.00500011
0.795
-0.00500011
0.795
-0.00500011
0.795
-0.00500011
0.795
-0.00500011
0.795
0.15125
0.545891
0.15125
0.0716666
0.155
0.0754166
0.0987499
0.141667
0.155
0.130417
0.0949999
0.130417
0.115
0.129167
0.125
0.130417
0.15125
0.141667
0.105
0.129167
0.795
-0.00500011
0.795
-0.00500011
0.795
-0.00500011
0.795
-0.00500011
0.795
-0.00500011
0.795
-0.00500011
0.795
-0.00500011
0.795
-0.00500011
0.695917
0.125
0.695917
0.125
0.695917
0.125
0.795
-0.00499999
0.772943
0.0332044
0.334296
0.520296
0.0749999
0.737872
0.0749999
0.737872
0.0749999
0.737872
0.0749999
0.737872
0.0749999
0.737872
0.0749999
0.737872
-0.00500011
0.795
-0.00500011
0.795
-0.00500011
0.795
-0.00500011
0.795
-0.00500011
0.795
-0.00500011
0.795
0.15125
0.545891
0.105
0.0418749
0.0999999
0.0687499
0.105
0.0418749
0.1575
0.109375
0.0999999
0.0687499
0.0949999
0.115625
0.12375
0.0731249
0.105
0.115625
0.0999999
0.0687499
0.785257
0.0118749
0.785257
0.0118749
0.785257
0.0118749
0.785257
0.0118749
0.785257
0.0118749
0.785257
0.0118749
0.785257
0.0118749
0.785257
0.0118749
0.687526
0.135
0.687526
0.135
0.795
-0.00499999
0.795
-0.00499999
0.772943
0.0332044
0.334296
0.520296
0.0749999
0.737872
0.0749999
0.737872
0.0749999
0.737872
0.0749999
0.737872
0.0749999
0.737872
0.0749999
0.737872
-0.00500011
0.795
-0.00500011
0.795
-0.00500011
0.795
-0.00500011
0.795
-0.00500011
0.795
-0.00500011
0.795
0.15125
0.545891
0.16125
0.0637499
0.0999999
0.0399999
0.105
0.0874999
0.105
0.0874999
0.12375
0.0762499
0.0949999
0.0699999
0.115
0.0874999
0.115
0.0474999
0.13875
0.0649999
0.795
-0.00500011
0.776236
0.0274999
0.776236
0.0274999
0.776236
0.0274999
0.776236
0.0274999
0.776236
0.0274999
0.776236
0.0274999
0.776236
0.0274999
0.645571
0.185
0.645571
0.185
0.645571
0.185
0.795
-0.00499999
0.772943
0.0332044
0.334296
0.507796
0.108333
0.697402
0.108333
0.697402
0.108333
0.697402
0.108333
0.697402
-0.00500011
0.7825
-0.00500011
0.7825
-0.00500011
0.7825
-0.00500011
0.7825
-0.00500011
0.7825
-0.00500011
0.7825
-0.00500011
0.7825
-0.00500011
0.7825
0.129167
0.596057
0.0666666
-1.12341e-07
0.0666666
-1.12341e-07
0.0666666
-1.12341e-07
0.0666666
-1.12341e-07
0.0666666
-1.12341e-07
0.0666666
-1.12341e-07
0.0666666
-1.12341e-07
0.0666666
-1.12341e-07
0.2625
-0.00500011
0.787783
0.00749989
0.787783
0.00749989
0.787783
0.00749989
0.787783
0.00749989
0.725286
0.0899999
0.725286
0.0899999
0.725286
0.0899999
0.645571
0.185
0.795
-0.00499999
0.795
-0.00499999
0.795
-0.00499999
0.795
-0.00499999
0.763744
0.0441666
0.334296
0.520296
0.0332044
0.772943
-0.00499999
0.795
-0.00499999
0.795
-0.00499999
0.795
-0.00500011
0.795
-0.00500011
0.795
-0.00500011
0.795
-0.00500011
0.795
-0.00500011
0.795
-0.00500011
0.795
-0.00500011
0.795
-0.00500011
0.795
0.129167
0.596057
0.130417
0.3175
0.105417
0.34375
0.111667
0.3375
0.0324999
0.33875
0.0666666
0.21
0.0116666
0.33875
0.0324999
0.33875
0.105417
0.34375
0.128333
0.145
0.795
-0.00500011
0.795
-0.00500011
0.795
-0.00500011
0.795
-0.00500011
0.795
-0.00500011
0.795
-0.00500011
0.795
-0.00500011
0.795
-0.00500011
0.737872
0.0749999
0.737872
0.0749999
0.737872
0.0749999
0.737872
0.0749999
0.683331
0.14
0.334296
0.520296
0.108333
0.709902
0.108333
0.709902
0.108333
0.709902
0.108333
0.709902
-0.00500011
0.795
-0.00500011
0.795
-0.00500011
0.795
-0.00500011
0.795
-0.00500011
0.795
-0.00500011
0.795
-0.00500011
0.795
-0.00500011
0.795
0.129167
0.596057
0.130417
0.105
0.121667
0.155
0.141667
0.0949999
0.130417
0.15125
0.130417
0.155
0.129167
0.115
0.115417
0.155
0.0716666
0.155
0.153333
0.15125
0.795
-0.00500011
0.795
-0.00500011
0.795
-0.00500011
0.795
-0.00500011
0.795
-0.00500011
0.795
-0.00500011
0.737872
0.0749999
0.737872
0.0749999
0.709902
0.108333
0.709902
0.108333
0.709902
0.108333
0.709902
0.108333
0.64697
0.183333
0.334296
0.520296
0.108333
0.709902
0.108333
0.709902
0.108333
0.709902
0.108333
0.709902
-0.00500011
0.795
-0.00500011
0.795
-0.00500011
0.795
-0.00500011
0.795
-0.00500011
0.795
-0.00500011
0.795
-0.00500011
0.795
-0.00500011
0.795
0.129167
0.596057
0.102917
0.111667
0.117917
0.141667
0.141667
0.129167
0.124167
0.124167
0.105417
0.135417
0.0716666
0.129167
0.0616666
0.111667
0.117917
0.141667
0.0716666
0.129167
0.795
-0.00500011
0.795
-0.00500011
0.795
-0.00500011
0.795
-0.00500011
0.795
-0.00500011
0.795
-0.00500011
0.795
-0.00500011
0.795
-0.00500011
0.695917
0.125
0.695917
0.125
0.695917
0.125
0.695917
0.125
0.625118
0.209375
0.334296
0.520296
0.108333
0.709902
0.108333
0.709902
0.108333
0.709902
0.108333
0.709902
-0.00500011
0.795
-0.00500011
0.795
-0.00500011
0.795
-0.00500011
0.795
-0.00500011
0.795
-0.00500011
0.795
-0.00500011
0.795
-0.00500011
0.795
0.129167
0.596057
0.0916666
0.0956249
0.135417
0.0981249
0.141667
0.0731249
0.130417
0.0549999
0.130417
0.0731249
0.0616666
0.115625
0.111667
0.0731249
0.0716666
0.115625
0.0666666
0.0687499
0.785257
0.0118749
0.785257
0.0118749
0.785257
0.0118749
0.785257
0.0118749
0.785257
0.0118749
0.785257
0.0118749
0.785257
0.0118749
0.785257
0.0118749
0.687526
0.135
0.687526
0.135
0.687526
0.135
0.687526
0.135
0.772943
0.0332044
0.334296
0.520296
0.108333
0.709902
0.108333
0.709902
0.108333
0.709902
0.108333
0.709902
-0.00500011
0.795
-0.00500011
0.795
-0.00500011
0.795
-0.00500011
0.795
-0.00500011
0.795
-0.00500011
0.795
-0.00500011
0.795
-0.00500011
0.795
0.129167
0.596057
0.111667
0.0537499
0.135417
0.0937499
0.130417
0.0874999
0.130417
0.0874999
0.130417
0.0649999
0.105417
0.0737499
0.0716666
0.0874999
0.111667
0.0674999
0.1575
0.0649999
0.795
-0.00500011
0.776236
0.0274999
0.776236
0.0274999
0.776236
0.0274999
0.776236
0.0274999
0.776236
0.0274999
0.776236
0.0274999
0.776236
0.0274999
0.645571
0.185
0.645571
0.185
0.645571
0.185
0.645571
0.185
0.772943
0.0332044
0.334296
0.507796
0.125
0.683417
0.125
0.683417
0.125
0.683417
0.125
0.683417
0.0118749
0.772757
0.0118749
0.772757
0.0118749
0.772757
0.0118749
0.772757
0.0118749
0.772757
0.0118749
0.772757
0.0118749
0.772757
0.0118749
0.772757
0.0687499
0.571942
0.0499999
-1.12341e-07
0.0499999
-1.12341e-07
0.0499999
-1.12341e-07
0.0499999
-1.12341e-07
0.0499999
-1.12341e-07
0.0499999
-1.12341e-07
0.0499999
-1.12341e-07
0.0499999
-1.12341e-07
0.271875
-0.00500011
0.787783
0.00749989
0.787783
0.00749989
0.787783
0.00749989
0.787783
0.00749989
0.725286
0.0899999
0.725286
0.0899999
0.725286
0.0899999
0.645571
0.185
0.795
-0.00499999
0.795
-0.00499999
0.795
-0.00499999
0.795
-0.00499999
0.763744
0.0441666
0.334296
0.520296
0.0332044
0.772943
-0.00499999
0.795
-0.00499999
0.795
-0.00499999
0.795
-0.00500011
0.795
-0.00500011
0.795
-0.00500011
0.795
-0.00500011
0.795
0.0118749
0.785257
0.0118749
0.785257
0.0118749
0.785257
-0.00500011
0.795
0.0687499
0.571942
0.109375
0.34375
0.109375
0.34375
0.0768749
0.33
0.00749989
0.33875
0.0499999
0.21
0.0731249
0.33875
0.0731249
0.33875
0.0793749
0.34375
0.140833
0.145
0.795
-0.00500011
0.795
-0.00500011
0.795
-0.00500011
0.795
-0.00500011
0.795
-0.00500011
0.795
-0.00500011
0.795
-0.00500011
0.795
-0.00500011
0.737872
0.0749999
0.737872
0.0749999
0.737872
0.0749999
0.737872
0.0749999
0.683331
0.14
0.334296
0.520296
0.0332044
0.772943
0.125
0.695917
0.125
0.695917
0.125
0.695917
0.0118749
0.785257
0.0118749
0.785257
0.0118749
0.785257
0.0118749
0.785257
0.0118749
0.785257
0.0118749
0.785257
0.0118749
0.785257
0.0118749
0.785257
0.0687499
0.571942
0.115625
0.0949999
0.0499999
0.13
0.0537499
0.0999999
0.103125
0.12375
0.0793749
0.16125
0.0231249
0.115
0.0856249
0.0949999
0.0449999
0.1675
0.160625
0.15125
0.795
-0.00500011
0.795
-0.00500011
0.795
-0.00500011
0.795
-0.00500011
0.795
-0.00500011
0.795
-0.00500011
0.737872
0.0749999
0.737872
0.0749999
0.709902
0.108333
0.709902
0.108333
0.709902
0.108333
0.709902
0.108333
0.64697
0.183333
0.334296
0.520296
0.125
0.695917
0.125
0.695917
0.125
0.695917
0.125
0.695917
0.0118749
0.785257
0.0118749
0.785257
0.0118749
0.785257
0.0118749
0.785257
0.0118749
0.785257
0.0118749
0.785257
0.0118749
0.785257
0.0118749
0.785257
0.0687499
0.571942
0.0487499
0.130417
0.0487499
0.141667
0.0793749
0.105417
0.0731249
0.130417
0.0831249
0.135417
0.0793749
0.135417
0.0449999
0.111667
0.0449999
0.141667
0.0718749
0.129167
0.795
-0.00500011
0.795
-0.00500011
0.795
-0.00500011
0.795
-0.00500011
0.795
-0.00500011
0.795
-0.00500011
0.795
-0.00500011
0.795
-0.00500011
0.695917
0.125
0.695917
0.125
0.695917
0.125
0.695917
0.125
0.625118
0.209375
0.334296
0.520296
0.125
0.695917
0.125
0.695917
0.125
0.695917
0.125
0.695917
0.0118749
0.785257
0.0118749
0.785257
0.0118749
0.785257
0.0118749
0.785257
0.0118749
0.785257
0.0118749
0.785257
0.0118749
0.785257
0.0118749
0.785257
0.0687499
0.571942
0.0893749
0.0487499
0.0487499
0.115625
0.0487499
0.115625
0.0537499
0.0687499
0.0856249
0.0637499
0.0449999
0.115625
0.0499999
0.0687499
0.0449999
0.115625
0.0499999
0.0687499
0.785257
0.0118749
0.785257
0.0118749
0.785257
0.0118749
0.785257
0.0118749
0.785257
0.0118749
0.785257
0.0118749
0.785257
0.0118749
0.785257
0.0118749
0.687526
0.135
0.687526
0.135
0.687526
0.135
0.687526
0.135
0.612007
0.225
0.334296
0.520296
0.125
0.695917
0.125
0.695917
0.125
0.695917
0.125
0.695917
0.0118749
0.785257
0.0118749
0.785257
0.0118749
0.785257
0.0118749
0.785257
0.0118749
0.785257
0.0118749
0.785257
0.0118749
0.785257
0.0118749
0.785257
0.0687499
0.571942
0.115625
0.0449999
0.0499999
0.0699999
0.0793749
0.0637499
0.0856249
0.0649999
0.0793749
0.0737499
0.0537499
0.0699999
0.0499999
0.0699999
0.0549999
0.0699999
0.166875
0.0649999
0.795
-0.00500011
0.776236
0.0274999
0.776236
0.0274999
0.776236
0.0274999
0.776236
0.0274999
0.776236
0.0274999
0.776236
0.0274999
0.776236
0.0274999
0.645571
0.185
0.645571
0.185
0.645571
0.185
0.645571
0.185
0.772943
0.0332044
0.334296
0.507796
0.135
0.675026
0.135
0.675026
0.135
0.675026
0.135
0.675026
0.0274999
0.763736
0.0274999
0.763736
0.0274999
0.763736
0.0274999
0.763736
0.0274999
0.763736
0.0274999
0.763736
0.0274999
0.763736
-0.00500011
0.7825
0.0637499
0.619312
0.0399999
-1.12341e-07
0.0399999
-1.12341e-07
0.0399999
-1.12341e-07
0.0399999
-1.12341e-07
0.0399999
-1.12341e-07
0.0399999
-1.12341e-07
0.0399999
-1.12341e-07
0.0399999
-1.12341e-07
0.2775
-0.00500011
0.787783
0.00749989
0.787783
0.00749989
0.787783
0.00749989
0.787783
0.00749989
0.725286
0.0899999
0.725286
0.0899999
0.725286
0.0899999
0.645571
0.185
0.795
-0.00499999
0.795
-0.00499999
0.795
-0.00499999
0.795
-0.00499999
0.763744
0.0441666
0.334296
0.520296
0.0332044
0.772943
-0.00499999
0.795
-0.00499999
0.795
-0.00499999
0.795
-0.00500011
0.795
-0.00500011
0.795
-0.00500011
0.795
-0.00500011
0.795
-0.00500011
0.795
0.0274999
0.776236
-0.00500011
0.795
-0.00500011
0.795
0.0637499
0.619312
0.0612499
0.33875
0.0937499
0.34375
0.0612499
0.33
0.00499989
0.33875
0.0399999
0.21
0.0699999
0.225
0.00499989
0.33875
0.0637499
0.34375
0.148333
0.145
0.795
-0.00500011
0.795
-0.00500011
0.795
-0.00500011
0.795
-0.00500011
0.795
-0.00500011
0.795
-0.00500011
0.795
-0.00500011
0.795
-0.00500011
0.737872
0.0749999
0.737872
0.0749999
0.737872
0.0749999
0.737872
0.0749999
0.683331
0.14
0.334296
0.520296
0.0332044
0.772943
-0.00499999
0.795
0.135
0.687526
0.135
0.687526
0.0274999
0.776236
0.0274999
0.776236
0.0274999
0.776236
0.0274999
0.776236
0.0274999
0.776236
0.0274999
0.776236
0.0274999
0.776236
-0.00500011
0.795
0.0637499
0.619312
0.0699999
0.0999999
0.0874999
0.115
0.0587499
0.10375
0.0799999
0.125
0.0824999
0.1575
0.0174999
0.115
0.0174999
0.105
0.0174999
0.1675
0.165
0.15125
0.795
-0.00500011
0.795
-0.00500011
0.795
-0.00500011
0.795
-0.00500011
0.795
-0.00500011
0.795
-0.00500011
0.737872
0.0749999
0.737872
0.0749999
0.709902
0.108333
0.709902
0.108333
0.709902
0.108333
0.709902
0.108333
0.64697
0.183333
0.334296
0.520296
0.135
0.687526
0.135
0.687526
0.135
0.687526
0.135
0.687526
0.0274999
0.776236
0.0274999
0.776236
0.0274999
0.776236
0.0274999
0.776236
0.0274999
0.776236
0.0274999
0.776236
0.0274999
0.776236
-0.00500011
0.795
0.0637499
0.619312
0.0637499
0.115417
0.0537499
0.141667
0.0637499
0.105417
0.0574999
0.130417
0.0824999
0.135417
0.0637499
0.135417
0.0399999
0.0966666
0.0637499
0.109167
0.0774999
0.129167
0.795
-0.00500011
0.795
-0.00500011
0.795
-0.00500011
0.795
-0.00500011
0.795
-0.00500011
0.795
-0.00500011
0.795
-0.00500011
0.795
-0.00500011
0.695917
0.125
0.695917
0.125
0.695917
0.125
0.695917
0.125
0.625118
0.209375
0.334296
0.520296
0.135
0.687526
0.135
0.687526
0.135
0.687526
0.135
0.687526
0.0274999
0.776236
0.0274999
0.776236
0.0274999
0.776236
0.0274999
0.776236
0.0274999
0.776236
0.0274999
0.776236
0.0274999
0.776236
-0.00500011
0.795
0.0637499
0.619312
0.0887499
0.0749999
0.0537499
0.115625
0.0699999
0.0487499
0.0637499
0.0793749
0.0737499
0.0637499
0.0349999
0.115625
0.0499999
0.0687499
0.0387499
0.115625
0.0399999
0.0687499
0.785257
0.0118749
0.785257
0.0118749
0.785257
0.0118749
0.785257
0.0118749
0.785257
0.0118749
0.785257
0.0118749
0.785257
0.0118749
0.785257
0.0118749
0.687526
0.135
0.687526
0.135
0.687526
0.135
0.687526
0.135
0.612007
0.225
0.334296
0.520296
0.135
0.687526
0.135
0.687526
0.135
0.687526
0.135
0.687526
0.0274999
0.776236
0.0274999
0.776236
0.0274999
0.776236
0.0274999
0.776236
0.0274999
0.776236
0.0274999
0.776236
0.0274999
0.776236
-0.00500011
0.795
0.0637499
0.619312
0.0437499
0.0699999
0.0637499
0.0674999
0.0699999
0.0499999
0.0637499
0.0674999
0.0737499
0.0649999
0.0637499
0.0637499
0.0637499
0.0637499
0.0587499
0.0699999
0.1725
0.0649999
0.795
-0.00500011
0.776236
0.0274999
0.776236
0.0274999
0.776236
0.0274999
0.776236
0.0274999
0.776236
0.0274999
0.776236
0.0274999
0.776236
0.0274999
