0.633072
0.184999
0.633072
0.184999
0.633072
0.184999
0.633072
0.184999
0.547064
0.287499
0.334296
0.507796
0.184999
0.633072
0.184999
0.633072
0.184999
0.633072
0.184999
0.633072
0.184999
0.633072
0.0899993
0.712786
0.0899993
0.712786
0.0899993
0.712786
0.0899993
0.712786
0.00749933
0.775284
0.00749933
0.775284
0.00749933
0.775284
-0.00500067
0.650334
-0.00500067
0.0187493
-6.69607e-07
-6.69607e-07
0.00624933
0.0674993
-6.69607e-07
-6.69607e-07
0.00124933
0.00124933
-6.69607e-07
-6.69607e-07
-0.00500067
0.0487493
-0.00500067
0.00749933
0.299999
-0.00500067
0.775284
0.00749933
0.775284
0.00749933
0.775284
0.00749933
0.712786
0.0899993
0.712786
0.0899993
0.712786
0.0899993
0.712786
0.0899993
0.633072
0.184999
0.7825
-0.00499997
0.7825
-0.00499997
0.7825
-0.00499997
0.7825
-0.00499997
0.751245
0.044166
0.334296
0.520296
0.0332038
0.772943
-0.00499997
0.795
-0.00499997
0.795
-0.00499997
0.795
-0.00500067
0.795
-0.00500067
0.795
-0.00500067
0.795
-0.00500067
0.795
0.00749933
0.787784
0.00749933
0.787784
0.00749933
0.787784
0.00749933
0.787784
-0.00500067
0.650334
-0.00500067
0.349999
-0.00500067
0.214999
-0.00500067
0.204999
-0.00500067
0.204999
-0.00500067
0.319999
-0.00500067
0.204999
-0.00500067
0.208749
-0.00500067
0.319999
-0.00500067
0.204999
0.7825
-0.00500067
0.7825
-0.00500067
0.7825
-0.00500067
0.7825
-0.00500067
0.7825
-0.00500067
0.7825
-0.00500067
0.7825
-0.00500067
0.7825
-0.00500067
0.725373
0.0749993
0.725373
0.0749993
0.725373
0.0749993
0.725373
0.0749993
0.670831
0.139999
0.334296
0.520296
0.0332038
0.772943
-0.00499997
0.795
-0.00499997
0.795
-0.00499997
0.795
0.184999
0.645572
0.0899993
0.725286
0.0899993
0.725286
0.00749933
0.787784
0.00749933
0.787784
0.00749933
0.787784
0.00749933
0.787784
0.00749933
0.787784
-0.00500067
0.650334
-0.00500067
0.163749
-0.00500067
0.104999
-0.00500067
0.104999
-0.00500067
0.163749
-0.00500067
0.114999
-0.00500067
0.104999
-0.00500067
0.163749
-0.00500067
0.182499
-0.00500067
0.163749
0.7825
-0.00500067
0.7825
-0.00500067
0.7825
-0.00500067
0.7825
-0.00500067
0.7825
-0.00500067
0.7825
-0.00500067
0.725373
0.0749993
0.725373
0.0749993
0.697403
0.108333
0.697403
0.108333
0.697403
0.108333
0.697403
0.108333
0.63447
0.183333
0.334296
0.520296
0.0332038
0.772943
0.184999
0.645572
0.184999
0.645572
0.184999
0.645572
0.184999
0.645572
0.0899993
0.725286
0.0899993
0.725286
0.0899993
0.725286
0.00749933
0.787784
0.00749933
0.787784
0.00749933
0.787784
0.00749933
0.787784
-0.00500067
0.650334
-0.00500067
0.141666
-0.00500067
0.111666
-6.69607e-07
0.066666
-6.69607e-07
0.066666
-0.00500067
0.115416
-0.00500067
0.115416
-0.00500067
0.115416
-6.69607e-07
0.066666
-0.00500067
0.130416
0.7825
-0.00500067
0.7825
-0.00500067
0.7825
-0.00500067
0.7825
-0.00500067
0.7825
-0.00500067
0.7825
-0.00500067
0.7825
-0.00500067
0.7825
-0.00500067
0.683418
0.124999
0.683418
0.124999
0.683418
0.124999
0.683418
0.124999
0.612619
0.209374
0.334296
0.520296
0.184999
0.645572
0.184999
0.645572
0.184999
0.645572
0.184999
0.645572
0.184999
0.645572
0.0899993
0.725286
0.0899993
0.725286
0.0899993
0.725286
0.00749933
0.787784
0.00749933
0.787784
0.00749933
0.787784
0.00749933
0.787784
-0.00500067
0.650334
-0.00500067
0.0893743
-6.69607e-07
0.0599993
-6.69607e-07
0.0499993
-0.00500067
0.0856243
-0.00500067
0.0956243
-0.00500067
0.115624
-0.00500067
0.0856243
-6.69607e-07
0.0499993
0.123749
0.0331243
0.772758
0.0118743
0.772758
0.0118743
0.772758
0.0118743
0.772758
0.0118743
0.772758
0.0118743
0.772758
0.0118743
0.772758
0.0118743
0.772758
0.0118743
0.675027
0.134999
0.675027
0.134999
0.675027
0.134999
0.675027
0.134999
0.599508
0.224999
0.334296
0.520296
0.184999
0.645572
0.184999
0.645572
0.184999
0.645572
0.184999
0.645572
0.184999
0.645572
0.0899993
0.725286
0.0899993
0.725286
0.0899993
0.725286
0.00749933
0.787784
0.00749933
0.787784
0.00749933
0.787784
0.00749933
0.787784
-0.00500067
0.650334
-6.69607e-07
0.0399993
0.0124993
0.0637493
-6.69607e-07
0.0399993
-6.69607e-07
0.0399993
0.00749933
0.0349993
-0.00500067
0.0999993
-0.00500067
0.0699993
-6.69607e-07
0.0399993
0.194999
0.0349993
0.7825
-0.00500067
0.763737
0.0274993
0.763737
0.0274993
0.763737
0.0274993
0.763737
0.0274993
0.763737
0.0274993
0.763737
0.0274993
0.763737
0.0274993
0.795
-0.00499997
0.795
-0.00499997
0.795
-0.00499997
0.795
-0.00499997
0.772943
0.0332038
0.334296
0.507796
0.0332038
0.760443
-0.00499997
0.7825
-0.00499997
0.7825
-0.00499997
0.7825
-0.00500067
0.7825
-0.00500067
0.7825
-0.00500067
0.7825
-0.00500067
0.7825
-0.00500067
0.7825
-0.00500067
0.7825
-0.00500067
0.7825
-0.00500067
0.7825
0.204999
0.50079
0.313749
0.0262493
0.199999
-6.69607e-07
0.204999
-0.00500067
0.204999
0.0362493
0.199999
-6.69607e-07
0.204999
-0.00500067
0.204999
-0.00500067
0.204999
-0.00500067
0.277499
-0.00500067
0.787784
0.00749933
0.787784
0.00749933
0.787784
0.00749933
0.787784
0.00749933
0.795
-0.00500067
0.795
-0.00500067
0.795
-0.00500067
0.795
-0.00500067
0.795
-0.00499997
0.763745
0.044166
0.763745
0.044166
0.763745
0.044166
0.763745
0.044166
0.334296
0.520296
0.044166
0.763745
0.044166
0.763745
0.044166
0.763745
-0.00499997
0.795
-0.00500067
0.795
-0.00500067
0.795
-0.00500067
0.795
-0.00500067
0.795
-0.00500067
0.795
-0.00500067
0.795
-0.00500067
0.795
-0.00500067
0.795
0.204999
0.50079
0.338749
0.0749993
0.199999
0.229999
0.338749
0.213749
0.307499
0.338749
0.343749
0.343749
0.107499
0.338749
0.107499
0.338749
0.0449993
0.338749
0.0449993
0.204999
0.795
-0.00500067
0.795
-0.00500067
0.795
-0.00500067
0.795
-0.00500067
0.795
-0.00500067
0.795
-0.00500067
0.795
-0.00500067
0.795
-0.00500067
0.795
-0.00499997
0.795
-0.00499997
0.795
-0.00499997
0.795
-0.00499997
0.772943
0.0332038
0.334296
0.520296
0.044166
0.763745
-0.00499997
0.795
-0.00499997
0.795
-0.00499997
0.795
-0.00500067
0.795
-0.00500067
0.795
-0.00500067
0.795
-0.00500067
0.795
-0.00500067
0.795
-0.00500067
0.795
-0.00500067
0.795
-0.00500067
0.795
0.204999
0.50079
0.338749
0.0812493
0.338749
0.151249
0.338749
0.0949993
0.338749
0.161249
0.343749
0.157499
0.194999
0.193749
0.307499
0.193749
0.313749
0.157499
0.107499
0.163749
0.795
-0.00500067
0.795
-0.00500067
0.795
-0.00500067
0.795
-0.00500067
0.775515
0.0287493
0.775515
0.0287493
0.795
-0.00500067
0.795
-0.00500067
0.795
-0.00499997
0.795
-0.00499997
0.795
-0.00499997
0.795
-0.00499997
0.772943
0.0332038
0.334296
0.520296
0.0332038
0.772943
-0.00499997
0.795
-0.00499997
0.795
-0.00499997
0.795
-0.00500067
0.795
-0.00500067
0.795
-0.00500067
0.795
-0.00500067
0.795
-0.00500067
0.795
-0.00500067
0.795
-0.00500067
0.795
-0.00500067
0.795
0.204999
0.50079
0.338749
0.041666
0.338749
0.021666
0.343749
0.135416
0.338749
0.099166
0.343749
0.115416
0.194999
0.130416
0.234999
0.099166
0.307499
0.121666
0.194999
0.130416
0.795
-0.00500067
0.795
-0.00500067
0.795
-0.00500067
0.795
-0.00500067
0.795
-0.00500067
0.795
-0.00500067
0.795
-0.00500067
0.795
-0.00500067
0.795
-0.00499997
0.795
-0.00499997
0.795
-0.00499997
0.795
-0.00499997
0.772943
0.0332038
0.334296
0.520296
0.0332038
0.772943
-0.00499997
0.795
-0.00499997
0.795
-0.00499997
0.795
-0.00500067
0.795
-0.00500067
0.795
-0.00500067
0.795
-0.00500067
0.795
-0.00500067
0.795
-0.00500067
0.795
-0.00500067
0.795
-0.00500067
0.795
0.204999
0.50079
0.338749
0.0749993
0.338749
0.00749933
0.338749
0.0418743
0.338749
0.0831243
0.343749
0.0893743
0.213749
0.0956243
0.234999
0.0831243
0.319999
0.0374993
0.204999
0.0331243
0.795
-0.00500067
0.785258
0.0118743
0.785258
0.0118743
0.785258
0.0118743
0.795
-0.00500067
0.795
-0.00500067
0.795
-0.00500067
0.795
-0.00500067
0.795
-0.00499997
0.795
-0.00499997
0.795
-0.00499997
0.795
-0.00499997
0.772943
0.0332038
0.334296
0.520296
0.0332038
0.772943
-0.00499997
0.795
-0.00499997
0.795
-0.00499997
0.795
-0.00500067
0.795
-0.00500067
0.795
-0.00500067
0.795
-0.00500067
0.795
-0.00500067
0.795
-0.00500067
0.795
-0.00500067
0.795
-0.00500067
0.795
0.204999
0.50079
0.338749
0.0474993
0.343749
0.0937493
0.338749
0.0874993
0.343749
0.0937493
0.343749
0.0637493
0.234999
0.0537493
0.234999
0.0874993
0.338749
0.0474993
0.204999
0.0349993
0.795
-0.00500067
0.795
-0.00500067
0.776237
0.0274993
0.795
-0.00500067
0.795
-0.00500067
0.795
-0.00500067
0.795
-0.00500067
0.795
-0.00500067
0.795
-0.00499997
0.795
-0.00499997
0.795
-0.00499997
0.795
-0.00499997
0.772943
0.0332038
0.334296
0.507796
0.0749993
0.725373
0.0749993
0.725373
0.0749993
0.725373
0.0749993
0.725373
0.0749993
0.725373
0.0749993
0.725373
-0.00500067
0.7825
-0.00500067
0.7825
-0.00500067
0.7825
-0.00500067
0.7825
-0.00500067
0.7825
-0.00500067
0.7825
0.163749
0.535403
0.157499
0.0262493
0.0999993
-6.69607e-07
0.104999
-0.00500067
0.104999
-0.00500067
0.0999993
-6.69607e-07
0.104999
-0.00500067
0.104999
-0.00500067
0.104999
-0.00500067
0.249999
-0.00500067
0.787784
0.00749933
0.787784
0.00749933
0.787784
0.00749933
0.787784
0.00749933
0.787784
0.00749933
0.725286
0.0899993
0.725286
0.0899993
0.645572
0.184999
0.795
-0.00499997
0.795
-0.00499997
0.795
-0.00499997
0.763745
0.044166
0.763745
0.044166
0.334296
0.520296
0.0332038
0.772943
-0.00499997
0.795
-0.00499997
0.795
-0.00499997
0.795
-0.00500067
0.795
-0.00500067
0.795
0.0287493
0.775515
0.0287493
0.775515
-0.00500067
0.795
-0.00500067
0.795
-0.00500067
0.795
-0.00500067
0.795
0.163749
0.535403
0.167499
0.213749
0.187499
0.343749
0.176249
0.343749
0.0949993
0.338749
0.181249
0.338749
0.0512493
0.338749
0.0512493
0.338749
0.0199993
0.338749
0.0199993
0.204999
0.795
-0.00500067
0.795
-0.00500067
0.795
-0.00500067
0.795
-0.00500067
0.795
-0.00500067
0.795
-0.00500067
0.795
-0.00500067
0.795
-0.00500067
0.737873
0.0749993
0.737873
0.0749993
0.737873
0.0749993
0.737873
0.0749993
0.690673
0.131249
0.334296
0.520296
0.0749993
0.737873
0.0749993
0.737873
0.0749993
0.737873
0.0749993
0.737873
0.0749993
0.737873
0.0749993
0.737873
0.0287493
0.775515
-0.00500067
0.795
-0.00500067
0.795
-0.00500067
0.795
-0.00500067
0.795
-0.00500067
0.795
0.163749
0.535403
0.173749
0.124999
0.193749
0.161249
0.157499
0.157499
0.157499
0.157499
0.163749
0.169999
0.161249
0.193749
0.163749
0.181249
0.157499
0.157499
0.0512493
0.163749
0.795
-0.00500067
0.795
-0.00500067
0.795
-0.00500067
0.795
-0.00500067
0.795
-0.00500067
0.775515
0.0287493
0.737873
0.0749993
0.737873
0.0749993
0.709903
0.108333
0.709903
0.108333
0.709903
0.108333
0.709903
0.108333
0.772943
0.0332038
0.334296
0.520296
0.0749993
0.737873
0.0749993
0.737873
0.0749993
0.737873
0.0749993
0.737873
0.0749993
0.737873
0.0749993
0.737873
-0.00500067
0.795
-0.00500067
0.795
-0.00500067
0.795
-0.00500067
0.795
-0.00500067
0.795
-0.00500067
0.795
0.163749
0.535403
0.163749
0.0512493
0.181249
0.141666
0.157499
0.135416
0.169999
0.141666
0.169999
0.130416
0.161249
0.130416
0.124999
0.130416
0.0949993
0.130416
0.0949993
0.130416
0.795
-0.00500067
0.795
-0.00500067
0.795
-0.00500067
0.795
-0.00500067
0.795
-0.00500067
0.795
-0.00500067
0.795
-0.00500067
0.795
-0.00500067
0.695918
0.124999
0.695918
0.124999
0.695918
0.124999
0.795
-0.00499997
0.772943
0.0332038
0.334296
0.520296
0.0749993
0.737873
0.0749993
0.737873
0.0749993
0.737873
0.0749993
0.737873
0.0749993
0.737873
0.0749993
0.737873
-0.00500067
0.795
-0.00500067
0.795
-0.00500067
0.795
-0.00500067
0.795
-0.00500067
0.795
-0.00500067
0.795
0.163749
0.535403
0.167499
0.0893743
0.193749
0.0731243
0.193749
0.0531243
0.157499
0.0981243
0.163749
0.0331243
0.0949993
0.0956243
0.173749
0.0331243
0.0949993
0.0856243
0.104999
0.0331243
0.785258
0.0118743
0.785258
0.0118743
0.785258
0.0118743
0.785258
0.0118743
0.785258
0.0118743
0.785258
0.0118743
0.785258
0.0118743
0.785258
0.0118743
0.687527
0.134999
0.687527
0.134999
0.795
-0.00499997
0.795
-0.00499997
0.772943
0.0332038
0.334296
0.520296
0.0749993
0.737873
0.0749993
0.737873
0.0749993
0.737873
0.0749993
0.737873
0.0749993
0.737873
0.0749993
0.737873
-0.00500067
0.795
-0.00500067
0.795
-0.00500067
0.795
-0.00500067
0.795
-0.00500067
0.795
-0.00500067
0.795
0.163749
0.535403
0.167499
0.0537493
0.193749
0.0612493
0.167499
0.0874993
0.157499
0.0737493
0.163749
0.0474993
0.0949993
0.0999993
0.157499
0.0937493
0.0949993
0.0799993
0.138749
0.0349993
0.795
-0.00500067
0.776237
0.0274993
0.776237
0.0274993
0.776237
0.0274993
0.776237
0.0274993
0.776237
0.0274993
0.776237
0.0274993
0.776237
0.0274993
0.645572
0.184999
0.645572
0.184999
0.645572
0.184999
0.795
-0.00499997
0.772943
0.0332038
0.334296
0.507796
0.108333
0.697403
0.108333
0.697403
0.108333
0.697403
0.108333
0.697403
-0.00500067
0.7825
-0.00500067
0.7825
-0.00500067
0.7825
-0.00500067
0.7825
-0.00500067
0.7825
-0.00500067
0.7825
-0.00500067
0.7825
-0.00500067
0.7825
0.130416
0.601062
0.066666
0.0112493
0.066666
-6.69607e-07
0.066666
-6.69607e-07
0.066666
-6.69607e-07
0.066666
-6.69607e-07
0.066666
-6.69607e-07
0.066666
-6.69607e-07
0.061666
0.00749933
0.262499
-0.00500067
0.787784
0.00749933
0.787784
0.00749933
0.787784
0.00749933
0.787784
0.00749933
0.725286
0.0899993
0.725286
0.0899993
0.725286
0.0899993
0.645572
0.184999
0.795
-0.00499997
0.795
-0.00499997
0.795
-0.00499997
0.795
-0.00499997
0.763745
0.044166
0.334296
0.520296
0.0332038
0.772943
-0.00499997
0.795
-0.00499997
0.795
-0.00499997
0.795
-0.00500067
0.795
-0.00500067
0.795
-0.00500067
0.795
-0.00500067
0.795
-0.00500067
0.795
-0.00500067
0.795
-0.00500067
0.795
-0.00500067
0.795
0.130416
0.601062
0.135416
0.317499
0.011666
0.338749
0.076666
0.209999
0.0324993
0.338749
0.066666
0.209999
0.0512493
0.338749
0.0324993
0.223749
0.011666
0.338749
0.011666
0.204999
0.795
-0.00500067
0.795
-0.00500067
0.795
-0.00500067
0.795
-0.00500067
0.795
-0.00500067
0.795
-0.00500067
0.795
-0.00500067
0.795
-0.00500067
0.737873
0.0749993
0.737873
0.0749993
0.737873
0.0749993
0.737873
0.0749993
0.683331
0.139999
0.334296
0.520296
0.108333
0.709903
0.108333
0.709903
0.108333
0.709903
0.108333
0.709903
-0.00500067
0.795
-0.00500067
0.795
-0.00500067
0.795
-0.00500067
0.795
-0.00500067
0.795
-0.00500067
0.795
-0.00500067
0.795
-0.00500067
0.795
0.130416
0.601062
0.135416
0.157499
0.105416
0.167499
0.102916
0.163749
0.130416
0.161249
0.130416
0.169999
0.0324993
0.167499
0.0324993
0.173749
0.099166
0.163749
0.0324993
0.163749
0.795
-0.00500067
0.795
-0.00500067
0.795
-0.00500067
0.795
-0.00500067
0.795
-0.00500067
0.795
-0.00500067
0.737873
0.0749993
0.737873
0.0749993
0.709903
0.108333
0.709903
0.108333
0.709903
0.108333
0.709903
0.108333
0.64697
0.183333
0.334296
0.520296
0.108333
0.709903
0.108333
0.709903
0.108333
0.709903
0.108333
0.709903
-0.00500067
0.795
-0.00500067
0.795
-0.00500067
0.795
-0.00500067
0.795
-0.00500067
0.795
-0.00500067
0.795
-0.00500067
0.795
-0.00500067
0.795
0.130416
0.601062
0.130416
0.071666
0.135416
0.105416
0.141666
0.109166
0.099166
0.141666
0.099166
0.130416
0.135416
0.135416
0.061666
0.130416
0.102916
0.141666
0.061666
0.130416
0.795
-0.00500067
0.795
-0.00500067
0.795
-0.00500067
0.795
-0.00500067
0.795
-0.00500067
0.795
-0.00500067
0.795
-0.00500067
0.795
-0.00500067
0.695918
0.124999
0.695918
0.124999
0.695918
0.124999
0.695918
0.124999
0.625119
0.209374
0.334296
0.520296
0.108333
0.709903
0.108333
0.709903
0.108333
0.709903
0.108333
0.709903
-0.00500067
0.795
-0.00500067
0.795
-0.00500067
0.795
-0.00500067
0.795
-0.00500067
0.795
-0.00500067
0.795
-0.00500067
0.795
-0.00500067
0.795
0.130416
0.601062
0.135416
0.0893743
0.135416
0.0981243
0.130416
0.0918743
0.135416
0.0981243
0.130416
0.0918743
0.061666
0.0956243
0.115416
0.0487493
0.096666
0.0799993
0.0862493
0.0331243
0.785258
0.0118743
0.785258
0.0118743
0.785258
0.0118743
0.785258
0.0118743
0.785258
0.0118743
0.785258
0.0118743
0.785258
0.0118743
0.785258
0.0118743
0.687527
0.134999
0.687527
0.134999
0.687527
0.134999
0.687527
0.134999
0.772943
0.0332038
0.334296
0.520296
0.108333
0.709903
0.108333
0.709903
0.108333
0.709903
0.108333
0.709903
-0.00500067
0.795
-0.00500067
0.795
-0.00500067
0.795
-0.00500067
0.795
-0.00500067
0.795
-0.00500067
0.795
-0.00500067
0.795
-0.00500067
0.795
0.130416
0.601062
0.130416
0.0612493
0.135416
0.0937493
0.141666
0.0349993
0.130416
0.0874993
0.130416
0.0874993
0.130416
0.0387493
0.111666
0.0874993
0.080416
0.0799993
0.157499
0.0349993
0.795
-0.00500067
0.776237
0.0274993
0.776237
0.0274993
0.776237
0.0274993
0.776237
0.0274993
0.776237
0.0274993
0.776237
0.0274993
0.776237
0.0274993
0.645572
0.184999
0.645572
0.184999
0.645572
0.184999
0.645572
0.184999
0.772943
0.0332038
0.334296
0.507796
0.124999
0.683418
0.124999
0.683418
0.124999
0.683418
0.124999
0.683418
0.0118743
0.772758
0.0118743
0.772758
0.0118743
0.772758
0.0118743
0.772758
0.0118743
0.772758
0.0118743
0.772758
0.0118743
0.772758
0.0118743
0.772758
0.0331243
0.558436
0.0499993
0.0112493
0.0499993
-6.69607e-07
0.0499993
-6.69607e-07
0.0499993
-6.69607e-07
0.0499993
-6.69607e-07
0.0499993
-6.69607e-07
0.0499993
-6.69607e-07
0.0449993
0.00749933
0.271874
-0.00500067
0.787784
0.00749933
0.787784
0.00749933
0.787784
0.00749933
0.787784
0.00749933
0.725286
0.0899993
0.725286
0.0899993
0.725286
0.0899993
0.645572
0.184999
0.795
-0.00499997
0.795
-0.00499997
0.795
-0.00499997
0.795
-0.00499997
0.763745
0.044166
0.334296
0.520296
0.0332038
0.772943
-0.00499997
0.795
-0.00499997
0.795
-0.00499997
0.795
-0.00500067
0.795
-0.00500067
0.795
-0.00500067
0.795
-0.00500067
0.795
0.0118743
0.785258
0.0118743
0.785258
0.0118743
0.785258
-0.00500067
0.795
0.0331243
0.558436
0.0731243
0.319999
0.0449993
0.338749
0.0893743
0.213749
0.00749933
0.338749
0.0499993
0.209999
0.0487493
0.338749
0.00749933
0.338749
0.00749933
0.338749
0.00749933
0.204999
0.795
-0.00500067
0.795
-0.00500067
0.795
-0.00500067
0.795
-0.00500067
0.795
-0.00500067
0.795
-0.00500067
0.795
-0.00500067
0.795
-0.00500067
0.737873
0.0749993
0.737873
0.0749993
0.737873
0.0749993
0.737873
0.0749993
0.683331
0.139999
0.334296
0.520296
0.0332038
0.772943
0.124999
0.695918
0.124999
0.695918
0.124999
0.695918
0.0118743
0.785258
0.0118743
0.785258
0.0118743
0.785258
0.0118743
0.785258
0.0118743
0.785258
0.0118743
0.785258
0.0118743
0.785258
0.0118743
0.785258
0.0331243
0.558436
0.0893743
0.124999
0.0499993
0.129999
0.0799993
0.0999993
0.0731243
0.173749
0.0793743
0.187499
0.0793743
0.157499
0.0231243
0.173749
0.0831243
0.157499
0.0231243
0.163749
0.795
-0.00500067
0.795
-0.00500067
0.795
-0.00500067
0.795
-0.00500067
0.795
-0.00500067
0.795
-0.00500067
0.737873
0.0749993
0.737873
0.0749993
0.709903
0.108333
0.709903
0.108333
0.709903
0.108333
0.709903
0.108333
0.64697
0.183333
0.334296
0.520296
0.124999
0.695918
0.124999
0.695918
0.124999
0.695918
0.124999
0.695918
0.0118743
0.785258
0.0118743
0.785258
0.0118743
0.785258
0.0118743
0.785258
0.0118743
0.785258
0.0118743
0.785258
0.0118743
0.785258
0.0118743
0.785258
0.0331243
0.558436
0.0799993
0.076666
0.0487493
0.141666
0.0893743
0.135416
0.0637493
0.141666
0.0981243
0.135416
0.0893743
0.135416
0.0449993
0.130416
0.0449993
0.130416
0.0449993
0.130416
0.795
-0.00500067
0.795
-0.00500067
0.795
-0.00500067
0.795
-0.00500067
0.795
-0.00500067
0.795
-0.00500067
0.795
-0.00500067
0.795
-0.00500067
0.695918
0.124999
0.695918
0.124999
0.695918
0.124999
0.695918
0.124999
0.625119
0.209374
0.334296
0.520296
0.124999
0.695918
0.124999
0.695918
0.124999
0.695918
0.124999
0.695918
0.0118743
0.785258
0.0118743
0.785258
0.0118743
0.785258
0.0118743
0.785258
0.0118743
0.785258
0.0118743
0.785258
0.0118743
0.785258
0.0118743
0.785258
0.0331243
0.558436
0.0799993
0.0499993
0.0831243
0.0981243
0.0893743
0.0981243
0.0831243
0.0893743
0.0856243
0.0449993
0.0449993
0.0956243
0.0537493
0.0799993
0.0599993
0.0799993
0.0956243
0.0331243
0.785258
0.0118743
0.785258
0.0118743
0.785258
0.0118743
0.785258
0.0118743
0.785258
0.0118743
0.785258
0.0118743
0.785258
0.0118743
0.785258
0.0118743
0.687527
0.134999
0.687527
0.134999
0.687527
0.134999
0.687527
0.134999
0.612008
0.224999
0.334296
0.520296
0.124999
0.695918
0.124999
0.695918
0.124999
0.695918
0.124999
0.695918
0.0118743
0.785258
0.0118743
0.785258
0.0118743
0.785258
0.0118743
0.785258
0.0118743
0.785258
0.0118743
0.785258
0.0118743
0.785258
0.0118743
0.785258
0.0331243
0.558436
0.0549993
0.0887493
0.0831243
0.0824993
0.0893743
0.0349993
0.0449993
0.0799993
0.0831243
0.0824993
0.0893743
0.0824993
0.0831243
0.0937493
0.0637493
0.0799993
0.166874
0.0349993
0.795
-0.00500067
0.776237
0.0274993
0.776237
0.0274993
0.776237
0.0274993
0.776237
0.0274993
0.776237
0.0274993
0.776237
0.0274993
0.776237
0.0274993
0.645572
0.184999
0.645572
0.184999
0.645572
0.184999
0.645572
0.184999
0.772943
0.0332038
0.334296
0.507796
0.134999
0.675027
0.134999
0.675027
0.134999
0.675027
0.134999
0.675027
0.0274993
0.763737
0.0274993
0.763737
0.0274993
0.763737
0.0274993
0.763737
0.0274993
0.763737
0.0274993
0.763737
0.0274993
0.763737
-0.00500067
0.7825
0.0349993
0.643437
0.0399993
0.0112493
0.0399993
-6.69607e-07
0.0399993
-6.69607e-07
0.0399993
-6.69607e-07
0.0349993
0.00749933
0.0399993
-6.69607e-07
0.0399993
-6.69607e-07
0.0349993
0.00749933
0.277499
-0.00500067
0.787784
0.00749933
0.787784
0.00749933
0.787784
0.00749933
0.787784
0.00749933
0.725286
0.0899993
0.725286
0.0899993
0.725286
0.0899993
0.645572
0.184999
0.795
-0.00499997
0.795
-0.00499997
0.795
-0.00499997
0.795
-0.00499997
0.763745
0.044166
0.334296
0.520296
0.0332038
0.772943
-0.00499997
0.795
-0.00499997
0.795
-0.00499997
0.795
-0.00500067
0.795
-0.00500067
0.795
-0.00500067
0.795
-0.00500067
0.795
-0.00500067
0.795
0.0274993
0.776237
-0.00500067
0.795
-0.00500067
0.795
0.0349993
0.643437
0.0737493
0.343749
0.00874933
0.338749
0.0574993
0.214999
0.00499933
0.338749
0.0399993
0.209999
0.0574993
0.338749
0.00499933
0.338749
0.00499933
0.338749
0.00499933
0.204999
0.795
-0.00500067
0.795
-0.00500067
0.795
-0.00500067
0.795
-0.00500067
0.795
-0.00500067
0.795
-0.00500067
0.795
-0.00500067
0.795
-0.00500067
0.737873
0.0749993
0.737873
0.0749993
0.737873
0.0749993
0.737873
0.0749993
0.683331
0.139999
0.334296
0.520296
0.0332038
0.772943
-0.00499997
0.795
0.134999
0.687527
0.134999
0.687527
0.0274993
0.776237
0.0274993
0.776237
0.0274993
0.776237
0.0274993
0.776237
0.0274993
0.776237
0.0274993
0.776237
0.0274993
0.776237
-0.00500067
0.795
0.0349993
0.643437
0.0737493
0.157499
0.0349993
0.167499
0.0799993
0.0949993
0.0637493
0.157499
0.0637493
0.187499
0.0349993
0.167499
0.0349993
0.173749
0.0737493
0.157499
0.0174993
0.163749
0.795
-0.00500067
0.795
-0.00500067
0.795
-0.00500067
0.795
-0.00500067
0.795
-0.00500067
0.795
-0.00500067
0.737873
0.0749993
0.737873
0.0749993
0.709903
0.108333
0.709903
0.108333
0.709903
0.108333
0.709903
0.108333
0.64697
0.183333
0.334296
0.520296
0.134999
0.687527
0.134999
0.687527
0.134999
0.687527
0.134999
0.687527
0.0274993
0.776237
0.0274993
0.776237
0.0274993
0.776237
0.0274993
0.776237
0.0274993
0.776237
0.0274993
0.776237
0.0274993
0.776237
-0.00500067
0.795
0.0349993
0.643437
0.0612493
0.130416
0.0537493
0.141666
0.0349993
0.130416
0.0349993
0.141666
0.0637493
0.135416
0.0937493
0.135416
0.0399993
0.085416
0.0874993
0.130416
0.0349993
0.130416
0.795
-0.00500067
0.795
-0.00500067
0.795
-0.00500067
0.795
-0.00500067
0.795
-0.00500067
0.795
-0.00500067
0.795
-0.00500067
0.795
-0.00500067
0.695918
0.124999
0.695918
0.124999
0.695918
0.124999
0.695918
0.124999
0.625119
0.209374
0.334296
0.520296
0.134999
0.687527
0.134999
0.687527
0.134999
0.687527
0.134999
0.687527
0.0274993
0.776237
0.0274993
0.776237
0.0274993
0.776237
0.0274993
0.776237
0.0274993
0.776237
0.0274993
0.776237
0.0274993
0.776237
-0.00500067
0.795
0.0349993
0.643437
0.0499993
0.0799993
0.0937493
0.0831243
0.0349993
0.0956243
0.0349993
0.0893743
0.0349993
0.0893743
0.0349993
0.0856243
0.0399993
0.0499993
0.0349993
0.0856243
0.101249
0.0331243
0.785258
0.0118743
0.785258
0.0118743
0.785258
0.0118743
0.785258
0.0118743
0.785258
0.0118743
0.785258
0.0118743
0.785258
0.0118743
0.785258
0.0118743
0.687527
0.134999
0.687527
0.134999
0.687527
0.134999
0.687527
0.134999
0.612008
0.224999
0.334296
0.520296
0.134999
0.687527
0.134999
0.687527
0.134999
0.687527
0.134999
0.687527
0.0274993
0.776237
0.0274993
0.776237
0.0274993
0.776237
0.0274993
0.776237
0.0274993
0.776237
0.0274993
0.776237
0.0274993
0.776237
-0.00500067
0.795
0.0349993
0.643437
0.0887493
0.0449993
0.0824993
0.0824993
0.0387493
0.0887493
0.0637493
0.0824993
0.0799993
0.0349993
0.0349993
0.0799993
0.0674993
0.0937493
0.0349993
0.0799993
0.172499
0.0349993
0.795
-0.00500067
0.776237
0.0274993
0.776237
0.0274993
0.776237
0.0274993
0.776237
0.0274993
0.776237
0.0274993
0.776237
0.0274993
0.776237
0.0274993
