0.0286046
-80.0328
0.0286046
0.0357558
0.0286046
0.0357558
0.0286046
0.0357558
0.0286046
0.0357558
0.0357558
0.0286046
0.0357558
0.0286046
0.0357558
0.0286046
0.0357558
0.0286046
0.0357558
0.0286046
0.0357558
0.0286046
-55.0336
0.0286046
-79.6337
0.0286046
-79.8937
0.0286046
-79.9892
0.0286046
-79.9892
0.0286046
-79.7894
0.0286046
-79.9892
0.0286046
-79.9892
0.0286046
-79.9194
0.0286046
-80.04
-0.0103814
-55.0388
-79.9632
-79.7353
-79.7477
-79.7719
-79.9892
-55.0388
-79.9312
-55.0804
-79.9353
-55.035
-79.9892
-55.0275
-79.9892
-55.0375
-55.0375
-55.0388
-79.9312
-55.04
-79.9144
0.0286046
-79.9194
0.0286046
-79.4308
0.0286046
-79.9892
0.0286046
-79.9892
0.0286046
-79.4308
0.0286046
-79.9892
0.0286046
-79.8937
0.0286046
-79.7966
0.0286046
-79.6337
0.0286046
-80.0328
0.0286046
0.0357558
0.0286046
0.0357558
0.0286046
0.0357558
0.0286046
0.0357558
0.0286046
0.0357558
0.0286046
0.0357558
0.0286046
0.0357558
0.0286046
0.0357558
0.0286046
0.0357558
0.0286046
0.0357558
-79.7866
0.0357558
-79.8657
0.0357558
-55.0286
0.0357558
-79.9089
0.0357558
-55.0286
0.0357558
-79.9235
0.0357558
-79.7866
0.0357558
-55.0286
0.0357558
-79.9194
0.0286046
-80.04
-0.0103814
-55.0388
-79.9432
-79.7353
-79.4145
-79.9892
-79.7133
-55.035
-79.7931
-79.9892
-79.7419
-55.0388
-79.978
-79.9892
-79.6891
-80.04
-79.942
-55.03
-79.7867
-80.0311
-79.9125
0.0286046
-79.9125
0.0286046
-79.7867
0.0286046
-79.7931
0.0286046
-79.9125
0.0286046
-79.9125
0.0286046
-79.9094
0.0286046
-79.9125
0.0286046
-80.0025
0.0286046
-80.0025
0.0286046
-80.0328
0.0286046
0.0357558
0.0286046
0.0357558
0.0286046
0.0357558
0.0286046
0.0357558
0.0286046
0.0357558
0.0286046
0.0357558
0.0286046
0.0357558
0.0286046
0.0357558
0.0286046
0.0357558
0.0286046
0.0357558
-79.7866
0.0357558
-79.8657
0.0357558
-55.0286
0.0357558
-79.9089
0.0357558
-55.0286
0.0357558
-79.9235
0.0357558
-79.7866
0.0357558
-55.0286
0.0357558
-79.6337
0.0286046
-80.04
-0.0103814
-55.0388
-79.7124
-79.7353
-79.4145
-79.9892
-79.7133
-55.035
-79.7931
-55.2838
-79.7576
-55.0388
-79.978
-55.1613
-79.8732
-55.0388
-79.8732
-55.03
-79.8279
-80.0311
-79.8075
0.0286046
-79.7502
0.0286046
-79.7502
0.0286046
-79.7931
0.0286046
-79.8075
0.0286046
-79.6469
0.0286046
-79.9094
0.0286046
-79.9094
0.0286046
-79.7502
0.0286046
-80.0025
0.0286046
-80.0328
0.0286046
0.0357558
0.0286046
0.0357558
0.0286046
0.0357558
0.0286046
0.0357558
0.0286046
0.0357558
0.0286046
0.0357558
0.0286046
0.0357558
0.0286046
0.0357558
0.0286046
0.0357558
0.0286046
0.0357558
-79.7866
0.0357558
-79.8657
0.0357558
-55.0286
0.0357558
-79.9089
0.0357558
-55.0286
0.0357558
-79.9235
0.0357558
-79.7866
0.0357558
-55.0286
0.0357558
-79.6337
0.0286046
-80.04
-0.0103814
-55.0388
-79.6912
-79.7353
-79.4145
-79.9892
-79.7133
-55.035
-79.7931
-79.5258
-79.5466
-55.0388
-79.978
-55.1613
-79.8732
-55.0388
-79.8732
-55.03
-79.8279
-80.0311
-79.6122
0.0286046
-79.7502
0.0286046
-79.7502
0.0286046
-79.7931
0.0286046
-80.0025
0.0286046
-79.523
0.0286046
-79.9094
0.0286046
-79.9094
0.0286046
-79.7502
0.0286046
-80.0025
0.0286046
-80.0328
0.0286046
0.0357558
0.0286046
0.0357558
0.0286046
0.0357558
0.0286046
0.0357558
0.0286046
0.0357558
0.0286046
0.0357558
0.0286046
0.0357558
0.0286046
0.0357558
0.0286046
0.0357558
0.0286046
0.0357558
-79.7866
0.0357558
-79.8657
0.0357558
-55.0286
0.0357558
-79.9089
0.0357558
-55.0286
0.0357558
-79.9235
0.0357558
-79.7866
0.0357558
-55.0286
0.0357558
-79.6337
0.0286046
-80.04
-0.0103814
-55.0388
-79.6912
-79.7353
-79.4145
-79.9892
-79.7133
-55.035
-79.7931
-79.9892
-79.5186
-55.0388
-79.978
-55.1613
-79.8732
-80.04
-79.4716
-55.0388
-79.3633
-80.0311
-79.6122
0.0286046
-79.7502
0.0286046
-79.7502
0.0286046
-79.7931
0.0286046
-79.4146
0.0286046
-79.4146
0.0286046
-79.9094
0.0286046
-79.2816
0.0286046
-79.7502
0.0286046
-80.0025
0.0286046
-80.0328
0.0286046
0.0357558
0.0286046
0.0357558
0.0286046
0.0357558
0.0286046
0.0357558
0.0286046
0.0357558
0.0286046
0.0357558
0.0286046
0.0357558
0.0286046
0.0357558
0.0286046
0.0357558
0.0286046
0.0357558
-79.7866
0.0357558
-79.8657
0.0357558
-55.0286
0.0357558
-79.9089
0.0357558
-55.0286
0.0357558
-79.9235
0.0357558
-79.7866
0.0357558
-55.0286
0.0357558
-79.6337
0.0286046
-80.04
-0.0103814
-55.0388
-79.6912
-79.7353
-79.4145
-79.9892
-79.7133
-55.035
-79.7931
-79.9892
-79.5186
-55.0388
-79.978
-55.1613
-79.8732
-80.04
-79.4716
-55.0388
-79.1883
-80.0311
-79.6122
0.0286046
-79.7502
0.0286046
-79.7502
0.0286046
-79.7931
0.0286046
-79.4146
0.0286046
-79.4146
0.0286046
-79.9094
0.0286046
-79.2816
0.0286046
-79.7502
0.0286046
-80.0025
0.0357558
0
0.0357558
0.0286046
0.0357558
0.0286046
0.0357558
0.0286046
0.0357558
0.0286046
0.0357558
0.0286046
0.0357558
0.0286046
0.0357558
0.0286046
0.0357558
0.0286046
0.0357558
0.0286046
0.0357558
0.0286046
-80.0025
0.0286046
-80.0025
0.0286046
-79.7114
0.0286046
-79.9094
0.0286046
-79.9792
0.0286046
-79.9125
0.0286046
-79.9125
0.0286046
-79.9792
0.0286046
-79.9125
0.0286046
-80.04
-0.0103814
-55.0375
-79.9892
-79.8626
-55.2838
-79.6891
-79.9892
-55.0375
-79.9194
-55.0804
-79.9353
-55.0375
-79.9892
-55.0375
-79.9892
-55.0375
-79.9325
-55.0388
-79.9312
-55.04
-79.9144
0.0286046
-79.5916
0.0357558
-79.8237
0.0357558
-55.0286
0.0357558
-55.0286
0.0357558
-55.0286
0.0357558
-79.9089
0.0357558
-55.0286
0.0357558
-79.8657
0.0357558
-79.7866
0.0357558
0
0.0357558
0.0286046
0.0357558
0.0286046
0.0357558
0.0286046
0.0357558
0.0286046
0.0357558
0.0286046
0.0286046
0.0357558
0.0286046
0.0357558
0.0286046
0.0357558
0.0286046
0.0357558
0.0286046
0.0357558
-80.0025
0.0357558
-55.0375
0.0357558
-79.7114
0.0357558
-55.0375
0.0357558
-79.6891
0.0357558
-79.9125
0.0357558
-79.942
0.0357558
-79.8916
0.0357558
-79.7133
0.0357558
-80.04
-0.0103814
-55.0388
-79.9432
-79.8626
-55.2838
-79.9125
-79.6616
-55.0375
-79.7931
-55.2042
-79.9025
-55.0388
-79.978
-55.0375
-79.9125
-80.04
-79.942
-80.04
-79.9312
-80.04
-79.9125
0.0357558
-79.9125
0.0357558
-55.03
0.0357558
-55.0375
0.0357558
-55.0375
0.0357558
-55.0375
0.0357558
-55.0375
0.0357558
-55.3325
0.0357558
-55.0375
0.0357558
-80.0025
0.0357558
0
0.0357558
0.0286046
0.0357558
0.0286046
0.0357558
0.0286046
0.0357558
0.0286046
0.0357558
0.0286046
0.0286046
0.0357558
0.0286046
0.0357558
0.0286046
0.0357558
0.0286046
0.0357558
0.0286046
0.0357558
-80.0025
0.0357558
-55.0375
0.0357558
-79.7114
0.0357558
-55.0375
0.0357558
-79.6891
0.0357558
-79.9125
0.0357558
-79.942
0.0357558
-79.8916
0.0357558
-79.7133
0.0357558
-80.04
-0.0103814
-55.0388
-79.7124
-79.8626
-55.2838
-79.9125
-79.8813
-55.0375
-79.7931
-55.1221
-79.745
-55.0388
-79.978
-55.1613
-79.8732
-55.0383
-79.7935
-55.035
-79.8279
-80.04
-79.8075
0.0357558
-55.03
0.0357558
-55.03
0.0357558
-55.0375
0.0357558
-55.0375
0.0357558
-55.0375
0.0357558
-55.0375
0.0357558
-55.3325
0.0357558
-79.7502
0.0357558
-80.0025
0.0357558
0
0.0357558
0.0286046
0.0357558
0.0286046
0.0357558
0.0286046
0.0357558
0.0286046
0.0357558
0.0286046
0.0286046
0.0357558
0.0286046
0.0357558
0.0286046
0.0357558
0.0286046
0.0357558
0.0286046
0.0357558
-80.0025
0.0357558
-55.0375
0.0357558
-79.7114
0.0357558
-55.0375
0.0357558
-79.6891
0.0357558
-79.9125
0.0357558
-79.942
0.0357558
-79.8916
0.0357558
-79.7133
0.0357558
-80.04
-0.0103814
-55.0388
-79.6912
-79.8626
-55.2838
-79.9125
-79.7763
-55.0375
-79.7931
-55.1221
-79.605
-55.0388
-79.978
-55.1613
-79.8732
-80.04
-79.4516
-55.035
-79.8279
-80.04
-79.6122
0.0357558
-55.03
0.0357558
-55.03
0.0357558
-55.0375
0.0357558
-55.0375
0.0357558
-55.0375
0.0357558
-55.0375
0.0357558
-55.3325
0.0357558
-79.7502
0.0357558
-80.0025
0.0357558
0
0.0357558
0.0286046
0.0357558
0.0286046
0.0357558
0.0286046
0.0357558
0.0286046
0.0357558
0.0286046
0.0286046
0.0357558
0.0286046
0.0357558
0.0286046
0.0357558
0.0286046
0.0357558
0.0286046
0.0357558
-80.0025
0.0357558
-55.0375
0.0357558
-79.7114
0.0357558
-55.0375
0.0357558
-79.6891
0.0357558
-79.9125
0.0357558
-79.942
0.0357558
-79.8916
0.0357558
-79.7133
0.0357558
-80.04
-0.0103814
-55.0388
-79.6912
-79.8626
-55.2838
-79.9125
-79.7763
-55.0375
-79.7931
-79.9792
-79.9792
-55.0388
-79.978
-55.1613
-79.8732
-80.04
-79.4516
-55.0388
-79.3633
-80.04
-79.6122
0.0357558
-55.03
0.0357558
-55.03
0.0357558
-55.0375
0.0357558
-55.0375
0.0357558
-55.0375
0.0357558
-55.0375
0.0357558
-55.3325
0.0357558
-79.7502
0.0357558
-80.0025
0.0357558
0
0.0357558
0.0286046
0.0357558
0.0286046
0.0357558
0.0286046
0.0357558
0.0286046
0.0357558
0.0286046
0.0286046
0.0357558
0.0286046
0.0357558
0.0286046
0.0357558
0.0286046
0.0357558
0.0286046
0.0357558
-80.0025
0.0357558
-55.0375
0.0357558
-79.7114
0.0357558
-55.0375
0.0357558
-79.6891
0.0357558
-79.9125
0.0357558
-79.942
0.0357558
-79.8916
0.0357558
-79.7133
0.0357558
-80.04
-0.0103814
-55.0388
-79.6912
-79.8626
-55.2838
-79.9125
-79.7763
-55.0375
-79.7931
-55.2042
-79.0867
-55.0388
-79.978
-55.1613
-79.8732
-80.04
-79.4516
-55.0388
-79.1883
-80.04
-79.6122
0.0357558
-55.03
0.0357558
-55.03
0.0357558
-55.0375
0.0357558
-55.0375
0.0357558
-55.0375
0.0357558
-55.0375
0.0357558
-55.3325
0.0357558
-79.7502
0.0357558
-80.0025
0.0357558
0
0.0357558
0.0286046
0.0357558
0.0286046
0.0357558
0.0286046
0.0357558
0.0286046
0.0357558
0.0286046
0.0357558
0.0286046
0.0357558
0.0286046
0.0357558
0.0286046
0.0357558
0.0286046
0.0357558
0.0286046
-80.0025
0.0286046
-79.7502
0.0286046
-79.9094
0.0286046
-79.9094
0.0286046
-79.9792
0.0286046
-79.9792
0.0286046
-79.8075
0.0286046
-79.7502
0.0286046
-79.7502
0.0286046
-80.04
-0.0103814
-55.0375
-79.9892
-79.8732
-79.9383
-79.8732
-55.2838
-55.0375
-79.9194
-55.0804
-79.9353
-55.0375
-79.9892
-55.0375
-79.9892
-55.0375
-79.9325
-55.0388
-79.9312
-55.04
-79.9144
0.0286046
-79.9361
0.0357558
-79.8237
0.0357558
-55.0286
0.0357558
-55.0286
0.0357558
-55.0286
0.0357558
-79.9089
0.0357558
-55.0286
0.0357558
-79.8657
0.0357558
-79.7866
0.0357558
0
0.0357558
0.0286046
0.0357558
0.0286046
0.0357558
0.0286046
0.0357558
0.0286046
0.0357558
0.0286046
0.0286046
0.0357558
0.0286046
0.0357558
0.0286046
0.0357558
0.0286046
0.0357558
0.0286046
0.0357558
-80.0025
0.0357558
-79.7502
0.0357558
-79.6314
0.0357558
-55.0375
0.0357558
-79.8239
0.0357558
-55.0375
0.0357558
-79.6314
0.0357558
-79.7502
0.0357558
-79.7133
0.0357558
-80.04
-0.0103814
-55.0388
-79.9432
-79.8732
-79.9414
-79.8732
-55.2838
-55.0375
-79.7931
-55.2042
-79.9025
-55.0388
-79.978
-55.0375
-79.9125
-80.04
-79.942
-80.04
-79.9312
-80.04
-79.9125
0.0357558
-79.9125
0.0357558
-55.03
0.0357558
-55.0375
0.0357558
-55.0375
0.0357558
-55.0375
0.0357558
-55.0375
0.0357558
-55.3325
0.0357558
-55.0375
0.0357558
-80.0025
0.0357558
0
0.0357558
0.0286046
0.0357558
0.0286046
0.0357558
0.0286046
0.0357558
0.0286046
0.0357558
0.0286046
0.0286046
0.0357558
0.0286046
0.0357558
0.0286046
0.0357558
0.0286046
0.0357558
0.0286046
0.0357558
-80.0025
0.0357558
-79.7502
0.0357558
-79.6314
0.0357558
-55.0375
0.0357558
-79.8239
0.0357558
-55.0375
0.0357558
-79.6314
0.0357558
-79.7502
0.0357558
-79.7133
0.0357558
-80.04
-0.0103814
-55.0388
-79.7124
-79.8732
-79.8732
-79.8732
-55.2838
-55.0375
-79.7931
-55.1221
-79.745
-55.0388
-79.978
-55.1613
-79.8732
-55.0383
-79.7935
-55.035
-79.8279
-80.04
-79.8075
0.0357558
-55.03
0.0357558
-55.03
0.0357558
-55.0375
0.0357558
-55.0375
0.0357558
-55.0375
0.0357558
-55.0375
0.0357558
-55.3325
0.0357558
-79.7502
0.0357558
-80.0025
0.0357558
0
0.0357558
0.0286046
0.0357558
0.0286046
0.0357558
0.0286046
0.0357558
0.0286046
0.0357558
0.0286046
0.0286046
0.0357558
0.0286046
0.0357558
0.0286046
0.0357558
0.0286046
0.0357558
0.0286046
0.0357558
-80.0025
0.0357558
-79.7502
0.0357558
-79.6314
0.0357558
-55.0375
0.0357558
-79.8239
0.0357558
-55.0375
0.0357558
-79.6314
0.0357558
-79.7502
0.0357558
-79.7133
0.0357558
-80.04
-0.0103814
-55.0388
-79.6912
-79.8732
-79.8732
-79.8732
-55.2838
-55.0375
-79.7931
-55.1221
-79.605
-55.0388
-79.978
-55.1613
-79.8732
-80.04
-79.4516
-55.035
-79.8279
-80.04
-79.6122
0.0357558
-55.03
0.0357558
-55.03
0.0357558
-55.0375
0.0357558
-55.0375
0.0357558
-55.0375
0.0357558
-55.0375
0.0357558
-55.3325
0.0357558
-79.7502
0.0357558
-80.0025
0.0357558
0
0.0357558
0.0286046
0.0357558
0.0286046
0.0357558
0.0286046
0.0357558
0.0286046
0.0357558
0.0286046
0.0286046
0.0357558
0.0286046
0.0357558
0.0286046
0.0357558
0.0286046
0.0357558
0.0286046
0.0357558
-80.0025
0.0357558
-79.7502
0.0357558
-79.6314
0.0357558
-55.0375
0.0357558
-79.8239
0.0357558
-55.0375
0.0357558
-79.6314
0.0357558
-79.7502
0.0357558
-79.7133
0.0357558
-80.04
-0.0103814
-55.0388
-79.6912
-79.8732
-79.8732
-79.8732
-55.2838
-55.0375
-79.7931
-79.9792
-79.9792
-55.0388
-79.978
-55.1613
-79.8732
-80.04
-79.4516
-55.0388
-79.3633
-80.04
-79.6122
0.0357558
-55.03
0.0357558
-55.03
0.0357558
-55.0375
0.0357558
-55.0375
0.0357558
-55.0375
0.0357558
-55.0375
0.0357558
-55.3325
0.0357558
-79.7502
0.0357558
-80.0025
0.0357558
0
0.0357558
0.0286046
0.0357558
0.0286046
0.0357558
0.0286046
0.0357558
0.0286046
0.0357558
0.0286046
0.0286046
0.0357558
0.0286046
0.0357558
0.0286046
0.0357558
0.0286046
0.0357558
0.0286046
0.0357558
-80.0025
0.0357558
-79.7502
0.0357558
-79.6314
0.0357558
-55.0375
0.0357558
-79.8239
0.0357558
-55.0375
0.0357558
-79.6314
0.0357558
-79.7502
0.0357558
-79.7133
0.0357558
-80.04
-0.0103814
-55.0388
-79.6912
-79.8732
-79.8732
-79.8732
-55.2838
-55.0375
-79.7931
-55.2042
-79.0867
-55.0388
-79.978
-55.1613
-79.8732
-80.04
-79.4516
-55.0388
-79.1883
-80.04
-79.6122
0.0357558
-55.03
0.0357558
-55.03
0.0357558
-55.0375
0.0357558
-55.0375
0.0357558
-55.0375
0.0357558
-55.0375
0.0357558
-55.3325
0.0357558
-79.7502
0.0357558
-80.0025
0.0357558
0
0.0357558
0.0286046
0.0357558
0.0286046
0.0357558
0.0286046
0.0357558
0.0286046
0.0357558
0.0286046
0.0357558
0.0286046
0.0357558
0.0286046
0.0357558
0.0286046
0.0357558
0.0286046
0.0357558
0.0286046
-80.0025
0.0286046
-79.7502
0.0286046
-79.9094
0.0286046
-79.9094
0.0286046
-79.9792
0.0286046
-79.9792
0.0286046
-79.4516
0.0286046
-79.7502
0.0286046
-79.7502
0.0286046
-80.04
-0.0103814
-55.0375
-79.9892
-79.8732
-79.9383
-79.8732
-55.2838
-55.0375
-79.9194
-55.0804
-79.9353
-55.0375
-79.9892
-55.0375
-79.9892
-55.0375
-79.9325
-55.0388
-79.9312
-55.04
-79.9144
0.0286046
-79.9361
0.0357558
-79.8237
0.0357558
-55.0286
0.0357558
-55.0286
0.0357558
-55.0286
0.0357558
-79.9089
0.0357558
-55.0286
0.0357558
-79.8657
0.0357558
-79.7866
0.0357558
0
0.0357558
0.0286046
0.0357558
0.0286046
0.0357558
0.0286046
0.0357558
0.0286046
0.0357558
0.0286046
0.0286046
0.0357558
0.0286046
0.0357558
0.0286046
0.0357558
0.0286046
0.0357558
0.0286046
0.0357558
-80.0025
0.0357558
-79.7502
0.0357558
-79.6314
0.0357558
-55.0375
0.0357558
-79.7219
0.0357558
-79.7219
0.0357558
-79.6314
0.0357558
-79.7502
0.0357558
-79.7133
0.0357558
-80.04
-0.0103814
-55.0388
-79.9432
-79.8732
-79.9414
-79.8732
-55.2838
-55.0375
-79.7931
-55.2042
-79.9025
-55.0388
-79.978
-55.0375
-79.9125
-80.04
-79.942
-80.04
-79.9312
-80.04
-79.9125
0.0357558
-79.9125
0.0357558
-55.03
0.0357558
-55.0375
0.0357558
-55.0375
0.0357558
-55.0375
0.0357558
-55.0375
0.0357558
-55.3325
0.0357558
-55.0375
0.0357558
-80.0025
0.0357558
0
0.0357558
0.0286046
0.0357558
0.0286046
0.0357558
0.0286046
0.0357558
0.0286046
0.0357558
0.0286046
0.0286046
0.0357558
0.0286046
0.0357558
0.0286046
0.0357558
0.0286046
0.0357558
0.0286046
0.0357558
-80.0025
0.0357558
-79.7502
0.0357558
-79.6314
0.0357558
-55.0375
0.0357558
-79.7219
0.0357558
-79.7219
0.0357558
-79.6314
0.0357558
-79.7502
0.0357558
-79.7133
0.0357558
-80.04
-0.0103814
-55.0388
-79.7124
-79.8732
-79.8732
-79.8732
-55.2838
-55.0375
-79.7931
-55.1221
-79.745
-55.0388
-79.978
-55.1613
-79.8732
-55.0383
-79.7935
-55.035
-79.8279
-80.04
-79.8075
0.0357558
-55.03
0.0357558
-55.03
0.0357558
-55.0375
0.0357558
-55.0375
0.0357558
-55.0375
0.0357558
-55.0375
0.0357558
-55.3325
0.0357558
-79.7502
0.0357558
-80.0025
0.0357558
0
0.0357558
0.0286046
0.0357558
0.0286046
0.0357558
0.0286046
0.0357558
0.0286046
0.0357558
0.0286046
0.0286046
0.0357558
0.0286046
0.0357558
0.0286046
0.0357558
0.0286046
0.0357558
0.0286046
0.0357558
-80.0025
0.0357558
-79.7502
0.0357558
-79.6314
0.0357558
-55.0375
0.0357558
-79.7219
0.0357558
-79.7219
0.0357558
-79.6314
0.0357558
-79.7502
0.0357558
-79.7133
0.0357558
-80.04
-0.0103814
-55.0388
-79.6912
-79.8732
-79.8732
-79.8732
-55.2838
-55.0375
-79.7931
-55.1221
-79.605
-55.0388
-79.978
-55.1613
-79.8732
-80.04
-79.4516
-55.035
-79.8279
-80.04
-79.6122
0.0357558
-55.03
0.0357558
-55.03
0.0357558
-55.0375
0.0357558
-55.0375
0.0357558
-55.0375
0.0357558
-55.0375
0.0357558
-55.3325
0.0357558
-79.7502
0.0357558
-80.0025
0.0357558
0
0.0357558
0.0286046
0.0357558
0.0286046
0.0357558
0.0286046
0.0357558
0.0286046
0.0357558
0.0286046
0.0286046
0.0357558
0.0286046
0.0357558
0.0286046
0.0357558
0.0286046
0.0357558
0.0286046
0.0357558
-80.0025
0.0357558
-79.7502
0.0357558
-79.6314
0.0357558
-55.0375
0.0357558
-79.7219
0.0357558
-79.7219
0.0357558
-79.6314
0.0357558
-79.7502
0.0357558
-79.7133
0.0357558
-80.04
-0.0103814
-55.0388
-79.6912
-79.8732
-79.8732
-79.8732
-55.2838
-55.0375
-79.7931
-79.9792
-79.9792
-55.0388
-79.978
-55.1613
-79.8732
-80.04
-79.4516
-55.0388
-79.3633
-80.04
-79.6122
0.0357558
-55.03
0.0357558
-55.03
0.0357558
-55.0375
0.0357558
-55.0375
0.0357558
-55.0375
0.0357558
-55.0375
0.0357558
-55.3325
0.0357558
-79.7502
0.0357558
-80.0025
0.0357558
0
0.0357558
0.0286046
0.0357558
0.0286046
0.0357558
0.0286046
0.0357558
0.0286046
0.0357558
0.0286046
0.0286046
0.0357558
0.0286046
0.0357558
0.0286046
0.0357558
0.0286046
0.0357558
0.0286046
0.0357558
-80.0025
0.0357558
-79.7502
0.0357558
-79.6314
0.0357558
-55.0375
0.0357558
-79.7219
0.0357558
-79.7219
0.0357558
-79.6314
0.0357558
-79.7502
0.0357558
-79.7133
0.0357558
-80.04
-0.0103814
-55.0388
-79.6912
-79.8732
-79.8732
-79.8732
-55.2838
-55.0375
-79.7931
-55.2042
-79.0867
-55.0388
-79.978
-55.1613
-79.8732
-80.04
-79.4516
-55.0388
-79.1883
-80.04
-79.6122
0.0357558
-55.03
0.0357558
-55.03
0.0357558
-55.0375
0.0357558
-55.0375
0.0357558
-55.0375
0.0357558
-55.0375
0.0357558
-55.3325
0.0357558
-79.7502
0.0357558
-80.0025
0.0357558
0
0.0357558
0.0286046
0.0357558
0.0286046
0.0357558
0.0286046
0.0357558
0.0286046
0.0357558
0.0286046
0.0357558
0.0286046
0.0357558
0.0286046
0.0357558
0.0286046
0.0357558
0.0286046
0.0357558
0.0286046
-80.0025
0.0286046
-79.7502
0.0286046
-79.2816
0.0286046
-79.9094
0.0286046
-79.2816
0.0286046
-79.4146
0.0286046
-79.4516
0.0286046
-79.7502
0.0286046
-79.7502
0.0286046
-80.04
-0.0103814
-55.0375
-79.9892
-79.8732
-79.9383
-79.8732
-55.2838
-55.0375
-79.9194
-55.0804
-79.9353
-55.0375
-79.9892
-55.0375
-79.9892
-55.0375
-79.9325
-55.0388
-79.9312
-55.04
-79.9144
0.0286046
-79.9361
0.0357558
-79.8237
0.0357558
-55.0286
0.0357558
-55.0286
0.0357558
-55.0286
0.0357558
-79.9089
0.0357558
-55.0286
0.0357558
-79.8657
0.0357558
-79.7866
0.0357558
0
0.0357558
0.0286046
0.0357558
0.0286046
0.0357558
0.0286046
0.0357558
0.0286046
0.0357558
0.0286046
0.0286046
0.0357558
0.0286046
0.0357558
0.0286046
0.0357558
0.0286046
0.0357558
0.0286046
0.0357558
-80.0025
0.0357558
-79.7502
0.0357558
-79.6314
0.0357558
-55.0375
0.0357558
-79.7219
0.0357558
-79.7219
0.0357558
-79.6314
0.0357558
-79.7502
0.0357558
-79.7133
0.0357558
-80.04
-0.0103814
-55.0388
-79.9432
-79.8732
-79.9414
-79.8732
-55.2838
-55.0375
-79.7931
-55.2042
-79.9025
-55.0388
-79.978
-55.0375
-79.9125
-80.04
-79.942
-80.04
-79.9312
-80.04
-79.9125
0.0357558
-79.9125
0.0357558
-55.03
0.0357558
-55.0375
0.0357558
-55.0375
0.0357558
-55.0375
0.0357558
-55.0375
0.0357558
-55.3325
0.0357558
-55.0375
0.0357558
-80.0025
0.0357558
0
0.0357558
0.0286046
0.0357558
0.0286046
0.0357558
0.0286046
0.0357558
0.0286046
0.0357558
0.0286046
0.0286046
0.0357558
0.0286046
0.0357558
0.0286046
0.0357558
0.0286046
0.0357558
0.0286046
0.0357558
-80.0025
0.0357558
-79.7502
0.0357558
-79.6314
0.0357558
-55.0375
0.0357558
-79.7219
0.0357558
-79.7219
0.0357558
-79.6314
0.0357558
-79.7502
0.0357558
-79.7133
0.0357558
-80.04
-0.0103814
-55.0388
-79.7124
-79.8732
-79.8732
-79.8732
-55.2838
-55.0375
-79.7931
-55.1221
-79.745
-55.0388
-79.978
-55.1613
-79.8732
-55.0383
-79.7935
-55.035
-79.8279
-80.04
-79.8075
0.0357558
-55.03
0.0357558
-55.03
0.0357558
-55.0375
0.0357558
-55.0375
0.0357558
-55.0375
0.0357558
-55.0375
0.0357558
-55.3325
0.0357558
-79.7502
0.0357558
-80.0025
0.0357558
0
0.0357558
0.0286046
0.0357558
0.0286046
0.0357558
0.0286046
0.0357558
0.0286046
0.0357558
0.0286046
0.0286046
0.0357558
0.0286046
0.0357558
0.0286046
0.0357558
0.0286046
0.0357558
0.0286046
0.0357558
-80.0025
0.0357558
-79.7502
0.0357558
-79.6314
0.0357558
-55.0375
0.0357558
-79.7219
0.0357558
-79.7219
0.0357558
-79.6314
0.0357558
-79.7502
0.0357558
-79.7133
0.0357558
-80.04
-0.0103814
-55.0388
-79.6912
-79.8732
-79.8732
-79.8732
-55.2838
-55.0375
-79.7931
-55.1221
-79.605
-55.0388
-79.978
-55.1613
-79.8732
-80.04
-79.4516
-55.035
-79.8279
-80.04
-79.6122
0.0357558
-55.03
0.0357558
-55.03
0.0357558
-55.0375
0.0357558
-55.0375
0.0357558
-55.0375
0.0357558
-55.0375
0.0357558
-55.3325
0.0357558
-79.7502
0.0357558
-80.0025
0.0357558
0
0.0357558
0.0286046
0.0357558
0.0286046
0.0357558
0.0286046
0.0357558
0.0286046
0.0357558
0.0286046
0.0286046
0.0357558
0.0286046
0.0357558
0.0286046
0.0357558
0.0286046
0.0357558
0.0286046
0.0357558
-80.0025
0.0357558
-79.7502
0.0357558
-79.6314
0.0357558
-55.0375
0.0357558
-79.7219
0.0357558
-79.7219
0.0357558
-79.6314
0.0357558
-79.7502
0.0357558
-79.7133
0.0357558
-80.04
-0.0103814
-55.0388
-79.6912
-79.8732
-79.8732
-79.8732
-55.2838
-55.0375
-79.7931
-79.9792
-79.9792
-55.0388
-79.978
-55.1613
-79.8732
-80.04
-79.4516
-55.0388
-79.3633
-80.04
-79.6122
0.0357558
-55.03
0.0357558
-55.03
0.0357558
-55.0375
0.0357558
-55.0375
0.0357558
-55.0375
0.0357558
-55.0375
0.0357558
-55.3325
0.0357558
-79.7502
0.0357558
-80.0025
0.0357558
0
0.0357558
0.0286046
0.0357558
0.0286046
0.0357558
0.0286046
0.0357558
0.0286046
0.0357558
0.0286046
0.0286046
0.0357558
0.0286046
0.0357558
0.0286046
0.0357558
0.0286046
0.0357558
0.0286046
0.0357558
-80.0025
0.0357558
-79.7502
0.0357558
-79.6314
0.0357558
-55.0375
0.0357558
-79.7219
0.0357558
-79.7219
0.0357558
-79.6314
0.0357558
-79.7502
0.0357558
-79.7133
0.0357558
-80.04
-0.0103814
-55.0388
-79.6912
-79.8732
-79.8732
-79.8732
-55.2838
-55.0375
-79.7931
-55.2042
-79.0867
-55.0388
-79.978
-55.1613
-79.8732
-80.04
-79.4516
-55.0388
-79.1883
-80.04
-79.6122
0.0357558
-55.03
0.0357558
-55.03
0.0357558
-55.0375
0.0357558
-55.0375
0.0357558
-55.0375
0.0357558
-55.0375
0.0357558
-55.3325
0.0357558
-79.7502
0.0357558
-80.0025
0.0357558
0
0.0357558
0.0286046
0.0357558
0.0286046
0.0357558
0.0286046
0.0357558
0.0286046
0.0357558
0.0286046
0.0357558
0.0286046
0.0357558
0.0286046
0.0357558
0.0286046
0.0357558
0.0286046
0.0357558
0.0286046
-80.0025
0.0286046
-79.7502
0.0286046
-79.2816
0.0286046
-79.9094
0.0286046
-79.2816
0.0286046
-79.4146
0.0286046
-79.4516
0.0286046
-79.7502
0.0286046
-79.7502
0.0286046
-80.04
-0.0103814
-55.0375
-79.9892
-79.8732
-79.9383
-79.8732
-55.2838
-55.0375
-79.9194
-55.0804
-79.9353
-55.0375
-79.9892
-55.0375
-79.9892
-55.0375
-79.9325
-55.0388
-79.9312
-55.04
-79.9144
0.0286046
-79.9361
0.0357558
-79.8237
0.0357558
-55.0286
0.0357558
-55.0286
0.0357558
-55.0286
0.0357558
-79.9089
0.0357558
-55.0286
0.0357558
-79.8657
0.0357558
-79.7866
0.0357558
0
0.0357558
0.0286046
0.0357558
0.0286046
0.0357558
0.0286046
0.0357558
0.0286046
0.0357558
0.0286046
0.0286046
0.0357558
0.0286046
0.0357558
0.0286046
0.0357558
0.0286046
0.0357558
0.0286046
0.0357558
-80.0025
0.0357558
-79.7502
0.0357558
-79.6314
0.0357558
-55.0375
0.0357558
-79.7219
0.0357558
-79.7219
0.0357558
-79.6314
0.0357558
-79.7502
0.0357558
-79.7133
0.0357558
-80.04
-0.0103814
-55.0388
-79.9432
-79.8732
-79.9414
-79.8732
-55.2838
-55.0375
-79.7931
-55.2042
-79.9025
-55.0388
-79.978
-55.0375
-79.9125
-80.04
-79.942
-80.04
-79.9312
-80.04
-79.9125
0.0357558
-79.9125
0.0357558
-55.03
0.0357558
-55.0375
0.0357558
-55.0375
0.0357558
-55.0375
0.0357558
-55.0375
0.0357558
-55.3325
0.0357558
-55.0375
0.0357558
-80.0025
0.0357558
0
0.0357558
0.0286046
0.0357558
0.0286046
0.0357558
0.0286046
0.0357558
0.0286046
0.0357558
0.0286046
0.0286046
0.0357558
0.0286046
0.0357558
0.0286046
0.0357558
0.0286046
0.0357558
0.0286046
0.0357558
-80.0025
0.0357558
-79.7502
0.0357558
-79.6314
0.0357558
-55.0375
0.0357558
-79.7219
0.0357558
-79.7219
0.0357558
-79.6314
0.0357558
-79.7502
0.0357558
-79.7133
0.0357558
-80.04
-0.0103814
-55.0388
-79.7124
-79.8732
-79.8732
-79.8732
-55.2838
-55.0375
-79.7931
-55.1221
-79.745
-55.0388
-79.978
-55.1613
-79.8732
-55.0383
-79.7935
-55.035
-79.8279
-80.04
-79.8075
0.0357558
-55.03
0.0357558
-55.03
0.0357558
-55.0375
0.0357558
-55.0375
0.0357558
-55.0375
0.0357558
-55.0375
0.0357558
-55.3325
0.0357558
-79.7502
0.0357558
-80.0025
0.0357558
0
0.0357558
0.0286046
0.0357558
0.0286046
0.0357558
0.0286046
0.0357558
0.0286046
0.0357558
0.0286046
0.0286046
0.0357558
0.0286046
0.0357558
0.0286046
0.0357558
0.0286046
0.0357558
0.0286046
0.0357558
-80.0025
0.0357558
-79.7502
0.0357558
-79.6314
0.0357558
-55.0375
0.0357558
-79.7219
0.0357558
-79.7219
0.0357558
-79.6314
0.0357558
-79.7502
0.0357558
-79.7133
0.0357558
-80.04
-0.0103814
-55.0388
-79.6912
-79.8732
-79.8732
-79.8732
-55.2838
-55.0375
-79.7931
-55.1221
-79.605
-55.0388
-79.978
-55.1613
-79.8732
-80.04
-79.4516
-55.035
-79.8279
-80.04
-79.6122
0.0357558
-55.03
0.0357558
-55.03
0.0357558
-55.0375
0.0357558
-55.0375
0.0357558
-55.0375
0.0357558
-55.0375
0.0357558
-55.3325
0.0357558
-79.7502
0.0357558
-80.0025
0.0357558
0
0.0357558
0.0286046
0.0357558
0.0286046
0.0357558
0.0286046
0.0357558
0.0286046
0.0357558
0.0286046
0.0286046
0.0357558
0.0286046
0.0357558
0.0286046
0.0357558
0.0286046
0.0357558
0.0286046
0.0357558
-80.0025
0.0357558
-79.7502
0.0357558
-79.6314
0.0357558
-55.0375
0.0357558
-79.7219
0.0357558
-79.7219
0.0357558
-79.6314
0.0357558
-79.7502
0.0357558
-79.7133
0.0357558
-80.04
-0.0103814
-55.0388
-79.6912
-79.8732
-79.8732
-79.8732
-55.2838
-55.0375
-79.7931
-79.9792
-79.9792
-55.0388
-79.978
-55.1613
-79.8732
-80.04
-79.4516
-55.0388
-79.3633
-80.04
-79.6122
0.0357558
-55.03
0.0357558
-55.03
0.0357558
-55.0375
0.0357558
-55.0375
0.0357558
-55.0375
0.0357558
-55.0375
0.0357558
-55.3325
0.0357558
-79.7502
0.0357558
-80.0025
0.0357558
0
0.0357558
0.0286046
0.0357558
0.0286046
0.0357558
0.0286046
0.0357558
0.0286046
0.0357558
0.0286046
0.0286046
0.0357558
0.0286046
0.0357558
0.0286046
0.0357558
0.0286046
0.0357558
0.0286046
0.0357558
-80.0025
0.0357558
-79.7502
0.0357558
-79.6314
0.0357558
-55.0375
0.0357558
-79.7219
0.0357558
-79.7219
0.0357558
-79.6314
0.0357558
-79.7502
0.0357558
-79.7133
0.0357558
-80.04
-0.0103814
-55.0388
-79.6912
-79.8732
-79.8732
-79.8732
-55.2838
-55.0375
-79.7931
-55.2042
-79.0867
-55.0388
-79.978
-55.1613
-79.8732
-80.04
-79.4516
-55.0388
-79.1883
-80.04
-79.6122
0.0357558
-55.03
0.0357558
-55.03
0.0357558
-55.0375
0.0357558
-55.0375
0.0357558
-55.0375
0.0357558
-55.0375
0.0357558
-55.3325
0.0357558
-79.7502
0.0357558
-80.0025
