0.633372
0.184654
0.633372
0.184654
0.633372
0.184654
0.633372
0.184654
0.547365
0.287154
0.334302
0.507802
0.184654
0.633372
0.184654
0.633372
0.184654
0.633372
0.184654
0.633372
0.184654
0.633372
0.0896538
0.713087
0.0896538
0.713087
0.0896538
0.713087
0.0896538
0.713087
0.00715382
0.775582
0.00715382
0.775582
0.00715382
0.775582
-0.00534618
0.650422
0.0109038
-0.000346179
-0.000346179
-0.000346179
-0.000346179
-0.000346179
-0.000346179
-0.000346179
-0.000346179
-0.000346179
-0.000346179
-0.000346179
-0.00534618
0.0484038
-0.00534618
0.00715382
0.299654
-0.00534618
0.775582
0.00715382
0.775582
0.00715382
0.775582
0.00715382
0.713087
0.0896538
0.713087
0.0896538
0.713087
0.0896538
0.713087
0.0896538
0.633372
0.184654
0.782589
-0.00498339
0.782589
-0.00498339
0.782589
-0.00498339
0.782589
-0.00498339
0.751546
0.0438205
0.334302
0.520302
0.0328687
0.773235
-0.00498339
0.795089
-0.00498339
0.795089
-0.00498339
0.795089
-0.00534618
0.795089
-0.00534618
0.795089
-0.00534618
0.795089
-0.00534618
0.795089
0.00715382
0.788082
0.00715382
0.788082
0.00715382
0.788082
0.00715382
0.788082
-0.00534618
0.650422
-0.00534618
0.349654
-0.00534618
0.319654
-0.00534618
0.204654
-0.00534618
0.204654
0.000903821
0.323404
-0.00534618
0.204654
-0.00534618
0.338404
-0.000346179
0.203404
0.292154
0.310904
0.782589
-0.00534618
0.782589
-0.00534618
0.782589
-0.00534618
0.782589
-0.00534618
0.782589
-0.00534618
0.782589
-0.00534618
0.782589
-0.00534618
0.782589
-0.00534618
0.725673
0.0746538
0.725673
0.0746538
0.725673
0.0746538
0.725673
0.0746538
0.671132
0.139654
0.334302
0.520302
0.0328687
0.773235
-0.00498339
0.795089
-0.00498339
0.795089
-0.00498339
0.795089
0.184654
0.645872
0.0896538
0.725587
0.0896538
0.725587
0.00715382
0.788082
0.00715382
0.788082
0.00715382
0.788082
0.00715382
0.788082
0.00715382
0.788082
-0.00534618
0.650422
-0.00534618
0.167154
-0.00534618
0.104654
-0.00534618
0.104654
-0.00534618
0.163404
0.000903821
0.167154
-0.00534618
0.104654
-0.00534618
0.104654
-0.000346179
0.0996538
0.192154
0.150904
0.782589
-0.00534618
0.782589
-0.00534618
0.782589
-0.00534618
0.782589
-0.00534618
0.782589
-0.00534618
0.782589
-0.00534618
0.725673
0.0746538
0.725673
0.0746538
0.697703
0.107987
0.697703
0.107987
0.697703
0.107987
0.697703
0.107987
0.634771
0.182987
0.334302
0.520302
0.0328687
0.773235
0.184654
0.645872
0.184654
0.645872
0.184654
0.645872
0.184654
0.645872
0.0896538
0.725587
0.0896538
0.725587
0.0896538
0.725587
0.00715382
0.788082
0.00715382
0.788082
0.00715382
0.788082
0.00715382
0.788082
-0.00534618
0.650422
-0.00534618
0.14132
-0.00534618
0.11132
-0.000346179
0.0663205
-0.000346179
0.0663205
0.000903821
0.10882
-0.000346179
0.0663205
-0.000346179
0.0663205
-0.000346179
0.0663205
-0.00534618
0.13007
0.782589
-0.00534618
0.782589
-0.00534618
0.782589
-0.00534618
0.782589
-0.00534618
0.782589
-0.00534618
0.782589
-0.00534618
0.782589
-0.00534618
0.782589
-0.00534618
0.683718
0.124654
0.683718
0.124654
0.683718
0.124654
0.683718
0.124654
0.612919
0.209029
0.334302
0.520302
0.184654
0.645872
0.184654
0.645872
0.184654
0.645872
0.184654
0.645872
0.184654
0.645872
0.0896538
0.725587
0.0896538
0.725587
0.0896538
0.725587
0.00715382
0.788082
0.00715382
0.788082
0.00715382
0.788082
0.00715382
0.788082
-0.00534618
0.650422
0.00590382
0.0890288
-0.000346179
0.0596538
-0.000346179
0.0496538
-0.000346179
0.0496538
0.00590382
0.0952788
-0.00534618
0.0852788
0.0321538
0.0446538
-0.000346179
0.0496538
0.0996538
0.0727788
0.773056
0.0115288
0.773056
0.0115288
0.773056
0.0115288
0.773056
0.0115288
0.773056
0.0115288
0.773056
0.0115288
0.773056
0.0115288
0.773056
0.0115288
0.675327
0.134654
0.675327
0.134654
0.675327
0.134654
0.675327
0.134654
0.599808
0.224654
0.334302
0.520302
0.184654
0.645872
0.184654
0.645872
0.184654
0.645872
0.184654
0.645872
0.184654
0.645872
0.0896538
0.725587
0.0896538
0.725587
0.0896538
0.725587
0.00715382
0.788082
0.00715382
0.788082
0.00715382
0.788082
0.00715382
0.788082
-0.00534618
0.650422
-0.00534618
0.0734038
-0.000346179
0.0396538
-0.000346179
0.0396538
-0.000346179
0.0396538
0.000903821
0.0734038
-0.00534618
0.0696538
0.0321538
0.0446538
-0.000346179
0.0396538
-0.00534618
0.0696538
0.782589
-0.00534618
0.764035
0.0271538
0.764035
0.0271538
0.764035
0.0271538
0.764035
0.0271538
0.764035
0.0271538
0.764035
0.0271538
0.764035
0.0271538
0.795089
-0.00498339
0.795089
-0.00498339
0.795089
-0.00498339
0.795089
-0.00498339
0.773235
0.0328687
0.334302
0.507802
0.0328687
0.760735
-0.00498339
0.782589
-0.00498339
0.782589
-0.00498339
0.782589
-0.00534618
0.782589
-0.00534618
0.782589
-0.00534618
0.782589
-0.00534618
0.782589
-0.00534618
0.782589
-0.00534618
0.782589
-0.00534618
0.782589
-0.00534618
0.782589
0.310904
0.451272
0.204654
-0.00534618
0.199654
-0.000346179
0.204654
0.0196538
0.204654
-0.00534618
0.199654
-0.000346179
0.204654
-0.00534618
0.204654
-0.00534618
0.194654
0.00715382
0.277154
-0.00534618
0.788082
0.00715382
0.788082
0.00715382
0.788082
0.00715382
0.788082
0.00715382
0.795089
-0.00534618
0.795089
-0.00534618
0.795089
-0.00534618
0.795089
-0.00534618
0.795089
-0.00498339
0.764046
0.0438205
0.764046
0.0438205
0.764046
0.0438205
0.764046
0.0438205
0.334302
0.520302
0.0438205
0.764046
0.0438205
0.764046
0.0438205
0.764046
-0.00498339
0.795089
-0.00534618
0.795089
-0.00534618
0.795089
-0.00534618
0.795089
-0.00534618
0.795089
-0.00534618
0.795089
-0.00534618
0.795089
-0.00534618
0.795089
-0.00534618
0.795089
0.310904
0.451272
0.338404
0.310904
0.338404
0.198404
0.325904
0.319654
0.204654
0.310904
0.313404
0.323404
0.107154
0.323404
0.107154
0.338404
0.313404
0.343404
0.0988205
0.310904
0.795089
-0.00534618
0.795089
-0.00534618
0.795089
-0.00534618
0.795089
-0.00534618
0.795089
-0.00534618
0.795089
-0.00534618
0.795089
-0.00534618
0.795089
-0.00534618
0.795089
-0.00498339
0.795089
-0.00498339
0.795089
-0.00498339
0.795089
-0.00498339
0.773235
0.0328687
0.334302
0.520302
0.0438205
0.764046
-0.00498339
0.795089
-0.00498339
0.795089
-0.00498339
0.795089
-0.00534618
0.795089
-0.00534618
0.795089
-0.00534618
0.795089
-0.00534618
0.795089
-0.00534618
0.795089
-0.00534618
0.795089
-0.00534618
0.795089
-0.00534618
0.795089
0.310904
0.451272
0.338404
0.0496538
0.338404
0.150904
0.325904
0.163404
0.310904
0.163404
0.313404
0.157154
0.313404
0.167154
0.135904
0.150904
0.323404
0.167154
0.114654
0.150904
0.795089
-0.00534618
0.795089
-0.00534618
0.795089
-0.00534618
0.795089
-0.00534618
0.775813
0.0284038
0.775813
0.0284038
0.795089
-0.00534618
0.795089
-0.00534618
0.795089
-0.00498339
0.795089
-0.00498339
0.795089
-0.00498339
0.795089
-0.00498339
0.773235
0.0328687
0.334302
0.520302
0.0328687
0.773235
-0.00498339
0.795089
-0.00498339
0.795089
-0.00498339
0.795089
-0.00534618
0.795089
-0.00534618
0.795089
-0.00534618
0.795089
-0.00534618
0.795089
-0.00534618
0.795089
-0.00534618
0.795089
-0.00534618
0.795089
-0.00534618
0.795089
0.310904
0.451272
0.338404
0.10257
0.310904
0.14132
0.194654
0.13007
0.313404
0.13507
0.343404
0.13507
0.313404
0.13507
0.313404
0.13507
0.313404
0.13507
0.194654
0.13007
0.795089
-0.00534618
0.795089
-0.00534618
0.795089
-0.00534618
0.795089
-0.00534618
0.795089
-0.00534618
0.795089
-0.00534618
0.795089
-0.00534618
0.795089
-0.00534618
0.795089
-0.00498339
0.795089
-0.00498339
0.795089
-0.00498339
0.795089
-0.00498339
0.773235
0.0328687
0.334302
0.520302
0.0328687
0.773235
-0.00498339
0.795089
-0.00498339
0.795089
-0.00498339
0.795089
-0.00534618
0.795089
-0.00534618
0.795089
-0.00534618
0.795089
-0.00534618
0.795089
-0.00534618
0.795089
-0.00534618
0.795089
-0.00534618
0.795089
-0.00534618
0.795089
0.310904
0.451272
0.338404
0.0765288
0.338404
0.0527788
0.194654
0.0890288
0.313404
0.109029
0.313404
0.0790288
0.313404
0.109029
0.313404
0.0790288
0.338404
0.0746538
0.204654
0.0727788
0.795089
-0.00534618
0.785556
0.0115288
0.785556
0.0115288
0.785556
0.0115288
0.795089
-0.00534618
0.795089
-0.00534618
0.795089
-0.00534618
0.795089
-0.00534618
0.795089
-0.00498339
0.795089
-0.00498339
0.795089
-0.00498339
0.795089
-0.00498339
0.773235
0.0328687
0.334302
0.520302
0.0328687
0.773235
-0.00498339
0.795089
-0.00498339
0.795089
-0.00498339
0.795089
-0.00534618
0.795089
-0.00534618
0.795089
-0.00534618
0.795089
-0.00534618
0.795089
-0.00534618
0.795089
-0.00534618
0.795089
-0.00534618
0.795089
-0.00534618
0.795089
0.310904
0.451272
0.313404
0.0734038
0.338404
0.0359038
0.343404
0.0671538
0.313404
0.0821538
0.313404
0.0821538
0.313404
0.0634038
0.198404
0.0996538
0.204654
0.0671538
0.194654
0.0696538
0.795089
-0.00534618
0.795089
-0.00534618
0.776535
0.0271538
0.795089
-0.00534618
0.795089
-0.00534618
0.795089
-0.00534618
0.795089
-0.00534618
0.795089
-0.00534618
0.795089
-0.00498339
0.795089
-0.00498339
0.795089
-0.00498339
0.795089
-0.00498339
0.773235
0.0328687
0.334302
0.507802
0.0746538
0.725673
0.0746538
0.725673
0.0746538
0.725673
0.0746538
0.725673
0.0746538
0.725673
0.0746538
0.725673
-0.00534618
0.782589
-0.00534618
0.782589
-0.00534618
0.782589
-0.00534618
0.782589
-0.00534618
0.782589
-0.00534618
0.782589
0.150904
0.546192
0.104654
-0.00534618
0.0996538
-0.000346179
0.104654
-0.00534618
0.104654
-0.00534618
0.0996538
-0.000346179
0.104654
-0.00534618
0.104654
-0.00534618
0.0946538
0.00715382
0.249654
-0.00534618
0.788082
0.00715382
0.788082
0.00715382
0.788082
0.00715382
0.788082
0.00715382
0.788082
0.00715382
0.725587
0.0896538
0.725587
0.0896538
0.645872
0.184654
0.795089
-0.00498339
0.795089
-0.00498339
0.795089
-0.00498339
0.764046
0.0438205
0.764046
0.0438205
0.334302
0.520302
0.0328687
0.773235
-0.00498339
0.795089
-0.00498339
0.795089
-0.00498339
0.795089
-0.00534618
0.795089
-0.00534618
0.795089
0.0284038
0.775813
0.0284038
0.775813
-0.00534618
0.795089
-0.00534618
0.795089
-0.00534618
0.795089
-0.00534618
0.795089
0.150904
0.546192
0.173404
0.107154
0.187154
0.313404
0.175904
0.343404
0.0946538
0.338404
0.0946538
0.323404
0.0946538
0.323404
0.0509038
0.338404
0.187154
0.343404
0.169654
0.310904
0.795089
-0.00534618
0.795089
-0.00534618
0.795089
-0.00534618
0.795089
-0.00534618
0.795089
-0.00534618
0.795089
-0.00534618
0.795089
-0.00534618
0.795089
-0.00534618
0.738173
0.0746538
0.738173
0.0746538
0.738173
0.0746538
0.738173
0.0746538
0.690974
0.130904
0.334302
0.520302
0.0746538
0.738173
0.0746538
0.738173
0.0746538
0.738173
0.0746538
0.738173
0.0746538
0.738173
0.0746538
0.738173
0.0284038
0.775813
-0.00534618
0.795089
-0.00534618
0.795089
-0.00534618
0.795089
-0.00534618
0.795089
-0.00534618
0.795089
0.150904
0.546192
0.160904
0.187154
0.163404
0.0946538
0.108404
0.180904
0.157154
0.167154
0.157154
0.157154
0.182154
0.154654
0.163404
0.169654
0.0509038
0.163404
0.138404
0.150904
0.795089
-0.00534618
0.795089
-0.00534618
0.795089
-0.00534618
0.795089
-0.00534618
0.795089
-0.00534618
0.775813
0.0284038
0.738173
0.0746538
0.738173
0.0746538
0.710203
0.107987
0.710203
0.107987
0.710203
0.107987
0.710203
0.107987
0.773235
0.0328687
0.334302
0.520302
0.0746538
0.738173
0.0746538
0.738173
0.0746538
0.738173
0.0746538
0.738173
0.0746538
0.738173
0.0746538
0.738173
-0.00534618
0.795089
-0.00534618
0.795089
-0.00534618
0.795089
-0.00534618
0.795089
-0.00534618
0.795089
-0.00534618
0.795089
0.150904
0.546192
0.163404
0.0650705
0.150904
0.0750705
0.193404
0.0321538
0.157154
0.12382
0.157154
0.13507
0.0946538
0.13007
0.157154
0.13507
0.187154
0.13507
0.0946538
0.13007
0.795089
-0.00534618
0.795089
-0.00534618
0.795089
-0.00534618
0.795089
-0.00534618
0.795089
-0.00534618
0.795089
-0.00534618
0.795089
-0.00534618
0.795089
-0.00534618
0.696218
0.124654
0.696218
0.124654
0.696218
0.124654
0.795089
-0.00498339
0.773235
0.0328687
0.334302
0.520302
0.0746538
0.738173
0.0746538
0.738173
0.0746538
0.738173
0.0746538
0.738173
0.0746538
0.738173
0.0746538
0.738173
-0.00534618
0.795089
-0.00534618
0.795089
-0.00534618
0.795089
-0.00534618
0.795089
-0.00534618
0.795089
-0.00534618
0.795089
0.150904
0.546192
0.163404
0.0546538
0.163404
0.0727788
0.193404
0.0446538
0.157154
0.0890288
0.157154
0.0827788
0.157154
0.0977788
0.0946538
0.0852788
0.0946538
0.0852788
0.104654
0.0727788
0.785556
0.0115288
0.785556
0.0115288
0.785556
0.0115288
0.785556
0.0115288
0.785556
0.0115288
0.785556
0.0115288
0.785556
0.0115288
0.785556
0.0115288
0.687827
0.134654
0.687827
0.134654
0.795089
-0.00498339
0.795089
-0.00498339
0.773235
0.0328687
0.334302
0.520302
0.0746538
0.738173
0.0746538
0.738173
0.0746538
0.738173
0.0746538
0.738173
0.0746538
0.738173
0.0746538
0.738173
-0.00534618
0.795089
-0.00534618
0.795089
-0.00534618
0.795089
-0.00534618
0.795089
-0.00534618
0.795089
-0.00534618
0.795089
0.150904
0.546192
0.160904
0.0734038
0.157154
0.0821538
0.193404
0.0346538
0.157154
0.0934038
0.163404
0.0759038
0.187154
0.0821538
0.0946538
0.0696538
0.182154
0.0671538
0.0946538
0.0696538
0.795089
-0.00534618
0.776535
0.0271538
0.776535
0.0271538
0.776535
0.0271538
0.776535
0.0271538
0.776535
0.0271538
0.776535
0.0271538
0.776535
0.0271538
0.645872
0.184654
0.645872
0.184654
0.645872
0.184654
0.795089
-0.00498339
0.773235
0.0328687
0.334302
0.507802
0.107987
0.697703
0.107987
0.697703
0.107987
0.697703
0.107987
0.697703
-0.00534618
0.782589
-0.00534618
0.782589
-0.00534618
0.782589
-0.00534618
0.782589
-0.00534618
0.782589
-0.00534618
0.782589
-0.00534618
0.782589
-0.00534618
0.782589
0.13007
0.601151
0.0663205
-0.000346179
0.0663205
-0.000346179
0.0713205
0.0196538
0.0713205
-0.00534618
0.0663205
-0.000346179
0.0663205
-0.000346179
0.0663205
-0.000346179
0.0613205
0.00715382
0.262154
-0.00534618
0.788082
0.00715382
0.788082
0.00715382
0.788082
0.00715382
0.788082
0.00715382
0.725587
0.0896538
0.725587
0.0896538
0.725587
0.0896538
0.645872
0.184654
0.795089
-0.00498339
0.795089
-0.00498339
0.795089
-0.00498339
0.795089
-0.00498339
0.764046
0.0438205
0.334302
0.520302
0.0328687
0.773235
-0.00498339
0.795089
-0.00498339
0.795089
-0.00498339
0.795089
-0.00534618
0.795089
-0.00534618
0.795089
-0.00534618
0.795089
-0.00534618
0.795089
-0.00534618
0.795089
-0.00534618
0.795089
-0.00534618
0.795089
-0.00534618
0.795089
0.13007
0.601151
0.11507
0.313404
0.10882
0.313404
0.14132
0.194654
0.0321538
0.338404
0.12382
0.323404
0.11132
0.325904
0.0321538
0.338404
0.10507
0.343404
0.204654
0.310904
0.795089
-0.00534618
0.795089
-0.00534618
0.795089
-0.00534618
0.795089
-0.00534618
0.795089
-0.00534618
0.795089
-0.00534618
0.795089
-0.00534618
0.795089
-0.00534618
0.738173
0.0746538
0.738173
0.0746538
0.738173
0.0746538
0.738173
0.0746538
0.683632
0.139654
0.334302
0.520302
0.107987
0.710203
0.107987
0.710203
0.107987
0.710203
0.107987
0.710203
-0.00534618
0.795089
-0.00534618
0.795089
-0.00534618
0.795089
-0.00534618
0.795089
-0.00534618
0.795089
-0.00534618
0.795089
-0.00534618
0.795089
-0.00534618
0.795089
0.13007
0.601151
0.13507
0.167154
0.13507
0.167154
0.14132
0.180904
0.14132
0.160904
0.12382
0.157154
0.13007
0.154654
0.0321538
0.173404
0.0321538
0.163404
0.152987
0.150904
0.795089
-0.00534618
0.795089
-0.00534618
0.795089
-0.00534618
0.795089
-0.00534618
0.795089
-0.00534618
0.795089
-0.00534618
0.738173
0.0746538
0.738173
0.0746538
0.710203
0.107987
0.710203
0.107987
0.710203
0.107987
0.710203
0.107987
0.647271
0.182987
0.334302
0.520302
0.107987
0.710203
0.107987
0.710203
0.107987
0.710203
0.107987
0.710203
-0.00534618
0.795089
-0.00534618
0.795089
-0.00534618
0.795089
-0.00534618
0.795089
-0.00534618
0.795089
-0.00534618
0.795089
-0.00534618
0.795089
-0.00534618
0.795089
0.13007
0.601151
0.13007
0.11757
0.13507
0.11507
0.14132
0.0800705
0.10507
0.12382
0.10882
0.13507
0.10882
0.13507
0.10507
0.13507
0.0613205
0.11132
0.0613205
0.13007
0.795089
-0.00534618
0.795089
-0.00534618
0.795089
-0.00534618
0.795089
-0.00534618
0.795089
-0.00534618
0.795089
-0.00534618
0.795089
-0.00534618
0.795089
-0.00534618
0.696218
0.124654
0.696218
0.124654
0.696218
0.124654
0.696218
0.124654
0.625419
0.209029
0.334302
0.520302
0.107987
0.710203
0.107987
0.710203
0.107987
0.710203
0.107987
0.710203
-0.00534618
0.795089
-0.00534618
0.795089
-0.00534618
0.795089
-0.00534618
0.795089
-0.00534618
0.795089
-0.00534618
0.795089
-0.00534618
0.795089
-0.00534618
0.795089
0.13007
0.601151
0.11507
0.109029
0.13507
0.0977788
0.14132
0.0546538
0.14132
0.0827788
0.12382
0.0790288
0.13007
0.0765288
0.0613205
0.0852788
0.0613205
0.0852788
0.0713205
0.0727788
0.785556
0.0115288
0.785556
0.0115288
0.785556
0.0115288
0.785556
0.0115288
0.785556
0.0115288
0.785556
0.0115288
0.785556
0.0115288
0.785556
0.0115288
0.687827
0.134654
0.687827
0.134654
0.687827
0.134654
0.687827
0.134654
0.773235
0.0328687
0.334302
0.520302
0.107987
0.710203
0.107987
0.710203
0.107987
0.710203
0.107987
0.710203
-0.00534618
0.795089
-0.00534618
0.795089
-0.00534618
0.795089
-0.00534618
0.795089
-0.00534618
0.795089
-0.00534618
0.795089
-0.00534618
0.795089
-0.00534618
0.795089
0.13007
0.601151
0.0963205
0.0396538
0.0963205
0.0696538
0.14132
0.0571538
0.14132
0.0871538
0.13007
0.0759038
0.13007
0.0671538
0.0613205
0.0696538
0.12132
0.0671538
0.0613205
0.0696538
0.795089
-0.00534618
0.776535
0.0271538
0.776535
0.0271538
0.776535
0.0271538
0.776535
0.0271538
0.776535
0.0271538
0.776535
0.0271538
0.776535
0.0271538
0.645872
0.184654
0.645872
0.184654
0.645872
0.184654
0.645872
0.184654
0.773235
0.0328687
0.334302
0.507802
0.124654
0.683718
0.124654
0.683718
0.124654
0.683718
0.124654
0.683718
0.0115288
0.773056
0.0115288
0.773056
0.0115288
0.773056
0.0115288
0.773056
0.0115288
0.773056
0.0115288
0.773056
0.0115288
0.773056
0.0115288
0.773056
0.0727788
0.611747
0.0496538
-0.000346179
0.0496538
-0.000346179
0.0496538
0.0409038
0.0446538
0.0184038
0.0496538
-0.000346179
0.0496538
-0.000346179
0.0496538
-0.000346179
0.0446538
0.00715382
0.271529
-0.00534618
0.788082
0.00715382
0.788082
0.00715382
0.788082
0.00715382
0.788082
0.00715382
0.725587
0.0896538
0.725587
0.0896538
0.725587
0.0896538
0.645872
0.184654
0.795089
-0.00498339
0.795089
-0.00498339
0.795089
-0.00498339
0.795089
-0.00498339
0.764046
0.0438205
0.334302
0.520302
0.0328687
0.773235
-0.00498339
0.795089
-0.00498339
0.795089
-0.00498339
0.795089
-0.00534618
0.795089
-0.00534618
0.795089
-0.00534618
0.795089
-0.00534618
0.795089
0.0115288
0.785556
0.0115288
0.785556
0.0115288
0.785556
-0.00534618
0.795089
0.0727788
0.611747
0.0796538
0.218404
0.0790288
0.313404
0.0446538
0.338404
0.00715382
0.338404
0.0727788
0.323404
0.0790288
0.313404
0.0727788
0.338404
0.0790288
0.343404
0.226529
0.310904
0.795089
-0.00534618
0.795089
-0.00534618
0.795089
-0.00534618
0.795089
-0.00534618
0.795089
-0.00534618
0.795089
-0.00534618
0.795089
-0.00534618
0.795089
-0.00534618
0.738173
0.0746538
0.738173
0.0746538
0.738173
0.0746538
0.738173
0.0746538
0.683632
0.139654
0.334302
0.520302
0.0328687
0.773235
0.124654
0.696218
0.124654
0.696218
0.124654
0.696218
0.0115288
0.785556
0.0115288
0.785556
0.0115288
0.785556
0.0115288
0.785556
0.0115288
0.785556
0.0115288
0.785556
0.0115288
0.785556
0.0115288
0.785556
0.0727788
0.611747
0.0727788
0.182154
0.0746538
0.167154
0.0765288
0.182154
0.0790288
0.157154
0.0790288
0.157154
0.0790288
0.187154
0.0227788
0.173404
0.0446538
0.163404
0.160279
0.150904
0.795089
-0.00534618
0.795089
-0.00534618
0.795089
-0.00534618
0.795089
-0.00534618
0.795089
-0.00534618
0.795089
-0.00534618
0.738173
0.0746538
0.738173
0.0746538
0.710203
0.107987
0.710203
0.107987
0.710203
0.107987
0.710203
0.107987
0.647271
0.182987
0.334302
0.520302
0.124654
0.696218
0.124654
0.696218
0.124654
0.696218
0.124654
0.696218
0.0115288
0.785556
0.0115288
0.785556
0.0115288
0.785556
0.0115288
0.785556
0.0115288
0.785556
0.0115288
0.785556
0.0115288
0.785556
0.0115288
0.785556
0.0727788
0.611747
0.0827788
0.11132
0.0790288
0.11507
0.0484038
0.13007
0.0727788
0.13007
0.0827788
0.13507
0.0790288
0.13507
0.0496538
0.0963205
0.0446538
0.11132
0.0446538
0.13007
0.795089
-0.00534618
0.795089
-0.00534618
0.795089
-0.00534618
0.795089
-0.00534618
0.795089
-0.00534618
0.795089
-0.00534618
0.795089
-0.00534618
0.795089
-0.00534618
0.696218
0.124654
0.696218
0.124654
0.696218
0.124654
0.696218
0.124654
0.625419
0.209029
0.334302
0.520302
0.124654
0.696218
0.124654
0.696218
0.124654
0.696218
0.124654
0.696218
0.0115288
0.785556
0.0115288
0.785556
0.0115288
0.785556
0.0115288
0.785556
0.0115288
0.785556
0.0115288
0.785556
0.0115288
0.785556
0.0115288
0.785556
0.0727788
0.611747
0.0890288
0.0827788
0.0890288
0.0746538
0.0890288
0.0890288
0.0852788
0.0634038
0.0790288
0.0827788
0.0790288
0.0890288
0.0790288
0.0790288
0.0446538
0.0852788
0.0715288
0.0727788
0.785556
0.0115288
0.785556
0.0115288
0.785556
0.0115288
0.785556
0.0115288
0.785556
0.0115288
0.785556
0.0115288
0.785556
0.0115288
0.785556
0.0115288
0.687827
0.134654
0.687827
0.134654
0.687827
0.134654
0.687827
0.134654
0.612308
0.224654
0.334302
0.520302
0.124654
0.696218
0.124654
0.696218
0.124654
0.696218
0.124654
0.696218
0.0115288
0.785556
0.0115288
0.785556
0.0115288
0.785556
0.0115288
0.785556
0.0115288
0.785556
0.0115288
0.785556
0.0115288
0.785556
0.0115288
0.785556
0.0727788
0.611747
0.0827788
0.0821538
0.0790288
0.0671538
0.0890288
0.0934038
0.0746538
0.0796538
0.0827788
0.0671538
0.0790288
0.0734038
0.0484038
0.0996538
0.0546538
0.0696538
0.0446538
0.0696538
0.795089
-0.00534618
0.776535
0.0271538
0.776535
0.0271538
0.776535
0.0271538
0.776535
0.0271538
0.776535
0.0271538
0.776535
0.0271538
0.776535
0.0271538
0.645872
0.184654
0.645872
0.184654
0.645872
0.184654
0.645872
0.184654
0.773235
0.0328687
0.334302
0.507802
0.134654
0.675327
0.134654
0.675327
0.134654
0.675327
0.134654
0.675327
0.0271538
0.764035
0.0271538
0.764035
0.0271538
0.764035
0.0271538
0.764035
0.0271538
0.764035
0.0271538
0.764035
0.0271538
0.764035
-0.00534618
0.782589
0.0696538
0.614369
0.0396538
-0.000346179
0.0396538
-0.000346179
0.0396538
0.0409038
0.0346538
0.0184038
0.0396538
-0.000346179
0.0396538
-0.000346179
0.0396538
-0.000346179
0.0346538
0.00715382
0.277154
-0.00534618
0.788082
0.00715382
0.788082
0.00715382
0.788082
0.00715382
0.788082
0.00715382
0.725587
0.0896538
0.725587
0.0896538
0.725587
0.0896538
0.645872
0.184654
0.795089
-0.00498339
0.795089
-0.00498339
0.795089
-0.00498339
0.795089
-0.00498339
0.764046
0.0438205
0.334302
0.520302
0.0328687
0.773235
-0.00498339
0.795089
-0.00498339
0.795089
-0.00498339
0.795089
-0.00534618
0.795089
-0.00534618
0.795089
-0.00534618
0.795089
-0.00534618
0.795089
-0.00534618
0.795089
0.0271538
0.776535
-0.00534618
0.795089
-0.00534618
0.795089
0.0696538
0.614369
0.0671538
0.323404
0.0821538
0.313404
0.00465382
0.329654
0.0346538
0.338404
0.00465382
0.323404
0.0671538
0.323404
0.00465382
0.338404
0.0671538
0.313404
0.239654
0.310904
0.795089
-0.00534618
0.795089
-0.00534618
0.795089
-0.00534618
0.795089
-0.00534618
0.795089
-0.00534618
0.795089
-0.00534618
0.795089
-0.00534618
0.795089
-0.00534618
0.738173
0.0746538
0.738173
0.0746538
0.738173
0.0746538
0.738173
0.0746538
0.683632
0.139654
0.334302
0.520302
0.0328687
0.773235
-0.00498339
0.795089
0.134654
0.687827
0.134654
0.687827
0.0271538
0.776535
0.0271538
0.776535
0.0271538
0.776535
0.0271538
0.776535
0.0271538
0.776535
0.0271538
0.776535
0.0271538
0.776535
-0.00534618
0.795089
0.0696538
0.614369
0.0734038
0.167154
0.0671538
0.167154
0.0759038
0.182154
0.0634038
0.175904
0.0821538
0.157154
0.0734038
0.160904
0.0346538
0.173404
0.0171538
0.163404
0.164654
0.150904
0.795089
-0.00534618
0.795089
-0.00534618
0.795089
-0.00534618
0.795089
-0.00534618
0.795089
-0.00534618
0.795089
-0.00534618
0.738173
0.0746538
0.738173
0.0746538
0.710203
0.107987
0.710203
0.107987
0.710203
0.107987
0.710203
0.107987
0.647271
0.182987
0.334302
0.520302
0.134654
0.687827
0.134654
0.687827
0.134654
0.687827
0.134654
0.687827
0.0271538
0.776535
0.0271538
0.776535
0.0271538
0.776535
0.0271538
0.776535
0.0271538
0.776535
0.0271538
0.776535
0.0271538
0.776535
-0.00534618
0.795089
0.0696538
0.614369
0.0796538
0.0650705
0.0759038
0.12132
0.0696538
0.0800705
0.0821538
0.12382
0.0671538
0.13507
0.0634038
0.13507
0.0671538
0.13507
0.0396538
0.0963205
0.0346538
0.13007
0.795089
-0.00534618
0.795089
-0.00534618
0.795089
-0.00534618
0.795089
-0.00534618
0.795089
-0.00534618
0.795089
-0.00534618
0.795089
-0.00534618
0.795089
-0.00534618
0.696218
0.124654
0.696218
0.124654
0.696218
0.124654
0.696218
0.124654
0.625419
0.209029
0.334302
0.520302
0.134654
0.687827
0.134654
0.687827
0.134654
0.687827
0.134654
0.687827
0.0271538
0.776535
0.0271538
0.776535
0.0271538
0.776535
0.0271538
0.776535
0.0271538
0.776535
0.0271538
0.776535
0.0271538
0.776535
-0.00534618
0.795089
0.0696538
0.614369
0.0821538
0.109029
0.0671538
0.0977788
0.0346538
0.0890288
0.0696538
0.0796538
0.0734038
0.0746538
0.0734038
0.0890288
0.0671538
0.0790288
0.0396538
0.0796538
0.0771538
0.0727788
0.785556
0.0115288
0.785556
0.0115288
0.785556
0.0115288
0.785556
0.0115288
0.785556
0.0115288
0.785556
0.0115288
0.785556
0.0115288
0.785556
0.0115288
0.687827
0.134654
0.687827
0.134654
0.687827
0.134654
0.687827
0.134654
0.612308
0.224654
0.334302
0.520302
0.134654
0.687827
0.134654
0.687827
0.134654
0.687827
0.134654
0.687827
0.0271538
0.776535
0.0271538
0.776535
0.0271538
0.776535
0.0271538
0.776535
0.0271538
0.776535
0.0271538
0.776535
0.0271538
0.776535
-0.00534618
0.795089
0.0696538
0.614369
0.0821538
0.0821538
0.0934038
0.0734038
0.0346538
0.0884038
0.0384038
0.0796538
0.0671538
0.0671538
0.0634038
0.0671538
0.0671538
0.0934038
0.0734038
0.0671538
0.0346538
0.0696538
0.795089
-0.00534618
0.776535
0.0271538
0.776535
0.0271538
0.776535
0.0271538
0.776535
0.0271538
0.776535
0.0271538
0.776535
0.0271538
0.776535
0.0271538
