0.633103
0.184963
0.633103
0.184963
0.633103
0.184963
0.633103
0.184963
0.547096
0.287463
0.334297
0.507797
0.184963
0.633103
0.184963
0.633103
0.184963
0.633103
0.184963
0.633103
0.184963
0.633103
0.0899628
0.712818
0.0899628
0.712818
0.0899628
0.712818
0.0899628
0.712818
0.00746283
0.775315
0.00746283
0.775315
0.00746283
0.775315
-0.00503717
0.650343
-3.71707e-05
-3.71707e-05
0.0124628
0.0424628
-3.71707e-05
-3.71707e-05
-3.71707e-05
-3.71707e-05
-0.00503717
0.00746283
-3.71707e-05
-3.71707e-05
-3.71707e-05
-3.71707e-05
-3.71707e-05
-3.71707e-05
0.299963
-0.00503717
0.775315
0.00746283
0.775315
0.00746283
0.775315
0.00746283
0.712818
0.0899628
0.712818
0.0899628
0.712818
0.0899628
0.712818
0.0899628
0.633103
0.184963
0.78251
-0.00499822
0.78251
-0.00499822
0.78251
-0.00499822
0.78251
-0.00499822
0.751277
0.0441295
0.334297
0.520297
0.0331684
0.772974
-0.00499822
0.79501
-0.00499822
0.79501
-0.00499822
0.79501
-0.00503717
0.79501
-0.00503717
0.79501
-0.00503717
0.79501
-0.00503717
0.79501
0.00746283
0.787815
0.00746283
0.787815
0.00746283
0.787815
0.00746283
0.787815
-0.00503717
0.650343
-0.00503717
0.208713
-0.00503717
0.319963
-0.00503717
0.204963
-0.00503717
0.208713
-0.00503717
0.323713
-0.00503717
0.204963
-0.00503717
0.338713
-3.71707e-05
0.203713
0.292463
0.311213
0.78251
-0.00503717
0.78251
-0.00503717
0.78251
-0.00503717
0.78251
-0.00503717
0.78251
-0.00503717
0.78251
-0.00503717
0.78251
-0.00503717
0.78251
-0.00503717
0.725404
0.0749628
0.725404
0.0749628
0.725404
0.0749628
0.725404
0.0749628
0.670863
0.139963
0.334297
0.520297
0.0331684
0.772974
-0.00499822
0.79501
-0.00499822
0.79501
-0.00499822
0.79501
0.184963
0.645603
0.0899628
0.725318
0.0899628
0.725318
0.00746283
0.787815
0.00746283
0.787815
0.00746283
0.787815
0.00746283
0.787815
0.00746283
0.787815
-0.00503717
0.650343
-0.00503717
0.163713
-0.00503717
0.104963
-0.00503717
0.104963
-0.00503717
0.163713
-0.00503717
0.134963
-0.00503717
0.104963
-0.00503717
0.104963
0.0199628
0.104963
0.192463
0.151213
0.78251
-0.00503717
0.78251
-0.00503717
0.78251
-0.00503717
0.78251
-0.00503717
0.78251
-0.00503717
0.78251
-0.00503717
0.725404
0.0749628
0.725404
0.0749628
0.697434
0.108296
0.697434
0.108296
0.697434
0.108296
0.697434
0.108296
0.634502
0.183296
0.334297
0.520297
0.0331684
0.772974
0.184963
0.645603
0.184963
0.645603
0.184963
0.645603
0.184963
0.645603
0.0899628
0.725318
0.0899628
0.725318
0.0899628
0.725318
0.00746283
0.787815
0.00746283
0.787815
0.00746283
0.787815
0.00746283
0.787815
-0.00503717
0.650343
-0.00503717
0.121629
-0.00503717
0.111629
-3.71707e-05
0.0666295
-3.71707e-05
0.0666295
0.00121283
0.105379
-3.71707e-05
0.0666295
-3.71707e-05
0.0666295
-3.71707e-05
0.0966295
-0.00503717
0.130379
0.78251
-0.00503717
0.78251
-0.00503717
0.78251
-0.00503717
0.78251
-0.00503717
0.78251
-0.00503717
0.78251
-0.00503717
0.78251
-0.00503717
0.78251
-0.00503717
0.683449
0.124963
0.683449
0.124963
0.683449
0.124963
0.683449
0.124963
0.61265
0.209338
0.334297
0.520297
0.184963
0.645603
0.184963
0.645603
0.184963
0.645603
0.184963
0.645603
0.184963
0.645603
0.0899628
0.725318
0.0899628
0.725318
0.0899628
0.725318
0.00746283
0.787815
0.00746283
0.787815
0.00746283
0.787815
0.00746283
0.787815
-0.00503717
0.650343
-0.00503717
0.0855878
-3.71707e-05
0.0599628
-3.71707e-05
0.0499628
-0.00503717
0.0855878
-0.00503717
0.115588
-0.00503717
0.0855878
0.0324628
0.0449628
0.00746283
0.0449628
0.0999628
0.0730878
0.772789
0.0118378
0.772789
0.0118378
0.772789
0.0118378
0.772789
0.0118378
0.772789
0.0118378
0.772789
0.0118378
0.772789
0.0118378
0.772789
0.0118378
0.675058
0.134963
0.675058
0.134963
0.675058
0.134963
0.675058
0.134963
0.599539
0.224963
0.334297
0.520297
0.184963
0.645603
0.184963
0.645603
0.184963
0.645603
0.184963
0.645603
0.184963
0.645603
0.0899628
0.725318
0.0899628
0.725318
0.0899628
0.725318
0.00746283
0.787815
0.00746283
0.787815
0.00746283
0.787815
0.00746283
0.787815
-0.00503717
0.650343
-3.71707e-05
0.0399628
-3.71707e-05
0.0399628
-3.71707e-05
0.0399628
-3.71707e-05
0.0399628
0.00746283
0.0349628
-0.00503717
0.0699628
0.0324628
0.0449628
-3.71707e-05
0.0699628
-0.00503717
0.0699628
0.78251
-0.00503717
0.763768
0.0274628
0.763768
0.0274628
0.763768
0.0274628
0.763768
0.0274628
0.763768
0.0274628
0.763768
0.0274628
0.763768
0.0274628
0.79501
-0.00499822
0.79501
-0.00499822
0.79501
-0.00499822
0.79501
-0.00499822
0.772974
0.0331684
0.334297
0.507797
0.0331684
0.760474
-0.00499822
0.78251
-0.00499822
0.78251
-0.00499822
0.78251
-0.00503717
0.78251
-0.00503717
0.78251
-0.00503717
0.78251
-0.00503717
0.78251
-0.00503717
0.78251
-0.00503717
0.78251
-0.00503717
0.78251
-0.00503717
0.78251
0.311213
0.451003
0.204963
-0.00503717
0.199963
-3.71707e-05
0.204963
-0.00503717
0.204963
-0.00503717
0.204963
0.0199628
0.199963
-3.71707e-05
0.204963
-0.00503717
0.204963
-0.00503717
0.277463
-0.00503717
0.787815
0.00746283
0.787815
0.00746283
0.787815
0.00746283
0.787815
0.00746283
0.79501
-0.00503717
0.79501
-0.00503717
0.79501
-0.00503717
0.79501
-0.00503717
0.79501
-0.00499822
0.763777
0.0441295
0.763777
0.0441295
0.763777
0.0441295
0.763777
0.0441295
0.334297
0.520297
0.0441295
0.763777
0.0441295
0.763777
0.0441295
0.763777
-0.00499822
0.79501
-0.00503717
0.79501
-0.00503717
0.79501
-0.00503717
0.79501
-0.00503717
0.79501
-0.00503717
0.79501
-0.00503717
0.79501
-0.00503717
0.79501
-0.00503717
0.79501
0.311213
0.451003
0.338713
0.326213
0.313713
0.343713
0.136213
0.194963
0.313713
0.313713
0.323713
0.313713
0.107463
0.323713
0.194963
0.338713
0.111213
0.338713
0.0991295
0.311213
0.79501
-0.00503717
0.79501
-0.00503717
0.79501
-0.00503717
0.79501
-0.00503717
0.79501
-0.00503717
0.79501
-0.00503717
0.79501
-0.00503717
0.79501
-0.00503717
0.79501
-0.00499822
0.79501
-0.00499822
0.79501
-0.00499822
0.79501
-0.00499822
0.772974
0.0331684
0.334297
0.520297
0.0441295
0.763777
-0.00499822
0.79501
-0.00499822
0.79501
-0.00499822
0.79501
-0.00503717
0.79501
-0.00503717
0.79501
-0.00503717
0.79501
-0.00503717
0.79501
-0.00503717
0.79501
-0.00503717
0.79501
-0.00503717
0.79501
-0.00503717
0.79501
0.311213
0.451003
0.338713
0.169963
0.323713
0.151213
0.136213
0.181213
0.338713
0.181213
0.323713
0.187463
0.313713
0.167463
0.107463
0.173713
0.107463
0.163713
0.114963
0.151213
0.79501
-0.00503717
0.79501
-0.00503717
0.79501
-0.00503717
0.79501
-0.00503717
0.775546
0.0287128
0.775546
0.0287128
0.79501
-0.00503717
0.79501
-0.00503717
0.79501
-0.00499822
0.79501
-0.00499822
0.79501
-0.00499822
0.79501
-0.00499822
0.772974
0.0331684
0.334297
0.520297
0.0331684
0.772974
-0.00499822
0.79501
-0.00499822
0.79501
-0.00499822
0.79501
-0.00503717
0.79501
-0.00503717
0.79501
-0.00503717
0.79501
-0.00503717
0.79501
-0.00503717
0.79501
-0.00503717
0.79501
-0.00503717
0.79501
-0.00503717
0.79501
0.311213
0.451003
0.338713
0.117879
0.311213
0.141629
0.343713
0.135379
0.311213
0.141629
0.323713
0.135379
0.313713
0.109129
0.313713
0.135379
0.204963
0.109129
0.194963
0.130379
0.79501
-0.00503717
0.79501
-0.00503717
0.79501
-0.00503717
0.79501
-0.00503717
0.79501
-0.00503717
0.79501
-0.00503717
0.79501
-0.00503717
0.79501
-0.00503717
0.79501
-0.00499822
0.79501
-0.00499822
0.79501
-0.00499822
0.79501
-0.00499822
0.772974
0.0331684
0.334297
0.520297
0.0331684
0.772974
-0.00499822
0.79501
-0.00499822
0.79501
-0.00499822
0.79501
-0.00503717
0.79501
-0.00503717
0.79501
-0.00503717
0.79501
-0.00503717
0.79501
-0.00503717
0.79501
-0.00503717
0.79501
-0.00503717
0.79501
-0.00503717
0.79501
0.311213
0.451003
0.338713
0.0918378
0.323713
0.0730878
0.313713
0.0893378
0.313713
0.0893378
0.323713
0.0768378
0.313713
0.109338
0.194963
0.0893378
0.204963
0.0730878
0.204963
0.0730878
0.79501
-0.00503717
0.785289
0.0118378
0.785289
0.0118378
0.785289
0.0118378
0.79501
-0.00503717
0.79501
-0.00503717
0.79501
-0.00503717
0.79501
-0.00503717
0.79501
-0.00499822
0.79501
-0.00499822
0.79501
-0.00499822
0.79501
-0.00499822
0.772974
0.0331684
0.334297
0.520297
0.0331684
0.772974
-0.00499822
0.79501
-0.00499822
0.79501
-0.00499822
0.79501
-0.00503717
0.79501
-0.00503717
0.79501
-0.00503717
0.79501
-0.00503717
0.79501
-0.00503717
0.79501
-0.00503717
0.79501
-0.00503717
0.79501
-0.00503717
0.79501
0.311213
0.451003
0.338713
0.0149628
0.313713
0.0824628
0.343713
0.0674628
0.338713
0.0874628
0.313713
0.0674628
0.313713
0.0937128
0.194963
0.0737128
0.204963
0.0474628
0.194963
0.0699628
0.79501
-0.00503717
0.79501
-0.00503717
0.776268
0.0274628
0.79501
-0.00503717
0.79501
-0.00503717
0.79501
-0.00503717
0.79501
-0.00503717
0.79501
-0.00503717
0.79501
-0.00499822
0.79501
-0.00499822
0.79501
-0.00499822
0.79501
-0.00499822
0.772974
0.0331684
0.334297
0.507797
0.0749628
0.725404
0.0749628
0.725404
0.0749628
0.725404
0.0749628
0.725404
0.0749628
0.725404
0.0749628
0.725404
-0.00503717
0.78251
-0.00503717
0.78251
-0.00503717
0.78251
-0.00503717
0.78251
-0.00503717
0.78251
-0.00503717
0.78251
0.151213
0.545923
0.104963
-0.00503717
0.0999628
-3.71707e-05
0.104963
-0.00503717
0.104963
-0.00503717
0.104963
0.0199628
0.0999628
-3.71707e-05
0.104963
-0.00503717
0.104963
-0.00503717
0.249963
-0.00503717
0.787815
0.00746283
0.787815
0.00746283
0.787815
0.00746283
0.787815
0.00746283
0.787815
0.00746283
0.725318
0.0899628
0.725318
0.0899628
0.645603
0.184963
0.79501
-0.00499822
0.79501
-0.00499822
0.79501
-0.00499822
0.763777
0.0441295
0.763777
0.0441295
0.334297
0.520297
0.0331684
0.772974
-0.00499822
0.79501
-0.00499822
0.79501
-0.00499822
0.79501
-0.00503717
0.79501
-0.00503717
0.79501
0.0287128
0.775546
0.0287128
0.775546
-0.00503717
0.79501
-0.00503717
0.79501
-0.00503717
0.79501
-0.00503717
0.79501
0.151213
0.545923
0.151213
0.127463
0.181213
0.147463
0.0199628
0.319963
0.154963
0.323713
0.163713
0.311213
0.0949628
0.323713
0.0949628
0.338713
0.0199628
0.338713
0.169963
0.311213
0.79501
-0.00503717
0.79501
-0.00503717
0.79501
-0.00503717
0.79501
-0.00503717
0.79501
-0.00503717
0.79501
-0.00503717
0.79501
-0.00503717
0.79501
-0.00503717
0.737904
0.0749628
0.737904
0.0749628
0.737904
0.0749628
0.737904
0.0749628
0.690705
0.131213
0.334297
0.520297
0.0749628
0.737904
0.0749628
0.737904
0.0749628
0.737904
0.0749628
0.737904
0.0749628
0.737904
0.0749628
0.737904
0.0287128
0.775546
-0.00503717
0.79501
-0.00503717
0.79501
-0.00503717
0.79501
-0.00503717
0.79501
-0.00503717
0.79501
0.151213
0.545923
0.151213
0.173713
0.173713
0.154963
0.154963
0.182463
0.157463
0.157463
0.173713
0.154963
0.0949628
0.163713
0.0512128
0.163713
0.0512128
0.163713
0.138713
0.151213
0.79501
-0.00503717
0.79501
-0.00503717
0.79501
-0.00503717
0.79501
-0.00503717
0.79501
-0.00503717
0.775546
0.0287128
0.737904
0.0749628
0.737904
0.0749628
0.709934
0.108296
0.709934
0.108296
0.709934
0.108296
0.709934
0.108296
0.772974
0.0331684
0.334297
0.520297
0.0749628
0.737904
0.0749628
0.737904
0.0749628
0.737904
0.0749628
0.737904
0.0749628
0.737904
0.0749628
0.737904
-0.00503717
0.79501
-0.00503717
0.79501
-0.00503717
0.79501
-0.00503717
0.79501
-0.00503717
0.79501
-0.00503717
0.79501
0.151213
0.545923
0.193713
0.0424628
0.187463
0.135379
0.151213
0.101629
0.151213
0.130379
0.151213
0.121629
0.0949628
0.130379
0.0999628
0.0966295
0.104963
0.109129
0.0949628
0.130379
0.79501
-0.00503717
0.79501
-0.00503717
0.79501
-0.00503717
0.79501
-0.00503717
0.79501
-0.00503717
0.79501
-0.00503717
0.79501
-0.00503717
0.79501
-0.00503717
0.695949
0.124963
0.695949
0.124963
0.695949
0.124963
0.79501
-0.00499822
0.772974
0.0331684
0.334297
0.520297
0.0749628
0.737904
0.0749628
0.737904
0.0749628
0.737904
0.0749628
0.737904
0.0749628
0.737904
0.0749628
0.737904
-0.00503717
0.79501
-0.00503717
0.79501
-0.00503717
0.79501
-0.00503717
0.79501
-0.00503717
0.79501
-0.00503717
0.79501
0.151213
0.545923
0.182463
0.0487128
0.173713
0.0549628
0.0987128
0.0893378
0.157463
0.0830878
0.163713
0.0768378
0.157463
0.0980878
0.193713
0.103088
0.0949628
0.0855878
0.104963
0.0730878
0.785289
0.0118378
0.785289
0.0118378
0.785289
0.0118378
0.785289
0.0118378
0.785289
0.0118378
0.785289
0.0118378
0.785289
0.0118378
0.785289
0.0118378
0.687558
0.134963
0.687558
0.134963
0.79501
-0.00499822
0.79501
-0.00499822
0.772974
0.0331684
0.334297
0.520297
0.0749628
0.737904
0.0749628
0.737904
0.0749628
0.737904
0.0749628
0.737904
0.0749628
0.737904
0.0749628
0.737904
-0.00503717
0.79501
-0.00503717
0.79501
-0.00503717
0.79501
-0.00503717
0.79501
-0.00503717
0.79501
-0.00503717
0.79501
0.151213
0.545923
0.173713
0.0362128
0.193713
0.0574628
0.0987128
0.0887128
0.157463
0.0737128
0.157463
0.0674628
0.157463
0.0674628
0.0949628
0.0699628
0.0949628
0.0887128
0.0949628
0.0699628
0.79501
-0.00503717
0.776268
0.0274628
0.776268
0.0274628
0.776268
0.0274628
0.776268
0.0274628
0.776268
0.0274628
0.776268
0.0274628
0.776268
0.0274628
0.645603
0.184963
0.645603
0.184963
0.645603
0.184963
0.79501
-0.00499822
0.772974
0.0331684
0.334297
0.507797
0.108296
0.697434
0.108296
0.697434
0.108296
0.697434
0.108296
0.697434
-0.00503717
0.78251
-0.00503717
0.78251
-0.00503717
0.78251
-0.00503717
0.78251
-0.00503717
0.78251
-0.00503717
0.78251
-0.00503717
0.78251
-0.00503717
0.78251
0.130379
0.601071
0.0716295
-0.00503717
0.0666295
-3.71707e-05
0.0716295
-0.00503717
0.0666295
-3.71707e-05
0.0716295
0.0199628
0.0666295
-3.71707e-05
0.0666295
-3.71707e-05
0.0616295
0.00746283
0.262463
-0.00503717
0.787815
0.00746283
0.787815
0.00746283
0.787815
0.00746283
0.787815
0.00746283
0.725318
0.0899628
0.725318
0.0899628
0.725318
0.0899628
0.645603
0.184963
0.79501
-0.00499822
0.79501
-0.00499822
0.79501
-0.00499822
0.79501
-0.00499822
0.763777
0.0441295
0.334297
0.520297
0.0331684
0.772974
-0.00499822
0.79501
-0.00499822
0.79501
-0.00499822
0.79501
-0.00503717
0.79501
-0.00503717
0.79501
-0.00503717
0.79501
-0.00503717
0.79501
-0.00503717
0.79501
-0.00503717
0.79501
-0.00503717
0.79501
-0.00503717
0.79501
0.130379
0.601071
0.130379
0.311213
0.105379
0.343713
0.115379
0.194963
0.111629
0.311213
0.115379
0.313713
0.111629
0.326213
0.0324628
0.323713
0.0324628
0.338713
0.204963
0.311213
0.79501
-0.00503717
0.79501
-0.00503717
0.79501
-0.00503717
0.79501
-0.00503717
0.79501
-0.00503717
0.79501
-0.00503717
0.79501
-0.00503717
0.79501
-0.00503717
0.737904
0.0749628
0.737904
0.0749628
0.737904
0.0749628
0.737904
0.0749628
0.683363
0.139963
0.334297
0.520297
0.108296
0.709934
0.108296
0.709934
0.108296
0.709934
0.108296
0.709934
-0.00503717
0.79501
-0.00503717
0.79501
-0.00503717
0.79501
-0.00503717
0.79501
-0.00503717
0.79501
-0.00503717
0.79501
-0.00503717
0.79501
-0.00503717
0.79501
0.130379
0.601071
0.135379
0.167463
0.141629
0.154963
0.0991295
0.182463
0.115379
0.151213
0.101629
0.154963
0.0324628
0.167463
0.0324628
0.173713
0.0324628
0.163713
0.153296
0.151213
0.79501
-0.00503717
0.79501
-0.00503717
0.79501
-0.00503717
0.79501
-0.00503717
0.79501
-0.00503717
0.79501
-0.00503717
0.737904
0.0749628
0.737904
0.0749628
0.709934
0.108296
0.709934
0.108296
0.709934
0.108296
0.709934
0.108296
0.647002
0.183296
0.334297
0.520297
0.108296
0.709934
0.108296
0.709934
0.108296
0.709934
0.108296
0.709934
-0.00503717
0.79501
-0.00503717
0.79501
-0.00503717
0.79501
-0.00503717
0.79501
-0.00503717
0.79501
-0.00503717
0.79501
-0.00503717
0.79501
-0.00503717
0.79501
0.130379
0.601071
0.135379
0.115379
0.141629
0.102879
0.141629
0.109129
0.115379
0.124129
0.115379
0.135379
0.105379
0.115379
0.0666295
0.0966295
0.111629
0.109129
0.0616295
0.130379
0.79501
-0.00503717
0.79501
-0.00503717
0.79501
-0.00503717
0.79501
-0.00503717
0.79501
-0.00503717
0.79501
-0.00503717
0.79501
-0.00503717
0.79501
-0.00503717
0.695949
0.124963
0.695949
0.124963
0.695949
0.124963
0.695949
0.124963
0.62515
0.209338
0.334297
0.520297
0.108296
0.709934
0.108296
0.709934
0.108296
0.709934
0.108296
0.709934
-0.00503717
0.79501
-0.00503717
0.79501
-0.00503717
0.79501
-0.00503717
0.79501
-0.00503717
0.79501
-0.00503717
0.79501
-0.00503717
0.79501
-0.00503717
0.79501
0.130379
0.601071
0.135379
0.0893378
0.135379
0.0980878
0.109129
0.0893378
0.135379
0.0830878
0.124129
0.109338
0.130379
0.0768378
0.135379
0.0793378
0.0616295
0.0855878
0.0716295
0.0730878
0.785289
0.0118378
0.785289
0.0118378
0.785289
0.0118378
0.785289
0.0118378
0.785289
0.0118378
0.785289
0.0118378
0.785289
0.0118378
0.785289
0.0118378
0.687558
0.134963
0.687558
0.134963
0.687558
0.134963
0.687558
0.134963
0.772974
0.0331684
0.334297
0.520297
0.108296
0.709934
0.108296
0.709934
0.108296
0.709934
0.108296
0.709934
-0.00503717
0.79501
-0.00503717
0.79501
-0.00503717
0.79501
-0.00503717
0.79501
-0.00503717
0.79501
-0.00503717
0.79501
-0.00503717
0.79501
-0.00503717
0.79501
0.130379
0.601071
0.135379
0.0737128
0.135379
0.0937128
0.109129
0.0937128
0.115379
0.0874628
0.130379
0.0674628
0.130379
0.0674628
0.0616295
0.0699628
0.0616295
0.0887128
0.0616295
0.0699628
0.79501
-0.00503717
0.776268
0.0274628
0.776268
0.0274628
0.776268
0.0274628
0.776268
0.0274628
0.776268
0.0274628
0.776268
0.0274628
0.776268
0.0274628
0.645603
0.184963
0.645603
0.184963
0.645603
0.184963
0.645603
0.184963
0.772974
0.0331684
0.334297
0.507797
0.124963
0.683449
0.124963
0.683449
0.124963
0.683449
0.124963
0.683449
0.0118378
0.772789
0.0118378
0.772789
0.0118378
0.772789
0.0118378
0.772789
0.0118378
0.772789
0.0118378
0.772789
0.0118378
0.772789
0.0118378
0.772789
0.0730878
0.611478
0.0499628
0.0112128
0.0499628
-3.71707e-05
0.0499628
0.0249628
0.0499628
-3.71707e-05
0.0499628
0.0412128
0.0499628
-3.71707e-05
0.0499628
-3.71707e-05
0.0449628
0.00746283
0.271838
-0.00503717
0.787815
0.00746283
0.787815
0.00746283
0.787815
0.00746283
0.787815
0.00746283
0.725318
0.0899628
0.725318
0.0899628
0.725318
0.0899628
0.645603
0.184963
0.79501
-0.00499822
0.79501
-0.00499822
0.79501
-0.00499822
0.79501
-0.00499822
0.763777
0.0441295
0.334297
0.520297
0.0331684
0.772974
-0.00499822
0.79501
-0.00499822
0.79501
-0.00499822
0.79501
-0.00503717
0.79501
-0.00503717
0.79501
-0.00503717
0.79501
-0.00503717
0.79501
0.0118378
0.785289
0.0118378
0.785289
0.0118378
0.785289
-0.00503717
0.79501
0.0730878
0.611478
0.0893378
0.343713
0.109338
0.343713
0.0449628
0.338713
0.0730878
0.208713
0.103088
0.338713
0.0793378
0.313713
0.0730878
0.323713
0.00746283
0.338713
0.226838
0.311213
0.79501
-0.00503717
0.79501
-0.00503717
0.79501
-0.00503717
0.79501
-0.00503717
0.79501
-0.00503717
0.79501
-0.00503717
0.79501
-0.00503717
0.79501
-0.00503717
0.737904
0.0749628
0.737904
0.0749628
0.737904
0.0749628
0.737904
0.0749628
0.683363
0.139963
0.334297
0.520297
0.0331684
0.772974
0.124963
0.695949
0.124963
0.695949
0.124963
0.695949
0.0118378
0.785289
0.0118378
0.785289
0.0118378
0.785289
0.0118378
0.785289
0.0118378
0.785289
0.0118378
0.785289
0.0118378
0.785289
0.0118378
0.785289
0.0730878
0.611478
0.0730878
0.163713
0.109338
0.187463
0.0230878
0.182463
0.0730878
0.173713
0.0793378
0.187463
0.0793378
0.187463
0.0230878
0.173713
0.0449628
0.163713
0.160588
0.151213
0.79501
-0.00503717
0.79501
-0.00503717
0.79501
-0.00503717
0.79501
-0.00503717
0.79501
-0.00503717
0.79501
-0.00503717
0.737904
0.0749628
0.737904
0.0749628
0.709934
0.108296
0.709934
0.108296
0.709934
0.108296
0.709934
0.108296
0.647002
0.183296
0.334297
0.520297
0.124963
0.695949
0.124963
0.695949
0.124963
0.695949
0.124963
0.695949
0.0118378
0.785289
0.0118378
0.785289
0.0118378
0.785289
0.0118378
0.785289
0.0118378
0.785289
0.0118378
0.785289
0.0118378
0.785289
0.0118378
0.785289
0.0730878
0.611478
0.0918378
0.115379
0.0449628
0.141629
0.0730878
0.130379
0.0730878
0.130379
0.0830878
0.135379
0.0730878
0.141629
0.0499628
0.0966295
0.0830878
0.109129
0.0449628
0.130379
0.79501
-0.00503717
0.79501
-0.00503717
0.79501
-0.00503717
0.79501
-0.00503717
0.79501
-0.00503717
0.79501
-0.00503717
0.79501
-0.00503717
0.79501
-0.00503717
0.695949
0.124963
0.695949
0.124963
0.695949
0.124963
0.695949
0.124963
0.62515
0.209338
0.334297
0.520297
0.124963
0.695949
0.124963
0.695949
0.124963
0.695949
0.124963
0.695949
0.0118378
0.785289
0.0118378
0.785289
0.0118378
0.785289
0.0118378
0.785289
0.0118378
0.785289
0.0118378
0.785289
0.0118378
0.785289
0.0118378
0.785289
0.0730878
0.611478
0.0893378
0.0637128
0.0793378
0.0793378
0.0749628
0.0893378
0.0749628
0.0855878
0.0793378
0.109338
0.0449628
0.0855878
0.0449628
0.0855878
0.0449628
0.0855878
0.0718378
0.0730878
0.785289
0.0118378
0.785289
0.0118378
0.785289
0.0118378
0.785289
0.0118378
0.785289
0.0118378
0.785289
0.0118378
0.785289
0.0118378
0.785289
0.0118378
0.687558
0.134963
0.687558
0.134963
0.687558
0.134963
0.687558
0.134963
0.612039
0.224963
0.334297
0.520297
0.124963
0.695949
0.124963
0.695949
0.124963
0.695949
0.124963
0.695949
0.0118378
0.785289
0.0118378
0.785289
0.0118378
0.785289
0.0118378
0.785289
0.0118378
0.785289
0.0118378
0.785289
0.0118378
0.785289
0.0118378
0.785289
0.0730878
0.611478
0.0799628
0.0437128
0.0893378
0.0387128
0.0749628
0.0887128
0.0749628
0.0799628
0.0793378
0.0674628
0.0449628
0.0699628
0.0449628
0.0699628
0.0449628
0.0887128
0.0449628
0.0699628
0.79501
-0.00503717
0.776268
0.0274628
0.776268
0.0274628
0.776268
0.0274628
0.776268
0.0274628
0.776268
0.0274628
0.776268
0.0274628
0.776268
0.0274628
0.645603
0.184963
0.645603
0.184963
0.645603
0.184963
0.645603
0.184963
0.772974
0.0331684
0.334297
0.507797
0.134963
0.675058
0.134963
0.675058
0.134963
0.675058
0.134963
0.675058
0.0274628
0.763768
0.0274628
0.763768
0.0274628
0.763768
0.0274628
0.763768
0.0274628
0.763768
0.0274628
0.763768
0.0274628
0.763768
-0.00503717
0.78251
0.0699628
0.6141
0.0399628
0.0112128
0.0399628
-3.71707e-05
0.0399628
0.0249628
0.0399628
-3.71707e-05
0.0399628
0.0412128
0.0399628
-3.71707e-05
0.0399628
-3.71707e-05
0.0349628
0.00746283
0.277463
-0.00503717
0.787815
0.00746283
0.787815
0.00746283
0.787815
0.00746283
0.787815
0.00746283
0.725318
0.0899628
0.725318
0.0899628
0.725318
0.0899628
0.645603
0.184963
0.79501
-0.00499822
0.79501
-0.00499822
0.79501
-0.00499822
0.79501
-0.00499822
0.763777
0.0441295
0.334297
0.520297
0.0331684
0.772974
-0.00499822
0.79501
-0.00499822
0.79501
-0.00499822
0.79501
-0.00503717
0.79501
-0.00503717
0.79501
-0.00503717
0.79501
-0.00503717
0.79501
-0.00503717
0.79501
0.0274628
0.776268
-0.00503717
0.79501
-0.00503717
0.79501
0.0699628
0.6141
0.0737128
0.313713
0.0937128
0.343713
0.00496283
0.323713
0.0387128
0.208713
0.0174628
0.323713
0.0674628
0.323713
0.00496283
0.338713
0.00496283
0.338713
0.239963
0.311213
0.79501
-0.00503717
0.79501
-0.00503717
0.79501
-0.00503717
0.79501
-0.00503717
0.79501
-0.00503717
0.79501
-0.00503717
0.79501
-0.00503717
0.79501
-0.00503717
0.737904
0.0749628
0.737904
0.0749628
0.737904
0.0749628
0.737904
0.0749628
0.683363
0.139963
0.334297
0.520297
0.0331684
0.772974
-0.00499822
0.79501
0.134963
0.687558
0.134963
0.687558
0.0274628
0.776268
0.0274628
0.776268
0.0274628
0.776268
0.0274628
0.776268
0.0274628
0.776268
0.0274628
0.776268
0.0274628
0.776268
-0.00503717
0.79501
0.0699628
0.6141
0.0937128
0.157463
0.0699628
0.0949628
0.0937128
0.187463
0.0637128
0.157463
0.0674628
0.187463
0.0737128
0.161213
0.0174628
0.173713
0.0174628
0.163713
0.164963
0.151213
0.79501
-0.00503717
0.79501
-0.00503717
0.79501
-0.00503717
0.79501
-0.00503717
0.79501
-0.00503717
0.79501
-0.00503717
0.737904
0.0749628
0.737904
0.0749628
0.709934
0.108296
0.709934
0.108296
0.709934
0.108296
0.709934
0.108296
0.647002
0.183296
0.334297
0.520297
0.134963
0.687558
0.134963
0.687558
0.134963
0.687558
0.134963
0.687558
0.0274628
0.776268
0.0274628
0.776268
0.0274628
0.776268
0.0274628
0.776268
0.0274628
0.776268
0.0274628
0.776268
0.0274628
0.776268
-0.00503717
0.79501
0.0699628
0.6141
0.0737128
0.135379
0.0387128
0.141629
0.0349628
0.130379
0.0612128
0.130379
0.0674628
0.135379
0.0937128
0.135379
0.0399628
0.0966295
0.0737128
0.109129
0.0349628
0.130379
0.79501
-0.00503717
0.79501
-0.00503717
0.79501
-0.00503717
0.79501
-0.00503717
0.79501
-0.00503717
0.79501
-0.00503717
0.79501
-0.00503717
0.79501
-0.00503717
0.695949
0.124963
0.695949
0.124963
0.695949
0.124963
0.695949
0.124963
0.62515
0.209338
0.334297
0.520297
0.134963
0.687558
0.134963
0.687558
0.134963
0.687558
0.134963
0.687558
0.0274628
0.776268
0.0274628
0.776268
0.0274628
0.776268
0.0274628
0.776268
0.0274628
0.776268
0.0274628
0.776268
0.0274628
0.776268
-0.00503717
0.79501
0.0699628
0.6141
0.0799628
0.0749628
0.0349628
0.0855878
0.0737128
0.0893378
0.0399628
0.0799628
0.0674628
0.0793378
0.0349628
0.0855878
0.0399628
0.0799628
0.0449628
0.0855878
0.0774628
0.0730878
0.785289
0.0118378
0.785289
0.0118378
0.785289
0.0118378
0.785289
0.0118378
0.785289
0.0118378
0.785289
0.0118378
0.785289
0.0118378
0.785289
0.0118378
0.687558
0.134963
0.687558
0.134963
0.687558
0.134963
0.687558
0.134963
0.612039
0.224963
0.334297
0.520297
0.134963
0.687558
0.134963
0.687558
0.134963
0.687558
0.134963
0.687558
0.0274628
0.776268
0.0274628
0.776268
0.0274628
0.776268
0.0274628
0.776268
0.0274628
0.776268
0.0274628
0.776268
0.0274628
0.776268
-0.00503717
0.79501
0.0699628
0.6141
0.0737128
0.0637128
0.0887128
0.0387128
0.0674628
0.0637128
0.0737128
0.0937128
0.0349628
0.0699628
0.0349628
0.0699628
0.0349628
0.0699628
0.0449628
0.0887128
0.0349628
0.0699628
0.79501
-0.00503717
0.776268
0.0274628
0.776268
0.0274628
0.776268
0.0274628
0.776268
0.0274628
0.776268
0.0274628
0.776268
0.0274628
0.776268
0.0274628
