0.633097
0.18497
0.633097
0.18497
0.633097
0.18497
0.633097
0.18497
0.547089
0.28747
0.334297
0.507797
0.18497
0.633097
0.18497
0.633097
0.18497
0.633097
0.18497
0.633097
0.18497
0.633097
0.0899703
0.712811
0.0899703
0.712811
0.0899703
0.712811
0.0899703
0.712811
0.00747026
0.775309
0.00747026
0.775309
0.00747026
0.775309
-0.00502974
0.650341
0.00622026
0.0187203
-2.97365e-05
-2.97365e-05
-2.97365e-05
-2.97365e-05
-2.97365e-05
0.0249703
-2.97365e-05
-2.97365e-05
-2.97365e-05
-2.97365e-05
-2.97365e-05
-2.97365e-05
-2.97365e-05
-2.97365e-05
0.29997
-0.00502974
0.775309
0.00747026
0.775309
0.00747026
0.775309
0.00747026
0.712811
0.0899703
0.712811
0.0899703
0.712811
0.0899703
0.712811
0.0899703
0.633097
0.18497
0.782508
-0.00499857
0.782508
-0.00499857
0.782508
-0.00499857
0.782508
-0.00499857
0.75127
0.0441369
0.334297
0.520297
0.0331756
0.772968
-0.00499857
0.795008
-0.00499857
0.795008
-0.00499857
0.795008
-0.00502974
0.795008
-0.00502974
0.795008
-0.00502974
0.795008
-0.00502974
0.795008
0.00747026
0.787809
0.00747026
0.787809
0.00747026
0.787809
0.00747026
0.787809
-0.00502974
0.650341
0.00622026
0.34997
-0.00502974
0.31997
-0.00502974
0.20497
-0.00502974
0.20497
0.00122026
0.32372
-0.00502974
0.20497
-0.00502974
0.33872
-0.00502974
0.31997
-0.00502974
0.31997
0.782508
-0.00502974
0.782508
-0.00502974
0.782508
-0.00502974
0.782508
-0.00502974
0.782508
-0.00502974
0.782508
-0.00502974
0.782508
-0.00502974
0.782508
-0.00502974
0.725398
0.0749703
0.725398
0.0749703
0.725398
0.0749703
0.725398
0.0749703
0.670856
0.13997
0.334297
0.520297
0.0331756
0.772968
-0.00499857
0.795008
-0.00499857
0.795008
-0.00499857
0.795008
0.18497
0.645597
0.0899703
0.725311
0.0899703
0.725311
0.00747026
0.787809
0.00747026
0.787809
0.00747026
0.787809
0.00747026
0.787809
0.00747026
0.787809
-0.00502974
0.650341
0.00622026
0.16747
-0.00502974
0.10497
-0.00502974
0.10497
-0.00502974
0.16372
0.00122026
0.18747
-0.00502974
0.10497
-0.00502974
0.10497
-2.97365e-05
0.0999703
0.11747
0.0737203
0.782508
-0.00502974
0.782508
-0.00502974
0.782508
-0.00502974
0.782508
-0.00502974
0.782508
-0.00502974
0.782508
-0.00502974
0.725398
0.0749703
0.725398
0.0749703
0.697428
0.108304
0.697428
0.108304
0.697428
0.108304
0.697428
0.108304
0.634495
0.183304
0.334297
0.520297
0.0331756
0.772968
0.18497
0.645597
0.18497
0.645597
0.18497
0.645597
0.18497
0.645597
0.0899703
0.725311
0.0899703
0.725311
0.0899703
0.725311
0.00747026
0.787809
0.00747026
0.787809
0.00747026
0.787809
0.00747026
0.787809
-0.00502974
0.650341
0.00622026
0.141637
-0.00502974
0.111637
-2.97365e-05
0.0666369
-2.97365e-05
0.0666369
0.00122026
0.115387
-0.00502974
0.115387
-2.97365e-05
0.0666369
-2.97365e-05
0.0666369
-2.97365e-05
0.0703869
0.782508
-0.00502974
0.782508
-0.00502974
0.782508
-0.00502974
0.782508
-0.00502974
0.782508
-0.00502974
0.782508
-0.00502974
0.782508
-0.00502974
0.782508
-0.00502974
0.683443
0.12497
0.683443
0.12497
0.683443
0.12497
0.683443
0.12497
0.612644
0.209345
0.334297
0.520297
0.18497
0.645597
0.18497
0.645597
0.18497
0.645597
0.18497
0.645597
0.18497
0.645597
0.0899703
0.725311
0.0899703
0.725311
0.0899703
0.725311
0.00747026
0.787809
0.00747026
0.787809
0.00747026
0.787809
0.00747026
0.787809
-0.00502974
0.650341
0.0112203
0.0799703
-2.97365e-05
0.0599703
-2.97365e-05
0.0599703
-2.97365e-05
0.0499703
0.0249703
0.0599703
-2.97365e-05
0.0537203
0.0324703
0.0449703
-2.97365e-05
0.0499703
0.0999703
0.0730953
0.772783
0.0118453
0.772783
0.0118453
0.772783
0.0118453
0.772783
0.0118453
0.772783
0.0118453
0.772783
0.0118453
0.772783
0.0118453
0.772783
0.0118453
0.675052
0.13497
0.675052
0.13497
0.675052
0.13497
0.675052
0.13497
0.599533
0.22497
0.334297
0.520297
0.18497
0.645597
0.18497
0.645597
0.18497
0.645597
0.18497
0.645597
0.18497
0.645597
0.0899703
0.725311
0.0899703
0.725311
0.0899703
0.725311
0.00747026
0.787809
0.00747026
0.787809
0.00747026
0.787809
0.00747026
0.787809
-0.00502974
0.650341
0.0112203
0.0399703
-2.97365e-05
0.0399703
-2.97365e-05
0.0399703
-2.97365e-05
0.0399703
0.00122026
0.0737203
-0.00502974
0.0699703
0.0324703
0.0449703
-2.97365e-05
0.0399703
-0.00502974
0.0699703
0.782508
-0.00502974
0.763762
0.0274703
0.763762
0.0274703
0.763762
0.0274703
0.763762
0.0274703
0.763762
0.0274703
0.763762
0.0274703
0.763762
0.0274703
0.795008
-0.00499857
0.795008
-0.00499857
0.795008
-0.00499857
0.795008
-0.00499857
0.772968
0.0331756
0.334297
0.507797
0.0331756
0.760468
-0.00499857
0.782508
-0.00499857
0.782508
-0.00499857
0.782508
-0.00502974
0.782508
-0.00502974
0.782508
-0.00502974
0.782508
-0.00502974
0.782508
-0.00502974
0.782508
-0.00502974
0.782508
-0.00502974
0.782508
-0.00502974
0.782508
0.31997
0.404318
0.31372
0.0262203
0.19997
-2.97365e-05
0.20497
0.0199703
0.20497
-0.00502974
0.19997
-2.97365e-05
0.20997
0.0412203
0.20497
-0.00502974
0.21372
0.00747026
0.27747
-0.00502974
0.787809
0.00747026
0.787809
0.00747026
0.787809
0.00747026
0.787809
0.00747026
0.795008
-0.00502974
0.795008
-0.00502974
0.795008
-0.00502974
0.795008
-0.00502974
0.795008
-0.00499857
0.76377
0.0441369
0.76377
0.0441369
0.76377
0.0441369
0.76377
0.0441369
0.334297
0.520297
0.0441369
0.76377
0.0441369
0.76377
0.0441369
0.76377
-0.00499857
0.795008
-0.00502974
0.795008
-0.00502974
0.795008
-0.00502974
0.795008
-0.00502974
0.795008
-0.00502974
0.795008
-0.00502974
0.795008
-0.00502974
0.795008
-0.00502974
0.795008
0.31997
0.404318
0.31747
0.33247
0.31997
0.33747
0.19497
0.32372
0.31372
0.31372
0.32372
0.32372
0.11497
0.31747
0.10747
0.32372
0.31747
0.34372
0.0449703
0.31997
0.795008
-0.00502974
0.795008
-0.00502974
0.795008
-0.00502974
0.795008
-0.00502974
0.795008
-0.00502974
0.795008
-0.00502974
0.795008
-0.00502974
0.795008
-0.00502974
0.795008
-0.00499857
0.795008
-0.00499857
0.795008
-0.00499857
0.795008
-0.00499857
0.772968
0.0331756
0.334297
0.520297
0.0441369
0.76377
-0.00499857
0.795008
-0.00499857
0.795008
-0.00499857
0.795008
-0.00502974
0.795008
-0.00502974
0.795008
-0.00502974
0.795008
-0.00502974
0.795008
-0.00502974
0.795008
-0.00502974
0.795008
-0.00502974
0.795008
-0.00502974
0.795008
0.31997
0.404318
0.31747
0.18747
0.31747
0.19372
0.31372
0.18747
0.31372
0.16747
0.31372
0.18747
0.19497
0.19372
0.20872
0.18122
0.19497
0.16747
0.11122
0.0737203
0.795008
-0.00502974
0.795008
-0.00502974
0.795008
-0.00502974
0.795008
-0.00502974
0.77554
0.0287203
0.77554
0.0287203
0.795008
-0.00502974
0.795008
-0.00502974
0.795008
-0.00499857
0.795008
-0.00499857
0.795008
-0.00499857
0.795008
-0.00499857
0.772968
0.0331756
0.334297
0.520297
0.0331756
0.772968
-0.00499857
0.795008
-0.00499857
0.795008
-0.00499857
0.795008
-0.00502974
0.795008
-0.00502974
0.795008
-0.00502974
0.795008
-0.00502974
0.795008
-0.00502974
0.795008
-0.00502974
0.795008
-0.00502974
0.795008
-0.00502974
0.795008
0.31997
0.404318
0.31747
0.101637
0.31997
0.117887
0.32997
0.0803869
0.31372
0.124137
0.31372
0.105387
0.31997
0.0991369
0.31372
0.105387
0.31372
0.109137
0.19997
0.0703869
0.795008
-0.00502974
0.795008
-0.00502974
0.795008
-0.00502974
0.795008
-0.00502974
0.795008
-0.00502974
0.795008
-0.00502974
0.795008
-0.00502974
0.795008
-0.00502974
0.795008
-0.00499857
0.795008
-0.00499857
0.795008
-0.00499857
0.795008
-0.00499857
0.772968
0.0331756
0.334297
0.520297
0.0331756
0.772968
-0.00499857
0.795008
-0.00499857
0.795008
-0.00499857
0.795008
-0.00502974
0.795008
-0.00502974
0.795008
-0.00502974
0.795008
-0.00502974
0.795008
-0.00502974
0.795008
-0.00502974
0.795008
-0.00502974
0.795008
-0.00502974
0.795008
0.31997
0.404318
0.33872
0.0549703
0.31997
0.0768453
0.31372
0.109345
0.31372
0.0893453
0.32372
0.0730953
0.31747
0.109345
0.31997
0.103095
0.20497
0.0749703
0.20497
0.0730953
0.795008
-0.00502974
0.785283
0.0118453
0.785283
0.0118453
0.785283
0.0118453
0.795008
-0.00502974
0.795008
-0.00502974
0.795008
-0.00502974
0.795008
-0.00502974
0.795008
-0.00499857
0.795008
-0.00499857
0.795008
-0.00499857
0.795008
-0.00499857
0.772968
0.0331756
0.334297
0.520297
0.0331756
0.772968
-0.00499857
0.795008
-0.00499857
0.795008
-0.00499857
0.795008
-0.00502974
0.795008
-0.00502974
0.795008
-0.00502974
0.795008
-0.00502974
0.795008
-0.00502974
0.795008
-0.00502974
0.795008
-0.00502974
0.795008
-0.00502974
0.795008
0.31997
0.404318
0.33872
0.0274703
0.31997
0.0649703
0.34997
0.0212203
0.31372
0.0674703
0.32372
0.0237203
0.31997
0.0349703
0.31997
0.0537203
0.34997
0.0674703
0.19497
0.0699703
0.795008
-0.00502974
0.795008
-0.00502974
0.776262
0.0274703
0.795008
-0.00502974
0.795008
-0.00502974
0.795008
-0.00502974
0.795008
-0.00502974
0.795008
-0.00502974
0.795008
-0.00499857
0.795008
-0.00499857
0.795008
-0.00499857
0.795008
-0.00499857
0.772968
0.0331756
0.334297
0.507797
0.0749703
0.725398
0.0749703
0.725398
0.0749703
0.725398
0.0749703
0.725398
0.0749703
0.725398
0.0749703
0.725398
-0.00502974
0.782508
-0.00502974
0.782508
-0.00502974
0.782508
-0.00502974
0.782508
-0.00502974
0.782508
-0.00502974
0.782508
0.0662203
0.582534
0.17622
0.0612203
0.0999703
-2.97365e-05
0.10497
0.0199703
0.10497
-0.00502974
0.0999703
-2.97365e-05
0.10497
-0.00502974
0.10497
-0.00502974
0.10497
-0.00502974
0.24997
-0.00502974
0.787809
0.00747026
0.787809
0.00747026
0.787809
0.00747026
0.787809
0.00747026
0.787809
0.00747026
0.725311
0.0899703
0.725311
0.0899703
0.645597
0.18497
0.795008
-0.00499857
0.795008
-0.00499857
0.795008
-0.00499857
0.76377
0.0441369
0.76377
0.0441369
0.334297
0.520297
0.0331756
0.772968
-0.00499857
0.795008
-0.00499857
0.795008
-0.00499857
0.795008
-0.00502974
0.795008
-0.00502974
0.795008
0.0287203
0.77554
0.0287203
0.77554
-0.00502974
0.795008
-0.00502974
0.795008
-0.00502974
0.795008
-0.00502974
0.795008
0.0662203
0.582534
0.17622
0.31372
0.19372
0.33747
0.17372
0.33747
0.0949703
0.32997
0.10497
0.32372
0.10497
0.33747
0.0512203
0.31997
0.15747
0.31372
0.0199703
0.31997
0.795008
-0.00502974
0.795008
-0.00502974
0.795008
-0.00502974
0.795008
-0.00502974
0.795008
-0.00502974
0.795008
-0.00502974
0.795008
-0.00502974
0.795008
-0.00502974
0.737898
0.0749703
0.737898
0.0749703
0.737898
0.0749703
0.737898
0.0749703
0.690699
0.13122
0.334297
0.520297
0.0749703
0.737898
0.0749703
0.737898
0.0749703
0.737898
0.0749703
0.737898
0.0749703
0.737898
0.0749703
0.737898
0.0287203
0.77554
-0.00502974
0.795008
-0.00502974
0.795008
-0.00502974
0.795008
-0.00502974
0.795008
-0.00502974
0.795008
0.0662203
0.582534
0.17622
0.16122
0.19372
0.0612203
0.17622
0.18747
0.17372
0.16997
0.0549703
0.18247
0.18747
0.17622
0.10872
0.18122
0.16747
0.16997
0.0549703
0.0737203
0.795008
-0.00502974
0.795008
-0.00502974
0.795008
-0.00502974
0.795008
-0.00502974
0.795008
-0.00502974
0.77554
0.0287203
0.737898
0.0749703
0.737898
0.0749703
0.709928
0.108304
0.709928
0.108304
0.709928
0.108304
0.709928
0.108304
0.772968
0.0331756
0.334297
0.520297
0.0749703
0.737898
0.0749703
0.737898
0.0749703
0.737898
0.0749703
0.737898
0.0749703
0.737898
0.0749703
0.737898
-0.00502974
0.795008
-0.00502974
0.795008
-0.00502974
0.795008
-0.00502974
0.795008
-0.00502974
0.795008
-0.00502974
0.795008
0.0662203
0.582534
0.16372
0.117887
0.18122
0.0753869
0.17622
0.105387
0.17622
0.124137
0.18122
0.121637
0.11372
0.115387
0.11497
0.0991369
0.10372
0.0703869
0.0999703
0.0703869
0.795008
-0.00502974
0.795008
-0.00502974
0.795008
-0.00502974
0.795008
-0.00502974
0.795008
-0.00502974
0.795008
-0.00502974
0.795008
-0.00502974
0.795008
-0.00502974
0.695943
0.12497
0.695943
0.12497
0.695943
0.12497
0.795008
-0.00499857
0.772968
0.0331756
0.334297
0.520297
0.0749703
0.737898
0.0749703
0.737898
0.0749703
0.737898
0.0749703
0.737898
0.0749703
0.737898
0.0749703
0.737898
-0.00502974
0.795008
-0.00502974
0.795008
-0.00502974
0.795008
-0.00502974
0.795008
-0.00502974
0.795008
-0.00502974
0.795008
0.0662203
0.582534
0.17622
0.0830953
0.19372
0.0730953
0.17622
0.0980953
0.19372
0.103095
0.18247
0.0730953
0.18247
0.0768453
0.11497
0.103095
0.18247
0.0749703
0.10497
0.0730953
0.785283
0.0118453
0.785283
0.0118453
0.785283
0.0118453
0.785283
0.0118453
0.785283
0.0118453
0.785283
0.0118453
0.785283
0.0118453
0.785283
0.0118453
0.687552
0.13497
0.687552
0.13497
0.795008
-0.00499857
0.795008
-0.00499857
0.772968
0.0331756
0.334297
0.520297
0.0749703
0.737898
0.0749703
0.737898
0.0749703
0.737898
0.0749703
0.737898
0.0749703
0.737898
0.0749703
0.737898
-0.00502974
0.795008
-0.00502974
0.795008
-0.00502974
0.795008
-0.00502974
0.795008
-0.00502974
0.795008
-0.00502974
0.795008
0.0662203
0.582534
0.18747
0.0824703
0.19372
0.0612203
0.17372
0.0537203
0.17372
0.0674703
0.17372
0.0762203
0.18247
0.0674703
0.11497
0.0762203
0.16122
0.0674703
0.0949703
0.0699703
0.795008
-0.00502974
0.776262
0.0274703
0.776262
0.0274703
0.776262
0.0274703
0.776262
0.0274703
0.776262
0.0274703
0.776262
0.0274703
0.776262
0.0274703
0.645597
0.18497
0.645597
0.18497
0.645597
0.18497
0.795008
-0.00499857
0.772968
0.0331756
0.334297
0.507797
0.108304
0.697428
0.108304
0.697428
0.108304
0.697428
0.108304
0.697428
-0.00502974
0.782508
-0.00502974
0.782508
-0.00502974
0.782508
-0.00502974
0.782508
-0.00502974
0.782508
-0.00502974
0.782508
-0.00502974
0.782508
-0.00502974
0.782508
0.0716369
0.612695
0.105387
0.0612203
0.0666369
-2.97365e-05
0.0716369
0.0199703
0.0716369
-0.00502974
0.0666369
-2.97365e-05
0.0666369
0.0412203
0.0666369
-2.97365e-05
0.0666369
-2.97365e-05
0.26247
-0.00502974
0.787809
0.00747026
0.787809
0.00747026
0.787809
0.00747026
0.787809
0.00747026
0.725311
0.0899703
0.725311
0.0899703
0.725311
0.0899703
0.645597
0.18497
0.795008
-0.00499857
0.795008
-0.00499857
0.795008
-0.00499857
0.795008
-0.00499857
0.76377
0.0441369
0.334297
0.520297
0.0331756
0.772968
-0.00499857
0.795008
-0.00499857
0.795008
-0.00499857
0.795008
-0.00502974
0.795008
-0.00502974
0.795008
-0.00502974
0.795008
-0.00502974
0.795008
-0.00502974
0.795008
-0.00502974
0.795008
-0.00502974
0.795008
-0.00502974
0.795008
0.0716369
0.612695
0.111637
0.33747
0.0116369
0.32997
0.0116369
0.31997
0.0324703
0.31997
0.115387
0.32372
0.0116369
0.31997
0.0324703
0.31997
0.0716369
0.33747
0.0116369
0.31997
0.795008
-0.00502974
0.795008
-0.00502974
0.795008
-0.00502974
0.795008
-0.00502974
0.795008
-0.00502974
0.795008
-0.00502974
0.795008
-0.00502974
0.795008
-0.00502974
0.737898
0.0749703
0.737898
0.0749703
0.737898
0.0749703
0.737898
0.0749703
0.683356
0.13997
0.334297
0.520297
0.108304
0.709928
0.108304
0.709928
0.108304
0.709928
0.108304
0.709928
-0.00502974
0.795008
-0.00502974
0.795008
-0.00502974
0.795008
-0.00502974
0.795008
-0.00502974
0.795008
-0.00502974
0.795008
-0.00502974
0.795008
-0.00502974
0.795008
0.0716369
0.612695
0.117887
0.11497
0.0991369
0.19372
0.0716369
0.19372
0.0716369
0.18122
0.0716369
0.18122
0.0324703
0.19372
0.0324703
0.17372
0.0324703
0.16747
0.0508036
0.0737203
0.795008
-0.00502974
0.795008
-0.00502974
0.795008
-0.00502974
0.795008
-0.00502974
0.795008
-0.00502974
0.795008
-0.00502974
0.737898
0.0749703
0.737898
0.0749703
0.709928
0.108304
0.709928
0.108304
0.709928
0.108304
0.709928
0.108304
0.646995
0.183304
0.334297
0.520297
0.108304
0.709928
0.108304
0.709928
0.108304
0.709928
0.108304
0.709928
-0.00502974
0.795008
-0.00502974
0.795008
-0.00502974
0.795008
-0.00502974
0.795008
-0.00502974
0.795008
-0.00502974
0.795008
-0.00502974
0.795008
-0.00502974
0.795008
0.0716369
0.612695
0.111637
0.117887
0.0703869
0.0766369
0.0991369
0.0903869
0.124137
0.124137
0.0716369
0.121637
0.0616369
0.115387
0.115387
0.0991369
0.0703869
0.0703869
0.0666369
0.0703869
0.795008
-0.00502974
0.795008
-0.00502974
0.795008
-0.00502974
0.795008
-0.00502974
0.795008
-0.00502974
0.795008
-0.00502974
0.795008
-0.00502974
0.795008
-0.00502974
0.695943
0.12497
0.695943
0.12497
0.695943
0.12497
0.695943
0.12497
0.625144
0.209345
0.334297
0.520297
0.108304
0.709928
0.108304
0.709928
0.108304
0.709928
0.108304
0.709928
-0.00502974
0.795008
-0.00502974
0.795008
-0.00502974
0.795008
-0.00502974
0.795008
-0.00502974
0.795008
-0.00502974
0.795008
-0.00502974
0.795008
-0.00502974
0.795008
0.0716369
0.612695
0.0716369
0.0768453
0.0703869
0.0599703
0.124137
0.0980953
0.121637
0.0549703
0.0716369
0.0730953
0.0716369
0.0768453
0.115387
0.103095
0.111637
0.0749703
0.0716369
0.0730953
0.785283
0.0118453
0.785283
0.0118453
0.785283
0.0118453
0.785283
0.0118453
0.785283
0.0118453
0.785283
0.0118453
0.785283
0.0118453
0.785283
0.0118453
0.687552
0.13497
0.687552
0.13497
0.687552
0.13497
0.687552
0.13497
0.772968
0.0331756
0.334297
0.520297
0.108304
0.709928
0.108304
0.709928
0.108304
0.709928
0.108304
0.709928
-0.00502974
0.795008
-0.00502974
0.795008
-0.00502974
0.795008
-0.00502974
0.795008
-0.00502974
0.795008
-0.00502974
0.795008
-0.00502974
0.795008
-0.00502974
0.795008
0.0716369
0.612695
0.0766369
0.0499703
0.105387
0.0674703
0.0716369
0.0574703
0.124137
0.0737203
0.0766369
0.0699703
0.0616369
0.0699703
0.0616369
0.0999703
0.0616369
0.0699703
0.0616369
0.0699703
0.795008
-0.00502974
0.776262
0.0274703
0.776262
0.0274703
0.776262
0.0274703
0.776262
0.0274703
0.776262
0.0274703
0.776262
0.0274703
0.776262
0.0274703
0.645597
0.18497
0.645597
0.18497
0.645597
0.18497
0.645597
0.18497
0.772968
0.0331756
0.334297
0.507797
0.12497
0.683443
0.12497
0.683443
0.12497
0.683443
0.12497
0.683443
0.0118453
0.772783
0.0118453
0.772783
0.0118453
0.772783
0.0118453
0.772783
0.0118453
0.772783
0.0118453
0.772783
0.0118453
0.772783
0.0118453
0.772783
0.0730953
0.611471
0.0599703
0.0112203
0.0499703
-2.97365e-05
0.0499703
0.0412203
0.0449703
0.0187203
0.0499703
-2.97365e-05
0.0499703
-2.97365e-05
0.0499703
-2.97365e-05
0.0499703
-2.97365e-05
0.271845
-0.00502974
0.787809
0.00747026
0.787809
0.00747026
0.787809
0.00747026
0.787809
0.00747026
0.725311
0.0899703
0.725311
0.0899703
0.725311
0.0899703
0.645597
0.18497
0.795008
-0.00499857
0.795008
-0.00499857
0.795008
-0.00499857
0.795008
-0.00499857
0.76377
0.0441369
0.334297
0.520297
0.0331756
0.772968
-0.00499857
0.795008
-0.00499857
0.795008
-0.00499857
0.795008
-0.00502974
0.795008
-0.00502974
0.795008
-0.00502974
0.795008
-0.00502974
0.795008
0.0118453
0.785283
0.0118453
0.785283
0.0118453
0.785283
-0.00502974
0.795008
0.0730953
0.611471
0.109345
0.34372
0.0730953
0.32997
0.0980953
0.31372
0.0230953
0.32997
0.103095
0.32372
0.0730953
0.33872
0.0230953
0.31997
0.109345
0.34372
0.00747026
0.31997
0.795008
-0.00502974
0.795008
-0.00502974
0.795008
-0.00502974
0.795008
-0.00502974
0.795008
-0.00502974
0.795008
-0.00502974
0.795008
-0.00502974
0.795008
-0.00502974
0.737898
0.0749703
0.737898
0.0749703
0.737898
0.0749703
0.737898
0.0749703
0.683356
0.13997
0.334297
0.520297
0.0331756
0.772968
0.12497
0.695943
0.12497
0.695943
0.12497
0.695943
0.0118453
0.785283
0.0118453
0.785283
0.0118453
0.785283
0.0118453
0.785283
0.0118453
0.785283
0.0118453
0.785283
0.0118453
0.785283
0.0118453
0.785283
0.0730953
0.611471
0.0549703
0.18247
0.103095
0.19372
0.0980953
0.18747
0.0449703
0.17372
0.0793453
0.17622
0.0230953
0.19372
0.0230953
0.17372
0.0768453
0.16747
0.0674703
0.0737203
0.795008
-0.00502974
0.795008
-0.00502974
0.795008
-0.00502974
0.795008
-0.00502974
0.795008
-0.00502974
0.795008
-0.00502974
0.737898
0.0749703
0.737898
0.0749703
0.709928
0.108304
0.709928
0.108304
0.709928
0.108304
0.709928
0.108304
0.646995
0.183304
0.334297
0.520297
0.12497
0.695943
0.12497
0.695943
0.12497
0.695943
0.12497
0.695943
0.0118453
0.785283
0.0118453
0.785283
0.0118453
0.785283
0.0118453
0.785283
0.0118453
0.785283
0.0118453
0.785283
0.0118453
0.785283
0.0118453
0.785283
0.0730953
0.611471
0.0487203
0.121637
0.0730953
0.0903869
0.0768453
0.0903869
0.0730953
0.0903869
0.0730953
0.121637
0.0449703
0.115387
0.0499703
0.0966369
0.0499703
0.0703869
0.0499703
0.0703869
0.795008
-0.00502974
0.795008
-0.00502974
0.795008
-0.00502974
0.795008
-0.00502974
0.795008
-0.00502974
0.795008
-0.00502974
0.795008
-0.00502974
0.795008
-0.00502974
0.695943
0.12497
0.695943
0.12497
0.695943
0.12497
0.695943
0.12497
0.625144
0.209345
0.334297
0.520297
0.12497
0.695943
0.12497
0.695943
0.12497
0.695943
0.12497
0.695943
0.0118453
0.785283
0.0118453
0.785283
0.0118453
0.785283
0.0118453
0.785283
0.0118453
0.785283
0.0118453
0.785283
0.0118453
0.785283
0.0118453
0.785283
0.0730953
0.611471
0.0599703
0.0537203
0.0749703
0.104345
0.0549703
0.0955953
0.0549703
0.0955953
0.0980953
0.0980953
0.0449703
0.0955953
0.0499703
0.0599703
0.115595
0.0749703
0.0718453
0.0730953
0.785283
0.0118453
0.785283
0.0118453
0.785283
0.0118453
0.785283
0.0118453
0.785283
0.0118453
0.785283
0.0118453
0.785283
0.0118453
0.785283
0.0118453
0.687552
0.13497
0.687552
0.13497
0.687552
0.13497
0.687552
0.13497
0.612033
0.22497
0.334297
0.520297
0.12497
0.695943
0.12497
0.695943
0.12497
0.695943
0.12497
0.695943
0.0118453
0.785283
0.0118453
0.785283
0.0118453
0.785283
0.0118453
0.785283
0.0118453
0.785283
0.0118453
0.785283
0.0118453
0.785283
0.0118453
0.785283
0.0730953
0.611471
0.0537203
0.0699703
0.0599703
0.0699703
0.0549703
0.0999703
0.0749703
0.0999703
0.0449703
0.0699703
0.0449703
0.0699703
0.0449703
0.0999703
0.0793453
0.0674703
0.0449703
0.0699703
0.795008
-0.00502974
0.776262
0.0274703
0.776262
0.0274703
0.776262
0.0274703
0.776262
0.0274703
0.776262
0.0274703
0.776262
0.0274703
0.776262
0.0274703
0.645597
0.18497
0.645597
0.18497
0.645597
0.18497
0.645597
0.18497
0.772968
0.0331756
0.334297
0.507797
0.13497
0.675052
0.13497
0.675052
0.13497
0.675052
0.13497
0.675052
0.0274703
0.763762
0.0274703
0.763762
0.0274703
0.763762
0.0274703
0.763762
0.0274703
0.763762
0.0274703
0.763762
0.0274703
0.763762
-0.00502974
0.782508
0.0699703
0.614093
0.0674703
0.0612203
0.0399703
-2.97365e-05
0.0399703
0.0412203
0.0349703
0.0187203
0.0399703
-2.97365e-05
0.0587203
0.0412203
0.0399703
-2.97365e-05
0.0399703
-2.97365e-05
0.27747
-0.00502974
0.787809
0.00747026
0.787809
0.00747026
0.787809
0.00747026
0.787809
0.00747026
0.725311
0.0899703
0.725311
0.0899703
0.725311
0.0899703
0.645597
0.18497
0.795008
-0.00499857
0.795008
-0.00499857
0.795008
-0.00499857
0.795008
-0.00499857
0.76377
0.0441369
0.334297
0.520297
0.0331756
0.772968
-0.00499857
0.795008
-0.00499857
0.795008
-0.00499857
0.795008
-0.00502974
0.795008
-0.00502974
0.795008
-0.00502974
0.795008
-0.00502974
0.795008
-0.00502974
0.795008
0.0274703
0.776262
-0.00502974
0.795008
-0.00502974
0.795008
0.0699703
0.614093
0.0399703
0.21872
0.00497026
0.32997
0.0212203
0.31997
0.0349703
0.32997
0.0737203
0.32372
0.0674703
0.32372
0.00497026
0.33872
0.0349703
0.31997
0.00497026
0.31997
0.795008
-0.00502974
0.795008
-0.00502974
0.795008
-0.00502974
0.795008
-0.00502974
0.795008
-0.00502974
0.795008
-0.00502974
0.795008
-0.00502974
0.795008
-0.00502974
0.737898
0.0749703
0.737898
0.0749703
0.737898
0.0749703
0.737898
0.0749703
0.683356
0.13997
0.334297
0.520297
0.0331756
0.772968
-0.00499857
0.795008
0.13497
0.687552
0.13497
0.687552
0.0274703
0.776262
0.0274703
0.776262
0.0274703
0.776262
0.0274703
0.776262
0.0274703
0.776262
0.0274703
0.776262
0.0274703
0.776262
-0.00502974
0.795008
0.0699703
0.614093
0.0699703
0.11372
0.0349703
0.19372
0.0174703
0.18247
0.0399703
0.12997
0.0574703
0.18247
0.0174703
0.19372
0.0349703
0.17372
0.0174703
0.16747
0.0774703
0.0737203
0.795008
-0.00502974
0.795008
-0.00502974
0.795008
-0.00502974
0.795008
-0.00502974
0.795008
-0.00502974
0.795008
-0.00502974
0.737898
0.0749703
0.737898
0.0749703
0.709928
0.108304
0.709928
0.108304
0.709928
0.108304
0.709928
0.108304
0.646995
0.183304
0.334297
0.520297
0.13497
0.687552
0.13497
0.687552
0.13497
0.687552
0.13497
0.687552
0.0274703
0.776262
0.0274703
0.776262
0.0274703
0.776262
0.0274703
0.776262
0.0274703
0.776262
0.0274703
0.776262
0.0274703
0.776262
-0.00502974
0.795008
0.0699703
0.614093
0.0699703
0.0653869
0.0699703
0.0916369
0.0699703
0.0803869
0.0737203
0.124137
0.0737203
0.0916369
0.0349703
0.115387
0.0699703
0.0916369
0.0587203
0.0703869
0.0399703
0.0703869
0.795008
-0.00502974
0.795008
-0.00502974
0.795008
-0.00502974
0.795008
-0.00502974
0.795008
-0.00502974
0.795008
-0.00502974
0.795008
-0.00502974
0.795008
-0.00502974
0.695943
0.12497
0.695943
0.12497
0.695943
0.12497
0.695943
0.12497
0.625144
0.209345
0.334297
0.520297
0.13497
0.687552
0.13497
0.687552
0.13497
0.687552
0.13497
0.687552
0.0274703
0.776262
0.0274703
0.776262
0.0274703
0.776262
0.0274703
0.776262
0.0274703
0.776262
0.0274703
0.776262
0.0274703
0.776262
-0.00502974
0.795008
0.0699703
0.614093
0.0699703
0.0687203
0.0699703
0.0749703
0.0387203
0.0955953
0.0737203
0.0980953
0.0699703
0.0749703
0.0349703
0.0955953
0.0399703
0.0599703
0.0699703
0.0749703
0.0774703
0.0730953
0.785283
0.0118453
0.785283
0.0118453
0.785283
0.0118453
0.785283
0.0118453
0.785283
0.0118453
0.785283
0.0118453
0.785283
0.0118453
0.785283
0.0118453
0.687552
0.13497
0.687552
0.13497
0.687552
0.13497
0.687552
0.13497
0.612033
0.22497
0.334297
0.520297
0.13497
0.687552
0.13497
0.687552
0.13497
0.687552
0.13497
0.687552
0.0274703
0.776262
0.0274703
0.776262
0.0274703
0.776262
0.0274703
0.776262
0.0274703
0.776262
0.0274703
0.776262
0.0274703
0.776262
-0.00502974
0.795008
0.0699703
0.614093
0.0699703
0.0537203
0.0699703
0.0699703
0.0387203
0.0999703
0.0737203
0.0674703
0.0699703
0.0699703
0.0349703
0.0699703
0.0437203
0.0699703
0.0387203
0.0699703
0.0349703
0.0699703
0.795008
-0.00502974
0.776262
0.0274703
0.776262
0.0274703
0.776262
0.0274703
0.776262
0.0274703
0.776262
0.0274703
0.776262
0.0274703
0.776262
0.0274703
