0.63422
0.183679
0.63422
0.183679
0.63422
0.183679
0.63422
0.183679
0.548212
0.286179
0.334319
0.507819
0.183679
0.63422
0.183679
0.63422
0.183679
0.63422
0.183679
0.63422
0.183679
0.63422
0.0886794
0.713935
0.0886794
0.713935
0.0886794
0.713935
0.0886794
0.713935
0.00617943
0.776422
0.00617943
0.776422
0.00617943
0.776422
-0.00632057
0.650673
0.00992943
-0.00132057
-0.00632057
0.0311794
-0.00132057
-0.00132057
-0.00132057
0.0236794
-0.00132057
-0.00132057
-0.00132057
-0.00132057
-0.00132057
-0.00132057
0.0186794
0.00617943
0.298679
-0.00632057
0.776422
0.00617943
0.776422
0.00617943
0.776422
0.00617943
0.713935
0.0886794
0.713935
0.0886794
0.713935
0.0886794
0.713935
0.0886794
0.63422
0.183679
0.78284
-0.00493665
0.78284
-0.00493665
0.78284
-0.00493665
0.78284
-0.00493665
0.752393
0.0428461
0.334319
0.520319
0.0319236
0.774058
-0.00493665
0.79534
-0.00493665
0.79534
-0.00493665
0.79534
-0.00632057
0.79534
-0.00632057
0.79534
-0.0021539
0.793733
-0.0021539
0.793733
0.00617943
0.788922
0.00617943
0.788922
0.00617943
0.788922
0.00617943
0.788922
-0.00632057
0.650673
-0.00632057
0.348679
-0.00632057
0.213679
-0.00632057
0.207429
0.00617943
0.203679
-7.05678e-05
0.312429
-0.00632057
0.318679
-0.00632057
0.203679
-0.00632057
0.203679
0.187013
0.143679
0.78284
-0.00632057
0.78284
-0.00632057
0.78284
-0.00632057
0.78284
-0.00632057
0.78284
-0.00632057
0.78284
-0.00632057
0.78284
-0.00632057
0.78284
-0.00632057
0.726521
0.0736794
0.726521
0.0736794
0.726521
0.0736794
0.726521
0.0736794
0.67198
0.138679
0.334319
0.520319
0.0319236
0.774058
-0.00493665
0.79534
-0.00493665
0.79534
-0.00493665
0.79534
0.183679
0.64672
0.0886794
0.726435
0.0886794
0.726435
0.00617943
0.788922
0.00617943
0.788922
0.00617943
0.788922
0.00617943
0.788922
0.00617943
0.788922
-0.00632057
0.650673
0.00492943
0.162429
-0.00632057
0.103679
-0.00632057
0.107429
-0.00132057
0.0986794
0.00617943
0.0936794
-0.00632057
0.103679
-0.00632057
0.162429
-0.00632057
0.103679
0.191179
0.149929
0.78284
-0.00632057
0.78284
-0.00632057
0.78284
-0.00632057
0.78284
-0.00632057
0.78284
-0.00632057
0.78284
-0.00632057
0.726521
0.0736794
0.726521
0.0736794
0.698551
0.107013
0.698551
0.107013
0.698551
0.107013
0.698551
0.107013
0.635619
0.182013
0.334319
0.520319
0.0319236
0.774058
0.183679
0.64672
0.183679
0.64672
0.183679
0.64672
0.183679
0.64672
0.0886794
0.726435
0.0886794
0.726435
0.0886794
0.726435
0.00617943
0.788922
0.00617943
0.788922
0.00617943
0.788922
0.00617943
0.788922
-0.00632057
0.650673
-0.00632057
0.140346
-0.00632057
0.110346
-0.00132057
0.0690961
0.00617943
0.0703461
-7.05678e-05
0.104096
-0.00632057
0.114096
-0.00632057
0.110346
-0.00132057
0.0653461
0.0986794
0.127846
0.78284
-0.00632057
0.78284
-0.00632057
0.78284
-0.00632057
0.78284
-0.00632057
0.78284
-0.00632057
0.78284
-0.00632057
0.78284
-0.00632057
0.78284
-0.00632057
0.684566
0.123679
0.684566
0.123679
0.684566
0.123679
0.684566
0.123679
0.613767
0.208054
0.334319
0.520319
0.183679
0.64672
0.183679
0.64672
0.183679
0.64672
0.183679
0.64672
0.183679
0.64672
0.0886794
0.726435
0.0886794
0.726435
0.0886794
0.726435
0.00617943
0.788922
0.00617943
0.788922
0.00617943
0.788922
0.00617943
0.788922
-0.00632057
0.650673
0.00492943
0.0880544
-0.00132057
0.0586794
-0.00132057
0.0586794
-0.00632057
0.0843044
0.00617943
0.0536794
-0.00632057
0.114304
-0.00632057
0.0843044
0.0311794
0.0436794
-0.00132057
0.0674294
0.773896
0.0105544
0.773896
0.0105544
0.773896
0.0105544
0.773896
0.0105544
0.773896
0.0105544
0.773896
0.0105544
0.773896
0.0105544
0.773896
0.0105544
0.676175
0.133679
0.676175
0.133679
0.676175
0.133679
0.676175
0.133679
0.600656
0.223679
0.334319
0.520319
0.183679
0.64672
0.183679
0.64672
0.183679
0.64672
0.183679
0.64672
0.183679
0.64672
0.0886794
0.726435
0.0886794
0.726435
0.0886794
0.726435
0.00617943
0.788922
0.00617943
0.788922
0.00617943
0.788922
0.00617943
0.788922
-0.00632057
0.650673
-0.00632057
0.0724294
0.0111794
0.0624294
-0.00132057
0.0386794
-0.00132057
0.0386794
0.00617943
0.0336794
-0.00632057
0.0786794
-0.00632057
0.0686794
0.0311794
0.0436794
0.193679
0.0636794
0.78284
-0.00632057
0.764875
0.0261794
0.764875
0.0261794
0.764875
0.0261794
0.764875
0.0261794
0.764875
0.0261794
0.764875
0.0261794
0.764875
0.0261794
0.79534
-0.00493665
0.79534
-0.00493665
0.79534
-0.00493665
0.79534
-0.00493665
0.774058
0.0319236
0.334319
0.507819
0.0319236
0.761558
-0.00493665
0.78284
-0.00493665
0.78284
-0.00493665
0.78284
-0.00632057
0.78284
-0.00632057
0.78284
-0.00632057
0.78284
-0.00632057
0.78284
-0.00632057
0.78284
-0.00632057
0.78284
-0.00632057
0.78284
-0.00632057
0.78284
0.143679
0.552284
0.203679
-0.00632057
0.198679
0.0586794
0.198679
0.0399294
0.203679
-0.00632057
0.203679
0.0186794
0.203679
-0.00632057
0.193679
0.0474294
0.193679
0.00617943
0.276179
-0.00632057
0.788922
0.00617943
0.788922
0.00617943
0.788922
0.00617943
0.788922
0.00617943
0.793733
-0.0021539
0.793733
-0.0021539
0.79534
-0.00632057
0.79534
-0.00632057
0.79534
-0.00493665
0.764893
0.0428461
0.764893
0.0428461
0.764893
0.0428461
0.764893
0.0428461
0.334319
0.520319
0.0428461
0.764893
0.0428461
0.764893
0.0428461
0.764893
-0.00493665
0.79534
-0.00632057
0.79534
-0.00632057
0.79534
-0.00632057
0.79534
-0.00632057
0.79534
-0.00632057
0.79534
-0.00632057
0.79534
-0.00632057
0.79534
-0.00632057
0.79534
0.143679
0.552284
0.337429
0.106179
0.337429
0.124929
0.113679
0.212429
0.136179
0.348679
0.322429
0.342429
0.113679
0.336179
0.0436794
0.337429
0.312429
0.342429
0.0470128
0.143679
0.79534
-0.00632057
0.79534
-0.00632057
0.79534
-0.00632057
0.79534
-0.00632057
0.79534
-0.00632057
0.79534
-0.00632057
0.79534
-0.00632057
0.79534
-0.00632057
0.79534
-0.00493665
0.79534
-0.00493665
0.79534
-0.00493665
0.79534
-0.00493665
0.774058
0.0319236
0.334319
0.520319
0.0428461
0.764893
-0.00493665
0.79534
-0.00493665
0.79534
-0.00493665
0.79534
-0.00632057
0.79534
-0.00632057
0.79534
-0.00632057
0.79534
-0.00632057
0.79534
-0.00632057
0.79534
-0.00632057
0.79534
-0.00632057
0.79534
-0.00632057
0.79534
0.143679
0.552284
0.337429
0.0936794
0.337429
0.153679
0.206179
0.0836794
0.337429
0.159929
0.312429
0.156179
0.113679
0.153679
0.113679
0.0936794
0.312429
0.156179
0.113679
0.149929
0.79534
-0.00632057
0.79534
-0.00632057
0.79534
-0.00632057
0.79534
-0.00632057
0.776653
0.0274294
0.776653
0.0274294
0.732728
0.0811794
0.79534
-0.00632057
0.79534
-0.00493665
0.79534
-0.00493665
0.79534
-0.00493665
0.79534
-0.00493665
0.774058
0.0319236
0.334319
0.520319
0.0319236
0.774058
-0.00493665
0.79534
-0.00493665
0.79534
-0.00493665
0.79534
-0.00632057
0.79534
-0.00632057
0.79534
-0.00632057
0.79534
-0.00632057
0.79534
-0.00632057
0.79534
-0.00632057
0.79534
-0.00632057
0.79534
-0.00632057
0.79534
0.143679
0.552284
0.337429
0.0978461
0.337429
0.0103461
0.342429
0.104096
0.337429
0.116596
0.309929
0.120346
0.233679
0.0978461
0.116179
0.0978461
0.203679
0.101596
0.203679
0.127846
0.79534
-0.00632057
0.79534
-0.00632057
0.79534
-0.00632057
0.79534
-0.00632057
0.793733
-0.0021539
0.793733
-0.0021539
0.79534
-0.00632057
0.79534
-0.00632057
0.79534
-0.00493665
0.79534
-0.00493665
0.79534
-0.00493665
0.79534
-0.00493665
0.774058
0.0319236
0.334319
0.520319
0.0319236
0.774058
-0.00493665
0.79534
-0.00493665
0.79534
-0.00493665
0.79534
-0.00632057
0.79534
-0.00632057
0.79534
-0.00632057
0.79534
-0.00632057
0.79534
-0.00632057
0.79534
-0.00632057
0.79534
-0.00632057
0.79534
-0.00632057
0.79534
0.143679
0.552284
0.337429
0.0218044
0.337429
0.0436794
0.193679
0.0880544
0.342429
0.0780544
0.322429
0.0780544
0.228679
0.0674294
0.233679
0.0905544
0.337429
0.0736794
0.198679
0.0674294
0.79534
-0.00632057
0.786396
0.0105544
0.786396
0.0105544
0.786396
0.0105544
0.793733
-0.0021539
0.793733
-0.0021539
0.79534
-0.00632057
0.79534
-0.00632057
0.79534
-0.00493665
0.79534
-0.00493665
0.79534
-0.00493665
0.79534
-0.00493665
0.774058
0.0319236
0.334319
0.520319
0.0319236
0.774058
-0.00493665
0.79534
-0.00493665
0.79534
-0.00493665
0.79534
-0.00632057
0.79534
-0.00632057
0.79534
-0.00632057
0.79534
-0.00632057
0.79534
-0.00632057
0.79534
-0.00632057
0.79534
-0.00632057
0.79534
-0.00632057
0.79534
0.143679
0.552284
0.337429
0.0261794
0.337429
0.0436794
0.342429
0.0661794
0.342429
0.0724294
0.212429
0.0986794
0.233679
0.0661794
0.233679
0.0861794
0.203679
0.0461794
0.203679
0.0636794
0.79534
-0.00632057
0.79534
-0.00632057
0.777375
0.0261794
0.793733
-0.0021539
0.793733
-0.0021539
0.793733
-0.0021539
0.79534
-0.00632057
0.79534
-0.00632057
0.79534
-0.00493665
0.79534
-0.00493665
0.79534
-0.00493665
0.79534
-0.00493665
0.774058
0.0319236
0.334319
0.507819
0.0736794
0.726521
0.0736794
0.726521
0.0736794
0.726521
0.0736794
0.726521
0.0736794
0.726521
0.0736794
0.726521
-0.00632057
0.78284
-0.00632057
0.78284
-0.00632057
0.78284
-0.00632057
0.78284
-0.00632057
0.78284
-0.00632057
0.78284
0.156179
0.541795
0.103679
-0.00632057
0.0936794
0.0311794
0.103679
0.0186794
0.103679
-0.00632057
0.103679
0.0186794
0.103679
-0.00632057
0.0936794
0.0474294
0.0936794
0.00617943
0.248679
-0.00632057
0.788922
0.00617943
0.788922
0.00617943
0.788922
0.00617943
0.788922
0.00617943
0.788922
0.00617943
0.726435
0.0886794
0.726435
0.0886794
0.64672
0.183679
0.79534
-0.00493665
0.79534
-0.00493665
0.79534
-0.00493665
0.764893
0.0428461
0.764893
0.0428461
0.334319
0.520319
0.0319236
0.774058
-0.00493665
0.79534
-0.00493665
0.79534
-0.00493665
0.79534
-0.00632057
0.79534
0.0811794
0.732728
0.0274294
0.776653
0.0274294
0.776653
-0.00632057
0.79534
-0.00632057
0.79534
-0.00632057
0.79534
-0.00632057
0.79534
0.156179
0.541795
0.149929
0.213679
0.153679
0.337429
0.0186794
0.213679
0.156179
0.342429
0.0186794
0.337429
0.149929
0.337429
0.0499294
0.337429
0.0186794
0.318679
0.102013
0.143679
0.79534
-0.00632057
0.79534
-0.00632057
0.79534
-0.00632057
0.79534
-0.00632057
0.79534
-0.00632057
0.79534
-0.00632057
0.79534
-0.00632057
0.79534
-0.00632057
0.739021
0.0736794
0.739021
0.0736794
0.739021
0.0736794
0.739021
0.0736794
0.691822
0.129929
0.334319
0.520319
0.0736794
0.739021
0.0736794
0.739021
0.0736794
0.739021
0.0736794
0.739021
0.0736794
0.739021
0.0736794
0.739021
0.0274294
0.776653
-0.00632057
0.79534
-0.00632057
0.79534
-0.00632057
0.79534
-0.00632057
0.79534
-0.00632057
0.79534
0.156179
0.541795
0.159929
0.172429
0.153679
0.113679
0.149929
0.113679
0.103679
0.149929
0.156179
0.156179
0.113679
0.153679
0.0499294
0.113679
0.156179
0.156179
0.137429
0.149929
0.79534
-0.00632057
0.79534
-0.00632057
0.79534
-0.00632057
0.79534
-0.00632057
0.79534
-0.00632057
0.776653
0.0274294
0.739021
0.0736794
0.739021
0.0736794
0.711051
0.107013
0.711051
0.107013
0.711051
0.107013
0.711051
0.107013
0.774058
0.0319236
0.334319
0.520319
0.0736794
0.739021
0.0736794
0.739021
0.0736794
0.739021
0.0736794
0.739021
0.0736794
0.739021
0.0736794
0.739021
-0.00632057
0.79534
-0.00632057
0.79534
-0.00632057
0.79534
-0.00632057
0.79534
-0.00632057
0.79534
-0.00632057
0.79534
0.156179
0.541795
0.103679
0.127846
0.149929
0.100346
0.149929
0.0740961
0.156179
0.122846
0.0936794
0.129096
0.0936794
0.129096
0.0974294
0.140346
0.0936794
0.110346
0.103679
0.127846
0.79534
-0.00632057
0.79534
-0.00632057
0.79534
-0.00632057
0.79534
-0.00632057
0.79534
-0.00632057
0.79534
-0.00632057
0.79534
-0.00632057
0.79534
-0.00632057
0.697066
0.123679
0.697066
0.123679
0.697066
0.123679
0.79534
-0.00493665
0.774058
0.0319236
0.334319
0.520319
0.0736794
0.739021
0.0736794
0.739021
0.0736794
0.739021
0.0736794
0.739021
0.0736794
0.739021
0.0736794
0.739021
-0.00632057
0.79534
-0.00632057
0.79534
-0.00632057
0.79534
-0.00632057
0.79534
-0.00632057
0.79534
-0.00632057
0.79534
0.156179
0.541795
0.123679
0.0843044
0.156179
0.0818044
0.113679
0.0718044
0.156179
0.0880544
0.156179
0.0780544
0.113679
0.0755544
0.123679
0.0880544
0.0936794
0.0843044
0.0986794
0.0674294
0.786396
0.0105544
0.786396
0.0105544
0.786396
0.0105544
0.786396
0.0105544
0.786396
0.0105544
0.786396
0.0105544
0.786396
0.0105544
0.786396
0.0105544
0.688675
0.133679
0.688675
0.133679
0.79534
-0.00493665
0.79534
-0.00493665
0.774058
0.0319236
0.334319
0.520319
0.0736794
0.739021
0.0736794
0.739021
0.0736794
0.739021
0.0736794
0.739021
0.0736794
0.739021
0.0736794
0.739021
-0.00632057
0.79534
-0.00632057
0.79534
-0.00632057
0.79534
-0.00632057
0.79534
-0.00632057
0.79534
-0.00632057
0.79534
0.156179
0.541795
0.123679
0.0686794
0.156179
0.0724294
0.113679
0.0661794
0.156179
0.0661794
0.156179
0.0724294
0.156179
0.0661794
0.123679
0.0874294
0.113679
0.0461794
0.137429
0.0636794
0.79534
-0.00632057
0.777375
0.0261794
0.777375
0.0261794
0.777375
0.0261794
0.777375
0.0261794
0.777375
0.0261794
0.777375
0.0261794
0.777375
0.0261794
0.64672
0.183679
0.64672
0.183679
0.64672
0.183679
0.79534
-0.00493665
0.774058
0.0319236
0.334319
0.507819
0.107013
0.698551
0.107013
0.698551
0.107013
0.698551
0.107013
0.698551
-0.00632057
0.78284
-0.00632057
0.78284
-0.00632057
0.78284
-0.00632057
0.78284
-0.00632057
0.78284
-0.00632057
0.78284
-0.00632057
0.78284
-0.00632057
0.78284
0.127846
0.596397
0.0703461
-0.00632057
0.0603461
0.0311794
0.0703461
0.0186794
0.0653461
-0.00132057
0.0703461
0.0186794
0.0653461
-0.00132057
0.0603461
0.0474294
0.0603461
0.00617943
0.261179
-0.00632057
0.788922
0.00617943
0.788922
0.00617943
0.788922
0.00617943
0.788922
0.00617943
0.726435
0.0886794
0.726435
0.0886794
0.726435
0.0886794
0.64672
0.183679
0.79534
-0.00493665
0.79534
-0.00493665
0.79534
-0.00493665
0.79534
-0.00493665
0.764893
0.0428461
0.334319
0.520319
0.0319236
0.774058
-0.00493665
0.79534
-0.00493665
0.79534
-0.00493665
0.79534
-0.00632057
0.79534
-0.00632057
0.79534
-0.0021539
0.793733
-0.0021539
0.793733
-0.00632057
0.79534
-0.00632057
0.79534
-0.00632057
0.79534
-0.00632057
0.79534
0.127846
0.596397
0.134096
0.322429
0.0978461
0.337429
0.0978461
0.328679
0.122846
0.342429
0.134096
0.342429
0.0103461
0.337429
0.0103461
0.337429
0.104096
0.342429
0.127013
0.143679
0.79534
-0.00632057
0.79534
-0.00632057
0.79534
-0.00632057
0.79534
-0.00632057
0.79534
-0.00632057
0.79534
-0.00632057
0.79534
-0.00632057
0.79534
-0.00632057
0.739021
0.0736794
0.739021
0.0736794
0.739021
0.0736794
0.739021
0.0736794
0.68448
0.138679
0.334319
0.520319
0.107013
0.711051
0.107013
0.711051
0.107013
0.711051
0.107013
0.711051
-0.00632057
0.79534
-0.00632057
0.79534
-0.00632057
0.79534
-0.00632057
0.79534
-0.00632057
0.79534
-0.00632057
0.79534
-0.00632057
0.79534
-0.00632057
0.79534
0.127846
0.596397
0.129096
0.168679
0.140346
0.149929
0.129096
0.103679
0.114096
0.156179
0.129096
0.153679
0.0703461
0.153679
0.0703461
0.153679
0.110346
0.153679
0.152013
0.149929
0.79534
-0.00632057
0.79534
-0.00632057
0.79534
-0.00632057
0.79534
-0.00632057
0.79534
-0.00632057
0.79534
-0.00632057
0.739021
0.0736794
0.739021
0.0736794
0.711051
0.107013
0.711051
0.107013
0.711051
0.107013
0.711051
0.107013
0.648119
0.182013
0.334319
0.520319
0.107013
0.711051
0.107013
0.711051
0.107013
0.711051
0.107013
0.711051
-0.00632057
0.79534
-0.00632057
0.79534
-0.00632057
0.79534
-0.00632057
0.79534
-0.00632057
0.79534
-0.00632057
0.79534
-0.00632057
0.79534
-0.00632057
0.79534
0.127846
0.596397
0.134096
0.114096
0.0978461
0.140346
0.101596
0.140346
0.122846
0.122846
0.129096
0.127846
0.104096
0.122846
0.114096
0.0978461
0.0603461
0.110346
0.0703461
0.127846
0.79534
-0.00632057
0.79534
-0.00632057
0.79534
-0.00632057
0.79534
-0.00632057
0.79534
-0.00632057
0.79534
-0.00632057
0.79534
-0.00632057
0.79534
-0.00632057
0.697066
0.123679
0.697066
0.123679
0.697066
0.123679
0.697066
0.123679
0.626267
0.208054
0.334319
0.520319
0.107013
0.711051
0.107013
0.711051
0.107013
0.711051
0.107013
0.711051
-0.00632057
0.79534
-0.00632057
0.79534
-0.00632057
0.79534
-0.00632057
0.79534
-0.00632057
0.79534
-0.00632057
0.79534
-0.00632057
0.79534
-0.00632057
0.79534
0.127846
0.596397
0.110346
0.0736794
0.140346
0.0736794
0.140346
0.0818044
0.114096
0.0536794
0.134096
0.0968044
0.107846
0.0880544
0.114096
0.0880544
0.0603461
0.0843044
0.0653461
0.0674294
0.786396
0.0105544
0.786396
0.0105544
0.786396
0.0105544
0.786396
0.0105544
0.786396
0.0105544
0.786396
0.0105544
0.786396
0.0105544
0.786396
0.0105544
0.688675
0.133679
0.688675
0.133679
0.688675
0.133679
0.688675
0.133679
0.774058
0.0319236
0.334319
0.520319
0.107013
0.711051
0.107013
0.711051
0.107013
0.711051
0.107013
0.711051
-0.00632057
0.79534
-0.00632057
0.79534
-0.00632057
0.79534
-0.00632057
0.79534
-0.00632057
0.79534
-0.00632057
0.79534
-0.00632057
0.79534
-0.00632057
0.79534
0.127846
0.596397
0.134096
0.0724294
0.104096
0.0811794
0.114096
0.0661794
0.104096
0.0624294
0.129096
0.0636794
0.104096
0.0661794
0.0703461
0.0561794
0.134096
0.0661794
0.156179
0.0636794
0.79534
-0.00632057
0.777375
0.0261794
0.777375
0.0261794
0.777375
0.0261794
0.777375
0.0261794
0.777375
0.0261794
0.777375
0.0261794
0.777375
0.0261794
0.64672
0.183679
0.64672
0.183679
0.64672
0.183679
0.64672
0.183679
0.774058
0.0319236
0.334319
0.507819
0.123679
0.684566
0.123679
0.684566
0.123679
0.684566
0.123679
0.684566
0.0105544
0.773896
0.0105544
0.773896
0.0105544
0.773896
0.0105544
0.773896
0.0105544
0.773896
0.0105544
0.773896
0.0105544
0.773896
0.0105544
0.773896
0.0674294
0.572489
0.0486794
0.00992943
0.0436794
0.0311794
0.0486794
0.0399294
0.0486794
-0.00132057
0.0486794
0.0399294
0.0486794
-0.00132057
0.0436794
0.0474294
0.0436794
0.00617943
0.270554
-0.00632057
0.788922
0.00617943
0.788922
0.00617943
0.788922
0.00617943
0.788922
0.00617943
0.726435
0.0886794
0.726435
0.0886794
0.726435
0.0886794
0.64672
0.183679
0.79534
-0.00493665
0.79534
-0.00493665
0.79534
-0.00493665
0.79534
-0.00493665
0.764893
0.0428461
0.334319
0.520319
0.0319236
0.774058
-0.00493665
0.79534
-0.00493665
0.79534
-0.00493665
0.79534
-0.00632057
0.79534
-0.00632057
0.79534
-0.0021539
0.793733
-0.0021539
0.793733
0.0105544
0.786396
0.0105544
0.786396
0.0105544
0.786396
-0.00632057
0.79534
0.0674294
0.572489
0.0880544
0.331179
0.0718044
0.337429
0.114304
0.212429
0.0718044
0.337429
0.00617943
0.337429
0.0718044
0.337429
0.00617943
0.337429
0.0780544
0.342429
0.139513
0.143679
0.79534
-0.00632057
0.79534
-0.00632057
0.79534
-0.00632057
0.79534
-0.00632057
0.79534
-0.00632057
0.79534
-0.00632057
0.79534
-0.00632057
0.79534
-0.00632057
0.739021
0.0736794
0.739021
0.0736794
0.739021
0.0736794
0.739021
0.0736794
0.68448
0.138679
0.334319
0.520319
0.0319236
0.774058
0.123679
0.697066
0.123679
0.697066
0.123679
0.697066
0.0105544
0.786396
0.0105544
0.786396
0.0105544
0.786396
0.0105544
0.786396
0.0105544
0.786396
0.0105544
0.786396
0.0105544
0.786396
0.0105544
0.786396
0.0674294
0.572489
0.0536794
0.162429
0.0486794
0.0986794
0.114304
0.0936794
0.0880544
0.156179
0.0780544
0.156179
0.0436794
0.192429
0.0218044
0.113679
0.0818044
0.156179
0.159304
0.149929
0.79534
-0.00632057
0.79534
-0.00632057
0.79534
-0.00632057
0.79534
-0.00632057
0.79534
-0.00632057
0.79534
-0.00632057
0.739021
0.0736794
0.739021
0.0736794
0.711051
0.107013
0.711051
0.107013
0.711051
0.107013
0.711051
0.107013
0.648119
0.182013
0.334319
0.520319
0.123679
0.697066
0.123679
0.697066
0.123679
0.697066
0.123679
0.697066
0.0105544
0.786396
0.0105544
0.786396
0.0105544
0.786396
0.0105544
0.786396
0.0105544
0.786396
0.0105544
0.786396
0.0105544
0.786396
0.0105544
0.786396
0.0674294
0.572489
0.0786794
0.0653461
0.0718044
0.140346
0.0880544
0.0903461
0.0718044
0.0890961
0.0780544
0.134096
0.0905544
0.129096
0.0524294
0.0953461
0.0436794
0.110346
0.0705544
0.127846
0.79534
-0.00632057
0.79534
-0.00632057
0.79534
-0.00632057
0.79534
-0.00632057
0.79534
-0.00632057
0.79534
-0.00632057
0.79534
-0.00632057
0.79534
-0.00632057
0.697066
0.123679
0.697066
0.123679
0.697066
0.123679
0.697066
0.123679
0.626267
0.208054
0.334319
0.520319
0.123679
0.697066
0.123679
0.697066
0.123679
0.697066
0.123679
0.697066
0.0105544
0.786396
0.0105544
0.786396
0.0105544
0.786396
0.0105544
0.786396
0.0105544
0.786396
0.0105544
0.786396
0.0105544
0.786396
0.0105544
0.786396
0.0674294
0.572489
0.0880544
0.0624294
0.0436794
0.0843044
0.114304
0.0736794
0.0736794
0.0880544
0.0780544
0.0780544
0.0880544
0.108054
0.0474294
0.0880544
0.0436794
0.0843044
0.0486794
0.0674294
0.786396
0.0105544
0.786396
0.0105544
0.786396
0.0105544
0.786396
0.0105544
0.786396
0.0105544
0.786396
0.0105544
0.786396
0.0105544
0.786396
0.0105544
0.688675
0.133679
0.688675
0.133679
0.688675
0.133679
0.688675
0.133679
0.613156
0.223679
0.334319
0.520319
0.123679
0.697066
0.123679
0.697066
0.123679
0.697066
0.123679
0.697066
0.0105544
0.786396
0.0105544
0.786396
0.0105544
0.786396
0.0105544
0.786396
0.0105544
0.786396
0.0105544
0.786396
0.0105544
0.786396
0.0105544
0.786396
0.0674294
0.572489
0.0880544
0.0524294
0.0436794
0.0686794
0.114304
0.0374294
0.0736794
0.0686794
0.0780544
0.0661794
0.0880544
0.0924294
0.0474294
0.0874294
0.0674294
0.0686794
0.165554
0.0636794
0.79534
-0.00632057
0.777375
0.0261794
0.777375
0.0261794
0.777375
0.0261794
0.777375
0.0261794
0.777375
0.0261794
0.777375
0.0261794
0.777375
0.0261794
0.64672
0.183679
0.64672
0.183679
0.64672
0.183679
0.64672
0.183679
0.774058
0.0319236
0.334319
0.507819
0.133679
0.676175
0.133679
0.676175
0.133679
0.676175
0.133679
0.676175
0.0261794
0.764875
0.0261794
0.764875
0.0261794
0.764875
0.0261794
0.764875
0.0261794
0.764875
0.0261794
0.764875
0.0261794
0.764875
-0.00632057
0.78284
0.0636794
0.556963
0.0386794
0.00992943
0.0336794
0.0311794
0.0386794
0.0399294
0.0386794
-0.00132057
0.0386794
0.0399294
0.0386794
-0.00132057
0.0336794
0.0474294
0.0336794
0.00617943
0.276179
-0.00632057
0.788922
0.00617943
0.788922
0.00617943
0.788922
0.00617943
0.788922
0.00617943
0.726435
0.0886794
0.726435
0.0886794
0.726435
0.0886794
0.64672
0.183679
0.79534
-0.00493665
0.79534
-0.00493665
0.79534
-0.00493665
0.79534
-0.00493665
0.764893
0.0428461
0.334319
0.520319
0.0319236
0.774058
-0.00493665
0.79534
-0.00493665
0.79534
-0.00493665
0.79534
-0.00632057
0.79534
-0.00632057
0.79534
-0.0021539
0.793733
-0.0021539
0.793733
-0.0021539
0.793733
0.0261794
0.777375
-0.00632057
0.79534
-0.00632057
0.79534
0.0636794
0.556963
0.0661794
0.342429
0.0561794
0.233679
0.0686794
0.212429
0.00367943
0.337429
0.0811794
0.342429
0.0624294
0.342429
0.00367943
0.337429
0.00367943
0.318679
0.147013
0.143679
0.79534
-0.00632057
0.79534
-0.00632057
0.79534
-0.00632057
0.79534
-0.00632057
0.79534
-0.00632057
0.79534
-0.00632057
0.79534
-0.00632057
0.79534
-0.00632057
0.739021
0.0736794
0.739021
0.0736794
0.739021
0.0736794
0.739021
0.0736794
0.68448
0.138679
0.334319
0.520319
0.0319236
0.774058
-0.00493665
0.79534
0.133679
0.688675
0.133679
0.688675
0.0261794
0.777375
0.0261794
0.777375
0.0261794
0.777375
0.0261794
0.777375
0.0261794
0.777375
0.0261794
0.777375
0.0261794
0.777375
-0.00632057
0.79534
0.0636794
0.556963
0.0924294
0.156179
0.0561794
0.113679
0.0686794
0.0936794
0.0624294
0.156179
0.0724294
0.156179
0.0561794
0.192429
0.0686794
0.0936794
0.0624294
0.156179
0.163679
0.149929
0.79534
-0.00632057
0.79534
-0.00632057
0.79534
-0.00632057
0.79534
-0.00632057
0.79534
-0.00632057
0.79534
-0.00632057
0.739021
0.0736794
0.739021
0.0736794
0.711051
0.107013
0.711051
0.107013
0.711051
0.107013
0.711051
0.107013
0.648119
0.182013
0.334319
0.520319
0.133679
0.688675
0.133679
0.688675
0.133679
0.688675
0.133679
0.688675
0.0261794
0.777375
0.0261794
0.777375
0.0261794
0.777375
0.0261794
0.777375
0.0261794
0.777375
0.0261794
0.777375
0.0261794
0.777375
-0.00632057
0.79534
0.0636794
0.556963
0.0661794
0.140346
0.0599294
0.100346
0.0661794
0.134096
0.0624294
0.122846
0.0624294
0.134096
0.0336794
0.114096
0.0686794
0.0903461
0.0436794
0.110346
0.0761794
0.127846
0.79534
-0.00632057
0.79534
-0.00632057
0.79534
-0.00632057
0.79534
-0.00632057
0.79534
-0.00632057
0.79534
-0.00632057
0.79534
-0.00632057
0.79534
-0.00632057
0.697066
0.123679
0.697066
0.123679
0.697066
0.123679
0.697066
0.123679
0.626267
0.208054
0.334319
0.520319
0.133679
0.688675
0.133679
0.688675
0.133679
0.688675
0.133679
0.688675
0.0261794
0.777375
0.0261794
0.777375
0.0261794
0.777375
0.0261794
0.777375
0.0261794
0.777375
0.0261794
0.777375
0.0261794
0.777375
-0.00632057
0.79534
0.0636794
0.556963
0.0986794
0.0474294
0.0686794
0.0536794
0.0661794
0.0880544
0.0724294
0.0536794
0.0624294
0.0780544
0.0874294
0.0536794
0.0661794
0.0780544
0.0436794
0.0843044
0.0386794
0.0674294
0.786396
0.0105544
0.786396
0.0105544
0.786396
0.0105544
0.786396
0.0105544
0.786396
0.0105544
0.786396
0.0105544
0.786396
0.0105544
0.786396
0.0105544
0.688675
0.133679
0.688675
0.133679
0.688675
0.133679
0.688675
0.133679
0.613156
0.223679
0.334319
0.520319
0.133679
0.688675
0.133679
0.688675
0.133679
0.688675
0.133679
0.688675
0.0261794
0.777375
0.0261794
0.777375
0.0261794
0.777375
0.0261794
0.777375
0.0261794
0.777375
0.0261794
0.777375
0.0261794
0.777375
-0.00632057
0.79534
0.0636794
0.556963
0.0786794
0.0524294
0.0374294
0.0686794
0.0374294
0.0874294
0.0624294
0.0661794
0.0724294
0.0636794
0.0336794
0.0686794
0.0374294
0.0724294
0.0336794
0.0686794
0.171179
0.0636794
0.79534
-0.00632057
0.777375
0.0261794
0.777375
0.0261794
0.777375
0.0261794
0.777375
0.0261794
0.777375
0.0261794
0.777375
0.0261794
0.777375
0.0261794
