0
-1
0
0
0
0
0
0
0
0
0
0
0
0
0
0
0
0
-1
0
-1
0
-1
0
-0.4
0
-0.4
0
-1
0
0
0
-0.4
0
-0.4
0
0
0
-1
-1
-0.4
-1
0
0
0
0
0
0
0
0
0
0
0
0
0
0
0
0
0
0
0
0
0
0
0
0
0
0
0
-1
0
0
0
-1.4
0
0.1
0
0.1
0
0.1
0
0.1
0
0.1
0
0.1
0
0.1
0
0.1
-0.4
0.1
-0.4
0.1
0
0.1
0
0.1
-0.4
0.1
0
0.1
0
0.1
0
0.1
-1
0.1
0
0
-0.4
0.1
-1
-0.3
-0.4
0
-1
-0.75
-0.4
0
-0.4
-1.45
-0.4
0.0166667
-0.4
0
-0.4
0
-0.4
0.0166667
-0.4
0.1
-0.4
-0.05
-0.4
0.0166667
-0.4
-0.5
-0.4
-0.15
-0.4
0.1
-0.4
0.0166667
0
-1.2
0
0.3
0
0.3
0
0.3
0
0.3
0
0.3
0
0.3
0
0.3
0
0.3
-0.4
0.3
-0.4
0.3
0
0.3
0
0.3
-0.4
0.3
0
0.3
0
0.3
0
0.3
-1
0.3
0
0
-0.4
-0.225
-0.4
-0.6
-0.4
0.3
-1
-1.2
-1
-1.325
-0.4
-0.625
-0.4
0.3
-0.4
0.075
-0.4
0.075
-0.4
0.141667
-0.4
0.141667
-0.4
0.275
-0.4
0.2
-0.4
0.141667
-0.4
-0.1
-0.4
-0.625
-0.4
0.2
0
-1.06667
0
0.483333
0
0.483333
0
0.483333
0
0.483333
0
0.483333
0
0.483333
0
0.483333
0
0.483333
-0.4
0.483333
-0.4
0.483333
0
0.483333
0
0.483333
0
0.483333
0
0.483333
0
0.483333
0
0.483333
-1
0.483333
0
0
-0.4
0.433333
-0.4
0.483333
-0.4
-0.0166667
-1
-0.566667
-0.4
-0.266667
-0.4
-0.466667
-0.4
-0.266667
-0.4
-0.0166667
-0.4
-0.466667
-0.4
-0.266667
-0.4
0.233333
-0.4
0.383333
-0.4
-0.25
-0.4
-0.0666667
-0.4
0.0833333
-0.4
-0.25
-0.4
0.383333
0
-1.0125
0
0.5875
0
0.5875
0
0.5875
0
0.5875
0
0.5875
0
0.5875
0
0.5875
0
0.5875
-0.4
0.5875
-0.4
0.5875
0
0.5875
0
0.5875
0
0.5875
0
0.5875
0
0.5875
0
0.5875
-1
0.5875
0
0
-0.4
-0.2125
-1
-0.7
-0.4
-0.0125
-0.4
0.5
-0.4
0.454167
-0.4
-0.8125
-0.4
0
-0.4
0
-0.4
-0.545833
-0.4
0
-0.4
0.3875
-0.4
0.5
-0.4
0.5
-0.4
0.25
-0.4
0.25
-0.4
0.5875
-0.4
0.5
0
0.19
0
0.65
0
0.65
0
0.65
0
0.65
0
0.65
0
0.65
0
0.65
0
0.65
-0.4
0.65
-0.4
0.65
0
0.65
0
0.65
-0.4
0.65
0
0.65
0
0.65
0
0.65
-1
0.65
0
0
-0.4
0.376667
-0.4
-0.11
-0.4
-0.11
-1
-0.4
-1
0.65
-0.4
-0.75
-0.4
0.36
-0.4
-0.96
-0.4
-0.4
-0.4
-0.0233333
-0.4
0.36
-0.4
0.65
-0.4
0.55
-0.4
0.54
-0.4
0.376667
-0.4
0.65
-0.4
0.276667
0.1
-0.4
0.1
0
0.1
0
0.1
0
0.1
0
0.1
0
0.1
0
0.1
0
0.1
0
-0.9
0
-0.3
-0.4
-0.75
-0.4
-0.05
-0.4
-0.783333
-0.4
-0.75
-0.4
0.1
-0.4
-0.0833333
-0.4
0
-0.4
0
-0.4
0.0166667
-0.4
-0.75
-1
0
-0.4
-0.5
-1
-0.75
-1
0
-0.4
0
-0.4
0
-1
0
0
0.1
-0.4
0.1
0
0.1
0
0.1
-0.4
0.1
0
0.1
-0.4
0.1
-0.4
0.1
-0.4
0.1
-0.1
0.1
0
0.1
0
0.1
0
0.1
0
0
0.1
0
0.1
0
0.1
0
0.1
-0.1
0.1
-0.1
0.1
0
0.1
-0.45
0.1
0
0.1
-0.95
0.1
-0.1
0.1
0
0.1
-0.1
0.1
0
-0.25
-0.366667
-1.01667
-1.675
-0.975
-0.2
-0.2
-1.31667
-0.366667
-0.975
-1.675
-0.2
-1.7
-0.85
-0.15
-0.2
-0.2
-0.25
0
0.1
-0.2
0.1
0
0.1
-0.55
0.1
0
0.1
-0.05
0.1
-0.1
0.1
-0.3
0.1
-0.1
0.1
-0.4
0.1
0
0.1
0
-0.1
0.4
-0.1
0.4
0
0.3
0
0.3
0
0.3
0
0.3
-0.1
0.3
-0.1
0.3
0
0.3
-0.45
0.3
0
0.3
-0.95
0.3
-0.1
0.3
0
0.3
-0.1
0.3
0
-0.225
-0.5
-0.125
-0.5
-0.325
-0.5
-0.125
-0.85
-0.125
-0.5
-0.125
-0.5
-1.65833
-0.5
-0.125
-0.85
-0.2
-0.5
0
-0.3
-0.525
-0.3
-0.525
-0.0833333
-0.1
-0.0833333
-0.025
-0.0833333
-0.025
0.1
-0.4
0.1
-0.125
0.1
-0.1
0.1
-0.1
0.1
0
-0.1
0.583333
-0.1
0.583333
-0.1
0.583333
0
0.483333
0
0.483333
0
0.483333
0
0.483333
-0.1
0.483333
-0.1
0.483333
0
0.483333
0
0.483333
0
0.483333
0
0.483333
-0.1
0.483333
0
0.483333
-0.1
0.483333
0
-0.216667
-0.55
-1.31667
-0.85
-0.116667
-0.7
-0.4
-0.85
-0.116667
-1.15
-1.66667
-0.85
-0.116667
-0.85
-0.366667
-0.85
-0.166667
-0.85
0
-0.45
-0.266667
-0.45
-0.266667
-0.3
-0.666667
-0.3
-0.55
0.1
0
0.1
-0.466667
0.1
0
0.1
-0.25
0.1
-0.1
0.1
0
-0.1
0.6875
-0.1
0.6875
-0.1
0.6875
0
0.5875
0
0.5875
0
0.5875
0
0.5875
-0.1
0.5875
-0.1
0.5875
0
0.5875
-0.45
0.5875
0
0.5875
-0.95
0.5875
-0.1
0.5875
0
0.5875
0
0.5875
0
-0.2125
-1.45
-0.2125
-0.85
-0.1125
-0.85
-0.15
-1.3
-0.2125
-1.15
-0.2125
-0.85
-0.2125
-0.85
-0.15
-0.85
-0.2125
-0.85
0
-0.55
-0.6
-0.55
-0.7
-0.55
-0.6
-0.3
-0.6
0.1
0
0.1
-0.2125
0.1
-0.4
0.1
-0.15
0.1
-0.1
0.1
0
-0.1
0.75
-0.1
0.75
-0.1
0.75
0
0.65
0
0.65
0
0.65
0
0.65
-0.1
0.65
-0.1
0.65
0
0.65
0
0.65
0
0.65
0
0.65
-0.1
0.65
0
0.65
-0.1
0.65
0
-0.21
-0.55
-0.96
-0.85
-0.14
-0.85
-0.11
-0.85
-0.11
-0.975
-1.635
-1.01667
-1.70667
-0.85
-0.19
-1.01667
-0.506667
-0.85
0
-0.55
-0.56
-0.55
-0.85
-0.55
-0.56
-0.55
-0.75
0.1
-0.11
0.1
-0.19
0.1
-0.1
0.1
-0.19
0.3
-0.4
0.3
0
0.3
0
0.3
0
0.3
0
0.3
0
0.3
0
0.3
0
0.3
0
-0.9
0
-0.1
-0.4
-0.1
-0.4
0
-0.4
-0.625
-0.4
-0.625
-0.4
0.3
-0.4
-0.125
-0.4
0.375
-0.4
0.075
-0.4
-1.35833
-1
0.141667
-1
0.141667
-0.4
-1.325
-0.4
-1.325
-1
-1.25833
-1
-0.125
-0.4
-0.125
-0.4
0
0
0.3
0
0.3
0
0.3
-1
0.3
-0.4
0.3
0
0.3
-0.4
0.3
-0.4
0.3
-0.4
0.3
-0.1
0.3
0
0.3
0
0.3
0
0.3
0
0.4
-0.1
0.4
-0.1
0
0.1
0
0.1
-0.1
0.1
-0.1
0.1
0
0.1
0
0.1
-0.8
-0.0833333
-0.025
-0.0833333
0
-0.0833333
-0.525
-0.3
-0.525
-0.3
0
-0.5
-1.425
-0.6
-0.125
-0.5
-0.125
-0.85
-0.691667
-0.366667
-1.325
-1.15
-0.125
-0.5
-0.391667
-0.366667
-0.125
-0.5
-0.225
0
0.3
-0.2
0.3
0
0.3
-0.15
0.3
-0.45
0.3
-0.05
0.3
-0.1
0.3
-0.1
0.3
-0.15
0.3
0
0.3
0
0.3
0
0.3
0
0.3
0
0
0.3
0
0.3
0
0.3
0
0.3
-0.1
0.3
-0.1
0.3
0
0.3
0
0.175
0
0.175
-0.125
0.175
0
0.175
0
0.175
-0.025
-0.05
0
-0.4
-1.275
-1.275
-0.2
-0.625
-0.2
-0.625
-1.1
-0.6
-1.325
-0.825
-0.2
-0.625
-0.3
-1.1
-0.3
-0.5
-0.4
0
-0.05
-0.025
0.175
0
0.175
-0.325
0.175
-0.225
0.175
0
0.175
-0.4
0.3
-0.1
0.3
-0.125
0.3
0
0.3
0
0.3
0
0.3
0
-0.1
0.583333
0
0.483333
0
0.483333
0
0.483333
0
0.483333
-0.1
0.483333
-0.1
0.483333
0
0.383333
0
0.383333
0
0.383333
-0.125
0.383333
-0.1
0.383333
0
0.383333
0
0.383333
0
-0.366667
-1.275
-0.4
-0.475
-0.4
-0.475
-0.4
-0.625
-0.366667
-0.9
-1.66667
-0.475
-1.76667
-0.625
-0.366667
-0.625
-0.166667
-0.625
0
-0.05
-0.266667
-0.05
-0.0166667
-0.05
-0.166667
0.175
-0.1
0.175
-0.266667
0.175
-0.116667
0.3
-0.116667
0.3
-0.1
0.3
0
0.3
0
0.3
0
0.3
0
-0.1
0.6875
0
0.5875
0
0.5875
0
0.5875
0
0.5875
-0.1
0.5875
-0.1
0.5875
0
0.4875
0
0.4875
0
0.4875
0
0.4875
0
0.4875
0
0.4875
0
0.4875
0
-0.35
-1.425
-0.6
-0.475
-0.3625
-0.625
-0.15
-1.7
-0.2125
-1.325
-0.2125
-0.625
-0.15
-0.625
-0.15
-0.9
-0.2125
-0.625
0
-0.325
-0.2125
-0.05
-0.95
-0.05
-0.1125
0.175
-0.15
0.175
-0.1125
0.175
-0.1125
0.3
-0.2125
0.3
-0.1125
0.3
0
0.3
0
0.3
0
-0.1
0.75
-0.1
0.75
0
0.65
0
0.65
0
0.65
0
0.65
-0.1
0.65
-0.1
0.65
0
0.55
0
0.55
0
0.55
-0.025
0.55
-0.1
0.55
0
0.55
0
0.55
0
-0.34
-1.275
-1.14
-1.825
-0.96
-0.625
-0.14
-0.925
-0.14
-0.325
-0.66
-0.391667
-1.70667
-0.475
-0.1
-1.19167
-0.506667
-0.625
0
-0.325
-0.11
-0.325
-0.56
-0.05
-0.01
0.175
-0.04
0.175
0
0.175
-0.04
0.175
-0.1
0.3
0
0.483333
0
0.483333
0
0.483333
0
0.483333
0
0.483333
0
0.483333
0
0.483333
0
0.483333
0
0.483333
0
-0.9
0
-0.366667
-0.4
-0.266667
-0.4
0
-0.4
-0.266667
-0.4
-0.366667
-0.4
0.416667
-0.4
0.533333
-0.4
-0.0166667
-0.4
-0.466667
-0.4
-0.266667
-1
-0.266667
-1
0.383333
-1
-0.466667
-0.4
-0.266667
-1
-0.266667
-1
0.383333
-0.4
-0.266667
-0.4
0
0
0.483333
-0.4
0.483333
-0.4
0.483333
0
0.483333
0
0.483333
-0.4
0.483333
-0.4
0.483333
-0.4
0.483333
-1
0.483333
0
0.483333
0
0.483333
0
0.483333
0
0.483333
0
0.583333
-0.1
0.583333
-0.1
0.583333
-0.1
0
0.1
-0.1
0.1
-0.1
0.1
0
0.1
0
0.1
-0.266667
0.1
-0.666667
-0.3
-0.55
-0.3
-0.266667
-0.45
-0.166667
-0.45
0
-0.85
-0.141667
-1.275
-0.116667
-1.65
-0.116667
-0.85
-1.31667
-1.2
-0.116667
-0.85
-0.141667
-1.475
-0.166667
-0.85
-0.15
-0.5
-0.216667
0
0.483333
-0.2
0.483333
-0.1
0.483333
-0.6
0.483333
0
0.483333
-0.1
0.483333
0
0.483333
-0.3
0.483333
-0.15
0.483333
-0.4
0.483333
0
0.483333
0
0.483333
0
0.483333
0
0.583333
-0.1
0
0.3
0
0.3
0
0.3
-0.1
0.3
-0.1
0.3
0
0.3
-0.416667
0.175
-0.466667
0.175
-0.266667
0.175
-0.1
-0.05
-0.266667
-0.05
-0.166667
-0.05
0
-0.625
-0.266667
-0.2
-1.36667
-0.7
-0.166667
-0.625
-0.316667
-0.525
-0.266667
-0.5
-0.166667
-0.625
-0.566667
-1.5
-1.01667
-0.5
-0.366667
0
0.383333
0
0.383333
0
0.383333
-0.325
0.383333
-0.225
0.383333
0
0.383333
-0.4
0.383333
-0.325
0.483333
-0.125
0.483333
0
0.483333
0
0.483333
0
0.483333
0
0.483333
0
0
0.483333
0
0.483333
0
0.483333
0
0.483333
-0.1
0.483333
-0.1
0.483333
-0.116667
0.383333
-0.416667
0.383333
-0.466667
0.383333
-0.266667
0.383333
-0.1
0.0833333
-0.266667
0.0833333
-0.166667
0.0833333
0
-0.55
-0.366667
-1.01667
-0.366667
-1.56667
-0.4
-0.4
-0.55
-0.366667
-0.25
-1.31667
-0.4
-0.4
-0.55
-0.366667
-0.566667
-1.36667
-0.55
0
0.0833333
-0.266667
0.0833333
-0.0166667
0.0833333
0
0.383333
-0.1
0.383333
-0.266667
0.383333
-0.116667
0.383333
-0.166667
0.483333
-0.15
0.483333
0
0.483333
0
0.483333
0
0.483333
0
0.483333
0
0
0.5875
0
0.5875
0
0.5875
0
0.5875
-0.1
0.5875
-0.1
0.5875
-0.116667
0.4875
0
0.4875
-0.466667
0.4875
-0.266667
0.4875
-0.15
0.4875
-0.266667
0.15
-0.166667
0.15
0
-0.5125
-0.316667
-0.2125
-0.4
-0.3625
-0.25
-0.7
-0.316667
-0.2125
-0.316667
-0.2125
-1.01667
-0.2125
-1.01667
-0.2125
-0.766667
-0.2125
-0.55
0
-0.116667
-0.2125
-0.116667
-0.2
0.383333
-0.15
0.383333
-0.15
0.383333
-0.1125
0.383333
-0.1125
0.383333
-0.1
0.483333
-0.1125
0.483333
0
0.483333
0
0.483333
0
0.483333
0
-0.1
0.75
0
0.65
0
0.65
0
0.65
0
0.65
-0.1
0.65
-0.1
0.65
-0.116667
0.55
0
0.55
-0.466667
0.55
-0.266667
0.55
-0.15
0.55
-0.266667
0.19
-0.166667
0.19
0
-0.49
-0.366667
-1.15
-1.36667
-0.76
-0.25
-0.66
-1.31667
-0.19
-0.55
-0.56
-0.4
-0.34
-0.4
-0.1
-0.4
-0.1
-0.55
0
-0.116667
-0.11
-0.116667
-0.1
-0.116667
0
0.383333
-0.04
0.383333
0
0.383333
-0.04
0.383333
-0.1
0.483333
-0.01
0.5875
-0.4
0.5875
0
0.5875
0
0.5875
0
0.5875
0
0.5875
0
0.5875
0
0.5875
0
0.5875
0
-0.9
0
-0.1
-0.4
-0.15
-0.4
0.6875
-0.4
0.35
-0.4
-0.0125
-0.4
0.354167
-0.4
0
-0.4
0
-0.4
-0.545833
-0.4
0
-1
0
-0.4
-0.0125
-0.4
-0.7
-1
0
-1
0
-1
0
-0.4
-0.1125
-0.4
0
0
0.5875
-0.4
0.5875
0
0.5875
0
0.5875
-0.4
0.5875
0
0.5875
-0.4
0.5875
-0.4
0.5875
0
0.5875
0
0.5875
0
0.5875
0
0.5875
0
0.5875
0
0.6875
-0.1
0.6875
-0.1
0.6875
-0.1
0
0.1
-0.1
0.1
-0.1
0.1
0
0.1
0
0.1
-0.2
0.1
-0.6
-0.3
-0.6
-0.55
-0.6
-0.55
-0.6
-0.55
0
-0.85
-0.2125
-0.85
-0.1125
-0.85
-0.1375
-0.975
-1.8
-0.95
-0.15
-1.3
-0.1125
-0.85
-0.1125
-0.85
-0.1625
-0.7
-0.2125
0
0.5875
-0.2
0.5875
0
0.5875
-0.2
0.5875
-0.45
0.5875
-0.05
0.5875
-0.45
0.5875
-0.1
0.5875
-0.1
0.5875
-0.4
0.5875
0
0.5875
0
0.5875
0
0.5875
0
0.6875
-0.1
0
0.3
0
0.3
0
0.3
-0.1
0.3
-0.1
0.3
0
0.3
-0.05
0.175
0
0.175
-0.1125
0.175
-0.0125
-0.05
-0.95
-0.05
-0.2125
-0.325
0
-0.625
-0.2125
-0.9
-0.15
-0.625
-0.15
-0.625
-0.7
-1.825
-0.216667
-0.691667
-0.15
-0.625
-0.5
-1.5
-1.1625
-1.275
-0.35
0
0.4875
0
0.4875
0
0.4875
0
0.4875
-0.325
0.4875
0
0.4875
-0.1
0.4875
-0.325
0.5875
-0.125
0.5875
0
0.5875
0
0.5875
0
0.5875
0
0.5875
0
0
0.483333
0
0.483333
0
0.483333
0
0.483333
-0.1
0.483333
-0.1
0.483333
-0.05
0.383333
-0.05
0.383333
-0.05
0.383333
-0.1125
0.383333
0
0.383333
-0.7125
-0.116667
-0.2125
-0.116667
0
-0.55
-0.2125
-1.01667
-0.2125
-1.56667
-0.3625
-0.4
-0.6
-0.116667
-1.2125
-1.31667
-0.3625
-0.4
-0.2125
-1.56667
-0.2125
-1.56667
-0.5125
0
0.15
-0.266667
0.15
-0.0166667
0.4875
-0.15
0.4875
-0.1
0.4875
-0.266667
0.4875
-0.116667
0.4875
-0.166667
0.5875
-0.366667
0.5875
0
0.5875
0
0.5875
0
0.5875
0
0.5875
0
0
0.5875
0
0.5875
0
0.5875
0
0.5875
-0.1
0.5875
-0.1
0.5875
-0.05
0.4875
0
0.4875
0
0.4875
-0.1125
0.4875
0
0.4875
-0.7125
-0.0125
-0.2125
-0.0125
0
-0.5125
-0.2125
-0.7
-0.3625
-0.3625
-0.2125
-0.9125
-0.7
-0.2125
-0.7
-0.2125
-0.3625
-0.3625
-0.7
-0.2125
-0.2125
-0.7
-0.5125
0
-0.0125
-0.2125
-0.0125
-0.7125
0.4875
-0.1125
0.4875
-0.4125
0.4875
-0.1125
0.4875
-0.1125
0.4875
-0.1
0.5875
-0.1125
0.5875
0
0.5875
0
0.5875
0
0.5875
0
0.5875
0
0
0.65
0
0.65
0
0.65
0
0.65
-0.1
0.65
-0.1
0.65
-0.05
0.55
0
0.55
-0.05
0.55
-0.1125
0.55
0
0.55
-0.7125
0.05
-0.2125
0.05
0
-0.49
-0.2125
-0.85
-0.3625
-0.1
-0.2125
-0.66
-0.7
-0.19
-0.2125
-0.66
-0.2125
-0.66
-0.3625
-0.1
-0.2125
-0.85
-0.5125
0
-0.0125
-0.11
-0.0125
-0.56
-0.0125
-0.19
0.4875
-0.04
0.4875
0
0.4875
-0.04
0.4875
-0.1
0.5875
-0.35
0.65
0
0.65
0
0.65
0
0.65
0
0.65
0
0.65
0
0.65
0
0.65
0
0.65
0
-0.56
0
-0.1
-0.4
0.64
-0.4
-0.24
-0.4
0.36
-0.4
0.36
-0.4
0.65
-0.4
0.36
-0.4
0.36
-0.4
-0.4
-0.4
-0.4
-1
0.36
-0.4
0.36
-0.4
0.65
-1
-0.96
-1
-0.11
-1
0
-1
0
-0.4
0
0
0.65
-1
0.65
0
0.65
0
0.65
0
0.65
0
0.65
-0.4
0.65
-0.4
0.65
-0.4
0.65
0
0.65
0
0.65
0
0.65
0
0.65
0
0.75
-0.1
0.75
-0.1
0.75
-0.1
0
0.1
-0.1
0.1
-0.1
0.1
0
0.1
0
0.1
0
0.1
-0.56
-0.55
-0.56
-0.55
-0.56
-0.55
-0.56
-0.55
0
-0.85
-0.11
-1.15
-0.11
-0.85
-0.11
-0.85
-1.69
-0.95
-0.11
-1.3
-0.11
-0.85
-0.11
-0.85
-0.1
-0.7
-0.21
0
0.65
-0.2
0.65
0
0.65
0
0.65
0
0.65
-0.05
0.65
-0.1
0.65
-0.1
0.65
-0.1
0.65
-0.4
0.65
0
0.65
0
0.65
0
0.65
0
0.75
-0.1
0.75
-0.1
0
0.3
0
0.3
-0.1
0.3
-0.1
0.3
0
0.175
0
0.175
-0.01
0.175
0
0.175
-0.04
-0.05
-0.01
-0.325
-0.01
-0.325
0
-0.625
-0.14
-0.625
-0.14
-0.625
-0.14
-0.625
-1.14
-1.275
-0.14
-1.425
-0.14
-0.625
-0.66
-1.825
-0.85
-0.5
-0.34
0
0.55
-0.325
0.55
0
0.55
-0.125
0.55
-0.325
0.55
0
0.55
-0.1
0.55
-0.325
0.65
-0.1
0.65
0
0.65
0
0.65
0
0.65
0
0.65
0
0.75
-0.1
0
0.483333
0
0.483333
0
0.483333
-0.1
0.483333
-0.1
0.483333
-0.01
0.383333
0
0.383333
-0.01
0.383333
0
0.383333
-0.1
-0.116667
-0.01
-0.116667
-0.01
-0.116667
0
-0.55
-0.34
-0.4
-1.76
-0.116667
-0.19
-0.766667
-1.06
-0.116667
-0.19
-1.06667
-0.34
-0.4
-0.19
-1.56667
-0.19
-1.56667
-0.49
0
0.19
-0.266667
0.19
-0.0166667
0.55
-0.15
0.55
-0.116667
0.55
0
0.55
-0.0166667
0.55
-0.166667
0.65
-0.1
0.65
0
0.65
0
0.65
0
0.65
0
0.65
0
0
0.5875
0
0.5875
0
0.5875
0
0.5875
-0.1
0.5875
-0.1
0.5875
-0.01
0.4875
0
0.4875
-0.01
0.4875
-0.04
0.4875
-0.1
-0.0125
-0.01
-0.0125
-0.01
-0.0125
0
-0.5125
-0.34
-0.3625
-0.19
-0.7
-0.19
-0.7
-1.14
-0.1625
-1.15
-0.2125
-0.66
-0.2125
-0.66
-0.2125
-0.19
-0.7
-0.49
0
0.05
-0.2125
0.05
-0.2
0.55
-0.1125
0.55
-0.4
0.55
-0.1125
0.55
-0.1125
0.55
-0.1
0.65
-0.3125
0.65
0
0.65
0
0.65
0
0.65
0
0.65
0
0
0.65
0
0.65
0
0.65
0
0.65
-0.1
0.65
-0.1
0.65
-0.01
0.55
0
0.55
-0.01
0.55
-0.04
0.55
-0.1
0.05
-0.01
0.05
-0.01
0.05
0
-0.49
-0.34
-0.34
-0.34
-0.1
-0.19
-0.66
-0.34
-0.34
-0.19
-0.66
-0.19
-0.66
-0.34
-0.1
-0.19
-0.85
-0.49
0
0.05
-0.01
0.05
-0.16
0.05
-0.14
0.55
-0.04
0.55
-0.04
0.55
-0.04
0.55
-0.1
0.65
-0.04
