0.0357558
0
0.0357558
0
0.0357558
0
0.0357558
0
0.0357558
0
0
0.0357558
0
0.0357558
0
0.0357558
0
0.0357558
0
0.0357558
-0.11
0.0357558
-0.482314
0.0357558
-0.203079
0.0357558
-0.24
0.0257558
-1.19379
0.0257558
-0.48858
0.0257558
-1.19379
0.0257558
-0.48858
0.0257558
-0.24
0.0257558
-0.24
0.0257558
0
-0.213079
-0.208079
-1.46197
-1.24379
-0.813079
-0.208079
-0.418676
-0.203079
-0.502314
-0.206412
-0.392352
-0.205579
-1.72447
-0.205579
-0.431744
-0.203079
-0.502314
-0.206412
-0.362316
-0.213079
-0.203079
0.0257558
-0.11
0.0257558
-0.11
0.0257558
-0.48858
0.0257558
-1.19379
0.0257558
-0.11
0.0257558
-0.302145
0.0257558
-0.302145
0.0357558
-1.03235
0.0357558
-0.203079
0.0357558
0
0.0357558
0
0.0357558
0
0.0357558
0
0.0357558
0
0.0357558
0
0.0357558
0
0.0357558
0
0.0357558
0
0.0357558
0
0
0
-0.11
0
0
0
-0.502314
0
0
0
-0.430147
0
-0.482314
0
0
0
0
0
-0.24
-0.174244
0
-0.253079
0
-1.01771
-0.570588
-0.987708
-0.502314
-0.948164
0
-1.35432
0
-1.11362
-0.11
-1.30697
0
-1.30697
-0.488981
-0.720456
0
-1.30697
0
-0.0323145
0.0357558
-0.522314
0.0357558
-0.522314
0.0357558
-0.522314
0.0357558
-0.522314
0.0357558
-0.522314
0.0357558
-0.522314
0.0357558
-0.56858
0.0357558
-0.522314
0.0357558
-0.522314
0.0357558
0
0.0357558
0
0.0357558
0
0.0357558
0
0.0357558
0
0.0357558
0
0.0357558
0
0.0357558
0
0.0357558
0
0.0357558
0
0
0
-0.11
0
0
0
-0.502314
0
0
0
-0.430147
0
-0.482314
0
0
0
0
0
-0.799305
-0.0323145
0
-0.253079
0
-1.01771
-0.570588
-0.987708
-0.208079
-1.31035
0
-0.512638
0
-0.512638
-0.11
-1.30697
0
-1.30697
-0.203079
-0.874319
0
-1.30697
0
-0.0323145
0.0357558
-0.522314
0.0357558
-0.522314
0.0357558
-0.522314
0.0357558
-0.522314
0.0357558
-0.522314
0.0357558
-0.522314
0.0357558
-0.6
0.0357558
-0.522314
0.0357558
-0.522314
0.0357558
0
0.0357558
0
0.0357558
0
0.0357558
0
0.0357558
0
0.0357558
0
0.0357558
0
0.0357558
0
0.0357558
0
0.0357558
0
0
0
-0.11
0
0
0
-0.502314
0
0
0
-0.430147
0
-0.482314
0
0
0
0
0
-0.799305
-0.0323145
0
-0.253079
0
-1.01771
-0.302145
-1.4215
-1.61926
-1.61432
0
-0.512638
0
-0.512638
-0.11
-1.30697
0
-1.30697
-0.203079
-0.874319
0
-1.30697
0
-0.0323145
0.0357558
-0.522314
0.0357558
-0.522314
0.0357558
-0.522314
0.0357558
-0.522314
0.0357558
-0.522314
0.0357558
-0.522314
0.0357558
-0.6
0.0357558
-0.522314
0.0357558
-0.522314
0.0357558
0
0.0357558
0
0.0357558
0
0.0357558
0
0.0357558
0
0.0357558
0
0.0357558
0
0.0357558
0
0.0357558
0
0.0357558
0
0
0
-0.11
0
0
0
-0.502314
0
0
0
-0.430147
0
-0.482314
0
0
0
0
0
-0.799305
-0.0323145
0
-0.253079
0
-1.01771
-0.570588
-0.987708
-1.61926
-1.61432
0
-0.512638
0
-0.512638
-0.11
-1.30697
0
-1.30697
-0.203079
-3.08379
0
-1.30697
0
-0.0323145
0.0357558
-0.522314
0.0357558
-0.522314
0.0357558
-0.522314
0.0357558
-0.522314
0.0357558
-0.522314
0.0357558
-0.522314
0.0357558
-0.6
0.0357558
-0.522314
0.0357558
-0.522314
0.0357558
0
0.0357558
0
0.0357558
0
0.0357558
0
0.0357558
0
0.0357558
0
0.0357558
0
0.0357558
0
0.0357558
0
0.0357558
0
0
0
-0.11
0
0
0
-0.502314
0
0
0
-0.430147
0
-0.482314
0
0
0
0
0
-0.799305
-0.0323145
0
-0.253079
0
-1.01771
-0.570588
-0.987708
-0.947708
-3.28232
0
-0.512638
0
-0.512638
-0.11
-1.30697
-0.362316
-3.7691
-0.203079
-3.08379
0
-1.30697
0
-0.0323145
0.0357558
-0.522314
0.0357558
-0.522314
0.0357558
-0.522314
0.0357558
-0.522314
0.0357558
-0.522314
0.0357558
-0.522314
0.0357558
-0.6
0.0357558
-0.522314
0.0357558
-0.522314
0
0
0
0.0357558
0
0.0357558
0
0.0357558
0
0.0357558
0
0.0357558
0
0.0357558
0
0.0357558
0
0.0357558
0
0.0357558
-0.15
0.0357558
-0.15
0.0357558
-0.15
0.0357558
-0.15
0.0357558
-1.09193
0.0357558
-0.15
0.0357558
-0.15
0.0357558
-0.15
0.0357558
-0.15
0.0357558
-0.15
0.0357558
0
-0.11
-0.575247
-0.760342
-0.987708
-1.03362
-0.253079
-0.799305
-1.12193
-0.11
-0.253079
-0.302145
-0.253079
-0.11
-0.253079
0
-0.253079
-1.19379
-0.253079
-0.11
-0.253079
-0.203079
-0.174244
-0.11
0
-0.661406
0
-0.482314
0
0
0
0
0
0
0
-0.619258
0
-0.482314
0
0
0
0
0
0
0
0
0
0
0
0
0
0
0
0
0
0
0
0
0
0
0
0
-0.522314
0
-0.15
0
-0.15
0
-1.09193
0
-0.15
0
-0.15
0
-0.333676
0
-0.15
0
-0.15
0
0
-0.15
-0.575247
-0.720456
-0.15
-0.987708
-0.15
-1.67926
-0.333676
-0.56858
-1.10693
-1.00271
-0.15
-0.542314
-0.253079
-0.522314
-0.15
-0.987708
-0.782352
-1.26926
0
-0.0323145
0
-0.0323145
0
-0.522314
0
-0.522314
0
-0.522314
0
-0.0323145
0
-0.522314
0
-0.0323145
0
-0.659258
0
-0.522314
0
0
0
0
0
0
0
0
0
0
0
0
0
0
0
0
0
0
0
0
0
0
-0.522314
0
-0.15
0
-0.15
0
-1.09193
0
-0.15
0
-0.15
0
-0.333676
0
-0.15
0
-0.15
0
0
-0.15
-0.575247
-1.52029
-0.15
-0.987708
-0.15
-1.67926
-0.333676
-1.90232
-1.68697
-0.6
-0.15
-0.542314
-0.253079
-0.522314
-0.15
-0.987708
-0.782352
-1.26926
0
-0.0323145
0
-0.0323145
0
-0.522314
0
-0.522314
0
-0.522314
0
-0.0323145
0
-0.522314
0
-0.0323145
0
-0.659258
0
-0.522314
0
0
0
0
0
0
0
0
0
0
0
0
0
0
0
0
0
0
0
0
0
0
-0.522314
0
-0.15
0
-0.15
0
-1.09193
0
-0.15
0
-0.15
0
-0.333676
0
-0.15
0
-0.15
0
0
-0.15
-0.575247
-1.52029
-0.15
-0.987708
-0.15
-1.67926
-0.333676
-1.35
-1.68697
-0.6
-0.15
-0.542314
-0.253079
-0.522314
-0.15
-0.987708
-0.782352
-1.26926
0
-0.0323145
0
-0.0323145
0
-0.522314
0
-0.522314
0
-0.522314
0
-0.0323145
0
-0.522314
0
-0.0323145
0
-0.659258
0
-0.522314
0
0
0
0
0
0
0
0
0
0
0
0
0
0
0
0
0
0
0
0
0
0
-0.522314
0
-0.15
0
-0.15
0
-1.09193
0
-0.15
0
-0.15
0
-0.333676
0
-0.15
0
-0.15
0
0
-0.15
-0.575247
-1.52029
-0.15
-0.987708
-0.15
-1.67926
-0.333676
-1.35
-1.68697
-0.6
-0.15
-0.542314
-0.253079
-0.522314
-0.15
-0.987708
-0.782352
-1.26926
0
-0.0323145
0
-0.0323145
0
-0.522314
0
-0.522314
0
-0.522314
0
-2.01141
0
-0.522314
0
-0.0323145
0
-0.659258
0
-0.522314
0
0
0
0
0
0
0
0
0
0
0
0
0
0
0
0
0
0
0
0
0
0
-0.522314
0
-0.15
0
-0.15
0
-1.09193
0
-0.15
0
-0.15
0
-0.333676
0
-0.15
0
-0.15
0
0
-0.15
-0.575247
-1.52029
-0.15
-0.987708
-0.15
-1.67926
-0.333676
-1.35
-1.68697
-0.6
-0.15
-0.542314
-0.253079
-0.522314
-0.15
-0.987708
-0.782352
-1.26926
0
-0.0323145
0
-0.0323145
0
-0.522314
0
-0.522314
0
-0.522314
0
-2.01141
0
-0.522314
0
-0.0323145
0
-0.659258
0
-0.522314
0
0
0
0.0357558
0
0.0357558
0
0.0357558
0
0.0357558
0
0.0357558
0
0.0357558
0
0.0357558
0
0.0357558
0
0.0357558
-0.15
0.0357558
-0.15
0.0357558
-0.15
0.0357558
-0.15
0.0357558
-1.91379
0.0357558
-0.15
0.0357558
-0.15
0.0357558
-0.15
0.0357558
-0.15
0.0357558
-0.15
0.0357558
0
-0.11
-0.250579
-0.656176
-0.987708
-1.03362
-0.253079
-0.799305
-1.30034
-0.495247
-0.253079
-0.302145
-0.253079
-0.11
-0.253079
0
-0.253079
-1.19379
-0.253079
-0.11
-0.253079
-0.203079
-0.0323145
-0.799305
0
-0.661406
0
-0.482314
0
0
0
0
0
0
0
-0.619258
0
-0.482314
0
0
0
0
0
0
0
0
0
0
0
0
0
0
0
0
0
0
0
0
0
0
0
0
-0.522314
0
-0.15
0
-0.15
0
-0.861498
0
-0.15
0
-0.15
0
-0.15
0
-0.15
0
-0.15
0
0
-0.15
0
-1.01771
-0.15
-0.987708
-0.15
-1.67926
0
-0.56858
-1.22118
-0.747852
-0.15
-0.542314
-0.253079
-0.522314
-0.15
-0.987708
-1.22432
-1.26926
0
-0.0323145
0
-0.0323145
0
-0.522314
0
-0.522314
0
-0.522314
0
-0.0323145
0
-0.522314
0
-0.0323145
0
-0.659258
0
-0.522314
0
0
0
0
0
0
0
0
0
0
0
0
0
0
0
0
0
0
0
0
0
0
-0.522314
0
-0.15
0
-0.15
0
-0.861498
0
-0.15
0
-0.15
0
-0.15
0
-0.15
0
-0.15
0
0
-0.15
0
-1.01771
-0.15
-0.987708
-0.15
-1.67926
0
-0.84858
-1.68697
-0.6
-0.15
-0.542314
-0.253079
-0.522314
-0.15
-0.987708
-1.22432
-1.26926
0
-0.0323145
0
-0.0323145
0
-0.522314
0
-0.522314
0
-0.522314
0
-0.0323145
0
-0.522314
0
-0.0323145
0
-0.659258
0
-0.522314
0
0
0
0
0
0
0
0
0
0
0
0
0
0
0
0
0
0
0
0
0
0
-0.522314
0
-0.15
0
-0.15
0
-0.861498
0
-0.15
0
-0.15
0
-0.15
0
-0.15
0
-0.15
0
0
-0.15
0
-1.01771
-0.15
-0.987708
-0.15
-1.67926
0
-0.84858
-1.68697
-0.6
-0.15
-0.542314
-0.253079
-0.522314
-0.15
-0.987708
-1.22432
-1.26926
0
-0.0323145
0
-0.0323145
0
-0.522314
0
-0.522314
0
-0.522314
0
-0.0323145
0
-0.522314
0
-0.0323145
0
-0.659258
0
-0.522314
0
0
0
0
0
0
0
0
0
0
0
0
0
0
0
0
0
0
0
0
0
0
-0.522314
0
-0.15
0
-0.15
0
-0.861498
0
-0.15
0
-0.15
0
-0.15
0
-0.15
0
-0.15
0
0
-0.15
0
-1.01771
-0.15
-0.987708
-0.15
-1.67926
0
-0.84858
-1.68697
-0.6
-0.15
-0.542314
-0.253079
-0.522314
-0.15
-0.987708
-1.22432
-1.26926
0
-0.0323145
0
-0.0323145
0
-0.522314
0
-0.522314
0
-0.522314
0
-2.01141
0
-0.522314
0
-0.0323145
0
-0.659258
0
-0.522314
0
0
0
0
0
0
0
0
0
0
0
0
0
0
0
0
0
0
0
0
0
0
-0.522314
0
-0.15
0
-0.15
0
-0.861498
0
-0.15
0
-0.15
0
-0.15
0
-0.15
0
-0.15
0
0
-0.15
0
-1.01771
-0.15
-0.987708
-0.15
-1.67926
0
-0.84858
-1.68697
-0.6
-0.15
-0.542314
-0.253079
-0.522314
-0.15
-0.987708
-1.22432
-1.26926
0
-0.0323145
0
-0.0323145
0
-0.522314
0
-0.522314
0
-0.522314
0
-2.01141
0
-0.522314
0
-0.0323145
0
-0.659258
0
-0.522314
0
0
0
0.0357558
0
0.0357558
0
0.0357558
0
0.0357558
0
0.0357558
0
0.0357558
0
0.0357558
0
0.0357558
0
0.0357558
-0.15
0.0357558
-0.15
0.0357558
-0.15
0.0357558
-0.15
0.0357558
-0.15
0.0357558
-0.15
0.0357558
-0.15
0.0357558
-0.15
0.0357558
-0.15
0.0357558
-0.15
0.0357558
0
-0.11
-0.250579
-0.656176
-0.987708
-1.03362
-0.253079
-0.799305
-1.39348
-0.392352
-1.4215
-0.39
-0.253079
-0.11
-0.253079
0
-0.253079
-1.19379
-0.253079
-0.11
-0.253079
-0.203079
-0.0323145
-0.799305
0
-0.661406
0
-0.482314
0
0
0
0
0
0
0
-0.619258
0
-0.482314
0
0
0
0
0
0
0
0
0
0
0
0
0
0
0
0
0
0
0
0
0
0
0
0
-0.522314
0
-2.52379
0
-0.15
0
-1.53059
0
-0.15
0
-0.15
0
-1.53059
0
-0.15
0
-0.15
0
0
-0.15
0
-1.01771
-0.15
-0.987708
-0.15
-1.67926
-1.53059
-0.56858
-1.45141
-2.47697
-0.15
-0.542314
-0.253079
-0.522314
-0.15
-0.987708
-1.22432
-1.26926
0
-0.0323145
0
-0.0323145
0
-0.522314
0
-0.522314
0
-0.522314
0
-0.0323145
0
-0.522314
0
-0.0323145
0
-0.659258
0
-0.522314
0
0
0
0
0
0
0
0
0
0
0
0
0
0
0
0
0
0
0
0
0
0
-0.522314
0
-2.52379
0
-0.15
0
-1.53059
0
-0.15
0
-0.15
0
-1.53059
0
-0.15
0
-0.15
0
0
-0.15
0
-1.01771
-0.15
-0.987708
-0.15
-1.67926
-1.39348
-0.932352
-1.68697
-0.6
-0.15
-0.542314
-0.253079
-0.522314
-0.15
-0.987708
-1.22432
-1.26926
0
-0.0323145
0
-0.0323145
0
-0.522314
0
-0.522314
0
-0.522314
0
-0.0323145
0
-0.522314
0
-0.0323145
0
-0.659258
0
-0.522314
0
0
0
0
0
0
0
0
0
0
0
0
0
0
0
0
0
0
0
0
0
0
-0.522314
0
-2.52379
0
-0.15
0
-1.53059
0
-0.15
0
-0.15
0
-1.53059
0
-0.15
0
-0.15
0
0
-0.15
0
-1.01771
-0.15
-0.987708
-0.15
-1.67926
-1.53059
-1.35
-1.68697
-0.6
-0.15
-0.542314
-0.253079
-0.522314
-0.15
-0.987708
-1.22432
-1.26926
0
-0.0323145
0
-0.0323145
0
-0.522314
0
-0.522314
0
-0.522314
0
-0.0323145
0
-0.522314
0
-0.0323145
0
-0.659258
0
-0.522314
0
0
0
0
0
0
0
0
0
0
0
0
0
0
0
0
0
0
0
0
0
0
-0.522314
0
-2.52379
0
-0.15
0
-1.53059
0
-0.15
0
-0.15
0
-1.53059
0
-0.15
0
-0.15
0
0
-0.15
0
-1.01771
-0.15
-0.987708
-0.15
-1.67926
-1.53059
-1.35
-1.68697
-0.6
-0.15
-0.542314
-0.253079
-0.522314
-0.15
-0.987708
-1.22432
-1.26926
0
-0.0323145
0
-0.0323145
0
-0.522314
0
-0.522314
0
-0.522314
0
-2.01141
0
-0.522314
0
-0.0323145
0
-0.659258
0
-0.522314
0
0
0
0
0
0
0
0
0
0
0
0
0
0
0
0
0
0
0
0
0
0
-0.522314
0
-2.52379
0
-0.15
0
-1.53059
0
-0.15
0
-0.15
0
-1.53059
0
-0.15
0
-0.15
0
0
-0.15
0
-1.01771
-0.15
-0.987708
-0.15
-1.67926
-1.53059
-1.35
-1.68697
-0.6
-0.15
-0.542314
-0.253079
-0.522314
-0.15
-0.987708
-1.22432
-1.26926
0
-0.0323145
0
-0.0323145
0
-0.522314
0
-0.522314
0
-0.522314
0
-2.01141
0
-0.522314
0
-0.0323145
0
-0.659258
0
-0.522314
0
0
0
0.0357558
0
0.0357558
0
0.0357558
0
0.0357558
0
0.0357558
0
0.0357558
0
0.0357558
0
0.0357558
0
0.0357558
-0.15
0.0357558
-0.15
0.0357558
-0.15
0.0357558
-0.15
0.0357558
-0.15
0.0357558
-0.15
0.0357558
-0.15
0.0357558
-3.19193
0.0357558
-0.15
0.0357558
-0.15
0.0357558
0
-0.11
-0.250579
-0.656176
-0.987708
-1.03362
-0.253079
-0.799305
-1.39348
-0.392352
-0.253079
-0.302145
-0.253079
-0.11
-0.253079
0
-0.253079
-1.19379
-0.253079
-0.11
-0.253079
-0.203079
-0.0323145
-0.799305
0
-0.661406
0
-0.482314
0
0
0
0
0
0
0
-0.619258
0
-0.482314
0
0
0
0
0
0
0
0
0
0
0
0
0
0
0
0
0
0
0
0
0
0
0
0
-0.522314
0
-2.54526
0
-0.15
0
-1.53059
0
-0.15
0
-0.15
0
-1.53059
0
-0.15
0
-0.15
0
0
-0.15
0
-1.01771
-0.15
-0.987708
-0.15
-1.67926
-1.53059
-0.56858
0
-1.11362
-0.15
-0.542314
-0.253079
-0.522314
-0.15
-0.987708
-1.22432
-1.26926
0
-0.0323145
0
-0.0323145
0
-0.522314
0
-0.522314
0
-0.522314
0
-0.0323145
0
-0.522314
0
-0.0323145
0
-0.659258
0
-0.522314
0
0
0
0
0
0
0
0
0
0
0
0
0
0
0
0
0
0
0
0
0
0
-0.522314
0
-2.54526
0
-0.15
0
-1.53059
0
-0.15
0
-0.15
0
-1.53059
0
-0.15
0
-0.15
0
0
-0.15
0
-1.01771
-0.15
-0.987708
-0.15
-1.67926
-1.39348
-0.932352
-1.68697
-0.6
-0.15
-0.542314
-0.253079
-0.522314
-0.15
-0.987708
-1.22432
-1.26926
0
-0.0323145
0
-0.0323145
0
-0.522314
0
-0.522314
0
-0.522314
0
-0.0323145
0
-0.522314
0
-0.0323145
0
-0.659258
0
-0.522314
0
0
0
0
0
0
0
0
0
0
0
0
0
0
0
0
0
0
0
0
0
0
-0.522314
0
-2.54526
0
-0.15
0
-1.53059
0
-0.15
0
-0.15
0
-1.53059
0
-0.15
0
-0.15
0
0
-0.15
0
-1.01771
-0.15
-0.987708
-0.15
-1.67926
-1.53059
-1.35
-1.68697
-0.6
-0.15
-0.542314
-0.253079
-0.522314
-0.15
-0.987708
-1.22432
-1.26926
0
-0.0323145
0
-0.0323145
0
-0.522314
0
-0.522314
0
-0.522314
0
-0.0323145
0
-0.522314
0
-0.0323145
0
-0.659258
0
-0.522314
0
0
0
0
0
0
0
0
0
0
0
0
0
0
0
0
0
0
0
0
0
0
-0.522314
0
-2.54526
0
-0.15
0
-1.53059
0
-0.15
0
-0.15
0
-1.53059
0
-0.15
0
-0.15
0
0
-0.15
0
-1.01771
-0.15
-0.987708
-0.15
-1.67926
-1.53059
-1.35
-1.68697
-0.6
-0.15
-0.542314
-0.253079
-0.522314
-0.15
-0.987708
-1.22432
-1.26926
0
-0.0323145
0
-0.0323145
0
-0.522314
0
-0.522314
0
-0.522314
0
-2.01141
0
-0.522314
0
-0.0323145
0
-0.659258
0
-0.522314
0
0
0
0
0
0
0
0
0
0
0
0
0
0
0
0
0
0
0
0
0
0
-0.522314
0
-2.54526
0
-0.15
0
-1.53059
0
-0.15
0
-0.15
0
-1.53059
0
-0.15
0
-0.15
0
0
-0.15
0
-1.01771
-0.15
-0.987708
-0.15
-1.67926
-1.53059
-1.35
-1.68697
-0.6
-0.15
-0.542314
-0.253079
-0.522314
-0.15
-0.987708
-1.22432
-1.26926
0
-0.0323145
0
-0.0323145
0
-0.522314
0
-0.522314
0
-0.522314
0
-2.01141
0
-0.522314
0
-0.0323145
0
-0.659258
0
-0.522314
0
0
0
0.0357558
0
0.0357558
0
0.0357558
0
0.0357558
0
0.0357558
0
0.0357558
0
0.0357558
0
0.0357558
0
0.0357558
-0.15
0.0357558
-4.14424
0.0357558
-0.15
0.0357558
-0.15
0.0357558
-0.15
0.0357558
-0.15
0.0357558
-0.15
0.0357558
-4.14424
0.0357558
-0.15
0.0357558
-0.15
0.0357558
0
-0.11
-0.250579
-0.656176
-0.987708
-1.03362
-0.253079
-0.799305
-1.39348
-0.392352
-0.253079
-0.302145
-0.253079
-0.11
-0.253079
0
-0.253079
-1.19379
-0.253079
-0.11
-0.253079
-0.203079
-0.0323145
-0.799305
0
-0.661406
0
-0.482314
0
0
0
0
0
0
0
-0.619258
0
-0.482314
0
0
0
0
0
0
0
0
0
0
0
0
0
0
0
0
0
0
0
0
0
0
0
0
-0.522314
0
-0.15
0
-0.15
0
-1.53059
0
-0.15
0
-0.15
0
-1.53059
0
-0.15
0
-0.15
0
0
-0.15
0
-1.01771
-0.15
-0.987708
-0.15
-1.67926
-1.53059
-0.56858
-4.14424
-0.659258
-0.15
-0.542314
-0.253079
-0.522314
-0.15
-0.987708
-1.22432
-1.26926
0
-0.0323145
0
-0.0323145
0
-0.522314
0
-0.522314
0
-0.522314
0
-0.0323145
0
-0.522314
0
-0.0323145
0
-0.659258
0
-0.522314
0
0
0
0
0
0
0
0
0
0
0
0
0
0
0
0
0
0
0
0
0
0
-0.522314
0
-0.15
0
-0.15
0
-1.53059
0
-0.15
0
-0.15
0
-1.53059
0
-0.15
0
-0.15
0
0
-0.15
0
-1.01771
-0.15
-0.987708
-0.15
-1.67926
-1.39348
-0.932352
-1.68697
-0.6
-0.15
-0.542314
-0.253079
-0.522314
-0.15
-0.987708
-1.22432
-1.26926
0
-0.0323145
0
-0.0323145
0
-0.522314
0
-0.522314
0
-0.522314
0
-0.0323145
0
-0.522314
0
-0.0323145
0
-0.659258
0
-0.522314
0
0
0
0
0
0
0
0
0
0
0
0
0
0
0
0
0
0
0
0
0
0
-0.522314
0
-0.15
0
-0.15
0
-1.53059
0
-0.15
0
-0.15
0
-1.53059
0
-0.15
0
-0.15
0
0
-0.15
0
-1.01771
-0.15
-0.987708
-0.15
-1.67926
-1.53059
-1.35
-1.68697
-0.6
-0.15
-0.542314
-0.253079
-0.522314
-0.15
-0.987708
-1.22432
-1.26926
0
-0.0323145
0
-0.0323145
0
-0.522314
0
-0.522314
0
-0.522314
0
-0.0323145
0
-0.522314
0
-0.0323145
0
-0.659258
0
-0.522314
0
0
0
0
0
0
0
0
0
0
0
0
0
0
0
0
0
0
0
0
0
0
-0.522314
0
-0.15
0
-0.15
0
-1.53059
0
-0.15
0
-0.15
0
-1.53059
0
-0.15
0
-0.15
0
0
-0.15
0
-1.01771
-0.15
-0.987708
-0.15
-1.67926
-1.53059
-1.35
-1.68697
-0.6
-0.15
-0.542314
-0.253079
-0.522314
-0.15
-0.987708
-1.22432
-1.26926
0
-0.0323145
0
-0.0323145
0
-0.522314
0
-0.522314
0
-0.522314
0
-2.01141
0
-0.522314
0
-0.0323145
0
-0.659258
0
-0.522314
0
0
0
0
0
0
0
0
0
0
0
0
0
0
0
0
0
0
0
0
0
0
-0.522314
0
-0.15
0
-0.15
0
-1.53059
0
-0.15
0
-0.15
0
-1.53059
0
-0.15
0
-0.15
0
0
-0.15
0
-1.01771
-0.15
-0.987708
-0.15
-1.67926
-1.53059
-1.35
-1.68697
-0.6
-0.15
-0.542314
-0.253079
-0.522314
-0.15
-0.987708
-1.22432
-1.26926
0
-0.0323145
0
-0.0323145
0
-0.522314
0
-0.522314
0
-0.522314
0
-2.01141
0
-0.522314
0
-0.0323145
0
-0.659258
0
-0.522314
