0
0
0
0
0
0
0
0
0
0
0
0
0
0
0
0
0
0
0
0
-0.4
0
-0.4
0
-0.4
0
-0.4
0
-0.4
0
0
0
0
0
0
0
-0.4
0
-0.4
0
0
-0.4
0
-0.4
-0.4
0
0
-0.4
0
-0.4
0
-0.4
0
0
0
-0.4
0
-0.4
0
-0.4
0
-0.4
0
0
0
0
0
-0.4
0
-0.4
0
0
0
-0.4
0
0.1
0
0.1
0
0.1
0
0.1
0
0.1
0
0.1
0
0.1
0
0.1
0
0.1
0
0.1
0
0.1
0
0.1
0
0.1
0
0.1
0
0.1
0
0.1
0
0.1
-0.4
0.2
-0.4
0.0166667
-0.4
0.1
-0.4
0.0166667
-0.4
0.1
-0.4
0.2
-0.4
0.1
-0.4
0.0166667
-0.4
0.1
-0.4
0.2
-0.4
0.2
-0.4
0.2
-0.4
0.2
-0.4
0.1
-0.4
0.1
-0.4
0.116667
-0.4
0.2
-0.4
0.2
0
-0.0583333
0
0.3
0
0.3
0
0.3
0
0.3
0
0.3
0
0.3
0
0.3
0
0.3
0
0.3
0
0.3
0
0.3
0
0.3
0
0.3
0
0.3
0
0.3
0
0.3
0
0.3
-0.4
0.3
-0.4
0.175
-0.4
0.3
-0.4
0.3
-0.4
0.341667
-0.4
0.175
-0.4
0.175
-0.4
0.3
-0.4
0.341667
-0.4
0.175
-0.4
0.3
-0.4
0.341667
-0.4
0.3
-0.4
0.3
-0.4
0.3
-0.4
0.341667
-0.4
0.4
-0.4
0.341667
0
-0.0166667
0
0.483333
0
0.483333
0
0.483333
0
0.483333
0
0.483333
0
0.483333
0
0.483333
0
0.483333
0
0.483333
0
0.483333
0
0.483333
0
0.483333
0
0.483333
0
0.483333
0
0.483333
0
0.483333
0
0.483333
-0.4
0.533333
-0.4
0.533333
-0.4
0.433333
-0.4
0.533333
-0.4
0.483333
-0.4
0.533333
-0.4
0.533333
-0.4
0.533333
-0.4
0.533333
-0.4
0.533333
-0.4
0.533333
-0.4
0.533333
-0.4
0.533333
-0.4
0.533333
-0.4
0.583333
-0.4
0.533333
-0.4
0.583333
-0.4
0.583333
0
0.5
0
0.5875
0
0.5875
0
0.5875
0
0.5875
0
0.5875
0
0.5875
0
0.5875
0
0.5875
0
0.5875
0
0.5875
0
0.5875
0
0.5875
0
0.5875
0
0.5875
0
0.5875
0
0.5875
0
0.5875
-0.4
0.6
-0.4
0.6
-0.4
0.6
-0.4
0.6
-0.4
0.5875
-0.4
0.6875
-0.4
0.5875
-0.4
0.6875
-0.4
0.5875
-0.4
0.6875
-0.4
0.6875
-0.4
0.5875
-0.4
0.6
-0.4
0.6
-0.4
0.6
-0.4
0.5875
-0.4
0.6875
-0.4
0.6875
0
0.35
0
0.65
0
0.65
0
0.65
0
0.65
0
0.65
0
0.65
0
0.65
0
0.65
0
0.65
0
0.65
0
0.65
0
0.65
0
0.65
0
0.65
0
0.65
0
0.65
0
0.65
-0.4
0.64
-0.4
0.64
-0.4
0.64
-0.4
0.64
-0.4
0.64
-0.4
0.64
-0.4
0.64
-0.4
0.64
-0.4
0.64
-0.4
0.64
-0.4
0.75
-0.4
0.64
-0.4
0.75
-0.4
0.64
-0.4
0.65
-0.4
0.64
-0.4
0.64
-0.4
0.75
0.1
0
0.1
0
0.1
0
0.1
0
0.1
0
0.1
0
0.1
0
0.1
0
0.1
0
-0.4
0
0.1
-0.4
0.1
-0.4
0.1
-0.4
0.1
-0.4
0.1
-0.4
0.1
-0.4
0.1
-0.4
0.1
-0.4
0.2
-0.4
0.1
-0.4
0.1
-0.4
0.2
-0.4
0.2
-0.4
0.2
-0.4
0.2
-0.4
0.1
-0.4
0.2
-0.4
0.2
-0.4
0.1
0
0.1
0
0.1
0
0.1
0
0.1
0
0.1
0
0.1
0
0.1
0
0.1
0
0.1
0
0.1
0
0.1
0
0.1
0
0
0.1
0
0.1
0
0.1
0
0.1
0
0.1
0
0.1
0
0.1
-0.05
0.1
0
0.1
0
0.1
0
0.1
0
0.1
0
0.1
-0.4
-0.0833333
-0.2
-0.5
-0.5
-0.2
-0.316667
-0.316667
-0.316667
-0.316667
-0.2
-0.5
-0.316667
-0.316667
-0.2
-0.5
-0.2
-0.5
-0.0833333
-0.4
0.1
0
0.1
-0.05
0.1
0
0.1
0
0.1
0
0.1
0
0.1
0
0.1
0
-0.1
0.3
-0.1
0.4
-0.1
0.4
-0.1
0.4
-0.1
0.4
0
0.3
0
0.3
0
0.3
0
0.3
0
0.3
0
0.3
0
0.3
-0.05
0.3
0
0.3
0
0.3
0
0.3
0
0.3
0
0.3
-0.4
-0.2
-0.4
-0.2
-0.4
-0.2
-0.4
-0.2
-0.4
-0.2
-0.4
-0.2
-0.4
-0.2
-0.5
-0.125
-0.4
-0.2
-0.4
-0.1
-0.4
-0.1
-0.4
-0.1
-0.0833333
-0.1
-0.0833333
-0.1
-0.0833333
-0.1
-0.0833333
-0.1
-0.0833333
-0.1
-0.1
0.3
-0.1
0.533333
-0.1
0.583333
-0.1
0.583333
-0.1
0.583333
-0.1
0.583333
0
0.483333
0
0.483333
0
0.483333
0
0.483333
0
0.483333
0
0.483333
0
0.483333
0
0.483333
0
0.483333
0
0.483333
0
0.483333
0
0.483333
0
0.483333
-0.4
-0.0666667
-0.4
-0.0666667
-0.366667
-0.183333
-0.4
-0.0666667
-0.366667
-0.183333
-0.366667
-0.183333
-0.366667
-0.183333
-0.366667
-0.183333
-0.366667
-0.183333
-0.366667
-0.183333
-0.4
0.0333333
-0.4
0.0333333
-0.4
0.0333333
-0.4
0.0333333
-0.4
0.0333333
-0.2
0.233333
-0.1
0.583333
-0.1
0.583333
-0.1
0.6
-0.1
0.6875
-0.1
0.6875
-0.1
0.6875
-0.1
0.6875
0
0.5875
0
0.5875
0
0.5875
0
0.5875
0
0.5875
0
0.5875
0
0.5875
0
0.5875
0
0.5875
0
0.5875
0
0.5875
0
0.5875
0
0.5875
-0.4
-2.77556e-17
-0.366667
-0.0791667
-0.366667
-0.0791667
-0.4
-2.77556e-17
-0.366667
-0.0791667
-0.366667
-0.0791667
-0.366667
-0.0791667
-0.366667
-0.0791667
-0.366667
-0.0791667
-0.366667
-0.0791667
-0.4
0.1
-0.4
0.1
-0.4
0.1
-0.4
0.1
-0.4
0.1
-0.2
0.3375
-0.1
0.6875
-0.1
0.5875
-0.1
0.64
-0.1
0.75
-0.1
0.75
-0.1
0.75
-0.1
0.75
0
0.65
0
0.65
0
0.65
0
0.65
0
0.65
0
0.65
0
0.65
0
0.65
0
0.65
0
0.65
0
0.65
0
0.65
0
0.65
-0.4
0.04
-0.4
0.04
-0.366667
-0.0166667
-0.366667
-0.0166667
-0.366667
-0.0166667
-0.366667
-0.0166667
-0.366667
-0.0166667
-0.366667
-0.0166667
-0.366667
-0.0166667
-0.366667
-0.0166667
-0.4
0.14
-0.4
0.14
-0.4
0.14
-0.4
0.14
-0.4
0.14
-0.2
0.4
-0.1
0.64
-0.1
0.65
0.3
0
0.3
0
0.3
0
0.3
0
0.3
0
0.3
0
0.3
0
0.3
0
0.3
0
-0.158333
0
0.3
-0.4
0.3
-0.4
0.3
-0.4
0.3
-0.4
0.3
-0.4
0.3
-0.4
0.3
-0.4
0.3
-0.4
0.175
-0.4
0.241667
-0.4
0.3
-0.4
0.3
-0.4
0.3
-0.4
0.3
-0.4
0.3
-0.4
0.3
-0.4
0.341667
-0.4
0.3
-0.4
0.3
0
0.3
0
0.3
0
0.3
0
0.3
0
0.3
0
0.3
0
0.3
0
0.3
0
0.3
0
0.3
0
0.3
0
0.3
0
0.4
-0.1
0.4
-0.1
0.4
-0.1
0.4
-0.1
0.3
-0.1
0.3
-0.1
-0.1
-0.0833333
-0.1
-0.0833333
-0.1
-0.0833333
-0.1
-0.0833333
-0.1
-0.0833333
-0.1
-0.4
-0.1
-0.4
-0.1
-0.4
-0.2
-0.4
-0.125
-0.5
-0.125
-0.5
-0.2
-0.4
-0.125
-0.5
-0.2
-0.4
-0.125
-0.5
-0.2
-0.4
0.141667
-0.4
0.3
0
0.3
0
0.3
0
0.3
0
0.3
0
0.3
0
0.3
-0.05
0.3
0
0.175
0
0.175
0
0.175
0
0.175
0
0.4
-0.1
-0.1
0.4
0
0.175
0
0.175
0
0.175
0
0.175
0
0.175
-0.025
0.175
-0.025
0.175
0
0.175
-0.025
0.175
-0.025
0.175
0
0.175
-0.1
-0.05
0
-0.05
-0.2
-0.3
-0.3
-0.2
-0.3
-0.3
-0.3
-0.3
-0.2
-0.3
-0.2
-0.3
-0.3
-0.3
-0.3
-0.3
-0.3
-0.1
-0.05
0
0.175
0
0.175
0
0.175
0
0.175
-0.025
0.175
0
0.175
-0.025
0.175
0
0.175
-0.1
0.175
-0.1
-0.1
0.533333
-0.1
0.533333
-0.1
0.533333
-0.1
0.533333
0
0.383333
0
0.383333
0
0.383333
0
0.383333
0
0.383333
0
0.383333
0
0.383333
0
0.383333
-0.025
0.383333
-0.025
0.383333
0
0.383333
-0.025
0.383333
-0.0583333
0.0333333
-0.2
-0.566667
-0.5
-0.266667
-0.391667
-0.233333
-0.2
-0.566667
-0.2
-0.566667
-0.275
-0.441667
-0.2
-0.566667
-0.2
-0.266667
-0.05
0
-0.05
0
-0.05
0
-0.05
0
-0.05
-0.0166667
-0.05
0
-0.05
0
0.175
-0.1
0.175
-0.1
0.175
-0.1
-0.1
0.6
-0.1
0.6
-0.1
0.6
-0.1
0.6
0
0.4875
0
0.4875
0
0.4875
0
0.4875
0
0.4875
0
0.4875
0
0.4875
-0.025
0.4875
0
0.4875
0
0.4875
0
0.4875
0
0.4875
0
0.4875
-0.0583333
0.1
-0.325
-0.3
-0.325
-0.3
-0.325
-0.3
-0.325
-0.3
-0.325
-0.3
-0.325
-0.3
-0.325
-0.3
-0.325
-0.3
-0.35
-0.1375
-0.35
-0.1375
-0.05
0
-0.05
-0.0125
-0.05
0
-0.05
0
-0.05
0
-0.05
0
-0.05
0
0.175
-0.1
-0.1
0.65
-0.1
0.65
-0.1
0.65
-0.1
0.65
0
0.55
0
0.55
0
0.55
0
0.55
0
0.55
0
0.55
0
0.55
-0.025
0.55
0
0.55
0
0.55
0
0.55
0
0.55
-0.025
0.55
-0.0583333
0.14
-0.325
-0.26
-0.475
-0.1
-0.475
-0.1
-0.475
-0.1
-0.325
-0.26
-0.475
-0.1
-0.391667
-0.206667
-0.475
-0.1
-0.475
-0.1
-0.325
-0.09
-0.325
-0.09
-0.325
-0.09
-0.325
-0.09
0.175
-0.1
0.175
-0.1
0.175
-0.1
0.175
-0.1
0.483333
0
0.483333
0
0.483333
0
0.483333
0
0.483333
0
0.483333
0
0.483333
0
0.483333
0
0.483333
0
0.0166667
0
0.483333
-0.4
0.483333
-0.4
0.483333
-0.4
0.483333
-0.4
0.483333
-0.4
0.483333
-0.4
0.483333
-0.4
0.533333
-0.4
0.533333
-0.4
0.533333
-0.4
0.533333
-0.4
0.483333
-0.4
0.533333
-0.4
0.583333
-0.4
0.583333
-0.4
0.533333
-0.4
0.533333
-0.4
0.533333
-0.4
0.483333
0
0.483333
0
0.483333
0
0.483333
0
0.483333
0
0.483333
0
0.483333
0
0.483333
0
0.483333
0
0.483333
0
0.483333
0
0.483333
0
0.483333
0
0.583333
-0.1
0.583333
-0.1
0.583333
-0.1
0.583333
-0.1
0.483333
-0.1
0.483333
-0.1
0.483333
-0.1
0.233333
-0.2
0.0333333
-0.4
0.0333333
-0.4
0.0333333
-0.4
0.0333333
-0.4
0.0333333
-0.4
-0.183333
-0.366667
-0.183333
-0.366667
-0.183333
-0.366667
-0.183333
-0.366667
-0.183333
-0.366667
-0.183333
-0.366667
-0.183333
-0.366667
-0.183333
-0.366667
-0.183333
-0.366667
-0.0666667
-0.4
0.483333
0
0.483333
0
0.483333
0
0.483333
0
0.483333
0
0.483333
0
0.483333
0
0.483333
0
0.383333
0
0.383333
0
0.383333
0
0.383333
0
0.533333
-0.1
0.533333
-0.1
0.533333
-0.1
0.533333
-0.1
-0.1
0.175
-0.1
0.175
-0.1
0.175
-0.1
0.175
-0.1
-0.05
-0.1
-0.05
-0.1
-0.05
-0.1
-0.05
-0.1
-0.05
-0.1
-0.05
0
-0.05
-0.566667
-0.2
-0.566667
-0.2
-0.441667
-0.275
-0.566667
-0.2
-0.566667
-0.2
-0.266667
-0.5
-0.266667
-0.5
-0.266667
-0.5
-0.266667
-0.1
0.383333
0
0.383333
0
0.383333
-0.025
0.383333
0
0.383333
-0.025
0.383333
0
0.383333
0
0.383333
0
0.383333
-0.1
0.383333
-0.1
0.383333
-0.1
0.383333
-0.1
0.483333
-0.1
-0.1
0.483333
-0.1
0.383333
-0.1
0.383333
-0.1
0.383333
-0.1
0.383333
-0.1
0.383333
-0.1
0.383333
-0.1
0.383333
-0.1
0.383333
-0.1
0.0833333
-0.1
0.0833333
-0.1
0.0833333
-0.1
0.0833333
-0.05
0.0333333
-0.366667
-0.116667
-0.366667
-0.116667
-0.316667
-0.316667
-0.441667
-0.141667
-0.366667
-0.116667
-0.141667
-0.441667
-0.116667
-0.366667
-0.141667
-0.441667
0.0333333
-0.05
0.0833333
-0.0666667
0.0833333
-0.0666667
0.0833333
-0.1
0.0833333
-0.0666667
0.383333
-0.1
0.383333
-0.1
0.383333
-0.1
0.383333
-0.1
0.383333
-0.1
0.383333
-0.1
0.383333
-0.1
0.483333
-0.1
-0.1
0.5875
-0.1
0.5875
-0.1
0.4875
-0.1
0.4875
-0.1
0.4875
-0.1
0.4875
-0.1
0.4875
-0.1
0.4875
-0.1
0.4875
-0.1
0.4875
-0.0666667
0.15
-0.0666667
0.15
-0.0666667
0.15
-0.0666667
0.15
-0.4
-0.1625
-0.4
-0.1625
-0.4
-0.1625
-0.316667
-0.2125
-0.316667
-0.2125
-0.116667
-0.6
-0.266667
-0.3625
-0.4
-0.1625
-0.266667
-0.3625
-0.266667
-0.3625
-0.141667
-0.1375
-0.141667
-0.1375
-0.141667
-0.1375
0.383333
-0.1
0.383333
-0.1
0.383333
-0.1
0.383333
-0.1
0.383333
-0.1
0.383333
-0.1
0.383333
-0.1
0.383333
-0.1
-0.1
0.65
-0.1
0.65
-0.1
0.65
-0.1
0.55
-0.1
0.55
-0.1
0.55
-0.1
0.55
-0.1
0.55
-0.1
0.55
-0.1
0.55
-0.1
0.55
-0.1
0.55
-0.166667
0.19
-0.166667
0.19
-0.166667
0.19
-0.4
-0.1
-0.616667
-0.15
-0.4
-0.1
-0.4
-0.1
-0.616667
-0.15
-0.616667
-0.15
-0.116667
-0.56
-0.4
-0.1
-0.4
-0.1
-0.4
0
-0.116667
-0.09
-0.116667
-0.09
-0.116667
-0.09
-0.116667
-0.09
0.383333
-0.1
0.383333
-0.1
0.383333
-0.1
0.383333
-0.1
0.5875
0
0.5875
0
0.5875
0
0.5875
0
0.5875
0
0.5875
0
0.5875
0
0.5875
0
0.5875
0
0.2
0
0.5875
-0.4
0.5875
-0.4
0.5875
-0.4
0.5875
-0.4
0.5875
-0.4
0.5875
-0.4
0.5875
-0.4
0.6
-0.4
0.6875
-0.4
0.6875
-0.4
0.6875
-0.4
0.5875
-0.4
0.6
-0.4
0.6
-0.4
0.6
-0.4
0.5875
-0.4
0.6
-0.4
0.6
-0.4
0.5875
0
0.5875
0
0.5875
0
0.5875
0
0.5875
0
0.5875
0
0.5875
0
0.5875
0
0.5875
0
0.5875
0
0.5875
0
0.5875
0
0.5875
0
0.6875
-0.1
0.6875
-0.1
0.6875
-0.1
0.6875
-0.1
0.5875
-0.1
0.5875
-0.1
0.5875
-0.1
0.3375
-0.2
0.1
-0.4
0.1
-0.4
0.1
-0.4
0.1
-0.4
0.1
-0.4
-0.0791667
-0.366667
-0.0791667
-0.366667
-0.0791667
-0.366667
-0.0791667
-0.366667
-2.77556e-17
-0.4
-2.77556e-17
-0.4
-0.0791667
-0.366667
-2.77556e-17
-0.4
-0.0791667
-0.366667
-2.77556e-17
-0.4
0.5875
0
0.5875
-0.05
0.5875
0
0.5875
0
0.5875
0
0.5875
0
0.5875
0
0.5875
0
0.4875
0
0.4875
0
0.4875
0
0.4875
0
0.4875
0
0.6
-0.1
0.6
-0.1
0.6
-0.1
0.6
-0.1
-0.1
0.175
0
-0.05
0
-0.05
0
-0.05
-0.0125
-0.05
0
-0.05
0
-0.05
0
-0.05
-0.1375
-0.35
-0.1375
-0.35
-0.3
-0.325
-0.3
-0.325
-0.3
-0.325
-0.3
-0.325
-0.216667
-0.391667
-0.3
-0.325
-0.3
-0.325
-0.3
-0.325
-0.25
-0.1
0.4875
-0.025
0.4875
-0.025
0.4875
-0.025
0.4875
0
0.4875
-0.025
0.4875
0
0.4875
0
0.4875
0
0.4875
-0.1
0.4875
-0.1
0.4875
-0.1
0.4875
-0.1
0.5875
-0.1
0.5875
-0.1
-0.1
0.483333
-0.1
0.383333
-0.1
0.383333
-0.1
0.383333
-0.1
0.383333
-0.1
0.383333
-0.1
0.383333
-0.1
0.383333
-0.1
0.383333
-0.1375
-0.141667
-0.1375
-0.141667
-0.1375
-0.141667
-0.3625
-0.266667
-0.3625
-0.266667
-0.3
-0.416667
-0.1625
-0.4
-0.3625
-0.266667
-0.3625
-0.266667
-0.3
-0.416667
-0.1625
-0.4
-0.3
-0.416667
-0.1625
-0.4
0.15
-0.0666667
0.15
-0.0666667
0.15
-0.0666667
0.15
-0.0666667
0.4875
-0.1
0.4875
-0.1
0.4875
-0.1
0.4875
-0.1
0.4875
-0.1
0.4875
-0.1
0.4875
-0.1
0.5875
-0.1
0.5875
-0.1
-0.1
0.5875
-0.1
0.5875
-0.1
0.4875
-0.1
0.4875
-0.1
0.4875
-0.1
0.4875
-0.1
0.4875
-0.1
0.4875
-0.1
0.4875
-0.1
0.4875
-0.1375
-0.0375
-0.1375
-0.0375
-0.1375
-0.0375
-0.3625
-0.1625
-0.3625
-0.1625
-0.1625
-0.3625
-0.3625
-0.1625
-0.1625
-0.3625
-0.3625
-0.1625
-0.2125
-0.5125
-0.1625
-0.3625
-0.1625
-0.3625
-0.1625
-0.3625
-0.0375
-0.1375
-0.0375
-0.1375
-0.0375
-0.1375
0.4875
-0.1
0.4875
-0.1
0.4875
-0.1
0.4875
-0.1
0.4875
-0.1
0.4875
-0.1
0.4875
-0.1
0.4875
-0.1
0.5875
-0.1
-0.1
0.65
-0.1
0.65
-0.1
0.65
-0.1
0.55
-0.1
0.55
-0.1
0.55
-0.1
0.55
-0.1
0.55
-0.1
0.55
-0.1
0.55
-0.1
0.55
-0.1375
0.025
-0.1375
0.025
-0.1375
0.025
-0.3625
-0.1
-0.3625
-0.1
-0.2125
-0.45
-0.3625
-0.1
-0.3625
-0.1
-0.6625
-0.1
-0.2125
-0.45
-0.3625
-0.1
-0.3625
-0.1
-0.3625
0
-0.0125
-0.09
-0.0125
-0.09
-0.0125
-0.09
-0.0125
-0.09
0.4875
-0.1
0.4875
-0.1
0.4875
-0.1
0.4875
-0.1
0.65
0
0.65
0
0.65
0
0.65
0
0.65
0
0.65
0
0.65
0
0.65
0
0.65
0
0.25
0
0.65
-0.4
0.65
-0.4
0.65
-0.4
0.65
-0.4
0.65
-0.4
0.65
-0.4
0.65
-0.4
0.64
-0.4
0.64
-0.4
0.64
-0.4
0.64
-0.4
0.64
-0.4
0.64
-0.4
0.64
-0.4
0.75
-0.4
0.64
-0.4
0.64
-0.4
0.64
-0.4
0.65
0
0.65
0
0.65
0
0.65
0
0.65
0
0.65
0
0.65
0
0.65
0
0.65
0
0.65
0
0.65
0
0.65
0
0.65
0
0.75
-0.1
0.75
-0.1
0.75
-0.1
0.75
-0.1
0.65
-0.1
0.65
-0.1
0.65
-0.1
0.4
-0.2
0.14
-0.4
0.14
-0.4
0.14
-0.4
0.14
-0.4
0.14
-0.4
-0.0166667
-0.366667
-0.0166667
-0.366667
-0.0166667
-0.366667
-0.0166667
-0.366667
0.04
-0.4
-0.0166667
-0.366667
-0.0166667
-0.366667
0.04
-0.4
-0.0166667
-0.366667
0.04
-0.4
0.65
0
0.65
0
0.65
0
0.65
0
0.65
0
0.65
0
0.65
-0.05
0.65
0
0.55
0
0.55
0
0.55
0
0.55
0
0.55
0
0.65
-0.1
0.65
-0.1
0.65
-0.1
0.65
-0.1
-0.1
0.175
-0.1
0.175
-0.1
0.175
-0.1
0.175
-0.1
0.175
-0.09
-0.325
-0.09
-0.325
-0.09
-0.325
-0.09
-0.325
-0.106667
-0.391667
-0.206667
-0.391667
-0.206667
-0.391667
-0.206667
-0.391667
-0.26
-0.325
-0.206667
-0.391667
-0.26
-0.325
-0.1
-0.475
-0.26
-0.325
-0.24
-0.1
0.55
0
0.55
0
0.55
0
0.55
0
0.55
0
0.55
0
0.55
0
0.55
0
0.55
-0.1
0.55
-0.1
0.55
-0.1
0.55
-0.1
0.65
-0.1
0.65
-0.1
0.65
-0.1
-0.1
0.383333
-0.1
0.383333
-0.1
0.383333
-0.1
0.383333
-0.1
0.383333
-0.1
0.383333
-0.1
0.383333
-0.09
-0.116667
-0.09
-0.116667
-0.09
-0.116667
-0.09
-0.116667
-0.106667
-0.183333
-0.34
-0.266667
-0.26
-0.416667
-0.1
-0.4
-0.56
-0.116667
-0.15
-0.616667
-0.15
-0.616667
-0.1
-0.4
-0.26
-0.416667
-0.1
-0.4
0.19
-0.166667
0.19
-0.166667
0.19
-0.166667
0.55
-0.1
0.55
-0.1
0.55
-0.1
0.55
-0.1
0.55
-0.1
0.55
-0.1
0.55
-0.1
0.55
-0.1
0.65
-0.1
0.65
-0.1
0.65
-0.1
-0.1
0.5875
-0.1
0.4875
-0.1
0.4875
-0.1
0.4875
-0.1
0.4875
-0.1
0.4875
-0.1
0.4875
-0.1
0.4875
-0.09
-0.0125
-0.09
-0.0125
-0.09
-0.0125
-0.09
-0.0125
-0.106667
-0.0791667
-0.34
-0.1625
-0.1
-0.3625
-0.34
-0.1625
-0.45
-0.2125
-0.1
-0.6625
-0.1
-0.3625
-0.1
-0.6625
-0.1
-0.3625
-0.1
-0.3625
0.025
-0.1375
0.025
-0.1375
0.025
-0.1375
0.55
-0.1
0.55
-0.1
0.55
-0.1
0.55
-0.1
0.55
-0.1
0.55
-0.1
0.55
-0.1
0.55
-0.1
0.65
-0.1
0.65
-0.1
-0.1
0.65
-0.1
0.65
-0.1
0.55
-0.1
0.55
-0.1
0.55
-0.1
0.55
-0.1
0.55
-0.1
0.55
-0.1
0.55
-0.09
0.05
-0.09
0.05
-0.09
0.05
-0.09
0.05
-0.4
-0.34
-0.4
-0.34
-0.4
-0.34
-0.34
-0.4
-0.64
-0.1
-0.1
-0.64
-0.1
-0.64
-0.34
-0.4
-0.34
-0.4
-0.34
-0.4
0.05
-0.09
0.05
-0.09
0.05
-0.09
0.05
-0.09
0.55
-0.1
0.55
-0.1
0.55
-0.1
0.55
-0.1
