-29.02
-30
-29.02
-30.035
-29.02
-30.035
-29.02
-30.035
-29.02
-30.035
-30.035
-29.02
-30.035
-29.02
-30.035
-29.02
-30.035
-29.02
-30
-29.02
-30
-29.03
-30
-29.03
-30
-29.03
-30
-29.03
-30
-29.44
-30
-29.44
-30.05
-30.2
-30.085
-30.2
-30
-30.04
-30.06
-30.06
-30.185
-30.2
-30.02
-30.055
-30.135
-30.325
-30.02
-30.295
-30.185
-30.035
-30.295
-30.295
-30.055
-30.22
-30.04
-30
-30.2
-30.05
-30.2
-30.05
-29.44
-30
-29.44
-30
-29.03
-30.08
-29.03
-30
-29.03
-30
-29.03
-30
-29.02
0
-29.02
-0.005
-29.02
-0.005
-29.02
-0.005
-29.02
-0.005
-28.855
-0.125
-28.855
-0.125
-28.855
-0.125
-30.035
0.165
-30
0.165
-30
0.165
-30.2
0.165
-30
0.0716667
-30
0.0716667
-30.05
-0.925
-30.05
-0.925
-30.085
-0.925
-30.05
-0.925
-30
-0.84
-30.02
-0.84
-30.06
-1.275
-30
-0.845
-30.135
-0.92
-30
-0.86
-30
-0.86
-30.035
-0.92
-30.02
-0.945
-30.02
-0.205
-29.03
-0.205
-29.03
-0.205
-29.03
-0.2
-29.03
-1.375
-29.03
-0.2
-29.03
-0.205
-29.03
-0.205
-29.03
-1.375
-29.02
0
-29.02
-0.005
-29.02
-0.005
-29.02
-0.005
-29.02
-0.005
-28.855
-0.125
-28.855
-0.125
-30.035
0.455
-30.035
0.455
-30
0.455
-30
0.42
-30
0.42
-30
0.42
-30
0.42
-30
0.01
-30.05
-0.525
-30.085
-0.525
-30.05
-0.525
-30
-0.44
-30.105
-0.655
-30.06
-0.65
-30
-0.445
-30.05
-0.525
-30
-0.445
-30.05
-0.4
-30
-0.675
-30.025
-0.65
-29.62
-0.25
-29.44
-0.225
-29.44
-0.75
-29.44
-0.025
-29.03
-0.02
-29.03
-0.005
-29.03
-0.005
-29.03
-0.445
-29.03
-0.02
-29.02
0
-29.02
-0.005
-29.02
-0.005
-29.02
-0.005
-29.02
-0.005
-28.855
-0.125
-30.035
0.638333
-30.035
0.638333
-30.035
0.638333
-30
0.638333
-30
0.628333
-30
0.628333
-30
0.628333
-30
0.628333
-30
0.218333
-30.05
-0.391667
-30.085
-0.391667
-30.05
-0.391667
-30
-0.306667
-30.105
-0.446667
-30.06
-0.461667
-30.02
-0.286667
-30.05
-0.346667
-30.02
-0.286667
-30
-0.546667
-30.295
-0.306667
-30.025
-0.441667
-30.04
-0.0166667
-29.44
-0.0166667
-29.44
-0.0166667
-29.44
-0.0166667
-29.44
-0.0166667
-29.03
0
-29.03
0
-29.03
-0.311667
-29.03
-0.436667
-29.02
0
-29.02
-0.005
-29.02
-0.005
-29.02
-0.005
-29.02
-0.005
-28.855
-0.125
-30.035
0.7425
-30.035
0.7425
-30.035
0.7425
-30
0.7425
-30
0.7325
-30
0.7325
-30
0.7325
-30
0.7325
-30
0.3225
-30.05
-0.325
-30.085
-0.325
-30.05
-0.325
-30
-0.24
-30.06
-0.3375
-30.06
-0.4175
-30.02
-0.22
-30.025
-0.4625
-30.02
-0.22
-30.185
-0.205
-30.06
-0.3575
-30.02
-0.22
-30.02
-0.22
-29.44
0
-29.44
-0.1175
-29.44
-0.1125
-29.44
0
-29.03
-0.05
-29.03
-0.0125
-29.03
-0.245
-29.03
-0.0125
-29.02
0
-29.02
-0.005
-29.02
-0.005
-29.02
-0.005
-29.02
-0.005
-28.855
-0.125
-30.035
0.805
-30.035
0.805
-30.035
0.805
-30
0.805
-30
0.795
-30
0.795
-30
0.795
-30
0.795
-30
0.385
-30
0.385
-30.085
-0.285
-30.05
-0.285
-30
-0.2
-30.06
-0.275
-30.185
-0.165
-30.02
-0.18
-30.22
-0.2
-30.02
-0.26
-30.185
-0.205
-30.295
-0.185
-30.02
-0.185
-30.04
-0.25
-29.44
-0.04
-29.44
-0.01
-29.44
-0.04
-29.44
-0.09
-29.03
-0.27
-29.03
-0.27
-29.03
-0.205
-29.03
-0.27
0.165
-30
0.165
-30.035
-0.125
-28.855
-0.125
-28.855
-0.125
-28.855
-0.005
-29.02
-0.005
-29.02
-0.005
-29.02
-0.005
-29.02
0
-29.02
-0.2
-29.03
-0.205
-29.03
-0.205
-29.03
-0.205
-29.03
-0.205
-29.03
-0.845
-29.03
-0.205
-29.03
-0.205
-29.03
-0.22
-30
-0.845
-30.2
-0.92
-30.2
-0.86
-30.135
-0.84
-30.135
-0.8
-30.05
-0.82
-30.02
-0.82
-30.295
-0.8
-30.05
-0.84
-30
-0.925
-30.05
-0.925
-30.085
-0.925
-30.05
-0.925
-30.085
0.0716667
-30
0.0716667
-30.035
0.165
-30
0.165
-30
0.165
-0.07
0.165
-0.005
0.165
-0.005
0.165
-0.005
0.165
-0.005
-0.005
0.165
-0.005
0.165
-0.005
0.165
-0.005
0.165
0
0.165
0
0.165
-0.205
0.165
-0.05
0.0716667
-0.205
0.0716667
-0.205
0.0716667
-0.845
0.0716667
-0.205
0.0716667
-0.205
0.0716667
-0.22
-0.45
-0.86
-0.205
-0.875
-0.89
-0.22
-0.45
-0.2
-0.86
-0.86
-0.22
-0.465
-0.78
-0.82
-0.92
-0.2
-0.845
-0.22
-0.205
0.0716667
-0.205
0.0716667
-0.205
0.0716667
-0.2
0.0716667
-0.205
0.0716667
-0.2
0.0716667
-0.05
0.165
-0.205
0.165
-0.22
0.165
0
0.165
-0.005
0.165
-0.005
-0.125
0.575
-0.125
0.575
-0.005
0.455
-0.005
0.455
-0.005
0.455
-0.005
0.455
0
0.455
0
0.455
-0.205
0.42
-0.05
0.42
-0.205
0.42
-0.205
0.42
-0.845
0.42
-0.205
0.42
-0.205
0.42
-0.22
-0.225
-0.86
-0.105
-0.875
-0.265
-0.621667
-0.111667
-0.84
-0.225
-1.375
-0.445
-0.465
-0.24
-0.465
-0.24
-0.8
-0.68
-0.87
-0.25
-0.575
-0.675
-0.325
-0.255
-0.205
-0.645
0.0716667
-0.4
0.0716667
-0.4
0.0716667
-0.005
0.165
-0.025
0.165
-0.1
0.165
-0.271667
0.165
-0.005
0.165
-0.005
-0.125
0.758333
-0.125
0.758333
-0.005
0.638333
-0.005
0.638333
-0.005
0.638333
-0.005
0.638333
0
0.638333
-0.2
0.628333
-0.205
0.628333
-0.05
0.628333
-0.205
0.628333
-0.205
0.628333
-0.845
0.628333
-0.205
0.628333
-0.205
0.628333
-0.22
-0.15
-0.86
-0.0716667
-0.875
-0.0366667
-0.87
-0.0366667
-0.84
-0.15
-0.86
-0.286667
-0.84
-0.0666667
-0.82
-0.286667
-0.84
-0.15
-0.84
-0.0166667
-0.615
-0.0166667
-0.615
-0.0166667
-0.615
-0.0166667
0.0716667
-0.271667
0.0716667
-0.271667
0.0716667
0
0.165
-0.266667
0.165
-0.0666667
0.165
0
0.165
-0.005
-0.125
0.8625
-0.125
0.8625
-0.125
0.8625
-0.005
0.7425
-0.005
0.7425
-0.005
0.7425
-0.005
0.7425
0
0.7425
-0.2
0.7325
-0.205
0.7325
-0.05
0.7325
-0.205
0.7325
-0.205
0.7325
-0.845
0.7325
-0.205
0.7325
-0.205
0.7325
-0.22
-0.1125
-0.86
-0.205
-0.92
-0.05
-0.86
-0.055
-0.84
-0.2
-0.86
-0.055
-0.82
-0.22
-0.82
-0.22
-0.84
-0.205
-0.82
-0.22
-0.925
-0.3625
-0.615
-0.1175
-0.615
-0.1125
-0.615
0
0.0716667
-0.1175
0.0716667
-0.0125
0.165
-0.0125
0.165
-0.0325
0.165
-0.135
0.165
-0.005
-0.125
0.925
-0.125
0.925
-0.125
0.925
-0.005
0.805
-0.005
0.805
-0.005
0.805
-0.005
0.805
0
0.805
-0.2
0.795
-0.205
0.795
-0.05
0.795
-0.205
0.795
-0.205
0.795
-0.845
0.795
-0.205
0.795
-0.205
0.795
-0.22
-0.09
-0.86
-0.205
-0.92
-0.045
-0.86
-0.04
-0.84
-0.09
-0.86
-0.135
-0.84
-0.045
-0.82
-0.185
-0.84
-0.09
-0.84
-0.25
-0.925
-0.305
-0.925
-0.3
-0.615
-0.04
-0.615
-0.09
0.0716667
-0.165
0.0716667
-0.165
0.165
0
0.165
0
0.455
-30.035
0.455
-30.035
0.455
-30.035
-0.125
-28.855
-0.125
-28.855
-0.005
-29.02
-0.005
-29.02
-0.005
-29.02
-0.005
-29.02
0
-29.02
-0.525
-29.03
0
-29.03
-0.005
-29.03
-0.645
-29.03
-0.35
-29.03
0
-29.44
-0.75
-29.44
-0.67
-29.44
-0.25
-29.62
-0.68
-30.2
-0.42
-30.055
-0.695
-30.025
-0.695
-30.025
-0.4
-30.085
-0.42
-30.02
-0.405
-30.25
-0.4
-30.05
-0.44
-30
-0.525
-30.05
-0.525
-30.05
-0.525
-30.05
0.01
-30
0.42
-30
0.42
-30.035
0.42
-30
0.42
-30
0.455
-0.07
0.455
-0.005
0.455
-0.005
0.455
-0.005
0.455
-0.005
0.575
-0.125
0.575
-0.125
-0.005
0.165
-0.005
0.165
0
0.165
0
0.165
-0.025
0.165
0
0.0716667
-0.4
0.0716667
-0.4
0.0716667
-0.005
-0.205
-0.255
-0.325
-0.445
-0.575
-0.25
-0.87
-0.1
-0.5
-0.155
-0.59
-0.695
-1.275
-0.1
-0.92
-0.106667
-0.621667
-0.1
-0.86
-0.106667
-0.616667
-0.1
-0.86
-0.12
-0.205
0.42
-0.845
0.42
-0.205
0.42
-0.2
0.42
-0.205
0.42
-0.2
0.42
-0.05
0.42
-0.205
0.455
-0.22
0.455
-0.63
0.455
-0.005
0.455
-0.005
0.455
-0.005
0.455
-0.005
-0.005
0.455
-0.005
0.455
-0.005
0.455
-0.005
0.455
0
0.455
0
0.42
0
0.42
0
0.42
-0.645
0.42
-0.35
0.42
-0.025
0.01
-0.75
0.01
-0.67
0.01
-0.25
-0.245
-0.24
-0.26
-0.24
-0.24
-0.695
-0.65
-0.675
-0.75
-0.75
-0.445
-0.24
-0.24
-0.24
-0.155
-0.4
-0.68
-0.245
-0.25
0.01
-0.105
0.01
-0.75
0.01
-0.025
0.42
-0.63
0.42
-0.005
0.42
-0.005
0.42
-0.63
0.42
-0.02
0.455
-0.421667
0.455
-0.005
0.455
-0.005
0.455
-0.005
-0.125
0.758333
-0.005
0.638333
-0.005
0.638333
-0.005
0.638333
-0.005
0.638333
0
0.638333
0
0.628333
0
0.628333
0
0.628333
-0.645
0.628333
-0.35
0.628333
-0.025
0.218333
-0.75
0.218333
-0.67
0.218333
-0.25
-0.0366667
-0.4
-0.511667
-0.155
-0.165
-0.695
-0.416667
-0.675
-0.15
-0.75
-0.431667
-0.44
-0.15
-0.44
-0.155
-0.4
-0.466667
-0.44
-0.0166667
0.01
-0.0166667
0.01
-0.0166667
0.01
-0.0166667
0.01
-0.0166667
0.42
0
0.42
0
0.42
0
0.42
-0.436667
0.455
-0.3175
0.455
-0.005
0.455
-0.005
0.455
-0.005
-0.125
0.8625
-0.005
0.7425
-0.005
0.7425
-0.005
0.7425
-0.005
0.7425
0
0.7425
0
0.7325
0
0.7325
0
0.7325
-0.645
0.7325
-0.35
0.7325
-0.025
0.3225
-0.75
0.3225
-0.67
0.3225
-0.25
0.0675
-0.4
-0.3675
-0.42
-0.225
-0.695
-0.3375
-0.675
-0.2
-0.42
-0.22
-0.42
-0.22
-0.44
-0.3575
-0.445
-0.4375
-0.42
-0.22
0.01
-0.205
0.01
-0.1175
0.01
-0.1125
0.01
0
0.42
-0.1175
0.42
-0.0125
0.42
-0.0125
0.42
-0.0125
0.455
-0.255
0.455
-0.005
0.455
-0.005
0.455
-0.005
-0.125
0.925
-0.005
0.805
-0.005
0.805
-0.005
0.805
-0.005
0.805
0
0.805
0
0.795
0
0.795
0
0.795
-0.645
0.795
-0.35
0.795
-0.025
0.385
-0.75
0.385
-0.67
0.385
-0.25
0.13
-0.675
-0.205
-0.42
-0.225
-0.4
-0.3
-0.675
-0.295
-0.44
-0.095
-0.65
-0.295
-0.65
-0.28
-0.445
-0.09
-0.44
-0.25
-0.525
-0.305
0.01
-0.01
0.01
-0.04
0.01
-0.09
0.42
-0.01
0.42
-0.01
0.42
-0.09
0.42
-0.27
0.638333
-30
0.638333
-30.035
0.638333
-30.035
0.638333
-30.035
-0.125
-28.855
-0.005
-29.02
-0.005
-29.02
-0.005
-29.02
-0.005
-29.02
0
-29.02
0
-29.03
0
-29.03
0
-29.03
-0.421667
-29.03
-0.0166667
-29.44
0
-29.44
-0.0166667
-29.44
-0.0166667
-29.44
-0.0166667
-30.04
-0.286667
-30.1
-0.306667
-30
-0.546667
-30.135
-0.286667
-30.325
-0.286667
-30.055
-0.266667
-30.13
-0.306667
-30.295
-0.266667
-30.085
-0.306667
-30
-0.391667
-30.05
-0.391667
-30.05
-0.391667
-30.085
0.218333
-30.035
0.628333
-30
0.628333
-30
0.628333
-30
0.628333
-30
0.638333
-0.07
0.638333
-0.005
0.638333
-0.005
0.638333
-0.005
0.638333
-0.005
0.758333
-0.125
0.758333
-0.125
-0.005
0.165
-0.005
0.165
0
0.165
-0.0666667
0.165
-0.0166667
0.165
-0.266667
0.0716667
0
0.0716667
-0.271667
0.0716667
-0.0166667
-0.615
-0.0166667
-0.615
-0.0166667
-0.615
-0.0166667
-0.84
-0.0666667
-1.32
-0.155
-1.3
-0.546667
-0.805
-0.266667
-0.86
-0.466667
-0.845
-0.0666667
-0.86
-0.195
-0.92
-0.266667
-0.845
-0.0866667
-0.205
0.628333
-0.205
0.628333
-0.205
0.628333
-0.2
0.628333
-0.205
0.628333
-0.2
0.628333
-0.05
0.628333
-0.205
0.628333
-1.375
0.638333
0
0.638333
-0.005
0.638333
-0.005
0.638333
-0.005
0.638333
-0.005
0.758333
-0.125
-0.005
0.455
-0.005
0.455
-0.005
0.455
0
0.455
0
0.42
0
0.42
-0.311667
0.42
-0.421667
0.42
-0.0166667
0.01
-0.0166667
0.01
-0.0166667
0.01
-0.0166667
0.01
-0.0166667
-0.44
-0.15
-0.44
-0.155
-0.675
-0.546667
-0.405
-0.185
-0.15
-0.15
-0.675
-0.165
-0.15
-0.165
-0.15
-0.266667
-0.68
-0.0366667
-0.25
0.218333
-0.105
0.218333
-0.75
0.218333
-0.025
0.628333
-0.63
0.628333
-0.005
0.628333
-0.005
0.628333
-0.63
0.628333
-0.02
0.638333
-0.271667
0.638333
-0.005
0.638333
-0.005
0.638333
-0.005
0.638333
-0.005
-0.005
0.638333
-0.005
0.638333
-0.005
0.638333
-0.005
0.638333
0
0.638333
0
0.628333
0
0.628333
-0.311667
0.628333
-0.421667
0.628333
-0.0166667
0.218333
-0.0166667
0.218333
-0.0166667
0.218333
-0.0166667
0.218333
-0.0166667
-0.306667
-0.286667
-0.291667
-0.286667
-0.306667
-0.466667
-0.416667
-0.266667
-0.466667
-0.466667
-0.286667
-0.286667
-0.286667
-0.0366667
-0.0366667
-0.266667
-0.546667
-0.306667
-0.0166667
0.218333
-0.0166667
0.218333
-0.0166667
0.218333
-0.0166667
0.218333
-0.0166667
0.628333
0
0.628333
0
0.628333
0
0.628333
-0.436667
0.638333
0
0.638333
-0.005
0.638333
-0.005
0.638333
-0.005
0.638333
-0.005
-0.005
0.7425
-0.005
0.7425
-0.005
0.7425
-0.005
0.7425
0
0.7425
0
0.7325
0
0.7325
-0.311667
0.7325
-0.421667
0.7325
-0.0166667
0.3225
-0.0166667
0.3225
-0.0166667
0.3225
-0.0166667
0.3225
-0.0166667
-0.24
-0.286667
-0.225
-0.286667
-0.225
-0.546667
-0.3575
-0.546667
-0.2
-0.466667
-0.22
-0.466667
-0.205
-0.306667
-0.3575
-0.466667
-0.205
-0.286667
-0.22
0.218333
-0.205
0.218333
-0.1175
0.218333
-0.1125
0.218333
0
0.628333
-0.1175
0.628333
-0.0125
0.628333
-0.0125
0.628333
-0.0125
0.638333
-0.135
0.638333
-0.005
0.638333
-0.005
0.638333
-0.005
-0.125
0.925
-0.005
0.805
-0.005
0.805
-0.005
0.805
-0.005
0.805
0
0.805
0
0.795
0
0.795
-0.311667
0.795
-0.421667
0.795
-0.0166667
0.385
-0.0166667
0.385
-0.0166667
0.385
-0.0166667
0.385
-0.0166667
-0.2
-0.286667
-0.185
-0.306667
-0.25
-0.546667
-0.165
-0.286667
-0.2
-0.286667
-0.18
-0.466667
-0.205
-0.286667
-0.2
-0.466667
-0.205
-0.306667
-0.25
-0.391667
-0.305
0.218333
-0.01
0.218333
-0.04
0.218333
-0.09
0.628333
-0.01
0.628333
-0.01
0.628333
-0.09
0.628333
-0.27
0.7425
-30
0.7425
-30.035
0.7425
-30.035
0.7425
-30.035
-0.125
-28.855
-0.005
-29.02
-0.005
-29.02
-0.005
-29.02
-0.005
-29.02
0
-29.02
-0.0125
-29.03
-0.0125
-29.03
-0.0125
-29.03
-0.0125
-29.03
-0.0175
-29.44
0
-29.44
-0.1175
-29.44
0
-29.44
-0.22
-30.02
-0.22
-30.1
-0.3575
-30.025
-0.22
-30.055
-0.22
-30.22
-0.2
-30.05
-0.2
-30.13
-0.2
-30.25
-0.205
-30.185
-0.24
-30
-0.325
-30.05
-0.325
-30.085
-0.325
-30.05
0.3225
-30
0.7325
-30
0.7325
-30
0.7325
-30
0.7325
-30
0.7425
-0.07
0.7425
-0.005
0.7425
-0.005
0.7425
-0.005
0.7425
-0.005
0.8625
-0.125
0.8625
-0.125
0.8625
-0.125
-0.005
0.165
0
0.165
-0.0125
0.165
-0.0125
0.165
0
0.0716667
-0.1175
0.0716667
-0.0175
-0.615
0
-0.615
-0.1175
-0.615
-0.3675
-0.925
-0.22
-0.82
-0.05
-1.32
-0.3575
-1.305
-0.22
-0.82
-0.22
-0.825
-0.05
-0.86
-0.055
-0.86
-0.05
-0.86
-0.1125
-0.845
-0.07
-0.205
0.7325
-0.205
0.7325
-0.205
0.7325
-0.2
0.7325
-0.205
0.7325
-0.2
0.7325
-0.05
0.7325
-0.205
0.7325
-1.375
0.7425
0
0.7425
-0.005
0.7425
-0.005
0.7425
-0.005
0.7425
-0.005
0.8625
-0.125
-0.005
0.455
-0.005
0.455
-0.005
0.455
0
0.455
-0.0125
0.42
-0.0125
0.42
-0.0125
0.42
-0.0125
0.42
-0.0175
0.01
0
0.01
-0.1175
0.01
0
0.01
-0.22
-0.42
-0.1125
-0.445
-0.3575
-0.44
-0.22
-0.42
-0.22
-0.44
-0.2
-0.675
-0.1125
-0.46
-0.2
-0.695
-0.1125
-0.68
0.0675
-0.25
0.3225
-0.105
0.3225
-0.75
0.3225
-0.025
0.7325
-0.63
0.7325
-0.005
0.7325
-0.005
0.7325
-0.63
0.7325
-0.02
0.7425
-0.271667
0.7425
-0.005
0.7425
-0.005
0.7425
-0.005
0.7425
-0.005
-0.005
0.638333
-0.005
0.638333
-0.005
0.638333
-0.005
0.638333
0
0.638333
-0.0125
0.628333
-0.0125
0.628333
-0.0125
0.628333
-0.0125
0.628333
-0.0175
0.218333
0
0.218333
-0.1175
0.218333
0
0.218333
-0.22
-0.286667
-0.22
-0.291667
-0.3575
-0.306667
-0.22
-0.466667
-0.22
-0.286667
-0.2
-0.466667
-0.22
-0.286667
-0.2
-0.466667
-0.2
-0.546667
-0.24
-0.0166667
0.3225
-0.0166667
0.3225
-0.0166667
0.3225
-0.0166667
0.3225
-0.0166667
0.7325
0
0.7325
0
0.7325
0
0.7325
-0.436667
0.7425
0
0.7425
-0.005
0.7425
-0.005
0.7425
-0.005
0.7425
-0.005
-0.005
0.7425
-0.005
0.7425
-0.005
0.7425
-0.005
0.7425
0
0.7425
-0.0125
0.7325
-0.0125
0.7325
-0.0125
0.7325
-0.0125
0.7325
-0.0175
0.3225
0
0.3225
-0.1175
0.3225
0
0.3225
-0.22
-0.22
-0.22
-0.225
-0.3575
-0.3375
-0.22
-0.225
-0.22
-0.225
-0.2
-0.3625
-0.225
-0.22
-0.3625
-0.2
-0.3625
-0.205
-0.22
-0.22
0.3225
-0.205
0.3225
-0.1175
0.3225
-0.1125
0.3225
0
0.7325
-0.1175
0.7325
-0.0125
0.7325
-0.0125
0.7325
-0.0125
0.7425
-0.135
0.7425
-0.005
0.7425
-0.005
0.7425
-0.005
0.7425
-0.005
-0.005
0.805
-0.005
0.805
-0.005
0.805
-0.005
0.805
0
0.805
-0.0125
0.795
-0.0125
0.795
-0.0125
0.795
-0.0125
0.795
-0.0175
0.385
0
0.385
-0.1175
0.385
0
0.385
-0.22
-0.18
-0.22
-0.185
-0.3575
-0.295
-0.22
-0.18
-0.22
-0.18
-0.2
-0.3
-0.3375
-0.295
-0.2
-0.38
-0.3375
-0.28
-0.24
-0.25
-0.325
-0.305
0.3225
-0.01
0.3225
-0.04
0.3225
-0.09
0.7325
-0.01
0.7325
-0.01
0.7325
-0.09
0.7325
-0.27
0.805
-30
0.805
-30.035
0.805
-30.035
0.805
-30.035
-0.125
-28.855
-0.005
-29.02
-0.005
-29.02
-0.005
-29.02
-0.005
-29.02
0
-29.02
-0.09
-29.03
-0.25
-29.03
-0.09
-29.03
-0.045
-29.03
-0.01
-29.44
-0.01
-29.44
-0.01
-29.44
-0.01
-29.44
-0.25
-30.04
-0.185
-30.1
-0.185
-30.055
-0.295
-30.025
-0.28
-30.025
-0.18
-30.295
-0.18
-30.02
-0.18
-30.295
-0.205
-30.185
-0.2
-30
-0.285
-30.05
-0.285
-30.05
0.385
-30.275
0.385
-30
0.795
-30
0.795
-30.035
0.795
-30
0.795
-30
0.805
-0.07
0.805
-0.005
0.805
-0.005
0.805
-0.005
0.805
-0.005
0.925
-0.125
0.925
-0.125
0.925
-0.125
-0.005
0.165
0
0.165
0
0.165
-0.295
0.165
-0.04
0.0716667
-0.04
0.0716667
-0.01
-0.615
-0.01
-0.615
-0.3
-0.925
-0.32
-0.925
-0.25
-0.84
-0.04
-0.84
-0.04
-1.3
-0.045
-1.305
-0.04
-0.86
-0.09
-0.84
-0.04
-0.86
-0.135
-0.92
-0.09
-0.845
-0.06
-0.205
0.795
-0.205
0.795
-0.205
0.795
-0.2
0.795
-0.205
0.795
-0.2
0.795
-0.05
0.795
-0.205
0.795
-1.375
0.805
0
0.805
-0.005
0.805
-0.005
0.805
-0.005
0.805
-0.005
0.925
-0.125
-0.005
0.455
-0.005
0.455
-0.005
0.455
0
0.455
-0.09
0.42
-0.25
0.42
-0.25
0.42
-0.045
0.42
-0.01
0.01
-0.01
0.01
-0.01
0.01
-0.32
-0.525
-0.25
-0.44
-0.09
-0.445
-0.09
-0.44
-0.295
-0.67
-0.28
-0.67
-0.295
-0.695
-0.09
-0.68
-0.09
-0.695
-0.09
-0.68
0.13
-0.25
0.385
-0.105
0.385
-0.75
0.385
-0.025
0.795
-0.63
0.795
-0.005
0.795
-0.005
0.795
-0.63
0.795
-0.02
0.805
-0.271667
0.805
-0.005
0.805
-0.005
0.805
-0.005
0.805
-0.005
0.925
-0.125
-0.005
0.638333
-0.005
0.638333
-0.005
0.638333
0
0.638333
-0.09
0.628333
-0.25
0.628333
-0.25
0.628333
-0.045
0.628333
-0.01
0.218333
-0.01
0.218333
-0.01
0.218333
-0.32
-0.391667
-0.25
-0.306667
-0.16
-0.511667
-0.18
-0.306667
-0.295
-0.466667
-0.16
-0.466667
-0.295
-0.431667
-0.18
-0.286667
-0.18
-0.306667
-0.16
-0.466667
-0.2
-0.0166667
0.385
-0.0166667
0.385
-0.0166667
0.385
-0.0166667
0.385
-0.0166667
0.795
0
0.795
0
0.795
0
0.795
-0.436667
0.805
0
0.805
-0.005
0.805
-0.005
0.805
-0.005
0.805
-0.005
-0.005
0.7425
-0.005
0.7425
-0.005
0.7425
-0.005
0.7425
0
0.7425
-0.09
0.7325
-0.25
0.7325
-0.25
0.7325
-0.045
0.7325
-0.01
0.3225
-0.01
0.3225
-0.01
0.3225
-0.32
-0.325
-0.25
-0.24
-0.16
-0.3675
-0.18
-0.225
-0.295
-0.3575
-0.3
-0.2
-0.18
-0.22
-0.18
-0.22
-0.18
-0.22
-0.3
-0.205
-0.18
-0.22
0.385
-0.205
0.385
-0.1175
0.385
-0.1125
0.385
0
0.795
-0.1175
0.795
-0.0125
0.795
-0.0125
0.795
-0.0125
0.805
-0.135
0.805
-0.005
0.805
-0.005
0.805
-0.005
0.805
-0.005
-0.005
0.805
-0.005
0.805
-0.005
0.805
-0.005
0.805
0
0.805
-0.09
0.795
-0.25
0.795
-0.25
0.795
-0.045
0.795
-0.01
0.385
-0.01
0.385
-0.01
0.385
-0.32
-0.285
-0.25
-0.2
-0.185
-0.185
-0.18
-0.2
-0.18
-0.18
-0.18
-0.2
-0.295
-0.28
-0.3
-0.205
-0.18
-0.185
-0.275
-0.28
-0.2
-0.25
-0.285
-0.305
0.385
-0.01
0.385
-0.04
0.385
-0.09
0.795
-0.01
0.795
-0.01
0.795
-0.09
0.795
-0.27
