0
0
0
0
0
0
0
0
0
0
0
0
0
0
0
0
0
0
-2.8
0
-1
0
-1
0
-1
0
0
0
-1
0
-1
0
-1
0
-1
0
0
0
-1
-4
0
-1.8
-1
0
0
0
-0.4
-1
0
-4
0
0
-1
-1
0
0
0
-1
0
-1
0
0
0
-1
0
-1
0
0
0
-2.8
0
-1
0
-0.3
0
0.1
0
0.1
0
0.1
0
0.1
0
0.1
0
0.1
0
0.1
0
0.1
0
0.1
-1
0.1
-1
0.1
-1
0.1
0
0.1
0
0.1
-1
0.1
-1
0.1
-1
0.1
0
0
-1
-0.15
-2.8
0.0166667
-0.4
-0.15
-0.4
-0.4
-0.4
-0.4
-1
-1.65
-0.4
-0.4
-1
-1.25
-0.4
-0.4
-0.4
-0.15
-0.4
-0.4
-0.4
-0.4
-0.4
-1.2
-0.4
-0.15
-0.4
-0.3
-0.4
-0.05
0
-0.75
0
0.15
0
0.3
0
0.3
0
0.3
0
0.3
0
0.3
0
0.3
0
0.3
0
0.3
-0.4
0.3
-1
0.3
-1
0.3
-1
0.3
0
0.3
0
0.3
-1
0.3
-1
0.3
-1
0.3
0
0
-1
-0.125
-4
-0.625
-0.4
-0.125
-0.4
0.241667
-2.8
-2
-0.4
0.3
-0.4
-0.2
-1
-0.8
-0.4
-0.3
-0.4
0.05
-0.4
-0.4
-0.4
-0.1
-0.4
-0.625
-0.4
0.05
-0.4
-0.3
-0.4
-0.3
0
0.075
0
0.183333
0
0.483333
0
0.483333
0
0.483333
0
0.483333
0
0.483333
0
0.483333
0
0.483333
0
0.483333
-0.4
0.483333
-1
0.483333
-1
0.483333
-1
0.483333
0
0.483333
0
0.483333
-1
0.483333
-1
0.483333
-1
0.483333
0
0
-1
-0.116667
-2.8
-1.26667
-1
0.416667
-0.4
0.316667
-0.4
-0.0166667
-0.4
-2.95
-0.4
-0.0166667
-1
-0.0166667
-0.4
-0.116667
-0.4
0.316667
-0.4
-1.71667
-0.4
-1.35
-0.4
-0.9
-0.4
-0.0166667
-0.4
-0.0166667
-0.4
-0.0166667
0
0
0
0.2875
0
0.5875
0
0.5875
0
0.5875
0
0.5875
0
0.5875
0
0.5875
0
0.5875
0
0.5875
0
0.5875
-1
0.5875
-1
0.5875
0
0.5875
0
0.5875
0
0.5875
-1
0.5875
-1
0.5875
-1
0.5875
0
0
-1
-0.2125
-0.4
0.5
-0.4
0
-0.4
0.35
-0.4
0
-1
-1.5
-0.4
0.35
-1
-1.5
-0.4
-1.5
-0.4
-0.3125
-0.4
-1.5
-0.4
-1.5
-0.4
-1.5
-0.4
-1.5
-0.4
-1.5
-0.4
-0.65
0
-0.1125
0
0.35
0
0.65
0
0.65
0
0.65
0
0.65
0
0.65
0
0.65
0
0.65
0
0.65
-0.4
0.65
0
0.65
-1
0.65
-1
0.65
0
0.65
0
0.65
-1
0.65
-1
0.65
-1
0.65
0
0
-1
0.19
-2.8
0.476667
-1
0.09
-1
-0.01
-0.4
-0.11
-1
-0.09
-0.4
-0.24
-1
0.19
-0.4
-1.71
-0.4
0
-0.4
0.19
-0.4
-1.22333
-0.4
-0.01
-0.4
0.49
-0.4
-0.9
-0.4
0.476667
0
0.49
0.1
0
0.1
0
0.1
0
0.1
0
0.1
0
0.1
0
0.1
0
0.1
0
0.1
0
0
0
0.0166667
0
-0.8
-0.4
-0.15
-0.4
-0.05
-0.4
-0.15
-0.4
-0.4
-0.4
-0.4
-0.4
-1.25
-0.4
-0.4
-0.4
-0.15
-4
-0.6
-1.8
-1.65
-1
-0.05
-2.8
-0.4
-1
0
-4
0
-4
-0.15
-1
0
0
0.1
-1
0.1
-1
0.1
0
0.1
-1
0.1
-1
0.1
0
0.1
-1
0.1
-1
0.1
0
0.1
0
0.1
0
0.1
0
0.1
0
0
0.1
0
0.1
0
0.1
0
0.1
0
0.1
-0.4
0.1
-0.2
0.1
-0.3
0.1
-0.05
0.1
-2.4
0.1
-0.05
0.1
-0.2
0.1
-2.4
0.1
-0.6
-0.7
-0.6
-0.4
-0.8
-0.15
-0.6
-1.23333
-0.5
-0.95
-0.15
-0.85
-0.15
-1.85
-0.15
-0.8
-1.85
-0.6
-0.2
-0.5
0.1
-0.05
0.1
-0.2
0.1
-0.3
0.1
-0.05
0.1
0
0.1
-0.3
0.1
-1.35
0.1
-0.3
0.1
0
0.1
0
0.1
0
-0.1
0.4
-0.1
0.4
0
0.3
0
0.3
0
0.3
0
0.3
-0.1
0.3
-0.4
0.3
-0.2
0.3
-0.3
0.3
-0.05
0.3
-2.4
0.3
-0.05
0.3
-0.2
0.3
-2.4
0.3
-0.6
-0.475
-0.6
-2.7
-0.8
-0.325
-0.75
-0.325
-0.5
-1.825
-0.5
-0.125
-0.3
-0.625
-0.4
-0.6
-1.3
-1.025
-0.5
-0.5
-0.3
-0.8
-0.3
-0.8
-0.0833333
0
-0.0833333
0
-0.0833333
0
0.1
-0.1
0.1
-0.2
0.1
-0.4
0.1
0
0.1
0
-0.1
0.583333
-0.1
0.583333
-0.1
0.583333
0
0.483333
0
0.483333
0
0.483333
0
0.483333
-0.1
0.483333
-0.4
0.483333
0
0.483333
-0.3
0.483333
-0.05
0.483333
-2.4
0.483333
-0.05
0.483333
-0.2
0.483333
-2.4
0.483333
-0.6
-0.4
-0.7
-0.4
-0.6
-0.566667
-0.7
-0.266667
-0.7
-1.06667
-0.85
-0.25
-0.85
-0.366667
-0.7
-0.266667
-0.55
-1.06667
-0.85
-2.01667
-0.45
-2.5
-0.45
-0.516667
-0.3
-1.06667
-0.3
-0.916667
0.1
-0.0666667
0.1
-0.0666667
0.1
-0.0666667
0.1
-0.0666667
0.1
0
0.1
0
-0.1
0.6875
-0.1
0.6875
-0.1
0.6875
0
0.5875
0
0.5875
0
0.5875
0
0.5875
0
0.5875
-0.4
0.5875
-0.2
0.5875
-0.3
0.5875
-0.05
0.5875
-2.4
0.5875
-0.05
0.5875
-0.2
0.5875
-2.4
0.5875
-0.6
-0.3625
-0.7
-0.4625
-0.85
-0.4125
-1.65
-0.2125
-0.7
-1.6625
-1.65
-0.7125
-0.85
-0.1125
-1.1
-0.8
-1.85
-0.6
-0.55
-0.6
-0.55
-0.6
-0.55
-0.6
-0.55
-0.6
-0.3
-0.8125
0.1
0
0.1
0
0.1
0
0.1
-0.4125
0.1
0
0.1
0
-0.1
0.75
-0.1
0.75
-0.1
0.75
0
0.65
0
0.65
0
0.65
0
0.65
-0.1
0.65
-0.4
0.65
-0.2
0.65
-0.3
0.65
-0.05
0.65
-2.4
0.65
-0.05
0.65
-0.2
0.65
-2.4
0.65
-0.6
-0.34
-0.7
-0.34
-0.7
-0.34
-1.65
-0.91
-0.7
-0.1
-1.65
-0.56
-0.85
-0.11
-1.6
-0.6
-1.3
-0.56
-0.55
-0.56
-0.55
-0.56
-0.55
-0.56
-0.55
-0.56
-0.55
-0.66
0.1
-0.01
0.1
-1.61
0.1
0
0.1
-1.61
0.3
0
0.3
0
0.3
0
0.3
0
0.3
0
0.3
0
0.3
0
0.3
0
0.3
0
0
0
-1.125
0
0
-0.4
-0.625
-0.4
-0.3
-0.4
-0.2
-0.4
-2.1
-0.4
-0.4
-0.4
-0.8
-0.4
-0.3
-0.4
0.05
-4
-0.4
-1.8
-0.125
-1
-0.1
-0.4
0
-1
0
-4
0.3
-4
0.375
-1
0
0
0.3
-1
0.3
-1
0.3
0
0.3
-1
0.3
-1
0.3
-2.8
0.3
-1
0.3
0
0.3
0
0.3
0
0.3
0
0.3
0
0.3
0
0.4
-0.1
0.4
-0.1
0
0.1
0
0.1
0
0.1
-0.4
0.1
-0.225
0.1
-0.625
0.1
0
-0.0833333
0
-0.0833333
0
-0.0833333
-0.8
-0.3
-0.8
-0.3
-0.6
-1.1
-0.458333
-0.5
-0.458333
-0.8
-1.425
-1.8
-0.125
-1.65
-0.125
-0.85
-0.125
-0.85
-0.158333
-0.8
-0.9
-0.6
-0.175
-0.5
0.3
-0.05
0.3
-0.2
0.3
-0.3
0.3
-1.35
0.3
0
0.3
-0.3
0.3
-1.35
0.3
-0.2
0.3
0
0.3
0
0.3
0
0.3
0
0.3
0
0
0.3
0
0.3
0
0.3
0
0.3
-0.1
0.3
-0.4
0.3
0
0.3
-0.1
0.175
-0.4
0.175
-0.025
0.175
-0.325
0.175
-1.825
0.175
-1.025
-0.05
-0.6
-0.7
-0.6
-0.2
-0.8
-2.4
-0.266667
-0.391667
-0.266667
-0.691667
-0.2
-0.9
-0.2
-1.225
-0.3
-0.6
-0.9
-1.025
-0.4
-0.5
-0.05
-2.5
0.175
-1.825
0.175
-0.125
0.175
-1.825
0.175
-0.125
0.175
-1.825
0.3
-0.325
0.3
-2.225
0.3
0
0.3
0
0.3
0
0.3
0
-0.1
0.583333
0
0.483333
0
0.483333
0
0.483333
0
0.483333
-0.1
0.483333
-0.4
0.483333
-0.025
0.383333
-0.1
0.383333
-0.4
0.383333
-0.025
0.383333
-0.325
0.383333
-1.825
0.383333
-0.025
0.383333
-0.6
-0.566667
-0.325
-0.766667
-0.8
-2.51667
-1.425
-0.466667
-0.325
-0.766667
-0.325
-1.01667
-0.325
-0.766667
-0.475
-0.266667
-0.475
-0.266667
-0.625
-2.01667
-0.05
-2.5
-0.05
-2.5
-0.05
-0.266667
0.175
-0.966667
0.175
-0.416667
0.175
0
0.3
-0.116667
0.3
-0.266667
0.3
0
0.3
0
0.3
0
0.3
0
-0.1
0.6875
0
0.5875
0
0.5875
0
0.5875
0
0.5875
0
0.5875
-0.4
0.5875
-0.225
0.4875
-0.1
0.4875
-0.4
0.4875
-0.025
0.4875
-0.325
0.4875
-1.825
0.4875
-0.025
0.4875
-0.6
-0.5
-1.425
-0.15
-0.8
-3.3125
-1.425
-0.95
-0.325
-1.2125
-0.325
-0.7
-0.625
-0.15
-0.7
-0.8
-0.9
-0.6
-0.325
-0.6
-0.325
-0.6
-0.05
-0.2
-0.05
-0.2
0.175
-0.0125
0.175
-0.2125
0.175
-0.0125
0.3
-0.0125
0.3
0
0.3
0
0.3
0
0.3
0
-0.1
0.75
-0.1
0.75
0
0.65
0
0.65
0
0.65
0
0.65
-0.1
0.65
-0.1
0.65
-0.025
0.55
-0.1
0.55
-0.4
0.55
-0.025
0.55
-0.325
0.55
-1.825
0.55
-0.025
0.55
-0.6
-0.46
-1.425
-2.54
-0.9
-0.26
-1.425
-1.76
-0.325
-3.06
-1.2
-0.56
-0.625
-0.14
-1.775
-0.6
-0.9
-0.56
-0.325
-0.56
-0.325
-0.56
-0.325
-0.56
-0.05
-0.35
0.175
-0.09
0.175
-0.11
0.175
-0.25
0.175
-0.09
0.3
-1.61
0.483333
0
0.483333
0
0.483333
0
0.483333
0
0.483333
0
0.483333
0
0.483333
0
0.483333
0
0.483333
0
0
0
0.283333
0
0
-0.4
-0.0166667
-0.4
-0.116667
-0.4
-0.0166667
-0.4
-1.35
-0.4
-0.116667
-0.4
-0.0166667
-0.4
-0.116667
-0.4
-0.0166667
-0.4
-0.116667
-1.8
-0.116667
-1
-0.116667
-1
0
-1
-0.0166667
-2.8
-0.45
-4
0
-1
0
0
0.483333
-1
0.483333
-2.8
0.483333
0
0.483333
-1
0.483333
-1
0.483333
-2.8
0.483333
-1
0.483333
0
0.483333
0
0.483333
0
0.483333
0
0.483333
0
0.483333
0
0.583333
-0.1
0.583333
-0.1
0.583333
-0.1
0
0.1
0
0.1
-0.55
0.1
-0.166667
0.1
-0.0666667
0.1
-0.0666667
0.1
-0.916667
-0.3
-0.666667
-0.3
-0.516667
-0.45
-0.0666667
-0.45
-1.65
-0.5
-1.56667
-0.55
-0.15
-0.8
-0.141667
-0.975
-0.233333
-2.51667
-0.141667
-1.775
-0.116667
-1.85
-0.15
-0.8
-0.316667
-1.45
-0.166667
-0.5
0.483333
-0.05
0.483333
-0.2
0.483333
-1.25
0.483333
-1.35
0.483333
0
0.483333
-0.3
0.483333
-1.35
0.483333
-0.2
0.483333
0
0.483333
0
0.483333
0
0.483333
0
0.483333
0
0.583333
-0.1
0
0.3
0
0.3
0
0.3
-0.1
0.3
-0.4
0.3
-0.0166667
0.3
-0.416667
0.175
-0.0666667
0.175
-0.416667
0.175
-2.01667
-0.05
-0.516667
-0.05
-0.0666667
-0.05
-1.65
-0.1
-1.56667
-0.325
-0.766667
-0.8
-1.56667
-0.325
-0.233333
-0.691667
-0.166667
-0.625
-0.266667
-0.2
-0.566667
-3.1
-1.31667
-1.025
-0.366667
-0.5
0.383333
-0.125
0.383333
-1.825
0.383333
-0.125
0.383333
-0.125
0.383333
-0.125
0.383333
-1.6
0.383333
-0.025
0.483333
-0.4
0.483333
0
0.483333
0
0.483333
0
0.483333
0
0.483333
0
0
0.483333
0
0.483333
0
0.483333
0
0.483333
-0.1
0.483333
-0.55
0.483333
-0.0166667
0.383333
-0.416667
0.383333
-0.0666667
0.383333
-0.416667
0.383333
-2.01667
0.0833333
-0.516667
0.0833333
-0.0666667
0.0833333
-1.65
0.0333333
-1.56667
-0.516667
-0.566667
-0.566667
-0.7
-0.266667
-0.266667
-0.7
-0.25
-1.01667
-0.55
-0.366667
-0.4
-0.266667
-0.55
-0.366667
-0.55
-2.01667
0.0833333
-0.0666667
0.0833333
-2.5
0.0833333
-0.266667
0.383333
-0.966667
0.383333
-0.416667
0.383333
0
0.383333
0
0.483333
-0.266667
0.483333
0
0.483333
0
0.483333
0
0.483333
0
0.483333
0
0
0.5875
0
0.5875
0
0.5875
0
0.5875
0
0.5875
-0.55
0.5875
-0.0166667
0.4875
-0.416667
0.4875
-0.0666667
0.4875
-0.416667
0.4875
-0.416667
0.4875
-0.516667
0.15
-0.0666667
0.15
-1.65
0.1
-1.56667
-0.3
-0.566667
-0.8
-1.56667
-0.2125
-0.316667
-0.2125
-1.31667
-0.7125
-0.4
-0.3625
-0.566667
-0.8
-0.55
-0.6
-0.25
-0.6
-0.116667
-0.05
-0.116667
-0.6
0.383333
-1.7125
0.383333
-0.0125
0.383333
-0.0125
0.383333
-1.6
0.383333
0
0.483333
-0.2
0.483333
0
0.483333
0
0.483333
0
0.483333
0
-0.1
0.75
0
0.65
0
0.65
0
0.65
0
0.65
-0.1
0.65
-0.55
0.65
-0.0166667
0.55
-0.416667
0.55
-0.0666667
0.55
-0.416667
0.55
-0.416667
0.55
-0.516667
0.19
-0.0666667
0.19
-1.65
0.14
-1.56667
-0.19
-0.766667
-1.69
-0.4
-0.64
-0.566667
-0.76
-1.31667
-0.56
-2.26667
-0.19
-0.766667
-0.6
-0.766667
-0.6
-0.25
-0.56
-0.116667
-0.01
-0.116667
-0.56
-0.116667
-2.5
0.383333
-0.09
0.383333
-0.11
0.383333
-0.25
0.383333
-0.01
0.483333
-1.61
0.5875
0
0.5875
0
0.5875
0
0.5875
0
0.5875
0
0.5875
0
0.5875
0
0.5875
0
0.5875
0
0
0
-0.6
0
0.454167
-0.4
0
-0.4
0.454167
-0.4
0
-0.4
-1.5
-0.4
0
-0.4
0
-0.4
-1.5
-0.4
0
-0.4
-0.1125
-1.8
0.0875
-1
0.25
-2.8
-1.6
-4
0
-0.4
0.354167
-4
0
-1
0
0
0.5875
-1
0.5875
-1
0.5875
0
0.5875
-1
0.5875
-1
0.5875
0
0.5875
-1
0.5875
0
0.5875
0
0.5875
0
0.5875
0
0.5875
0
0.5875
0
0.6875
-0.1
0.6875
-0.1
0.6875
-0.1
0
0.1
0
0.1
-0.5125
0.1
-0.3125
0.1
0
0.1
0
0.1
-0.4125
-0.3
-0.6
-0.55
-0.6
-0.55
-0.6
-0.55
-0.6
-0.55
-0.6
-1.85
-0.6
-1.75
-0.6
-0.95
-0.5
-1.9
-0.1125
-0.85
-0.1125
-1.85
-0.1375
-1.775
-0.1125
-1.15
-0.1625
-0.5
0.5875
-0.05
0.5875
-0.2
0.5875
-1.25
0.5875
-1.35
0.5875
0
0.5875
-0.3
0.5875
-1.35
0.5875
-0.2
0.5875
0
0.5875
0
0.5875
0
0.5875
0
0.5875
0
0.6875
-0.1
0
0.3
0
0.3
0
0.3
-0.1
0.3
-0.5125
0.3
-0.1125
0.3
-0.0125
0.175
0
0.175
-1.7125
0.175
-0.2
-0.05
-0.2
-0.05
-0.6
-0.325
-0.6
-0.325
-0.6
-1.225
-0.6
-1.225
-0.7
-0.325
-0.7
-0.325
-0.15
-0.625
-0.15
-1.225
-0.9125
-0.8
-1
-1.025
-0.35
-0.5
0.4875
-0.125
0.4875
-1.825
0.4875
-0.125
0.4875
-0.625
0.4875
-0.125
0.4875
-1.825
0.4875
-1.825
0.5875
-0.4
0.5875
0
0.5875
0
0.5875
0
0.5875
0
0.5875
0
0
0.483333
0
0.483333
0
0.483333
0
0.483333
-0.1
0.483333
-0.5125
0.483333
-0.0125
0.383333
-0.0125
0.383333
0
0.383333
-1.7125
0.383333
-1.9125
0.383333
-0.6
-0.116667
-0.6
-0.116667
-0.6
-0.25
-0.6
-1.01667
-0.6
-1.56667
-0.6
-1.31667
-0.7
-2.01667
-0.2125
-1.01667
-0.2125
-0.766667
-0.3625
-0.266667
-0.3625
-0.266667
-0.5125
-2.01667
0.15
-0.0666667
0.15
-0.0666667
0.4875
-1.75
0.4875
-0.816667
0.4875
-0.416667
0.4875
0
0.4875
-0.416667
0.5875
-0.266667
0.5875
0
0.5875
0
0.5875
0
0.5875
0
0.5875
0
0
0.5875
0
0.5875
0
0.5875
0
0.5875
0
0.5875
-0.5125
0.5875
-0.0125
0.4875
-0.0125
0.4875
0
0.4875
-1.7125
0.4875
-1.9125
0.4875
-0.6
-0.0125
-0.6
-0.0125
-0.6
-0.2125
-0.6
-0.9125
-0.6
-1.7125
-0.7
-0.2125
-0.7
-0.2125
-0.9125
-0.7125
-0.3625
-0.3625
-0.7
-0.7125
-1.2125
-0.6
-0.2125
-0.6
-0.0125
-2.5
-0.0125
-0.6
0.4875
-1.7125
0.4875
-1.6125
0.4875
-0.0125
0.4875
-0.0125
0.4875
-1.7125
0.5875
-0.2
0.5875
0
0.5875
0
0.5875
0
0.5875
0
0.5875
0
0
0.65
0
0.65
0
0.65
0
0.65
-0.1
0.65
-0.4
0.65
-0.0125
0.55
-0.0125
0.55
0
0.55
-1.7125
0.55
-1.9125
0.55
-0.6
0.05
-0.6
0.05
-0.6
-0.19
-0.6
-0.85
-0.8
-1.26
-0.2125
-0.85
-0.7
-0.19
-0.9125
-0.56
-0.2125
-0.66
-0.3625
-2.5
-0.6625
-0.6
-0.2125
-0.56
-0.0125
-2.5
-0.0125
-0.56
-0.0125
-0.09
0.4875
-0.09
0.4875
-0.11
0.4875
-0.25
0.4875
-0.09
0.5875
-1.61
0.65
0
0.65
0
0.65
0
0.65
0
0.65
0
0.65
0
0.65
0
0.65
0
0.65
0
0
0
0
0
-0.25
-0.4
0
-0.4
0.476667
-0.4
-0.01
-0.4
0.15
-0.4
0.19
-0.4
0.19
-0.4
-1.71
-0.4
0
-4
0
-1.8
0.15
-1
-0.9
-2.8
-0.11
-4
0.29
-1.8
0
-2.8
-0.11
-1
0
0
0.65
-1
0.65
-1
0.65
0
0.65
-1
0.65
0
0.65
0
0.65
-1
0.65
0
0.65
0
0.65
0
0.65
0
0.65
0
0.65
0
0.75
-0.1
0.75
-0.1
0.75
-0.1
0
0.1
0
0.1
-0.01
0.1
-0.35
0.1
-0.1
0.1
-1.61
0.1
-0.56
-0.55
-0.56
-0.55
-0.56
-0.55
-0.56
-0.55
-0.56
-0.55
-0.135
-0.975
-0.135
-0.975
-1.61
-1.15
-0.11
-0.85
-0.11
-0.85
-0.11
-1.85
-0.1
-3.1
-0.15
-1.45
-0.16
-0.5
0.65
-0.05
0.65
-0.2
0.65
-1.25
0.65
-0.05
0.65
0
0.65
-0.3
0.65
-1.35
0.65
-0.45
0.65
0
0.65
0
0.65
0
0.65
0
0.65
0
0.75
-0.1
0.75
-0.1
0
0.3
0
0.3
-0.1
0.3
-0.01
0.3
-0.09
0.175
-0.11
0.175
-0.09
0.175
-0.09
0.175
-0.04
-0.05
-0.56
-0.325
-0.56
-0.325
-0.56
-0.325
-0.6
-0.975
-0.66
-0.325
-0.6
-1.775
-0.206667
-1.19167
-0.14
-0.9
-0.14
-0.625
-1.65
-0.8
-0.66
-1.025
-0.34
-0.5
0.55
-0.125
0.55
-1.825
0.55
-0.125
0.55
-0.625
0.55
-0.125
0.55
-1.6
0.55
-0.025
0.65
-1.025
0.65
0
0.65
0
0.65
0
0.65
0
0.65
0
0.75
-0.1
0
0.483333
0
0.483333
0
0.483333
-0.1
0.483333
-0.01
0.483333
0
0.383333
-0.11
0.383333
-0.09
0.383333
-0.09
0.383333
-0.56
-0.116667
-0.56
-0.116667
-0.56
-0.116667
-0.56
-0.25
-0.6
-0.766667
-0.6
-1.56667
-0.64
-0.266667
-0.19
-0.766667
-0.34
-0.7
-0.34
-0.7
-0.64
-0.266667
-0.66
-0.516667
-0.49
-2.01667
0.19
-0.0666667
0.19
-0.516667
0.55
-1.75
0.55
-0.816667
0.55
-0.416667
0.55
0
0.55
0
0.65
-1.31667
0.65
0
0.65
0
0.65
0
0.65
0
0.65
0
0
0.5875
0
0.5875
0
0.5875
0
0.5875
0
0.5875
-0.01
0.5875
-0.09
0.4875
-0.11
0.4875
-0.09
0.4875
-0.09
0.4875
-0.56
-0.0125
-0.56
-0.0125
-0.56
-0.0125
-0.56
-0.2125
-0.6
-0.6625
-0.66
-0.7125
-0.6
-1.4625
-0.34
-0.3625
-1.65
-0.7125
-0.34
-0.3625
-0.76
-0.8
-0.66
-0.2125
-0.19
-0.6
0.05
-2.5
0.05
-0.6
0.55
-1.7125
0.55
-0.0125
0.55
-0.2125
0.55
-1.6
0.55
0
0.65
-0.3
0.65
0
0.65
0
0.65
0
0.65
0
0.65
0
0
0.65
0
0.65
0
0.65
0
0.65
-0.1
0.65
-0.01
0.65
0
0.55
-0.11
0.55
-0.09
0.55
-0.09
0.55
-0.56
0.05
-0.56
0.05
-0.56
0.05
-0.56
-0.19
-0.6
-0.6
-0.66
-1.69
-1.65
-0.99
-0.34
-0.1
-0.1
-0.64
-0.19
-0.66
-0.6
-0.6
-0.9
-0.6
-0.19
-0.56
0.05
-2.5
0.05
-0.56
0.05
-2.5
0.55
-0.09
0.55
-0.11
0.55
-0.25
0.55
-0.01
0.65
-0.01
