-29.03
-30.035
-29.03
-30.035
-29.03
-30.035
-29.03
-30.035
-29.02
-30.035
-30.035
-29.02
-30.035
-29.03
-30.035
-29.03
-30.035
-29.03
-30.035
-29.03
-30.035
-29.03
-30.035
-29.03
-30.035
-29.03
-30.035
-29.44
-30.035
-29.44
-30.035
-29.44
-30.085
-30.2
-30.085
-30.2
-30.035
-30.075
-30.035
-30.25
-30.25
-30.2
-30.055
-30.055
-30.055
-30.055
-30.06
-30.06
-30.155
-30.22
-30.035
-30.25
-30.035
-30.085
-30.075
-30.035
-30.2
-30.085
-30.2
-30.085
-29.44
-30.035
-29.44
-30.035
-29.44
-30.035
-29.03
-30.035
-29.03
-30.035
-29.03
-30.035
-29.02
-0.005
-29.02
-0.005
-29.02
-0.005
-29.02
-0.005
-29.02
-0.005
-28.855
-0.125
-28.855
-0.125
-28.855
-0.125
-28.855
-0.125
-29.3883
-0.125
-29.3883
-0.125
-29.3225
-0.1775
-29.555
-0.335
-29.555
-0.335
-30.085
-0.925
-30.085
-0.925
-30.085
-0.925
-30.085
-0.925
-30.035
-0.845
-30.035
-1.425
-30.035
-1.345
-30.035
-0.845
-30.035
-0.845
-30.035
-0.845
-30.035
-0.845
-30.035
-0.885
-30.055
-0.825
-30.055
-0.005
-29.03
-0.455
-29.03
-0.205
-29.03
-0.455
-29.03
-0.47
-29.03
-0.055
-29.03
-0.055
-29.03
-0.205
-29.03
-0.455
-29.02
-0.005
-29.02
-0.005
-29.02
-0.005
-29.02
-0.005
-29.02
-0.005
-28.855
-0.125
-28.855
-0.125
-30.035
0.42
-30.035
0.42
-30.035
0.42
-30.035
0.42
-30.035
0.42
-30.035
0.42
-30.035
0.01
-30.035
0.01
-30.085
-0.525
-30.085
-0.525
-30.085
-0.525
-30.035
-0.445
-30.035
-0.695
-30.035
-0.72
-30.035
-0.445
-30.035
-0.68
-30.035
-0.445
-30.035
-0.445
-30.035
-0.565
-30.055
-0.545
-30.065
-0.005
-29.44
-0.23
-29.44
-0.105
-29.44
-0.23
-29.03
-0.005
-29.03
-0.005
-29.03
-0.105
-29.03
-0.005
-29.03
-0.005
-29.03
-0.005
-29.03
-0.005
-29.03
-0.005
-29.03
-0.005
-29.02
-0.005
-28.855
-0.125
-30.035
0.628333
-30.035
0.628333
-30.035
0.628333
-30.035
0.628333
-30.035
0.628333
-30.035
0.628333
-30.035
0.628333
-30.035
0.218333
-30.035
0.218333
-30.085
-0.391667
-30.085
-0.391667
-30.085
-0.391667
-30.035
-0.311667
-30.035
-0.591667
-30.035
-0.471667
-30.055
-0.291667
-30.185
-0.311667
-30.055
-0.291667
-30.055
-0.291667
-30.035
-0.326667
-30.055
-0.291667
-30.075
-0.0866667
-29.44
-0.271667
-29.44
-0.0716667
-29.44
-0.271667
-29.44
-0.155
-29.03
-0.0216667
-29.03
-0.0216667
-29.03
-0.005
-29.03
-0.005
-29.03
-0.005
-29.03
-0.005
-29.03
-0.005
-29.03
-0.005
-29.02
-0.005
-28.855
-0.125
-30.035
0.7325
-30.035
0.7325
-30.035
0.7325
-30.035
0.7325
-30.035
0.7325
-30.035
0.7325
-30.035
0.7325
-30.035
0.3225
-30.035
0.3225
-30.085
-0.325
-30.085
-0.325
-30.085
-0.325
-30.035
-0.245
-30.035
-0.4075
-30.055
-0.265
-30.055
-0.225
-30.2
-0.3675
-30.055
-0.225
-30.055
-0.225
-30.035
-0.3675
-30.055
-0.265
-30.075
-0.005
-29.44
-0.055
-29.44
-0.0175
-29.44
-0.0175
-29.44
-0.0175
-29.03
-0.0175
-29.03
-0.0175
-29.03
-0.005
-29.03
-0.005
-29.03
-0.005
-29.03
-0.005
-29.03
-0.005
-29.03
-0.005
-29.02
-0.005
-28.855
-0.125
-30.035
0.795
-30.035
0.795
-30.035
0.795
-30.035
0.795
-30.035
0.795
-30.035
0.795
-30.035
0.795
-30.035
0.385
-30.035
0.385
-30.035
0.385
-30.085
-0.285
-30.085
-0.285
-30.035
-0.205
-30.035
-0.305
-30.105
-0.28
-30.055
-0.185
-30.055
-0.185
-30.055
-0.185
-30.035
-0.305
-30.035
-0.345
-30.055
-0.305
-30.075
-0.005
-29.44
-0.005
-29.44
-0.005
-29.44
-0.255
-29.44
-0.18
-29.03
-0.005
-29.03
-0.005
-29.03
-0.005
-29.03
-0.005
-0.125
-29.3883
-0.125
-28.855
-0.125
-28.855
-0.125
-28.855
-0.125
-28.855
-0.005
-29.02
-0.005
-29.02
-0.005
-29.02
-0.005
-29.02
-0.005
-29.02
-0.055
-29.03
-0.47
-29.03
-0.055
-29.03
-0.055
-29.03
-0.055
-29.03
-0.055
-29.03
-0.055
-29.03
-0.055
-29.03
-0.005
-30.055
-0.845
-30.035
-0.825
-30.055
-0.845
-30.035
-0.845
-30.035
-0.845
-30.035
-0.825
-30.055
-0.845
-30.035
-0.805
-30.085
-0.845
-30.035
-0.925
-30.085
-0.925
-30.085
-0.925
-30.085
-0.925
-30.085
-0.335
-29.555
-0.335
-29.555
-0.1775
-29.3225
-0.125
-29.3883
0.165
-0.005
0.165
-0.005
0.165
-0.005
0.165
-0.005
0.165
-0.005
-0.005
0.165
-0.005
0.165
-0.005
0.165
-0.005
0.165
-0.005
0.165
-0.005
0.165
-0.005
0.165
-0.455
0.0716667
-0.055
0.0716667
-0.055
0.0716667
-0.455
0.0716667
-0.055
0.0716667
-0.055
0.0716667
-0.005
-0.225
-0.485
-0.22
-1.38
-1.27
-0.22
-0.885
-0.805
-1.38
-1.32
-1.32
-0.215
-0.23
-0.131667
-0.131667
-0.215
-0.23
-0.225
-0.005
0.0716667
-0.055
0.0716667
-0.47
0.0716667
-0.055
0.0716667
-0.055
0.0716667
-0.055
0.0716667
-0.455
0.165
-0.005
0.165
-0.005
0.165
-0.005
0.165
-0.005
0.165
-0.005
-0.125
0.575
-0.125
0.575
-0.005
0.455
-0.005
0.455
-0.005
0.455
-0.005
0.455
-0.005
0.455
-0.005
0.455
-0.455
0.42
-0.455
0.42
-0.055
0.42
-0.055
0.42
-0.455
0.42
-0.055
0.42
-0.055
0.42
-0.005
-0.125
-0.485
-0.12
-0.47
-0.32
-0.485
-0.105
-0.485
-0.105
-0.47
-0.26
-0.485
-0.23
-0.485
-0.105
-0.485
-0.105
-0.485
-0.005
-0.575
-0.445
-0.325
-0.46
-0.205
-0.23
0.0716667
-0.03
0.0716667
-0.23
0.0716667
-0.03
0.165
-0.005
0.165
-0.005
0.0716667
-0.005
0.0716667
-0.005
-0.125
0.758333
-0.125
0.758333
-0.125
0.758333
-0.005
0.638333
-0.005
0.638333
-0.005
0.638333
-0.005
0.638333
-0.005
0.638333
-0.055
0.628333
-0.455
0.628333
-0.455
0.628333
-0.055
0.628333
-0.055
0.628333
-0.455
0.628333
-0.055
0.628333
-0.055
0.628333
-0.005
-0.0916667
-0.845
-0.0716667
-0.845
-0.0716667
-0.805
-0.471667
-0.845
-0.0716667
-1.28
-0.486667
-0.845
-0.0866667
-0.825
-0.291667
-0.825
-0.291667
-0.845
-0.0866667
-0.615
-0.0716667
-0.615
-0.421667
-0.615
-0.0716667
0.0716667
-0.0216667
0.0716667
-0.0216667
0.0716667
-0.02
0.0716667
-0.0216667
0.0716667
-0.005
0.0716667
-0.005
-0.125
0.8625
-0.125
0.8625
-0.125
0.8625
-0.125
0.8625
-0.005
0.7425
-0.005
0.7425
-0.005
0.7425
-0.005
0.7425
-0.005
0.7425
-0.055
0.7325
-0.455
0.7325
-0.455
0.7325
-0.055
0.7325
-0.055
0.7325
-0.455
0.7325
-0.055
0.7325
-0.055
0.7325
-0.005
-0.075
-0.845
-0.28
-0.825
-0.3
-0.805
-0.3675
-1.38
-0.055
-1.28
-0.3825
-1.28
-0.3825
-0.845
-0.055
-0.845
-0.1175
-0.845
-0.005
-0.925
-0.3675
-0.615
-0.205
-0.615
-0.0175
-0.615
-0.0175
0.0716667
-0.005
0.0716667
-0.005
0.0716667
-0.005
0.0716667
-0.005
0.0716667
-0.005
-0.125
0.925
-0.125
0.925
-0.125
0.925
-0.125
0.925
-0.005
0.805
-0.005
0.805
-0.005
0.805
-0.005
0.805
-0.005
0.805
-0.055
0.795
-0.455
0.795
-0.455
0.795
-0.055
0.795
-0.055
0.795
-0.055
0.795
-0.055
0.795
-0.055
0.795
-0.005
-0.065
-0.805
-0.305
-1.38
-0.215
-0.805
-0.305
-0.845
-0.045
-1.28
-0.28
-0.945
-0.2
-0.845
-0.045
-0.845
-0.045
-0.845
-0.005
-0.925
-0.305
-0.925
-0.305
-0.615
-0.095
-0.615
-0.095
-0.205
-0.005
0.0716667
-0.005
0.0716667
-0.005
0.0716667
-0.005
0.42
-30.035
0.42
-30.035
0.42
-30.035
-0.125
-28.855
-0.125
-28.855
-0.005
-29.02
-0.005
-29.02
-0.005
-29.02
-0.005
-29.02
-0.005
-29.02
-0.005
-29.03
-0.005
-29.03
-0.005
-29.03
-0.005
-29.03
-0.005
-29.03
-0.105
-29.44
-0.105
-29.44
-0.105
-29.44
-0.005
-30.065
-0.445
-30.035
-0.425
-30.055
-0.445
-30.035
-0.445
-30.035
-0.445
-30.035
-0.425
-30.055
-0.445
-30.035
-0.405
-30.085
-0.445
-30.035
-0.525
-30.085
-0.525
-30.085
-0.525
-30.085
0.01
-30.035
0.01
-30.035
0.42
-30.035
0.42
-30.035
0.42
-30.035
0.455
-0.005
0.455
-0.005
0.455
-0.005
0.455
-0.005
0.455
-0.005
0.575
-0.125
0.575
-0.125
-0.005
0.165
-0.005
0.165
-0.005
0.165
-0.005
0.165
-0.005
0.165
-0.005
0.0716667
-0.005
0.0716667
-0.03
0.0716667
-0.005
-0.205
-0.26
-0.325
-0.445
-0.575
-0.005
-0.485
-0.68
-1.27
-0.105
-0.845
-0.105
-0.845
-0.105
-1.38
-0.705
-1.32
-0.105
-0.845
-0.23
-1.38
-0.105
-0.885
-0.125
-0.005
0.42
-0.055
0.42
-0.47
0.42
-0.055
0.42
-0.055
0.42
-0.455
0.42
-0.455
0.42
-0.455
0.455
-0.005
0.455
-0.005
0.455
-0.005
0.455
-0.005
0.455
-0.005
0.455
-0.005
-0.005
0.455
-0.005
0.455
-0.005
0.455
-0.005
0.455
-0.005
0.455
-0.005
0.42
-0.03
0.42
-0.03
0.42
-0.005
0.42
-0.105
0.42
-0.405
0.01
-0.105
0.01
-0.105
0.01
-0.005
-0.26
-0.445
-0.8
-0.245
-0.155
-0.365
-0.155
-0.245
-0.245
-0.245
-0.285
-0.23
-0.445
-0.245
-0.245
-0.245
-0.245
-0.26
-0.005
0.01
-0.105
0.01
-0.105
0.01
-0.23
0.42
-0.005
0.42
-0.03
0.42
-0.03
0.42
-0.03
0.42
-0.005
0.42
-0.005
0.42
-0.005
0.42
-0.005
0.42
-0.005
-0.125
0.758333
-0.005
0.638333
-0.005
0.638333
-0.005
0.638333
-0.005
0.638333
-0.005
0.638333
-0.005
0.628333
-0.03
0.628333
-0.03
0.628333
-0.005
0.628333
-0.005
0.628333
-0.405
0.218333
-0.105
0.218333
-0.105
0.218333
-0.005
-0.185
-0.68
-0.17
-0.425
-0.291667
-0.425
-0.306667
-0.445
-0.155
-0.265
-0.0816667
-0.425
-0.306667
-0.25
-0.0566667
-0.425
-0.291667
-0.445
-0.0866667
0.01
-0.436667
0.01
-0.436667
0.01
-0.0716667
0.01
-0.0716667
0.42
-0.005
0.42
-0.0216667
0.42
-0.0716667
0.42
-0.005
0.42
-0.005
0.42
-0.005
0.42
-0.005
0.42
-0.005
-0.125
0.8625
-0.005
0.7425
-0.005
0.7425
-0.005
0.7425
-0.005
0.7425
-0.005
0.7425
-0.005
0.7325
-0.03
0.7325
-0.03
0.7325
-0.005
0.7325
-0.005
0.7325
-0.405
0.3225
-0.105
0.3225
-0.105
0.3225
-0.005
-0.1475
-0.68
-0.22
-0.405
-0.3675
-0.445
-0.1175
-0.445
-0.1175
-0.72
-0.205
-0.405
-0.3825
-0.445
-0.1175
-0.445
-0.1175
-0.445
-0.005
0.01
-0.1175
0.01
-0.055
0.01
-0.0175
0.01
-0.0175
0.42
-0.0175
0.42
-0.0175
0.42
-0.005
0.42
-0.005
0.42
-0.005
0.42
-0.005
0.42
-0.005
0.42
-0.005
-0.125
0.925
-0.005
0.805
-0.005
0.805
-0.005
0.805
-0.005
0.805
-0.005
0.805
-0.005
0.795
-0.03
0.795
-0.03
0.795
-0.005
0.795
-0.005
0.795
-0.405
0.385
-0.105
0.385
-0.105
0.385
-0.005
-0.125
-0.445
-0.33
-0.425
-0.185
-0.445
-0.095
-0.445
-0.095
-0.445
-0.11
-0.405
-0.38
-0.445
-0.095
-0.445
-0.255
-0.445
-0.005
-0.525
-0.305
0.01
-0.005
0.01
-0.095
0.01
-0.095
0.42
-0.005
0.42
-0.005
0.42
-0.005
0.42
-0.005
0.628333
-30.035
0.628333
-30.035
0.628333
-30.035
0.628333
-30.035
-0.125
-28.855
-0.005
-29.02
-0.005
-29.03
-0.005
-29.03
-0.005
-29.03
-0.005
-29.03
-0.005
-29.03
-0.005
-29.03
-0.005
-29.03
-0.0716667
-29.03
-0.0716667
-29.44
-0.0716667
-29.44
-0.0716667
-29.44
-0.0716667
-29.44
-0.0866667
-30.075
-0.311667
-30.035
-0.291667
-30.055
-0.291667
-30.055
-0.291667
-30.055
-0.291667
-30.055
-0.291667
-30.055
-0.291667
-30.055
-0.271667
-30.085
-0.311667
-30.035
-0.391667
-30.085
-0.391667
-30.085
-0.391667
-30.085
0.218333
-30.035
0.218333
-30.035
0.628333
-30.035
0.628333
-30.035
0.628333
-30.035
0.638333
-0.005
0.638333
-0.005
0.638333
-0.005
0.638333
-0.005
0.638333
-0.005
0.758333
-0.125
0.758333
-0.125
0.758333
-0.125
-0.005
0.0716667
-0.005
0.0716667
-0.005
0.0716667
-0.0216667
0.0716667
-0.02
0.0716667
-0.005
0.0716667
-0.0216667
0.0716667
-0.421667
-0.615
-0.0716667
-0.615
-0.0716667
-0.615
-0.0866667
-0.845
-0.311667
-1.27
-0.271667
-0.615
-0.0816667
-0.875
-0.0783333
-0.621667
-0.566667
-1.32
-0.0716667
-1.32
-0.0866667
-1.38
-0.0783333
-0.636667
-0.0916667
-0.005
0.628333
-0.055
0.628333
-0.055
0.628333
-0.455
0.628333
-0.055
0.628333
-0.055
0.628333
-0.455
0.628333
-0.455
0.628333
-0.055
0.638333
-0.005
0.638333
-0.005
0.638333
-0.005
0.638333
-0.005
0.638333
-0.005
0.758333
-0.125
-0.005
0.42
-0.005
0.42
-0.005
0.42
-0.005
0.42
-0.005
0.42
-0.0716667
0.42
-0.0216667
0.42
-0.0716667
0.42
-0.0716667
0.01
-0.421667
0.01
-0.0716667
0.01
-0.0716667
0.01
-0.0866667
-0.445
-0.21
-0.17
-0.291667
-0.425
-0.17
-0.155
-0.17
-0.195
-0.546667
-0.645
-0.291667
-0.425
-0.155
-0.445
-0.17
-0.155
-0.185
-0.005
0.218333
-0.105
0.218333
-0.105
0.218333
-0.105
0.628333
-0.045
0.628333
-0.23
0.628333
-0.03
0.628333
-0.03
0.628333
-0.005
0.628333
-0.005
0.628333
-0.005
0.628333
-0.005
0.628333
-0.005
0.638333
-0.005
-0.005
0.638333
-0.005
0.628333
-0.005
0.628333
-0.005
0.628333
-0.005
0.628333
-0.005
0.628333
-0.0716667
0.628333
-0.0216667
0.628333
-0.0716667
0.628333
-0.0716667
0.218333
-0.421667
0.218333
-0.0716667
0.218333
-0.0716667
0.218333
-0.0866667
-0.311667
-0.311667
-0.421667
-0.291667
-0.291667
-0.271667
-0.471667
-0.271667
-0.471667
-0.421667
-0.326667
-0.271667
-0.486667
-0.0416667
-0.0566667
-0.291667
-0.291667
-0.311667
-0.0866667
0.218333
-0.0716667
0.218333
-0.271667
0.218333
-0.0716667
0.218333
-0.155
0.628333
-0.0216667
0.628333
-0.0216667
0.628333
-0.0716667
0.628333
-0.005
0.628333
-0.005
0.628333
-0.005
0.628333
-0.005
0.628333
-0.005
0.638333
-0.005
-0.005
0.7425
-0.005
0.7325
-0.005
0.7325
-0.005
0.7325
-0.005
0.7325
-0.005
0.7325
-0.0716667
0.7325
-0.0216667
0.7325
-0.0716667
0.7325
-0.0716667
0.3225
-0.421667
0.3225
-0.0716667
0.3225
-0.0716667
0.3225
-0.0866667
-0.245
-0.546667
-0.28
-0.271667
-0.3675
-0.291667
-0.225
-0.291667
-0.225
-0.311667
-0.3175
-0.271667
-0.3675
-0.291667
-0.225
-0.291667
-0.225
-0.311667
-0.005
0.218333
-0.1175
0.218333
-0.005
0.218333
-0.0175
0.218333
-0.005
0.628333
-0.0175
0.628333
-0.0175
0.628333
-0.005
0.628333
-0.005
0.628333
-0.005
0.628333
-0.005
0.628333
-0.005
0.628333
-0.005
-0.125
0.925
-0.005
0.805
-0.005
0.795
-0.005
0.795
-0.005
0.795
-0.005
0.795
-0.005
0.795
-0.0716667
0.795
-0.0216667
0.795
-0.0716667
0.795
-0.0716667
0.385
-0.421667
0.385
-0.0716667
0.385
-0.0716667
0.385
-0.0866667
-0.205
-0.446667
-0.28
-0.291667
-0.185
-0.486667
-0.165
-0.291667
-0.185
-0.291667
-0.26
-0.271667
-0.305
-0.291667
-0.185
-0.311667
-0.255
-0.311667
-0.005
-0.391667
-0.305
0.218333
-0.005
0.218333
-0.095
0.218333
-0.005
0.628333
-0.005
0.628333
-0.005
0.628333
-0.005
0.628333
-0.005
0.7325
-30.035
0.7325
-30.035
0.7325
-30.035
0.7325
-30.035
-0.125
-28.855
-0.005
-29.02
-0.005
-29.03
-0.005
-29.03
-0.005
-29.03
-0.005
-29.03
-0.005
-29.03
-0.005
-29.03
-0.005
-29.03
-0.005
-29.03
-0.005
-29.44
-0.005
-29.44
-0.005
-29.44
-0.005
-29.44
-0.005
-30.075
-0.225
-30.1
-0.225
-30.055
-0.225
-30.055
-0.225
-30.055
-0.225
-30.055
-0.225
-30.055
-0.225
-30.055
-0.205
-30.085
-0.245
-30.035
-0.325
-30.085
-0.325
-30.085
-0.325
-30.085
0.3225
-30.035
0.3225
-30.035
0.7325
-30.035
0.7325
-30.035
0.7325
-30.035
0.7425
-0.005
0.7425
-0.005
0.7425
-0.005
0.7425
-0.005
0.7425
-0.005
0.8625
-0.125
0.8625
-0.125
0.8625
-0.125
0.8625
-0.125
-0.005
0.0716667
-0.005
0.0716667
-0.005
0.0716667
-0.005
0.0716667
-0.005
0.0716667
-0.1175
-0.615
-0.005
-0.615
-0.005
-0.615
-0.3675
-0.925
-0.005
-0.845
-0.22
-0.965
-0.225
-0.825
-0.07
-0.885
-0.055
-1.305
-0.055
-1.32
-0.055
-0.845
-0.22
-1.38
-0.055
-0.885
-0.075
-0.005
0.7325
-0.055
0.7325
-0.055
0.7325
-0.455
0.7325
-0.455
0.7325
-0.055
0.7325
-0.055
0.7325
-0.455
0.7325
-0.055
0.7425
-0.005
0.7425
-0.005
0.7425
-0.005
0.7425
-0.005
0.7425
-0.005
0.8625
-0.125
-0.005
0.42
-0.005
0.42
-0.005
0.42
-0.005
0.42
-0.005
0.42
-0.005
0.42
-0.0175
0.42
-0.0175
0.42
-0.1175
0.01
-0.205
0.01
-0.005
0.01
-0.0175
0.01
-0.005
-0.445
-0.22
-0.695
-0.225
-0.425
-0.1175
-0.445
-0.1175
-0.68
-0.1175
-0.445
-0.1175
-0.445
-0.1175
-0.445
-0.1175
-0.445
-0.1475
-0.005
0.3225
-0.105
0.3225
-0.105
0.3225
-0.105
0.7325
-0.02
0.7325
-0.005
0.7325
-0.105
0.7325
-0.03
0.7325
-0.005
0.7325
-0.005
0.7325
-0.005
0.7325
-0.005
0.7325
-0.005
0.7425
-0.005
-0.005
0.638333
-0.005
0.628333
-0.005
0.628333
-0.005
0.628333
-0.005
0.628333
-0.005
0.628333
-0.005
0.628333
-0.0175
0.628333
-0.005
0.628333
-0.1175
0.218333
-0.005
0.218333
-0.005
0.218333
-0.0175
0.218333
-0.005
-0.311667
-0.24
-0.366667
-0.225
-0.291667
-0.24
-0.306667
-0.205
-0.471667
-0.3175
-0.326667
-0.225
-0.306667
-0.225
-0.291667
-0.225
-0.291667
-0.245
-0.0866667
0.3225
-0.0716667
0.3225
-0.271667
0.3225
-0.0716667
0.3225
-0.155
0.7325
-0.0216667
0.7325
-0.0716667
0.7325
-0.0716667
0.7325
-0.005
0.7325
-0.005
0.7325
-0.005
0.7325
-0.005
0.7325
-0.005
0.7425
-0.005
-0.005
0.7425
-0.005
0.7325
-0.005
0.7325
-0.005
0.7325
-0.005
0.7325
-0.005
0.7325
-0.005
0.7325
-0.0175
0.7325
-0.0175
0.7325
-0.005
0.3225
-0.205
0.3225
-0.005
0.3225
-0.0175
0.3225
-0.005
-0.245
-0.24
-0.345
-0.205
-0.3675
-0.225
-0.225
-0.225
-0.225
-0.225
-0.24
-0.225
-0.225
-0.24
-0.225
-0.225
-0.225
-0.245
-0.005
0.3225
-0.1175
0.3225
-0.005
0.3225
-0.0175
0.3225
-0.3325
0.7325
-0.0175
0.7325
-0.0175
0.7325
-0.005
0.7325
-0.005
0.7325
-0.005
0.7325
-0.005
0.7325
-0.005
0.7325
-0.005
0.7425
-0.005
-0.005
0.805
-0.005
0.795
-0.005
0.795
-0.005
0.795
-0.005
0.795
-0.005
0.795
-0.005
0.795
-0.0175
0.795
-0.0175
0.795
-0.1175
0.385
-0.205
0.385
-0.005
0.385
-0.0175
0.385
-0.005
-0.205
-0.22
-0.32
-0.225
-0.185
-0.24
-0.2
-0.225
-0.185
-0.225
-0.185
-0.225
-0.2
-0.24
-0.225
-0.225
-0.185
-0.245
-0.005
-0.325
-0.305
0.3225
-0.005
0.3225
-0.095
0.3225
-0.005
0.7325
-0.005
0.7325
-0.005
0.7325
-0.005
0.7325
-0.005
0.795
-30.035
0.795
-30.035
0.795
-30.035
0.795
-30.035
-0.125
-28.855
-0.005
-29.02
-0.005
-29.03
-0.005
-29.03
-0.005
-29.03
-0.005
-29.03
-0.005
-29.03
-0.005
-29.03
-0.005
-29.03
-0.005
-29.03
-0.005
-29.44
-0.27
-29.44
-0.005
-29.44
-0.005
-29.44
-0.005
-30.075
-0.185
-30.1
-0.185
-30.055
-0.185
-30.055
-0.185
-30.055
-0.185
-30.055
-0.185
-30.055
-0.185
-30.055
-0.165
-30.085
-0.205
-30.035
-0.285
-30.085
-0.285
-30.085
0.385
-30.035
0.385
-30.035
0.385
-30.035
0.795
-30.035
0.795
-30.035
0.795
-30.035
0.805
-0.005
0.805
-0.005
0.805
-0.005
0.805
-0.005
0.805
-0.005
0.925
-0.125
0.925
-0.125
0.925
-0.125
0.925
-0.125
-0.005
0.0716667
-0.005
0.0716667
-0.005
0.0716667
-0.005
0.0716667
-0.005
-0.205
-0.005
-0.615
-0.015
-0.615
-0.305
-0.925
-0.305
-0.925
-0.005
-0.845
-0.045
-0.965
-0.06
-0.845
-0.045
-0.885
-0.045
-1.38
-0.045
-1.32
-0.045
-0.845
-0.295
-1.38
-0.045
-0.885
-0.065
-0.005
0.795
-0.055
0.795
-0.055
0.795
-0.055
0.795
-0.055
0.795
-0.055
0.795
-0.455
0.795
-0.455
0.795
-0.205
0.805
-0.005
0.805
-0.005
0.805
-0.005
0.805
-0.005
0.805
-0.005
0.925
-0.125
-0.005
0.42
-0.005
0.42
-0.005
0.42
-0.005
0.42
-0.005
0.42
-0.005
0.42
-0.005
0.42
-0.005
0.42
-0.005
0.01
-0.015
0.01
-0.005
0.01
-0.305
-0.525
-0.005
-0.445
-0.295
-0.655
-0.28
-0.73
-0.095
-0.445
-0.095
-0.485
-0.095
-0.445
-0.185
-0.425
-0.095
-0.445
-0.095
-0.695
-0.125
-0.005
0.385
-0.105
0.385
-0.105
0.385
-0.105
0.795
-0.045
0.795
-0.005
0.795
-0.03
0.795
-0.03
0.795
-0.03
0.795
-0.005
0.795
-0.005
0.795
-0.005
0.795
-0.005
0.805
-0.005
0.925
-0.125
-0.005
0.628333
-0.005
0.628333
-0.005
0.628333
-0.005
0.628333
-0.005
0.628333
-0.005
0.628333
-0.005
0.628333
-0.005
0.628333
-0.005
0.218333
-0.015
0.218333
-0.005
0.218333
-0.305
-0.391667
-0.005
-0.311667
-0.185
-0.291667
-0.185
-0.411667
-0.185
-0.291667
-0.185
-0.366667
-0.255
-0.326667
-0.185
-0.306667
-0.185
-0.291667
-0.185
-0.291667
-0.205
-0.0866667
0.385
-0.421667
0.385
-0.271667
0.385
-0.0716667
0.385
-0.155
0.795
-0.0216667
0.795
-0.0216667
0.795
-0.0716667
0.795
-0.005
0.795
-0.005
0.795
-0.005
0.795
-0.005
0.795
-0.005
0.805
-0.005
-0.005
0.7425
-0.005
0.7325
-0.005
0.7325
-0.005
0.7325
-0.005
0.7325
-0.005
0.7325
-0.005
0.7325
-0.005
0.7325
-0.005
0.7325
-0.005
0.3225
-0.015
0.3225
-0.005
0.3225
-0.305
-0.325
-0.005
-0.245
-0.345
-0.28
-0.165
-0.3675
-0.185
-0.225
-0.185
-0.225
-0.32
-0.205
-0.185
-0.3
-0.185
-0.225
-0.185
-0.225
-0.205
-0.005
0.385
-0.1175
0.385
-0.005
0.385
-0.0175
0.385
-0.005
0.795
-0.0175
0.795
-0.0175
0.795
-0.005
0.795
-0.055
0.795
-0.005
0.795
-0.005
0.795
-0.005
0.795
-0.005
0.805
-0.005
-0.005
0.805
-0.005
0.795
-0.005
0.795
-0.005
0.795
-0.005
0.795
-0.005
0.795
-0.005
0.795
-0.005
0.795
-0.005
0.795
-0.005
0.385
-0.015
0.385
-0.005
0.385
-0.305
-0.285
-0.005
-0.205
-0.28
-0.28
-0.185
-0.185
-0.185
-0.225
-0.185
-0.225
-0.28
-0.28
-0.18
-0.38
-0.185
-0.185
-0.185
-0.185
-0.205
-0.005
-0.285
-0.305
0.385
-0.005
0.385
-0.095
0.385
-0.005
0.795
-0.005
0.795
-0.005
0.795
-0.005
0.795
-0.015
