0
0
0
0
0
0
0
0
0
0
0
0
0
0
0
0
0
0
0
0
-30.1
0
-30.2
0
0
0
-30.8
0
-29.5333
0
0
0
0
0
-2.8
0
-1
0
0
-30.1
-1
-0.4
0
0
-30.2
-30.2
0
-30.1
-30.0667
-29.8667
0
0
-30
-2.8
0
-1
0
-30.35
0
0
0
0
0
-29.5333
0
-1
0
0
0
-30.1
0
-1
0
0
0
0.1
0
0.1
0
0.1
0
0.1
0
0.1
0
0.1
0
0.1
0
0.1
-0.4
0.1
-1
0.1
0
0.1
0
0.1
0
0.1
-31
0.1
0
0.1
0
0.1
-2.8
0.1
-1
0
-30.1
0
-30.45
-2.6
-30.05
-0.1
-31.1333
-0.85
-30.1
-0.45
-30.0667
-2.51667
-30.1
0
-30.025
-0.875
-30.1
-0.3
0
-0.1
0
-0.05
0
-0.4
0
-0.05
0
-0.05
0
-0.15
0
-0.45
0
-0.05
0
0
0
0.3
0
0.3
0
0.3
0
0.3
0
0.3
0
0.3
0
0.3
0
0.3
-0.4
0.3
-1
0.3
0
0.3
0
0.3
0
0.3
-31
0.3
0
0.3
0
0.3
-2.8
0.3
-1
0
-30.1
-0.2
-30
-2.125
-30.2
0
-31.1333
-0.225
-30.2
-0.1
-30
-1.125
-30.2
0
-30.0667
-0.391667
-30.2
-0.025
0
-0.525
0
0.4
0
-0.1
0
-0.525
0
0.3
0
0.241667
0
-0.3
0
0.375
0
0
0
0.483333
0
0.483333
0
0.483333
0
0.483333
0
0.483333
0
0.483333
0
0.483333
0
0.483333
-0.4
0.483333
-1
0.483333
0
0.483333
0
0.483333
0
0.483333
-31
0.483333
0
0.483333
0
0.483333
-2.8
0.483333
-1
0
-30.3
-0.266667
-30
-0.416667
-30.3
-0.0166667
-30.3
-2.01667
-30.3
-0.416667
-30
-2.26667
-30.3
0
-30
-1.01667
-30.15
-0.3
0
0.283333
0
0.283333
0
-0.0166667
0
-0.0666667
0
-0.0666667
0
-0.266667
0
-0.0666667
0
0.283333
0
0
0
0.5875
0
0.5875
0
0.5875
0
0.5875
0
0.5875
0
0.5875
0
0.5875
0
0.5875
-0.4
0.5875
-1
0.5875
0
0.5875
0
0.5875
0
0.5875
-31
0.5875
0
0.5875
0
0.5875
-2.8
0.5875
-1
0
-30.3
-0.2
-30.65
-3.0625
-30.3
-0.0125
-30.3
0
-30
-0.8125
-30.3
0
-30.3
0
-30
-1.2125
-30.15
-0.0625
0
-0.25
0
0.3875
0
0
0
0.3875
0
0.3875
0
0.3875
0
0.35
0
0.3875
0
0
0
0.65
0
0.65
0
0.65
0
0.65
0
0.65
0
0.65
0
0.65
0
0.65
-0.4
0.65
-1
0.65
0
0.65
0
0.65
0
0.65
-31
0.65
0
0.65
0
0.65
-2.8
0.65
-1
0
-30.3
-0.4
-30.8
-0.01
-30.3
-0.01
-30.3
0
-30.3
-0.04
-30.3
0
-30.3
0
-30.3
-0.26
-30.3
-0.01
0
0.36
0
0.49
0
0.476667
0
0.45
0
0.49
0
-0.11
0
-0.11
0
-0.11
0.1
0
0.1
0
0.1
0
0.1
0
0.1
0
0.1
0
0.1
0
0.1
0
0.1
0
0
0
-0.05
0
-0.45
0
-2.95
0
-0.05
0
-0.05
0
-0.1
0
-0.05
0
-0.1
0
-0.3
-30.1
0
-30.1
0
-30.1
0
-30.1
0
-30.1
0
-30.1
-1.5
-30.65
0
-30.1
0
-30.1
0
-1
0.1
-31.8
0.1
0
0.1
-30
0.1
-31
0.1
-1
0.1
0
0.1
-2.8
0.1
-1
0.1
0
0.1
0
0.1
0
0.1
0
0.1
0
0
0.1
0
0.1
0
0.1
0
0.1
-0.1
0.1
-0.4
0.1
-0.45
0.1
0
0.1
0
0.1
-1.25
0.1
-0.4
0.1
0
0.1
-1.25
0.1
-0.3
-0.3
-0.05
-0.4
-0.075
-1.275
-2.15
-0.05
-1.475
-2.175
-0.0833333
-0.4
-0.05
-2.15
-0.1
-1
-0.1
-3
-0.15
-0.3
0.1
0
0.1
0
0.1
0
0.1
0
0.1
0
0.1
0
0.1
0
0.1
-1.65
0.1
0
0.1
0
0.1
0
-0.1
0.4
-0.1
0.4
0
0.3
0
0.3
0
0.3
0
0.3
-0.1
0.3
-0.4
0.3
-0.45
0.3
0
0.3
0
0.3
-1.25
0.3
-0.4
0.3
0
0.3
-1.25
0.3
-0.3
-0.2
-0.3
-0.2
-0.3
-0.1
-2.1
-0.225
-1
-1.275
-0.3
-0.1
-1.75
-1.125
-1.2
-1
-0.4
-0.025
-0.4
-0.025
-0.3
-0.925
-0.3
-1.125
-0.0833333
-0.5
-0.0833333
-0.8
-0.0833333
-0.125
0.1
-0.225
0.1
-0.1
0.1
-0.025
0.1
0
0.1
0
-0.1
0.583333
-0.1
0.583333
-0.1
0.583333
0
0.483333
0
0.483333
0
0.483333
0
0.483333
-0.1
0.483333
-0.4
0.483333
-0.45
0.483333
0
0.483333
0
0.483333
-1.25
0.483333
-0.4
0.483333
0
0.483333
-1.25
0.483333
-0.3
-0.166667
-0.875
-1.64167
-1
-0.566667
-2.15
-0.0166667
-0.35
-2.01667
-0.75
-1.66667
-0.6
-1.9
-0.8
-0.766667
-0.75
-1.86667
-0.6
-0.3
-0.45
-0.0166667
-0.45
0
-0.3
-2.05
-0.3
-2.95
0.1
-0.116667
0.1
0
0.1
0
0.1
0
0.1
0
0.1
0
-0.1
0.6875
-0.1
0.6875
-0.1
0.6875
0
0.5875
0
0.5875
0
0.5875
0
0.5875
-0.1
0.5875
-0.4
0.5875
0
0.5875
0
0.5875
0
0.5875
-1.25
0.5875
-0.4
0.5875
0
0.5875
-1.25
0.5875
-0.3
-0.15
-1
-0.4
-1
-0.4
-2.15
-0.0125
-0.45
-0.8125
-0.45
-0.8125
-0.6
-0.0625
-0.95
-0.3
-0.6
-1.8625
-0.6
-0.0625
-0.55
-0.6
-0.55
-0.6
-0.55
-1.2125
-0.3
-0.4125
0.1
-0.05
0.1
-0.0125
0.1
-0.3
0.1
-2.5125
0.1
0
0.1
0
-0.1
0.75
-0.1
0.75
-0.1
0.75
0
0.65
0
0.65
0
0.65
0
0.65
-0.1
0.65
-0.4
0.65
-0.45
0.65
0
0.65
0
0.65
-1.25
0.65
-0.4
0.65
0
0.65
-1.25
0.65
-0.3
-0.14
-0.6
-0.64
-1
-0.46
-0.6
0
-0.75
-0.01
-0.6
-0.1
-0.6
-0.24
-1.2
-0.01
-0.6
-2.5
-0.75
-0.01
-0.55
-0.66
-0.55
-0.96
-0.55
-0.85
-0.55
-0.96
0.1
0
0.1
0
0.1
0
0.1
-0.35
0.3
0
0.3
0
0.3
0
0.3
0
0.3
0
0.3
0
0.3
0
0.3
0
0.3
0
0
0
0.375
0
-0.3
0
0.241667
0
-0.525
0
-0.525
0
-0.525
0
0.4
0
-0.525
0
-0.025
-30.2
0
-31.2
-0.925
-31
0
-30.2
0
-30.2
0
-30.2
-0.875
-30.65
0
-30.2
0
-30.2
0
-1
0.3
-31.8
0.3
0
0.3
0
0.3
-4
0.3
-1
0.3
-30
0.3
-2.8
0.3
-1
0.3
0
0.3
0
0.3
0
0.3
0
0.3
0
0.4
-0.1
0.4
-0.1
0
0.1
0
0.1
-0.1
0.1
-0.425
0.1
-0.1
0.1
-0.1
0.1
-0.125
-0.0833333
-0.8
-0.0833333
-0.125
-0.0833333
-1.125
-0.3
-0.925
-0.3
-0.025
-0.4
-0.025
-2.8
-0.025
-0.5
-0.225
-1.75
-0.15
-1.275
-0.025
-2.15
-0.225
-2.15
-0.8
-0.3
-0.05
-0.875
-0.125
-0.3
0.3
0
0.3
0
0.3
0
0.3
0
0.3
0
0.3
0
0.3
0
0.3
-1.65
0.3
0
0.3
0
0.3
0
0.3
0
0.3
0
0
0.3
0
0.3
0
0.3
0
0.3
-0.1
0.3
-0.025
0.3
-0.025
0.3
-0.225
0.175
-0.2
0.175
-0.225
0.175
-0.225
0.175
-2.725
0.175
-0.025
-0.05
-0.025
-0.3
-0.375
-0.775
-0.1
-2.125
-0.225
-1.125
-0.875
-1.275
-0.1
-1.125
-0.225
-1.125
-0.5
-0.925
-0.166667
-0.391667
-0.3
-0.025
-0.05
-0.025
0.175
-0.025
0.175
-0.225
0.175
-0.225
0.175
-0.225
0.175
-0.225
0.3
-0.025
0.3
-0.025
0.3
0
0.3
0
0.3
0
0.3
0
-0.1
0.583333
0
0.483333
0
0.483333
0
0.483333
0
0.483333
-0.1
0.483333
-0.425
0.483333
0
0.383333
-0.225
0.383333
-0.2
0.383333
-0.225
0.383333
-0.225
0.383333
-2.725
0.383333
-0.225
0.383333
-0.025
-0.266667
-0.375
-0.3
-1.125
-0.416667
-1.125
-0.966667
-0.291667
-0.533333
-0.375
-0.3
-0.225
-2.26667
-0.8
-1.66667
-0.525
-1.66667
-0.375
-0.3
-0.05
-0.0166667
-0.05
0
-0.05
-0.0166667
0.175
-0.0666667
0.175
-0.116667
0.175
-0.0666667
0.3
-0.416667
0.3
-0.116667
0.3
0
0.3
0
0.3
0
0.3
0
-0.1
0.6875
0
0.5875
0
0.5875
0
0.5875
0
0.5875
-0.1
0.5875
-0.425
0.5875
0
0.4875
-0.225
0.4875
-0.2
0.4875
-0.225
0.4875
-0.225
0.4875
-2.725
0.4875
-0.225
0.4875
-0.025
-0.25
-0.375
-0.2625
-0.475
-0.9625
-0.225
-0.8125
-1.525
-0.3
-0.225
-0.6
-0.225
-1.2125
-0.8
-0.3
-0.375
-0.0625
-0.375
-0.0625
-0.325
-0.6
-0.05
-0.2125
-0.05
-0.0125
0.175
-0.05
0.175
-0.05
0.175
0
0.3
-0.3125
0.3
0
0.3
0
0.3
0
0.3
0
-0.1
0.75
-0.1
0.75
0
0.65
0
0.65
0
0.65
0
0.65
-0.1
0.65
-0.425
0.65
0
0.55
-0.225
0.55
-0.2
0.55
-0.225
0.55
-0.225
0.55
-2.725
0.55
-0.225
0.55
-0.025
-0.24
-0.225
-1.15
-1.125
-0.04
-0.225
-0.85
-1.525
-0.25
-0.525
-0.04
-0.375
-0.24
-0.225
-0.66
-0.525
-0.26
-0.525
-0.01
-0.325
-0.01
-0.325
-0.96
-0.05
-0.16
0.175
-0.01
0.175
0
0.175
0
0.175
-0.01
0.3
-0.35
0.483333
0
0.483333
0
0.483333
0
0.483333
0
0.483333
0
0.483333
0
0.483333
0
0.483333
0
0.483333
0
0
0
0.283333
0
-0.0666667
0
-0.266667
0
-0.566667
0
-0.0666667
0
0.333333
0
0.283333
0
0.283333
0
-0.3
-30.15
0
-31.3
0
-30.3
0
-30.5
0
-30.3
0
-30.8
-0.0166667
-30.9
0
-30.4
0
-30.3
0
-1
0.483333
-31.8
0.483333
0
0.483333
-30
0.483333
-2.8
0.483333
-1
0.483333
-30
0.483333
-31
0.483333
-1
0.483333
0
0.483333
0
0.483333
0
0.483333
0
0.483333
0
0.583333
-0.1
0.583333
-0.1
0.583333
-0.1
0
0.1
-0.1
0.1
-0.466667
0.1
0
0.1
-2.5
0.1
0
0.1
-0.45
-0.3
-0.45
-0.3
0
-0.45
-0.416667
-0.45
-0.3
-0.6
-0.0166667
-2.8
-0.3
-1.1
-1.61667
-1.75
-0.416667
-1.75
-0.0166667
-2.15
-0.0166667
-2.15
-0.566667
-1
-0.133333
-1.01667
-0.116667
-0.3
0.483333
0
0.483333
0
0.483333
0
0.483333
0
0.483333
0
0.483333
0
0.483333
0
0.483333
-1.65
0.483333
0
0.483333
0
0.483333
0
0.483333
0
0.483333
0
0.583333
-0.1
0
0.3
0
0.3
0
0.3
-0.1
0.3
-0.666667
0.3
-2.56667
0.3
-0.0666667
0.175
-0.0666667
0.175
-0.0666667
0.175
-1.66667
-0.05
0
-0.05
-0.416667
-0.05
-0.3
-0.375
-1.66667
-1.2
-0.0666667
-2.125
-2.26667
-0.225
-0.3
-1.275
-0.666667
-1.125
-0.166667
-0.925
-0.266667
-1
-0.133333
-0.391667
-0.266667
-0.025
0.383333
-0.225
0.383333
-2.725
0.383333
-0.225
0.383333
-0.225
0.383333
-0.225
0.383333
-0.225
0.383333
-0.2
0.483333
-0.025
0.483333
0
0.483333
0
0.483333
0
0.483333
0
0.483333
0
0
0.483333
0
0.483333
0
0.483333
0
0.483333
-0.1
0.483333
-0.466667
0.483333
-0.116667
0.383333
-0.0666667
0.383333
-0.0666667
0.383333
-0.0666667
0.383333
-1.66667
0.0833333
0
0.0833333
-0.416667
0.0833333
-0.3
-0.3
-1.01667
-2.01667
-0.3
-0.3
-1.9
-0.166667
-1.01667
-2.01667
-0.3
-1.9
-0.166667
-1.9
-0.416667
-0.766667
-0.15
-1.01667
-0.3
-0.3
0.0833333
-1.66667
0.0833333
0
0.0833333
-0.0166667
0.383333
-2.5
0.383333
-0.116667
0.383333
-0.0666667
0.383333
-0.0666667
0.483333
0
0.483333
0
0.483333
0
0.483333
0
0.483333
0
0.483333
0
0
0.5875
0
0.5875
0
0.5875
0
0.5875
-0.1
0.5875
-0.466667
0.5875
-0.116667
0.4875
-0.0666667
0.4875
-0.0666667
0.4875
-0.0666667
0.4875
-0.116667
0.4875
0
0.15
-0.416667
0.15
-0.3
-0.2625
-1.01667
-0.5125
-0.3
-0.2625
-0.3
-0.3625
-0.416667
-0.3
-0.45
-0.3
-0.166667
-1.8625
-0.0166667
-0.3
-0.3
-0.0625
-0.3
-0.0625
-0.116667
0
-0.116667
0
0.383333
-0.4
0.383333
-0.05
0.383333
-0.05
0.383333
0
0.383333
0
0.483333
0
0.483333
0
0.483333
0
0.483333
0
0.483333
0
-0.1
0.75
0
0.65
0
0.65
0
0.65
0
0.65
-0.1
0.65
-0.466667
0.65
-0.116667
0.55
-0.0666667
0.55
-0.0666667
0.55
-0.0666667
0.55
-0.116667
0.55
0
0.19
-0.416667
0.19
-0.3
-0.24
-0.3
-0.64
-0.3
0
-2.26667
-0.5
-0.416667
-0.85
-0.3
-0.1
-0.3
-0.24
-0.3
0
-0.15
-0.96
-0.45
-0.01
-0.116667
-0.01
-0.116667
0
-0.116667
-0.04
0.383333
-0.01
0.383333
0
0.383333
0
0.383333
-0.01
0.483333
-0.35
0.5875
0
0.5875
0
0.5875
0
0.5875
0
0.5875
0
0.5875
0
0.5875
0
0.5875
0
0.5875
0
0
0
-0.15
0
0.0875
0
0.5
0
0
0
0.3875
0
0.35
0
0.3875
0
0.454167
0
-0.0625
-30.15
0
-31.3
0
-30.3
0
-30.5
0
-30.3
0
-30.8
-0.5625
-30.65
0
-30.4
0
-30.3
0
-1
0.5875
-31.8
0.5875
0
0.5875
0
0.5875
-4
0.5875
-1
0.5875
0
0.5875
0
0.5875
-1
0.5875
0
0.5875
0
0.5875
0
0.5875
0
0.5875
0
0.6875
-0.1
0.6875
-0.1
0.6875
-0.1
0
0.1
-0.1
0.1
-0.4
0.1
-0.0125
0.1
-0.0125
0.1
0
0.1
-0.4125
-0.3
-0.8125
-0.55
-0.6
-0.55
-0.6
-0.55
-0.0625
-0.6
-0.5625
-1.9
-0.3
-2.65
-0.0125
-1.75
-0.9375
-1.275
-0.116667
-2.51667
-0.0125
-2.15
-0.2625
-1
-0.0375
-0.875
-0.1125
-0.3
0.5875
0
0.5875
0
0.5875
0
0.5875
0
0.5875
0
0.5875
0
0.5875
-0.45
0.5875
-1.65
0.5875
0
0.5875
0
0.5875
0
0.5875
0
0.5875
0
0.6875
-0.1
0
0.3
0
0.3
0
0.3
-0.1
0.3
-0.4125
0.3
0
0.3
0
0.175
0
0.175
-0.05
0.175
-0.0125
-0.05
-0.2125
-0.05
0
-0.325
-0.0625
-0.375
-0.0625
-0.775
-0.8125
-0.5
-0.05
-1.125
-0.9625
-1.275
-0.1125
-1.125
-0.05
-0.925
-0.5
-1
-0.116667
-0.391667
-0.25
-0.025
0.4875
-0.225
0.4875
-2.725
0.4875
-0.225
0.4875
-0.225
0.4875
-0.225
0.4875
-0.225
0.4875
-0.2
0.5875
-0.025
0.5875
0
0.5875
0
0.5875
0
0.5875
0
0.5875
0
0
0.483333
0
0.483333
0
0.483333
0
0.483333
-0.1
0.483333
-0.4
0.483333
-0.05
0.383333
0
0.383333
0
0.383333
-0.05
0.383333
0
0.383333
0
-0.116667
0
-0.116667
-0.0625
-0.3
-0.4
-0.866667
-0.3
-1.01667
-1.8625
-0.166667
-0.7
-2.01667
-0.2625
-1.9
-0.3625
-1.9
-0.9625
-0.766667
-0.4
-0.566667
-0.2625
-0.3
0.15
-0.0166667
0.15
0
0.4875
-0.116667
0.4875
-2.5
0.4875
-0.116667
0.4875
-0.0666667
0.4875
-0.0666667
0.5875
0
0.5875
0
0.5875
0
0.5875
0
0.5875
0
0.5875
0
0
0.5875
0
0.5875
0
0.5875
0
0.5875
-0.1
0.5875
-0.4
0.5875
-0.05
0.4875
0
0.4875
0
0.4875
-0.05
0.4875
0
0.4875
0
-0.0125
0
-0.0125
-0.0625
-0.2625
-0.4
-0.4
-0.5625
-3.0625
-1.1625
-1.1625
-0.6
-0.4125
-0.1125
-0.8125
-0.6
-1.2125
-0.1125
-1
-0.2625
-0.0625
-0.2625
-0.0625
-0.0125
0
-0.0125
0
0.4875
-0.4
0.4875
-0.05
0.4875
-0.05
0.4875
0
0.4875
0
0.5875
-2.5125
0.5875
0
0.5875
0
0.5875
0
0.5875
0
0.5875
0
0
0.65
0
0.65
0
0.65
0
0.65
-0.1
0.65
-0.4
0.65
-0.05
0.55
0
0.55
0
0.55
-0.05
0.55
0
0.55
0
0.05
0
0.05
-0.0625
-0.24
-1.2125
-1.15
-0.8125
-0.65
-1.1625
-1.14
-0.1125
-0.85
-0.2625
-0.1
-0.1125
-0.56
-0.2625
-0.24
-0.2625
-1.14
-0.4125
-0.01
-0.0125
-0.01
-0.0125
0
-0.0125
-0.04
0.4875
-0.01
0.4875
0
0.4875
0
0.4875
-0.01
0.5875
-0.35
0.65
0
0.65
0
0.65
0
0.65
0
0.65
0
0.65
0
0.65
0
0.65
0
0.65
0
0
0
0.36
0
-0.11
0
-2.66
0
-0.11
0
0.45
0
0.45
0
0.49
0
0.49
0
-0.01
-30.3
0
-31.3
0
-30.3
0
-30.5
0
-30.3
0
-30.8
-0.25
-30.9
0
-30.4
0
-30.3
0
-1
0.65
-30
0.65
0
0.65
-30
0.65
-2.8
0.65
-1
0.65
0
0.65
-31
0.65
-1
0.65
0
0.65
0
0.65
0
0.65
0
0.65
0
0.75
-0.1
0.75
-0.1
0.75
-0.1
0
0.1
-0.1
0.1
-0.49
0.1
0
0.1
-2.5
0.1
-2.5
0.1
-0.66
-0.55
-0.85
-0.55
-0.96
-0.55
-0.56
-0.55
-0.01
-0.75
-0.96
-2.85
-0.01
-1.2
-0.96
-0.85
-0.01
-1.2
-0.01
-1.2
-0.5
-1.9
-0.1
-1
-0.01
-1.2
-0.11
-0.3
0.65
0
0.65
0
0.65
0
0.65
0
0.65
0
0.65
0
0.65
0
0.65
-1.65
0.65
0
0.65
0
0.65
0
0.65
0
0.65
0
0.75
-0.1
0.75
-0.1
0
0.3
0
0.3
-0.1
0.3
-0.49
0.3
-0.01
0.175
0
0.175
-0.65
0.175
-0.01
0.175
-0.1
-0.05
0
-0.325
-0.01
-0.325
-0.01
-0.525
-0.64
-0.775
-0.5
-3.375
-0.96
-0.225
-0.9
-1.275
-0.04
-0.525
-0.66
-3.125
-0.44
-0.925
-0.04
-2.4
-0.24
-0.025
0.55
-0.225
0.55
-2.725
0.55
-0.225
0.55
-0.225
0.55
-0.225
0.55
-0.225
0.55
-0.2
0.65
-0.025
0.65
0
0.65
0
0.65
0
0.65
0
0.65
0
0.75
-0.1
0
0.483333
0
0.483333
0
0.483333
-0.1
0.483333
-0.49
0.483333
-0.01
0.383333
0
0.383333
-0.65
0.383333
-0.01
0.383333
0
-0.116667
0
-0.116667
-0.01
-0.116667
-0.01
-0.45
-0.56
-0.25
-0.25
-2.51667
-0.96
-1.75
-0.24
-0.3
-0.24
-1.9
-0.5
-2.26667
-0.5
-0.766667
-0.09
-2.26667
-0.24
-0.3
0.19
-0.416667
0.19
0
0.55
-0.116667
0.55
-2.5
0.55
-0.116667
0.55
-0.0666667
0.55
-0.0666667
0.65
0
0.65
0
0.65
0
0.65
0
0.65
0
0.65
0
0
0.5875
0
0.5875
0
0.5875
0
0.5875
-0.1
0.5875
-0.49
0.5875
-0.01
0.4875
0
0.4875
-0.65
0.4875
-0.01
0.4875
0
-0.0125
0
-0.0125
-0.01
-0.0125
-0.01
-0.4125
-0.36
-0.4
-0.5
-3.0625
-0.24
-0.0625
-0.24
-0.2625
-0.09
-0.8125
-0.5
-0.9625
-0.25
-1
-0.24
-1.8625
-0.24
-0.0625
0.05
0
0.05
0
0.55
-0.4
0.55
-0.05
0.55
-0.05
0.55
0
0.55
-2.55
0.65
0
0.65
0
0.65
0
0.65
0
0.65
0
0.65
0
0
0.65
0
0.65
0
0.65
0
0.65
-0.1
0.65
-0.49
0.65
-0.01
0.55
0
0.55
-0.65
0.55
-0.01
0.55
0
0.05
0
0.05
-0.01
0.05
-0.01
-0.39
-0.26
-1.15
-0.36
-1.26
-3
-0.5
-0.24
0
-0.24
-0.1
-0.09
-0.56
-0.24
0
-0.24
-1.14
-0.39
-0.01
0.05
-0.01
0.05
0
0.05
-0.04
0.55
-0.01
0.55
0
0.55
0
0.55
-0.01
0.65
-0.35
