-29.02
-30.035
-29.02
-30.035
-29.02
-30.035
-29.02
-30.035
-29.02
-30.035
-30.035
-29.02
-30.035
-29.02
-30.035
-29.02
-30.035
-29.02
-30
-29.02
-30
-29.03
-30.035
-29.03
-30.035
-29.03
-30.135
-29.03
-30.035
-29.44
-30
-29.44
-30.05
-30.2
-30.05
-30.2
-30
-30.04
-30.02
-30.1
-30.05
-30
-30.02
-30.02
-30.02
-30.1
-30.02
-30.02
-30.02
-30.155
-30.02
-30.02
-30.02
-30.02
-30.04
-30
-30.2
-30.05
-30.2
-30.05
-29.44
-30.035
-29.44
-30.035
-29.03
-30.035
-29.03
-30.035
-29.03
-30.035
-29.03
-30
-29.02
-0.005
-29.02
-0.005
-29.02
-0.005
-29.02
-0.005
-29.02
-0.005
-28.855
-0.125
-28.855
-0.125
-28.855
-0.125
-30.035
0.165
-30
0.165
-30
0.165
-30
0.165
-30
0.0716667
-30.08
0.0716667
-30.05
-0.925
-30.05
-0.925
-30.05
-0.925
-30.05
-0.925
-30
-0.84
-30.02
-0.82
-30
-1.305
-30.035
-1.3
-30.02
-0.82
-30
-1.3
-30
-0.84
-30.02
-0.82
-30.085
-0.88
-30.02
0
-29.03
-0.2
-29.03
-0.455
-29.03
-0.455
-29.03
-0.2
-29.03
-0.055
-29.03
-1.255
-29.03
-0.2
-29.03
0
-29.02
-0.005
-29.02
-0.005
-29.02
-0.005
-29.02
-0.005
-29.02
-0.005
-28.855
-0.125
-28.855
-0.125
-30.035
0.455
-30.035
0.455
-30
0.455
-30.035
0.42
-30.035
0.42
-30
0.42
-30
0.42
-30
0.01
-30.05
-0.525
-30.05
-0.525
-30.05
-0.525
-30
-0.44
-30.02
-0.42
-30
-0.44
-30.035
-0.675
-30.02
-0.425
-30.225
-0.73
-30
-0.44
-30
-0.46
-30.135
-0.44
-30.03
0
-29.44
-0.025
-29.44
-0.025
-29.44
-0.025
-29.03
-0.025
-29.03
-0.105
-29.03
-0.225
-29.03
-0.025
-29.03
-0.005
-29.02
-0.005
-29.02
-0.005
-29.02
-0.005
-29.02
-0.005
-29.02
-0.005
-28.855
-0.125
-30.035
0.638333
-30.035
0.638333
-30.035
0.638333
-30
0.638333
-30.035
0.628333
-30.035
0.628333
-30
0.628333
-30
0.628333
-30
0.218333
-30.05
-0.391667
-30.05
-0.391667
-30.05
-0.391667
-30
-0.306667
-30.02
-0.286667
-30.05
-0.266667
-30.02
-0.366667
-30.02
-0.331667
-30.225
-0.446667
-30.02
-0.286667
-30.025
-0.441667
-30.135
-0.486667
-30.04
0
-29.44
0
-29.44
-0.0666667
-29.44
-0.541667
-29.44
-0.541667
-29.03
-0.146667
-29.03
-0.005
-29.03
-0.0666667
-29.03
-0.005
-29.02
-0.005
-29.02
-0.005
-29.02
-0.005
-29.02
-0.005
-29.02
-0.005
-28.855
-0.125
-30.035
0.7425
-30.035
0.7425
-30.035
0.7425
-30
0.7425
-30.035
0.7325
-30.035
0.7325
-30
0.7325
-30
0.7325
-30
0.3225
-30.05
-0.325
-30.05
-0.325
-30.05
-0.325
-30
-0.24
-30.3
-0.3575
-30
-0.3675
-30.02
-0.265
-30.02
-0.22
-30.02
-0.225
-30.02
-0.225
-30
-0.3675
-30.085
-0.2
-30.04
0
-29.44
-0.0125
-29.44
-0.205
-29.44
-0.005
-29.44
-0.1175
-29.03
-0.05
-29.03
-0.0175
-29.03
0
-29.03
-0.2
-29.02
-0.005
-29.02
-0.005
-29.02
-0.005
-29.02
-0.005
-29.02
-0.005
-28.855
-0.125
-30.035
0.805
-30.035
0.805
-30.035
0.805
-30
0.805
-30.035
0.795
-30.035
0.795
-30
0.795
-30
0.795
-30
0.385
-30.035
0.385
-30.05
-0.285
-30.05
-0.285
-30
-0.2
-30.02
-0.18
-30
-0.38
-30.025
-0.28
-30.02
-0.185
-30.225
-0.295
-30.02
-0.185
-30.02
-0.185
-30.02
-0.185
-30.04
0
-29.44
-0.295
-29.44
-0.165
-29.44
-0.005
-29.44
-0.375
-29.03
-0.01
-29.03
-0.015
-29.03
-0.01
-29.03
0
0.165
-30.035
0.165
-30.035
-0.125
-28.855
-0.125
-28.855
-0.125
-28.855
-0.005
-29.02
-0.005
-29.02
-0.005
-29.02
-0.005
-29.02
0
-29.02
0
-29.03
-0.2
-29.03
-0.2
-29.03
-0.47
-29.03
0
-29.03
0
-29.03
-0.455
-29.03
-0.2
-29.03
0
-30.02
-0.865
-30.02
-1.355
-30.225
-1.32
-30.035
-0.84
-30
-0.82
-30.02
-0.84
-30
-0.805
-30.05
-0.84
-30
-0.84
-30
-0.925
-30.05
-0.925
-30.05
-0.925
-30.05
-0.925
-30.05
0.0716667
-30.08
0.0716667
-30
0.165
-30
0.165
-30
0.165
-0.005
0.165
-0.005
0.165
-0.005
0.165
-0.005
0.165
-0.005
-0.005
0.165
-0.005
0.165
-0.005
0.165
-0.005
0.165
0
0.165
0
0.165
0
0.165
-0.2
0.0716667
-0.055
0.0716667
0
0.0716667
0
0.0716667
-0.455
0.0716667
-0.2
0.0716667
0
-0.22
-0.2
-0.84
-0.455
-1.3
-0.465
-0.78
-0.44
-0.44
-0.206667
-0.661667
-0.206667
-0.661667
-0.22
-0.455
-0.455
-0.57
-0.22
0
0.0716667
-0.2
0.0716667
-0.455
0.0716667
0
0.0716667
0
0.0716667
-0.055
0.0716667
-0.055
0.165
-0.45
0.165
0
0.165
-0.005
0.165
-0.005
0.165
-0.005
-0.125
0.575
-0.125
0.575
-0.005
0.455
-0.005
0.455
-0.005
0.455
-0.005
0.455
0
0.455
0
0.455
-0.2
0.42
-0.2
0.42
-0.055
0.42
0
0.42
0
0.42
-0.455
0.42
-0.2
0.42
0
-0.12
-0.57
-0.4
-0.455
-0.675
-0.465
-0.24
-0.82
-0.44
-1.345
-0.225
-0.825
-0.44
-0.84
-0.105
-0.455
-0.72
-0.48
0
-0.575
-0.44
-0.325
-0.52
-0.205
0
0.0716667
0
0.0716667
-0.025
0.0716667
-0.005
0.165
0
0.165
-0.42
0.165
-0.005
0.165
-0.005
0.165
-0.005
-0.125
0.758333
-0.125
0.758333
-0.005
0.638333
-0.005
0.638333
-0.005
0.638333
-0.005
0.638333
0
0.638333
-0.05
0.628333
0
0.628333
-0.2
0.628333
-0.055
0.628333
0
0.628333
0
0.628333
-0.455
0.628333
-0.2
0.628333
0
-0.0866667
-0.865
-0.286667
-1.355
-0.441667
-1.32
-0.0666667
-1.25
-0.326667
-1.255
-0.326667
-0.57
-0.541667
-0.775
-0.185
-1.305
-0.266667
-0.84
0
-0.615
-0.0716667
-0.615
-0.15
-0.615
-0.541667
0.0716667
-0.0666667
0.0716667
-0.045
0.0716667
-0.005
0.165
-0.416667
0.165
0
0.165
-0.005
0.165
-0.005
-0.125
0.8625
-0.125
0.8625
-0.125
0.8625
-0.005
0.7425
-0.005
0.7425
-0.005
0.7425
-0.005
0.7425
0
0.7425
-0.05
0.7325
-0.2
0.7325
-0.2
0.7325
-0.055
0.7325
0
0.7325
0
0.7325
-0.455
0.7325
-0.2
0.7325
0
-0.07
-0.865
-0.22
-0.82
-0.265
-1.32
-0.1125
-0.84
-0.1575
-1.345
-0.1125
-1.355
-0.3375
-1.275
-0.4175
-1.305
-0.1125
-0.84
0
-0.925
-0.3625
-0.615
-0.05
-0.615
-0.0125
-0.615
-0.05
0.0716667
-0.1125
0.0716667
-0.005
0.165
0
0.165
-0.1125
0.165
-0.005
0.165
-0.005
-0.125
0.925
-0.125
0.925
-0.125
0.925
-0.005
0.805
-0.005
0.805
-0.005
0.805
-0.005
0.805
0
0.805
-0.05
0.795
-0.2
0.795
-0.2
0.795
-0.055
0.795
0
0.795
0
0.795
-0.455
0.795
-0.2
0.795
0
-0.06
-0.84
-0.04
-1.275
-0.28
-1.32
-0.095
-0.805
-0.425
-0.82
-0.185
-1.275
-0.28
-0.82
-0.185
-1.305
-0.04
-0.84
0
-0.925
-0.32
-0.925
-0.3
-0.615
-0.005
-0.615
-0.005
0.0716667
-0.01
0.0716667
-0.005
0.165
-0.01
0.165
0
0.455
-30.035
0.455
-30.035
0.455
-30.035
-0.125
-28.855
-0.125
-28.855
-0.005
-29.02
-0.005
-29.02
-0.005
-29.02
-0.005
-29.02
0
-29.02
0
-29.03
-0.625
-29.03
-0.025
-29.03
0
-29.03
-0.225
-29.03
0
-29.44
-0.025
-29.44
-0.025
-29.44
0
-30.03
-0.425
-30.02
-0.545
-30.02
-0.4
-30.05
-0.44
-30
-0.44
-30.035
-0.42
-30.02
-0.4
-30.05
-0.44
-30
-0.44
-30
-0.525
-30.05
-0.525
-30.05
-0.525
-30.05
0.01
-30
0.42
-30.035
0.42
-30
0.42
-30
0.42
-30
0.455
-0.005
0.455
-0.005
0.455
-0.005
0.455
-0.005
0.455
-0.005
0.575
-0.125
0.575
-0.125
-0.005
0.165
-0.005
0.165
0
0.165
-0.025
0.165
-0.025
0.165
-0.025
0.0716667
-0.025
0.0716667
-0.225
0.0716667
-0.625
-0.205
-0.52
-0.325
-0.44
-0.575
0
-0.48
-0.44
-0.45
-0.105
-0.965
-0.225
-1.345
-0.225
-0.965
-0.44
-0.825
-0.65
-1.28
-0.24
-0.545
-0.625
-0.57
-0.12
0
0.42
0
0.42
-0.455
0.42
0
0.42
0
0.42
-0.055
0.42
-0.055
0.42
0
0.455
0
0.455
-0.005
0.455
-0.005
0.455
-0.005
0.455
-0.005
0.455
-0.005
-0.005
0.455
-0.005
0.455
-0.005
0.455
-0.005
0.455
0
0.455
-0.645
0.42
-0.025
0.42
-0.025
0.42
0
0.42
-0.225
0.42
0
0.01
-0.025
0.01
-0.025
0.01
0
-0.255
-0.265
-0.325
-0.44
-0.63
-0.225
-0.445
-0.225
-0.44
-0.44
-0.225
-0.65
-0.73
-0.425
-0.545
-0.625
-0.72
-0.255
0
0.01
-0.025
0.01
-0.025
0.01
0
0.42
0
0.42
-0.105
0.42
-0.005
0.42
0
0.42
0
0.455
-0.005
0.455
-0.005
0.455
-0.005
0.455
-0.005
-0.125
0.758333
-0.005
0.638333
-0.005
0.638333
-0.005
0.638333
-0.005
0.638333
0
0.638333
-0.645
0.628333
0
0.628333
-0.025
0.628333
0
0.628333
-0.225
0.628333
0
0.218333
-0.025
0.218333
-0.025
0.218333
0
-0.18
-0.44
-0.15
-0.545
-0.366667
-0.625
-0.326667
-0.65
-0.446667
-0.44
-0.366667
-0.44
-0.541667
-0.15
-0.185
-0.625
-0.326667
-0.44
0
0.01
-0.266667
0.01
-0.15
0.01
-0.541667
0.01
0
0.42
-0.15
0.42
-0.125
0.42
-0.0166667
0.42
-0.266667
0.455
-0.005
0.455
-0.005
0.455
-0.005
0.455
-0.005
-0.125
0.8625
-0.005
0.7425
-0.005
0.7425
-0.005
0.7425
-0.005
0.7425
0
0.7425
-0.645
0.7325
-0.025
0.7325
-0.025
0.7325
0
0.7325
-0.225
0.7325
0
0.3225
-0.025
0.3225
-0.025
0.3225
0
-0.1425
-0.44
-0.3125
-0.545
-0.265
-0.44
-0.1125
-0.44
-0.1575
-0.44
-0.1125
-0.73
-0.3375
-0.65
-0.4175
-0.44
-0.1125
-0.44
0
0.01
-0.205
0.01
-0.05
0.01
-0.0125
0.01
-0.05
0.42
-0.05
0.42
-0.1175
0.42
-0.0175
0.42
0
0.455
-0.005
0.455
-0.005
0.455
-0.005
0.455
-0.005
-0.125
0.925
-0.005
0.805
-0.005
0.805
-0.005
0.805
-0.005
0.805
0
0.805
-0.645
0.795
-0.025
0.795
-0.025
0.795
0
0.795
-0.225
0.795
0
0.385
-0.025
0.385
-0.025
0.385
0
-0.12
-0.44
-0.09
-0.44
-0.095
-0.4
-0.425
-0.44
-0.095
-0.44
-0.225
-0.65
-0.28
-0.425
-0.185
-0.42
-0.185
-0.44
0
-0.525
-0.32
0.01
-0.005
0.01
-0.005
0.01
-0.005
0.42
-0.01
0.42
-0.005
0.42
-0.01
0.42
-0.01
0.638333
-30
0.638333
-30.035
0.638333
-30.035
0.638333
-30.035
-0.125
-28.855
-0.005
-29.02
-0.005
-29.02
-0.005
-29.02
-0.005
-29.02
0
-29.02
-0.15
-29.03
-0.0666667
-29.03
-0.0666667
-29.03
-0.436667
-29.03
0
-29.44
0
-29.44
-0.15
-29.44
-0.266667
-29.44
0
-30.04
-0.411667
-30.02
-0.366667
-30.055
-0.286667
-30.02
-0.286667
-30.02
-0.286667
-30.02
-0.286667
-30.02
-0.266667
-30.05
-0.286667
-30.02
-0.306667
-30
-0.391667
-30.05
-0.391667
-30.05
-0.391667
-30.05
0.218333
-30
0.628333
-30.035
0.628333
-30
0.628333
-30
0.628333
-30
0.638333
0
0.638333
-0.005
0.638333
-0.005
0.638333
-0.005
0.638333
-0.005
0.758333
-0.125
0.758333
-0.125
-0.005
0.165
-0.005
0.165
0
0.165
-0.195
0.165
-0.416667
0.165
-0.15
0.0716667
-0.346667
0.0716667
0
0.0716667
0
-0.615
-0.15
-0.615
-0.266667
-0.615
0
-0.84
-0.185
-0.78
-0.15
-1.3
-0.441667
-1.355
-0.0666667
-1.305
-0.446667
-1.275
-0.286667
-0.84
-0.441667
-1.355
-0.446667
-1.355
-0.0866667
0
0.628333
-0.2
0.628333
-0.455
0.628333
0
0.628333
0
0.628333
-0.055
0.628333
-0.055
0.628333
0
0.628333
-0.8
0.638333
0
0.638333
-0.005
0.638333
-0.005
0.638333
-0.005
0.638333
-0.005
0.758333
-0.125
-0.005
0.455
-0.005
0.455
-0.005
0.455
0
0.455
-0.15
0.42
-0.0666667
0.42
-0.0666667
0.42
-0.0366667
0.42
0
0.01
0
0.01
-0.15
0.01
-0.266667
0.01
0
-0.44
-0.185
-0.15
-0.15
-0.675
-0.286667
-0.425
-0.15
-0.44
-0.461667
-0.65
-0.286667
-0.44
-0.286667
-0.545
-0.15
-0.44
-0.18
0
0.218333
-0.705
0.218333
-0.025
0.218333
0
0.628333
0
0.628333
-0.105
0.628333
-0.005
0.628333
0
0.628333
0
0.638333
0
0.638333
-0.005
0.638333
-0.005
0.638333
-0.005
0.638333
-0.005
-0.005
0.638333
-0.005
0.638333
-0.005
0.638333
-0.005
0.638333
0
0.638333
-0.15
0.628333
-0.0666667
0.628333
-0.0666667
0.628333
-0.0366667
0.628333
0
0.218333
0
0.218333
-0.15
0.218333
-0.266667
0.218333
0
-0.306667
-0.326667
-0.416667
-0.366667
-0.366667
-0.286667
-0.366667
-0.366667
-0.411667
-0.266667
-0.486667
-0.311667
-0.541667
-0.286667
-0.366667
-0.446667
-0.486667
-0.306667
0
0.218333
-0.266667
0.218333
-0.15
0.218333
-0.541667
0.218333
0
0.628333
-0.15
0.628333
-0.125
0.628333
-0.0166667
0.628333
-0.436667
0.638333
0
0.638333
-0.005
0.638333
-0.005
0.638333
-0.005
0.638333
-0.005
-0.005
0.7425
-0.005
0.7425
-0.005
0.7425
-0.005
0.7425
0
0.7425
-0.15
0.7325
-0.0666667
0.7325
-0.0666667
0.7325
-0.0366667
0.7325
0
0.3225
0
0.3225
-0.15
0.3225
-0.266667
0.3225
0
-0.24
-0.326667
-0.3125
-0.366667
-0.265
-0.286667
-0.265
-0.486667
-0.3375
-0.446667
-0.4175
-0.286667
-0.22
-0.441667
-0.4175
-0.446667
-0.3375
-0.306667
0
0.218333
-0.205
0.218333
-0.05
0.218333
-0.0125
0.218333
-0.05
0.628333
-0.05
0.628333
-0.1175
0.628333
-0.0175
0.628333
0
0.638333
0
0.638333
-0.005
0.638333
-0.005
0.638333
-0.005
-0.125
0.925
-0.005
0.805
-0.005
0.805
-0.005
0.805
-0.005
0.805
0
0.805
-0.15
0.795
-0.0666667
0.795
-0.0666667
0.795
-0.0366667
0.795
0
0.385
0
0.385
-0.15
0.385
-0.266667
0.385
0
-0.2
-0.486667
-0.16
-0.441667
-0.28
-0.286667
-0.425
-0.366667
-0.185
-0.366667
-0.225
-0.446667
-0.28
-0.286667
-0.185
-0.446667
-0.295
-0.306667
0
-0.391667
-0.305
0.218333
-0.005
0.218333
-0.005
0.218333
-0.005
0.628333
-0.01
0.628333
-0.005
0.628333
-0.095
0.628333
-0.01
0.7425
-30.035
0.7425
-30.035
0.7425
-30.035
0.7425
-30.035
-0.125
-28.855
-0.005
-29.02
-0.005
-29.02
-0.005
-29.02
-0.005
-29.02
0
-29.02
0
-29.03
0
-29.03
0
-29.03
-0.05
-29.03
-0.205
-29.44
-0.0125
-29.44
-0.05
-29.44
-0.0125
-29.44
0
-30.04
-0.265
-30.02
-0.4175
-30.025
-0.2
-30.05
-0.2
-30.05
-0.2
-30.085
-0.22
-30.02
-0.2
-30.05
-0.22
-30.02
-0.24
-30
-0.325
-30.05
-0.325
-30.05
-0.325
-30.05
0.3225
-30.135
0.7325
-30.035
0.7325
-30
0.7325
-30
0.7325
-30
0.7425
-0.005
0.7425
-0.005
0.7425
-0.005
0.7425
-0.005
0.7425
-0.005
0.8625
-0.125
0.8625
-0.125
0.8625
-0.125
-0.005
0.165
0
0.165
-0.1925
0.165
-0.2
0.165
-0.0125
0.0716667
-0.1125
0.0716667
-0.205
-0.615
-0.0125
-0.615
-0.05
-0.615
-0.3625
-0.925
0
-0.84
-0.1125
-0.84
-0.4175
-1.355
-0.3375
-1.275
-0.1125
-0.965
-0.05
-0.965
-0.1125
-1.3
-0.3425
-1.355
-0.2
-1.3
-0.07
0
0.7325
-0.2
0.7325
-0.455
0.7325
0
0.7325
0
0.7325
-0.055
0.7325
-0.055
0.7325
0
0.7325
-1.255
0.7425
-0.005
0.7425
-0.005
0.7425
-0.005
0.7425
-0.005
0.7425
-0.005
0.8625
-0.125
-0.005
0.455
-0.005
0.455
-0.005
0.455
0
0.455
-0.05
0.42
0
0.42
0
0.42
-0.05
0.42
-0.205
0.01
-0.0125
0.01
-0.05
0.01
-0.0125
0.01
0
-0.44
-0.1125
-0.44
-0.3625
-0.4
-0.3375
-0.65
-0.1125
-0.44
-0.3375
-0.65
-0.3375
-0.73
-0.22
-0.545
-0.2
-0.72
-0.1425
0
0.3225
-0.025
0.3225
-0.025
0.3225
0
0.7325
0
0.7325
-0.105
0.7325
-0.005
0.7325
0
0.7325
0
0.7425
-0.005
0.7425
-0.005
0.7425
-0.005
0.7425
-0.005
0.7425
-0.005
-0.005
0.638333
-0.005
0.638333
-0.005
0.638333
-0.005
0.638333
0
0.638333
-0.05
0.628333
0
0.628333
0
0.628333
-0.05
0.628333
-0.205
0.218333
-0.0125
0.218333
-0.05
0.218333
-0.0125
0.218333
0
-0.306667
-0.2
-0.466667
-0.225
-0.366667
-0.3375
-0.446667
-0.225
-0.411667
-0.2
-0.486667
-0.3375
-0.461667
-0.22
-0.366667
-0.2
-0.486667
-0.24
0
0.3225
-0.266667
0.3225
-0.15
0.3225
-0.541667
0.3225
0
0.7325
-0.15
0.7325
-0.125
0.7325
-0.0166667
0.7325
-0.266667
0.7425
-0.005
0.7425
-0.005
0.7425
-0.005
0.7425
-0.005
0.7425
-0.005
-0.005
0.7425
-0.005
0.7425
-0.005
0.7425
-0.005
0.7425
0
0.7425
-0.05
0.7325
0
0.7325
0
0.7325
-0.05
0.7325
-0.205
0.3225
-0.0125
0.3225
-0.05
0.3225
-0.0125
0.3225
0
-0.24
-0.2
-0.3625
-0.3625
-0.205
-0.3375
-0.3375
-0.225
-0.24
-0.2
-0.4075
-0.4175
-0.3375
-0.3375
-0.4175
-0.2
-0.4075
-0.24
0
0.3225
-0.205
0.3225
-0.05
0.3225
-0.0125
0.3225
-0.05
0.7325
-0.05
0.7325
-0.1175
0.7325
-0.0175
0.7325
0
0.7425
-0.005
0.7425
-0.005
0.7425
-0.005
0.7425
-0.005
0.7425
-0.005
-0.005
0.805
-0.005
0.805
-0.005
0.805
-0.005
0.805
0
0.805
-0.05
0.795
0
0.795
0
0.795
-0.05
0.795
-0.205
0.385
-0.0125
0.385
-0.05
0.385
-0.0125
0.385
0
-0.2
-0.265
-0.185
-0.4175
-0.28
-0.2
-0.425
-0.225
-0.185
-0.2
-0.305
-0.3375
-0.28
-0.22
-0.185
-0.2
-0.305
-0.24
0
-0.325
-0.305
0.3225
-0.005
0.3225
-0.005
0.3225
-0.005
0.7325
-0.01
0.7325
-0.005
0.7325
-0.01
0.7325
-0.01
0.805
-30.035
0.805
-30.035
0.805
-30.035
0.805
-30.035
-0.125
-28.855
-0.005
-29.02
-0.005
-29.02
-0.005
-29.02
-0.005
-29.02
0
-29.02
0
-29.03
-0.17
-29.03
0
-29.03
-0.01
-29.03
-0.01
-29.44
-0.015
-29.44
-0.005
-29.44
-0.01
-29.44
0
-30.04
-0.185
-30.02
-0.185
-30.02
-0.18
-30.02
-0.18
-30.02
-0.18
-30.02
-0.18
-30.02
-0.205
-30.05
-0.18
-30.02
-0.2
-30
-0.285
-30.05
-0.285
-30.05
0.385
-30
0.385
-30.135
0.795
-30.035
0.795
-30
0.795
-30.035
0.795
-30
0.805
-0.005
0.805
-0.005
0.805
-0.005
0.805
-0.005
0.805
-0.005
0.925
-0.125
0.925
-0.125
0.925
-0.125
-0.005
0.165
0
0.165
0
0.165
0
0.165
-0.005
0.0716667
-0.01
0.0716667
-0.01
-0.615
-0.015
-0.615
-0.3
-0.925
-0.305
-0.925
0
-0.84
-0.2
-0.865
-0.04
-0.92
-0.18
-0.825
-0.28
-1.355
-0.18
-0.825
-0.185
-0.84
-0.28
-1.355
-0.2
-0.865
-0.06
0
0.795
-0.2
0.795
-0.455
0.795
0
0.795
0
0.795
-0.055
0.795
-0.055
0.795
0
0.795
-0.8
0.805
-0.005
0.805
-0.005
0.805
-0.005
0.805
-0.005
0.805
-0.005
0.925
-0.125
-0.005
0.455
-0.005
0.455
-0.005
0.455
0
0.455
-0.01
0.42
-0.01
0.42
0
0.42
-0.01
0.42
-0.01
0.01
-0.015
0.01
-0.005
0.01
-0.305
-0.525
0
-0.44
-0.2
-0.465
-0.185
-0.42
-0.18
-0.425
-0.18
-0.44
-0.09
-0.68
-0.185
-0.44
-0.18
-0.545
-0.2
-0.425
-0.12
0
0.385
-0.025
0.385
-0.025
0.385
0
0.795
0
0.795
-0.105
0.795
-0.005
0.795
0
0.795
0
0.805
-0.005
0.805
-0.005
0.805
-0.005
0.805
-0.005
0.805
-0.005
0.925
-0.125
-0.005
0.638333
-0.005
0.638333
-0.005
0.638333
0
0.638333
-0.01
0.628333
0
0.628333
0
0.628333
-0.01
0.628333
-0.01
0.218333
-0.015
0.218333
-0.005
0.218333
-0.305
-0.391667
0
-0.306667
-0.185
-0.286667
-0.185
-0.366667
-0.18
-0.286667
-0.28
-0.446667
-0.18
-0.286667
-0.345
-0.266667
-0.185
-0.366667
-0.2
-0.411667
-0.2
0
0.385
-0.266667
0.385
-0.15
0.385
-0.541667
0.385
0
0.795
-0.15
0.795
-0.125
0.795
-0.0166667
0.795
-0.436667
0.805
-0.005
0.805
-0.005
0.805
-0.005
0.805
-0.005
0.805
-0.005
-0.005
0.7425
-0.005
0.7425
-0.005
0.7425
-0.005
0.7425
0
0.7425
-0.01
0.7325
-0.01
0.7325
0
0.7325
-0.01
0.7325
-0.01
0.3225
-0.015
0.3225
-0.005
0.3225
-0.305
-0.325
0
-0.24
-0.185
-0.22
-0.185
-0.265
-0.18
-0.225
-0.295
-0.3375
-0.18
-0.225
-0.345
-0.28
-0.275
-0.4175
-0.285
-0.4075
-0.2
0
0.385
-0.205
0.385
-0.05
0.385
-0.0125
0.385
-0.05
0.795
-0.05
0.795
-0.1175
0.795
-0.0175
0.795
0
0.805
-0.005
0.805
-0.005
0.805
-0.005
0.805
-0.005
0.805
-0.005
-0.005
0.805
-0.005
0.805
-0.005
0.805
-0.005
0.805
0
0.805
-0.01
0.795
-0.01
0.795
0
0.795
-0.01
0.795
-0.01
0.385
-0.015
0.385
-0.005
0.385
-0.305
-0.285
0
-0.2
-0.2
-0.185
-0.275
-0.28
-0.18
-0.185
-0.165
-0.425
-0.18
-0.185
-0.275
-0.28
-0.18
-0.185
-0.2
-0.185
-0.2
0
-0.285
-0.32
0.385
-0.005
0.385
-0.005
0.385
-0.005
0.795
-0.01
0.795
-0.005
0.795
-0.01
0.795
-0.01
