-29.03
-30.035
-29.03
-30.035
-29.03
-30.035
-29.03
-30.035
-29.02
-30.035
-30.035
-29.02
-30.035
-29.03
-30.035
-29.03
-30.035
-29.03
-30.035
-29.03
-30.035
-29.03
-30.035
-29.03
-30.035
-29.03
-30.035
-29.03
-30.135
-29.44
-30.08
-29.44
-30.085
-30.2
-30.085
-30.2
-30.035
-30.075
-30.035
-30.13
-30.055
-30.055
-30.055
-30.055
-30.055
-30.055
-30.055
-30.055
-30.055
-30.055
-30.035
-30.25
-30.035
-30.085
-30.075
-30.035
-30.2
-30.085
-30.2
-30.085
-29.44
-30.035
-29.44
-30.135
-29.03
-30.035
-29.03
-30.035
-29.03
-30.035
-29.03
-30.035
-29.02
-0.005
-29.02
-0.005
-29.02
-0.005
-29.02
-0.005
-29.02
-0.005
-28.855
-0.125
-28.855
-0.125
-28.855
-0.125
-28.855
-0.125
-29.545
-0.125
-30.035
0.0716667
-30.035
0.0716667
-30.035
-0.205
-30.035
-0.205
-30.085
-0.925
-30.085
-0.925
-30.085
-0.925
-30.085
-0.925
-30.035
-0.845
-30.035
-1.425
-30.035
-1.305
-30.035
-0.845
-30.035
-0.845
-30.06
-1.28
-30.035
-0.845
-30.035
-0.845
-30.055
-0.825
-30.055
-0.005
-29.03
-0.575
-29.03
-0.495
-29.03
-0.495
-29.03
-0.055
-29.03
-0.055
-29.03
-0.055
-29.03
-0.205
-29.03
-0.455
-29.02
-0.005
-29.02
-0.005
-29.02
-0.005
-29.02
-0.005
-29.02
-0.005
-28.855
-0.125
-28.855
-0.125
-30.035
0.42
-30.035
0.42
-30.035
0.42
-30.035
0.42
-30.035
0.42
-30.035
0.42
-30.035
0.42
-30.135
0.01
-30.085
-0.525
-30.085
-0.525
-30.085
-0.525
-30.035
-0.445
-30.035
-0.695
-30.035
-0.445
-30.055
-0.425
-30.035
-0.68
-30.06
-0.655
-30.035
-0.445
-30.035
-0.445
-30.055
-0.465
-30.065
-0.005
-29.44
-0.405
-29.44
-0.105
-29.44
-0.23
-29.03
-0.03
-29.03
-0.005
-29.03
-0.105
-29.03
-0.005
-29.03
-0.005
-29.03
-0.005
-29.03
-0.005
-29.02
-0.005
-29.02
-0.005
-29.02
-0.005
-28.855
-0.125
-30.035
0.628333
-30.035
0.628333
-30.035
0.628333
-30.035
0.628333
-30.035
0.628333
-30.035
0.628333
-30.035
0.628333
-30.035
0.628333
-30.135
0.218333
-30.085
-0.391667
-30.085
-0.391667
-30.085
-0.391667
-30.035
-0.311667
-30.035
-0.591667
-30.035
-0.471667
-30.055
-0.366667
-30.055
-0.291667
-30.085
-0.346667
-30.055
-0.291667
-30.035
-0.471667
-30.055
-0.291667
-29.655
-0.116667
-29.44
-0.421667
-29.44
-0.155
-29.44
-0.271667
-29.44
-0.0716667
-29.03
-0.0216667
-29.03
-0.0216667
-29.03
-0.005
-29.03
-0.005
-29.03
-0.005
-29.03
-0.005
-29.03
-0.005
-29.03
-0.005
-29.02
-0.005
-28.855
-0.125
-30.035
0.7325
-30.035
0.7325
-30.035
0.7325
-30.035
0.7325
-30.035
0.7325
-30.035
0.7325
-30.035
0.7325
-30.035
0.7325
-30.135
0.3225
-30.085
-0.325
-30.085
-0.325
-30.085
-0.325
-30.035
-0.245
-30.035
-0.4075
-30.035
-0.3675
-30.055
-0.265
-30.035
-0.3675
-30.055
-0.225
-30.035
-0.3675
-30.035
-0.3675
-30.055
-0.225
-30.075
-0.005
-29.44
-0.005
-29.44
-0.3575
-29.44
-0.0175
-29.44
-0.005
-29.03
-0.0175
-29.03
-0.005
-29.03
-0.005
-29.03
-0.005
-29.03
-0.005
-29.03
-0.005
-29.03
-0.005
-29.03
-0.005
-29.02
-0.005
-28.855
-0.125
-30.035
0.795
-30.035
0.795
-30.035
0.795
-30.035
0.795
-30.035
0.795
-30.035
0.795
-30.035
0.795
-30.035
0.795
-30.135
0.385
-30.035
0.385
-30.085
-0.285
-30.085
-0.285
-30.035
-0.205
-30.035
-0.305
-30.055
-0.185
-30.055
-0.185
-30.055
-0.185
-30.055
-0.225
-30.035
-0.305
-30.035
-0.305
-30.055
-0.225
-30.075
-0.005
-29.44
-0.005
-29.44
-0.015
-29.44
-0.18
-29.44
-0.005
-29.03
-0.005
-29.03
-0.09
-29.03
-0.005
-29.03
-0.005
-0.125
-29.22
-0.125
-28.855
-0.125
-28.855
-0.125
-28.855
-0.125
-28.855
-0.005
-29.02
-0.005
-29.02
-0.005
-29.02
-0.005
-29.02
-0.005
-29.02
-0.055
-29.03
-0.055
-29.03
-0.055
-29.03
-0.055
-29.03
-0.055
-29.03
-0.055
-29.03
-0.055
-29.03
-0.055
-29.03
-0.005
-30.055
-0.845
-30.035
-0.825
-30.055
-0.845
-30.035
-0.845
-30.035
-0.845
-30.135
-0.845
-30.035
-0.845
-30.035
-0.805
-30.085
-0.845
-30.035
-0.925
-30.085
-0.925
-30.085
-0.925
-30.085
-0.925
-30.085
-0.205
-30.035
-0.205
-30.035
0.0716667
-30.035
0.0716667
-30.035
0.165
-0.005
0.165
-0.005
0.165
-0.005
0.165
-0.005
0.165
-0.005
-0.005
0.165
-0.005
0.165
-0.005
0.165
-0.005
0.165
-0.005
0.165
-0.245
0.165
-0.455
0.165
-0.455
0.0716667
-0.495
0.0716667
-0.205
0.0716667
-0.205
0.0716667
-0.055
0.0716667
-0.055
0.0716667
-0.005
-0.225
-1.38
-0.805
-0.23
-0.215
-0.24
-0.455
-1.27
-1.38
-1.4
-1.32
-0.805
-1.38
-0.485
-0.22
-1.32
-1.4
-0.225
-0.005
0.0716667
-0.47
0.0716667
-0.055
0.0716667
-0.055
0.0716667
-0.055
0.0716667
-0.055
0.0716667
-0.495
0.165
-0.055
0.165
-0.005
0.165
-0.005
0.165
-0.005
0.165
-0.005
-0.125
0.575
-0.125
0.575
-0.005
0.455
-0.005
0.455
-0.005
0.455
-0.005
0.455
-0.005
0.455
-0.245
0.455
-0.455
0.42
-0.455
0.42
-0.495
0.42
-0.205
0.42
-0.205
0.42
-0.055
0.42
-0.055
0.42
-0.005
-0.125
-1.38
-0.645
-0.485
-0.105
-0.485
-0.105
-1.38
-0.63
-0.485
-0.63
-0.485
-0.105
-0.485
-0.225
-1.38
-0.105
-0.485
-0.005
-0.575
-0.445
-0.325
-0.275
-0.205
-0.005
0.0716667
-0.03
0.0716667
-0.03
0.0716667
-0.03
0.165
-0.105
0.165
-0.005
0.165
-0.005
0.165
-0.005
0.165
-0.005
-0.125
0.758333
-0.125
0.758333
-0.005
0.638333
-0.005
0.638333
-0.005
0.638333
-0.005
0.638333
-0.005
0.638333
-0.055
0.628333
-0.455
0.628333
-0.455
0.628333
-0.055
0.628333
-0.205
0.628333
-0.055
0.628333
-0.055
0.628333
-0.055
0.628333
-0.005
-0.0916667
-1.38
-0.286667
-0.845
-0.0716667
-0.825
-0.291667
-1.28
-0.521667
-0.845
-0.436667
-0.825
-0.411667
-0.875
-0.0566667
-1.305
-0.0716667
-0.875
-0.116667
-0.615
-0.421667
-0.615
-0.271667
-0.615
-0.461667
0.0716667
-0.0216667
0.0716667
-0.0716667
0.0716667
-0.0366667
0.165
-0.005
0.165
-0.005
0.0716667
-0.005
0.165
-0.005
-0.125
0.8625
-0.125
0.8625
-0.125
0.8625
-0.005
0.7425
-0.005
0.7425
-0.005
0.7425
-0.005
0.7425
-0.005
0.7425
-0.055
0.7325
-0.455
0.7325
-0.455
0.7325
-0.495
0.7325
-0.205
0.7325
-0.205
0.7325
-0.055
0.7325
-0.055
0.7325
-0.005
-0.075
-1.38
-0.1325
-0.845
-0.1175
-0.845
-0.205
-0.805
-0.3675
-1.28
-0.3425
-0.845
-0.22
-0.825
-0.225
-1.305
-0.1175
-0.845
-0.005
-0.925
-0.3825
-0.615
-0.055
-0.615
-0.005
-0.615
-0.3175
0.0716667
-0.0175
0.0716667
-0.005
0.0716667
-0.005
0.0716667
-0.005
0.0716667
-0.005
0.0716667
-0.005
-0.125
0.925
-0.125
0.925
-0.125
0.925
-0.005
0.805
-0.005
0.805
-0.005
0.805
-0.005
0.805
-0.005
0.805
-0.055
0.795
-0.455
0.795
-0.455
0.795
-0.495
0.795
-0.205
0.795
-0.055
0.795
-0.055
0.795
-0.055
0.795
-0.005
-0.065
-1.38
-0.165
-0.825
-0.185
-0.805
-0.305
-0.845
-0.27
-0.805
-0.38
-0.965
-0.215
-0.825
-0.225
-1.38
-0.095
-0.845
-0.005
-0.925
-0.305
-0.925
-0.305
-0.615
-0.095
-0.615
-0.005
0.0716667
-0.005
0.0716667
-0.005
0.0716667
-0.005
0.0716667
-0.005
0.42
-30.035
0.42
-30.035
0.42
-30.035
-0.125
-28.855
-0.125
-28.855
-0.005
-29.02
-0.005
-29.02
-0.005
-29.02
-0.005
-29.02
-0.005
-29.02
-0.005
-29.03
-0.03
-29.03
-0.005
-29.03
-0.23
-29.03
-0.03
-29.03
-0.105
-29.44
-0.105
-29.44
-0.105
-29.44
-0.005
-30.065
-0.445
-30.035
-0.425
-30.055
-0.445
-30.035
-0.445
-30.035
-0.405
-30.085
-0.445
-30.035
-0.445
-30.035
-0.405
-30.085
-0.445
-30.035
-0.525
-30.085
-0.525
-30.085
-0.525
-30.085
0.01
-30.035
0.42
-30.035
0.42
-30.035
0.42
-30.035
0.42
-30.035
0.455
-0.005
0.455
-0.005
0.455
-0.005
0.455
-0.005
0.455
-0.005
0.575
-0.125
0.575
-0.125
-0.005
0.165
-0.005
0.165
-0.005
0.165
-0.005
0.165
-0.105
0.165
-0.03
0.0716667
-0.03
0.0716667
-0.03
0.0716667
-0.005
-0.205
-0.26
-0.325
-0.68
-0.575
-0.005
-0.485
-0.245
-0.78
-0.23
-0.885
-0.105
-0.485
-0.645
-1.38
-0.105
-1.32
-0.23
-1.38
-0.105
-0.485
-0.67
-1.4
-0.125
-0.005
0.42
-0.055
0.42
-0.055
0.42
-0.055
0.42
-0.455
0.42
-0.055
0.42
-0.495
0.42
-0.455
0.455
-0.005
0.455
-0.005
0.455
-0.005
0.455
-0.005
0.455
-0.005
0.455
-0.005
-0.005
0.455
-0.005
0.455
-0.005
0.455
-0.005
0.455
-0.005
0.455
-0.245
0.42
-0.03
0.42
-0.03
0.42
-0.03
0.42
-0.105
0.42
-0.23
0.01
-0.105
0.01
-0.105
0.01
-0.005
-0.26
-0.245
-0.245
-0.23
-0.68
-0.23
-0.445
-0.245
-0.245
-0.245
-0.26
-0.245
-0.285
-0.25
-0.265
-0.245
-0.245
-0.26
-0.005
0.01
-0.23
0.01
-0.405
0.01
-0.23
0.42
-0.005
0.42
-0.005
0.42
-0.03
0.42
-0.005
0.42
-0.005
0.455
-0.005
0.455
-0.005
0.455
-0.005
0.455
-0.005
-0.125
0.758333
-0.005
0.638333
-0.005
0.638333
-0.005
0.638333
-0.005
0.638333
-0.005
0.638333
-0.245
0.628333
-0.03
0.628333
-0.03
0.628333
-0.005
0.628333
-0.105
0.628333
-0.23
0.218333
-0.105
0.218333
-0.105
0.218333
-0.005
-0.185
-0.73
-0.446667
-0.75
-0.386667
-0.265
-0.0416667
-0.655
-0.521667
-0.445
-0.436667
-0.405
-0.486667
-0.25
-0.0566667
-0.155
-0.21
-0.25
-0.116667
0.01
-0.271667
0.01
-0.436667
0.01
-0.461667
0.01
-0.0716667
0.42
-0.0716667
0.42
-0.0216667
0.42
-0.0716667
0.42
-0.005
0.42
-0.005
0.42
-0.005
0.42
-0.005
0.455
-0.005
-0.125
0.8625
-0.005
0.7425
-0.005
0.7425
-0.005
0.7425
-0.005
0.7425
-0.005
0.7425
-0.245
0.7325
-0.03
0.7325
-0.03
0.7325
-0.03
0.7325
-0.005
0.7325
-0.23
0.3225
-0.105
0.3225
-0.105
0.3225
-0.005
-0.1475
-0.445
-0.1325
-0.445
-0.1175
-0.485
-0.1175
-0.405
-0.3675
-0.405
-0.4875
-0.655
-0.3425
-0.445
-0.1175
-0.68
-0.1175
-0.445
-0.005
0.01
-0.205
0.01
-0.055
0.01
-0.005
0.01
-0.005
0.42
-0.1175
0.42
-0.0175
0.42
-0.13
0.42
-0.005
0.42
-0.005
0.42
-0.005
0.42
-0.005
0.42
-0.005
-0.125
0.925
-0.005
0.805
-0.005
0.805
-0.005
0.805
-0.005
0.805
-0.005
0.805
-0.005
0.795
-0.03
0.795
-0.03
0.795
-0.03
0.795
-0.005
0.795
-0.23
0.385
-0.105
0.385
-0.105
0.385
-0.005
-0.125
-0.405
-0.305
-0.425
-0.185
-0.445
-0.095
-0.405
-0.345
-0.405
-0.38
-0.655
-0.28
-0.44
-0.225
-0.68
-0.215
-0.445
-0.005
-0.525
-0.305
0.01
-0.015
0.01
-0.095
0.01
-0.005
0.42
-0.055
0.42
-0.18
0.42
-0.09
0.42
-0.11
0.628333
-30.035
0.628333
-30.035
0.628333
-30.035
0.628333
-30.035
-0.125
-28.855
-0.005
-29.02
-0.005
-29.02
-0.005
-29.02
-0.005
-29.03
-0.005
-29.03
-0.005
-29.03
-0.005
-29.03
-0.005
-29.03
-0.005
-29.03
-0.0716667
-29.44
-0.0716667
-29.44
-0.0716667
-29.44
-0.0716667
-29.44
-0.116667
-29.655
-0.311667
-30.035
-0.291667
-30.055
-0.311667
-30.035
-0.311667
-30.035
-0.271667
-30.085
-0.291667
-30.055
-0.291667
-30.055
-0.271667
-30.085
-0.311667
-30.035
-0.391667
-30.085
-0.391667
-30.085
-0.391667
-30.085
0.218333
-30.035
0.628333
-30.035
0.628333
-30.035
0.628333
-30.035
0.628333
-30.035
0.638333
-0.005
0.638333
-0.005
0.638333
-0.005
0.638333
-0.005
0.638333
-0.005
0.758333
-0.125
0.758333
-0.125
-0.005
0.165
-0.005
0.165
-0.005
0.165
-0.005
0.165
-0.005
0.165
-0.0366667
0.0716667
-0.0716667
0.0716667
-0.0216667
0.0716667
-0.0716667
-0.615
-0.0716667
-0.615
-0.271667
-0.615
-0.116667
-0.875
-0.0416667
-0.915
-0.271667
-0.885
-0.0716667
-0.845
-0.271667
-1.38
-0.0716667
-1.32
-0.271667
-1.38
-0.0716667
-0.845
-0.446667
-1.4
-0.0916667
-0.005
0.628333
-0.575
0.628333
-0.055
0.628333
-0.055
0.628333
-0.575
0.628333
-0.055
0.628333
-0.495
0.628333
-0.455
0.628333
-0.055
0.638333
-0.005
0.638333
-0.005
0.638333
-0.005
0.638333
-0.005
0.638333
-0.005
0.758333
-0.125
-0.005
0.455
-0.005
0.455
-0.005
0.455
-0.005
0.455
-0.005
0.42
-0.0716667
0.42
-0.0216667
0.42
-0.0716667
0.42
-0.155
0.01
-0.0716667
0.01
-0.0716667
0.01
-0.271667
0.01
-0.116667
-0.25
-0.271667
-0.68
-0.446667
-0.655
-0.421667
-0.445
-0.511667
-0.525
-0.291667
-0.465
-0.17
-0.23
-0.0416667
-0.265
-0.155
-0.445
-0.185
-0.005
0.218333
-0.63
0.218333
-0.105
0.218333
-0.105
0.628333
-0.045
0.628333
-0.005
0.628333
-0.03
0.628333
-0.005
0.628333
-0.005
0.628333
-0.005
0.628333
-0.005
0.638333
-0.005
0.638333
-0.005
0.638333
-0.005
-0.005
0.638333
-0.005
0.638333
-0.005
0.638333
-0.005
0.628333
-0.005
0.628333
-0.005
0.628333
-0.0716667
0.628333
-0.0216667
0.628333
-0.005
0.628333
-0.155
0.218333
-0.0716667
0.218333
-0.0716667
0.218333
-0.271667
0.218333
-0.116667
-0.0416667
-0.271667
-0.471667
-0.446667
-0.521667
-0.161667
-0.0416667
-0.446667
-0.521667
-0.291667
-0.331667
-0.291667
-0.366667
-0.0416667
-0.0566667
-0.0416667
-0.0416667
-0.0416667
-0.116667
0.218333
-0.271667
0.218333
-0.271667
0.218333
-0.461667
0.218333
-0.271667
0.628333
-0.0716667
0.628333
-0.0216667
0.628333
-0.0716667
0.628333
-0.005
0.628333
-0.005
0.628333
-0.005
0.628333
-0.005
0.628333
-0.005
0.638333
-0.005
-0.005
0.7425
-0.005
0.7425
-0.005
0.7425
-0.005
0.7325
-0.005
0.7325
-0.005
0.7325
-0.0716667
0.7325
-0.0216667
0.7325
-0.0716667
0.7325
-0.155
0.3225
-0.0716667
0.3225
-0.0716667
0.3225
-0.271667
0.3225
-0.116667
0.0625
-0.546667
-0.3925
-0.446667
-0.3575
-0.271667
-0.3675
-0.291667
-0.24
-0.291667
-0.265
-0.446667
-0.3425
-0.471667
-0.22
-0.546667
-0.22
-0.311667
-0.005
0.218333
-0.005
0.218333
-0.055
0.218333
-0.005
0.218333
-0.005
0.628333
-0.0175
0.628333
-0.0175
0.628333
-0.13
0.628333
-0.005
0.628333
-0.005
0.628333
-0.005
0.628333
-0.005
0.628333
-0.005
-0.125
0.925
-0.005
0.805
-0.005
0.805
-0.005
0.805
-0.005
0.795
-0.005
0.795
-0.005
0.795
-0.0716667
0.795
-0.0216667
0.795
-0.0716667
0.795
-0.155
0.385
-0.0716667
0.385
-0.0716667
0.385
-0.271667
0.385
-0.116667
0.125
-0.271667
-0.305
-0.291667
-0.185
-0.271667
-0.305
-0.291667
-0.185
-0.291667
-0.2
-0.446667
-0.28
-0.306667
-0.2
-0.291667
-0.185
-0.311667
-0.005
-0.391667
-0.305
0.218333
-0.015
0.218333
-0.095
0.218333
-0.005
0.628333
-0.11
0.628333
-0.18
0.628333
-0.09
0.628333
-0.11
0.7325
-30.035
0.7325
-30.035
0.7325
-30.035
0.7325
-30.035
-0.125
-28.855
-0.005
-29.02
-0.005
-29.03
-0.005
-29.03
-0.005
-29.03
-0.005
-29.03
-0.005
-29.03
-0.005
-29.03
-0.005
-29.03
-0.005
-29.03
-0.005
-29.44
-0.005
-29.44
-0.005
-29.44
-0.005
-29.44
-0.005
-30.075
-0.225
-30.1
-0.225
-30.055
-0.225
-30.155
-0.205
-30.13
-0.205
-30.185
-0.225
-30.055
-0.225
-30.055
-0.205
-30.085
-0.245
-30.035
-0.325
-30.085
-0.325
-30.085
-0.325
-30.085
0.3225
-30.135
0.7325
-30.035
0.7325
-30.035
0.7325
-30.035
0.7325
-30.035
0.7425
-0.005
0.7425
-0.005
0.7425
-0.005
0.7425
-0.005
0.7425
-0.005
0.8625
-0.125
0.8625
-0.125
0.8625
-0.125
-0.005
0.165
-0.08
0.0716667
-0.08
0.0716667
-0.005
0.0716667
-0.005
0.0716667
-0.0175
0.0716667
-0.005
-0.615
-0.005
-0.615
-0.005
-0.615
-0.3825
-0.925
-0.005
-0.845
-0.1175
-1.32
-0.1175
-0.885
-0.055
-0.885
-0.1175
-1.38
-0.055
-1.32
-0.1175
-1.38
-0.055
-0.845
-0.3425
-1.4
-0.075
-0.005
0.7325
-0.575
0.7325
-0.055
0.7325
-0.055
0.7325
-0.575
0.7325
-0.055
0.7325
-0.055
0.7325
-0.455
0.7325
-0.055
0.7425
-0.005
0.7425
-0.005
0.7425
-0.005
0.7425
-0.005
0.7425
-0.005
0.8625
-0.125
-0.005
0.455
-0.005
0.42
-0.005
0.42
-0.005
0.42
-0.005
0.42
-0.13
0.42
-0.0175
0.42
-0.0175
0.42
-0.005
0.01
-0.005
0.01
-0.005
0.01
-0.005
0.01
-0.005
-0.445
-0.1175
-0.68
-0.1175
-0.445
-0.24
-0.425
-0.225
-0.545
-0.225
-0.465
-0.3425
-0.775
-0.1175
-0.445
-0.1175
-0.445
-0.1475
-0.005
0.3225
-0.63
0.3225
-0.105
0.3225
-0.105
0.7325
-0.005
0.7325
-0.005
0.7325
-0.105
0.7325
-0.005
0.7325
-0.005
0.7325
-0.005
0.7325
-0.005
0.7425
-0.005
0.7425
-0.005
0.7425
-0.005
-0.005
0.638333
-0.005
0.628333
-0.005
0.628333
-0.005
0.628333
-0.005
0.628333
-0.005
0.628333
-0.13
0.628333
-0.0175
0.628333
-0.0175
0.628333
-0.005
0.218333
-0.005
0.218333
-0.005
0.218333
-0.005
0.218333
-0.005
-0.311667
-0.225
-0.306667
-0.225
-0.291667
-0.225
-0.291667
-0.225
-0.331667
-0.225
-0.291667
-0.225
-0.331667
-0.24
-0.411667
-0.225
-0.291667
0.0625
-0.116667
0.3225
-0.271667
0.3225
-0.271667
0.3225
-0.461667
0.3225
-0.271667
0.7325
-0.0716667
0.7325
-0.0716667
0.7325
-0.0716667
0.7325
-0.005
0.7325
-0.005
0.7325
-0.005
0.7325
-0.005
0.7325
-0.005
0.7425
-0.005
-0.005
0.7425
-0.005
0.7325
-0.005
0.7325
-0.005
0.7325
-0.005
0.7325
-0.005
0.7325
-0.13
0.7325
-0.0175
0.7325
-0.0175
0.7325
-0.005
0.3225
-0.005
0.3225
-0.005
0.3225
-0.005
0.3225
-0.005
-0.245
-0.225
-0.225
-0.225
-0.225
-0.24
-0.345
-0.265
-0.225
-0.225
-0.225
-0.225
-0.24
-0.3675
-0.22
-0.3675
-0.22
-0.245
-0.005
0.3225
-0.005
0.3225
-0.055
0.3225
-0.005
0.3225
-0.005
0.7325
-0.0175
0.7325
-0.0175
0.7325
-0.13
0.7325
-0.005
0.7325
-0.005
0.7325
-0.005
0.7325
-0.005
0.7325
-0.005
0.7425
-0.005
-0.005
0.805
-0.005
0.795
-0.005
0.795
-0.005
0.795
-0.005
0.795
-0.005
0.795
-0.13
0.795
-0.0175
0.795
-0.0175
0.795
-0.005
0.385
-0.005
0.385
-0.005
0.385
-0.005
0.385
-0.005
-0.205
-0.205
-0.305
-0.225
-0.225
-0.205
-0.345
-0.265
-0.225
-0.225
-0.2
-0.225
-0.305
-0.24
-0.225
-0.225
-0.185
-0.245
-0.005
-0.325
-0.32
0.3225
-0.015
0.3225
-0.095
0.3225
-0.005
0.7325
-0.11
0.7325
-0.17
0.7325
-0.09
0.7325
-0.11
0.795
-30.035
0.795
-30.035
0.795
-30.035
0.795
-30.035
-0.125
-28.855
-0.005
-29.02
-0.005
-29.03
-0.005
-29.03
-0.005
-29.03
-0.005
-29.03
-0.005
-29.03
-0.005
-29.03
-0.005
-29.03
-0.005
-29.03
-0.005
-29.44
-0.005
-29.44
-0.005
-29.44
-0.045
-29.44
-0.005
-30.075
-0.185
-30.1
-0.185
-30.055
-0.185
-30.155
-0.165
-30.13
-0.165
-30.185
-0.185
-30.055
-0.185
-30.055
-0.165
-30.085
-0.205
-30.035
-0.285
-30.085
-0.285
-30.085
0.385
-30.035
0.385
-30.035
0.795
-30.035
0.795
-30.035
0.795
-30.035
0.795
-30.035
0.805
-0.005
0.805
-0.005
0.805
-0.005
0.805
-0.005
0.805
-0.005
0.925
-0.125
0.925
-0.125
0.925
-0.125
-0.005
0.0716667
-0.005
0.0716667
-0.005
0.0716667
-0.005
0.0716667
-0.005
0.0716667
-0.005
0.0716667
-0.005
-0.615
-0.005
-0.615
-0.305
-0.925
-0.305
-0.925
-0.005
-0.845
-0.045
-0.92
-0.305
-0.925
-0.045
-0.845
-0.28
-1.4
-0.305
-0.82
-0.095
-1.38
-0.045
-0.845
-0.295
-1.4
-0.065
-0.005
0.795
-0.055
0.795
-0.055
0.795
-0.055
0.795
-0.575
0.795
-0.055
0.795
-0.495
0.795
-0.455
0.795
-0.055
0.805
-0.005
0.805
-0.005
0.805
-0.005
0.805
-0.005
0.805
-0.005
0.925
-0.125
-0.005
0.42
-0.005
0.42
-0.005
0.42
-0.005
0.42
-0.005
0.42
-0.09
0.42
-0.18
0.42
-0.055
0.42
-0.005
0.01
-0.005
0.01
-0.005
0.01
-0.305
-0.525
-0.005
-0.445
-0.28
-0.655
-0.095
-0.68
-0.095
-0.445
-0.27
-0.445
-0.255
-0.46
-0.28
-0.775
-0.095
-0.445
-0.095
-0.445
-0.125
-0.005
0.385
-0.105
0.385
-0.105
0.385
-0.105
0.795
-0.045
0.795
-0.005
0.795
-0.03
0.795
-0.005
0.795
-0.005
0.795
-0.005
0.795
-0.005
0.805
-0.005
0.805
-0.005
0.805
-0.005
0.925
-0.125
-0.005
0.628333
-0.005
0.628333
-0.005
0.628333
-0.005
0.628333
-0.005
0.628333
-0.09
0.628333
-0.18
0.628333
-0.005
0.628333
-0.005
0.218333
-0.005
0.218333
-0.005
0.218333
-0.305
-0.391667
-0.005
-0.311667
-0.28
-0.446667
-0.225
-0.291667
-0.225
-0.291667
-0.28
-0.446667
-0.305
-0.271667
-0.185
-0.411667
-0.185
-0.291667
-0.185
-0.291667
0.125
-0.116667
0.385
-0.271667
0.385
-0.271667
0.385
-0.461667
0.385
-0.271667
0.795
-0.0716667
0.795
-0.0216667
0.795
-0.0716667
0.795
-0.155
0.795
-0.005
0.795
-0.005
0.795
-0.005
0.795
-0.005
0.805
-0.005
-0.005
0.7425
-0.005
0.7325
-0.005
0.7325
-0.005
0.7325
-0.005
0.7325
-0.005
0.7325
-0.09
0.7325
-0.18
0.7325
-0.055
0.7325
-0.005
0.3225
-0.005
0.3225
-0.005
0.3225
-0.305
-0.325
-0.005
-0.245
-0.185
-0.225
-0.225
-0.225
-0.185
-0.345
-0.28
-0.3575
-0.28
-0.3425
-0.305
-0.22
-0.185
-0.24
-0.38
-0.22
-0.205
-0.005
0.385
-0.0175
0.385
-0.055
0.385
-0.005
0.385
-0.3325
0.795
-0.0175
0.795
-0.0175
0.795
-0.13
0.795
-0.005
0.795
-0.005
0.795
-0.005
0.795
-0.005
0.795
-0.005
0.805
-0.005
-0.005
0.805
-0.005
0.795
-0.005
0.795
-0.005
0.795
-0.005
0.795
-0.005
0.795
-0.09
0.795
-0.18
0.795
-0.055
0.795
-0.005
0.385
-0.005
0.385
-0.005
0.385
-0.305
-0.285
-0.005
-0.205
-0.165
-0.305
-0.225
-0.225
-0.205
-0.345
-0.28
-0.295
-0.2
-0.26
-0.28
-0.28
-0.185
-0.2
-0.165
-0.305
-0.205
-0.005
-0.285
-0.305
0.385
-0.015
0.385
-0.095
0.385
-0.005
0.795
-0.11
0.795
-0.18
0.795
-0.09
0.795
-0.11
