-29.03
-30.035
-29.03
-30.035
-29.03
-30.035
-29.03
-30.035
-29.02
-30.035
-30.035
-29.02
-30.035
-29.03
-30.035
-29.03
-30.035
-29.03
-30.035
-29.03
-30.035
-29.03
-30.035
-29.44
-30.035
-29.44
-30.035
-29.44
-30.035
-29.44
-30.085
-30.2
-30.085
-30.2
-30.085
-30.2
-30.035
-30.075
-30.055
-30.055
-30.055
-30.055
-30.055
-30.055
-30.055
-30.055
-30.055
-30.055
-30.055
-30.055
-30.055
-30.055
-30.035
-30.085
-30.075
-30.035
-30.2
-30.085
-30.2
-30.085
-30.2
-30.085
-29.44
-30.035
-29.44
-30.035
-29.44
-30.035
-29.44
-30.035
-29.03
-30.035
-29.03
-0.005
-29.03
-0.005
-29.03
-0.005
-29.03
-0.005
-29.02
-0.005
-28.855
-0.125
-28.855
-0.125
-28.855
-0.125
-28.855
-0.125
-28.855
-0.125
-28.855
-0.125
-29.06
-0.18
-29.385
-0.338333
-29.385
-0.338333
-30.085
-0.925
-30.085
-0.925
-30.085
-0.925
-30.085
-0.925
-30.035
-0.845
-30.08
-1.425
-30.035
-0.845
-30.035
-0.845
-30.035
-0.845
-30.06
-1.32
-30.035
-0.845
-30.035
-0.845
-30.055
-0.825
-30.055
-1.27
-29.03
-0.005
-29.03
-0.005
-29.03
-0.005
-29.03
-0.005
-29.03
-0.005
-29.03
-0.005
-29.03
-0.005
-29.03
-0.005
-29.03
-0.005
-29.03
-0.005
-29.03
-0.005
-29.03
-0.005
-29.02
-0.005
-28.855
-0.125
-28.855
-0.125
-28.855
-0.125
-28.855
-0.125
-28.855
-0.125
-30.035
0.42
-30.035
0.01
-30.035
0.01
-30.085
-0.525
-30.085
-0.525
-30.085
-0.525
-30.085
-0.525
-30.085
-0.525
-30.035
-0.445
-30.08
-0.72
-30.035
-0.445
-30.035
-0.445
-30.035
-0.445
-30.035
-0.695
-30.035
-0.445
-30.035
-0.445
-30.035
-0.445
-30.035
-0.565
-29.44
-0.005
-29.44
-0.005
-29.44
-0.005
-29.44
-0.005
-29.44
-0.005
-29.44
-0.005
-29.03
-0.005
-29.03
-0.005
-29.03
-0.005
-29.03
-0.005
-29.03
-0.005
-29.03
-0.005
-29.02
-0.005
-28.855
-0.125
-28.855
-0.125
-30.035
0.628333
-30.035
0.628333
-30.035
0.628333
-30.035
0.628333
-30.035
0.218333
-30.035
0.218333
-30.035
0.218333
-30.085
-0.391667
-30.085
-0.391667
-30.085
-0.391667
-30.085
-0.391667
-30.035
-0.311667
-30.08
-0.591667
-30.105
-0.486667
-30.055
-0.291667
-30.085
-0.311667
-30.06
-0.486667
-30.035
-0.486667
-30.055
-0.291667
-30.055
-0.291667
-30.075
-0.541667
-29.44
-0.005
-29.44
-0.005
-29.44
-0.005
-29.44
-0.005
-29.44
-0.005
-29.44
-0.005
-29.44
-0.005
-29.44
-0.005
-29.03
-0.005
-29.03
-0.005
-29.03
-0.005
-29.03
-0.005
-29.02
-0.005
-28.855
-0.125
-30.035
0.7325
-30.035
0.7325
-30.035
0.7325
-30.035
0.7325
-30.035
0.7325
-30.035
0.3225
-30.035
0.3225
-30.035
0.3225
-30.085
-0.325
-30.085
-0.325
-30.085
-0.325
-30.085
-0.325
-30.035
-0.245
-30.1
-0.345
-30.25
-0.205
-30.055
-0.265
-30.2
-0.3675
-30.055
-0.265
-30.035
-0.3675
-30.035
-0.3675
-30.055
-0.225
-30.035
-0.3675
-29.44
-0.005
-29.44
-0.005
-29.44
-0.005
-29.44
-0.005
-29.44
-0.005
-29.44
-0.005
-29.44
-0.005
-29.44
-0.005
-29.03
-0.005
-29.03
-0.005
-29.03
-0.005
-29.03
-0.005
-29.02
-0.005
-28.855
-0.125
-30.035
0.795
-30.035
0.795
-30.035
0.795
-30.035
0.795
-30.035
0.795
-30.035
0.385
-30.035
0.385
-30.035
0.385
-30.085
-0.285
-30.085
-0.285
-30.085
-0.285
-30.085
-0.285
-30.035
-0.205
-30.1
-0.2
-30.105
-0.28
-30.055
-0.185
-30.055
-0.185
-30.055
-0.185
-30.035
-0.305
-30.035
-0.305
-30.055
-0.185
-30.035
-0.345
-30.24
-0.005
-29.44
-0.005
-29.44
-0.005
-29.44
-0.005
-29.44
-0.005
-29.44
-0.005
-29.44
-0.005
-29.44
-0.005
-0.125
-28.855
-0.125
-28.855
-0.125
-28.855
-0.125
-28.855
-0.125
-28.855
-0.005
-29.02
-0.005
-29.03
-0.005
-29.03
-0.005
-29.03
-0.005
-29.03
-0.005
-29.03
-0.005
-29.03
-0.005
-29.03
-0.005
-29.03
-0.005
-29.03
-0.005
-29.03
-0.005
-29.03
-0.005
-29.03
-1.27
-30.075
-0.84
-30.1
-0.825
-30.055
-0.845
-30.135
-0.845
-30.2
-0.845
-30.035
-0.845
-30.035
-0.845
-30.035
-0.845
-30.035
-0.845
-30.035
-0.925
-30.085
-0.925
-30.085
-0.925
-30.085
-0.925
-30.085
-0.338333
-29.385
-0.338333
-29.385
-0.18
-29.06
-0.125
-28.855
0.0716667
-0.005
0.165
-0.005
0.165
-0.005
0.165
-0.005
0.165
-0.005
-0.005
0.165
-0.005
0.165
-0.005
0.165
-0.005
0.165
-0.005
0.0716667
-0.005
0.0716667
-0.005
0.0716667
-0.005
0.0716667
-0.005
0.0716667
-0.005
0.0716667
-0.005
0.0716667
-0.005
0.0716667
-0.005
0.0716667
-1.27
-0.845
-1.38
-0.82
-0.845
-1.27
-0.5
-0.455
-0.845
-1.27
-0.51
-1.27
-0.485
-1.27
-0.225
-0.53
-0.205
-0.845
-0.225
-1.27
0.0716667
-0.005
0.0716667
-0.005
0.0716667
-0.005
0.0716667
-0.005
0.0716667
-0.005
0.0716667
-0.005
0.0716667
-0.005
0.0716667
-0.005
-0.125
0.575
-0.125
0.575
-0.125
0.575
-0.125
0.575
-0.125
0.575
-0.005
0.455
-0.005
0.455
-0.005
0.42
-0.005
0.42
-0.005
0.42
-0.005
0.42
-0.005
0.42
-0.005
0.42
-0.005
0.42
-0.005
0.42
-0.005
0.42
-0.005
0.42
-0.005
0.42
-1.27
-0.445
-1.38
-0.12
-1.27
-0.695
-0.485
-0.63
-1.27
-0.8
-1.27
-0.565
-0.47
-0.695
-0.485
-0.75
-0.485
-0.645
-0.455
-0.565
-0.605
-0.005
-0.335
0.075
-0.335
0.075
-0.335
0.075
-0.205
-0.005
-0.205
-0.005
-0.18
0.345
-0.125
0.575
-0.125
0.758333
-0.125
0.758333
-0.125
0.758333
-0.125
0.758333
-0.125
0.758333
-0.005
0.638333
-0.005
0.628333
-0.005
0.628333
-0.005
0.628333
-0.005
0.628333
-0.005
0.628333
-0.005
0.628333
-0.005
0.628333
-0.005
0.628333
-0.005
0.628333
-0.005
0.628333
-0.005
0.628333
-0.005
0.628333
-1.27
-0.311667
-1.38
-0.436667
-1.27
-0.486667
-0.57
-0.541667
-1.27
-0.386667
-1.27
-0.591667
-1.27
-0.546667
-0.535
-0.421667
-0.845
-0.436667
-0.845
-0.541667
-0.615
-0.005
-0.615
-0.005
-0.615
-0.005
-0.615
-0.005
-0.338333
0.228333
-0.338333
0.228333
-0.18
0.553333
-0.125
0.758333
-0.125
0.8625
-0.125
0.8625
-0.125
0.8625
-0.125
0.8625
-0.125
0.8625
-0.005
0.7425
-0.005
0.7325
-0.005
0.7325
-0.005
0.7325
-0.005
0.7325
-0.005
0.7325
-0.005
0.7325
-0.005
0.7325
-0.005
0.7325
-0.005
0.7325
-0.005
0.7325
-0.005
0.7325
-0.005
0.7325
-1.27
-0.245
-1.38
-0.3325
-0.82
-0.4875
-0.82
-0.3825
-0.825
-0.345
-0.805
-0.4075
-0.805
-0.4425
-0.82
-0.4875
-0.805
-0.4075
-0.805
-0.3675
-0.965
-0.005
-0.615
-0.005
-0.615
-0.005
-0.615
-0.005
-0.338333
0.3325
-0.338333
0.3325
-0.18
0.6575
-0.125
0.8625
-0.125
0.925
-0.125
0.925
-0.125
0.925
-0.125
0.925
-0.125
0.925
-0.005
0.805
-0.005
0.795
-0.005
0.795
-0.005
0.795
-0.005
0.795
-0.005
0.795
-0.005
0.795
-0.005
0.795
-0.005
0.795
-0.005
0.795
-0.005
0.795
-0.005
0.795
-0.005
0.795
-1.27
-0.205
-1.38
-0.18
-0.82
-0.345
-0.805
-0.38
-1.28
-0.4
-0.88
-0.425
-0.88
-0.425
-0.82
-0.425
-0.805
-0.425
-0.805
-0.345
-0.965
-0.005
-0.965
-0.005
-0.615
-0.005
-0.338333
0.395
-0.338333
0.395
-0.338333
0.395
-0.18
0.72
-0.125
0.925
-0.125
-28.855
-0.125
-28.855
-0.125
-28.855
-0.125
-28.855
-0.125
-28.855
-0.005
-29.02
-0.005
-29.03
-0.005
-29.03
-0.005
-29.03
-0.005
-29.03
-0.005
-29.03
-0.005
-29.03
-0.005
-29.44
-0.005
-29.44
-0.005
-29.44
-0.005
-29.44
-0.005
-29.44
-0.005
-29.44
-0.565
-30.035
-0.67
-30.16
-0.425
-30.055
-0.445
-30.035
-0.445
-30.2
-0.445
-30.035
-0.545
-30.22
-0.445
-30.035
-0.445
-30.035
-0.445
-30.035
-0.525
-30.085
-0.525
-30.085
-0.525
-30.085
-0.525
-30.085
-0.525
-30.085
0.01
-30.035
0.01
-30.035
0.42
-30.035
0.42
-0.005
0.42
-0.005
0.42
-0.005
0.455
-0.005
0.455
-0.005
0.575
-0.125
0.575
-0.125
0.575
-0.125
0.575
-0.125
0.575
-0.125
0.575
-0.125
0.345
-0.18
-0.005
-0.205
-0.005
-0.205
0.075
-0.335
0.075
-0.335
0.075
-0.335
-0.005
-0.605
-0.565
-0.455
-0.445
-0.56
-0.8
-1.27
-0.23
-0.965
-0.72
-1.27
-0.46
-1.27
-0.445
-1.27
-0.445
-1.27
-0.405
-0.845
-0.125
-1.27
0.42
-0.005
0.42
-0.005
0.42
-0.005
0.42
-0.005
0.42
-0.005
0.42
-0.005
0.42
-0.005
0.42
-0.005
0.42
-0.005
0.42
-0.005
0.42
-0.005
0.42
-0.005
0.455
-0.005
-0.005
0.455
-0.005
0.42
-0.005
0.42
-0.005
0.42
-0.005
0.42
-0.005
0.42
-0.005
0.42
-0.005
0.195
-0.005
0.01
-0.005
0.01
-0.005
0.01
-0.005
0.01
-0.005
0.01
-0.565
-0.23
-0.8
-0.305
-0.63
-0.46
-0.63
-0.445
-0.445
-0.75
-0.445
-0.645
-0.425
-0.545
-0.63
-0.72
-0.405
-0.68
-0.23
-0.565
0.01
-0.005
0.01
-0.005
0.01
-0.005
0.01
-0.005
0.01
-0.005
0.195
-0.005
0.42
-0.005
0.42
-0.005
0.42
-0.005
0.42
-0.005
0.42
-0.005
0.42
-0.005
-0.125
0.758333
-0.005
0.638333
-0.005
0.628333
-0.005
0.628333
-0.005
0.628333
-0.005
0.628333
-0.005
0.628333
-0.005
0.628333
-0.005
0.218333
-0.005
0.218333
-0.005
0.218333
-0.005
0.218333
-0.005
0.218333
-0.005
0.218333
-0.565
-0.155
-0.445
-0.546667
-0.72
-0.421667
-0.46
-0.541667
-0.655
-0.521667
-0.405
-0.546667
-0.565
-0.461667
-0.405
-0.486667
-0.52
-0.436667
-0.445
-0.541667
0.01
-0.005
0.01
-0.005
0.01
-0.005
0.01
-0.005
0.01
-0.005
0.01
-0.005
0.01
-0.005
0.01
-0.005
0.42
-0.005
0.42
-0.005
0.42
-0.005
-0.125
0.8625
-0.125
0.8625
-0.005
0.7425
-0.005
0.7325
-0.005
0.7325
-0.005
0.7325
-0.005
0.7325
-0.005
0.7325
-0.005
0.7325
-0.005
0.3225
-0.005
0.3225
-0.005
0.3225
-0.005
0.3225
-0.005
0.3225
-0.005
0.3225
-0.565
-0.1175
-0.445
-0.1925
-0.655
-0.4625
-0.67
-0.4175
-0.445
-0.4375
-0.655
-0.3425
-0.405
-0.4875
-0.405
-0.4075
-0.445
-0.4075
-0.405
-0.3675
0.01
-0.005
0.01
-0.005
0.01
-0.005
0.01
-0.005
0.01
-0.005
0.01
-0.005
0.01
-0.005
0.01
-0.005
0.42
-0.005
0.42
-0.005
-0.125
0.925
-0.125
0.925
-0.125
0.925
-0.005
0.805
-0.005
0.795
-0.005
0.795
-0.005
0.795
-0.005
0.795
-0.005
0.795
-0.005
0.795
-0.005
0.385
-0.005
0.385
-0.005
0.385
-0.005
0.385
-0.005
0.385
-0.005
0.385
-0.565
-0.095
-0.8
-0.255
-0.655
-0.355
-0.72
-0.205
-0.695
-0.4
-0.68
-0.375
-0.405
-0.425
-0.68
-0.375
-0.445
-0.425
-0.405
-0.345
-0.565
-0.005
0.01
-0.005
0.01
-0.005
0.01
-0.005
0.01
-0.005
0.01
-0.005
0.01
-0.005
0.01
-0.005
0.628333
-30.035
0.628333
-30.035
0.628333
-30.035
-0.125
-28.855
-0.125
-28.855
-0.005
-29.02
-0.005
-29.03
-0.005
-29.03
-0.005
-29.03
-0.005
-29.03
-0.005
-29.44
-0.005
-29.44
-0.005
-29.44
-0.005
-29.44
-0.005
-29.44
-0.005
-29.44
-0.005
-29.44
-0.005
-29.44
-0.541667
-30.075
-0.446667
-30.3
-0.271667
-30.185
-0.311667
-30.135
-0.311667
-30.2
-0.291667
-30.055
-0.366667
-30.22
-0.291667
-30.055
-0.291667
-30.055
-0.311667
-30.035
-0.391667
-30.085
-0.391667
-30.085
-0.391667
-30.085
-0.391667
-30.085
0.218333
-30.035
0.218333
-30.035
0.218333
-30.035
0.628333
-30.035
0.628333
-0.005
0.628333
-0.005
0.628333
-0.005
0.628333
-0.005
0.638333
-0.005
0.758333
-0.125
0.758333
-0.125
0.758333
-0.125
0.758333
-0.125
0.758333
-0.125
0.758333
-0.125
0.553333
-0.18
0.228333
-0.338333
0.228333
-0.338333
-0.005
-0.615
-0.005
-0.615
-0.005
-0.615
-0.005
-0.615
-0.541667
-0.845
-0.436667
-0.535
-0.486667
-1.27
-0.436667
-0.885
-0.471667
-1.27
-0.546667
-1.27
-0.0716667
-0.845
-0.311667
-1.27
-0.0716667
-0.845
-0.0916667
-1.27
0.628333
-0.005
0.628333
-0.005
0.628333
-0.005
0.628333
-0.005
0.628333
-0.005
0.628333
-0.005
0.628333
-0.005
0.628333
-0.005
0.628333
-0.005
0.628333
-0.005
0.628333
-0.005
0.628333
-0.005
0.638333
-0.005
0.758333
-0.125
-0.005
0.42
-0.005
0.42
-0.005
0.42
-0.005
0.42
-0.005
0.01
-0.005
0.01
-0.005
0.01
-0.005
0.01
-0.005
0.01
-0.005
0.01
-0.005
0.01
-0.005
0.01
-0.541667
-0.445
-0.566667
-0.655
-0.461667
-0.67
-0.591667
-0.445
-0.471667
-0.63
-0.546667
-0.645
-0.155
-0.68
-0.155
-0.72
-0.155
-0.68
-0.155
-0.565
0.218333
-0.005
0.218333
-0.005
0.218333
-0.005
0.218333
-0.005
0.218333
-0.005
0.218333
-0.005
0.628333
-0.005
0.628333
-0.005
0.628333
-0.005
0.628333
-0.005
0.628333
-0.005
0.628333
-0.005
0.638333
-0.005
-0.005
0.638333
-0.005
0.628333
-0.005
0.628333
-0.005
0.628333
-0.005
0.628333
-0.005
0.218333
-0.005
0.218333
-0.005
0.218333
-0.005
0.218333
-0.005
0.218333
-0.005
0.218333
-0.005
0.218333
-0.005
0.218333
-0.541667
-0.311667
-0.436667
-0.351667
-0.546667
-0.436667
-0.486667
-0.541667
-0.486667
-0.541667
-0.546667
-0.541667
-0.386667
-0.541667
-0.486667
-0.566667
-0.311667
-0.436667
-0.311667
-0.541667
0.218333
-0.005
0.218333
-0.005
0.218333
-0.005
0.218333
-0.005
0.218333
-0.005
0.218333
-0.005
0.218333
-0.005
0.218333
-0.005
0.628333
-0.005
0.628333
-0.005
0.628333
-0.005
0.628333
-0.005
0.638333
-0.005
-0.005
0.7425
-0.005
0.7325
-0.005
0.7325
-0.005
0.7325
-0.005
0.7325
-0.005
0.3225
-0.005
0.3225
-0.005
0.3225
-0.005
0.3225
-0.005
0.3225
-0.005
0.3225
-0.005
0.3225
-0.005
0.3225
-0.541667
-0.245
-0.391667
-0.4875
-0.446667
-0.4625
-0.546667
-0.4375
-0.446667
-0.4625
-0.546667
-0.4375
-0.461667
-0.4625
-0.271667
-0.4075
-0.311667
-0.4075
-0.271667
-0.3675
0.218333
-0.005
0.218333
-0.005
0.218333
-0.005
0.218333
-0.005
0.218333
-0.005
0.218333
-0.005
0.218333
-0.005
0.218333
-0.005
0.628333
-0.005
0.628333
-0.005
0.628333
-0.005
0.628333
-0.005
-0.125
0.925
-0.005
0.805
-0.005
0.795
-0.005
0.795
-0.005
0.795
-0.005
0.795
-0.005
0.385
-0.005
0.385
-0.005
0.385
-0.005
0.385
-0.005
0.385
-0.005
0.385
-0.005
0.385
-0.005
0.385
-0.541667
-0.205
-0.566667
-0.355
-0.366667
-0.225
-0.346667
-0.425
-0.446667
-0.355
-0.546667
-0.205
-0.391667
-0.425
-0.286667
-0.425
-0.311667
-0.425
-0.271667
-0.345
-0.431667
-0.005
0.218333
-0.005
0.218333
-0.005
0.218333
-0.005
0.218333
-0.005
0.218333
-0.005
0.218333
-0.005
0.218333
-0.005
0.7325
-30.035
0.7325
-30.035
0.7325
-30.035
0.7325
-30.035
-0.125
-28.855
-0.005
-29.02
-0.005
-29.03
-0.005
-29.03
-0.005
-29.03
-0.005
-29.03
-0.005
-29.44
-0.005
-29.44
-0.005
-29.44
-0.005
-29.44
-0.005
-29.44
-0.005
-29.44
-0.005
-29.44
-0.005
-29.44
-0.3675
-30.035
-0.3575
-30.3
-0.205
-30.185
-0.225
-30.22
-0.225
-30.295
-0.225
-30.055
-0.225
-30.055
-0.225
-30.055
-0.225
-30.055
-0.245
-30.035
-0.325
-30.085
-0.325
-30.085
-0.325
-30.085
-0.325
-30.085
0.3225
-30.035
0.3225
-30.035
0.3225
-30.035
0.7325
-30.035
0.7325
-0.005
0.7325
-0.005
0.7325
-0.005
0.7325
-0.005
0.7425
-0.005
0.8625
-0.125
0.8625
-0.125
0.8625
-0.125
0.8625
-0.125
0.8625
-0.125
0.8625
-0.125
0.6575
-0.18
0.3325
-0.338333
0.3325
-0.338333
-0.005
-0.615
-0.005
-0.615
-0.005
-0.615
-0.005
-0.965
-0.3675
-0.805
-0.4625
-1.28
-0.4875
-0.82
-0.4075
-0.88
-0.4075
-0.805
-0.225
-0.865
-0.055
-0.845
-0.1175
-0.845
-0.205
-0.845
-0.075
-1.27
0.7325
-0.005
0.7325
-0.005
0.7325
-0.005
0.7325
-0.005
0.7325
-0.005
0.7325
-0.005
0.7325
-0.005
0.7325
-0.005
0.7325
-0.005
0.7325
-0.005
0.7325
-0.005
0.7325
-0.005
0.7425
-0.005
0.8625
-0.125
0.8625
-0.125
-0.005
0.42
-0.005
0.42
-0.005
0.42
-0.005
0.01
-0.005
0.01
-0.005
0.01
-0.005
0.01
-0.005
0.01
-0.005
0.01
-0.005
0.01
-0.005
0.01
-0.3675
-0.405
-0.3825
-0.73
-0.4625
-0.73
-0.4175
-0.655
-0.3175
-0.565
-0.3425
-0.695
-0.1175
-0.72
-0.1175
-0.72
-0.205
-0.68
-0.1175
-0.565
0.3225
-0.005
0.3225
-0.005
0.3225
-0.005
0.3225
-0.005
0.3225
-0.005
0.3225
-0.005
0.7325
-0.005
0.7325
-0.005
0.7325
-0.005
0.7325
-0.005
0.7325
-0.005
0.7325
-0.005
0.7425
-0.005
-0.005
0.638333
-0.005
0.628333
-0.005
0.628333
-0.005
0.628333
-0.005
0.628333
-0.005
0.218333
-0.005
0.218333
-0.005
0.218333
-0.005
0.218333
-0.005
0.218333
-0.005
0.218333
-0.005
0.218333
-0.005
0.218333
-0.3675
-0.271667
-0.3825
-0.521667
-0.4075
-0.346667
-0.4075
-0.391667
-0.4625
-0.521667
-0.3425
-0.566667
-0.3425
-0.486667
-0.205
-0.486667
-0.3425
-0.461667
-0.245
-0.541667
0.3225
-0.005
0.3225
-0.005
0.3225
-0.005
0.3225
-0.005
0.3225
-0.005
0.3225
-0.005
0.3225
-0.005
0.3225
-0.005
0.7325
-0.005
0.7325
-0.005
0.7325
-0.005
0.7325
-0.005
0.7425
-0.005
-0.005
0.7425
-0.005
0.7325
-0.005
0.7325
-0.005
0.7325
-0.005
0.7325
-0.005
0.3225
-0.005
0.3225
-0.005
0.3225
-0.005
0.3225
-0.005
0.3225
-0.005
0.3225
-0.005
0.3225
-0.005
0.3225
-0.3675
-0.205
-0.4625
-0.3425
-0.4625
-0.4625
-0.3575
-0.4175
-0.4625
-0.3825
-0.4175
-0.4175
-0.3425
-0.4625
-0.205
-0.4075
-0.205
-0.4075
-0.205
-0.3675
0.3225
-0.005
0.3225
-0.005
0.3225
-0.005
0.3225
-0.005
0.3225
-0.005
0.3225
-0.005
0.3225
-0.005
0.3225
-0.005
0.7325
-0.005
0.7325
-0.005
0.7325
-0.005
0.7325
-0.005
0.7425
-0.005
-0.005
0.805
-0.005
0.795
-0.005
0.795
-0.005
0.795
-0.005
0.795
-0.005
0.385
-0.005
0.385
-0.005
0.385
-0.005
0.385
-0.005
0.385
-0.005
0.385
-0.005
0.385
-0.005
0.385
-0.3675
-0.165
-0.4625
-0.28
-0.3425
-0.355
-0.22
-0.38
-0.4075
-0.24
-0.205
-0.425
-0.245
-0.425
-0.22
-0.425
-0.205
-0.425
-0.205
-0.345
-0.365
-0.005
0.3225
-0.005
0.3225
-0.005
0.3225
-0.005
0.3225
-0.005
0.3225
-0.005
0.3225
-0.005
0.3225
-0.005
0.795
-30.035
0.795
-30.035
0.795
-30.035
0.795
-30.035
-0.125
-28.855
-0.005
-29.02
-0.005
-29.03
-0.005
-29.03
-0.005
-29.03
-0.005
-29.03
-0.005
-29.44
-0.005
-29.44
-0.005
-29.44
-0.005
-29.44
-0.005
-29.44
-0.005
-29.44
-0.005
-29.44
-0.005
-30.24
-0.345
-30.035
-0.28
-30.3
-0.165
-30.185
-0.185
-30.22
-0.185
-30.295
-0.185
-30.055
-0.185
-30.055
-0.185
-30.055
-0.185
-30.055
-0.205
-30.035
-0.285
-30.085
-0.285
-30.085
-0.285
-30.085
-0.285
-30.085
0.385
-30.035
0.385
-30.035
0.385
-30.035
0.795
-30.035
0.795
-0.005
0.795
-0.005
0.795
-0.005
0.795
-0.005
0.805
-0.005
0.925
-0.125
0.925
-0.125
0.925
-0.125
0.925
-0.125
0.925
-0.125
0.925
-0.125
0.72
-0.18
0.395
-0.338333
0.395
-0.338333
0.395
-0.338333
-0.005
-0.615
-0.005
-0.965
-0.005
-0.965
-0.345
-0.805
-0.345
-0.805
-0.425
-0.82
-0.345
-0.88
-0.18
-0.86
-0.185
-0.865
-0.045
-0.845
-0.185
-0.825
-0.095
-0.845
-0.065
-1.27
0.795
-0.005
0.795
-0.005
0.795
-0.005
0.795
-0.005
0.795
-0.005
0.795
-0.005
0.795
-0.005
0.795
-0.005
0.795
-0.005
0.795
-0.005
0.795
-0.005
0.795
-0.005
0.805
-0.005
0.925
-0.125
0.925
-0.125
0.925
-0.125
-0.005
0.42
-0.005
0.42
-0.005
0.01
-0.005
0.01
-0.005
0.01
-0.005
0.01
-0.005
0.01
-0.005
0.01
-0.005
0.01
-0.005
-0.565
-0.345
-0.405
-0.4
-0.73
-0.4
-0.73
-0.2
-0.545
-0.28
-0.655
-0.255
-0.695
-0.185
-0.545
-0.165
-0.72
-0.095
-0.68
-0.095
-0.565
0.385
-0.005
0.385
-0.005
0.385
-0.005
0.385
-0.005
0.385
-0.005
0.385
-0.005
0.795
-0.005
0.795
-0.005
0.795
-0.005
0.795
-0.005
0.795
-0.005
0.795
-0.005
0.805
-0.005
0.925
-0.125
-0.005
0.628333
-0.005
0.628333
-0.005
0.628333
-0.005
0.628333
-0.005
0.218333
-0.005
0.218333
-0.005
0.218333
-0.005
0.218333
-0.005
0.218333
-0.005
0.218333
-0.005
0.218333
-0.005
-0.431667
-0.345
-0.271667
-0.355
-0.566667
-0.4
-0.566667
-0.4
-0.566667
-0.255
-0.546667
-0.355
-0.566667
-0.185
-0.411667
-0.185
-0.411667
-0.255
-0.351667
-0.205
-0.541667
0.385
-0.005
0.385
-0.005
0.385
-0.005
0.385
-0.005
0.385
-0.005
0.385
-0.005
0.385
-0.005
0.385
-0.005
0.795
-0.005
0.795
-0.005
0.795
-0.005
0.795
-0.005
0.805
-0.005
-0.005
0.7425
-0.005
0.7325
-0.005
0.7325
-0.005
0.7325
-0.005
0.7325
-0.005
0.3225
-0.005
0.3225
-0.005
0.3225
-0.005
0.3225
-0.005
0.3225
-0.005
0.3225
-0.005
0.3225
-0.005
-0.365
-0.345
-0.205
-0.355
-0.3425
-0.4
-0.4625
-0.355
-0.4175
-0.28
-0.3425
-0.355
-0.4175
-0.24
-0.4875
-0.18
-0.4875
-0.205
-0.4075
-0.165
-0.3675
0.385
-0.005
0.385
-0.005
0.385
-0.005
0.385
-0.005
0.385
-0.005
0.385
-0.005
0.385
-0.005
0.385
-0.005
0.795
-0.005
0.795
-0.005
0.795
-0.005
0.795
-0.005
0.805
-0.005
-0.005
0.805
-0.005
0.795
-0.005
0.795
-0.005
0.795
-0.005
0.795
-0.005
0.385
-0.005
0.385
-0.005
0.385
-0.005
0.385
-0.005
0.385
-0.005
0.385
-0.005
0.385
-0.005
-0.325
-0.345
-0.165
-0.425
-0.18
-0.425
-0.24
-0.18
-0.425
-0.32
-0.4
-0.165
-0.425
-0.24
-0.425
-0.18
-0.425
-0.205
-0.425
-0.165
-0.345
-0.325
-0.005
0.385
-0.005
0.385
-0.005
0.385
-0.005
0.385
-0.005
0.385
-0.005
0.385
-0.005
0.385
-0.005
