0
-1
0
0
0
0
0
0
0
0
0
0
0
0
0
0
0
0
0
0
0
0
0
0
0
0
-0.4
0
0
0
0
0
-2.8
0
-2.8
0
0
0
0
0
0
0
0
0
0
0
0
-0.4
0
0
0
0
0
0
0
0
0
-1
0
-2.8
0
0
0
0
0
0
0
-2.8
0
0
0
0
0
-0.4
0
0.1
0
0.1
0
0.1
0
0.1
0
0.1
0
0.1
0
0.1
0
0.1
-0.4
0.1
-1
0.1
0
0.1
0
0.1
-0.4
0.1
0
0.1
-4
0.1
-2.8
0.1
-2.8
0.1
0
0
-1
0.116667
-0.4
-1.25
-0.4
-1.35
-0.4
0
-0.4
-0.4
-0.4
-0.05
-2.8
-0.75
-0.4
-0.75
-0.4
-0.4
-0.4
-1.25
-0.4
-0.4
-0.4
-0.05
-0.4
-3.25
-0.4
-0.75
-0.4
-0.05
-0.4
-0.05
0
0.0166667
0
-0.4
0
0.3
0
0.3
0
0.3
0
0.3
0
0.3
0
0.3
0
0.3
0
0.3
-0.4
0.3
-1
0.3
0
0.3
0
0.3
-0.4
0.3
0
0.3
-4
0.3
-2.8
0.3
-2.8
0.3
0
0
-1
-0.1
-0.4
-0.125
-0.4
-2
-0.4
-0.025
-0.4
-1.55
-0.4
-0.2
-2.8
-0.125
-0.4
-0.3
-0.4
0.075
-0.4
0.075
-0.4
-0.125
-0.4
-0.3
-0.4
-0.825
-0.4
0.3
-0.4
-0.3
-0.4
0.075
0
-0.725
0
-0.4
0
0.483333
0
0.483333
0
0.483333
0
0.483333
0
0.483333
0
0.483333
0
0.483333
0
0.483333
-0.4
0.483333
0
0.483333
0
0.483333
0
0.483333
-0.4
0.483333
0
0.483333
-4
0.483333
-2.8
0.483333
-2.8
0.483333
0
0
-0.4
0.333333
-1.8
-2.08333
-0.4
-0.116667
-0.4
-0.0666667
-0.4
-0.0166667
-0.4
-0.0166667
-2.8
0.316667
-1
-0.966667
-0.4
0.316667
-0.4
0.316667
-0.4
-0.116667
-0.4
-0.116667
-0.4
-0.966667
-0.4
0.316667
-0.4
0.333333
-0.4
-0.0166667
0
-0.166667
0
-0.4
0
0.5875
0
0.5875
0
0.5875
0
0.5875
0
0.5875
0
0.5875
0
0.5875
0
0.5875
-0.4
0.5875
0
0.5875
0
0.5875
0
0.5875
-0.4
0.5875
0
0.5875
-4
0.5875
-2.8
0.5875
-2.8
0.5875
0
0
-1
0.35
-0.4
-0.4125
-0.4
-0.0125
-0.4
-0.1125
-2.8
-0.95
-0.4
-0.545833
-2.8
-0.4125
-0.4
-0.0125
-0.4
0.5875
-0.4
-0.7
-0.4
-0.0125
-0.4
-0.0125
-0.4
-0.0125
-0.4
-0.0125
-0.4
0.35
-0.4
0
0
-0.25
0
-0.4
0
0.65
0
0.65
0
0.65
0
0.65
0
0.65
0
0.65
0
0.65
0
0.65
-0.4
0.65
0
0.65
0
0.65
0
0.65
-0.4
0.65
0
0.65
-4
0.65
-2.8
0.65
-2.8
0.65
0
0
-0.4
-0.64
-0.4
0
-0.4
-0.11
-0.4
-1.85
-0.4
0
-2.8
-2.66
-0.4
-1.85
-0.4
-0.24
-0.4
-0.04
-0.4
-0.11
-0.4
-0.11
-0.4
-2.66
-0.4
-2.74
-0.4
-0.11
-0.4
0.376667
-0.4
-1.12333
0
0
0.1
0
0.1
0
0.1
0
0.1
0
0.1
0
0.1
0
0.1
0
0.1
0
0.1
0
0
0
-0.75
0
-0.05
-0.4
0
-0.4
-1.75
-0.4
-1.75
-0.4
-0.05
-0.4
-0.4
-0.4
-1.25
-0.4
-0.4
-0.4
-1.35
-4
-0.75
-2.8
-0.05
-0.4
-0.75
-0.4
0.2
-0.4
-0.75
-1
0
-0.4
0
-2.8
0
0
0.1
-1
0.1
0
0.1
0
0.1
-4
0.1
0
0.1
0
0.1
0
0.1
0
0.1
0
0.1
0
0.1
0
0.1
0
0.1
0
0
0.1
0
0.1
0
0.1
0
0.1
-0.1
0.1
-0.4
0.1
-0.2
0.1
-0.3
0.1
-0.2
0.1
-0.2
0.1
-0.2
0.1
-0.4
0.1
-1.25
0.1
-0.1
-0.2
-0.183333
-0.5
-0.183333
-2.9
-0.15
-1.15
-0.85
-0.95
-0.5
-0.95
-0.183333
-0.5
-0.7
-2.6
-0.15
-0.5
-0.2
-0.1
0.1
-1.25
0.1
-0.4
0.1
-1.25
0.1
-0.2
0.1
-1.25
0.1
-0.4
0.1
-0.2
0.1
-0.2
0.1
0
0.1
0
0.1
0
-0.1
0.4
-0.1
0.4
0
0.3
0
0.3
0
0.3
0
0.3
-0.1
0.3
-1.25
0.3
-0.2
0.3
-0.3
0.3
-0.2
0.3
-0.2
0.3
-0.2
0.3
-0.4
0.3
-1.25
0.3
-0.1
-0.175
-0.5
-0.925
-0.85
-0.125
-1.1
-1
-0.4
-1.1
-0.5
-0.325
-0.4
-0.6
-0.7
-1.975
-0.95
-0.625
-0.5
-0.1
-0.3
-0.8
-0.3
-2.4
-0.0833333
-0.1
-0.0833333
0
-0.0833333
-0.2
0.1
0
0.1
-0.225
0.1
-0.225
0.1
0
0.1
0
-0.1
0.583333
-0.1
0.583333
-0.1
0.583333
0
0.483333
0
0.483333
0
0.483333
0
0.483333
-0.1
0.483333
-0.4
0.483333
-0.2
0.483333
-0.3
0.483333
-0.2
0.483333
-0.2
0.483333
-0.2
0.483333
-0.4
0.483333
-1.25
0.483333
-0.1
-0.166667
-0.7
-0.266667
-0.85
-0.416667
-0.7
-0.4
-1.85
-0.466667
-0.5
-0.95
-0.85
-0.416667
-0.9
-0.416667
-0.85
-0.25
-0.55
-0.666667
-0.45
-0.266667
-0.45
-0.416667
-0.3
-1.01667
-0.3
-0.766667
0.1
-0.416667
0.1
-2.91667
0.1
-0.166667
0.1
0
0.1
0
0.1
0
-0.1
0.6875
-0.1
0.6875
-0.1
0.6875
0
0.5875
0
0.5875
0
0.5875
0
0.5875
-0.1
0.5875
-0.4
0.5875
-0.2
0.5875
-0.3
0.5875
-0.2
0.5875
-0.2
0.5875
-0.2
0.5875
-0.4
0.5875
-1.25
0.5875
-0.1
-0.1625
-0.7
-0.4625
-0.85
-0.3
-0.7
-2.7625
-0.85
-0.95
-1.35
-0.7
-0.55
-0.7
-1.85
-0.9125
-0.55
-0.7
-0.85
-0.0125
-0.55
-0.7
-0.55
-0.6
-0.55
-0.6
-0.3
-0.5125
0.1
-0.2125
0.1
0
0.1
-2.5125
0.1
-0.4125
0.1
0
0.1
0
-0.1
0.75
-0.1
0.75
-0.1
0.75
0
0.65
0
0.65
0
0.65
0
0.65
-0.1
0.65
-0.4
0.65
-0.2
0.65
-0.3
0.65
-0.2
0.65
-0.2
0.65
-0.2
0.65
-0.4
0.65
-1.25
0.65
-0.1
-0.16
-0.7
-0.1
-0.85
-0.11
-0.7
-0.4
-0.85
-1.61
-1.35
-0.85
-0.55
-1.65
-1.85
-0.26
-0.7
-0.34
-0.85
-0.1
-0.55
-0.75
-0.55
-0.85
-0.55
-0.66
-0.55
-0.85
0.1
-0.25
0.1
-1.06
0.1
-1.61
0.1
-0.14
0.3
0
0.3
0
0.3
0
0.3
0
0.3
0
0.3
0
0.3
0
0.3
0
0.3
0
0
0
-1.125
0
-0.3
-0.4
0.25
-0.4
0.175
-0.4
-0.125
-0.4
-1.35
-0.4
-0.125
-0.4
0.075
-0.4
0.075
-0.4
-0.125
-0.4
-0.125
-2.8
0.3
-1
-0.725
-0.4
-0.025
-0.4
0.3
-1
-0.125
-0.4
0
-2.8
0
0
0.3
-1
0.3
-2.8
0.3
0
0.3
0
0.3
0
0.3
0
0.3
0
0.3
0
0.3
0
0.3
0
0.3
0
0.3
0
0.3
0
0.4
-0.1
0.4
-0.1
0
0.1
0
0.1
-0.1
0.1
-0.4
0.1
-0.225
0.1
-2
0.1
-1.6
-0.0833333
-0.2
-0.0833333
0
-0.0833333
-2.4
-0.3
-2.4
-0.3
-0.1
-0.85
-0.625
-0.3
-0.125
-1.85
-0.15
-1.775
-0.266667
-1.81667
-0.5
-1.85
-0.125
-0.5
-0.125
-0.85
-0.725
-0.75
-0.175
-0.1
0.3
-1.25
0.3
-0.4
0.3
-1.25
0.3
-0.2
0.3
-1.25
0.3
-0.4
0.3
-0.2
0.3
-1.25
0.3
0
0.3
0
0.3
0
0.3
0
0.3
0
0
0.3
0
0.3
0
0.3
0
0.3
-0.1
0.3
-0.4
0.3
-0.225
0.3
-0.025
0.175
-1.7
0.175
-0.5
0.175
-0.025
0.175
-0.5
0.175
-0.325
-0.05
-0.1
-0.625
-0.325
-0.9
-0.266667
-1.19167
-0.325
-1.225
-0.266667
-1.19167
-0.5
-0.325
-0.266667
-1.19167
-0.625
-2.6
-0.3
-0.3
-0.4
-0.1
-0.05
-0.325
0.175
-0.5
0.175
-0.025
0.175
-0.025
0.175
-0.5
0.175
-0.025
0.3
-1.7
0.3
0
0.3
0
0.3
0
0.3
0
0.3
0
-0.1
0.583333
0
0.483333
0
0.483333
0
0.483333
0
0.483333
-0.1
0.483333
-0.225
0.483333
-0.025
0.383333
-0.025
0.383333
-1.7
0.383333
-0.5
0.383333
-0.025
0.383333
-0.5
0.383333
-0.025
0.383333
-0.1
-0.55
-0.625
-0.466667
-0.625
-0.666667
-0.475
-0.4
-0.625
-0.466667
-0.325
-0.766667
-0.325
-1.01667
-0.725
-1.81667
-0.625
-0.366667
-0.325
-0.666667
-0.05
-0.416667
-0.05
-0.416667
-0.05
0
0.175
-2.01667
0.175
-2.5
0.175
-2.01667
0.3
-0.0166667
0.3
-0.0666667
0.3
0
0.3
0
0.3
0
0.3
0
-0.1
0.6875
0
0.5875
0
0.5875
0
0.5875
0
0.5875
-0.1
0.5875
-0.4
0.5875
-0.025
0.4875
-0.025
0.4875
-1.7
0.4875
-0.5
0.4875
-0.025
0.4875
-0.5
0.4875
-0.025
0.4875
-0.1
-0.5125
-0.325
-0.7
-0.625
-0.3
-1.975
-1.8625
-0.325
-0.7
-1.975
-1.1625
-0.325
-0.7
-0.725
-0.9125
-0.325
-0.7
-0.625
-0.0125
-0.325
-0.4125
-0.05
-0.0125
-0.05
-2.5125
0.175
0
0.175
-0.2125
0.175
0
0.3
-0.05
0.3
-0.0125
0.3
0
0.3
0
0.3
0
-0.1
0.75
-0.1
0.75
0
0.65
0
0.65
0
0.65
0
0.65
-0.1
0.65
-0.4
0.65
-0.025
0.55
-0.025
0.55
-1.7
0.55
-0.5
0.55
-0.025
0.55
-0.5
0.55
-0.025
0.55
-0.1
-0.49
-0.325
-0.96
-0.625
-0.14
-0.475
-0.4
-0.475
-0.34
-0.725
-3.06
-0.325
-0.66
-0.391667
-0.506667
-0.625
-0.14
-0.625
-0.1
-0.325
-3.06
-0.325
-0.85
-0.05
-0.1
0.175
-0.09
0.175
-0.25
0.175
-0.04
0.175
-0.09
0.3
-0.14
0.483333
0
0.483333
0
0.483333
0
0.483333
0
0.483333
0
0.483333
0
0.483333
0
0.483333
0
0.483333
0
0
0
0
0
-0.116667
-0.4
-0.116667
-0.4
0.316667
-0.4
-0.116667
-0.4
0.316667
-0.4
-0.116667
-0.4
0.316667
-0.4
0.316667
-0.4
-0.0166667
-0.4
0.316667
-2.8
-0.0166667
-0.4
-0.266667
-0.4
0.133333
-4
0
-4
0
-1
-0.116667
-2.8
0
0
0.483333
-1
0.483333
0
0.483333
0
0.483333
0
0.483333
0
0.483333
0
0.483333
-1.8
0.483333
0
0.483333
0
0.483333
0
0.483333
0
0.483333
0
0.483333
0
0.583333
-0.1
0.583333
-0.1
0.583333
-0.1
0
0.1
-0.1
0.1
-0.4
0.1
-0.166667
0.1
-0.0666667
0.1
-1.6
0.1
-0.766667
-0.3
-0.45
-0.3
-0.416667
-0.45
-0.266667
-0.45
-0.0416667
-0.975
-0.416667
-1.3
-0.266667
-0.9
-0.15
-2
-0.266667
-0.6
-0.316667
-1.45
-0.266667
-0.6
-0.566667
-2.6
-0.15
-0.5
-0.166667
-0.1
0.483333
-1.25
0.483333
-0.4
0.483333
-1.25
0.483333
-0.2
0.483333
-1.25
0.483333
-0.4
0.483333
-0.2
0.483333
-1.25
0.483333
0
0.483333
0
0.483333
0
0.483333
0
0.483333
0
0.583333
-0.1
0
0.3
0
0.3
0
0.3
-0.1
0.3
-0.4
0.3
-0.0166667
0.3
0
0.175
-2.01667
0.175
-2.01667
0.175
-0.266667
-0.05
-0.416667
-0.05
-0.266667
-0.05
-0.0416667
-0.35
-0.466667
-0.9
-0.266667
-0.2
-1.75
-2.4
-0.266667
-1.7
-0.316667
-1.325
-0.266667
-1.975
-0.266667
-1.975
-0.166667
-0.625
-0.366667
-0.1
0.383333
-0.025
0.383333
-0.5
0.383333
-0.025
0.383333
-0.025
0.383333
-0.5
0.383333
-0.025
0.383333
-0.025
0.483333
-0.025
0.483333
0
0.483333
0
0.483333
0
0.483333
0
0.483333
0
0
0.483333
0
0.483333
0
0.483333
0
0.483333
-0.1
0.483333
-0.4
0.483333
0
0.383333
0
0.383333
-2.01667
0.383333
-2.01667
0.383333
-0.266667
0.0833333
-0.416667
0.0833333
-0.266667
0.0833333
-0.0416667
-0.141667
-0.7
-0.266667
-0.25
-3.16667
-0.55
-0.666667
-0.266667
-0.7
-0.941667
-0.941667
-0.4
-0.7
-0.666667
-0.85
-0.4
-0.7
-0.25
-0.666667
0.0833333
-0.416667
0.0833333
-0.416667
0.0833333
0
0.383333
-2.01667
0.383333
0
0.383333
0
0.383333
0
0.483333
0
0.483333
0
0.483333
0
0.483333
0
0.483333
0
0.483333
0
0
0.5875
0
0.5875
0
0.5875
0
0.5875
-0.1
0.5875
-0.4
0.5875
0
0.4875
0
0.4875
-2.01667
0.4875
-2.01667
0.4875
-0.416667
0.4875
-0.416667
0.15
-0.266667
0.15
-0.0416667
-0.0375
-0.7
-0.4625
-0.25
-1.5
-0.25
-2.2
-0.266667
-0.3625
-0.25
-0.7
-0.55
-0.6
-0.25
-0.7
-0.25
-0.7
-0.55
-0.0125
-0.116667
-0.3125
-0.116667
-0.0125
0.383333
0
0.383333
0
0.383333
-0.2125
0.383333
0
0.383333
0
0.483333
-2.5125
0.483333
0
0.483333
0
0.483333
0
0.483333
0
-0.1
0.75
0
0.65
0
0.65
0
0.65
0
0.65
-0.1
0.65
-0.4
0.65
0
0.55
0
0.55
-2.01667
0.55
-2.01667
0.55
-0.416667
0.55
-0.416667
0.19
-0.266667
0.19
-0.0416667
0.025
-0.7
-0.1
-0.25
-1.15
-0.566667
-0.76
-0.266667
-0.34
-1.35
-0.26
-0.55
-2.66
-0.666667
-0.85
-0.25
-0.85
-0.55
-0.1
-0.116667
-0.01
-0.116667
-0.94
-0.116667
0
0.383333
-0.09
0.383333
-0.25
0.383333
-0.04
0.383333
-0.04
0.483333
0
0.5875
0
0.5875
0
0.5875
0
0.5875
0
0.5875
0
0.5875
0
0.5875
0
0.5875
0
0.5875
0
0
0
-0.1125
0
-0.0125
-0.4
0.45
-0.4
-1.6
-0.4
-0.0125
-0.4
-0.4125
-0.4
-0.0125
-0.4
-0.7
-0.4
0.5875
-0.4
0
-0.4
0
-2.8
-0.7
-1
-0.95
-0.4
0
-4
-0.0125
-1
0.0875
-0.4
0
-2.8
0
0
0.5875
-1
0.5875
0
0.5875
0
0.5875
0
0.5875
0
0.5875
0
0.5875
-2.8
0.5875
0
0.5875
0
0.5875
0
0.5875
0
0.5875
0
0.5875
0
0.6875
-0.1
0.6875
-0.1
0.6875
-0.1
0
0.1
-0.1
0.1
-0.4
0.1
0
0.1
0
0.1
-1.2125
0.1
-0.4125
-0.3
-0.6
-0.55
-0.6
-0.55
-0.6
-0.55
-0.0125
-0.85
-0.216667
-1.31667
-0.3625
-1.5
-0.15
-1.15
-0.95
-0.85
-0.5
-1.4
-0.15
-1.65
-1.8625
-2.6
-1.1625
-0.7
-0.1625
-0.1
0.5875
-1.25
0.5875
-0.4
0.5875
-1.25
0.5875
-0.2
0.5875
-1.25
0.5875
-0.4
0.5875
-0.2
0.5875
-1.25
0.5875
0
0.5875
0
0.5875
0
0.5875
0
0.5875
0
0.6875
-0.1
0
0.3
0
0.3
0
0.3
-0.1
0.3
-0.45
0.3
-0.05
0.3
0
0.175
-1.0125
0.175
-0.3125
0.175
-0.3
-0.05
-0.0125
-0.05
-0.6
-0.325
-0.0125
-0.625
-0.216667
-0.691667
-0.9125
-0.725
-0.3625
-0.775
-0.8
-0.7
-0.95
-1.7
-1.8625
-1.975
-0.1625
-1.975
-0.95
-0.625
-0.35
-0.1
0.4875
-0.025
0.4875
-0.5
0.4875
-0.025
0.4875
-0.025
0.4875
-0.5
0.4875
-0.025
0.4875
-0.025
0.5875
-0.925
0.5875
0
0.5875
0
0.5875
0
0.5875
0
0.5875
0
0
0.483333
0
0.483333
0
0.483333
0
0.483333
-0.1
0.483333
-0.4
0.483333
0
0.383333
0
0.383333
-1.0125
0.383333
-0.3125
0.383333
-0.6
0.383333
-0.0125
-0.116667
-0.4125
-0.116667
-0.0125
-0.55
-0.7
-0.25
-0.3625
-0.566667
-0.3625
-0.266667
-0.4125
-1.06667
-0.3625
-0.4
-0.2125
-1.31667
-0.3
-0.416667
-1.1625
-0.7
-0.2125
-0.666667
0.15
-0.266667
0.15
-0.416667
0.4875
-0.516667
0.4875
-2.01667
0.4875
0
0.4875
0
0.4875
-2.01667
0.5875
0
0.5875
0
0.5875
0
0.5875
0
0.5875
0
0.5875
0
0
0.5875
0
0.5875
0
0.5875
0
0.5875
-0.1
0.5875
-0.4
0.5875
-0.3125
0.4875
0
0.4875
-1.0125
0.4875
-0.3125
0.4875
-0.6
0.4875
-0.0125
-0.0125
-0.4125
-0.0125
-0.0125
-0.5125
-0.5
-0.5
-0.9125
-0.3
-0.3625
-0.4625
-0.4125
-0.7
-0.5
-2
-0.2125
-0.7
-0.1625
-1.8625
-0.2125
-0.7
-0.5125
-0.0125
-0.0125
-0.4125
-0.0125
-0.0125
0.4875
0
0.4875
-1.6125
0.4875
-0.2125
0.4875
0
0.4875
0
0.5875
-2.5125
0.5875
0
0.5875
0
0.5875
0
0.5875
0
0.5875
0
0
0.65
0
0.65
0
0.65
0
0.65
-0.1
0.65
-0.4
0.65
0
0.55
0
0.55
-1.0125
0.55
-0.3125
0.55
-0.6
0.55
-0.0125
0.05
-0.4125
0.05
-0.0125
-0.49
-0.7
-0.19
-0.3625
-0.1
-0.3625
-1.84
-1.1625
-0.34
-1.1625
-1.84
-0.2125
-0.66
-0.1625
-1.84
-0.3625
-0.1
-0.5125
-0.1
-0.0125
-1.85
-0.0125
-0.94
-0.0125
0
0.4875
-0.09
0.4875
-0.25
0.4875
-0.04
0.4875
-0.09
0.5875
0
0.65
0
0.65
0
0.65
0
0.65
0
0.65
0
0.65
0
0.65
0
0.65
0
0.65
0
0
0
0
0
0
-0.4
0.376667
-0.4
-0.96
-0.4
-0.96
-0.4
-0.11
-0.4
-0.11
-0.4
-0.04
-0.4
-0.04
-0.4
-0.11
-0.4
0
-2.8
0
-1
-0.96
-0.4
-0.56
-0.4
-0.11
-1
0
-2.8
-0.01
-2.8
0
0
0.65
-1
0.65
-2.8
0.65
0
0.65
-4
0.65
0
0.65
0
0.65
-2.8
0.65
0
0.65
0
0.65
0
0.65
0
0.65
0
0.65
0
0.75
-0.1
0.75
-0.1
0.75
-0.1
0
0.1
-0.1
0.1
-0.4
0.1
-1.61
0.1
-0.04
0.1
-0.11
0.1
-0.75
-0.55
-0.85
-0.55
-0.85
-0.55
-0.56
-0.55
-0.5
-1.6
-0.1
-0.7
-0.135
-1.775
-0.66
-1.65
-0.34
-0.7
-0.41
-1.85
-0.85
-1.7
-0.506667
-1.81667
-0.1
-0.7
-0.16
-0.1
0.65
-1.25
0.65
-0.4
0.65
-1.25
0.65
-0.2
0.65
-1.25
0.65
-0.4
0.65
-0.2
0.65
-1.25
0.65
0
0.65
0
0.65
0
0.65
0
0.65
0
0.75
-0.1
0.75
-0.1
0
0.3
0
0.3
-0.1
0.3
-0.4
0.3
-0.04
0.175
-0.04
0.175
-0.25
0.175
-0.09
0.175
-0.56
-0.05
-0.85
-0.325
-0.01
-0.325
-0.5
-0.975
-0.1
-0.475
-0.506667
-1.89167
-0.66
-0.325
-0.34
-0.475
-0.34
-0.475
-0.19
-1.7
-0.1
-1.975
-0.14
-0.625
-0.34
-0.1
0.55
-0.025
0.55
-0.5
0.55
-0.025
0.55
-0.025
0.55
-0.5
0.55
-0.025
0.55
-0.025
0.65
-0.925
0.65
0
0.65
0
0.65
0
0.65
0
0.65
0
0.75
-0.1
0
0.483333
0
0.483333
0
0.483333
-0.1
0.483333
-0.4
0.483333
-0.04
0.383333
-0.04
0.383333
-0.25
0.383333
-0.09
0.383333
-0.09
-0.116667
-0.94
-0.116667
-0.01
-0.116667
-0.5
-0.766667
-0.85
-1.75
-0.34
-0.566667
-1.14
-0.266667
-0.34
-0.7
-0.34
-0.266667
-0.64
-0.7
-0.26
-0.416667
-0.1
-0.7
-0.19
-0.666667
0.19
-0.416667
0.19
-0.416667
0.55
-0.516667
0.55
-2.01667
0.55
0
0.55
0
0.55
0
0.65
0
0.65
0
0.65
0
0.65
0
0.65
0
0.65
0
0
0.5875
0
0.5875
0
0.5875
0
0.5875
-0.1
0.5875
-0.4
0.5875
-0.04
0.4875
-0.04
0.4875
-0.25
0.4875
-0.09
0.4875
-0.09
-0.0125
-0.94
-0.0125
-0.01
-0.0125
-0.5
-0.6625
-0.1
-0.6625
-0.66
-0.5125
-0.66
-0.2125
-0.19
-0.7
-0.95
-1.0125
-0.19
-0.7
-1.85
-0.9125
-0.19
-0.7
-0.49
-0.0125
0.05
-0.4125
0.05
-0.0125
0.55
0
0.55
-1.6125
0.55
-0.2125
0.55
0
0.55
0
0.65
0
0.65
0
0.65
0
0.65
0
0.65
0
0.65
0
0
0.65
0
0.65
0
0.65
0
0.65
-0.1
0.65
-0.4
0.65
-0.04
0.55
-0.04
0.55
-0.25
0.55
-0.09
0.55
-0.09
0.05
-0.94
0.05
-0.01
0.05
-0.5
-0.6
-0.1
-0.64
-0.34
-0.1
-0.66
-0.19
-0.34
-0.34
-0.95
-0.95
-0.6
-0.6
-0.49
-0.66
-0.34
-0.34
-0.49
-0.1
0.05
-1.85
0.05
-0.94
0.05
0
0.55
-0.09
0.55
-0.25
0.55
-0.04
0.55
-0.04
0.65
0
