-29.03
-30.035
-29.03
-30.035
-29.03
-30.035
-29.03
-30.035
-29.02
-30.035
-30.035
-29.02
-30.035
-29.03
-30.035
-29.03
-30.035
-29.03
-30.035
-29.03
-30.035
-29.03
-30.035
-29.44
-30.035
-29.44
-30.035
-29.44
-30.035
-29.44
-30.085
-30.2
-30.085
-30.2
-30.085
-30.2
-30.035
-30.075
-30.035
-30.13
-30.055
-30.055
-30.055
-30.055
-30.055
-30.055
-30.06
-30.06
-30.055
-30.055
-30.035
-30.25
-30.035
-30.085
-30.075
-30.035
-30.2
-30.085
-30.2
-30.085
-30.2
-30.085
-29.44
-30.035
-29.44
-30.035
-29.44
-30.035
-29.44
-30.035
-29.03
-30.035
-29.03
-0.005
-29.03
-0.005
-29.03
-0.005
-29.03
-0.005
-29.02
-0.005
-28.855
-0.125
-28.855
-0.125
-28.855
-0.125
-28.855
-0.125
-28.855
-0.125
-28.855
-0.125
-29.06
-0.18
-29.385
-0.338333
-29.385
-0.338333
-30.085
-0.925
-30.085
-0.925
-30.085
-0.925
-30.085
-0.925
-30.035
-0.845
-30.035
-1.425
-30.035
-0.845
-30.035
-0.845
-30.035
-0.845
-30.06
-1.32
-30.035
-0.845
-30.035
-0.845
-30.135
-1.305
-30.035
-1.305
-29.03
-0.005
-29.03
-0.005
-29.03
-0.005
-29.03
-0.005
-29.03
-0.005
-29.03
-0.005
-29.03
-0.005
-29.03
-0.005
-29.03
-0.005
-29.03
-0.005
-29.03
-0.005
-29.03
-0.005
-29.02
-0.005
-28.855
-0.125
-28.855
-0.125
-28.855
-0.125
-28.855
-0.125
-28.855
-0.125
-30.035
0.42
-30.035
0.01
-30.035
0.01
-30.085
-0.525
-30.085
-0.525
-30.085
-0.525
-30.085
-0.525
-30.085
-0.525
-30.035
-0.445
-30.035
-0.695
-30.035
-0.445
-30.035
-0.445
-30.035
-0.68
-30.035
-0.695
-30.035
-0.445
-30.035
-0.445
-30.055
-0.425
-30.05
-0.32
-29.44
-0.005
-29.44
-0.005
-29.44
-0.005
-29.44
-0.005
-29.44
-0.005
-29.44
-0.005
-29.03
-0.005
-29.03
-0.005
-29.03
-0.005
-29.03
-0.005
-29.03
-0.005
-29.03
-0.005
-29.02
-0.005
-28.855
-0.125
-28.855
-0.125
-30.035
0.628333
-30.035
0.628333
-30.035
0.628333
-30.035
0.628333
-30.035
0.218333
-30.035
0.218333
-30.035
0.218333
-30.085
-0.391667
-30.085
-0.391667
-30.085
-0.391667
-30.085
-0.391667
-30.035
-0.311667
-30.035
-0.591667
-30.035
-0.471667
-30.055
-0.291667
-30.055
-0.291667
-30.06
-0.486667
-30.055
-0.291667
-30.055
-0.291667
-30.055
-0.291667
-30.055
-0.306667
-29.44
-0.005
-29.44
-0.005
-29.44
-0.005
-29.44
-0.005
-29.44
-0.005
-29.44
-0.005
-29.44
-0.005
-29.44
-0.005
-29.03
-0.005
-29.03
-0.005
-29.03
-0.005
-29.03
-0.005
-29.02
-0.005
-28.855
-0.125
-30.035
0.7325
-30.035
0.7325
-30.035
0.7325
-30.035
0.7325
-30.035
0.7325
-30.035
0.3225
-30.035
0.3225
-30.035
0.3225
-30.085
-0.325
-30.085
-0.325
-30.085
-0.325
-30.085
-0.325
-30.035
-0.245
-30.08
-0.3825
-30.25
-0.205
-30.055
-0.265
-30.055
-0.225
-30.155
-0.265
-30.035
-0.3675
-30.035
-0.3675
-30.055
-0.225
-30.075
-0.3175
-29.44
-0.005
-29.44
-0.005
-29.44
-0.005
-29.44
-0.005
-29.44
-0.005
-29.44
-0.005
-29.44
-0.005
-29.44
-0.005
-29.03
-0.005
-29.03
-0.005
-29.03
-0.005
-29.03
-0.005
-29.02
-0.005
-28.855
-0.125
-30.035
0.795
-30.035
0.795
-30.035
0.795
-30.035
0.795
-30.035
0.795
-30.035
0.385
-30.035
0.385
-30.035
0.385
-30.085
-0.285
-30.085
-0.285
-30.085
-0.285
-30.085
-0.285
-30.035
-0.205
-30.055
-0.2
-30.105
-0.28
-30.055
-0.185
-30.055
-0.185
-30.155
-0.185
-30.035
-0.305
-30.035
-0.305
-30.055
-0.185
-30.035
-0.305
-30.24
-0.005
-29.44
-0.005
-29.44
-0.005
-29.44
-0.005
-29.44
-0.005
-29.44
-0.005
-29.44
-0.005
-29.44
-0.005
-0.125
-28.855
-0.125
-28.855
-0.125
-28.855
-0.125
-28.855
-0.125
-28.855
-0.005
-29.02
-0.005
-29.03
-0.005
-29.03
-0.005
-29.03
-0.005
-29.03
-0.005
-29.03
-0.005
-29.03
-0.005
-29.03
-0.005
-29.03
-0.005
-29.03
-0.005
-29.03
-0.005
-29.03
-0.005
-29.03
-1.305
-30.035
-1.295
-30.3
-0.845
-30.135
-0.845
-30.035
-0.845
-30.2
-0.825
-30.055
-0.845
-30.08
-0.845
-30.035
-0.805
-30.085
-0.845
-30.035
-0.925
-30.085
-0.925
-30.085
-0.925
-30.085
-0.925
-30.085
-0.338333
-29.385
-0.338333
-29.385
-0.18
-29.06
-0.125
-28.855
0.0716667
-0.005
0.165
-0.005
0.165
-0.005
0.165
-0.005
0.165
-0.005
-0.005
0.165
-0.005
0.165
-0.005
0.165
-0.005
0.165
-0.005
0.0716667
-0.005
0.0716667
-0.005
0.0716667
-0.005
0.0716667
-0.005
0.0716667
-0.005
0.0716667
-0.005
0.0716667
-0.005
0.0716667
-0.005
0.0716667
-1.305
-0.205
-1.295
-0.605
-1.32
-1.375
-0.805
-1.305
-1.305
-1.295
-1.28
-1.28
-0.455
-1.305
-0.805
-1.305
-0.455
-1.305
-0.205
-1.305
0.0716667
-0.005
0.0716667
-0.005
0.0716667
-0.005
0.0716667
-0.005
0.0716667
-0.005
0.0716667
-0.005
0.0716667
-0.005
0.0716667
-0.005
-0.125
0.575
-0.125
0.575
-0.125
0.575
-0.125
0.575
-0.125
0.575
-0.005
0.455
-0.005
0.455
-0.005
0.42
-0.005
0.42
-0.005
0.42
-0.005
0.42
-0.005
0.42
-0.005
0.42
-0.005
0.42
-0.005
0.42
-0.005
0.42
-0.005
0.42
-0.005
0.42
-1.305
-0.105
-1.295
-0.775
-1.305
-0.27
-1.355
-0.775
-1.295
-0.72
-1.28
-0.73
-1.28
-0.775
-0.485
-0.705
-1.305
-0.12
-0.47
-0.32
-0.605
-0.005
-0.335
0.075
-0.335
0.075
-0.335
0.075
-0.205
-0.005
-0.205
-0.005
-0.18
0.345
-0.125
0.575
-0.125
0.758333
-0.125
0.758333
-0.125
0.758333
-0.125
0.758333
-0.125
0.758333
-0.005
0.638333
-0.005
0.628333
-0.005
0.628333
-0.005
0.628333
-0.005
0.628333
-0.005
0.628333
-0.005
0.628333
-0.005
0.628333
-0.005
0.628333
-0.005
0.628333
-0.005
0.628333
-0.005
0.628333
-0.005
0.628333
-1.305
-0.0716667
-1.295
-0.566667
-1.32
-0.155
-1.38
-0.346667
-1.4
-0.521667
-1.28
-0.461667
-0.805
-0.471667
-0.825
-0.306667
-1.305
-0.146667
-0.825
-0.306667
-0.615
-0.005
-0.615
-0.005
-0.615
-0.005
-0.615
-0.005
-0.338333
0.228333
-0.338333
0.228333
-0.18
0.553333
-0.125
0.758333
-0.125
0.8625
-0.125
0.8625
-0.125
0.8625
-0.125
0.8625
-0.125
0.8625
-0.005
0.7425
-0.005
0.7325
-0.005
0.7325
-0.005
0.7325
-0.005
0.7325
-0.005
0.7325
-0.005
0.7325
-0.005
0.7325
-0.005
0.7325
-0.005
0.7325
-0.005
0.7325
-0.005
0.7325
-0.005
0.7325
-1.305
-0.055
-1.295
-0.4625
-1.305
-0.3175
-1.28
-0.4175
-1.4
-0.3825
-1.28
-0.3575
-1.32
-0.3175
-1.32
-0.325
-0.845
-0.245
-0.845
-0.3175
-0.965
-0.005
-0.615
-0.005
-0.615
-0.005
-0.615
-0.005
-0.338333
0.3325
-0.338333
0.3325
-0.18
0.6575
-0.125
0.8625
-0.125
0.925
-0.125
0.925
-0.125
0.925
-0.125
0.925
-0.125
0.925
-0.005
0.805
-0.005
0.795
-0.005
0.795
-0.005
0.795
-0.005
0.795
-0.005
0.795
-0.005
0.795
-0.005
0.795
-0.005
0.795
-0.005
0.795
-0.005
0.795
-0.005
0.795
-0.005
0.795
-1.305
-0.045
-1.38
-0.135
-1.305
-0.27
-1.425
-0.135
-1.38
-0.375
-1.28
-0.32
-0.805
-0.305
-1.305
-0.24
-1.28
-0.295
-0.805
-0.305
-0.965
-0.005
-0.965
-0.005
-0.615
-0.005
-0.338333
0.395
-0.338333
0.395
-0.338333
0.395
-0.18
0.72
-0.125
0.925
-0.125
-28.855
-0.125
-28.855
-0.125
-28.855
-0.125
-28.855
-0.125
-28.855
-0.005
-29.02
-0.005
-29.03
-0.005
-29.03
-0.005
-29.03
-0.005
-29.03
-0.005
-29.03
-0.005
-29.03
-0.005
-29.44
-0.005
-29.44
-0.005
-29.44
-0.005
-29.44
-0.005
-29.44
-0.005
-29.44
-0.29
-29.655
-0.445
-30.035
-0.445
-30.135
-0.445
-30.035
-0.445
-30.2
-0.425
-30.055
-0.445
-30.08
-0.445
-30.035
-0.405
-30.085
-0.445
-30.035
-0.525
-30.085
-0.525
-30.085
-0.525
-30.085
-0.525
-30.085
-0.525
-30.085
0.01
-30.035
0.01
-30.035
0.42
-30.035
0.42
-0.005
0.42
-0.005
0.42
-0.005
0.455
-0.005
0.455
-0.005
0.575
-0.125
0.575
-0.125
0.575
-0.125
0.575
-0.125
0.575
-0.125
0.575
-0.125
0.345
-0.18
-0.005
-0.205
-0.005
-0.205
0.075
-0.335
0.075
-0.335
0.075
-0.335
-0.005
-0.605
-0.29
-0.875
-0.73
-1.4
-0.23
-1.345
-0.72
-1.33
-0.73
-1.32
-0.525
-1.305
-0.445
-1.33
-0.67
-1.32
-0.105
-1.305
-0.105
-1.305
0.42
-0.005
0.42
-0.005
0.42
-0.005
0.42
-0.005
0.42
-0.005
0.42
-0.005
0.42
-0.005
0.42
-0.005
0.42
-0.005
0.42
-0.005
0.42
-0.005
0.42
-0.005
0.455
-0.005
-0.005
0.455
-0.005
0.42
-0.005
0.42
-0.005
0.42
-0.005
0.42
-0.005
0.42
-0.005
0.42
-0.005
0.195
-0.005
0.01
-0.005
0.01
-0.005
0.01
-0.005
0.01
-0.005
0.01
-0.29
-0.25
-0.73
-0.67
-0.325
-0.325
-0.23
-0.755
-0.72
-0.245
-0.46
-0.705
-0.655
-0.775
-0.29
-0.325
-0.245
-0.32
-0.245
-0.32
0.01
-0.005
0.01
-0.005
0.01
-0.005
0.01
-0.005
0.01
-0.005
0.195
-0.005
0.42
-0.005
0.42
-0.005
0.42
-0.005
0.42
-0.005
0.42
-0.005
0.42
-0.005
-0.125
0.758333
-0.005
0.638333
-0.005
0.628333
-0.005
0.628333
-0.005
0.628333
-0.005
0.628333
-0.005
0.628333
-0.005
0.628333
-0.005
0.218333
-0.005
0.218333
-0.005
0.218333
-0.005
0.218333
-0.005
0.218333
-0.005
0.218333
-0.29
-0.0416667
-0.73
-0.446667
-0.72
-0.311667
-0.72
-0.23
-0.72
-0.346667
-0.75
-0.431667
-0.48
-0.546667
-0.655
-0.461667
-0.775
-0.461667
-0.425
-0.306667
0.01
-0.005
0.01
-0.005
0.01
-0.005
0.01
-0.005
0.01
-0.005
0.01
-0.005
0.01
-0.005
0.01
-0.005
0.42
-0.005
0.42
-0.005
0.42
-0.005
-0.125
0.8625
-0.125
0.8625
-0.005
0.7425
-0.005
0.7325
-0.005
0.7325
-0.005
0.7325
-0.005
0.7325
-0.005
0.7325
-0.005
0.7325
-0.005
0.3225
-0.005
0.3225
-0.005
0.3225
-0.005
0.3225
-0.005
0.3225
-0.005
0.3225
-0.29
0.0625
-0.73
-0.3575
-0.775
-0.4175
-0.755
-0.2375
-0.72
-0.245
-0.68
-0.3175
-0.755
-0.3325
-0.68
-0.3175
-0.755
-0.325
-0.445
-0.3175
0.01
-0.005
0.01
-0.005
0.01
-0.005
0.01
-0.005
0.01
-0.005
0.01
-0.005
0.01
-0.005
0.01
-0.005
0.42
-0.005
0.42
-0.005
-0.125
0.925
-0.125
0.925
-0.125
0.925
-0.005
0.805
-0.005
0.795
-0.005
0.795
-0.005
0.795
-0.005
0.795
-0.005
0.795
-0.005
0.795
-0.005
0.385
-0.005
0.385
-0.005
0.385
-0.005
0.385
-0.005
0.385
-0.005
0.385
-0.29
0.125
-0.72
-0.165
-0.72
-0.255
-0.72
-0.24
-0.72
-0.17
-0.72
-0.33
-0.755
-0.33
-0.405
-0.305
-0.545
-0.305
-0.405
-0.305
-0.565
-0.005
0.01
-0.005
0.01
-0.005
0.01
-0.005
0.01
-0.005
0.01
-0.005
0.01
-0.005
0.01
-0.005
0.628333
-30.035
0.628333
-30.035
0.628333
-30.035
-0.125
-28.855
-0.125
-28.855
-0.005
-29.02
-0.005
-29.03
-0.005
-29.03
-0.005
-29.03
-0.005
-29.03
-0.005
-29.44
-0.005
-29.44
-0.005
-29.44
-0.005
-29.44
-0.005
-29.44
-0.005
-29.44
-0.005
-29.44
-0.005
-29.44
-0.311667
-30.035
-0.291667
-30.055
-0.271667
-30.185
-0.311667
-30.035
-0.311667
-30.2
-0.291667
-30.055
-0.311667
-30.08
-0.291667
-30.055
-0.271667
-30.085
-0.311667
-30.035
-0.391667
-30.085
-0.391667
-30.085
-0.391667
-30.085
-0.391667
-30.085
0.218333
-30.035
0.218333
-30.035
0.218333
-30.035
0.628333
-30.035
0.628333
-0.005
0.628333
-0.005
0.628333
-0.005
0.628333
-0.005
0.638333
-0.005
0.758333
-0.125
0.758333
-0.125
0.758333
-0.125
0.758333
-0.125
0.758333
-0.125
0.758333
-0.125
0.553333
-0.18
0.228333
-0.338333
0.228333
-0.338333
-0.005
-0.615
-0.005
-0.615
-0.005
-0.615
-0.005
-0.615
-0.311667
-1.255
-0.471667
-1.375
-0.471667
-1.375
-0.0716667
-0.845
-0.471667
-1.295
-0.521667
-1.28
-0.0716667
-1.305
-0.155
-1.32
-0.286667
-1.305
-0.0716667
-1.305
0.628333
-0.005
0.628333
-0.005
0.628333
-0.005
0.628333
-0.005
0.628333
-0.005
0.628333
-0.005
0.628333
-0.005
0.628333
-0.005
0.628333
-0.005
0.628333
-0.005
0.628333
-0.005
0.628333
-0.005
0.638333
-0.005
0.758333
-0.125
-0.005
0.42
-0.005
0.42
-0.005
0.42
-0.005
0.42
-0.005
0.01
-0.005
0.01
-0.005
0.01
-0.005
0.01
-0.005
0.01
-0.005
0.01
-0.005
0.01
-0.005
0.01
-0.311667
-0.63
-0.421667
-0.72
-0.155
-0.72
-0.155
-0.755
-0.311667
-0.75
-0.311667
-0.705
-0.446667
-0.775
-0.155
-0.72
-0.155
-0.68
-0.17
-0.32
0.218333
-0.005
0.218333
-0.005
0.218333
-0.005
0.218333
-0.005
0.218333
-0.005
0.218333
-0.005
0.628333
-0.005
0.628333
-0.005
0.628333
-0.005
0.628333
-0.005
0.628333
-0.005
0.628333
-0.005
0.638333
-0.005
-0.005
0.638333
-0.005
0.628333
-0.005
0.628333
-0.005
0.628333
-0.005
0.628333
-0.005
0.218333
-0.005
0.218333
-0.005
0.218333
-0.005
0.218333
-0.005
0.218333
-0.005
0.218333
-0.005
0.218333
-0.005
0.218333
-0.311667
-0.421667
-0.331667
-0.306667
-0.326667
-0.496667
-0.421667
-0.386667
-0.461667
-0.521667
-0.311667
-0.496667
-0.306667
-0.366667
-0.366667
-0.306667
-0.291667
-0.306667
-0.291667
-0.306667
0.218333
-0.005
0.218333
-0.005
0.218333
-0.005
0.218333
-0.005
0.218333
-0.005
0.218333
-0.005
0.218333
-0.005
0.218333
-0.005
0.628333
-0.005
0.628333
-0.005
0.628333
-0.005
0.628333
-0.005
0.638333
-0.005
-0.005
0.7425
-0.005
0.7325
-0.005
0.7325
-0.005
0.7325
-0.005
0.7325
-0.005
0.3225
-0.005
0.3225
-0.005
0.3225
-0.005
0.3225
-0.005
0.3225
-0.005
0.3225
-0.005
0.3225
-0.005
0.3225
-0.311667
-0.3175
-0.326667
-0.3175
-0.306667
-0.225
-0.326667
-0.4375
-0.386667
-0.3175
-0.546667
-0.3175
-0.311667
-0.3325
-0.311667
-0.3175
-0.511667
-0.325
-0.311667
-0.3175
0.218333
-0.005
0.218333
-0.005
0.218333
-0.005
0.218333
-0.005
0.218333
-0.005
0.218333
-0.005
0.218333
-0.005
0.218333
-0.005
0.628333
-0.005
0.628333
-0.005
0.628333
-0.005
0.628333
-0.005
-0.125
0.925
-0.005
0.805
-0.005
0.795
-0.005
0.795
-0.005
0.795
-0.005
0.795
-0.005
0.385
-0.005
0.385
-0.005
0.385
-0.005
0.385
-0.005
0.385
-0.005
0.385
-0.005
0.385
-0.005
0.385
-0.311667
-0.255
-0.311667
-0.295
-0.326667
-0.255
-0.306667
-0.2
-0.471667
-0.295
-0.311667
-0.425
-0.306667
-0.305
-0.271667
-0.305
-0.566667
-0.32
-0.271667
-0.305
-0.431667
-0.005
0.218333
-0.005
0.218333
-0.005
0.218333
-0.005
0.218333
-0.005
0.218333
-0.005
0.218333
-0.005
0.218333
-0.005
0.7325
-30.035
0.7325
-30.035
0.7325
-30.035
0.7325
-30.035
-0.125
-28.855
-0.005
-29.02
-0.005
-29.03
-0.005
-29.03
-0.005
-29.03
-0.005
-29.03
-0.005
-29.44
-0.005
-29.44
-0.005
-29.44
-0.005
-29.44
-0.005
-29.44
-0.005
-29.44
-0.005
-29.44
-0.005
-29.44
-0.3175
-30.075
-0.225
-30.055
-0.205
-30.185
-0.225
-30.22
-0.225
-30.295
-0.225
-30.055
-0.225
-30.22
-0.225
-30.055
-0.205
-30.085
-0.245
-30.035
-0.325
-30.085
-0.325
-30.085
-0.325
-30.085
-0.325
-30.085
0.3225
-30.035
0.3225
-30.035
0.3225
-30.035
0.7325
-30.035
0.7325
-0.005
0.7325
-0.005
0.7325
-0.005
0.7325
-0.005
0.7425
-0.005
0.8625
-0.125
0.8625
-0.125
0.8625
-0.125
0.8625
-0.125
0.8625
-0.125
0.8625
-0.125
0.6575
-0.18
0.3325
-0.338333
0.3325
-0.338333
-0.005
-0.615
-0.005
-0.615
-0.005
-0.615
-0.005
-0.965
-0.3175
-0.845
-0.3175
-1.38
-0.3175
-1.345
-0.175
-1.305
-0.4625
-1.28
-0.4375
-1.32
-0.325
-1.305
-0.3175
-1.305
-0.055
-1.305
-0.055
-1.305
0.7325
-0.005
0.7325
-0.005
0.7325
-0.005
0.7325
-0.005
0.7325
-0.005
0.7325
-0.005
0.7325
-0.005
0.7325
-0.005
0.7325
-0.005
0.7325
-0.005
0.7325
-0.005
0.7325
-0.005
0.7425
-0.005
0.8625
-0.125
0.8625
-0.125
-0.005
0.42
-0.005
0.42
-0.005
0.42
-0.005
0.01
-0.005
0.01
-0.005
0.01
-0.005
0.01
-0.005
0.01
-0.005
0.01
-0.005
0.01
-0.005
0.01
-0.3175
-0.445
-0.3175
-0.8
-0.3175
-0.72
-0.1175
-0.755
-0.3175
-0.755
-0.3425
-0.73
-0.3425
-0.775
-0.1175
-0.72
-0.205
-0.68
-0.1325
-0.32
0.3225
-0.005
0.3225
-0.005
0.3225
-0.005
0.3225
-0.005
0.3225
-0.005
0.3225
-0.005
0.7325
-0.005
0.7325
-0.005
0.7325
-0.005
0.7325
-0.005
0.7325
-0.005
0.7325
-0.005
0.7425
-0.005
-0.005
0.638333
-0.005
0.628333
-0.005
0.628333
-0.005
0.628333
-0.005
0.628333
-0.005
0.218333
-0.005
0.218333
-0.005
0.218333
-0.005
0.218333
-0.005
0.218333
-0.005
0.218333
-0.005
0.218333
-0.005
0.218333
-0.3175
-0.311667
-0.245
-0.511667
-0.3175
-0.326667
-0.4075
-0.271667
-0.3175
-0.591667
-0.3175
-0.511667
-0.205
-0.471667
-0.205
-0.471667
-0.24
-0.306667
-0.225
-0.306667
0.3225
-0.005
0.3225
-0.005
0.3225
-0.005
0.3225
-0.005
0.3225
-0.005
0.3225
-0.005
0.3225
-0.005
0.3225
-0.005
0.7325
-0.005
0.7325
-0.005
0.7325
-0.005
0.7325
-0.005
0.7425
-0.005
-0.005
0.7425
-0.005
0.7325
-0.005
0.7325
-0.005
0.7325
-0.005
0.7325
-0.005
0.3225
-0.005
0.3225
-0.005
0.3225
-0.005
0.3225
-0.005
0.3225
-0.005
0.3225
-0.005
0.3225
-0.005
0.3225
-0.3175
-0.245
-0.22
-0.4425
-0.325
-0.4875
-0.245
-0.4075
-0.4075
-0.245
-0.3675
-0.325
-0.205
-0.3675
-0.22
-0.4075
-0.4425
-0.245
-0.245
-0.3175
0.3225
-0.005
0.3225
-0.005
0.3225
-0.005
0.3225
-0.005
0.3225
-0.005
0.3225
-0.005
0.3225
-0.005
0.3225
-0.005
0.7325
-0.005
0.7325
-0.005
0.7325
-0.005
0.7325
-0.005
0.7425
-0.005
-0.005
0.805
-0.005
0.795
-0.005
0.795
-0.005
0.795
-0.005
0.795
-0.005
0.385
-0.005
0.385
-0.005
0.385
-0.005
0.385
-0.005
0.385
-0.005
0.385
-0.005
0.385
-0.005
0.385
-0.3175
-0.205
-0.3825
-0.165
-0.325
-0.305
-0.245
-0.425
-0.265
-0.305
-0.325
-0.425
-0.245
-0.32
-0.205
-0.305
-0.245
-0.305
-0.205
-0.305
-0.365
-0.005
0.3225
-0.005
0.3225
-0.005
0.3225
-0.005
0.3225
-0.005
0.3225
-0.005
0.3225
-0.005
0.3225
-0.005
0.795
-30.035
0.795
-30.035
0.795
-30.035
0.795
-30.035
-0.125
-28.855
-0.005
-29.02
-0.005
-29.03
-0.005
-29.03
-0.005
-29.03
-0.005
-29.03
-0.005
-29.44
-0.005
-29.44
-0.005
-29.44
-0.005
-29.44
-0.005
-29.44
-0.005
-29.44
-0.005
-29.44
-0.005
-30.24
-0.305
-30.035
-0.185
-30.055
-0.165
-30.185
-0.185
-30.22
-0.185
-30.295
-0.185
-30.055
-0.185
-30.22
-0.185
-30.055
-0.165
-30.085
-0.205
-30.035
-0.285
-30.085
-0.285
-30.085
-0.285
-30.085
-0.285
-30.085
0.385
-30.035
0.385
-30.035
0.385
-30.035
0.795
-30.035
0.795
-0.005
0.795
-0.005
0.795
-0.005
0.795
-0.005
0.805
-0.005
0.925
-0.125
0.925
-0.125
0.925
-0.125
0.925
-0.125
0.925
-0.125
0.925
-0.125
0.72
-0.18
0.395
-0.338333
0.395
-0.338333
0.395
-0.338333
-0.005
-0.615
-0.005
-0.965
-0.005
-0.965
-0.305
-0.805
-0.32
-1.355
-0.045
-1.345
-0.295
-1.28
-0.045
-1.305
-0.255
-1.305
-0.375
-1.305
-0.27
-1.305
-0.165
-1.305
-0.045
-1.305
0.795
-0.005
0.795
-0.005
0.795
-0.005
0.795
-0.005
0.795
-0.005
0.795
-0.005
0.795
-0.005
0.795
-0.005
0.795
-0.005
0.795
-0.005
0.795
-0.005
0.795
-0.005
0.805
-0.005
0.925
-0.125
0.925
-0.125
0.925
-0.125
-0.005
0.42
-0.005
0.42
-0.005
0.01
-0.005
0.01
-0.005
0.01
-0.005
0.01
-0.005
0.01
-0.005
0.01
-0.005
0.01
-0.005
-0.565
-0.305
-0.405
-0.32
-0.48
-0.165
-0.72
-0.095
-0.755
-0.27
-0.755
-0.255
-0.72
-0.28
-0.775
-0.095
-0.72
-0.095
-0.68
-0.11
-0.32
0.385
-0.005
0.385
-0.005
0.385
-0.005
0.385
-0.005
0.385
-0.005
0.385
-0.005
0.795
-0.005
0.795
-0.005
0.795
-0.005
0.795
-0.005
0.795
-0.005
0.795
-0.005
0.805
-0.005
0.925
-0.125
-0.005
0.628333
-0.005
0.628333
-0.005
0.628333
-0.005
0.628333
-0.005
0.218333
-0.005
0.218333
-0.005
0.218333
-0.005
0.218333
-0.005
0.218333
-0.005
0.218333
-0.005
0.218333
-0.005
-0.431667
-0.305
-0.271667
-0.24
-0.511667
-0.305
-0.311667
-0.305
-0.346667
-0.27
-0.591667
-0.255
-0.511667
-0.2
-0.331667
-0.33
-0.326667
-0.185
-0.306667
-0.185
-0.306667
0.385
-0.005
0.385
-0.005
0.385
-0.005
0.385
-0.005
0.385
-0.005
0.385
-0.005
0.385
-0.005
0.385
-0.005
0.795
-0.005
0.795
-0.005
0.795
-0.005
0.795
-0.005
0.805
-0.005
-0.005
0.7425
-0.005
0.7325
-0.005
0.7325
-0.005
0.7325
-0.005
0.7325
-0.005
0.3225
-0.005
0.3225
-0.005
0.3225
-0.005
0.3225
-0.005
0.3225
-0.005
0.3225
-0.005
0.3225
-0.005
-0.365
-0.305
-0.205
-0.305
-0.28
-0.24
-0.4075
-0.425
-0.22
-0.305
-0.325
-0.32
-0.325
-0.165
-0.3675
-0.305
-0.325
-0.305
-0.245
-0.205
-0.3175
0.385
-0.005
0.385
-0.005
0.385
-0.005
0.385
-0.005
0.385
-0.005
0.385
-0.005
0.385
-0.005
0.385
-0.005
0.795
-0.005
0.795
-0.005
0.795
-0.005
0.795
-0.005
0.805
-0.005
-0.005
0.805
-0.005
0.795
-0.005
0.795
-0.005
0.795
-0.005
0.795
-0.005
0.385
-0.005
0.385
-0.005
0.385
-0.005
0.385
-0.005
0.385
-0.005
0.385
-0.005
0.385
-0.005
-0.325
-0.305
-0.165
-0.305
-0.18
-0.305
-0.18
-0.305
-0.165
-0.26
-0.305
-0.295
-0.32
-0.28
-0.295
-0.165
-0.305
-0.26
-0.305
-0.165
-0.305
-0.325
-0.005
0.385
-0.005
0.385
-0.005
0.385
-0.005
0.385
-0.005
0.385
-0.005
0.385
-0.005
0.385
-0.005
