0
0
0
0
0
0
0
0
0
0
0
0
0
0
0
0
0
0
-2.8
0
-2.8
0
-1.8
0
0
0
0
0
-2.8
0
0
0
0
0
0
0
0
0
0
0
0
0
0
-1.8
0
0
0
-0.4
0
-1.8
-1.8
0
0
0
0
0
0
-1
0
0
0
0
0
0
0
0
0
0
0
-2.8
0
0
0
0
0
0.1
0
0.1
0
0.1
0
0.1
0
0.1
0
0.1
0
0.1
0
0.1
-0.4
0.1
-2.8
0.1
-1.8
0.1
0
0.1
0
0.1
-2.8
0.1
0
0.1
0
0.1
0
0.1
0
0
-0.4
0
-0.4
0
-0.4
-0.15
-0.4
-0.35
-0.4
-3.35
-0.4
-0.05
-1
-0.15
-1.8
-1.3
-0.4
-0.15
-0.4
0.0166667
-0.4
-0.2
-0.4
-0.05
-0.4
-0.05
-0.4
-0.55
-0.4
-0.15
-0.4
-0.05
-0.4
-0.15
0
0
0
0.3
0
0.3
0
0.3
0
0.3
0
0.3
0
0.3
0
0.3
0
0.3
-0.4
0.3
-2.8
0.3
-1.8
0.3
0
0.3
0
0.3
0
0.3
0
0.3
0
0.3
0
0.3
0
0
-0.4
0
-0.4
-0.525
-0.4
0.05
-0.4
-2.4
-2.8
0.05
-0.4
0.05
-1
0.05
-4
0.15
-0.4
0
-0.4
-0.125
-0.4
-1.35
-0.4
-0.025
-0.4
0.241667
-0.4
0
-0.4
-0.125
-0.4
0.15
-0.4
0.05
0
0.183333
0
0.483333
0
0.483333
0
0.483333
0
0.483333
0
0.483333
0
0.483333
0
0.483333
0
0.483333
-0.4
0.483333
-2.8
0.483333
-1.8
0.483333
0
0.483333
0
0.483333
-2.8
0.483333
0
0.483333
0
0.483333
0
0.483333
0
0
-0.4
-0.266667
-0.4
-0.4
-0.4
0.333333
-0.4
-0.116667
-0.4
-2.26667
-0.4
-0.55
-1
0.316667
-4
0.333333
-0.4
0
-0.4
0.433333
-0.4
-1.71667
-0.4
0.433333
-0.4
0.433333
-0.4
0.383333
-0.4
0.433333
-0.4
0.333333
-0.4
0.233333
0
0.2875
0
0.5875
0
0.5875
0
0.5875
0
0.5875
0
0.5875
0
0.5875
0
0.5875
0
0.5875
0
0.5875
-2.8
0.5875
-1.8
0.5875
0
0.5875
0
0.5875
-2.8
0.5875
0
0.5875
0
0.5875
0
0.5875
0
0
-0.4
0.35
-0.4
-0.1125
-0.4
-0.25
-0.4
-0.35
-0.4
-2.14583
-0.4
-0.4
-0.4
-0.4
-1.8
-0.4
-0.4
-0.25
-0.4
0.45
-0.4
-0.4
-0.4
0.6
-0.4
0.45
-0.4
-0.25
-0.4
0.45
-0.4
-0.45
-0.4
-0.0125
0
0.35
0
0.65
0
0.65
0
0.65
0
0.65
0
0.65
0
0.65
0
0.65
0
0.65
-0.4
0.65
0
0.65
-1.8
0.65
0
0.65
0
0.65
-2.8
0.65
0
0.65
0
0.65
0
0.65
0
0
-0.4
-0.24
-0.4
-0.24
-0.4
-0.24
-0.4
-0.01
-0.4
-2.02333
-0.4
-0.01
-1
0.49
-1.8
-1.29
-0.4
0.49
-0.4
0.49
-0.4
-0.14
-0.4
0.54
-0.4
0.54
-0.4
0.36
-0.4
0.54
-0.4
0.36
-0.4
-0.75
0.1
0
0.1
0
0.1
0
0.1
0
0.1
0
0.1
0
0.1
0
0.1
0
0.1
0
-2.45
0
-0.15
-0.4
0
-0.4
-0.15
-0.4
-0.15
-0.4
-0.15
-0.4
-0.05
-0.4
-0.2
-0.4
-0.05
-0.4
-0.15
-0.4
-0.75
-1
-0.15
-4
-0.05
-0.4
-0.2
-0.4
-0.15
-2.8
-0.15
-2.8
0
-0.4
-0.45
-0.4
0
0
0.1
0
0.1
-1.8
0.1
0
0.1
0
0.1
0
0.1
-2.8
0.1
0
0.1
0
0.1
0
0.1
0
0.1
0
0.1
0
0.1
0
0
0.1
0
0.1
0
0.1
0
0.1
-0.1
0.1
-1.2
0.1
-1.2
0.1
0
0.1
-0.05
0.1
0
0.1
-0.05
0.1
-0.45
0.1
-0.45
0.1
-0.3
-0.4
-0.45
-2.1
-1.6
-2.4
-0.183333
-0.5
-1.01667
-0.666667
-0.45
-2.95
-0.15
-3.35
-0.2
-0.2
-0.183333
-0.8
-0.25
-0.3
0.1
0
0.1
-0.95
0.1
-0.05
0.1
0
0.1
-0.05
0.1
-0.05
0.1
-1.25
0.1
-0.1
0.1
0
0.1
0
0.1
0
-0.1
0.4
-0.1
0.4
0
0.3
0
0.3
0
0.3
0
0.3
-0.1
0.3
-0.45
0.3
-1.2
0.3
0
0.3
0
0.3
0
0.3
-0.05
0.3
-0.45
0.3
-0.45
0.3
-0.3
-0.3
-0.3
-1.425
-0.366667
-2.79167
-0.3
-1.225
-0.45
-0.725
-0.733333
-1.025
-0.4
-0.3
-0.5
-0.425
-0.5
-0.125
-0.4
-0.3
-0.3
-0.525
-0.3
-0.525
-0.0833333
0
-0.0833333
0
-0.0833333
-0.225
0.1
-0.025
0.1
-1.825
0.1
0
0.1
0
0.1
0
-0.1
0.583333
-0.1
0.583333
-0.1
0.583333
0
0.483333
0
0.483333
0
0.483333
0
0.483333
-0.1
0.483333
-0.45
0.483333
-1.2
0.483333
0
0.483333
0
0.483333
0
0.483333
-0.05
0.483333
-0.45
0.483333
-0.45
0.483333
-0.3
-0.266667
-0.45
-2.91667
-0.975
-1.64167
-0.55
-1.01667
-1.85
-0.116667
-0.45
-0.25
-0.7
-0.266667
-0.85
-0.116667
-0.7
-0.4
-0.7
-0.3
-0.45
-0.116667
-0.45
-0.466667
-0.3
-0.55
-0.3
-0.55
0.1
-0.0166667
0.1
-0.1
0.1
-2.5
0.1
-0.0166667
0.1
0
0.1
0
-0.1
0.6875
-0.1
0.6875
-0.1
0.6875
0
0.5875
0
0.5875
0
0.5875
0
0.5875
0
0.5875
-1.2
0.5875
-1.2
0.5875
0
0.5875
-0.05
0.5875
0
0.5875
-0.05
0.5875
-0.45
0.5875
-0.45
0.5875
-0.3
-0.25
-0.7
-1.1625
-0.7
-0.6625
-0.55
-0.9125
-1.775
-0.1375
-0.7
-1.8625
-0.7
-0.6625
-0.85
-0.1125
-0.7
-0.6625
-0.85
-0.3
-0.55
-0.7
-0.55
-0.6
-0.55
-2.2
-0.3
-1
0.1
-0.0125
0.1
-0.15
0.1
-0.0125
0.1
0
0.1
0
0.1
0
-0.1
0.75
-0.1
0.75
-0.1
0.75
0
0.65
0
0.65
0
0.65
0
0.65
-0.1
0.65
-1.2
0.65
-1.2
0.65
0
0.65
-0.05
0.65
0
0.65
-0.05
0.65
-0.45
0.65
-0.45
0.65
-0.3
-0.24
-1.3
-0.26
-1.65
-0.94
-0.55
-0.66
-2.65
-0.99
-2.65
-1.64
-0.55
-1.65
-0.7
-0.1
-0.55
-0.85
-0.85
-0.25
-0.55
-0.85
-0.55
-0.75
-0.55
-2.16
-0.55
-0.85
0.1
-0.1
0.1
-0.44
0.1
-0.16
0.1
-0.1
0.3
0
0.3
0
0.3
0
0.3
0
0.3
0
0.3
0
0.3
0
0.3
0
0.3
0
-2.45
0
0.05
-0.4
-0.025
-0.4
-1.825
-0.4
0.241667
-0.4
0.15
-0.4
0.241667
-0.4
0
-0.4
0.15
-0.4
0
-0.4
-0.125
-0.4
-0.525
-0.4
-0.025
-1.8
0
-0.4
-0.025
-0.4
0
-2.8
0
-1.8
0.241667
-0.4
0
0
0.3
0
0.3
-1.8
0.3
0
0.3
0
0.3
0
0.3
0
0.3
-2.8
0.3
0
0.3
0
0.3
0
0.3
0
0.3
0
0.3
0
0.4
-0.1
0.4
-0.1
0
0.1
0
0.1
-0.1
0.1
-0.4
0.1
-0.025
0.1
-1.825
0.1
-0.225
-0.0833333
-0.1
-0.0833333
-0.125
-0.0833333
-0.525
-0.3
-0.925
-0.3
-0.3
-0.4
-0.125
-2.1
-0.2
-3.35
-0.3
-0.4
-1.125
-0.75
-0.725
-2.1
-0.158333
-0.8
-0.125
-3.35
-0.125
-0.8
-0.225
-0.3
0.3
0
0.3
-0.95
0.3
-0.05
0.3
-1.25
0.3
0
0.3
-0.05
0.3
-2.5
0.3
-0.6
0.3
0
0.3
0
0.3
0
0.3
0
0.3
0
0
0.3
0
0.3
0
0.3
0
0.3
-0.1
0.3
0
0.3
-0.5
0.3
-0.725
0.175
-2.525
0.175
-3.125
0.175
0
0.175
-0.225
0.175
0
-0.05
-0.3
-0.3
-0.3
-0.6
-0.266667
-1.19167
-0.3
-0.3
-1.2
-0.325
-0.9
-0.725
-0.3
-0.3
-0.266667
-0.391667
-0.266667
-0.391667
-0.3
-0.3
-0.05
-0.025
0.175
-0.225
0.175
-0.2
0.175
0
0.175
-0.225
0.175
-0.4
0.3
-2.225
0.3
-0.125
0.3
0
0.3
0
0.3
0
0.3
0
-0.1
0.583333
0
0.483333
0
0.483333
0
0.483333
0
0.483333
-0.1
0.483333
-0.625
0.483333
-0.725
0.383333
-0.725
0.383333
-0.225
0.383333
-3.125
0.383333
0
0.383333
-0.225
0.383333
-0.025
0.383333
-0.3
-0.266667
-0.625
-0.166667
-1.275
-0.4
-0.9
-0.166667
-0.775
-0.266667
-0.725
-2.26667
-0.325
-2.26667
-0.625
-0.466667
-0.325
-1.01667
-0.475
-0.3
-0.05
-0.116667
-0.05
-0.55
-0.05
0
0.175
0
0.175
-0.0166667
0.175
-0.0666667
0.3
-0.966667
0.3
-0.15
0.3
0
0.3
0
0.3
0
0.3
0
-0.1
0.6875
0
0.5875
0
0.5875
0
0.5875
0
0.5875
0
0.5875
-0.4
0.5875
-0.725
0.4875
-0.725
0.4875
-2.525
0.4875
-3.125
0.4875
0
0.4875
-0.225
0.4875
-0.025
0.4875
-0.3
-0.25
-0.625
-0.95
-1.275
-0.6625
-0.9
-0.45
-1.975
-2.5625
-0.725
-2.2
-0.475
-2.7625
-0.325
-0.7
-0.7
-0.8
-0.625
-0.3
-0.325
-0.7
-0.05
-0.3125
-0.05
0
0.175
0
0.175
0
0.175
0
0.3
-0.1125
0.3
0
0.3
0
0.3
0
0.3
0
-0.1
0.75
-0.1
0.75
0
0.65
0
0.65
0
0.65
0
0.65
-0.1
0.65
-0.4
0.65
-0.725
0.55
-0.725
0.55
-0.225
0.55
-0.025
0.55
0
0.55
-0.225
0.55
-0.025
0.55
-0.3
-0.24
-0.625
-0.14
-1.275
-0.4
-0.391667
-0.206667
-0.775
-0.9
-0.9
-1.64
-0.325
-2.35
-0.7
-0.46
-0.325
-0.85
-0.625
-0.25
-0.325
-0.85
-0.325
-0.99
-0.05
-0.01
0.175
0
0.175
0
0.175
0
0.175
0
0.3
-0.04
0.483333
0
0.483333
0
0.483333
0
0.483333
0
0.483333
0
0.483333
0
0.483333
0
0.483333
0
0.483333
0
-2.31667
0
-0.4
-0.4
0.333333
-0.4
-0.15
-0.4
-0.766667
-0.4
-0.466667
-0.4
0.383333
-0.4
0.133333
-0.4
0.333333
-0.4
0
-0.4
-0.916667
-1
-2.16667
-0.4
0
-1.8
0.416667
-0.4
-2.16667
-0.4
0
-2.8
0.333333
-1.8
0
-0.4
0
0
0.483333
0
0.483333
0
0.483333
0
0.483333
0
0.483333
0
0.483333
0
0.483333
-2.8
0.483333
0
0.483333
0
0.483333
0
0.483333
0
0.483333
0
0.483333
0
0.583333
-0.1
0.583333
-0.1
0.583333
-0.1
0
0.1
-0.1
0.1
-0.4
0.1
-0.1
0.1
-0.15
0.1
-0.0166667
0.1
-0.916667
-0.3
-0.55
-0.3
-0.55
-0.45
0
-0.45
-0.3
-0.7
-0.166667
-2.1
-0.116667
-3.35
-0.116667
-0.85
-1.31667
-0.75
-0.25
-3.35
-0.141667
-1.775
-0.116667
-3.35
-0.233333
-1.01667
-0.216667
-0.3
0.483333
0
0.483333
-0.45
0.483333
-0.05
0.483333
-0.6
0.483333
-0.45
0.483333
-0.05
0.483333
0
0.483333
-1.1
0.483333
0
0.483333
0
0.483333
0
0.483333
0
0.483333
0
0.583333
-0.1
0
0.3
0
0.3
0
0.3
-0.1
0.3
0
0.3
0
0.3
-0.55
0.175
-0.0166667
0.175
-2.01667
0.175
0
-0.05
-0.55
-0.05
0
-0.05
-0.3
-0.475
-0.116667
-0.8
-0.4
-2.875
-0.233333
-1.89167
-1.01667
-0.725
-1.01667
-0.725
-0.166667
-0.625
-0.266667
-0.2
-0.233333
-0.391667
-0.266667
-0.3
0.383333
-0.4
0.383333
-1.6
0.383333
-0.2
0.383333
0
0.383333
0
0.383333
-0.4
0.383333
-0.025
0.483333
-0.025
0.483333
0
0.483333
0
0.483333
0
0.483333
0
0.483333
0
0
0.483333
0
0.483333
0
0.483333
0
0.483333
-0.1
0.483333
-0.4
0.483333
-1.86667
0.383333
-0.55
0.383333
-0.0166667
0.383333
-2.01667
0.383333
0
0.0833333
-0.55
0.0833333
0
0.0833333
-0.3
-0.4
-0.25
-1.06667
-0.566667
-0.4
-0.25
-1.01667
-1.01667
-0.666667
-0.25
-3.41667
-0.25
-1.31667
-0.55
-1.16667
-0.55
-0.666667
-0.4
-0.3
0.0833333
-0.116667
0.0833333
-0.466667
0.0833333
0
0.383333
-2.56667
0.383333
0
0.383333
-0.0666667
0.383333
-0.0666667
0.483333
-0.0666667
0.483333
0
0.483333
0
0.483333
0
0.483333
0
0.483333
0
0
0.5875
0
0.5875
0
0.5875
0
0.5875
0
0.5875
-0.4
0.5875
-1.86667
0.4875
-0.55
0.4875
0
0.4875
-2.01667
0.4875
0
0.4875
-0.55
0.15
0
0.15
-0.3
-0.3625
-0.25
-1
-0.4
-0.6625
-0.55
-0.3
-0.25
-0.7
-0.25
-2.4125
-0.4
-0.6625
-0.55
-0.3
-0.55
-0.3
-0.55
-0.3
-0.116667
-0.1125
-0.116667
-0.3
0.383333
0
0.383333
0
0.383333
0
0.383333
0
0.383333
0
0.483333
0
0.483333
0
0.483333
0
0.483333
0
0.483333
0
-0.1
0.75
0
0.65
0
0.65
0
0.65
0
0.65
-0.1
0.65
0
0.65
-1.86667
0.55
-0.55
0.55
-0.0166667
0.55
-2.01667
0.55
-0.0166667
0.55
-0.55
0.19
0
0.19
-0.3
-0.34
-0.516667
-0.85
-0.566667
-2.86
-0.25
-0.66
-1.2
-0.9
-1.16667
-2.35
-0.25
-0.66
-0.55
-0.26
-0.55
-0.26
-0.55
-0.25
-0.116667
-0.04
-0.116667
-2.75
-0.116667
0
0.383333
0
0.383333
0
0.383333
0
0.383333
0
0.483333
0
0.5875
0
0.5875
0
0.5875
0
0.5875
0
0.5875
0
0.5875
0
0.5875
0
0.5875
0
0.5875
0
-2.25
0
-0.4
-0.4
-0.25
-0.4
-0.35
-0.4
-0.0125
-0.4
-0.0125
-0.4
0.6875
-0.4
0.2875
-0.4
-0.4
-0.4
-0.25
-0.4
-0.25
-1
-0.0458333
-0.4
-0.0125
-1.8
-0.1125
-2.8
0.6875
-0.4
0
-1.8
0
-0.4
-0.1125
-0.4
0
0
0.5875
0
0.5875
-1.8
0.5875
0
0.5875
-1.8
0.5875
0
0.5875
-1.8
0.5875
0
0.5875
-1
0.5875
0
0.5875
0
0.5875
0
0.5875
0
0.5875
0
0.6875
-0.1
0.6875
-0.1
0.6875
-0.1
0
0.1
-0.1
0.1
-0.6
0.1
0
0.1
-0.05
0.1
-1.65
0.1
-1
-0.3
-0.6
-0.55
-0.6
-0.55
-0.7
-0.55
-0.3
-1.85
-0.45
-2.1
-0.1125
-3.35
-0.1125
-0.85
-0.6625
-0.7
-1.2125
-3.35
-0.1125
-2.65
-0.1125
-1.6
-0.1125
-2.8
-0.2125
-0.3
0.5875
0
0.5875
-0.95
0.5875
-0.05
0.5875
-0.95
0.5875
0
0.5875
-0.05
0.5875
-1.25
0.5875
0
0.5875
0
0.5875
0
0.5875
0
0.5875
0
0.5875
0
0.6875
-0.1
0
0.3
0
0.3
0
0.3
-0.1
0.3
-0.2
0.3
0
0.3
0
0.175
-0.3125
0.175
0
0.175
-0.05
-0.05
-0.3125
-0.05
0
-0.325
-0.3
-1.225
-0.3
-1.425
-0.7
-2.225
-0.3
-1.225
-0.6625
-0.475
-0.7
-0.725
-0.15
-1.7
-0.7
-0.325
-0.3625
-1.275
-0.25
-0.3
0.4875
-0.725
0.4875
-0.225
0.4875
-0.2
0.4875
0
0.4875
-0.025
0.4875
-0.725
0.4875
-0.2
0.5875
-0.225
0.5875
0
0.5875
0
0.5875
0
0.5875
0
0.5875
0
0
0.483333
0
0.483333
0
0.483333
0
0.483333
-0.1
0.483333
-0.6
0.483333
0
0.383333
0
0.383333
-0.3125
0.383333
0
0.383333
0
0.383333
-0.3
-0.116667
0
-0.116667
-0.3
-1.01667
-0.3
-1.31667
-0.6625
-2.26667
-0.3
-1.01667
-0.6625
-0.4
-0.2125
-1.01667
-0.7
-0.25
-0.7
-0.55
-0.2125
-1.01667
-0.3625
-0.3
0.15
-0.116667
0.15
-0.466667
0.4875
-0.0166667
0.4875
-0.0166667
0.4875
-0.116667
0.4875
-0.1
0.4875
-2.65
0.5875
-0.0666667
0.5875
0
0.5875
0
0.5875
0
0.5875
0
0.5875
0
0
0.5875
0
0.5875
0
0.5875
0
0.5875
0
0.5875
-0.1125
0.5875
0
0.4875
0
0.4875
0
0.4875
0
0.4875
0
0.4875
-0.3
-0.0125
0
-0.0125
-0.3
-0.9125
-0.3
-1.2125
-0.6625
-1.4625
-0.3
-0.9125
-0.6625
-0.6625
-0.1625
-1.8625
-0.3625
-2.7625
-0.7
-0.2125
-0.5
-0.8
-0.5125
-0.3
-0.0125
-0.1125
-0.0125
-0.3
0.4875
0
0.4875
-0.1
0.4875
0
0.4875
-0.5125
0.4875
0
0.5875
0
0.5875
0
0.5875
0
0.5875
0
0.5875
0
0.5875
0
0
0.65
0
0.65
0
0.65
0
0.65
-0.1
0.65
-0.6
0.65
0
0.55
0
0.55
-0.3125
0.55
0
0.55
0
0.55
-0.3
0.05
0
0.05
-0.3
-0.85
-0.3
-0.85
-0.6625
-0.9
-0.3
-1.65
-0.6625
-0.34
-0.3
-0.85
-0.5
-1.26
-0.7
-0.35
-0.2125
-0.85
-0.5125
-0.25
-0.0125
-0.04
-0.0125
0
-0.0125
0
0.4875
-0.1
0.4875
-0.01
0.4875
-0.35
0.4875
0
0.5875
0
0.65
0
0.65
0
0.65
0
0.65
0
0.65
0
0.65
0
0.65
0
0.65
0
0.65
0
-2.12333
0
-0.49
-0.4
-0.24
-0.4
-0.0233333
-0.4
0.49
-0.4
0.54
-0.4
0.54
-0.4
0.35
-0.4
0.54
-0.4
0.49
-0.4
-0.75
-1
-0.11
-0.4
0.36
-1.8
-1.46
-4
-0.11
-0.4
0.29
-4
-0.24
-0.4
0
-0.4
0
0
0.65
0
0.65
-1.8
0.65
0
0.65
0
0.65
0
0.65
-2.8
0.65
-2.8
0.65
0
0.65
0
0.65
0
0.65
0
0.65
0
0.65
0
0.75
-0.1
0.75
-0.1
0.75
-0.1
0
0.1
-0.1
0.1
-0.4
0.1
-0.04
0.1
-0.4
0.1
-0.4
0.1
-0.85
-0.55
-0.85
-0.55
-0.56
-0.55
-0.85
-0.55
-0.25
-1.3
-0.85
-0.9
-0.26
-3.7
-0.206667
-1.01667
-2.75
-3.35
-0.206667
-3.41667
-0.11
-3.35
-0.206667
-1.31667
-0.14
-1.3
-0.21
-0.3
0.65
-0.95
0.65
-0.95
0.65
-0.05
0.65
-0.6
0.65
-0.45
0.65
0
0.65
-2.5
0.65
0
0.65
0
0.65
0
0.65
0
0.65
0
0.65
0
0.75
-0.1
0.75
-0.1
0
0.3
0
0.3
-0.1
0.3
-0.4
0.3
0
0.175
0
0.175
0
0.175
0
0.175
-0.16
-0.05
-2.75
-0.325
0
-0.325
-0.25
-0.9
-0.26
-1.425
-0.206667
-2.79167
-0.206667
-0.391667
-0.85
-0.325
-0.206667
-2.79167
-0.206667
-0.391667
-0.206667
-0.391667
-0.206667
-0.391667
-0.24
-0.3
0.55
-0.4
0.55
-1.6
0.55
-0.2
0.55
0
0.55
-0.2
0.55
-1.025
0.55
-0.025
0.65
-0.625
0.65
0
0.65
0
0.65
0
0.65
0
0.65
0
0.75
-0.1
0
0.483333
0
0.483333
0
0.483333
-0.1
0.483333
-0.4
0.483333
0
0.383333
0
0.383333
0
0.383333
0
0.383333
0
-0.116667
-2.75
-0.116667
0
-0.116667
-0.25
-0.766667
-0.26
-1.31667
-1.14
-0.4
-0.46
-1.36667
-0.85
-0.25
-0.35
-3.41667
-0.34
-1.76667
-0.66
-0.25
-0.34
-0.266667
-0.34
-0.3
0.19
-0.116667
0.19
-0.55
0.55
-0.0166667
0.55
-2.56667
0.55
0
0.55
-0.0666667
0.55
-0.0666667
0.65
-0.0666667
0.65
0
0.65
0
0.65
0
0.65
0
0.65
0
0
0.5875
0
0.5875
0
0.5875
0
0.5875
0
0.5875
-0.01
0.5875
0
0.4875
0
0.4875
0
0.4875
0
0.4875
0
-0.0125
-2.75
-0.0125
0
-0.0125
-0.25
-0.7
-0.26
-1.2125
-0.34
-0.6625
-0.46
-0.8
-1.14
-2.5625
-0.46
-1.3
-0.34
-0.6625
-0.34
-0.6625
-0.34
-0.9625
-0.49
-0.3
0.05
-0.1125
0.05
-0.3
0.55
0
0.55
0
0.55
0
0.55
0
0.55
0
0.65
0
0.65
0
0.65
0
0.65
0
0.65
0
0.65
0
0
0.65
0
0.65
0
0.65
0
0.65
-0.1
0.65
-0.4
0.65
0
0.55
0
0.55
0
0.55
0
0.55
0
0.05
-2.75
0.05
0
0.05
-0.25
-0.66
-0.49
-0.85
-1.14
-0.4
-0.85
-0.35
-0.85
-0.99
-0.34
-1.14
-0.34
-2.74
-0.46
-0.46
-0.19
-0.85
-0.49
-0.25
0.05
-0.04
0.05
0
0.05
0
0.55
0
0.55
0
0.55
0
0.55
0
0.65
0
