0
-1
0
0
0
0
0
0
0
0
0
0
0
0
0
0
0
0
-4
0
-1
0
-0.4
0
-0.4
0
-0.4
0
-0.4
0
-0.4
0
0
0
-0.4
0
-0.4
0
0
-1.8
0
-1.8
-2.8
0
-0.4
0
0
0
-0.4
-2.8
-0.4
-0.4
0
0
0
-0.4
0
-0.4
0
0
0
-0.4
0
-0.4
0
0
0
-0.4
0
-0.4
0
0
0
-0.3
0
0.1
0
0.1
0
0.1
0
0.1
0
0.1
0
0.1
0
0.1
0
0.1
-0.4
0.1
-1
0.1
-0.4
0.1
-1
0.1
-0.4
0.1
-0.4
0.1
-0.4
0.1
0
0.1
-0.4
0.1
-0.4
0
-0.4
-0.15
-0.4
-0.15
-0.4
-1.75
-0.4
-0.7
-0.4
-0.15
-0.4
-0.05
-0.4
-0.15
-0.4
-0.15
-0.4
-0.2
-0.4
-1.65
-0.4
-0.2
-0.4
-0.15
-0.4
-0.5
-0.4
-0.2
-0.4
-0.15
-0.4
-0.5
-0.4
-0.15
0
0.15
0
0.3
0
0.3
0
0.3
0
0.3
0
0.3
0
0.3
0
0.3
0
0.3
-0.4
0.3
-1
0.3
-0.4
0.3
-1
0.3
-0.4
0.3
-0.4
0.3
-0.4
0.3
0
0.3
-0.4
0.3
-0.4
0
-0.4
0.275
-0.4
0
-0.4
-1.125
-0.4
0.4
-0.4
-0.925
-0.4
0.241667
-0.4
0
-0.4
0
-0.4
0
-0.4
0
-0.4
-2.025
-0.4
0.341667
-0.4
0
-0.4
0
-0.4
-0.025
-0.4
0
-0.4
0
0
0.183333
0
0.483333
0
0.483333
0
0.483333
0
0.483333
0
0.483333
0
0.483333
0
0.483333
0
0.483333
-0.4
0.483333
-1
0.483333
0
0.483333
-1
0.483333
-0.4
0.483333
-0.4
0.483333
-0.4
0.483333
0
0.483333
-0.4
0.483333
-0.4
0
-1
-0.15
-0.4
0
-0.4
-0.116667
-0.4
-0.0166667
-0.4
0
-0.4
-0.116667
-0.4
-0.116667
-0.4
-0.0666667
-0.4
0.183333
-0.4
0.383333
-0.4
-0.116667
-0.4
-0.116667
-0.4
-0.116667
-0.4
0.383333
-0.4
-0.116667
-0.4
-0.116667
-0.4
0.183333
0
0.2875
0
0.5875
0
0.5875
0
0.5875
0
0.5875
0
0.5875
0
0.5875
0
0.5875
0
0.5875
-0.4
0.5875
-1
0.5875
-0.4
0.5875
-1
0.5875
-0.4
0.5875
-0.4
0.5875
-0.4
0.5875
0
0.5875
-0.4
0.5875
-0.4
0
-0.4
-1.5
-0.4
-0.0125
-0.4
-0.0125
-0.4
-0.0125
-0.4
-0.0125
-0.4
0.354167
-0.4
-0.0125
-1
0.354167
-0.4
0.6
-0.4
-0.0125
-0.4
-0.0125
-0.4
-0.0125
-0.4
0.6
-0.4
0.354167
-0.4
-0.0125
-0.4
-0.0125
-0.4
0.45
0
0.35
0
0.65
0
0.65
0
0.65
0
0.65
0
0.65
0
0.65
0
0.65
0
0.65
-0.4
0.65
0
0.65
-0.4
0.65
-1
0.65
-0.4
0.65
-0.4
0.65
-0.4
0.65
0
0.65
-0.4
0.65
-0.4
0
-0.4
0
-0.4
-0.96
-0.4
0.05
-0.4
0.36
-0.4
-0.96
-0.4
0
-0.4
0.376667
-1
0.36
-0.4
0.39
-0.4
0.39
-0.4
0.05
-0.4
0.36
-0.4
0.39
-0.4
-0.96
-0.4
0.376667
-0.4
0.05
-0.4
0.376667
0.1
0
0.1
0
0.1
0
0.1
0
0.1
0
0.1
0
0.1
0
0.1
0
0.1
0
-1.6
0
0.2
-0.4
-1.75
-0.4
-1.6
-0.4
-0.2
-0.4
-0.5
-0.4
-0.15
-0.4
-0.2
-0.4
-0.7
-0.4
-0.2
-0.4
-0.15
-1.8
0
-0.4
-0.05
-0.4
-0.4
-1
-0.4
-1
-0.15
-2.8
-0.15
-0.4
0
-0.4
0
-0.4
0.1
-0.4
0.1
-2.8
0.1
0
0.1
-0.4
0.1
0
0.1
-1
0.1
-0.4
0.1
-0.4
0.1
0
0.1
0
0.1
0
0.1
0
0.1
0
0
0.1
0
0.1
0
0.1
0
0.1
-0.1
0.1
-0.4
0.1
-1.25
0.1
-1.25
0.1
0
0.1
-1.25
0.1
-1.25
0.1
-1.25
0.1
-1.35
0.1
-0.4
-0.15
-0.5
-0.15
-0.175
-0.975
-0.183333
-1.3
-0.4
-0.6
-0.9
-1.3
-0.7
-3.1
-0.15
-0.85
-0.85
-0.6
-0.15
-0.4
0.1
-1.35
0.1
-1.35
0.1
-0.05
0.1
-1.25
0.1
-0.1
0.1
0
0.1
-1.25
0.1
-1.25
0.1
0
0.1
0
0.1
0
-0.1
0.4
-0.1
0.4
0
0.3
0
0.3
0
0.3
0
0.3
-0.1
0.3
-0.4
0.3
-1.25
0.3
-1.25
0.3
0
0.3
0
0.3
-1.25
0.3
-1.25
0.3
-1.35
0.3
-0.4
-0.125
-0.5
-0.125
-0.4
-0.6
-0.9
-1.8
-0.4
-0.6
-0.675
-1.075
-1.95
-2.225
-0.4
-0.6
-0.675
-0.275
-0.5
-0.4
-0.3
-1.425
-0.3
-0.8
-0.0833333
0
-0.0833333
-1.3
-0.0833333
-0.125
0.1
-0.925
0.1
0
0.1
0
0.1
0
0.1
0
-0.1
0.583333
-0.1
0.583333
-0.1
0.583333
0
0.483333
0
0.483333
0
0.483333
0
0.483333
-0.1
0.483333
-0.4
0.483333
0
0.483333
-1.25
0.483333
0
0.483333
-1.25
0.483333
-1.25
0.483333
-1.25
0.483333
-1.35
0.483333
-0.4
-0.116667
-0.55
-1.06667
-2.15
-1.56667
-0.85
-0.116667
-0.7
-0.7
-0.85
-0.116667
-0.85
-0.116667
-0.7
-0.4
-1.1
-1.36667
-0.85
-0.116667
-0.45
-0.116667
-0.45
-0.116667
-0.3
-0.45
-0.3
-0.916667
0.1
-0.366667
0.1
-2.5
0.1
-0.366667
0.1
-0.116667
0.1
0
0.1
0
-0.1
0.6875
-0.1
0.6875
-0.1
0.6875
0
0.5875
0
0.5875
0
0.5875
0
0.5875
-0.1
0.5875
-0.4
0.5875
0
0.5875
0
0.5875
0
0.5875
-1.25
0.5875
-1.25
0.5875
-1.25
0.5875
-1.35
0.5875
-0.4
-0.1125
-0.7
-0.6625
-1.75
-0.7125
-0.85
-0.1125
-0.55
-0.7
-0.55
-0.9125
-0.7
-0.3625
-0.7
-1.8625
-0.85
-0.6
-0.55
-0.6
-0.55
-1
-0.55
-0.7
-0.55
-0.7
-0.3
-0.6
0.1
-0.3
0.1
-0.2
0.1
0
0.1
0
0.1
0
0.1
0
-0.1
0.75
-0.1
0.75
-0.1
0.75
0
0.65
0
0.65
0
0.65
0
0.65
-0.1
0.65
-0.4
0.65
0
0.65
-1.25
0.65
0
0.65
-1.25
0.65
-1.25
0.65
-1.25
0.65
-1.35
0.65
-0.4
-0.11
-0.55
-1.46
-0.7
-0.34
-0.7
-0.34
-0.55
-0.85
-0.55
-0.85
-1.01667
-1.70667
-0.85
-0.44
-0.85
-0.56
-0.55
-0.56
-0.55
-0.96
-0.55
-0.56
-0.55
-0.56
-0.55
-0.56
0.1
0
0.1
0
0.1
-0.01
0.1
-1.06
0.3
0
0.3
0
0.3
0
0.3
0
0.3
0
0.3
0
0.3
0
0.3
0
0.3
0
-1.6
0
-0.0583333
-0.4
-0.925
-0.4
-0.8
-0.4
0
-0.4
0
-0.4
0
-0.4
-1.825
-0.4
0
-0.4
0
-0.4
0
-0.4
-1.825
-1.8
-0.025
-0.4
0
-1
-2.15833
-2.8
0
-2.8
0
-0.4
0
-0.4
0
-0.4
0.3
-0.4
0.3
-2.8
0.3
-2.8
0.3
-0.4
0.3
0
0.3
0
0.3
-0.4
0.3
-0.4
0.3
0
0.3
0
0.3
0
0.3
0
0.3
0
0.4
-0.1
0.4
-0.1
0
0.1
0
0.1
-0.1
0.1
-0.4
0.1
-0.925
0.1
-0.4
0.1
-1.3
-0.0833333
-1.3
-0.0833333
-1.3
-0.0833333
-0.8
-0.3
-0.9
-0.3
-0.6
-1.1
-0.275
-0.975
-0.125
-1.3
-1.425
-0.6
-0.475
-0.7
-0.158333
-1.3
-1.275
-3.1
-0.158333
-0.8
-0.9
-0.6
-0.125
-0.4
0.3
-1.35
0.3
-1.25
0.3
-0.05
0.3
-1.25
0.3
-0.1
0.3
0
0.3
-0.05
0.3
-0.6
0.3
0
0.3
0
0.3
0
0.3
0
0.3
0
0
0.3
0
0.3
0
0.3
0
0.3
-0.1
0.3
-0.4
0.3
-0.425
0.3
0
0.175
-0.125
0.175
-1.7
0.175
-1.7
0.175
0
0.175
-0.4
-0.05
-0.6
-0.7
-0.475
-1.275
-0.266667
-0.391667
-1.76667
-2.79167
-0.2
-1.2
-0.9
-1
-0.2
-1.525
-0.266667
-1.19167
-0.475
-0.475
-0.4
-0.4
-0.05
-0.4
0.175
0
0.175
-0.625
0.175
-0.425
0.175
0
0.175
-0.225
0.3
-0.425
0.3
0
0.3
0
0.3
0
0.3
0
0.3
0
-0.1
0.583333
0
0.483333
0
0.483333
0
0.483333
0
0.483333
-0.1
0.483333
-0.4
0.483333
-1.6
0.383333
0
0.383333
-0.125
0.383333
-1.7
0.383333
-1.7
0.383333
0
0.383333
-1.6
0.383333
-0.6
-0.566667
-0.475
-0.566667
-0.475
-0.4
-0.475
-0.4
-0.475
-0.7
-0.825
-0.316667
-0.475
-0.4
-0.7
-0.566667
-0.7
-1.36667
-0.625
-0.116667
-0.05
-0.116667
-0.05
-0.116667
-0.05
-0.416667
0.175
-0.516667
0.175
0
0.175
-0.0666667
0.3
-0.15
0.3
0
0.3
0
0.3
0
0.3
0
0.3
0
-0.1
0.6875
0
0.5875
0
0.5875
0
0.5875
0
0.5875
-0.1
0.5875
-0.4
0.5875
0
0.4875
0
0.4875
-0.125
0.4875
-1.7
0.4875
-1.7
0.4875
0
0.4875
-1.6
0.4875
-0.6
-0.5
-0.475
-0.6625
-0.475
-0.3625
-1.425
-0.6
-0.325
-0.7
-0.325
-0.9125
-0.475
-0.3625
-0.7
-0.8
-0.9
-0.6
-0.325
-0.6
-0.325
-0.7
-0.05
0
-0.05
0
0.175
-0.3125
0.175
0
0.175
0
0.3
-0.1125
0.3
0
0.3
0
0.3
0
0.3
0
-0.1
0.75
-0.1
0.75
0
0.65
0
0.65
0
0.65
0
0.65
-0.1
0.65
-0.4
0.65
0
0.55
0
0.55
-0.125
0.55
-1.7
0.55
-1.7
0.55
0
0.55
-1.6
0.55
-0.6
-0.46
-0.475
-0.34
-0.475
-0.34
-1.425
-0.44
-0.325
-0.85
-0.9
-1.15
-0.475
-0.34
-0.625
-0.44
-0.9
-0.56
-0.325
-0.56
-0.325
-0.35
-0.325
-0.56
-0.05
-0.01
0.175
-0.1
0.175
-0.11
0.175
0
0.175
-0.41
0.3
0
0.483333
0
0.483333
0
0.483333
0
0.483333
0
0.483333
0
0.483333
0
0.483333
0
0.483333
0
0.483333
0
-1.6
0
0.183333
-0.4
-0.116667
-0.4
-0.116667
-0.4
0.383333
-0.4
-0.116667
-0.4
0.383333
-0.4
-0.116667
-0.4
-0.116667
-0.4
0.183333
-0.4
0.383333
-1.8
0
-0.4
-0.116667
-0.4
-0.116667
-1
-0.0666667
-0.4
0
-4
0
-0.4
-0.116667
-0.4
0
-0.4
0.483333
-0.4
0.483333
0
0.483333
-2.8
0.483333
-0.4
0.483333
0
0.483333
0
0.483333
0
0.483333
-0.4
0.483333
0
0.483333
0
0.483333
0
0.483333
0
0.483333
0
0.583333
-0.1
0.583333
-0.1
0.583333
-0.1
0
0.1
-0.1
0.1
-0.416667
0.1
-0.366667
0.1
0
0.1
-0.366667
0.1
-2.95
-0.3
-0.55
-0.3
-0.116667
-0.45
0
-0.45
-0.116667
-0.85
-0.141667
-1.275
-0.116667
-1.3
-0.416667
-1.85
-0.166667
-0.85
-0.416667
-1.3
-0.116667
-1.85
-0.116667
-0.85
-0.566667
-0.6
-0.116667
-0.4
0.483333
-1.25
0.483333
-1.35
0.483333
-0.05
0.483333
-1.25
0.483333
-0.1
0.483333
0
0.483333
-0.05
0.483333
0
0.483333
0
0.483333
0
0.483333
0
0.483333
0
0.483333
0
0.583333
-0.1
0
0.3
0
0.3
0
0.3
-0.1
0.3
-0.416667
0.3
-1.16667
0.3
-0.0166667
0.175
-0.0166667
0.175
-0.516667
0.175
-0.0166667
-0.05
-0.116667
-0.05
-0.116667
-0.05
-0.116667
-0.625
-0.166667
-1.7
-0.233333
-0.391667
-0.416667
-0.8
-0.166667
-0.625
-0.416667
-1.3
-0.233333
-0.391667
-0.4
-1.275
-0.141667
-0.275
-0.366667
-0.4
0.383333
0
0.383333
-1.6
0.383333
-0.625
0.383333
-0.425
0.383333
0
0.383333
-0.225
0.383333
-0.1
0.483333
0
0.483333
0
0.483333
0
0.483333
0
0.483333
0
0.483333
0
0
0.483333
0
0.483333
0
0.483333
0
0.483333
-0.1
0.483333
-0.416667
0.483333
-0.516667
0.383333
-0.0166667
0.383333
-0.0166667
0.383333
-0.516667
0.383333
-0.0166667
0.0833333
-0.116667
0.0833333
-0.116667
0.0833333
-0.116667
-0.55
-0.55
-0.666667
-1.75
-1.56667
-0.25
-1.56667
-0.4
-0.7
-0.4
-0.4
-0.4
-0.566667
-0.4
-0.4
-0.566667
-1.36667
-0.55
-0.116667
0.0833333
-0.0666667
0.0833333
-0.116667
0.0833333
-0.416667
0.383333
-0.516667
0.383333
-0.0666667
0.383333
-0.0666667
0.383333
-0.516667
0.483333
-0.0666667
0.483333
0
0.483333
0
0.483333
0
0.483333
0
0.483333
0
0
0.5875
0
0.5875
0
0.5875
0
0.5875
-0.1
0.5875
-0.4
0.5875
-0.15
0.4875
-0.0166667
0.4875
-0.0166667
0.4875
-0.516667
0.4875
0
0.4875
-0.116667
0.15
-0.116667
0.15
-0.116667
-0.5125
-0.4
-0.6625
-0.4
-0.3625
-0.416667
-0.6
-0.4
-0.1625
-0.4
-0.9625
-0.4
-0.3625
-0.566667
-0.8
-0.116667
-0.6
-0.25
-0.6
-0.116667
0
-0.116667
-0.9
0.383333
-0.45
0.383333
-0.3125
0.383333
0
0.383333
0
0.383333
-0.1125
0.483333
0
0.483333
0
0.483333
0
0.483333
0
0.483333
0
-0.1
0.75
0
0.65
0
0.65
0
0.65
0
0.65
-0.1
0.65
-0.416667
0.65
-0.516667
0.55
-0.0166667
0.55
-0.0166667
0.55
-0.15
0.55
-0.15
0.55
-0.116667
0.19
-0.116667
0.19
-0.116667
-0.49
-0.55
-1.06
-0.4
-0.34
-0.416667
-0.56
-0.4
-0.64
-0.4
-0.34
-1.01667
-1.85
-0.4
-0.4
-0.85
-0.56
-0.25
-0.56
-0.116667
-0.35
-0.116667
-0.44
-0.116667
-0.44
0.383333
-0.1
0.383333
-0.11
0.383333
0
0.383333
-0.41
0.483333
0
0.5875
0
0.5875
0
0.5875
0
0.5875
0
0.5875
0
0.5875
0
0.5875
0
0.5875
0
0.5875
0
-1.6
0
0.2875
-0.4
-0.0125
-0.4
-0.1125
-0.4
0.354167
-0.4
-1.8
-0.4
-0.95
-0.4
-0.0125
-0.4
-0.0125
-0.4
0.6
-0.4
-0.4125
-1
-0.0125
-0.4
0.354167
-0.4
-0.0125
-1
0.6
-1
0.0541667
-4
-0.0125
-0.4
0
-2.8
0
-0.4
0.5875
-0.4
0.5875
-2.8
0.5875
0
0.5875
-0.4
0.5875
0
0.5875
0
0.5875
0
0.5875
-0.4
0.5875
0
0.5875
0
0.5875
0
0.5875
0
0.5875
0
0.6875
-0.1
0.6875
-0.1
0.6875
-0.1
0
0.1
-0.1
0.1
-0.4
0.1
-0.1125
0.1
-0.1125
0.1
0
0.1
-0.4125
-0.3
-0.6
-0.55
-0.7
-0.55
-0.6
-0.55
-0.116667
-1.01667
-0.7
-0.55
-0.5125
-1.45
-0.1125
-2.15
-0.3625
-0.7
-0.7125
-1.3
-0.7
-2.15
-0.1125
-1.85
-0.7
-3.75
-0.1125
-0.4
0.5875
-1.25
0.5875
-1.35
0.5875
-0.05
0.5875
-1.25
0.5875
-0.1
0.5875
0
0.5875
-0.05
0.5875
0
0.5875
0
0.5875
0
0.5875
0
0.5875
0
0.5875
0
0.6875
-0.1
0
0.3
0
0.3
0
0.3
-0.1
0.3
-0.4125
0.3
-0.1125
0.3
0
0.175
-0.1
0.175
-0.1
0.175
0
-0.05
0
-0.05
-0.4
-0.325
-0.116667
-0.391667
-0.15
-1.7
-0.15
-0.925
-0.3625
-0.475
-0.3625
-1.275
-0.5125
-1.325
-0.6625
-1.275
-0.15
-0.9
-0.3625
-0.475
-0.35
-0.4
0.4875
-1.6
0.4875
0
0.4875
-0.625
0.4875
-0.425
0.4875
0
0.4875
-0.225
0.4875
-0.225
0.5875
0
0.5875
0
0.5875
0
0.5875
0
0.5875
0
0.5875
0
0
0.483333
0
0.483333
0
0.483333
0
0.483333
-0.1
0.483333
-0.4
0.483333
-2.55
0.383333
0
0.383333
-0.1
0.383333
-0.1
0.383333
-0.05
0.383333
-0.9
-0.116667
-0.4
-0.116667
-0.116667
-0.183333
-0.7
-0.25
-0.3625
-0.4
-0.3625
-0.4
-0.3625
-1.2
-0.5125
-1.11667
-0.3625
-0.4
-0.3625
-0.4
-0.5
-1.36667
-0.5125
-0.116667
0.15
-0.116667
0.15
-0.116667
0.4875
-0.166667
0.4875
-0.516667
0.4875
-0.466667
0.4875
-0.0666667
0.4875
-0.516667
0.5875
-0.0666667
0.5875
0
0.5875
0
0.5875
0
0.5875
0
0.5875
0
0
0.5875
0
0.5875
0
0.5875
0
0.5875
-0.1
0.5875
-0.4
0.5875
-2.55
0.4875
0
0.4875
-0.1
0.4875
-0.1
0.4875
0
0.4875
-0.9
-0.0125
-0.4
-0.0125
-0.116667
-0.0791667
-0.5
-2
-0.3625
-0.3625
-0.2125
-0.7
-0.3625
-0.1625
-0.2125
-0.9125
-0.6625
-0.6625
-0.7
-0.7125
-1.2125
-0.6
-0.2125
-0.6
-0.0125
0
-0.0125
-0.9
0.4875
-0.45
0.4875
-0.3125
0.4875
0
0.4875
-1.6
0.4875
-0.1125
0.5875
0
0.5875
0
0.5875
0
0.5875
0
0.5875
0
0.5875
0
0
0.65
0
0.65
0
0.65
0
0.65
-0.1
0.65
-0.4
0.65
-2.55
0.55
0
0.55
-0.1
0.55
-0.1
0.55
-0.05
0.55
-0.9
0.05
-0.4
0.05
-0.116667
-0.0166667
-0.7
-0.35
-0.5125
-0.15
-0.3625
-0.64
-0.3625
-0.64
-0.2125
-0.85
-0.7
-1.85
-0.3625
-0.4
-1.2125
-0.56
-0.2125
-0.56
-0.0125
-0.35
-0.0125
-0.44
-0.0125
-0.44
0.4875
-0.11
0.4875
-0.11
0.4875
-1.6
0.4875
-0.16
0.5875
0
0.65
0
0.65
0
0.65
0
0.65
0
0.65
0
0.65
0
0.65
0
0.65
0
0.65
0
-1.6
0
-0.11
-0.4
-0.75
-0.4
-0.11
-0.4
-0.01
-0.4
0.39
-0.4
-0.11
-0.4
0.05
-0.4
-0.15
-0.4
0.39
-0.4
0.39
-1
0.36
-0.4
0
-0.4
-0.11
-1
0.36
-1
-0.24
-4
-0.11
-0.4
0
-0.4
0
-0.4
0.65
-0.4
0.65
-2.8
0.65
0
0.65
-0.4
0.65
0
0.65
-2.8
0.65
0
0.65
-0.4
0.65
0
0.65
0
0.65
0
0.65
0
0.65
0
0.75
-0.1
0.75
-0.1
0.75
-0.1
0
0.1
-0.1
0.1
-0.41
0.1
0
0.1
0
0.1
0
0.1
-3.06
-0.55
-0.56
-0.55
-0.56
-0.55
-0.56
-0.55
-0.56
-0.55
-0.135
-0.975
-0.135
-0.975
-0.11
-2.15
-0.206667
-1.01667
-0.11
-0.85
-1.76
-1.85
-0.206667
-2.51667
-0.11
-0.85
-0.11
-0.4
0.65
-1.25
0.65
-1.25
0.65
-0.05
0.65
-1.25
0.65
-0.1
0.65
0
0.65
-0.05
0.65
0
0.65
0
0.65
0
0.65
0
0.65
0
0.65
0
0.75
-0.1
0.75
-0.1
0
0.3
0
0.3
-0.1
0.3
-0.41
0.3
-1.64
0.175
0
0.175
0
0.175
-0.1
0.175
-0.25
-0.05
-0.44
-0.325
-0.56
-0.325
-0.56
-0.325
-0.6
-0.975
-0.44
-0.925
-0.206667
-1.19167
-0.66
-1.125
-0.95
-1.325
-0.206667
-1.89167
-0.26
-0.9
-1.14
-0.475
-0.34
-0.4
0.55
0
0.55
-1.6
0.55
-0.725
0.55
-0.425
0.55
0
0.55
-0.225
0.55
-0.225
0.65
0
0.65
0
0.65
0
0.65
0
0.65
0
0.65
0
0.75
-0.1
0
0.483333
0
0.483333
0
0.483333
-0.1
0.483333
-0.41
0.483333
-1.64
0.383333
0
0.383333
0
0.383333
-0.1
0.383333
-0.4
-0.116667
-0.44
-0.116667
-0.4
-0.116667
-0.56
-0.25
-0.34
-0.566667
-0.34
-0.4
-0.34
-0.4
-0.85
-0.55
-0.95
-1.11667
-0.34
-0.4
-0.34
-0.4
-0.46
-1.36667
-0.49
-0.116667
0.19
-0.116667
0.19
-0.116667
0.55
-0.516667
0.55
-0.516667
0.55
0
0.55
-0.0666667
0.55
-0.0166667
0.65
-0.0666667
0.65
0
0.65
0
0.65
0
0.65
0
0.65
0
0
0.5875
0
0.5875
0
0.5875
0
0.5875
-0.1
0.5875
-0.41
0.5875
-1.64
0.4875
0
0.4875
0
0.4875
-0.1
0.4875
-0.4
-0.0125
-0.44
-0.0125
-0.4
-0.0125
-0.56
-0.2125
-0.34
-0.6625
-0.34
-0.3625
-0.9
-2.7625
-0.9
-0.6625
-0.34
-0.1625
-0.34
-0.1625
-0.15
-0.5125
-0.15
-0.5125
-0.19
-0.6
0.05
-1.2125
0.05
-0.9
0.55
-0.45
0.55
-0.3125
0.55
0
0.55
0
0.55
-0.1125
0.65
0
0.65
0
0.65
0
0.65
0
0.65
0
0.65
0
0
0.65
0
0.65
0
0.65
0
0.65
-0.1
0.65
-0.41
0.65
0
0.55
0
0.55
0
0.55
-0.1
0.55
-0.4
0.05
-0.44
0.05
-0.4
0.05
-0.56
-0.19
-0.35
-0.85
-0.34
-0.34
-0.34
-0.34
-0.66
-0.35
-0.34
-1.14
-3.06
-1.85
-0.34
-0.4
-0.85
-0.56
-0.19
-0.56
0.05
-0.35
0.05
-0.44
0.05
-0.44
0.55
-0.1
0.55
-0.11
0.55
0
0.55
-0.11
0.65
0
