-29.03
-30.035
-29.03
-30.035
-29.03
-30.035
-29.03
-30.035
-29.02
-30.035
-30.035
-29.02
-30.035
-29.03
-30.035
-29.03
-30.035
-29.03
-30.035
-29.03
-30.035
-29.03
-30.035
-29.44
-30.035
-29.44
-30.035
-29.44
-30.035
-29.44
-30.085
-30.2
-30.085
-30.2
-30.085
-30.2
-30.035
-30.075
-30.035
-30.185
-30.055
-30.055
-30.035
-30.325
-30.055
-30.055
-30.06
-30.06
-30.055
-30.055
-30.035
-30.25
-30.055
-30.055
-30.075
-30.035
-30.2
-30.085
-30.2
-30.085
-30.2
-30.085
-29.44
-30.035
-29.44
-30.035
-29.44
-30.035
-29.44
-30.035
-29.03
-30.035
-29.03
-0.005
-29.03
-0.005
-29.03
-0.005
-29.03
-0.005
-29.02
-0.005
-28.855
-0.125
-28.855
-0.125
-28.855
-0.125
-28.855
-0.125
-28.865
-0.125
-28.865
-0.125
-29.06
-0.18
-29.4017
-0.331667
-29.4017
-0.331667
-30.085
-0.925
-30.085
-0.925
-30.085
-0.925
-30.085
-0.925
-30.035
-0.845
-30.035
-0.86
-30.035
-0.885
-30.035
-0.845
-30.035
-0.845
-30.06
-1.32
-30.035
-0.845
-30.035
-0.845
-30.135
-0.885
-30.0483
-0.605
-29.03
-0.005
-29.03
-0.005
-29.03
-0.005
-29.03
-0.005
-29.03
-0.005
-29.03
-0.005
-29.03
-0.005
-29.03
-0.005
-29.03
-0.005
-29.03
-0.005
-29.03
-0.005
-29.03
-0.005
-29.02
-0.005
-28.855
-0.125
-28.855
-0.125
-28.855
-0.125
-28.855
-0.125
-28.865
-0.125
-30.035
0.42
-30.035
0.01
-30.035
0.01
-30.085
-0.525
-30.085
-0.525
-30.085
-0.525
-30.085
-0.525
-30.085
-0.525
-30.035
-0.445
-30.035
-0.68
-30.035
-0.445
-30.035
-0.445
-30.035
-0.445
-30.08
-0.565
-30.035
-0.445
-30.035
-0.445
-30.055
-0.545
-30.035
-0.68
-29.44
-0.005
-29.44
-0.005
-29.44
-0.005
-29.44
-0.03
-29.44
-0.005
-29.03
-0.005
-29.03
-0.005
-29.03
-0.005
-29.03
-0.005
-29.03
-0.005
-29.03
-0.005
-29.03
-0.005
-29.02
-0.005
-28.855
-0.125
-28.855
-0.125
-30.035
0.628333
-30.035
0.628333
-30.035
0.628333
-30.035
0.628333
-30.035
0.218333
-30.035
0.218333
-30.035
0.218333
-30.085
-0.391667
-30.085
-0.391667
-30.085
-0.391667
-30.085
-0.391667
-30.035
-0.311667
-30.035
-0.511667
-30.035
-0.471667
-30.055
-0.291667
-30.085
-0.311667
-30.06
-0.486667
-30.055
-0.291667
-30.055
-0.291667
-30.055
-0.291667
-30.055
-0.306667
-29.44
-0.005
-29.44
-0.0216667
-29.44
-0.005
-29.44
-0.0216667
-29.44
-0.005
-29.44
-0.005
-29.44
-0.005
-29.03
-0.005
-29.03
-0.005
-29.03
-0.005
-29.03
-0.005
-29.03
-0.005
-29.02
-0.005
-28.855
-0.125
-30.035
0.7325
-30.035
0.7325
-30.035
0.7325
-30.035
0.7325
-30.035
0.7325
-30.035
0.3225
-30.035
0.3225
-30.035
0.3225
-30.085
-0.325
-30.085
-0.325
-30.085
-0.325
-30.085
-0.325
-30.035
-0.245
-30.035
-0.3825
-30.055
-0.265
-30.055
-0.225
-30.2
-0.3675
-30.08
-0.4875
-30.035
-0.3675
-30.035
-0.3675
-30.055
-0.225
-30.055
-0.225
-29.44
-0.005
-29.44
-0.005
-29.44
-0.005
-29.44
-0.005
-29.44
-0.005
-29.44
-0.005
-29.44
-0.005
-29.44
-0.005
-29.03
-0.005
-29.03
-0.005
-29.03
-0.005
-29.03
-0.005
-29.02
-0.005
-28.855
-0.125
-30.035
0.795
-30.035
0.795
-30.035
0.795
-30.035
0.795
-30.035
0.795
-30.035
0.385
-30.035
0.385
-30.035
0.385
-30.085
-0.285
-30.085
-0.285
-30.085
-0.285
-30.085
-0.285
-30.035
-0.205
-30.055
-0.185
-30.035
-0.305
-30.055
-0.185
-30.055
-0.185
-30.06
-0.4
-30.035
-0.305
-30.035
-0.305
-30.055
-0.225
-30.055
-0.185
-29.44
-0.005
-29.44
-0.005
-29.44
-0.005
-29.44
-0.005
-29.44
-0.005
-29.44
-0.005
-29.44
-0.005
-29.44
-0.005
-0.125
-28.855
-0.125
-28.855
-0.125
-28.855
-0.125
-28.855
-0.125
-28.855
-0.005
-29.02
-0.005
-29.03
-0.005
-29.03
-0.005
-29.03
-0.005
-29.03
-0.005
-29.03
-0.005
-29.03
-0.005
-29.03
-0.005
-29.03
-0.005
-29.03
-0.005
-29.03
-0.005
-29.03
-0.005
-29.03
-0.605
-30.0483
-0.845
-30.035
-0.845
-30.135
-0.845
-30.135
-0.845
-30.2
-0.845
-30.035
-0.845
-30.035
-0.805
-30.25
-0.845
-30.035
-0.845
-30.035
-0.925
-30.085
-0.925
-30.085
-0.925
-30.085
-0.925
-30.085
-0.331667
-29.4017
-0.331667
-29.4017
-0.18
-29.06
-0.125
-28.865
0.0716667
-0.005
0.165
-0.005
0.165
-0.005
0.165
-0.005
0.165
-0.005
-0.005
0.165
-0.005
0.165
-0.005
0.165
-0.005
0.165
-0.005
0.0716667
-0.005
0.0716667
-0.005
0.0716667
-0.005
0.0716667
-0.005
0.0716667
-0.005
0.0716667
-0.005
0.0716667
-0.005
0.0716667
-0.005
0.0716667
-0.605
-0.218333
-1.38
-1.255
-1.38
-0.495
-0.525
-0.88
-1.295
-1.38
-1.4
-1.4
-0.205
-1.38
-0.455
-1.38
-1.295
-1.4
-0.218333
-0.605
0.0716667
-0.005
0.0716667
-0.005
0.0716667
-0.005
0.0716667
-0.005
0.0716667
-0.005
0.0716667
-0.005
0.0716667
-0.005
0.0716667
-0.005
-0.125
0.55
-0.125
0.575
-0.125
0.575
-0.125
0.575
-0.125
0.575
-0.005
0.455
-0.005
0.455
-0.005
0.42
-0.005
0.42
-0.005
0.42
-0.005
0.42
-0.005
0.42
-0.005
0.42
-0.005
0.42
-0.005
0.42
-0.005
0.42
-0.005
0.42
-0.005
0.42
-0.605
-0.118333
-1.38
-0.105
-1.38
-0.63
-1.4
-0.655
-1.38
-0.67
-1.4
-0.67
-0.495
-0.68
-0.525
-0.645
-1.4
-0.655
-0.455
-0.68
-0.605
-0.005
-0.335
0.075
-0.335
0.075
-0.205
-0.005
-0.205
-0.005
-0.205
-0.005
0.0716667
-0.005
0.0716667
-0.005
-0.125
0.748333
-0.125
0.758333
-0.125
0.758333
-0.125
0.758333
-0.125
0.758333
-0.005
0.638333
-0.005
0.628333
-0.005
0.628333
-0.005
0.628333
-0.005
0.628333
-0.005
0.628333
-0.005
0.628333
-0.005
0.628333
-0.005
0.628333
-0.005
0.628333
-0.005
0.628333
-0.005
0.628333
-0.005
0.628333
-0.605
-0.085
-1.38
-0.421667
-1.38
-0.496667
-0.57
-0.421667
-1.38
-0.461667
-1.4
-0.566667
-1.28
-0.566667
-0.825
-0.411667
-0.845
-0.436667
-0.825
-0.306667
-0.615
-0.005
-0.615
-0.005
-0.615
-0.005
-0.331667
0.211667
-0.331667
0.211667
-0.331667
0.211667
-0.18
0.553333
-0.125
0.748333
-0.125
0.8525
-0.125
0.8625
-0.125
0.8625
-0.125
0.8625
-0.125
0.8625
-0.005
0.7425
-0.005
0.7325
-0.005
0.7325
-0.005
0.7325
-0.005
0.7325
-0.005
0.7325
-0.005
0.7325
-0.005
0.7325
-0.005
0.7325
-0.005
0.7325
-0.005
0.7325
-0.005
0.7325
-0.005
0.7325
-0.605
-0.0683333
-1.38
-0.205
-1.38
-0.2375
-1.4
-0.3425
-1.4
-0.4625
-1.4
-0.3825
-0.965
-0.3325
-0.885
-0.4375
-1.38
-0.325
-0.825
-0.225
-0.965
-0.005
-0.615
-0.005
-0.615
-0.005
-0.615
-0.005
-0.331667
0.315833
-0.331667
0.315833
-0.18
0.6575
-0.125
0.8525
-0.125
0.915
-0.125
0.925
-0.125
0.925
-0.125
0.925
-0.125
0.925
-0.005
0.805
-0.005
0.795
-0.005
0.795
-0.005
0.795
-0.005
0.795
-0.005
0.795
-0.005
0.795
-0.005
0.795
-0.005
0.795
-0.005
0.795
-0.005
0.795
-0.005
0.795
-0.005
0.795
-0.605
-0.0583333
-1.38
-0.205
-1.38
-0.17
-1.38
-0.27
-1.38
-0.18
-0.88
-0.32
-0.965
-0.27
-0.885
-0.24
-1.38
-0.27
-0.825
-0.185
-0.965
-0.015
-0.965
-0.005
-0.615
-0.005
-0.331667
0.378333
-0.331667
0.378333
-0.331667
0.378333
-0.18
0.72
-0.125
0.915
-0.125
-28.865
-0.125
-28.855
-0.125
-28.855
-0.125
-28.855
-0.125
-28.855
-0.005
-29.02
-0.005
-29.03
-0.005
-29.03
-0.005
-29.03
-0.005
-29.03
-0.005
-29.03
-0.005
-29.03
-0.005
-29.03
-0.005
-29.44
-0.005
-29.44
-0.005
-29.44
-0.005
-29.44
-0.005
-29.44
-0.68
-30.035
-0.445
-30.035
-0.445
-30.135
-0.445
-30.135
-0.445
-30.035
-0.445
-30.035
-0.445
-30.035
-0.405
-30.25
-0.445
-30.035
-0.445
-30.035
-0.525
-30.085
-0.525
-30.085
-0.525
-30.085
-0.525
-30.085
-0.525
-30.085
0.01
-30.035
0.01
-30.035
0.42
-30.035
0.42
-0.005
0.42
-0.005
0.42
-0.005
0.455
-0.005
0.455
-0.005
0.575
-0.125
0.575
-0.125
0.575
-0.125
0.575
-0.125
0.575
-0.125
-0.005
0.0716667
-0.005
0.0716667
-0.005
-0.205
-0.005
-0.205
-0.005
-0.205
0.075
-0.335
0.075
-0.335
-0.005
-0.605
-0.68
-0.455
-0.68
-0.82
-0.655
-1.4
-0.67
-0.57
-0.645
-1.38
-0.405
-1.38
-0.67
-1.4
-0.23
-1.38
-0.775
-1.4
-0.118333
-0.605
0.42
-0.005
0.42
-0.005
0.42
-0.005
0.42
-0.005
0.42
-0.005
0.42
-0.005
0.42
-0.005
0.42
-0.005
0.42
-0.005
0.42
-0.005
0.42
-0.005
0.42
-0.005
0.455
-0.005
-0.005
0.455
-0.005
0.42
-0.005
0.42
-0.005
0.42
-0.005
0.42
-0.005
0.42
-0.005
0.42
-0.005
0.195
-0.005
0.195
-0.005
0.01
-0.03
0.01
-0.03
0.01
-0.005
0.01
-0.68
-0.23
-0.68
-0.48
-0.425
-0.545
-0.63
-0.445
-0.655
-0.655
-0.405
-0.68
-0.63
-0.68
-0.23
-0.68
-0.405
-0.68
-0.23
-0.68
0.01
-0.005
0.01
-0.03
0.01
-0.03
0.01
-0.005
0.195
-0.005
0.195
-0.005
0.42
-0.005
0.42
-0.005
0.42
-0.005
0.42
-0.005
0.42
-0.005
0.42
-0.005
-0.125
0.758333
-0.005
0.638333
-0.005
0.628333
-0.005
0.628333
-0.005
0.628333
-0.005
0.628333
-0.005
0.628333
-0.005
0.628333
-0.005
0.628333
-0.005
0.218333
-0.005
0.218333
-0.005
0.218333
-0.005
0.218333
-0.005
0.218333
-0.68
-0.155
-0.68
-0.496667
-0.655
-0.446667
-0.63
-0.546667
-0.645
-0.591667
-0.68
-0.496667
-0.655
-0.566667
-0.68
-0.421667
-0.405
-0.471667
-0.425
-0.306667
0.01
-0.005
0.01
-0.005
0.01
-0.005
0.01
-0.0216667
0.01
-0.005
0.01
-0.0216667
0.01
-0.0216667
0.42
-0.005
0.42
-0.005
0.42
-0.005
0.42
-0.005
-0.125
0.8625
-0.125
0.8625
-0.005
0.7425
-0.005
0.7325
-0.005
0.7325
-0.005
0.7325
-0.005
0.7325
-0.005
0.7325
-0.005
0.7325
-0.005
0.7325
-0.005
0.3225
-0.005
0.3225
-0.03
0.3225
-0.005
0.3225
-0.005
0.3225
-0.68
-0.1175
-0.68
-0.28
-0.655
-0.3425
-0.67
-0.3825
-0.655
-0.3425
-0.655
-0.4175
-0.405
-0.4875
-0.405
-0.4875
-0.405
-0.4875
-0.425
-0.225
0.01
-0.005
0.01
-0.005
0.01
-0.005
0.01
-0.005
0.01
-0.005
0.01
-0.005
0.01
-0.005
0.01
-0.005
0.42
-0.005
0.42
-0.005
-0.125
0.925
-0.125
0.925
-0.125
0.925
-0.005
0.805
-0.005
0.795
-0.005
0.795
-0.005
0.795
-0.005
0.795
-0.005
0.795
-0.005
0.795
-0.005
0.795
-0.005
0.385
-0.005
0.385
-0.03
0.385
-0.03
0.385
-0.005
0.385
-0.68
-0.095
-0.68
-0.33
-0.68
-0.285
-0.485
-0.295
-0.655
-0.355
-0.68
-0.215
-0.405
-0.425
-0.405
-0.425
-0.405
-0.32
-0.425
-0.185
-0.565
-0.005
0.01
-0.005
0.01
-0.005
0.01
-0.005
0.01
-0.005
0.01
-0.005
0.01
-0.005
0.01
-0.005
0.628333
-30.035
0.628333
-30.035
0.628333
-30.035
-0.125
-28.855
-0.125
-28.855
-0.005
-29.02
-0.005
-29.03
-0.005
-29.03
-0.005
-29.03
-0.005
-29.03
-0.005
-29.03
-0.005
-29.44
-0.005
-29.44
-0.005
-29.44
-0.005
-29.44
-0.005
-29.44
-0.005
-29.44
-0.005
-29.44
-0.311667
-30.035
-0.311667
-30.035
-0.271667
-30.185
-0.311667
-30.135
-0.311667
-30.035
-0.291667
-30.055
-0.291667
-30.055
-0.271667
-30.25
-0.271667
-30.085
-0.311667
-30.035
-0.391667
-30.085
-0.391667
-30.085
-0.391667
-30.085
-0.391667
-30.085
0.218333
-30.035
0.218333
-30.035
0.218333
-30.035
0.628333
-30.035
0.628333
-0.005
0.628333
-0.005
0.628333
-0.005
0.628333
-0.005
0.638333
-0.005
0.758333
-0.125
0.758333
-0.125
0.758333
-0.125
0.758333
-0.125
0.748333
-0.125
0.748333
-0.125
0.553333
-0.18
0.211667
-0.331667
0.211667
-0.331667
0.211667
-0.331667
-0.005
-0.615
-0.005
-0.615
-0.005
-0.615
-0.311667
-1.255
-0.421667
-0.615
-0.421667
-0.615
-0.421667
-0.885
-0.0716667
-1.38
-0.521667
-1.4
-0.0716667
-1.38
-0.155
-1.38
-0.446667
-1.4
-0.085
-0.605
0.628333
-0.005
0.628333
-0.005
0.628333
-0.005
0.628333
-0.005
0.628333
-0.005
0.628333
-0.005
0.628333
-0.005
0.628333
-0.005
0.628333
-0.005
0.628333
-0.005
0.628333
-0.005
0.628333
-0.005
0.638333
-0.005
0.758333
-0.125
-0.005
0.42
-0.005
0.42
-0.005
0.42
-0.005
0.42
-0.005
0.42
-0.0216667
0.01
-0.0216667
0.01
-0.005
0.01
-0.005
0.01
-0.005
0.01
-0.005
0.01
-0.005
0.01
-0.311667
-0.63
-0.421667
-0.565
-0.421667
-0.52
-0.591667
-0.405
-0.486667
-0.655
-0.446667
-0.67
-0.155
-0.68
-0.446667
-0.655
-0.271667
-0.68
-0.155
-0.68
0.218333
-0.03
0.218333
-0.03
0.218333
-0.03
0.218333
-0.005
0.218333
-0.005
0.628333
-0.005
0.628333
-0.005
0.628333
-0.005
0.628333
-0.005
0.628333
-0.005
0.628333
-0.005
0.628333
-0.005
0.638333
-0.005
-0.005
0.638333
-0.005
0.628333
-0.005
0.628333
-0.005
0.628333
-0.005
0.628333
-0.005
0.628333
-0.0216667
0.218333
-0.0216667
0.218333
-0.005
0.218333
-0.005
0.218333
-0.005
0.218333
-0.005
0.218333
-0.005
0.218333
-0.311667
-0.421667
-0.546667
-0.496667
-0.421667
-0.511667
-0.541667
-0.546667
-0.436667
-0.591667
-0.521667
-0.566667
-0.446667
-0.486667
-0.431667
-0.421667
-0.271667
-0.471667
-0.291667
-0.306667
0.218333
-0.005
0.218333
-0.005
0.218333
-0.005
0.218333
-0.0216667
0.218333
-0.005
0.218333
-0.0216667
0.218333
-0.0216667
0.628333
-0.005
0.628333
-0.005
0.628333
-0.005
0.628333
-0.005
0.628333
-0.005
0.638333
-0.005
-0.005
0.7425
-0.005
0.7325
-0.005
0.7325
-0.005
0.7325
-0.005
0.7325
-0.005
0.7325
-0.0216667
0.3225
-0.0216667
0.3225
-0.005
0.3225
-0.005
0.3225
-0.005
0.3225
-0.005
0.3225
-0.005
0.3225
-0.311667
-0.3175
-0.566667
-0.3425
-0.411667
-0.225
-0.486667
-0.205
-0.591667
-0.22
-0.521667
-0.3825
-0.446667
-0.3825
-0.271667
-0.4875
-0.271667
-0.4875
-0.291667
-0.225
0.218333
-0.005
0.218333
-0.005
0.218333
-0.005
0.218333
-0.005
0.218333
-0.005
0.218333
-0.005
0.218333
-0.005
0.218333
-0.005
0.628333
-0.005
0.628333
-0.005
0.628333
-0.005
0.628333
-0.005
-0.125
0.925
-0.005
0.805
-0.005
0.795
-0.005
0.795
-0.005
0.795
-0.005
0.795
-0.005
0.795
-0.0216667
0.385
-0.0216667
0.385
-0.005
0.385
-0.005
0.385
-0.005
0.385
-0.005
0.385
-0.005
0.385
-0.311667
-0.255
-0.546667
-0.33
-0.566667
-0.32
-0.486667
-0.205
-0.446667
-0.28
-0.386667
-0.33
-0.446667
-0.32
-0.271667
-0.425
-0.271667
-0.345
-0.291667
-0.185
-0.431667
-0.015
0.218333
-0.005
0.218333
-0.005
0.218333
-0.005
0.218333
-0.005
0.218333
-0.005
0.218333
-0.005
0.218333
-0.005
0.7325
-30.035
0.7325
-30.035
0.7325
-30.035
0.7325
-30.035
-0.125
-28.855
-0.005
-29.02
-0.005
-29.03
-0.005
-29.03
-0.005
-29.03
-0.005
-29.03
-0.005
-29.44
-0.005
-29.44
-0.005
-29.44
-0.005
-29.44
-0.005
-29.44
-0.005
-29.44
-0.005
-29.44
-0.005
-29.44
-0.225
-30.055
-0.225
-30.1
-0.205
-30.185
-0.225
-30.22
-0.225
-30.22
-0.225
-30.055
-0.225
-30.055
-0.205
-30.25
-0.205
-30.085
-0.245
-30.035
-0.325
-30.085
-0.325
-30.085
-0.325
-30.085
-0.325
-30.085
0.3225
-30.035
0.3225
-30.035
0.3225
-30.035
0.7325
-30.035
0.7325
-0.005
0.7325
-0.005
0.7325
-0.005
0.7325
-0.005
0.7425
-0.005
0.8625
-0.125
0.8625
-0.125
0.8625
-0.125
0.8625
-0.125
0.8525
-0.125
0.8525
-0.125
0.6575
-0.18
0.315833
-0.331667
0.315833
-0.331667
-0.005
-0.615
-0.005
-0.615
-0.005
-0.615
-0.005
-0.965
-0.225
-0.825
-0.3
-0.945
-0.3325
-1.38
-0.055
-0.885
-0.055
-1.38
-0.3175
-1.38
-0.205
-1.38
-0.3175
-1.38
-0.3425
-1.4
-0.0683333
-0.605
0.7325
-0.005
0.7325
-0.005
0.7325
-0.005
0.7325
-0.005
0.7325
-0.005
0.7325
-0.005
0.7325
-0.005
0.7325
-0.005
0.7325
-0.005
0.7325
-0.005
0.7325
-0.005
0.7325
-0.005
0.7425
-0.005
0.8625
-0.125
0.8625
-0.125
-0.005
0.42
-0.005
0.42
-0.005
0.42
-0.005
0.01
-0.005
0.01
-0.005
0.01
-0.005
0.01
-0.005
0.01
-0.005
0.01
-0.005
0.01
-0.005
0.01
-0.225
-0.425
-0.3825
-0.67
-0.3175
-0.52
-0.4875
-0.405
-0.3575
-0.655
-0.3175
-0.68
-0.1175
-0.68
-0.1175
-0.8
-0.3575
-0.655
-0.1175
-0.68
0.3225
-0.005
0.3225
-0.005
0.3225
-0.03
0.3225
-0.005
0.3225
-0.005
0.7325
-0.005
0.7325
-0.005
0.7325
-0.005
0.7325
-0.005
0.7325
-0.005
0.7325
-0.005
0.7325
-0.005
0.7425
-0.005
-0.005
0.638333
-0.005
0.628333
-0.005
0.628333
-0.005
0.628333
-0.005
0.628333
-0.005
0.218333
-0.005
0.218333
-0.005
0.218333
-0.005
0.218333
-0.005
0.218333
-0.005
0.218333
-0.005
0.218333
-0.005
0.218333
-0.225
-0.291667
-0.3825
-0.391667
-0.3425
-0.566667
-0.3825
-0.391667
-0.3175
-0.591667
-0.3425
-0.566667
-0.3175
-0.431667
-0.225
-0.411667
-0.205
-0.471667
-0.225
-0.306667
0.3225
-0.005
0.3225
-0.005
0.3225
-0.005
0.3225
-0.0216667
0.3225
-0.005
0.3225
-0.0216667
0.3225
-0.0216667
0.7325
-0.005
0.7325
-0.005
0.7325
-0.005
0.7325
-0.005
0.7325
-0.005
0.7425
-0.005
-0.005
0.7425
-0.005
0.7325
-0.005
0.7325
-0.005
0.7325
-0.005
0.7325
-0.005
0.3225
-0.005
0.3225
-0.005
0.3225
-0.005
0.3225
-0.005
0.3225
-0.005
0.3225
-0.005
0.3225
-0.005
0.3225
-0.225
-0.225
-0.3825
-0.3575
-0.22
-0.4875
-0.22
-0.4875
-0.3675
-0.245
-0.225
-0.345
-0.245
-0.4875
-0.22
-0.4875
-0.205
-0.4075
-0.225
-0.225
0.3225
-0.005
0.3225
-0.005
0.3225
-0.005
0.3225
-0.005
0.3225
-0.005
0.3225
-0.005
0.3225
-0.005
0.3225
-0.005
0.7325
-0.005
0.7325
-0.005
0.7325
-0.005
0.7325
-0.005
0.7425
-0.005
-0.005
0.805
-0.005
0.795
-0.005
0.795
-0.005
0.795
-0.005
0.795
-0.005
0.385
-0.005
0.385
-0.005
0.385
-0.005
0.385
-0.005
0.385
-0.005
0.385
-0.005
0.385
-0.005
0.385
-0.225
-0.185
-0.4875
-0.285
-0.3425
-0.32
-0.3575
-0.4
-0.3425
-0.28
-0.3575
-0.355
-0.245
-0.425
-0.22
-0.425
-0.3425
-0.295
-0.225
-0.185
-0.365
-0.015
0.3225
-0.005
0.3225
-0.005
0.3225
-0.005
0.3225
-0.005
0.3225
-0.005
0.3225
-0.005
0.3225
-0.005
0.795
-30.035
0.795
-30.035
0.795
-30.035
0.795
-30.035
-0.125
-28.855
-0.005
-29.02
-0.005
-29.03
-0.005
-29.03
-0.005
-29.03
-0.005
-29.03
-0.005
-29.44
-0.005
-29.44
-0.005
-29.44
-0.005
-29.44
-0.005
-29.44
-0.005
-29.44
-0.005
-29.44
-0.005
-29.44
-0.185
-30.055
-0.185
-30.1
-0.165
-30.185
-0.185
-30.22
-0.185
-30.22
-0.185
-30.055
-0.185
-30.055
-0.165
-30.25
-0.165
-30.085
-0.205
-30.035
-0.285
-30.085
-0.285
-30.085
-0.285
-30.085
-0.285
-30.085
0.385
-30.035
0.385
-30.035
0.385
-30.035
0.795
-30.035
0.795
-0.005
0.795
-0.005
0.795
-0.005
0.795
-0.005
0.805
-0.005
0.925
-0.125
0.925
-0.125
0.925
-0.125
0.925
-0.125
0.915
-0.125
0.915
-0.125
0.72
-0.18
0.378333
-0.331667
0.378333
-0.331667
0.378333
-0.331667
-0.005
-0.615
-0.005
-0.965
-0.005
-0.965
-0.185
-0.825
-0.32
-1.28
-0.27
-1.38
-0.165
-0.885
-0.045
-1.38
-0.215
-1.38
-0.165
-1.38
-0.095
-1.38
-0.045
-1.38
-0.0583333
-0.605
0.795
-0.005
0.795
-0.005
0.795
-0.005
0.795
-0.005
0.795
-0.005
0.795
-0.005
0.795
-0.005
0.795
-0.005
0.795
-0.005
0.795
-0.005
0.795
-0.005
0.795
-0.005
0.805
-0.005
0.925
-0.125
0.925
-0.125
0.925
-0.125
-0.005
0.42
-0.005
0.42
-0.005
0.01
-0.005
0.01
-0.005
0.01
-0.005
0.01
-0.005
0.01
-0.005
0.01
-0.005
0.01
-0.005
-0.565
-0.185
-0.425
-0.32
-0.48
-0.255
-0.52
-0.305
-0.405
-0.28
-0.655
-0.32
-0.525
-0.095
-0.68
-0.165
-0.8
-0.28
-0.655
-0.095
-0.68
0.385
-0.005
0.385
-0.03
0.385
-0.03
0.385
-0.005
0.385
-0.03
0.795
-0.005
0.795
-0.005
0.795
-0.005
0.795
-0.005
0.795
-0.005
0.795
-0.005
0.795
-0.005
0.805
-0.005
0.925
-0.125
-0.005
0.628333
-0.005
0.628333
-0.005
0.628333
-0.005
0.628333
-0.005
0.218333
-0.005
0.218333
-0.005
0.218333
-0.005
0.218333
-0.005
0.218333
-0.005
0.218333
-0.005
0.218333
-0.005
-0.431667
-0.185
-0.291667
-0.32
-0.346667
-0.24
-0.591667
-0.38
-0.391667
-0.18
-0.591667
-0.355
-0.566667
-0.33
-0.431667
-0.185
-0.411667
-0.185
-0.411667
-0.185
-0.306667
0.385
-0.005
0.385
-0.005
0.385
-0.005
0.385
-0.0216667
0.385
-0.005
0.385
-0.0216667
0.385
-0.0216667
0.795
-0.005
0.795
-0.005
0.795
-0.005
0.795
-0.005
0.795
-0.005
0.805
-0.005
-0.005
0.7425
-0.005
0.7325
-0.005
0.7325
-0.005
0.7325
-0.005
0.7325
-0.005
0.3225
-0.005
0.3225
-0.005
0.3225
-0.005
0.3225
-0.005
0.3225
-0.005
0.3225
-0.005
0.3225
-0.005
-0.365
-0.185
-0.225
-0.345
-0.325
-0.24
-0.4875
-0.4
-0.3825
-0.32
-0.245
-0.225
-0.345
-0.32
-0.4625
-0.185
-0.225
-0.205
-0.4075
-0.185
-0.225
0.385
-0.005
0.385
-0.005
0.385
-0.005
0.385
-0.005
0.385
-0.005
0.385
-0.005
0.385
-0.005
0.385
-0.005
0.795
-0.005
0.795
-0.005
0.795
-0.005
0.795
-0.005
0.805
-0.005
-0.005
0.805
-0.005
0.795
-0.005
0.795
-0.005
0.795
-0.005
0.795
-0.005
0.385
-0.005
0.385
-0.005
0.385
-0.005
0.385
-0.005
0.385
-0.005
0.385
-0.005
0.385
-0.005
-0.325
-0.185
-0.185
-0.345
-0.285
-0.18
-0.32
-0.4
-0.4
-0.32
-0.205
-0.32
-0.355
-0.28
-0.355
-0.295
-0.4
-0.28
-0.28
-0.185
-0.185
-0.325
-0.015
0.385
-0.005
0.385
-0.005
0.385
-0.005
0.385
-0.005
0.385
-0.005
0.385
-0.005
0.385
-0.005
