-28.82
-30
-28.82
-30
-28.82
-30
-28.82
-30
-28.82
-30
-30
-28.82
-30
-28.82
-30
-28.82
-30
-28.82
-30
-28.82
-30.275
-28.83
-30.035
-28.83
-30
-28.83
-30.035
-28.83
-30
-29.24
-30.035
-29.24
-30.05
-30
-30.05
-30
-30.025
-30.025
-30.05
-30
-30
-30.13
-30.02
-30.155
-30.085
-30.08
-30.02
-30.02
-30.025
-30.105
-30.02
-30.155
-30.025
-30.3
-30.02
-30.055
-30
-30.05
-30
-30.185
-29.24
-30.035
-29.24
-30
-28.83
-30.035
-28.83
-30.035
-28.83
-30.035
-28.83
-30.2
-28.82
0
-28.82
0
-28.82
0
-28.82
0
-28.82
0
-28.82
0
-28.82
0
-28.82
0
-30
0.29
-30
0.29
-30
0.29
-30
0.29
-30
0.196667
-30
0.196667
-30.05
-0.8
-30.05
-0.8
-30.05
-0.8
-30.05
-0.8
-30.025
-1.275
-30
-0.86
-30
-0.845
-30
-0.84
-30.085
-0.925
-30
-1.305
-30.055
-0.825
-30.02
-0.84
-30.05
-0.8
-30.015
-0.545
-28.83
-1.33
-28.83
-0.2
-28.83
-0.45
-28.83
-0.45
-28.83
-0.095
-28.83
-0.88
-28.83
-1.33
-28.83
-0.88
-28.82
0
-28.82
0
-28.82
0
-28.82
0
-28.82
0
-28.82
0
-28.82
0
-30
0.58
-30
0.58
-30
0.58
-30.275
0.545
-30.035
0.545
-30
0.545
-30.035
0.545
-30
0.135
-30.05
-0.4
-30.05
-0.4
-30.05
-0.4
-30.025
-0.65
-30
-0.675
-30
-0.44
-30
-0.72
-30.085
-0.42
-30
-0.44
-30.025
-0.655
-30.05
-0.4
-30.025
-0.65
-30.02
-0.545
-29.24
-0.27
-29.24
-0.245
-29.24
-0.705
-28.83
-0.4
-28.83
-0.025
-28.83
-0.025
-28.83
-0.025
-28.83
-0.1
-28.82
0
-28.82
0
-28.82
0
-28.82
0
-28.82
0
-28.82
0
-30
0.763333
-30
0.763333
-30
0.763333
-30
0.763333
-30.275
0.753333
-30.035
0.753333
-30
0.753333
-30.035
0.753333
-30
0.343333
-30.05
-0.266667
-30.05
-0.266667
-30.05
-0.266667
-30.025
-0.441667
-30.02
-0.291667
-30
-0.471667
-30.02
-0.291667
-30
-0.471667
-30
-0.466667
-30.055
-0.286667
-30.02
-0.366667
-30.025
-0.441667
-30.04
0
-29.24
-0.141667
-29.24
-0.0666667
-29.24
-0.0666667
-29.24
-0.0666667
-28.83
-0.15
-28.83
-0.005
-28.83
-0.155
-28.83
-0.02
-28.82
0
-28.82
0
-28.82
0
-28.82
0
-28.82
0
-28.82
0
-30
0.8675
-30
0.8675
-30
0.8675
-30
0.8675
-30.275
0.8575
-30.035
0.8575
-30
0.8575
-30.035
0.8575
-30
0.4475
-30.05
-0.2
-30.05
-0.2
-30.05
-0.2
-30.025
-0.3375
-30.02
-0.225
-30
-0.3625
-30.02
-0.24
-30
-0.3625
-30.02
-0.24
-30.025
-0.3375
-30.02
-0.22
-30.025
-0.3375
-30.04
0
-29.24
-0.0125
-29.24
-0.055
-29.24
-0.0125
-29.24
-0.0125
-28.83
-0.245
-28.83
-0.0325
-28.83
-0.0325
-28.83
-0.1375
-28.82
0
-28.82
0
-28.82
0
-28.82
0
-28.82
0
-28.82
0
-30
0.93
-30
0.93
-30
0.93
-30
0.93
-30.275
0.92
-30.035
0.92
-30
0.92
-30.035
0.92
-30
0.51
-30.035
0.51
-30.05
-0.16
-30.05
-0.16
-30.025
-0.275
-30.02
-0.18
-30
-0.3
-30
-0.3
-30
-0.3
-30.02
-0.2
-30.055
-0.185
-30.02
-0.2
-30.025
-0.275
-30.04
0
-29.24
-0.01
-29.24
-0.01
-29.24
-0.045
-29.24
-0.01
-28.83
0
-28.83
-0.01
-28.83
-0.285
-28.83
-0.25
0.29
-30
0.29
-30
0
-28.82
0
-28.82
0
-28.82
0
-28.82
0
-28.82
0
-28.82
0
-28.82
0
-28.82
-0.2
-28.83
-0.8
-28.83
-0.05
-28.83
-0.2
-28.83
-0.2
-28.83
-0.45
-28.83
-0.2
-28.83
-1.33
-28.83
-0.545
-30.015
-0.84
-30
-0.82
-30.02
-0.8
-30.05
-0.84
-30.08
-0.82
-30.055
-0.84
-30
-0.84
-30.035
-0.84
-30
-0.82
-30.055
-0.8
-30.085
-0.8
-30.185
-0.8
-30.185
-0.8
-30.05
0.196667
-30
0.196667
-30.08
0.29
-30
0.29
-30
0.29
0
0.29
0
0.29
0
0.29
0
0.29
0
0
0.29
0
0.29
0
0.29
0
0.29
0
0.29
-0.005
0.29
0
0.29
-0.05
0.196667
-0.2
0.196667
-0.2
0.196667
-0.45
0.196667
-0.2
0.196667
-1.33
0.196667
-0.545
-0.465
-1.33
-0.84
-0.2
-1.3
-0.2
-0.84
-0.2
-0.885
-0.205
-1.345
-0.2
-0.48
-0.255
-0.29
-0.21
-0.255
-0.465
-0.545
0.196667
-0.8
0.196667
-0.2
0.196667
-0.45
0.196667
-0.2
0.196667
-0.2
0.196667
-0.05
0.29
0
0.29
0
0.29
0
0.29
0
0.29
0
0
0.58
0
0.58
0
0.58
0
0.58
0
0.58
0
0.58
0
0.58
-0.005
0.58
-0.8
0.545
-0.05
0.545
-0.2
0.545
-0.2
0.545
-0.45
0.545
-0.2
0.545
-1.33
0.545
-0.545
-0.24
-1.33
-0.46
-0.465
-0.26
-0.45
-0.675
-0.48
-0.4
-0.495
-0.27
-0.48
-0.1
-0.661667
-0.126667
-0.48
-0.27
-0.82
-0.545
-0.45
-0.68
-0.2
-0.255
-0.08
-0.225
0.196667
-0.1
0.196667
-0.27
0.196667
-0.025
0.29
-0.025
0.29
-0.025
0.29
0
0.29
0
0.29
0
0
0.763333
0
0.763333
0
0.763333
0
0.763333
0
0.763333
0
0.763333
0
0.763333
-0.2
0.753333
-0.8
0.753333
-0.05
0.753333
-0.2
0.753333
-0.2
0.753333
-0.45
0.753333
-0.2
0.753333
-1.33
0.753333
-0.545
-0.165
-0.84
-0.0866667
-0.87
-0.0366667
-0.84
-0.0666667
-1.305
-0.0666667
-0.84
-0.0666667
-0.84
-0.0666667
-1.33
-0.306667
-0.87
-0.0816667
-0.84
0
-0.49
-0.0666667
-0.49
-0.0666667
-0.49
-0.0666667
0.196667
-0.0666667
0.196667
-0.15
0.196667
-0.005
0.29
-0.0166667
0.29
-0.005
0.29
0
0.29
0
0
0.8675
0
0.8675
0
0.8675
0
0.8675
0
0.8675
0
0.8675
0
0.8675
0
0.8675
-0.2
0.8575
-0.8
0.8575
-0.05
0.8575
-0.2
0.8575
0
0.8575
-0.45
0.8575
-0.2
0.8575
-1.33
0.8575
-0.545
-0.1275
-0.8
-0.3675
-0.825
-0.225
-0.84
-0.05
-0.82
-0.3
-0.84
-0.2
-0.84
-0.1125
-0.84
-0.1325
-0.885
-0.05
-0.84
0
-0.8
-0.3625
-0.49
-0.055
-0.49
-0.0125
-0.49
-0.0125
0.196667
-0.055
0.196667
-0.0125
0.29
-0.1125
0.29
-0.1575
0.29
0
0.29
0
0
0.93
0
0.93
0
0.93
0
0.93
0
0.93
0
0.93
0
0.93
0
0.93
-0.2
0.92
-0.8
0.92
-0.05
0.92
-0.2
0.92
-0.2
0.92
-0.45
0.92
-0.2
0.92
-1.33
0.92
-0.545
-0.105
-0.84
-0.09
-0.825
-0.2
-0.84
-0.095
-0.84
-0.11
-1.38
-0.27
-0.84
-0.04
-0.84
-0.095
-0.885
-0.255
-0.84
0
-0.8
-0.3
-0.8
-0.3
-0.49
-0.045
-0.49
0
0.196667
0
0.196667
-0.17
0.29
-0.01
0.29
-0.04
0.58
-30
0.58
-30
0.58
-30
0
-28.82
0
-28.82
0
-28.82
0
-28.82
0
-28.82
0
-28.82
0
-28.82
0
-28.83
-0.025
-28.83
-0.025
-28.83
0
-28.83
-0.445
-28.83
-0.08
-29.24
-0.245
-29.24
-0.27
-29.24
-0.545
-30.02
-0.42
-30.02
-0.42
-30.02
-0.42
-30.02
-0.44
-30.035
-0.42
-30.02
-0.42
-30.02
-0.44
-30.035
-0.445
-30.08
-0.42
-30.055
-0.4
-30.05
-0.4
-30.185
-0.4
-30.185
0.135
-30
0.545
-30
0.545
-30.035
0.545
-30.035
0.545
-30
0.58
0
0.58
0
0.58
0
0.58
0
0.58
0
0.58
0
0.58
0
0
0.29
0
0.29
0
0.29
-0.1
0.29
-0.025
0.29
-0.025
0.196667
-0.27
0.196667
-0.1
0.196667
-0.225
-0.08
-0.255
-0.2
-0.675
-0.45
-0.545
-0.82
-0.27
-0.84
-0.24
-0.465
-0.1
-0.48
-0.24
-0.47
-0.23
-1.345
-0.126667
-0.661667
-0.405
-0.51
-0.445
-1.33
-0.24
-0.545
0.545
-0.8
0.545
-0.2
0.545
-0.45
0.545
-0.2
0.545
-0.2
0.545
-0.05
0.545
-0.8
0.58
0
0.58
0
0.58
0
0.58
0
0.58
0
0.58
0
0
0.58
0
0.58
0
0.58
0
0.58
0
0.58
0
0.545
-0.025
0.545
-0.025
0.545
0
0.545
-0.445
0.545
-0.08
0.135
-0.245
0.135
-0.27
0.135
-0.545
-0.42
-0.27
-0.46
-0.24
-0.26
-0.24
-0.245
-0.24
-0.26
-0.445
-0.27
-0.225
-0.44
-0.285
-0.24
-0.445
-0.27
-0.42
-0.545
0.135
-0.4
0.135
-0.245
0.135
-0.705
0.545
0
0.545
-0.025
0.545
-0.025
0.545
-0.025
0.545
-0.1
0.58
0
0.58
0
0.58
0
0.58
0
0
0.763333
0
0.763333
0
0.763333
0
0.763333
0
0.763333
0
0.763333
0
0.753333
-0.025
0.753333
-0.025
0.753333
0
0.753333
-0.445
0.753333
-0.08
0.343333
-0.245
0.343333
-0.27
0.343333
-0.545
-0.286667
-0.42
-0.366667
-0.65
-0.461667
-0.42
-0.286667
-0.4
-0.466667
-0.42
-0.286667
-0.42
-0.286667
-0.705
-0.306667
-0.245
-0.0816667
-0.44
0
0.135
-0.271667
0.135
-0.0666667
0.135
-0.0666667
0.135
-0.0666667
0.545
-0.15
0.545
-0.005
0.545
-0.0166667
0.545
-0.15
0.58
0
0.58
0
0.58
0
0.58
0
0
0.8675
0
0.8675
0
0.8675
0
0.8675
0
0.8675
0
0.8675
0
0.8575
-0.025
0.8575
-0.025
0.8575
0
0.8575
-0.445
0.8575
-0.08
0.4475
-0.245
0.4475
-0.27
0.4475
-0.545
-0.22
-0.4
-0.3675
-0.42
-0.225
-0.42
-0.22
-0.4
-0.3625
-0.42
-0.24
-0.42
-0.225
-0.44
-0.1325
-0.445
-0.1125
-0.44
0
0.135
-0.325
0.135
-0.055
0.135
-0.0125
0.135
-0.0125
0.545
0
0.545
-0.05
0.545
-0.0125
0.545
-0.05
0.58
0
0.58
0
0.58
0
0.58
0
0
0.93
0
0.93
0
0.93
0
0.93
0
0.93
0
0.93
0
0.92
-0.025
0.92
-0.025
0.92
0
0.92
-0.445
0.92
-0.08
0.51
-0.245
0.51
-0.27
0.51
-0.545
-0.18
-0.4
-0.3
-0.42
-0.2
-0.42
-0.18
-0.44
-0.09
-0.445
-0.27
-0.42
-0.185
-0.44
-0.095
-0.445
-0.27
-0.44
0
-0.4
-0.3
0.135
-0.01
0.135
-0.045
0.135
0
0.545
0
0.545
0
0.545
0
0.545
0
0.763333
-30
0.763333
-30
0.763333
-30
0.763333
-30
0
-28.82
0
-28.82
0
-28.82
0
-28.82
0
-28.82
0
-28.82
-0.005
-28.83
-0.266667
-28.83
-0.005
-28.83
-0.15
-28.83
-0.0666667
-29.24
-0.0666667
-29.24
-0.0666667
-29.24
-0.0666667
-29.24
0
-30.04
-0.441667
-30.16
-0.306667
-30
-0.306667
-30.035
-0.306667
-30.035
-0.286667
-30.055
-0.306667
-30.2
-0.306667
-30.035
-0.266667
-30.05
-0.286667
-30.055
-0.266667
-30.05
-0.266667
-30.05
-0.266667
-30.05
0.343333
-30
0.753333
-30
0.753333
-30
0.753333
-30.035
0.753333
-30
0.763333
0
0.763333
0
0.763333
0
0.763333
0
0.763333
0
0.763333
0
0.763333
0
0
0.29
0
0.29
0
0.29
-0.416667
0.29
-0.0166667
0.29
-0.005
0.196667
-0.15
0.196667
-0.266667
0.196667
-0.0666667
-0.49
-0.0666667
-0.49
-0.0666667
-0.49
0
-0.84
-0.0816667
-0.87
-0.0666667
-1.3
-0.0666667
-0.84
-0.0666667
-0.885
-0.271667
-1.345
-0.118333
-0.661667
-0.0366667
-0.87
-0.306667
-1.33
-0.165
-0.545
0.753333
-1.33
0.753333
-0.2
0.753333
-0.45
0.753333
-0.2
0.753333
-0.2
0.753333
-0.05
0.753333
-0.8
0.753333
-0.88
0.763333
0
0.763333
0
0.763333
0
0.763333
0
0.763333
0
0.763333
0
0
0.58
0
0.58
0
0.58
0
0.58
-0.005
0.545
-0.266667
0.545
-0.005
0.545
-0.15
0.545
-0.0666667
0.135
-0.0666667
0.135
-0.0666667
0.135
-0.0666667
0.135
0
-0.44
-0.0816667
-0.245
-0.306667
-0.645
-0.165
-0.155
-0.306667
-0.645
-0.165
-0.155
-0.15
-0.675
-0.165
-0.155
-0.275
-0.445
-0.286667
-0.545
0.343333
-0.27
0.343333
-0.245
0.343333
-0.705
0.753333
0
0.753333
-0.025
0.753333
-0.025
0.753333
-0.025
0.753333
-0.1
0.763333
0
0.763333
0
0.763333
0
0.763333
0
0.763333
0
0
0.763333
0
0.763333
0
0.763333
0
0.763333
0
0.763333
-0.005
0.753333
-0.266667
0.753333
-0.005
0.753333
-0.15
0.753333
-0.0666667
0.343333
-0.0666667
0.343333
-0.0666667
0.343333
-0.0666667
0.343333
0
-0.306667
-0.0816667
-0.0816667
-0.306667
-0.541667
-0.286667
-0.291667
-0.306667
-0.416667
-0.306667
-0.421667
-0.286667
-0.286667
-0.0366667
-0.0366667
-0.0366667
-0.0816667
-0.306667
0
0.343333
-0.141667
0.343333
-0.0666667
0.343333
-0.0666667
0.343333
-0.0666667
0.753333
-0.15
0.753333
-0.005
0.753333
-0.0166667
0.753333
-0.15
0.763333
0
0.763333
0
0.763333
0
0.763333
0
0.763333
0
0
0.8675
0
0.8675
0
0.8675
0
0.8675
0
0.8675
-0.005
0.8575
-0.266667
0.8575
-0.005
0.8575
-0.15
0.8575
-0.0666667
0.4475
-0.0666667
0.4475
-0.0666667
0.4475
-0.0666667
0.4475
0
-0.24
-0.306667
-0.4375
-0.306667
-0.225
-0.306667
-0.3175
-0.306667
-0.3125
-0.286667
-0.24
-0.306667
-0.3175
-0.306667
-0.3925
-0.286667
-0.22
-0.306667
0
0.343333
-0.0125
0.343333
-0.055
0.343333
-0.0125
0.343333
-0.0125
0.753333
0
0.753333
-0.05
0.753333
-0.0125
0.753333
-0.05
0.763333
0
0.763333
0
0.763333
0
0.763333
0
0
0.93
0
0.93
0
0.93
0
0.93
0
0.93
0
0.93
-0.005
0.92
-0.266667
0.92
-0.005
0.92
-0.15
0.92
-0.0666667
0.51
-0.0666667
0.51
-0.0666667
0.51
-0.0666667
0.51
0
-0.2
-0.286667
-0.26
-0.306667
-0.255
-0.266667
-0.3
-0.266667
-0.3
-0.306667
-0.27
-0.306667
-0.25
-0.286667
-0.2
-0.306667
-0.255
-0.306667
0
-0.266667
-0.3
0.343333
-0.01
0.343333
-0.045
0.343333
0
0.753333
0
0.753333
0
0.753333
0
0.753333
0
0.8675
-30
0.8675
-30
0.8675
-30
0.8675
-30
0
-28.82
0
-28.82
0
-28.82
0
-28.82
0
-28.82
0
-28.82
-0.005
-28.83
0
-28.83
-0.05
-28.83
-0.2
-28.83
-0.0125
-29.24
-0.0125
-29.24
-0.055
-29.24
-0.0125
-29.24
0
-30.04
-0.22
-30.055
-0.2
-30.05
-0.2
-30.05
-0.2
-30.085
-0.3
-30.02
-0.2
-30.085
-0.3375
-30.025
-0.3675
-30.08
-0.22
-30.055
-0.2
-30.05
-0.2
-30.185
-0.2
-30.05
0.4475
-30
0.8575
-30
0.8575
-30
0.8575
-30.035
0.8575
-30
0.8675
0
0.8675
0
0.8675
0
0.8675
0
0.8675
0
0.8675
0
0.8675
0
0.8675
0
0
0.29
0
0.29
0
0.29
-0.1125
0.29
-0.0125
0.196667
-0.055
0.196667
-0.0125
-0.49
-0.0125
-0.49
-0.055
-0.49
-0.3625
-0.8
0
-0.84
-0.05
-0.885
-0.2
-1.3
-0.1125
-0.84
-0.2
-1.38
-0.3125
-1.345
-0.05
-0.84
-0.345
-0.825
-0.205
-1.305
-0.1275
-0.545
0.8575
-1.33
0.8575
-0.2
0.8575
-0.45
0.8575
-0.2
0.8575
-0.2
0.8575
-0.05
0.8575
-0.8
0.8575
-0.88
0.8675
0
0.8675
0
0.8675
0
0.8675
0
0.8675
0
0.8675
0
0
0.58
0
0.58
0
0.58
0
0.58
-0.005
0.545
0
0.545
-0.05
0.545
-0.2
0.545
-0.0125
0.135
-0.0125
0.135
-0.055
0.135
-0.0125
0.135
0
-0.44
-0.1125
-0.46
-0.2
-0.675
-0.1125
-0.72
-0.2
-0.72
-0.3
-0.44
-0.22
-0.42
-0.345
-0.42
-0.205
-0.675
-0.22
-0.545
0.4475
-0.27
0.4475
-0.245
0.4475
-0.705
0.8575
0
0.8575
-0.025
0.8575
-0.025
0.8575
-0.025
0.8575
-0.1
0.8675
0
0.8675
0
0.8675
0
0.8675
0
0.8675
0
0
0.763333
0
0.763333
0
0.763333
0
0.763333
0
0.763333
-0.005
0.753333
0
0.753333
-0.05
0.753333
-0.2
0.753333
-0.0125
0.343333
-0.0125
0.343333
-0.055
0.343333
-0.0125
0.343333
0
-0.306667
-0.3625
-0.311667
-0.2
-0.486667
-0.2
-0.486667
-0.2
-0.486667
-0.3
-0.306667
-0.2
-0.466667
-0.345
-0.306667
-0.205
-0.546667
-0.24
0
0.4475
-0.141667
0.4475
-0.0666667
0.4475
-0.0666667
0.4475
-0.0666667
0.8575
-0.15
0.8575
-0.005
0.8575
-0.0166667
0.8575
-0.15
0.8675
0
0.8675
0
0.8675
0
0.8675
0
0.8675
0
0
0.8675
0
0.8675
0
0.8675
0
0.8675
0
0.8675
-0.005
0.8575
0
0.8575
-0.05
0.8575
-0.2
0.8575
-0.0125
0.4475
-0.0125
0.4475
-0.055
0.4475
-0.0125
0.4475
0
-0.24
-0.3375
-0.3375
-0.2
-0.3675
-0.2
-0.3625
-0.2
-0.3625
-0.22
-0.24
-0.2
-0.3675
-0.345
-0.24
-0.205
-0.3625
-0.24
0
0.4475
-0.0125
0.4475
-0.055
0.4475
-0.0125
0.4475
-0.0125
0.8575
0
0.8575
-0.05
0.8575
-0.0125
0.8575
-0.05
0.8675
0
0.8675
0
0.8675
0
0.8675
0
0.8675
0
0
0.93
0
0.93
0
0.93
0
0.93
0
0.93
-0.005
0.92
0
0.92
-0.05
0.92
-0.2
0.92
-0.0125
0.51
-0.0125
0.51
-0.055
0.51
-0.0125
0.51
0
-0.2
-0.22
-0.26
-0.2
-0.3
-0.2
-0.305
-0.2
-0.3
-0.3
-0.2
-0.2
-0.3
-0.3625
-0.24
-0.3675
-0.16
-0.24
0
-0.2
-0.3
0.4475
-0.01
0.4475
-0.045
0.4475
0
0.8575
0
0.8575
0
0.8575
0
0.8575
0
0.93
-30
0.93
-30
0.93
-30
0.93
-30
0
-28.82
0
-28.82
0
-28.82
0
-28.82
0
-28.82
0
-28.82
0
-28.83
-0.16
-28.83
0
-28.83
0
-28.83
0
-29.24
-0.01
-29.24
-0.01
-29.24
-0.125
-29.24
0
-30.04
-0.275
-30.16
-0.275
-30.025
-0.16
-30.05
-0.275
-30.06
-0.3
-30.2
-0.3
-30
-0.275
-30.025
-0.18
-30.02
-0.18
-30.055
-0.16
-30.05
-0.16
-30.185
0.51
-30.035
0.51
-30
0.92
-30
0.92
-30.035
0.92
-30.035
0.92
-30
0.93
0
0.93
0
0.93
0
0.93
0
0.93
0
0.93
0
0.93
0
0.93
0
0
0.29
0
0.29
-0.285
0.29
-0.01
0.29
-0.17
0.196667
0
0.196667
0
-0.49
-0.125
-0.49
-0.3
-0.8
-0.3
-0.8
0
-0.84
-0.27
-0.84
-0.095
-1.305
-0.04
-0.84
-0.3
-0.925
-0.04
-1.345
-0.04
-1.345
-0.18
-0.825
-0.205
-1.305
-0.105
-0.545
0.92
-1.33
0.92
-0.2
0.92
-0.45
0.92
-0.2
0.92
-0.2
0.92
-0.05
0.92
-0.8
0.92
-0.88
0.93
0
0.93
0
0.93
0
0.93
0
0.93
0
0.93
0
0
0.58
0
0.58
0
0.58
0
0.58
0
0.545
-0.16
0.545
0
0.545
0
0.545
0
0.135
-0.125
0.135
-0.01
0.135
-0.3
-0.4
0
-0.44
-0.27
-0.46
-0.095
-0.44
-0.09
-0.72
-0.3
-0.42
-0.3
-0.405
-0.09
-0.675
-0.255
-0.695
-0.205
-0.675
-0.18
-0.545
0.51
-0.27
0.51
-0.245
0.51
-0.705
0.92
0
0.92
-0.025
0.92
-0.025
0.92
-0.025
0.92
-0.1
0.93
0
0.93
0
0.93
0
0.93
0
0.93
0
0.93
0
0
0.763333
0
0.763333
0
0.763333
0
0.763333
0
0.753333
-0.16
0.753333
0
0.753333
0
0.753333
0
0.343333
-0.125
0.343333
-0.01
0.343333
-0.3
-0.266667
0
-0.306667
-0.33
-0.311667
-0.2
-0.306667
-0.16
-0.486667
-0.275
-0.441667
-0.16
-0.466667
-0.18
-0.286667
-0.18
-0.306667
-0.275
-0.441667
-0.2
0
0.51
-0.141667
0.51
-0.0666667
0.51
-0.0666667
0.51
-0.0666667
0.92
-0.15
0.92
-0.005
0.92
-0.0166667
0.92
-0.15
0.93
0
0.93
0
0.93
0
0.93
0
0.93
0
0
0.8675
0
0.8675
0
0.8675
0
0.8675
0
0.8675
0
0.8575
-0.16
0.8575
0
0.8575
0
0.8575
0
0.4475
-0.125
0.4475
-0.01
0.4475
-0.3
-0.2
0
-0.24
-0.16
-0.3675
-0.2
-0.24
-0.16
-0.3625
-0.275
-0.3375
-0.3
-0.2
-0.16
-0.3825
-0.18
-0.24
-0.205
-0.3625
-0.2
0
0.51
-0.0125
0.51
-0.055
0.51
-0.0125
0.51
-0.0125
0.92
0
0.92
-0.05
0.92
-0.0125
0.92
-0.05
0.93
0
0.93
0
0.93
0
0.93
0
0.93
0
0
0.93
0
0.93
0
0.93
0
0.93
0
0.93
0
0.92
-0.16
0.92
0
0.92
0
0.92
0
0.51
-0.125
0.51
-0.01
0.51
-0.3
-0.16
0
-0.2
-0.16
-0.3
-0.24
-0.32
-0.16
-0.305
-0.16
-0.3
-0.18
-0.2
-0.18
-0.185
-0.345
-0.24
-0.275
-0.275
-0.2
0
-0.16
-0.3
0.51
-0.01
0.51
-0.045
0.51
0
0.92
0
0.92
0
0.92
0
0.92
0
