-29.02
-30.035
-29.02
-30.035
-29.02
-30.035
-29.02
-30.035
-29.02
-30.035
-30.035
-29.02
-30.035
-29.02
-30.035
-29.02
-30.035
-29.02
-30.035
-29.02
-30.035
-29.03
-30.035
-29.03
-30.275
-29.03
-30.035
-29.03
-30.035
-29.44
-30.035
-29.44
-30.085
-30.2
-30.085
-30.2
-30.035
-30.075
-30.035
-30.13
-30.055
-30.055
-30.055
-30.055
-30.055
-30.055
-30.055
-30.055
-30.325
-30.08
-30.035
-30.25
-30.035
-30.085
-30.075
-30.035
-30.2
-30.085
-30.2
-30.085
-29.44
-30.035
-29.44
-30.135
-29.03
-30.035
-29.03
-30.135
-29.03
-30.035
-29.03
-30.135
-29.02
-0.005
-29.02
-0.005
-29.02
-0.005
-29.02
-0.005
-29.02
-0.005
-28.855
-0.125
-28.855
-0.125
-28.855
-0.125
-30.035
0.165
-30.035
0.165
-30.135
0.165
-30.035
0.165
-30.035
0.0716667
-30.035
0.0716667
-30.085
-0.925
-30.085
-0.925
-30.085
-0.925
-30.085
-0.925
-30.035
-0.845
-30.035
-1.425
-30.035
-0.92
-30.035
-0.845
-30.035
-0.845
-30.06
-1.28
-30.035
-0.845
-30.035
-0.845
-30.035
-0.885
-29.3225
-0.0575
-29.03
-0.925
-29.03
-0.455
-29.03
-0.055
-29.03
-0.845
-29.03
-0.055
-29.03
-0.055
-29.03
-0.205
-29.03
-0.455
-29.02
-0.005
-29.02
-0.005
-29.02
-0.005
-29.02
-0.005
-29.02
-0.005
-28.855
-0.125
-28.855
-0.125
-30.035
0.455
-30.035
0.455
-30.035
0.455
-30.035
0.42
-30.035
0.42
-30.035
0.42
-30.08
0.42
-30.035
0.01
-30.085
-0.525
-30.085
-0.525
-30.085
-0.525
-30.035
-0.445
-30.035
-0.695
-30.035
-0.445
-30.035
-0.46
-30.055
-0.425
-30.06
-0.67
-30.035
-0.445
-30.035
-0.445
-30.055
-0.465
-30.065
-0.15
-29.44
-0.42
-29.44
-0.105
-29.44
-0.23
-29.03
-0.005
-29.03
-0.005
-29.03
-0.105
-29.03
-0.005
-29.03
-0.005
-29.02
-0.005
-29.02
-0.005
-29.02
-0.005
-29.02
-0.005
-29.02
-0.005
-28.855
-0.125
-30.035
0.638333
-30.035
0.638333
-30.035
0.638333
-30.035
0.638333
-30.035
0.628333
-30.035
0.628333
-30.035
0.628333
-30.08
0.628333
-30.035
0.218333
-30.085
-0.391667
-30.085
-0.391667
-30.085
-0.391667
-30.035
-0.311667
-30.035
-0.591667
-30.035
-0.471667
-30.055
-0.291667
-30.2
-0.326667
-30.06
-0.521667
-30.035
-0.471667
-30.035
-0.471667
-30.055
-0.291667
-30.075
-0.17
-29.44
-0.0716667
-29.44
-0.0716667
-29.44
-0.0716667
-29.44
-0.155
-29.03
-0.0216667
-29.03
-0.155
-29.03
-0.005
-29.03
-0.005
-29.02
-0.005
-29.02
-0.005
-29.02
-0.005
-29.02
-0.005
-29.02
-0.005
-28.855
-0.125
-30.035
0.7425
-30.035
0.7425
-30.035
0.7425
-30.035
0.7425
-30.035
0.7325
-30.035
0.7325
-30.035
0.7325
-30.08
0.7325
-30.035
0.3225
-30.085
-0.325
-30.085
-0.325
-30.085
-0.325
-30.035
-0.245
-30.055
-0.345
-30.25
-0.205
-30.055
-0.265
-30.085
-0.245
-30.08
-0.4425
-30.035
-0.3675
-30.055
-0.225
-30.035
-0.3675
-30.075
-0.0175
-29.44
-0.055
-29.44
-0.205
-29.44
-0.0175
-29.44
-0.005
-29.03
-0.0175
-29.03
-0.0175
-29.03
-0.005
-29.03
-0.005
-29.02
-0.005
-29.02
-0.005
-29.02
-0.005
-29.02
-0.005
-29.02
-0.005
-28.855
-0.125
-30.035
0.805
-30.035
0.805
-30.035
0.805
-30.035
0.805
-30.035
0.795
-30.035
0.795
-30.035
0.795
-30.08
0.795
-30.035
0.385
-30.035
0.385
-30.085
-0.285
-30.085
-0.285
-30.035
-0.205
-30.035
-0.32
-30.105
-0.28
-30.055
-0.185
-30.055
-0.185
-30.155
-0.225
-30.035
-0.305
-30.035
-0.305
-30.055
-0.185
-30.075
-0.17
-29.44
-0.005
-29.44
-0.015
-29.44
-0.18
-29.44
-0.18
-29.03
-0.005
-29.03
-0.17
-29.03
-0.205
-29.03
-0.005
0.165
-30.035
0.165
-30.035
-0.125
-28.855
-0.125
-28.855
-0.125
-28.855
-0.005
-29.02
-0.005
-29.02
-0.005
-29.02
-0.005
-29.02
-0.005
-29.02
-0.055
-29.03
-0.055
-29.03
-0.055
-29.03
-0.055
-29.03
-0.055
-29.03
-0.055
-29.03
-0.055
-29.03
-0.055
-29.03
-0.0575
-29.3225
-1.28
-30.105
-0.845
-30.135
-0.845
-30.035
-0.845
-30.035
-0.845
-30.035
-0.845
-30.035
-0.845
-30.035
-0.805
-30.085
-0.845
-30.035
-0.925
-30.085
-0.925
-30.085
-0.925
-30.085
-0.925
-30.085
0.0716667
-30.035
0.0716667
-30.035
0.165
-30.035
0.165
-30.135
0.165
-0.005
0.165
-0.005
0.165
-0.005
0.165
-0.005
0.165
-0.005
-0.005
0.165
-0.005
0.165
-0.005
0.165
-0.005
0.165
-0.005
0.165
-0.245
0.165
-0.455
0.165
-0.455
0.0716667
-1.27
0.0716667
-0.055
0.0716667
-0.055
0.0716667
-0.055
0.0716667
-0.055
0.0716667
-0.0575
-0.5425
-0.215
-0.325
-0.875
-0.875
-0.218333
-0.605
-0.215
-0.215
-0.215
-0.215
-0.205
-1.38
-0.225
-0.455
-0.82
-0.885
-0.5425
-0.0575
0.0716667
-0.805
0.0716667
-0.47
0.0716667
-0.055
0.0716667
-0.055
0.0716667
-0.055
0.0716667
-0.455
0.165
-0.455
0.165
-0.28
0.165
-0.005
0.165
-0.005
0.165
-0.005
-0.125
0.575
-0.125
0.575
-0.005
0.455
-0.005
0.455
-0.005
0.455
-0.005
0.455
-0.005
0.455
-0.245
0.455
-1.27
0.42
-0.455
0.42
-1.27
0.42
-0.055
0.42
-0.055
0.42
-0.055
0.42
-0.055
0.42
-0.0575
0.0825
-0.47
-0.155
-0.47
-0.245
-0.621667
-0.126667
-0.47
-0.245
-0.9
-0.44
-0.47
-0.155
-0.47
-0.245
-1.38
-0.42
-0.485
-0.15
-0.575
-0.445
-0.325
-0.26
-0.205
-0.005
0.0716667
-0.005
0.0716667
-0.03
0.0716667
-0.03
0.165
-0.105
0.165
-0.005
0.165
-0.005
0.165
-0.005
0.165
-0.005
-0.125
0.758333
-0.125
0.758333
-0.005
0.638333
-0.005
0.638333
-0.005
0.638333
-0.005
0.638333
-0.005
0.638333
-0.805
0.628333
-1.27
0.628333
-0.455
0.628333
-0.055
0.628333
-0.055
0.628333
-0.055
0.628333
-0.055
0.628333
-0.055
0.628333
-0.0575
0.290833
-0.89
-0.0416667
-0.875
-0.0566667
-0.621667
-0.0783333
-0.845
-0.275
-0.875
-0.116667
-0.78
-0.17
-0.825
-0.331667
-0.845
-0.0716667
-0.845
-0.17
-0.615
-0.0716667
-0.615
-0.0716667
-0.615
-0.436667
0.0716667
-0.0216667
0.0716667
-0.0716667
0.0716667
-0.421667
0.165
-0.17
0.165
-0.0366667
0.165
-0.005
0.165
-0.005
-0.125
0.8625
-0.125
0.8625
-0.125
0.8625
-0.005
0.7425
-0.005
0.7425
-0.005
0.7425
-0.005
0.7425
-0.005
0.7425
-0.805
0.7325
-1.27
0.7325
-0.455
0.7325
-1.27
0.7325
-0.055
0.7325
-0.055
0.7325
-0.055
0.7325
-0.055
0.7325
-0.0575
0.395
-0.885
-0.1175
-0.865
-0.225
-0.84
-0.24
-0.845
-0.245
-0.945
-0.345
-1.305
-0.055
-0.805
-0.4425
-0.845
-0.055
-0.845
-0.0175
-0.925
-0.3675
-0.615
-0.055
-0.615
-0.0175
-0.615
-0.005
0.0716667
-0.0175
0.0716667
-0.1175
0.165
-0.0175
0.165
-0.0325
0.165
-0.005
0.165
-0.005
-0.125
0.925
-0.125
0.925
-0.125
0.925
-0.005
0.805
-0.005
0.805
-0.005
0.805
-0.005
0.805
-0.005
0.805
-0.055
0.795
-1.27
0.795
-0.455
0.795
-1.27
0.795
-0.055
0.795
-0.055
0.795
-0.055
0.795
-0.055
0.795
-0.0575
0.4575
-0.84
-0.26
-0.865
-0.225
-0.84
-0.2
-0.825
-0.26
-1.28
-0.4
-1.28
-0.4
-0.825
-0.2
-0.825
-0.185
-0.845
-0.17
-0.925
-0.305
-0.925
-0.305
-0.615
-0.005
-0.615
-0.255
0.0716667
-0.11
0.0716667
-0.095
0.165
-0.255
0.165
-0.005
0.455
-30.035
0.455
-30.035
0.455
-30.035
-0.125
-28.855
-0.125
-28.855
-0.005
-29.02
-0.005
-29.02
-0.005
-29.02
-0.005
-29.02
-0.005
-29.02
-0.005
-29.03
-0.005
-29.03
-0.005
-29.03
-0.03
-29.03
-0.005
-29.03
-0.105
-29.44
-0.105
-29.44
-0.23
-29.44
-0.15
-30.065
-0.425
-30.1
-0.425
-30.055
-0.445
-30.035
-0.445
-30.035
-0.445
-30.035
-0.445
-30.035
-0.445
-30.035
-0.405
-30.085
-0.445
-30.035
-0.525
-30.085
-0.525
-30.085
-0.525
-30.085
0.01
-30.035
0.42
-30.08
0.42
-30.035
0.42
-30.035
0.42
-30.135
0.455
-0.005
0.455
-0.005
0.455
-0.005
0.455
-0.005
0.455
-0.005
0.575
-0.125
0.575
-0.125
-0.005
0.165
-0.005
0.165
-0.005
0.165
-0.005
0.165
-0.105
0.165
-0.03
0.0716667
-0.03
0.0716667
-0.005
0.0716667
-0.005
-0.205
-0.26
-0.325
-0.445
-0.575
-0.15
-0.485
-0.111667
-0.621667
-0.105
-0.86
-0.111667
-0.621667
-0.245
-0.78
-0.111667
-0.621667
-0.23
-0.885
-0.111667
-0.621667
-0.48
-0.885
0.0825
-0.0575
0.42
-0.925
0.42
-0.88
0.42
-0.055
0.42
-0.88
0.42
-0.455
0.42
-0.455
0.42
-0.455
0.455
-0.28
0.455
-0.005
0.455
-0.005
0.455
-0.005
0.455
-0.005
0.455
-0.005
-0.005
0.455
-0.005
0.455
-0.005
0.455
-0.005
0.455
-0.005
0.455
-0.67
0.42
-0.105
0.42
-0.02
0.42
-0.03
0.42
-0.005
0.42
-0.405
0.01
-0.405
0.01
-0.23
0.01
-0.15
-0.26
-0.245
-0.155
-0.245
-0.245
-0.425
-0.44
-0.425
-0.425
-0.245
-0.365
-0.23
-0.68
-0.245
-0.245
-0.245
-0.245
-0.26
-0.15
0.01
-0.23
0.01
-0.405
0.01
-0.105
0.42
-0.02
0.42
-0.03
0.42
-0.03
0.42
-0.105
0.42
-0.005
0.455
-0.005
0.455
-0.005
0.455
-0.005
0.455
-0.005
-0.125
0.758333
-0.005
0.638333
-0.005
0.638333
-0.005
0.638333
-0.005
0.638333
-0.005
0.638333
-0.67
0.628333
-0.105
0.628333
-0.02
0.628333
-0.005
0.628333
-0.005
0.628333
-0.405
0.218333
-0.405
0.218333
-0.23
0.218333
-0.15
-0.185
-0.46
-0.496667
-0.425
-0.291667
-0.425
-0.291667
-0.425
-0.331667
-0.155
-0.17
-0.68
-0.17
-0.445
-0.17
-0.445
-0.17
-0.445
-0.17
0.01
-0.436667
0.01
-0.0716667
0.01
-0.0716667
0.01
-0.0716667
0.42
-0.155
0.42
-0.0216667
0.42
-0.17
0.42
-0.005
0.455
-0.005
0.455
-0.005
0.455
-0.005
0.455
-0.005
-0.125
0.8625
-0.005
0.7425
-0.005
0.7425
-0.005
0.7425
-0.005
0.7425
-0.005
0.7425
-0.67
0.7325
-0.105
0.7325
-0.02
0.7325
-0.03
0.7325
-0.005
0.7325
-0.405
0.3225
-0.405
0.3225
-0.23
0.3225
-0.15
-0.1475
-0.42
-0.4875
-0.44
-0.225
-0.425
-0.24
-0.425
-0.225
-0.465
-0.345
-0.46
-0.1175
-0.445
-0.3575
-0.445
-0.1175
-0.445
-0.0175
0.01
-0.055
0.01
-0.055
0.01
-0.0175
0.01
-0.005
0.42
-0.0175
0.42
-0.22
0.42
-0.0175
0.42
-0.005
0.455
-0.005
0.455
-0.005
0.455
-0.005
0.455
-0.005
-0.125
0.925
-0.005
0.805
-0.005
0.805
-0.005
0.805
-0.005
0.805
-0.005
0.805
-0.67
0.795
-0.105
0.795
-0.02
0.795
-0.03
0.795
-0.005
0.795
-0.405
0.385
-0.405
0.385
-0.23
0.385
-0.15
-0.125
-0.44
-0.26
-0.44
-0.225
-0.425
-0.2
-0.405
-0.305
-0.405
-0.345
-0.68
-0.165
-0.445
-0.255
-0.425
-0.185
-0.445
-0.17
-0.525
-0.32
0.01
-0.045
0.01
-0.005
0.01
-0.255
0.42
-0.11
0.42
-0.18
0.42
-0.005
0.42
-0.11
0.638333
-30.035
0.638333
-30.035
0.638333
-30.035
0.638333
-30.035
-0.125
-28.855
-0.005
-29.02
-0.005
-29.02
-0.005
-29.02
-0.005
-29.02
-0.005
-29.02
-0.005
-29.03
-0.005
-29.03
-0.0866667
-29.03
-0.005
-29.03
-0.0716667
-29.44
-0.0716667
-29.44
-0.0716667
-29.44
-0.0716667
-29.44
-0.17
-29.56
-0.446667
-30.16
-0.271667
-30.185
-0.311667
-30.035
-0.291667
-30.055
-0.291667
-30.055
-0.326667
-30.08
-0.291667
-30.055
-0.271667
-30.085
-0.311667
-30.035
-0.391667
-30.085
-0.391667
-30.085
-0.391667
-30.085
0.218333
-30.035
0.628333
-30.035
0.628333
-30.2
0.628333
-30.035
0.628333
-30.135
0.638333
-0.005
0.638333
-0.005
0.638333
-0.005
0.638333
-0.005
0.638333
-0.005
0.758333
-0.125
0.758333
-0.125
-0.005
0.165
-0.005
0.165
-0.005
0.165
-0.005
0.165
-0.005
0.165
-0.0216667
0.0716667
-0.155
0.0716667
-0.271667
0.0716667
-0.0716667
-0.615
-0.0716667
-0.615
-0.436667
-0.615
-0.17
-0.78
-0.17
-0.78
-0.17
-0.78
-0.0716667
-0.86
-0.0716667
-0.885
-0.17
-0.78
-0.0716667
-1.38
-0.0783333
-0.621667
-0.0716667
-0.885
0.290833
-0.0575
0.628333
-0.925
0.628333
-0.47
0.628333
-0.055
0.628333
-0.055
0.628333
-0.055
0.628333
-0.455
0.628333
-0.455
0.628333
-0.925
0.638333
-0.005
0.638333
-0.005
0.638333
-0.005
0.638333
-0.005
0.638333
-0.005
0.758333
-0.125
-0.005
0.455
-0.005
0.455
-0.005
0.455
-0.005
0.455
-0.005
0.42
-0.436667
0.42
-0.0866667
0.42
-0.23
0.42
-0.436667
0.01
-0.0716667
0.01
-0.0716667
0.01
-0.436667
0.01
-0.17
-0.155
-0.17
-0.155
-0.155
-0.445
-0.17
-0.17
-0.17
-0.23
-0.17
-0.46
-0.17
-0.155
-0.155
-0.565
-0.116667
-0.37
-0.185
-0.15
0.218333
-0.23
0.218333
-0.405
0.218333
-0.105
0.628333
-0.02
0.628333
-0.03
0.628333
-0.03
0.628333
-0.105
0.628333
-0.005
0.638333
-0.005
0.638333
-0.005
0.638333
-0.005
0.638333
-0.005
0.638333
-0.005
-0.005
0.638333
-0.005
0.638333
-0.005
0.638333
-0.005
0.638333
-0.005
0.638333
-0.005
0.628333
-0.436667
0.628333
-0.0866667
0.628333
-0.005
0.628333
-0.436667
0.218333
-0.0716667
0.218333
-0.0716667
0.218333
-0.436667
0.218333
-0.17
0.0533333
-0.311667
-0.541667
-0.311667
-0.436667
-0.386667
-0.421667
-0.271667
-0.591667
-0.0416667
-0.116667
-0.271667
-0.591667
-0.291667
-0.331667
-0.291667
-0.306667
-0.311667
-0.17
0.218333
-0.436667
0.218333
-0.0716667
0.218333
-0.0716667
0.218333
-0.0716667
0.628333
-0.0716667
0.628333
-0.0216667
0.628333
-0.17
0.628333
-0.005
0.638333
-0.005
0.638333
-0.005
0.638333
-0.005
0.638333
-0.005
0.638333
-0.005
-0.005
0.7425
-0.005
0.7425
-0.005
0.7425
-0.005
0.7425
-0.005
0.7425
-0.005
0.7325
-0.436667
0.7325
-0.0866667
0.7325
-0.23
0.7325
-0.436667
0.3225
-0.0716667
0.3225
-0.0716667
0.3225
-0.436667
0.3225
-0.17
0.1575
-0.311667
-0.4375
-0.291667
-0.225
-0.386667
-0.3325
-0.311667
-0.3575
-0.306667
-0.345
-0.446667
-0.4175
-0.311667
-0.3575
-0.271667
-0.3675
-0.311667
-0.0175
0.218333
-0.3175
0.218333
-0.055
0.218333
-0.0175
0.218333
-0.005
0.628333
-0.0175
0.628333
-0.22
0.628333
-0.0175
0.628333
-0.005
0.638333
-0.005
0.638333
-0.005
0.638333
-0.005
0.638333
-0.005
-0.125
0.925
-0.005
0.805
-0.005
0.805
-0.005
0.805
-0.005
0.805
-0.005
0.805
-0.005
0.795
-0.436667
0.795
-0.0866667
0.795
-0.23
0.795
-0.436667
0.385
-0.0716667
0.385
-0.0716667
0.385
-0.436667
0.385
-0.17
0.22
-0.286667
-0.305
-0.291667
-0.185
-0.346667
-0.38
-0.311667
-0.255
-0.291667
-0.185
-0.291667
-0.185
-0.311667
-0.255
-0.291667
-0.185
-0.311667
-0.17
-0.391667
-0.305
0.218333
-0.045
0.218333
-0.005
0.218333
-0.255
0.628333
-0.11
0.628333
-0.18
0.628333
-0.005
0.628333
-0.11
0.7425
-30.035
0.7425
-30.035
0.7425
-30.035
0.7425
-30.035
-0.125
-28.855
-0.005
-29.02
-0.005
-29.02
-0.005
-29.02
-0.005
-29.02
-0.005
-29.02
-0.005
-29.03
-0.005
-29.03
-0.005
-29.03
-0.005
-29.03
-0.005
-29.44
-0.005
-29.44
-0.005
-29.44
-0.005
-29.44
-0.0175
-30.075
-0.3425
-30.3
-0.225
-30.055
-0.225
-30.155
-0.225
-30.055
-0.225
-30.055
-0.4075
-30.08
-0.225
-30.055
-0.205
-30.085
-0.245
-30.035
-0.325
-30.085
-0.325
-30.085
-0.325
-30.085
0.3225
-30.135
0.7325
-30.035
0.7325
-30.035
0.7325
-30.035
0.7325
-30.035
0.7425
-0.005
0.7425
-0.005
0.7425
-0.005
0.7425
-0.005
0.7425
-0.005
0.8625
-0.125
0.8625
-0.125
0.8625
-0.125
-0.005
0.165
-0.005
0.165
-0.1175
0.165
-0.0175
0.165
-0.0175
0.0716667
-0.0175
0.0716667
-0.005
-0.615
-0.055
-0.615
-0.0175
-0.615
-0.3675
-0.925
-0.0175
-0.845
-0.055
-1.32
-0.055
-0.86
-0.055
-0.845
-0.055
-0.885
-0.225
-0.865
-0.055
-1.38
-0.225
-0.865
-0.055
-0.885
0.395
-0.0575
0.7325
-0.925
0.7325
-0.88
0.7325
-0.055
0.7325
-0.88
0.7325
-0.055
0.7325
-0.455
0.7325
-0.455
0.7325
-0.925
0.7425
-0.005
0.7425
-0.005
0.7425
-0.005
0.7425
-0.005
0.7425
-0.005
0.8625
-0.125
-0.005
0.455
-0.005
0.455
-0.005
0.455
-0.005
0.455
-0.005
0.42
-0.0175
0.42
-0.0175
0.42
-0.0175
0.42
-0.005
0.01
-0.055
0.01
-0.0175
0.01
-0.005
0.01
-0.0175
-0.445
-0.3825
-0.42
-0.205
-0.72
-0.1175
-0.68
-0.225
-0.425
-0.3675
-0.42
-0.205
-0.72
-0.225
-0.465
-0.1175
-0.445
-0.1475
-0.15
0.3225
-0.23
0.3225
-0.405
0.3225
-0.105
0.7325
-0.02
0.7325
-0.03
0.7325
-0.03
0.7325
-0.105
0.7325
-0.005
0.7425
-0.005
0.7425
-0.005
0.7425
-0.005
0.7425
-0.005
0.7425
-0.005
-0.005
0.638333
-0.005
0.638333
-0.005
0.638333
-0.005
0.638333
-0.005
0.638333
-0.005
0.628333
-0.0175
0.628333
-0.0175
0.628333
-0.005
0.628333
-0.005
0.218333
-0.055
0.218333
-0.0175
0.218333
-0.005
0.218333
-0.0175
-0.311667
-0.265
-0.331667
-0.225
-0.331667
-0.4075
-0.311667
-0.205
-0.591667
-0.3675
-0.346667
-0.3675
-0.311667
-0.225
-0.306667
-0.225
-0.306667
-0.245
-0.17
0.3225
-0.436667
0.3225
-0.0716667
0.3225
-0.0716667
0.3225
-0.0716667
0.7325
-0.0716667
0.7325
-0.0216667
0.7325
-0.17
0.7325
-0.005
0.7425
-0.005
0.7425
-0.005
0.7425
-0.005
0.7425
-0.005
0.7425
-0.005
-0.005
0.7425
-0.005
0.7425
-0.005
0.7425
-0.005
0.7425
-0.005
0.7425
-0.005
0.7325
-0.0175
0.7325
-0.0175
0.7325
-0.0175
0.7325
-0.005
0.3225
-0.055
0.3225
-0.0175
0.3225
-0.005
0.3225
-0.0175
-0.245
-0.245
-0.4875
-0.265
-0.225
-0.4075
-0.22
-0.3425
-0.4175
-0.225
-0.225
-0.3675
-0.245
-0.225
-0.225
-0.225
-0.225
-0.245
-0.0175
0.3225
-0.055
0.3225
-0.055
0.3225
-0.0175
0.3225
-0.005
0.7325
-0.0175
0.7325
-0.22
0.7325
-0.0175
0.7325
-0.005
0.7425
-0.005
0.7425
-0.005
0.7425
-0.005
0.7425
-0.005
0.7425
-0.005
-0.005
0.805
-0.005
0.805
-0.005
0.805
-0.005
0.805
-0.005
0.805
-0.005
0.795
-0.0175
0.795
-0.0175
0.795
-0.0175
0.795
-0.005
0.385
-0.055
0.385
-0.0175
0.385
-0.005
0.385
-0.0175
-0.205
-0.24
-0.26
-0.22
-0.305
-0.245
-0.38
-0.225
-0.26
-0.225
-0.185
-0.3675
-0.165
-0.225
-0.185
-0.225
-0.185
-0.245
-0.17
-0.325
-0.305
0.3225
-0.045
0.3225
-0.005
0.3225
-0.255
0.7325
-0.11
0.7325
-0.18
0.7325
-0.005
0.7325
-0.11
0.805
-30.035
0.805
-30.035
0.805
-30.035
0.805
-30.035
-0.125
-28.855
-0.005
-29.02
-0.005
-29.02
-0.005
-29.02
-0.005
-29.02
-0.005
-29.02
-0.005
-29.03
-0.005
-29.03
-0.005
-29.03
-0.17
-29.03
-0.005
-29.44
-0.005
-29.44
-0.165
-29.44
-0.005
-29.44
-0.17
-30.075
-0.185
-30.1
-0.185
-30.055
-0.185
-30.155
-0.185
-30.055
-0.185
-30.055
-0.185
-30.055
-0.185
-30.055
-0.165
-30.085
-0.205
-30.035
-0.285
-30.085
-0.285
-30.085
0.385
-30.035
0.385
-30.035
0.795
-30.035
0.795
-30.035
0.795
-30.035
0.795
-30.135
0.805
-0.005
0.805
-0.005
0.805
-0.005
0.805
-0.005
0.805
-0.005
0.925
-0.125
0.925
-0.125
0.925
-0.125
-0.005
0.165
-0.005
0.165
-0.005
0.165
-0.255
0.165
-0.18
0.0716667
-0.17
0.0716667
-0.005
-0.615
-0.095
-0.615
-0.305
-0.925
-0.305
-0.925
-0.17
-0.845
-0.185
-0.9
-0.17
-0.845
-0.045
-0.86
-0.095
-0.885
-0.225
-0.865
-0.095
-1.38
-0.045
-0.885
-0.045
-0.885
0.4575
-0.0575
0.795
-0.055
0.795
-0.47
0.795
-0.055
0.795
-0.055
0.795
-0.055
0.795
-0.455
0.795
-0.455
0.795
-0.205
0.805
-0.005
0.805
-0.005
0.805
-0.005
0.805
-0.005
0.805
-0.005
0.925
-0.125
-0.005
0.455
-0.005
0.455
-0.005
0.455
-0.005
0.455
-0.11
0.42
-0.015
0.42
-0.02
0.42
-0.17
0.42
-0.005
0.01
-0.095
0.01
-0.165
0.01
-0.305
-0.525
-0.17
-0.445
-0.165
-0.755
-0.4
-0.67
-0.165
-0.68
-0.185
-0.425
-0.185
-0.44
-0.095
-0.72
-0.095
-0.46
-0.095
-0.445
-0.125
-0.15
0.385
-0.23
0.385
-0.405
0.385
-0.63
0.795
-0.02
0.795
-0.03
0.795
-0.03
0.795
-0.105
0.795
-0.03
0.805
-0.005
0.805
-0.005
0.805
-0.005
0.805
-0.005
0.805
-0.005
0.925
-0.125
-0.005
0.638333
-0.005
0.638333
-0.005
0.638333
-0.005
0.638333
-0.11
0.628333
-0.015
0.628333
-0.02
0.628333
-0.005
0.628333
-0.005
0.218333
-0.095
0.218333
-0.165
0.218333
-0.305
-0.391667
-0.17
-0.311667
-0.165
-0.546667
-0.165
-0.471667
-0.165
-0.471667
-0.165
-0.591667
-0.185
-0.366667
-0.2
-0.366667
-0.185
-0.331667
-0.185
-0.306667
-0.205
-0.17
0.385
-0.0716667
0.385
-0.0716667
0.385
-0.436667
0.385
-0.0716667
0.795
-0.0716667
0.795
-0.0216667
0.795
-0.17
0.795
-0.005
0.805
-0.005
0.805
-0.005
0.805
-0.005
0.805
-0.005
0.805
-0.005
-0.005
0.7425
-0.005
0.7425
-0.005
0.7425
-0.005
0.7425
-0.005
0.7425
-0.11
0.7325
-0.015
0.7325
-0.02
0.7325
-0.17
0.7325
-0.005
0.3225
-0.095
0.3225
-0.165
0.3225
-0.305
-0.325
-0.17
-0.245
-0.165
-0.4425
-0.2
-0.225
-0.185
-0.24
-0.305
-0.245
-0.185
-0.225
-0.28
-0.4175
-0.185
-0.225
-0.165
-0.3675
-0.205
-0.0175
0.385
-0.055
0.385
-0.055
0.385
-0.0175
0.385
-0.005
0.795
-0.0175
0.795
-0.22
0.795
-0.0175
0.795
-0.055
0.805
-0.005
0.805
-0.005
0.805
-0.005
0.805
-0.005
0.805
-0.005
-0.005
0.805
-0.005
0.805
-0.005
0.805
-0.005
0.805
-0.005
0.805
-0.11
0.795
-0.015
0.795
-0.02
0.795
-0.17
0.795
-0.005
0.385
-0.095
0.385
-0.165
0.385
-0.305
-0.285
-0.17
-0.205
-0.165
-0.38
-0.2
-0.225
-0.185
-0.2
-0.185
-0.26
-0.185
-0.185
-0.28
-0.4
-0.185
-0.185
-0.185
-0.185
-0.205
-0.17
-0.285
-0.305
0.385
-0.045
0.385
-0.005
0.385
-0.255
0.795
-0.11
0.795
-0.18
0.795
-0.005
0.795
-0.33
