-29.03
-30.035
-29.03
-30.035
-29.03
-30.035
-29.03
-30.035
-29.02
-30.035
-30.035
-29.02
-30.035
-29.03
-30.035
-29.03
-30.035
-29.03
-30.035
-29.03
-30.035
-29.03
-30.035
-29.44
-30.035
-29.44
-30.035
-29.44
-30.035
-29.44
-30.085
-30.2
-30.085
-30.2
-30.085
-30.2
-30.035
-30.075
-30.035
-30.185
-30.055
-30.055
-30.055
-30.055
-30.055
-30.155
-30.055
-30.055
-30.055
-30.055
-30.035
-30.25
-30.055
-30.055
-30.075
-30.035
-30.2
-30.085
-30.2
-30.085
-30.2
-30.085
-29.44
-30.035
-29.44
-30.035
-29.44
-30.035
-29.44
-30.035
-29.03
-30.035
-29.03
-0.005
-29.03
-0.005
-29.03
-0.005
-29.03
-0.005
-29.02
-0.005
-28.855
-0.125
-28.855
-0.125
-28.855
-0.125
-28.855
-0.125
-28.855
-0.125
-28.855
-0.125
-29.06
-0.18
-29.385
-0.338333
-29.385
-0.338333
-30.085
-0.925
-30.085
-0.925
-30.085
-0.925
-30.085
-0.925
-30.035
-0.845
-30.035
-0.86
-30.035
-0.885
-30.035
-0.86
-30.035
-0.845
-30.06
-1.32
-30.035
-0.845
-30.035
-0.845
-30.135
-1.38
-30.0483
-0.605
-29.03
-0.005
-29.03
-0.005
-29.03
-0.005
-29.03
-0.005
-29.03
-0.005
-29.03
-0.005
-29.03
-0.005
-29.03
-0.005
-29.03
-0.005
-29.03
-0.005
-29.03
-0.005
-29.03
-0.005
-29.02
-0.005
-28.855
-0.125
-28.855
-0.125
-28.855
-0.125
-28.855
-0.125
-28.855
-0.125
-30.035
0.42
-30.035
0.01
-30.035
0.01
-30.085
-0.525
-30.085
-0.525
-30.085
-0.525
-30.085
-0.525
-30.085
-0.525
-30.035
-0.445
-30.035
-0.68
-30.035
-0.445
-30.035
-0.46
-30.035
-0.68
-30.035
-0.695
-30.035
-0.445
-30.035
-0.445
-30.135
-0.445
-30.065
-0.63
-29.44
-0.005
-29.44
-0.005
-29.44
-0.005
-29.44
-0.005
-29.44
-0.005
-29.44
-0.005
-29.03
-0.005
-29.03
-0.005
-29.03
-0.005
-29.03
-0.005
-29.03
-0.005
-29.03
-0.005
-29.02
-0.005
-28.855
-0.125
-28.855
-0.125
-30.035
0.628333
-30.035
0.628333
-30.035
0.628333
-30.035
0.628333
-30.035
0.218333
-30.035
0.218333
-30.035
0.218333
-30.085
-0.391667
-30.085
-0.391667
-30.085
-0.391667
-30.085
-0.391667
-30.035
-0.311667
-30.035
-0.511667
-30.035
-0.471667
-30.055
-0.306667
-30.055
-0.291667
-30.06
-0.486667
-30.035
-0.486667
-30.055
-0.291667
-30.135
-0.546667
-30.075
-0.541667
-29.44
-0.005
-29.44
-0.005
-29.44
-0.005
-29.44
-0.005
-29.44
-0.005
-29.44
-0.005
-29.44
-0.005
-29.44
-0.005
-29.03
-0.005
-29.03
-0.005
-29.03
-0.005
-29.03
-0.005
-29.02
-0.005
-28.855
-0.125
-30.035
0.7325
-30.035
0.7325
-30.035
0.7325
-30.035
0.7325
-30.035
0.7325
-30.035
0.3225
-30.035
0.3225
-30.035
0.3225
-30.085
-0.325
-30.085
-0.325
-30.085
-0.325
-30.085
-0.325
-30.035
-0.245
-30.035
-0.3825
-30.055
-0.265
-30.055
-0.265
-30.055
-0.225
-30.155
-0.265
-30.035
-0.4075
-30.055
-0.225
-30.13
-0.205
-30.055
-0.3
-29.44
-0.005
-29.44
-0.005
-29.44
-0.005
-29.44
-0.005
-29.44
-0.005
-29.44
-0.005
-29.44
-0.005
-29.44
-0.005
-29.03
-0.005
-29.03
-0.005
-29.03
-0.005
-29.03
-0.005
-29.02
-0.005
-28.855
-0.125
-30.035
0.795
-30.035
0.795
-30.035
0.795
-30.035
0.795
-30.035
0.795
-30.035
0.385
-30.035
0.385
-30.035
0.385
-30.085
-0.285
-30.085
-0.285
-30.085
-0.285
-30.085
-0.285
-30.035
-0.205
-30.055
-0.185
-30.055
-0.185
-30.055
-0.185
-30.055
-0.185
-30.055
-0.185
-30.035
-0.305
-30.035
-0.305
-30.055
-0.305
-30.075
-0.285
-30.24
-0.005
-29.44
-0.005
-29.44
-0.005
-29.44
-0.005
-29.44
-0.005
-29.44
-0.005
-29.44
-0.005
-29.44
-0.005
-0.125
-28.855
-0.125
-28.855
-0.125
-28.855
-0.125
-28.855
-0.125
-28.855
-0.005
-29.02
-0.005
-29.03
-0.005
-29.03
-0.005
-29.03
-0.005
-29.03
-0.005
-29.03
-0.005
-29.03
-0.005
-29.03
-0.005
-29.03
-0.005
-29.03
-0.005
-29.03
-0.005
-29.03
-0.005
-29.03
-0.605
-30.0483
-0.845
-30.035
-0.845
-30.135
-0.825
-30.22
-0.845
-30.2
-0.825
-30.055
-0.845
-30.035
-0.805
-30.25
-0.845
-30.035
-0.845
-30.035
-0.925
-30.085
-0.925
-30.085
-0.925
-30.085
-0.925
-30.085
-0.338333
-29.385
-0.338333
-29.385
-0.18
-29.06
-0.125
-28.855
0.0716667
-0.005
0.165
-0.005
0.165
-0.005
0.165
-0.005
0.165
-0.005
-0.005
0.165
-0.005
0.165
-0.005
0.165
-0.005
0.165
-0.005
0.0716667
-0.005
0.0716667
-0.005
0.0716667
-0.005
0.0716667
-0.005
0.0716667
-0.005
0.0716667
-0.005
0.0716667
-0.005
0.0716667
-0.005
0.0716667
-0.605
-0.218333
-1.38
-0.88
-0.88
-1.38
-0.615
-0.455
-1.27
-1.38
-1.27
-1.38
-0.495
-1.38
-0.88
-1.38
-0.205
-1.38
-0.218333
-0.605
0.0716667
-0.005
0.0716667
-0.005
0.0716667
-0.005
0.0716667
-0.005
0.0716667
-0.005
0.0716667
-0.005
0.0716667
-0.005
0.0716667
-0.005
-0.125
0.575
-0.125
0.575
-0.125
0.575
-0.125
0.575
-0.125
0.575
-0.005
0.455
-0.005
0.455
-0.005
0.42
-0.005
0.42
-0.005
0.42
-0.005
0.42
-0.005
0.42
-0.005
0.42
-0.005
0.42
-0.005
0.42
-0.005
0.42
-0.005
0.42
-0.005
0.42
-0.605
-0.118333
-1.295
-0.46
-1.38
-0.12
-0.615
-0.445
-1.38
-0.245
-1.38
-0.525
-0.485
-0.645
-0.495
-0.63
-0.485
-0.405
-0.485
-0.63
-0.605
-0.005
-0.335
0.075
-0.335
0.075
-0.335
0.075
-0.205
-0.005
-0.205
-0.005
-0.18
0.345
-0.125
0.575
-0.125
0.758333
-0.125
0.758333
-0.125
0.758333
-0.125
0.758333
-0.125
0.758333
-0.005
0.638333
-0.005
0.628333
-0.005
0.628333
-0.005
0.628333
-0.005
0.628333
-0.005
0.628333
-0.005
0.628333
-0.005
0.628333
-0.005
0.628333
-0.005
0.628333
-0.005
0.628333
-0.005
0.628333
-0.005
0.628333
-0.605
-0.085
-1.38
-0.496667
-1.38
-0.541667
-0.57
-0.346667
-1.4
-0.446667
-1.4
-0.566667
-1.27
-0.546667
-0.885
-0.391667
-1.255
-0.511667
-0.845
-0.541667
-0.615
-0.005
-0.615
-0.005
-0.615
-0.005
-0.615
-0.005
-0.338333
0.228333
-0.338333
0.228333
-0.18
0.553333
-0.125
0.758333
-0.125
0.8625
-0.125
0.8625
-0.125
0.8625
-0.125
0.8625
-0.125
0.8625
-0.005
0.7425
-0.005
0.7325
-0.005
0.7325
-0.005
0.7325
-0.005
0.7325
-0.005
0.7325
-0.005
0.7325
-0.005
0.7325
-0.005
0.7325
-0.005
0.7325
-0.005
0.7325
-0.005
0.7325
-0.005
0.7325
-0.605
-0.0683333
-1.38
-0.3925
-1.38
-0.3575
-1.38
-0.2375
-1.4
-0.4625
-1.4
-0.3825
-0.88
-0.3675
-1.32
-0.28
-0.885
-0.245
-0.825
-0.3
-0.965
-0.005
-0.615
-0.005
-0.615
-0.005
-0.615
-0.005
-0.338333
0.3325
-0.338333
0.3325
-0.18
0.6575
-0.125
0.8625
-0.125
0.925
-0.125
0.925
-0.125
0.925
-0.125
0.925
-0.125
0.925
-0.005
0.805
-0.005
0.795
-0.005
0.795
-0.005
0.795
-0.005
0.795
-0.005
0.795
-0.005
0.795
-0.005
0.795
-0.005
0.795
-0.005
0.795
-0.005
0.795
-0.005
0.795
-0.005
0.795
-0.605
-0.0583333
-1.38
-0.24
-1.38
-0.215
-0.885
-0.375
-1.4
-0.32
-1.4
-0.295
-0.945
-0.305
-1.32
-0.28
-0.885
-0.215
-0.845
-0.285
-0.965
-0.005
-0.965
-0.005
-0.615
-0.005
-0.338333
0.395
-0.338333
0.395
-0.338333
0.395
-0.18
0.72
-0.125
0.925
-0.125
-28.855
-0.125
-28.855
-0.125
-28.855
-0.125
-28.855
-0.125
-28.855
-0.005
-29.02
-0.005
-29.03
-0.005
-29.03
-0.005
-29.03
-0.005
-29.03
-0.005
-29.03
-0.005
-29.03
-0.005
-29.44
-0.005
-29.44
-0.005
-29.44
-0.005
-29.44
-0.005
-29.44
-0.005
-29.44
-0.63
-30.075
-0.445
-30.035
-0.445
-30.135
-0.445
-30.135
-0.445
-30.2
-0.425
-30.055
-0.445
-30.035
-0.445
-30.035
-0.445
-30.035
-0.445
-30.035
-0.525
-30.085
-0.525
-30.085
-0.525
-30.085
-0.525
-30.085
-0.525
-30.085
0.01
-30.035
0.01
-30.035
0.42
-30.035
0.42
-0.005
0.42
-0.005
0.42
-0.005
0.455
-0.005
0.455
-0.005
0.575
-0.125
0.575
-0.125
0.575
-0.125
0.575
-0.125
0.575
-0.125
0.575
-0.125
0.345
-0.18
-0.005
-0.205
-0.005
-0.205
0.075
-0.335
0.075
-0.335
0.075
-0.335
-0.005
-0.605
-0.63
-0.845
-0.63
-0.885
-0.27
-1.38
-0.645
-0.885
-0.645
-1.425
-0.405
-1.38
-0.645
-1.38
-0.405
-1.38
-0.105
-1.38
-0.118333
-0.605
0.42
-0.005
0.42
-0.005
0.42
-0.005
0.42
-0.005
0.42
-0.005
0.42
-0.005
0.42
-0.005
0.42
-0.005
0.42
-0.005
0.42
-0.005
0.42
-0.005
0.42
-0.005
0.455
-0.005
-0.005
0.455
-0.005
0.42
-0.005
0.42
-0.005
0.42
-0.005
0.42
-0.005
0.42
-0.005
0.42
-0.005
0.195
-0.005
0.01
-0.005
0.01
-0.005
0.01
-0.005
0.01
-0.005
0.01
-0.63
-0.445
-0.5
-0.425
-0.63
-0.46
-0.63
-0.445
-0.63
-0.485
-0.46
-0.63
-0.445
-0.645
-0.445
-0.645
-0.445
-0.35
-0.26
-0.63
0.01
-0.005
0.01
-0.005
0.01
-0.005
0.01
-0.005
0.01
-0.005
0.195
-0.005
0.42
-0.005
0.42
-0.005
0.42
-0.005
0.42
-0.005
0.42
-0.005
0.42
-0.005
-0.125
0.758333
-0.005
0.638333
-0.005
0.628333
-0.005
0.628333
-0.005
0.628333
-0.005
0.628333
-0.005
0.628333
-0.005
0.628333
-0.005
0.218333
-0.005
0.218333
-0.005
0.218333
-0.005
0.218333
-0.005
0.218333
-0.005
0.218333
-0.63
-0.311667
-0.52
-0.436667
-0.63
-0.591667
-0.63
-0.546667
-0.63
-0.311667
-0.405
-0.591667
-0.63
-0.546667
-0.42
-0.591667
-0.405
-0.486667
-0.445
-0.541667
0.01
-0.005
0.01
-0.005
0.01
-0.005
0.01
-0.005
0.01
-0.005
0.01
-0.005
0.01
-0.005
0.01
-0.005
0.42
-0.005
0.42
-0.005
0.42
-0.005
-0.125
0.8625
-0.125
0.8625
-0.005
0.7425
-0.005
0.7325
-0.005
0.7325
-0.005
0.7325
-0.005
0.7325
-0.005
0.7325
-0.005
0.7325
-0.005
0.3225
-0.005
0.3225
-0.005
0.3225
-0.005
0.3225
-0.005
0.3225
-0.005
0.3225
-0.63
-0.245
-0.5
-0.24
-0.565
-0.3925
-0.445
-0.1925
-0.485
-0.3175
-0.405
-0.4875
-0.405
-0.4875
-0.525
-0.3825
-0.405
-0.3825
-0.425
-0.3
0.01
-0.005
0.01
-0.005
0.01
-0.005
0.01
-0.005
0.01
-0.005
0.01
-0.005
0.01
-0.005
0.01
-0.005
0.42
-0.005
0.42
-0.005
-0.125
0.925
-0.125
0.925
-0.125
0.925
-0.005
0.805
-0.005
0.795
-0.005
0.795
-0.005
0.795
-0.005
0.795
-0.005
0.795
-0.005
0.795
-0.005
0.385
-0.005
0.385
-0.005
0.385
-0.005
0.385
-0.005
0.385
-0.005
0.385
-0.63
-0.205
-0.485
-0.11
-0.445
-0.27
-0.445
-0.375
-0.695
-0.375
-0.405
-0.305
-0.405
-0.425
-0.405
-0.305
-0.52
-0.295
-0.445
-0.285
-0.565
-0.005
0.01
-0.005
0.01
-0.005
0.01
-0.005
0.01
-0.005
0.01
-0.005
0.01
-0.005
0.01
-0.005
0.628333
-30.035
0.628333
-30.035
0.628333
-30.035
-0.125
-28.855
-0.125
-28.855
-0.005
-29.02
-0.005
-29.03
-0.005
-29.03
-0.005
-29.03
-0.005
-29.03
-0.005
-29.44
-0.005
-29.44
-0.005
-29.44
-0.005
-29.44
-0.005
-29.44
-0.005
-29.44
-0.005
-29.44
-0.005
-29.44
-0.541667
-30.075
-0.311667
-30.035
-0.271667
-30.185
-0.311667
-30.135
-0.311667
-30.2
-0.291667
-30.055
-0.291667
-30.055
-0.311667
-30.035
-0.271667
-30.085
-0.311667
-30.035
-0.391667
-30.085
-0.391667
-30.085
-0.391667
-30.085
-0.391667
-30.085
0.218333
-30.035
0.218333
-30.035
0.218333
-30.035
0.628333
-30.035
0.628333
-0.005
0.628333
-0.005
0.628333
-0.005
0.628333
-0.005
0.638333
-0.005
0.758333
-0.125
0.758333
-0.125
0.758333
-0.125
0.758333
-0.125
0.758333
-0.125
0.758333
-0.125
0.553333
-0.18
0.228333
-0.338333
0.228333
-0.338333
-0.005
-0.615
-0.005
-0.615
-0.005
-0.615
-0.005
-0.615
-0.541667
-0.845
-0.546667
-0.845
-0.446667
-1.4
-0.591667
-0.88
-0.541667
-1.38
-0.446667
-1.4
-0.0716667
-1.38
-0.311667
-1.38
-0.0716667
-1.38
-0.085
-0.605
0.628333
-0.005
0.628333
-0.005
0.628333
-0.005
0.628333
-0.005
0.628333
-0.005
0.628333
-0.005
0.628333
-0.005
0.628333
-0.005
0.628333
-0.005
0.628333
-0.005
0.628333
-0.005
0.628333
-0.005
0.638333
-0.005
0.758333
-0.125
-0.005
0.42
-0.005
0.42
-0.005
0.42
-0.005
0.42
-0.005
0.01
-0.005
0.01
-0.005
0.01
-0.005
0.01
-0.005
0.01
-0.005
0.01
-0.005
0.01
-0.005
0.01
-0.541667
-0.445
-0.351667
-0.705
-0.471667
-0.645
-0.421667
-0.485
-0.421667
-0.565
-0.546667
-0.525
-0.591667
-0.445
-0.486667
-0.63
-0.155
-0.68
-0.185
-0.63
0.218333
-0.005
0.218333
-0.005
0.218333
-0.005
0.218333
-0.005
0.218333
-0.005
0.218333
-0.005
0.628333
-0.005
0.628333
-0.005
0.628333
-0.005
0.628333
-0.005
0.628333
-0.005
0.628333
-0.005
0.638333
-0.005
-0.005
0.638333
-0.005
0.628333
-0.005
0.628333
-0.005
0.628333
-0.005
0.628333
-0.005
0.218333
-0.005
0.218333
-0.005
0.218333
-0.005
0.218333
-0.005
0.218333
-0.005
0.218333
-0.005
0.218333
-0.005
0.218333
-0.541667
-0.311667
-0.566667
-0.566667
-0.521667
-0.566667
-0.591667
-0.421667
-0.591667
-0.496667
-0.566667
-0.566667
-0.566667
-0.566667
-0.446667
-0.566667
-0.311667
-0.421667
-0.311667
-0.541667
0.218333
-0.005
0.218333
-0.005
0.218333
-0.005
0.218333
-0.005
0.218333
-0.005
0.218333
-0.005
0.218333
-0.005
0.218333
-0.005
0.628333
-0.005
0.628333
-0.005
0.628333
-0.005
0.628333
-0.005
0.638333
-0.005
-0.005
0.7425
-0.005
0.7325
-0.005
0.7325
-0.005
0.7325
-0.005
0.7325
-0.005
0.3225
-0.005
0.3225
-0.005
0.3225
-0.005
0.3225
-0.005
0.3225
-0.005
0.3225
-0.005
0.3225
-0.005
0.3225
-0.541667
-0.245
-0.546667
-0.22
-0.591667
-0.325
-0.486667
-0.205
-0.591667
-0.3175
-0.311667
-0.4875
-0.471667
-0.28
-0.446667
-0.3425
-0.271667
-0.3825
-0.291667
-0.3
0.218333
-0.005
0.218333
-0.005
0.218333
-0.005
0.218333
-0.005
0.218333
-0.005
0.218333
-0.005
0.218333
-0.005
0.218333
-0.005
0.628333
-0.005
0.628333
-0.005
0.628333
-0.005
0.628333
-0.005
-0.125
0.925
-0.005
0.805
-0.005
0.795
-0.005
0.795
-0.005
0.795
-0.005
0.795
-0.005
0.385
-0.005
0.385
-0.005
0.385
-0.005
0.385
-0.005
0.385
-0.005
0.385
-0.005
0.385
-0.005
0.385
-0.541667
-0.205
-0.566667
-0.28
-0.471667
-0.255
-0.566667
-0.355
-0.591667
-0.375
-0.546667
-0.375
-0.461667
-0.28
-0.486667
-0.375
-0.386667
-0.295
-0.311667
-0.285
-0.431667
-0.005
0.218333
-0.005
0.218333
-0.005
0.218333
-0.005
0.218333
-0.005
0.218333
-0.005
0.218333
-0.005
0.218333
-0.005
0.7325
-30.035
0.7325
-30.035
0.7325
-30.035
0.7325
-30.035
-0.125
-28.855
-0.005
-29.02
-0.005
-29.03
-0.005
-29.03
-0.005
-29.03
-0.005
-29.03
-0.005
-29.44
-0.005
-29.44
-0.005
-29.44
-0.005
-29.44
-0.005
-29.44
-0.005
-29.44
-0.005
-29.44
-0.005
-29.44
-0.3
-30.055
-0.225
-30.1
-0.205
-30.185
-0.225
-30.22
-0.225
-30.295
-0.225
-30.055
-0.225
-30.055
-0.205
-30.25
-0.205
-30.085
-0.245
-30.035
-0.325
-30.085
-0.325
-30.085
-0.325
-30.085
-0.325
-30.085
0.3225
-30.035
0.3225
-30.035
0.3225
-30.035
0.7325
-30.035
0.7325
-0.005
0.7325
-0.005
0.7325
-0.005
0.7325
-0.005
0.7425
-0.005
0.8625
-0.125
0.8625
-0.125
0.8625
-0.125
0.8625
-0.125
0.8625
-0.125
0.8625
-0.125
0.6575
-0.18
0.3325
-0.338333
0.3325
-0.338333
-0.005
-0.615
-0.005
-0.615
-0.005
-0.615
-0.005
-0.965
-0.3
-0.825
-0.345
-0.84
-0.3425
-1.4
-0.3325
-0.885
-0.055
-1.38
-0.055
-1.38
-0.3175
-1.38
-0.1325
-1.38
-0.055
-1.38
-0.0683333
-0.605
0.7325
-0.005
0.7325
-0.005
0.7325
-0.005
0.7325
-0.005
0.7325
-0.005
0.7325
-0.005
0.7325
-0.005
0.7325
-0.005
0.7325
-0.005
0.7325
-0.005
0.7325
-0.005
0.7325
-0.005
0.7425
-0.005
0.8625
-0.125
0.8625
-0.125
-0.005
0.42
-0.005
0.42
-0.005
0.42
-0.005
0.01
-0.005
0.01
-0.005
0.01
-0.005
0.01
-0.005
0.01
-0.005
0.01
-0.005
0.01
-0.005
0.01
-0.3
-0.425
-0.345
-0.425
-0.265
-0.5
-0.3
-0.425
-0.3175
-0.565
-0.225
-0.5
-0.3825
-0.42
-0.1175
-0.445
-0.3175
-0.485
-0.1475
-0.63
0.3225
-0.005
0.3225
-0.005
0.3225
-0.005
0.3225
-0.005
0.3225
-0.005
0.3225
-0.005
0.7325
-0.005
0.7325
-0.005
0.7325
-0.005
0.7325
-0.005
0.7325
-0.005
0.7325
-0.005
0.7425
-0.005
-0.005
0.638333
-0.005
0.628333
-0.005
0.628333
-0.005
0.628333
-0.005
0.628333
-0.005
0.218333
-0.005
0.218333
-0.005
0.218333
-0.005
0.218333
-0.005
0.218333
-0.005
0.218333
-0.005
0.218333
-0.005
0.218333
-0.3
-0.291667
-0.22
-0.486667
-0.3425
-0.486667
-0.3
-0.411667
-0.3175
-0.546667
-0.3425
-0.566667
-0.3825
-0.566667
-0.3325
-0.591667
-0.205
-0.471667
-0.245
-0.541667
0.3225
-0.005
0.3225
-0.005
0.3225
-0.005
0.3225
-0.005
0.3225
-0.005
0.3225
-0.005
0.3225
-0.005
0.3225
-0.005
0.7325
-0.005
0.7325
-0.005
0.7325
-0.005
0.7325
-0.005
0.7425
-0.005
-0.005
0.7425
-0.005
0.7325
-0.005
0.7325
-0.005
0.7325
-0.005
0.7325
-0.005
0.3225
-0.005
0.3225
-0.005
0.3225
-0.005
0.3225
-0.005
0.3225
-0.005
0.3225
-0.005
0.3225
-0.005
0.3225
-0.3
-0.225
-0.345
-0.24
-0.28
-0.4075
-0.28
-0.4875
-0.225
-0.3
-0.325
-0.4875
-0.205
-0.3675
-0.3425
-0.3425
-0.205
-0.3675
-0.225
-0.3
0.3225
-0.005
0.3225
-0.005
0.3225
-0.005
0.3225
-0.005
0.3225
-0.005
0.3225
-0.005
0.3225
-0.005
0.3225
-0.005
0.7325
-0.005
0.7325
-0.005
0.7325
-0.005
0.7325
-0.005
0.7425
-0.005
-0.005
0.805
-0.005
0.795
-0.005
0.795
-0.005
0.795
-0.005
0.795
-0.005
0.385
-0.005
0.385
-0.005
0.385
-0.005
0.385
-0.005
0.385
-0.005
0.385
-0.005
0.385
-0.005
0.385
-0.3
-0.185
-0.22
-0.32
-0.3425
-0.295
-0.3
-0.305
-0.3425
-0.28
-0.3425
-0.295
-0.205
-0.305
-0.205
-0.305
-0.245
-0.345
-0.245
-0.285
-0.365
-0.005
0.3225
-0.005
0.3225
-0.005
0.3225
-0.005
0.3225
-0.005
0.3225
-0.005
0.3225
-0.005
0.3225
-0.005
0.795
-30.035
0.795
-30.035
0.795
-30.035
0.795
-30.035
-0.125
-28.855
-0.005
-29.02
-0.005
-29.03
-0.005
-29.03
-0.005
-29.03
-0.005
-29.03
-0.005
-29.44
-0.005
-29.44
-0.005
-29.44
-0.005
-29.44
-0.005
-29.44
-0.005
-29.44
-0.005
-29.44
-0.005
-30.24
-0.28
-30.06
-0.185
-30.1
-0.165
-30.185
-0.185
-30.22
-0.185
-30.295
-0.185
-30.055
-0.185
-30.055
-0.165
-30.25
-0.165
-30.085
-0.205
-30.035
-0.285
-30.085
-0.285
-30.085
-0.285
-30.085
-0.285
-30.085
0.385
-30.035
0.385
-30.035
0.385
-30.035
0.795
-30.035
0.795
-0.005
0.795
-0.005
0.795
-0.005
0.795
-0.005
0.805
-0.005
0.925
-0.125
0.925
-0.125
0.925
-0.125
0.925
-0.125
0.925
-0.125
0.925
-0.125
0.72
-0.18
0.395
-0.338333
0.395
-0.338333
0.395
-0.338333
-0.005
-0.615
-0.005
-0.965
-0.005
-0.965
-0.28
-1.28
-0.32
-1.4
-0.27
-1.38
-0.27
-0.885
-0.045
-1.38
-0.095
-1.38
-0.17
-1.38
-0.045
-1.38
-0.045
-1.38
-0.0583333
-0.605
0.795
-0.005
0.795
-0.005
0.795
-0.005
0.795
-0.005
0.795
-0.005
0.795
-0.005
0.795
-0.005
0.795
-0.005
0.795
-0.005
0.795
-0.005
0.795
-0.005
0.795
-0.005
0.805
-0.005
0.925
-0.125
0.925
-0.125
0.925
-0.125
-0.005
0.42
-0.005
0.42
-0.005
0.01
-0.005
0.01
-0.005
0.01
-0.005
0.01
-0.005
0.01
-0.005
0.01
-0.005
0.01
-0.005
-0.565
-0.28
-0.655
-0.295
-0.8
-0.2
-0.5
-0.2
-0.44
-0.185
-0.5
-0.095
-0.485
-0.38
-0.42
-0.095
-0.445
-0.305
-0.405
-0.125
-0.63
0.385
-0.005
0.385
-0.005
0.385
-0.005
0.385
-0.005
0.385
-0.005
0.385
-0.005
0.795
-0.005
0.795
-0.005
0.795
-0.005
0.795
-0.005
0.795
-0.005
0.795
-0.005
0.805
-0.005
0.925
-0.125
-0.005
0.628333
-0.005
0.628333
-0.005
0.628333
-0.005
0.628333
-0.005
0.218333
-0.005
0.218333
-0.005
0.218333
-0.005
0.218333
-0.005
0.218333
-0.005
0.218333
-0.005
0.218333
-0.005
-0.431667
-0.28
-0.446667
-0.295
-0.486667
-0.375
-0.326667
-0.28
-0.446667
-0.28
-0.521667
-0.355
-0.566667
-0.4
-0.566667
-0.165
-0.486667
-0.305
-0.391667
-0.205
-0.541667
0.385
-0.005
0.385
-0.005
0.385
-0.005
0.385
-0.005
0.385
-0.005
0.385
-0.005
0.385
-0.005
0.385
-0.005
0.795
-0.005
0.795
-0.005
0.795
-0.005
0.795
-0.005
0.805
-0.005
-0.005
0.7425
-0.005
0.7325
-0.005
0.7325
-0.005
0.7325
-0.005
0.7325
-0.005
0.3225
-0.005
0.3225
-0.005
0.3225
-0.005
0.3225
-0.005
0.3225
-0.005
0.3225
-0.005
0.3225
-0.005
-0.365
-0.28
-0.3425
-0.38
-0.28
-0.4
-0.4625
-0.305
-0.22
-0.185
-0.3
-0.28
-0.3425
-0.165
-0.3675
-0.2
-0.3
-0.205
-0.3675
-0.185
-0.3
0.385
-0.005
0.385
-0.005
0.385
-0.005
0.385
-0.005
0.385
-0.005
0.385
-0.005
0.385
-0.005
0.385
-0.005
0.795
-0.005
0.795
-0.005
0.795
-0.005
0.795
-0.005
0.805
-0.005
-0.005
0.805
-0.005
0.795
-0.005
0.795
-0.005
0.795
-0.005
0.795
-0.005
0.385
-0.005
0.385
-0.005
0.385
-0.005
0.385
-0.005
0.385
-0.005
0.385
-0.005
0.385
-0.005
-0.325
-0.28
-0.28
-0.38
-0.24
-0.4
-0.355
-0.305
-0.225
-0.28
-0.28
-0.305
-0.285
-0.28
-0.295
-0.28
-0.4
-0.26
-0.305
-0.205
-0.285
-0.325
-0.005
0.385
-0.005
0.385
-0.005
0.385
-0.005
0.385
-0.005
0.385
-0.005
0.385
-0.005
0.385
-0.005
