0
0
0
0
0
0
0
0
0
0
0
0
0
0
0
0
0
0
-1
0
-1
0
0
0
0
0
0
0
0
0
0
0
0
0
0
0
0
0
0
-4
0
0
0
0
0
0
0
0
0
0
-2.8
0
0
0
0
0
0
0
0
0
0
-2.8
0
0
0
0
0
0
0
0
0
0
0
0
0
0.1
0
0.1
0
0.1
0
0.1
0
0.1
0
0.1
0
0.1
0
0.1
-0.4
0.1
0
0.1
0
0.1
0
0.1
-2.8
0.1
0
0.1
0
0.1
0
0.1
0
0.1
0
0
-0.4
-1.75
-0.4
-0.2
-0.4
0
-1.8
-4.25
-0.4
-1.2
-0.4
-0.15
-2.8
0.2
-0.4
-0.25
-0.4
-1.75
-0.4
-0.25
-0.4
0.2
-0.4
-0.15
-0.4
-0.15
-0.4
-0.25
-0.4
-0.4
0
-0.15
0
-0.75
0
0
0
0.3
0
0.3
0
0.3
0
0.3
0
0.3
0
0.3
0
0.3
0
0.3
-0.4
0.3
0
0.3
0
0.3
0
0.3
-2.8
0.3
0
0.3
0
0.3
0
0.3
0
0.3
0
0
-0.4
-0.3
-0.4
-0.125
-0.4
-0.025
-0.4
-1.125
-0.4
-0.525
-0.4
0.05
-2.8
-2.6
-0.4
-0.05
-0.4
0.05
-0.4
-0.05
-0.4
-1.125
-0.4
-1.525
-0.4
0.05
-0.4
-0.9
-0.4
0
0
0.25
0
0.25
0
0
0
0.483333
0
0.483333
0
0.483333
0
0.483333
0
0.483333
0
0.483333
0
0.483333
0
0.483333
-0.4
0.483333
0
0.483333
0
0.483333
0
0.483333
-2.8
0.483333
0
0.483333
0
0.483333
0
0.483333
0
0.483333
0
0
-0.4
0.316667
-0.4
-0.0666667
-0.4
0.333333
-2.8
-0.266667
-1
0.416667
-0.4
-0.266667
-2.8
-1.86667
-1.8
-2.01667
-0.4
0.533333
-0.4
-2.01667
-0.4
0.533333
-0.4
-0.15
-0.4
-0.716667
-0.4
0.533333
-0.4
0.533333
0
0.316667
0
-0.266667
0
0
0
0.5875
0
0.5875
0
0.5875
0
0.5875
0
0.5875
0
0.5875
0
0.5875
0
0.5875
-0.4
0.5875
0
0.5875
0
0.5875
0
0.5875
-2.8
0.5875
0
0.5875
0
0.5875
0
0.5875
0
0.5875
0
0
-0.4
-2.15
-0.4
-0.3
-0.4
0.25
-0.4
-0.9125
-0.4
-1.35
-0.4
0.35
-2.8
-0.3
-0.4
-0.1
-0.4
0.35
-0.4
0.354167
-0.4
-0.4125
-0.4
-0.0458333
-0.4
-0.4125
-0.4
-0.25
-0.4
-0.4125
0
-0.0125
0
0.35
0
0
0
0.65
0
0.65
0
0.65
0
0.65
0
0.65
0
0.65
0
0.65
0
0.65
-0.4
0.65
0
0.65
0
0.65
0
0.65
-2.8
0.65
0
0.65
0
0.65
0
0.65
0
0.65
0
0
-0.4
-1.01
-0.4
0.65
-0.4
0.376667
-0.4
0.64
-0.4
-1.64
-0.4
-0.24
-2.8
0.64
-0.4
-0.24
-0.4
-3.06
-0.4
0
-0.4
-0.39
-0.4
0
-0.4
0.276667
-0.4
0.54
-0.4
-0.39
0
0.36
0
0
0.1
-1
0.1
0
0.1
0
0.1
0
0.1
0
0.1
0
0.1
0
0.1
0
0.1
0
0
0
0.2
0
-0.15
0
0.2
-0.4
-0.9
-0.4
-0.25
-0.4
-1.1
-0.4
0.2
-0.4
-0.25
-0.4
-1.75
-0.4
-0.25
-4
0.2
-2.8
0
-2.8
-2.65
-2.8
-0.15
-4
-0.15
-2.8
-0.2
-2.8
0
-2.8
0
0
0.1
-0.4
0.1
0
0.1
-2.8
0.1
0
0.1
0
0.1
0
0.1
-2.8
0.1
0
0.1
0
0.1
0
0.1
0
0.1
0
0.1
0
0
0.1
0
0.1
0
0.1
0
0.1
-0.1
0.1
-0.05
0.1
-0.05
0.1
-1.25
0.1
-2.7
0.1
-0.1
0.1
0
0.1
-2.15
0.1
-0.05
0.1
0
-0.25
-0.183333
-0.5
-2.83333
-1.15
-0.15
-0.5
-1.01667
-1.86667
-0.4
-3
-0.15
-0.85
-0.183333
-1.3
-0.183333
-1.3
-0.25
0
0.1
-0.55
0.1
-2.15
0.1
-0.05
0.1
-0.1
0.1
0
0.1
-2.7
0.1
-2.7
0.1
0
0.1
0
0.1
0
0.1
0
-0.1
0.4
-0.1
0.4
0
0.3
0
0.3
0
0.3
0
0.3
-0.1
0.3
-0.05
0.3
-0.05
0.3
-1.25
0.3
-2.7
0.3
-0.1
0.3
-0.15
0.3
-2.15
0.3
-0.05
0.3
0
-0.225
-0.3
-1.525
-2.83333
-0.525
-0.4
-0.3
-1.1
-3.625
-0.85
-0.2
-0.366667
-0.391667
-1.01667
-0.566667
-0.3
-0.625
-0.5
0
-0.3
-0.525
-0.3
-1.525
-0.0833333
0
-0.0833333
-1.7
-0.0833333
-0.325
0.1
-2.6
0.1
-0.225
0.1
-1.3
0.1
0
0.1
0
-0.1
0.583333
-0.1
0.583333
-0.1
0.583333
0
0.483333
0
0.483333
0
0.483333
0
0.483333
-0.1
0.483333
-0.05
0.483333
-0.05
0.483333
-1.25
0.483333
-2.7
0.483333
-0.1
0.483333
-0.15
0.483333
-2.15
0.483333
-0.05
0.483333
0
-0.216667
-0.45
-0.25
-3
-2.66667
-0.85
-0.25
-0.85
-0.116667
-0.85
-0.116667
-0.85
-0.116667
-1.01667
-1.03333
-0.85
-0.466667
-0.85
0
-0.45
-0.166667
-0.45
-1.86667
-0.3
-0.45
-0.3
-0.55
0.1
0
0.1
-0.1
0.1
-2.76667
0.1
0
0.1
0
0.1
0
-0.1
0.6875
-0.1
0.6875
-0.1
0.6875
0
0.5875
0
0.5875
0
0.5875
0
0.5875
-0.1
0.5875
-0.05
0.5875
-0.05
0.5875
-1.25
0.5875
-2.7
0.5875
-0.1
0.5875
-0.15
0.5875
-2.15
0.5875
-0.05
0.5875
0
-0.2125
-3.7
-0.5125
-0.85
-0.3
-0.85
-0.1125
-0.85
-0.1125
-0.85
-0.1125
-0.85
-0.1125
-0.7
-0.3625
-0.7
-0.3625
-0.85
0
-0.55
-3.3125
-0.55
-1.2125
-0.55
-1.2125
-0.3
-0.4125
0.1
-1.0125
0.1
0
0.1
-1.0125
0.1
0
0.1
0
0.1
0
-0.1
0.75
-0.1
0.75
-0.1
0.75
0
0.65
0
0.65
0
0.65
0
0.65
-0.1
0.65
-0.05
0.65
-0.05
0.65
0
0.65
-2.7
0.65
-0.1
0.65
-0.15
0.65
-2.15
0.65
-0.05
0.65
0
-0.21
-0.7
-0.64
-0.85
-0.11
-0.85
-0.11
-0.85
-0.35
-0.85
-0.11
-0.85
-0.14
-0.85
-1.06
-0.85
-0.11
-0.85
0
-0.55
-0.75
-0.55
-0.75
-0.55
-0.75
-0.55
-1.46
0.1
-0.25
0.1
0
0.1
0
0.1
-2.51
0.3
-1
0.3
0
0.3
0
0.3
0
0.3
0
0.3
0
0.3
0
0.3
0
0.3
0
0
0
0.3
0
0.25
0
-0.558333
-0.4
0.25
-0.4
-0.025
-0.4
0.4
-0.4
-1.125
-0.4
-0.9
-0.4
0.05
-0.4
-0.05
-4
-2.6
-2.8
0.4
-1
0.05
-1.8
0
-1.8
0
-2.8
0
-2.8
0
-0.4
0
0
0.3
-0.4
0.3
0
0.3
-2.8
0.3
0
0.3
0
0.3
0
0.3
0
0.3
0
0.3
0
0.3
0
0.3
0
0.3
0
0.3
0
0.4
-0.1
0.4
-0.1
0
0.1
0
0.1
-0.1
0.1
0
0.1
-0.625
0.1
0
0.1
-0.325
-0.0833333
-0.325
-0.0833333
-0.1
-0.0833333
-1.525
-0.3
-0.625
-0.3
0
-0.5
-0.625
-0.3
-0.125
-1.6
-0.15
-1.275
-0.391667
-1.86667
-0.125
-0.8
-0.125
-0.85
-0.125
-0.8
-0.2
-1.3
-0.225
0
0.3
-0.55
0.3
-2.15
0.3
-0.05
0.3
-0.1
0.3
-0.1
0.3
-2.7
0.3
-2.7
0.3
0
0.3
0
0.3
0
0.3
0
0.3
0
0.3
0
0
0.3
0
0.3
0
0.3
0
0.3
-0.1
0.3
-0.025
0.3
-0.4
0.3
0
0.175
-2.725
0.175
-0.4
0.175
0
0.175
0
0.175
-0.625
-0.05
0
-0.4
-2.225
-1.525
-0.3
-0.3
-0.3
-0.3
-0.3
-0.3
-0.925
-0.2
-0.3
-0.2
-1.075
-1.075
-0.266667
-1.19167
-0.4
0
-0.05
-1.525
0.175
0
0.175
0
0.175
-2
0.175
0
0.175
0
0.3
-0.4
0.3
-0.4
0.3
0
0.3
0
0.3
0
0.3
0
-0.1
0.583333
0
0.483333
0
0.483333
0
0.483333
0
0.483333
-0.1
0.483333
0
0.483333
-0.625
0.383333
0
0.383333
-2.725
0.383333
-0.4
0.383333
0
0.383333
0
0.383333
0
0.383333
0
-0.366667
-0.625
-2.56667
-0.625
-1.86667
-0.625
-0.366667
-3.625
-1.86667
-0.625
-2.56667
-0.625
-0.166667
-1.075
-1.64167
-0.625
-0.166667
-0.625
0
-0.05
-0.466667
-0.05
-1.86667
-0.05
-0.0666667
0.175
-0.15
0.175
-0.0666667
0.175
0
0.3
-0.0666667
0.3
-0.0166667
0.3
0
0.3
0
0.3
0
0.3
0
-0.1
0.6875
0
0.5875
0
0.5875
0
0.5875
0
0.5875
-0.1
0.5875
0
0.5875
0
0.4875
0
0.4875
-2.725
0.4875
-0.4
0.4875
0
0.4875
0
0.4875
0
0.4875
0
-0.35
-0.625
-0.3
-0.625
-0.3
-0.625
-0.3
-0.475
-0.3625
-0.625
-2.55
-0.625
-0.45
-0.775
-0.3625
-0.475
-0.3625
-0.625
0
-0.325
-3.3125
-0.05
-0.05
-0.05
0
0.175
-0.0125
0.175
0
0.175
-0.0125
0.3
-0.3125
0.3
-0.4
0.3
0
0.3
0
0.3
0
-0.1
0.75
-0.1
0.75
0
0.65
0
0.65
0
0.65
0
0.65
-0.1
0.65
0
0.65
-0.625
0.55
0
0.55
-2.725
0.55
-0.4
0.55
0
0.55
0
0.55
0
0.55
0
-0.34
-0.625
-0.14
-0.475
-0.64
-0.625
-0.14
-0.625
-0.14
-0.925
-1.06
-0.625
-0.14
-0.625
-1.06
-0.625
-1.06
-0.625
0
-0.325
-0.75
-0.325
-0.75
-0.05
-0.01
0.175
-1.76
0.175
0
0.175
0
0.175
0
0.3
0
0.483333
-1
0.483333
0
0.483333
0
0.483333
0
0.483333
0
0.483333
0
0.483333
0
0.483333
0
0.483333
0
0
0
-0.116667
0
0.316667
0
0.533333
-0.4
-0.0666667
-0.4
0.133333
-0.4
-0.0666667
-0.4
0.533333
-0.4
-0.45
-0.4
0.533333
-0.4
-2.01667
-1
-1.86667
-2.8
-0.0666667
-0.4
-0.266667
-1.8
0.416667
-1.8
-0.266667
-2.8
-0.0666667
-0.4
-0.266667
-0.4
0
0
0.483333
-0.4
0.483333
0
0.483333
-2.8
0.483333
-2.8
0.483333
0
0.483333
0
0.483333
0
0.483333
0
0.483333
0
0.483333
0
0.483333
0
0.483333
0
0.483333
0
0.583333
-0.1
0.583333
-0.1
0.583333
-0.1
0
0.1
-0.1
0.1
0
0.1
-0.1
0.1
-1.05
0.1
-1.05
0.1
-0.55
-0.3
-0.55
-0.3
0
-0.45
-0.166667
-0.45
0
-0.85
-0.166667
-0.85
-0.116667
-1.6
-0.15
-0.5
-0.15
-0.5
-0.141667
-0.975
-0.116667
-0.85
-1.01667
-1.7
-0.233333
-1.31667
-0.216667
0
0.483333
-0.55
0.483333
-2.15
0.483333
-0.05
0.483333
-0.1
0.483333
0
0.483333
-2.7
0.483333
-0.05
0.483333
0
0.483333
0
0.483333
0
0.483333
0
0.483333
0
0.483333
0
0.583333
-0.1
0
0.3
0
0.3
0
0.3
-0.1
0.3
-0.416667
0.3
-0.15
0.3
-0.15
0.175
-0.15
0.175
0
0.175
0
-0.05
0
-0.05
-0.166667
-0.05
0
-0.625
-0.166667
-1.525
-0.166667
-1.425
-0.4
-0.475
-1.86667
-3.625
-0.266667
-0.2
-0.233333
-0.391667
-1.01667
-0.8
-0.25
-3.625
-0.366667
0
0.383333
0
0.383333
0
0.383333
0
0.383333
-2
0.383333
0
0.383333
0
0.383333
-0.4
0.483333
-1.3
0.483333
0
0.483333
0
0.483333
0
0.483333
0
0.483333
0
0
0.483333
0
0.483333
0
0.483333
0
0.483333
-0.1
0.483333
0
0.483333
0
0.383333
-0.15
0.383333
-0.15
0.383333
0
0.383333
0
0.0833333
0
0.0833333
-0.166667
0.0833333
0
-0.55
-1.81667
-0.516667
-0.25
-1.01667
-0.25
-0.766667
-1.01667
-1.86667
-1.01667
-0.366667
-0.25
-1.81667
-1.01667
-0.25
-0.25
-1.01667
-0.55
0
0.0833333
-0.466667
0.0833333
0
0.0833333
-0.0666667
0.383333
-2.65
0.383333
-0.0666667
0.383333
0
0.383333
-0.15
0.483333
0
0.483333
0
0.483333
0
0.483333
0
0.483333
0
0.483333
0
0
0.5875
0
0.5875
0
0.5875
0
0.5875
-0.1
0.5875
0
0.5875
0
0.4875
-0.15
0.4875
-0.15
0.4875
0
0.4875
0
0.4875
0
0.15
-0.166667
0.15
0
-0.5125
-1.81667
-0.5125
-0.25
-1.2125
-0.4
-0.1625
-0.4
-1.1625
-0.566667
-0.8
-0.4
-0.3625
-1.01667
-1.7125
-0.4
-0.3625
-0.55
0
-0.116667
-0.05
-0.116667
0
0.383333
0
0.383333
-0.0125
0.383333
0
0.383333
-0.0125
0.383333
-0.0125
0.483333
-0.05
0.483333
0
0.483333
0
0.483333
0
0.483333
0
-0.1
0.75
0
0.65
0
0.65
0
0.65
0
0.65
-0.1
0.65
0
0.65
0
0.55
-0.15
0.55
-0.15
0.55
0
0.55
0
0.55
0
0.19
-0.166667
0.19
0
-0.49
-0.7
-0.64
-0.4
-0.1
-0.766667
-0.19
-0.25
-1.46
-1.01667
-0.19
-0.25
-2.35
-0.55
-1.06
-0.25
-1.46
-0.55
0
-0.116667
-0.16
-0.116667
0
-0.116667
-0.09
0.383333
-1.76
0.383333
-0.16
0.383333
0
0.383333
0
0.483333
0
0.5875
-1
0.5875
0
0.5875
0
0.5875
0
0.5875
0
0.5875
0
0.5875
0
0.5875
0
0.5875
0
0
0
-0.1125
0
-0.0125
0
0.354167
-0.4
0.354167
-0.4
-0.1125
-0.4
-0.6
-0.4
-0.4125
-0.4
0.354167
-0.4
0.35
-0.4
0.354167
-1
-0.3
-2.8
-0.25
-0.4
-0.1125
-4
-0.1125
-0.4
-0.4125
-2.8
-0.4125
-0.4
0
-0.4
0
0
0.5875
-0.4
0.5875
0
0.5875
-2.8
0.5875
0
0.5875
0
0.5875
0
0.5875
0
0.5875
0
0.5875
0
0.5875
0
0.5875
0
0.5875
0
0.5875
0
0.6875
-0.1
0.6875
-0.1
0.6875
-0.1
0
0.1
-0.1
0.1
-0.0125
0.1
-0.15
0.1
-0.1125
0.1
-0.05
0.1
-0.4125
-0.3
-3.3125
-0.55
-1.2125
-0.55
-1.2125
-0.55
0
-0.85
-0.1375
-3.375
-0.3625
-1.5
-0.15
-0.85
-0.1375
-0.975
-0.1375
-0.975
-0.1125
-2.15
-1.01667
-1.01667
-0.216667
-1.31667
-0.2125
0
0.5875
-0.55
0.5875
-2.15
0.5875
-0.05
0.5875
-0.1
0.5875
-0.1
0.5875
-2.7
0.5875
-0.05
0.5875
0
0.5875
0
0.5875
0
0.5875
0
0.5875
0
0.5875
0
0.6875
-0.1
0
0.3
0
0.3
0
0.3
-0.1
0.3
-0.45
0.3
-0.0125
0.3
-0.1125
0.175
-0.0125
0.175
0
0.175
-1.2125
-0.05
-0.05
-0.05
-0.05
-0.325
0
-0.625
-2.55
-1.525
-0.3625
-0.475
-0.15
-0.625
-1.1
-3.625
-0.3625
-0.475
-0.15
-1.525
-1.01667
-0.691667
-0.2125
-3.625
-0.35
0
0.4875
-0.625
0.4875
0
0.4875
0
0.4875
-2
0.4875
0
0.4875
0
0.4875
-0.625
0.5875
-1.3
0.5875
0
0.5875
0
0.5875
0
0.5875
0
0.5875
0
0
0.483333
0
0.483333
0
0.483333
0
0.483333
-0.1
0.483333
0
0.483333
0
0.383333
-0.1125
0.383333
-0.0125
0.383333
0
0.383333
-0.1125
0.383333
0
-0.116667
-0.05
-0.116667
0
-0.55
-0.3625
-0.266667
-0.3625
-0.566667
-0.2125
-0.766667
-0.2125
-1.01667
-1.2125
-1.31667
-0.2125
-0.766667
-0.3625
-0.4
-0.2125
-1.01667
-0.5125
0
0.15
-0.166667
0.15
0
0.4875
-0.0666667
0.4875
-0.15
0.4875
-0.0666667
0.4875
0
0.4875
-0.15
0.5875
0
0.5875
0
0.5875
0
0.5875
0
0.5875
0
0.5875
0
0
0.5875
0
0.5875
0
0.5875
0
0.5875
-0.1
0.5875
-0.0125
0.5875
0
0.4875
-0.1125
0.4875
-0.0125
0.4875
0
0.4875
-0.1125
0.4875
0
-0.0125
-0.05
-0.0125
0
-0.5125
-0.3625
-2.7625
-0.3625
-0.1625
-0.3625
-0.1625
-0.3625
-0.3625
-0.3625
-1.1625
-0.3625
-0.3625
-0.3625
-0.3625
-0.2125
-3.3125
-0.5125
0
-0.0125
-0.05
-0.0125
0
0.4875
0
0.4875
-0.0125
0.4875
0
0.4875
-0.0125
0.4875
-0.3125
0.5875
0
0.5875
0
0.5875
0
0.5875
0
0.5875
0
0.5875
0
0
0.65
0
0.65
0
0.65
0
0.65
-0.1
0.65
-0.0125
0.65
0
0.55
-0.1125
0.55
-0.0125
0.55
0
0.55
-0.1125
0.55
0
0.05
-0.05
0.05
0
-0.49
-0.3625
-0.1
-0.3625
-0.1
-0.2125
-0.66
-0.2125
-1.46
-0.3625
-0.64
-0.2125
-0.85
-0.9125
-1.06
-0.7
-0.19
-0.5125
0
-0.0125
-0.16
-0.0125
0
-0.0125
-0.09
0.4875
-1.76
0.4875
0
0.4875
0
0.4875
0
0.5875
-2.51
0.65
0
0.65
0
0.65
0
0.65
0
0.65
0
0.65
0
0.65
0
0.65
0
0.65
0
0
0
-0.04
0
0.36
0
0
-0.4
-0.39
-0.4
-0.39
-0.4
-0.24
-0.4
-0.39
-0.4
0
-0.4
-3.06
-0.4
0
-1
-0.39
-2.8
-0.19
-0.4
0
-4
0
-1.8
0.376667
-2.8
0
-2.8
0.75
-0.4
0
0
0.65
-0.4
0.65
0
0.65
-2.8
0.65
0
0.65
0
0.65
0
0.65
0
0.65
0
0.65
0
0.65
0
0.65
0
0.65
0
0.65
0
0.75
-0.1
0.75
-0.1
0.75
-0.1
0
0.1
-0.1
0.1
-0.04
0.1
-0.1
0.1
-0.04
0.1
-0.49
0.1
-0.56
-0.55
-0.56
-0.55
-0.75
-0.55
-0.75
-0.55
0
-0.85
-0.11
-1.3
-1.06
-1.85
-0.11
-0.85
-0.206667
-1.01667
-0.19
-1.3
-0.11
-0.85
-0.11
-1.15
-0.11
-1.3
-0.21
0
0.65
-0.55
0.65
-2.15
0.65
-0.05
0.65
-0.1
0.65
-0.8
0.65
-2.7
0.65
-0.05
0.65
0
0.65
0
0.65
0
0.65
0
0.65
0
0.65
0
0.75
-0.1
0.75
-0.1
0
0.3
0
0.3
-0.1
0.3
-0.04
0.3
-0.4
0.175
0
0.175
0
0.175
-0.16
0.175
-0.14
-0.05
0
-0.325
-0.16
-0.325
0
-0.625
-0.19
-1.525
-1.06
-1.425
-0.14
-0.625
-0.19
-3.625
-0.14
-0.625
-0.206667
-0.391667
-0.14
-0.925
-0.206667
-1.19167
-0.34
0
0.55
-1
0.55
0
0.55
0
0.55
-2
0.55
0
0.55
0
0.55
-0.4
0.65
-1.3
0.65
0
0.65
0
0.65
0
0.65
0
0.65
0
0.75
-0.1
0
0.483333
0
0.483333
0
0.483333
-0.1
0.483333
-0.04
0.483333
-0.4
0.383333
0
0.383333
0
0.383333
-0.16
0.383333
0
-0.116667
0
-0.116667
-0.16
-0.116667
0
-0.55
-0.19
-1.06667
-1.06
-0.416667
-0.19
-0.766667
-0.19
-1.01667
-0.19
-1.31667
-0.19
-0.766667
-1.06
-2.51667
-0.19
-1.01667
-0.49
0
0.19
-0.166667
0.19
-1.86667
0.55
-0.0666667
0.55
-0.15
0.55
-0.0666667
0.55
0
0.55
-0.15
0.65
0
0.65
0
0.65
0
0.65
0
0.65
0
0.65
0
0
0.5875
0
0.5875
0
0.5875
0
0.5875
-0.1
0.5875
-0.04
0.5875
-0.4
0.4875
0
0.4875
0
0.4875
-0.16
0.4875
0
-0.0125
0
-0.0125
-0.16
-0.0125
0
-0.5125
-1.46
-0.5125
-3
-1.4625
-0.34
-0.1625
-0.34
-0.3625
-0.19
-1.2125
-0.19
-0.9125
-0.1
-0.3625
-0.34
-0.3625
-0.49
0
0.05
-0.05
0.05
0
0.55
0
0.55
-0.0125
0.55
0
0.55
-0.0125
0.55
-0.0125
0.65
0
0.65
0
0.65
0
0.65
0
0.65
0
0.65
0
0
0.65
0
0.65
0
0.65
0
0.65
-0.1
0.65
-0.04
0.65
-0.4
0.55
0
0.55
0
0.55
-0.16
0.55
0
0.05
0
0.05
-0.16
0.05
0
-0.49
-0.19
-0.85
-1.06
-1.15
-0.19
-0.66
-0.19
-0.66
-0.19
-1.46
-0.19
-0.85
-0.85
-1.06
-0.19
-1.46
-0.49
0
0.05
-0.16
0.05
0
0.05
-0.09
0.55
-1.76
0.55
-0.16
0.55
0
0.55
0
0.65
-2.51
