0
-1
0
0
0
0
0
0
0
0
0
0
0
0
0
0
0
0
0
0
0
0
0
0
-0.4
0
0
0
-0.4
0
-0.4
0
0
0
0
0
0
0
0
-2.8
-0.4
-0.4
0
0
0
0
-0.4
0
0
0
0
0
0
0
0
0
0
0
0
0
0
0
0
0
0
-0.4
0
0
0
-0.4
0
-0.4
0
-0.4
0
0.1
0
0.1
0
0.1
0
0.1
0
0.1
0
0.1
0
0.1
0
0.1
-0.4
0.1
-1
0.1
0
0.1
-0.4
0.1
0
0.1
-0.4
0.1
-0.4
0.1
0
0.1
0
0.1
0
0
-0.4
-0.8
-0.4
-0.2
-0.4
-0.75
-0.4
-0.05
-0.4
0
-0.4
0.2
-1
-0.3
-4
-0.75
-0.4
-0.15
-0.4
-0.65
-0.4
-0.2
-0.4
-0.65
-0.4
-0.5
-0.4
0.116667
-0.4
-0.75
-0.4
-0.75
-0.4
0.116667
0
-0.4
0
0.3
0
0.3
0
0.3
0
0.3
0
0.3
0
0.3
0
0.3
0
0.3
0
0.3
-1
0.3
0
0.3
0
0.3
0
0.3
-0.4
0.3
-0.4
0.3
0
0.3
0
0.3
0
0
-0.4
-0.125
-0.4
0
-0.4
-0.525
-0.4
0
-0.4
0.341667
-0.4
-1.525
-1
-0.1
-4
-0.125
-0.4
-0.925
-0.4
-0.025
-0.4
0
-0.4
0.341667
-0.4
-0.025
-0.4
-0.4
-0.4
0
-0.4
-1.525
-0.4
0
0
-0.4
0
0.483333
0
0.483333
0
0.483333
0
0.483333
0
0.483333
0
0.483333
0
0.483333
0
0.483333
-0.4
0.483333
-1
0.483333
0
0.483333
0
0.483333
0
0.483333
-0.4
0.483333
-0.4
0.483333
0
0.483333
0
0.483333
0
0
-0.4
-0.9
-0.4
0.183333
-0.4
-0.116667
-0.4
0
-0.4
-0.0166667
-0.4
-0.0166667
-0.4
0.316667
-2.8
-2.01667
-0.4
-2.16667
-0.4
0
-0.4
-0.45
-0.4
-0.266667
-0.4
-0.116667
-0.4
-0.45
-0.4
-0.45
-0.4
0
-0.4
-0.166667
0
-0.4
0
0.5875
0
0.5875
0
0.5875
0
0.5875
0
0.5875
0
0.5875
0
0.5875
0
0.5875
-0.4
0.5875
-1
0.5875
0
0.5875
0
0.5875
0
0.5875
-0.4
0.5875
-0.4
0.5875
0
0.5875
0
0.5875
0
0
-0.4
-0.9
-0.4
-0.1125
-1
0.6875
-0.4
-0.0125
-0.4
0.454167
-0.4
-0.05
-1
0.25
-1
-1.2125
-0.4
0
-0.4
-0.0125
-0.4
0.25
-0.4
0.25
-0.4
-0.0125
-0.4
-0.0125
-0.4
0.5
-0.4
-0.0125
-0.4
-0.1125
0
-0.4
0
0.65
0
0.65
0
0.65
0
0.65
0
0.65
0
0.65
0
0.65
0
0.65
-0.4
0.65
-1
0.65
0
0.65
0
0.65
0
0.65
-0.4
0.65
-0.4
0.65
0
0.65
0
0.65
0
0
-0.4
-0.21
-0.4
0
-1
0.75
-0.4
0.29
-0.4
0.29
-0.4
0
-0.4
-2.74
-4
-0.04
-0.4
0
-0.4
0
-0.4
-0.04
-0.4
0
-0.4
-0.04
-0.4
-0.24
-0.4
-0.16
-0.4
-0.1
-0.4
0
0.1
0
0.1
0
0.1
0
0.1
0
0.1
0
0.1
0
0.1
0
0.1
0
0.1
0
0
0
0.116667
-0.4
-0.15
-0.4
0.0166667
-0.4
0
-0.4
-0.5
-0.4
-0.55
-0.4
-0.2
-0.4
-0.4
-0.4
-0.15
-0.4
0.2
-2.8
-0.4
-0.4
0
-0.4
-1.2
-1
0
-2.8
0
-0.4
0
-0.4
0.2
-0.4
0
0
0.1
0
0.1
0
0.1
0
0.1
0
0.1
0
0.1
-0.4
0.1
0
0.1
-0.4
0.1
0
0.1
0
0.1
0
0.1
0
0.1
0
0
0.1
0
0.1
0
0.1
0
0.1
-0.1
0.1
-0.4
0.1
-1.35
0.1
-0.45
0.1
0
0.1
-0.45
0.1
-1.25
0.1
-0.45
0.1
0
0.1
0
-0.25
-0.5
-0.95
-0.4
-0.4
-0.15
-0.85
-0.2
-3
-0.2
-0.2
-0.8
-0.85
-0.85
-1.23333
-0.183333
-0.8
-0.25
0
0.1
-1.25
0.1
-0.45
0.1
0
0.1
0
0.1
0
0.1
-1.25
0.1
0
0.1
-0.1
0.1
0
0.1
0
0.1
0
-0.1
0.4
-0.1
0.4
0
0.3
0
0.3
0
0.3
0
0.3
0
0.3
-0.4
0.3
-1.35
0.3
0
0.3
0
0.3
0
0.3
-1.25
0.3
-0.45
0.3
0
0.3
0
-0.225
-0.85
-0.125
-0.4
-1.1
-0.3
-0.625
-0.85
-1.125
-0.4
-0.2
-0.5
-0.325
-0.433333
-0.225
-0.433333
-0.225
-0.5
0
-0.3
-0.925
-0.3
-0.525
-0.0833333
-0.625
-0.0833333
-0.725
-0.0833333
-0.025
0.1
0
0.1
0
0.1
0
0.1
0
0.1
0
-0.1
0.583333
-0.1
0.583333
-0.1
0.583333
0
0.483333
0
0.483333
0
0.483333
0
0.483333
-0.1
0.483333
0
0.483333
-1.35
0.483333
0
0.483333
0
0.483333
-0.45
0.483333
-1.25
0.483333
-0.45
0.483333
0
0.483333
0
-0.216667
-0.85
-0.116667
-0.85
-0.516667
-0.85
-0.116667
-0.9
-0.55
-0.85
-0.116667
-0.85
-0.116667
-0.85
-0.466667
-0.85
-0.116667
-0.85
0
-0.45
-0.416667
-0.45
-0.466667
-0.3
-0.666667
-0.3
-0.666667
0.1
0
0.1
-0.416667
0.1
-2.5
0.1
-0.0166667
0.1
0
0.1
0
-0.1
0.6875
-0.1
0.6875
-0.1
0.6875
0
0.5875
0
0.5875
0
0.5875
0
0.5875
-0.1
0.5875
0
0.5875
-1.35
0.5875
-0.45
0.5875
0
0.5875
-0.45
0.5875
-1.25
0.5875
-0.45
0.5875
0
0.5875
0
-0.2125
-0.85
-0.1125
-0.85
-2.6125
-0.85
-0.1125
-0.55
-0.7
-0.85
-0.1125
-0.85
-0.1125
-0.85
-0.1125
-0.85
-0.95
-0.85
0
-0.55
-0.8125
-0.55
-0.6
-0.55
-0.6
-0.3
-0.4125
0.1
0
0.1
-0.45
0.1
-0.1125
0.1
0
0.1
0
0.1
0
-0.1
0.75
-0.1
0.75
-0.1
0.75
0
0.65
0
0.65
0
0.65
0
0.65
-0.1
0.65
0
0.65
-1.35
0.65
-0.45
0.65
0
0.65
-0.45
0.65
-1.25
0.65
-0.45
0.65
0
0.65
0
-0.21
-0.85
-0.14
-0.85
-0.94
-0.85
-0.14
-0.85
-2.75
-1.81667
-0.506667
-0.85
-0.11
-0.85
-0.91
-0.55
-0.85
-0.85
0
-0.55
-0.85
-0.55
-0.56
-0.55
-0.85
-0.55
-0.85
0.1
0
0.1
-0.26
0.1
-0.16
0.1
-0.04
0.3
0
0.3
0
0.3
0
0.3
0
0.3
0
0.3
0
0.3
0
0.3
0
0.3
0
0
0
0.341667
-0.4
-0.125
-0.4
-0.125
-0.4
-0.125
-0.4
0
-0.4
-0.125
-0.4
0
-0.4
-0.125
-0.4
-0.925
-0.4
-0.025
-2.8
0
-0.4
-0.025
-0.4
-0.125
-4
0
-0.4
0
-0.4
-1.35
-0.4
-0.125
-0.4
0
0
0.3
0
0.3
-2.8
0.3
0
0.3
0
0.3
0
0.3
0
0.3
0
0.3
-0.4
0.3
0
0.3
0
0.3
0
0.3
0
0.3
0
0.4
-0.1
0.4
-0.1
0
0.1
0
0.1
-0.1
0.1
-0.4
0.1
0
0.1
-0.025
0.1
-0.2
-0.0833333
-0.625
-0.0833333
-0.4
-0.0833333
-0.525
-0.3
-0.525
-0.3
0
-0.5
-0.225
-0.433333
-0.325
-3.35
-0.125
-0.85
-0.2
-0.85
-0.125
-0.5
-0.8
-0.85
-0.125
-0.85
-0.125
-0.85
-0.225
0
0.3
-1.25
0.3
-0.45
0.3
0
0.3
-1.25
0.3
0
0.3
-0.2
0.3
-1.25
0.3
-0.6
0.3
0
0.3
0
0.3
0
0.3
0
0.3
0
0
0.3
0
0.3
0
0.3
0
0.3
0
0.3
-1
0.3
-1
0.3
-0.2
0.175
-0.125
0.175
-0.725
0.175
-0.025
0.175
-0.225
0.175
0
-0.05
0
-0.4
-0.925
-1
-0.325
-0.9
-0.2
-0.625
-0.2
-1.425
-0.2
-1.225
-0.2
-0.9
-1.2
-0.325
-0.475
-1.275
-0.4
0
-0.05
-0.325
0.175
-0.225
0.175
-0.125
0.175
-0.8
0.175
-0.125
0.175
-0.125
0.3
-0.025
0.3
0
0.3
0
0.3
0
0.3
0
0.3
0
-0.1
0.583333
0
0.483333
0
0.483333
0
0.483333
0
0.483333
-0.1
0.483333
-0.4
0.483333
-1.025
0.383333
-0.025
0.383333
-0.125
0.383333
-0.725
0.383333
-0.025
0.383333
-0.225
0.383333
-0.125
0.383333
0
-0.366667
-0.925
-0.166667
-0.325
-1.31667
-0.625
-0.166667
-0.325
-2.51667
-0.625
-0.166667
-0.8
-0.85
-1.2
-0.466667
-0.325
-1.31667
-0.625
0
-0.05
0
-0.05
-0.466667
-0.05
-0.0166667
0.175
-0.516667
0.175
0
0.175
-0.116667
0.3
-0.1
0.3
0
0.3
0
0.3
0
0.3
0
0.3
0
-0.1
0.6875
0
0.5875
0
0.5875
0
0.5875
0
0.5875
-0.1
0.5875
-0.4
0.5875
-1.025
0.4875
-0.025
0.4875
-0.125
0.4875
-0.725
0.4875
-0.025
0.4875
-0.225
0.4875
-0.125
0.4875
0
-0.35
-0.925
-0.95
-0.325
-0.7
-0.325
-0.7
-0.325
-0.7
-0.475
-0.1625
-0.475
-0.3625
-0.325
-0.7
-0.7
-0.8
-0.625
0
-0.325
-1.5
-0.05
-0.3125
-0.05
0
0.175
-0.6
0.175
0
0.175
-0.05
0.3
-0.1125
0.3
0
0.3
0
0.3
0
0.3
0
-0.1
0.75
-0.1
0.75
0
0.65
0
0.65
0
0.65
0
0.65
-0.1
0.65
0
0.65
-1.025
0.55
-0.2
0.55
-0.125
0.55
-0.725
0.55
-0.025
0.55
-0.225
0.55
-0.125
0.55
0
-0.34
-0.525
-0.95
-0.325
-0.66
-0.475
-0.34
-0.325
-3.06
-0.475
-0.34
-0.475
-0.34
-0.325
-0.66
-0.325
-0.85
-0.625
0
-0.325
-0.75
-0.325
-0.56
-0.05
-0.19
0.175
-0.35
0.175
-0.01
0.175
-0.01
0.175
-0.35
0.3
0
0.483333
0
0.483333
0
0.483333
0
0.483333
0
0.483333
0
0.483333
0
0.483333
0
0.483333
0
0.483333
0
0
0
-0.45
-0.4
0.316667
-0.4
-0.116667
-0.4
0.483333
-0.4
0
-0.4
0.316667
-0.4
-0.45
-0.4
0
-0.4
-2.16667
-0.4
0
-2.8
0.316667
-4
0
-0.4
-0.0666667
-0.4
0
-0.4
0
-0.4
0
-0.4
0
-0.4
0
0
0.483333
0
0.483333
0
0.483333
0
0.483333
0
0.483333
0
0.483333
0
0.483333
0
0.483333
-1
0.483333
0
0.483333
0
0.483333
0
0.483333
0
0.483333
0
0.583333
-0.1
0.583333
-0.1
0.583333
-0.1
0
0.1
-0.1
0.1
-0.416667
0.1
-2.5
0.1
-0.266667
0.1
-0.0166667
0.1
-0.666667
-0.3
-0.666667
-0.3
-0.466667
-0.45
-0.116667
-0.45
0
-0.85
-0.566667
-1.1
-0.566667
-1.4
-0.116667
-0.85
-0.141667
-3.375
-0.116667
-0.85
-0.116667
-0.85
-0.116667
-0.85
-0.116667
-0.85
-0.216667
0
0.483333
0
0.483333
-0.45
0.483333
0
0.483333
-1.25
0.483333
0
0.483333
-0.2
0.483333
-1.25
0.483333
0
0.483333
0
0.483333
0
0.483333
0
0.483333
0
0.483333
0
0.583333
-0.1
0
0.3
0
0.3
0
0.3
0
0.3
0
0.3
-0.266667
0.3
0
0.175
0
0.175
-2.56667
0.175
-0.116667
-0.05
-0.466667
-0.05
-0.116667
-0.05
0
-0.625
-0.516667
-0.9
-0.4
-2.875
-0.141667
-0.275
-0.466667
-1.425
-0.233333
-0.391667
-0.166667
-0.9
-0.766667
-0.325
-0.166667
-1.425
-0.366667
0
0.383333
-0.125
0.383333
-0.225
0.383333
-0.125
0.383333
-0.8
0.383333
-0.125
0.383333
-0.5
0.383333
-0.025
0.483333
-0.025
0.483333
0
0.483333
0
0.483333
0
0.483333
0
0.483333
0
0
0.483333
0
0.483333
0
0.483333
0
0.483333
-0.1
0.483333
-0.0166667
0.483333
-2.56667
0.383333
0
0.383333
0
0.383333
-2.56667
0.383333
-0.116667
0.0833333
-0.466667
0.0833333
-0.116667
0.0833333
0
-0.55
-0.516667
-1.81667
-0.4
-0.4
-0.55
-0.666667
-0.666667
-0.55
-0.25
-1.31667
-0.4
-0.4
-0.4
-0.4
-0.55
-0.666667
-0.55
0
0.0833333
-0.516667
0.0833333
0
0.0833333
-0.0166667
0.383333
-0.516667
0.383333
-0.1
0.383333
-0.416667
0.383333
0
0.483333
-0.0666667
0.483333
0
0.483333
0
0.483333
0
0.483333
0
0.483333
0
0
0.5875
0
0.5875
0
0.5875
0
0.5875
-0.1
0.5875
-0.416667
0.5875
-2.56667
0.4875
0
0.4875
0
0.4875
-2.56667
0.4875
0
0.4875
-0.466667
0.15
-0.116667
0.15
0
-0.5125
-0.516667
-1.5
-0.4
-0.6625
-0.4
-0.1625
-0.516667
-0.7
-0.4
-0.1625
-0.4
-0.3625
-0.55
-1.1
-0.766667
-0.9625
-0.55
0
-0.116667
-0.0125
-0.116667
0
0.383333
-0.05
0.383333
-0.6
0.383333
-0.0125
0.383333
-0.6
0.383333
-0.6
0.483333
0
0.483333
0
0.483333
0
0.483333
0
0.483333
0
-0.1
0.75
0
0.65
0
0.65
0
0.65
0
0.65
-0.1
0.65
-0.416667
0.65
-2.56667
0.55
0
0.55
0
0.55
-2.56667
0.55
0
0.55
-0.466667
0.19
-0.116667
0.19
0
-0.49
-0.566667
-0.46
-0.4
-0.4
-0.55
-0.56
-1.31667
-0.26
-0.4
-0.34
-0.4
-0.34
-0.55
-0.56
-0.766667
-0.99
-0.55
0
-0.116667
0
-0.116667
-0.91
-0.116667
-0.91
0.383333
-0.35
0.383333
-0.01
0.383333
-0.56
0.383333
-0.35
0.483333
0
0.5875
0
0.5875
0
0.5875
0
0.5875
0
0.5875
0
0.5875
0
0.5875
0
0.5875
0
0.5875
0
0
0
-0.4
-0.4
-0.1125
-0.4
0.25
-0.4
0.25
-0.4
0.05
-0.4
0
-0.4
0.25
-0.4
-0.1125
-0.4
0
-0.4
-0.0125
-1.8
0.2875
-0.4
-0.0125
-0.4
0.4875
-0.4
0.454167
-0.4
0
-0.4
0
-0.4
0
-1
0
0
0.5875
0
0.5875
0
0.5875
0
0.5875
-2.8
0.5875
0
0.5875
0
0.5875
0
0.5875
-1
0.5875
0
0.5875
0
0.5875
0
0.5875
0
0.5875
0
0.6875
-0.1
0.6875
-0.1
0.6875
-0.1
0
0.1
-0.1
0.1
-0.4
0.1
-0.0125
0.1
-0.2
0.1
-1.65
0.1
-0.4125
-0.3
-0.6
-0.55
-0.6
-0.55
-0.6
-0.55
0
-0.85
-0.516667
-1.81667
-0.95
-3.35
-0.1125
-0.85
-0.3625
-0.7
-0.1125
-0.85
-0.7
-0.85
-0.1125
-0.85
-0.1125
-0.85
-0.2125
0
0.5875
0
0.5875
-0.45
0.5875
0
0.5875
-1.25
0.5875
0
0.5875
-0.2
0.5875
0
0.5875
0
0.5875
0
0.5875
0
0.5875
0
0.5875
0
0.5875
0
0.6875
-0.1
0
0.3
0
0.3
0
0.3
0
0.3
0
0.3
0
0.3
-0.4
0.175
-0.2
0.175
-0.4
0.175
-0.0125
-0.05
-0.3125
-0.05
-0.0125
-0.325
0
-0.625
-0.516667
-1.19167
-0.95
-0.625
-0.15
-0.625
-0.6625
-1.275
-0.216667
-0.391667
-0.15
-0.9
-0.7
-0.325
-0.9125
-0.8
-0.35
0
0.4875
-0.125
0.4875
-0.225
0.4875
-0.125
0.4875
-0.9
0.4875
-0.125
0.4875
-0.8
0.4875
-0.025
0.5875
-0.225
0.5875
0
0.5875
0
0.5875
0
0.5875
0
0.5875
0
0
0.483333
0
0.483333
0
0.483333
0
0.483333
-0.1
0.483333
0
0.483333
-0.1
0.383333
-0.4
0.383333
-0.2
0.383333
-0.4
0.383333
-0.05
0.383333
0
-0.116667
-0.0125
-0.116667
0
-0.55
-0.9625
-1.56667
-0.9125
-0.516667
-0.3625
-0.4
-0.2125
-2.51667
-0.2125
-1.31667
-0.3625
-0.4
-0.3625
-0.4
-0.2125
-1.31667
-0.5125
0
0.15
0
0.15
0
0.4875
-0.116667
0.4875
-0.0166667
0.4875
0
0.4875
-0.666667
0.4875
-2.56667
0.5875
-0.0666667
0.5875
0
0.5875
0
0.5875
0
0.5875
0
0.5875
0
0
0.5875
0
0.5875
0
0.5875
0
0.5875
-0.1
0.5875
0
0.5875
-0.1
0.4875
-0.4
0.4875
-0.2
0.4875
-0.4
0.4875
-0.05
0.4875
0
-0.0125
-0.0125
-0.0125
0
-0.5125
-0.9625
-1.4625
-0.6625
-0.9625
-0.2125
-0.7
-0.1625
-2.7625
-0.3625
-0.1625
-0.3625
-0.3625
-0.2125
-0.7
-0.5
-0.8
-0.5125
0
-0.0125
-0.0125
-0.0125
0
0.4875
-0.05
0.4875
-0.1
0.4875
0
0.4875
-0.05
0.4875
-0.6
0.5875
0
0.5875
0
0.5875
0
0.5875
0
0.5875
0
0.5875
0
0
0.65
0
0.65
0
0.65
0
0.65
-0.1
0.65
0
0.65
-0.1
0.55
0
0.55
-0.2
0.55
0
0.55
-0.05
0.55
0
0.05
-0.0125
0.05
0
-0.49
-0.5125
-0.95
-0.6625
-0.4
-0.3625
-0.34
-0.2125
-3.06
-0.3625
-0.34
-0.3625
-0.34
-0.2125
-1.15
-0.2125
-0.85
-0.5125
0
-0.0125
0
-0.0125
0
-0.0125
0
0.4875
-0.35
0.4875
-0.01
0.4875
-0.01
0.4875
-0.35
0.5875
0
0.65
0
0.65
0
0.65
0
0.65
0
0.65
0
0.65
0
0.65
0
0.65
0
0.65
0
0
0
-0.04
-0.4
-2.14
-0.4
0
-0.4
0.65
-0.4
0
-0.4
0
-0.4
-0.04
-0.4
-0.04
-0.4
0
-0.4
0
-2.8
-0.01
-0.4
-0.16
-0.4
0
-4
0
-0.4
-0.01
-0.4
-0.24
-0.4
0
-0.4
0
0
0.65
0
0.65
-2.8
0.65
0
0.65
0
0.65
-2.8
0.65
0
0.65
0
0.65
-0.4
0.65
0
0.65
0
0.65
0
0.65
0
0.65
0
0.75
-0.1
0.75
-0.1
0.75
-0.1
0
0.1
-0.1
0.1
-0.04
0.1
0
0.1
0
0.1
0
0.1
-0.75
-0.55
-0.56
-0.55
-0.75
-0.55
-0.56
-0.55
0
-0.85
-0.46
-1.1
-0.91
-3.35
-0.11
-0.85
-0.85
-0.85
-0.11
-0.85
-2.16
-0.85
-0.506667
-1.31667
-0.11
-0.85
-0.21
0
0.65
-1.6
0.65
-0.45
0.65
0
0.65
-1.25
0.65
0
0.65
-0.2
0.65
-1.25
0.65
0
0.65
0
0.65
0
0.65
0
0.65
0
0.65
0
0.75
-0.1
0.75
-0.1
0
0.3
0
0.3
0
0.3
-0.04
0.3
-0.25
0.175
-0.4
0.175
0
0.175
-0.4
0.175
-0.41
-0.05
-0.91
-0.325
-2.75
-0.325
0
-0.625
-0.46
-1.5
-0.4
-2.875
-0.14
-0.625
-0.85
-1.125
-0.14
-1.225
-0.14
-0.9
-0.66
-0.325
-0.14
-1.425
-0.34
0
0.55
-0.125
0.55
-0.225
0.55
-0.125
0.55
-0.8
0.55
-0.125
0.55
-0.8
0.55
-0.025
0.65
-0.625
0.65
0
0.65
0
0.65
0
0.65
0
0.65
0
0.75
-0.1
0
0.483333
0
0.483333
0
0.483333
-0.1
0.483333
0
0.483333
-0.25
0.383333
-0.4
0.383333
0
0.383333
-0.4
0.383333
-0.04
-0.116667
-0.91
-0.116667
-2.75
-0.116667
0
-0.55
-0.46
-1.36667
-0.4
-0.4
-0.34
-0.4
-1.14
-0.7
-0.19
-1.31667
-0.34
-0.4
-0.34
-0.4
-0.19
-1.31667
-0.49
0
0.19
-0.1
0.19
-0.466667
0.55
-0.116667
0.55
-0.516667
0.55
0
0.55
-0.666667
0.55
0
0.65
-0.0666667
0.65
0
0.65
0
0.65
0
0.65
0
0.65
0
0
0.5875
0
0.5875
0
0.5875
0
0.5875
-0.1
0.5875
0
0.5875
-0.25
0.4875
-0.4
0.4875
0
0.4875
-0.4
0.4875
-0.04
-0.0125
-0.91
-0.0125
-2.75
-0.0125
0
-0.5125
-0.46
-1.3
-0.4
-0.6625
-0.19
-0.7
-0.9
-0.6625
-0.34
-0.1625
-0.34
-0.3625
-0.34
-0.6625
-0.46
-0.8
-0.49
0
0.05
-0.0125
0.05
0
0.55
-0.05
0.55
-0.6
0.55
0
0.55
-0.05
0.55
-0.6
0.65
0
0.65
0
0.65
0
0.65
0
0.65
0
0.65
0
0
0.65
0
0.65
0
0.65
0
0.65
-0.1
0.65
0
0.65
-0.25
0.55
0
0.55
0
0.55
0
0.55
-0.04
0.05
-0.91
0.05
-2.75
0.05
0
-0.49
-0.46
-0.46
-0.34
-0.9
-0.34
-0.34
-0.85
-2.75
-0.34
-0.34
-0.34
-0.34
-0.34
-0.1
-0.19
-0.85
-0.49
0
0.05
0
0.05
-0.91
0.05
-0.91
0.55
-0.35
0.55
-0.01
0.55
-0.01
0.55
-0.35
0.65
0
