-29.03
-30.035
-29.03
-30.035
-29.03
-30.035
-29.03
-30.035
-29.02
-30.035
-30.035
-29.02
-30.035
-29.03
-30.035
-29.03
-30.035
-29.03
-30.035
-29.03
-30.035
-29.03
-30.035
-29.44
-30.035
-29.44
-30.035
-29.44
-30.035
-29.44
-30.085
-30.2
-30.085
-30.2
-30.085
-30.2
-30.035
-30.075
-30.055
-30.055
-30.055
-30.055
-30.08
-30.325
-30.055
-30.055
-30.055
-30.055
-30.055
-30.055
-30.035
-30.25
-30.055
-30.1
-30.075
-30.035
-30.2
-30.085
-30.2
-30.085
-30.2
-30.085
-29.44
-30.035
-29.44
-30.035
-29.44
-30.035
-29.44
-30.035
-29.03
-30.035
-29.03
-0.005
-29.03
-0.005
-29.03
-0.005
-29.03
-0.005
-29.02
-0.005
-28.855
-0.125
-28.855
-0.125
-28.855
-0.125
-28.855
-0.125
-28.855
-0.125
-28.855
-0.125
-29.06
-0.18
-29.385
-0.338333
-29.385
-0.338333
-30.085
-0.925
-30.085
-0.925
-30.085
-0.925
-30.085
-0.925
-30.035
-0.845
-30.08
-1.425
-30.035
-0.885
-30.035
-0.845
-30.035
-0.845
-30.06
-1.32
-30.035
-0.885
-30.035
-0.845
-30.055
-0.825
-30.055
-1.27
-29.03
-0.005
-29.03
-0.005
-29.03
-0.005
-29.03
-0.005
-29.03
-0.005
-29.03
-0.005
-29.03
-0.005
-29.03
-0.005
-29.03
-0.005
-29.03
-0.005
-29.03
-0.005
-29.03
-0.005
-29.02
-0.005
-28.855
-0.125
-28.855
-0.125
-28.855
-0.125
-28.855
-0.125
-28.855
-0.125
-30.035
0.42
-30.035
0.01
-30.035
0.01
-30.085
-0.525
-30.085
-0.525
-30.085
-0.525
-30.085
-0.525
-30.085
-0.525
-30.035
-0.445
-30.08
-0.695
-30.035
-0.445
-30.035
-0.445
-30.035
-0.445
-30.035
-0.46
-30.035
-0.445
-30.035
-0.445
-30.055
-0.425
-30.065
-0.63
-29.44
-0.005
-29.44
-0.005
-29.44
-0.005
-29.44
-0.005
-29.44
-0.005
-29.44
-0.005
-29.03
-0.005
-29.03
-0.005
-29.03
-0.005
-29.03
-0.005
-29.03
-0.005
-29.03
-0.005
-29.02
-0.005
-28.855
-0.125
-28.855
-0.125
-30.035
0.628333
-30.035
0.628333
-30.035
0.628333
-30.035
0.628333
-30.035
0.218333
-30.035
0.218333
-30.035
0.218333
-30.085
-0.391667
-30.085
-0.391667
-30.085
-0.391667
-30.085
-0.391667
-30.035
-0.311667
-30.08
-0.591667
-30.035
-0.471667
-30.055
-0.291667
-30.085
-0.311667
-30.06
-0.486667
-30.035
-0.486667
-30.055
-0.291667
-30.055
-0.291667
-30.035
-0.546667
-29.44
-0.005
-29.44
-0.005
-29.44
-0.005
-29.44
-0.005
-29.44
-0.005
-29.44
-0.005
-29.44
-0.005
-29.44
-0.005
-29.03
-0.005
-29.03
-0.005
-29.03
-0.005
-29.03
-0.005
-29.02
-0.005
-28.855
-0.125
-30.035
0.7325
-30.035
0.7325
-30.035
0.7325
-30.035
0.7325
-30.035
0.7325
-30.035
0.3225
-30.035
0.3225
-30.035
0.3225
-30.085
-0.325
-30.085
-0.325
-30.085
-0.325
-30.085
-0.325
-30.035
-0.245
-30.1
-0.345
-30.055
-0.265
-30.055
-0.225
-30.2
-0.3675
-30.035
-0.3825
-30.225
-0.3425
-30.055
-0.225
-30.055
-0.225
-30.075
-0.3175
-29.44
-0.005
-29.44
-0.005
-29.44
-0.005
-29.44
-0.005
-29.44
-0.005
-29.44
-0.005
-29.44
-0.005
-29.44
-0.005
-29.03
-0.005
-29.03
-0.005
-29.03
-0.005
-29.03
-0.005
-29.02
-0.005
-28.855
-0.125
-30.035
0.795
-30.035
0.795
-30.035
0.795
-30.035
0.795
-30.035
0.795
-30.035
0.385
-30.035
0.385
-30.035
0.385
-30.085
-0.285
-30.085
-0.285
-30.085
-0.285
-30.085
-0.285
-30.035
-0.205
-30.1
-0.185
-30.055
-0.185
-30.055
-0.185
-30.055
-0.185
-30.06
-0.4
-30.035
-0.425
-30.055
-0.185
-30.055
-0.185
-30.035
-0.305
-30.24
-0.005
-29.44
-0.005
-29.44
-0.005
-29.44
-0.005
-29.44
-0.005
-29.44
-0.005
-29.44
-0.005
-29.44
-0.005
-0.125
-28.855
-0.125
-28.855
-0.125
-28.855
-0.125
-28.855
-0.125
-28.855
-0.005
-29.02
-0.005
-29.03
-0.005
-29.03
-0.005
-29.03
-0.005
-29.03
-0.005
-29.03
-0.005
-29.03
-0.005
-29.03
-0.005
-29.03
-0.005
-29.03
-0.005
-29.03
-0.005
-29.03
-0.005
-29.03
-1.27
-30.075
-1.28
-30.16
-0.825
-30.055
-0.845
-30.035
-0.845
-30.2
-0.845
-30.035
-0.845
-30.035
-0.845
-30.035
-0.845
-30.035
-0.845
-30.035
-0.925
-30.085
-0.925
-30.085
-0.925
-30.085
-0.925
-30.085
-0.338333
-29.385
-0.338333
-29.385
-0.18
-29.06
-0.125
-28.855
0.0716667
-0.005
0.165
-0.005
0.165
-0.005
0.165
-0.005
0.165
-0.005
-0.005
0.165
-0.005
0.165
-0.005
0.165
-0.005
0.165
-0.005
0.0716667
-0.005
0.0716667
-0.005
0.0716667
-0.005
0.0716667
-0.005
0.0716667
-0.005
0.0716667
-0.005
0.0716667
-0.005
0.0716667
-0.005
0.0716667
-1.27
-0.845
-1.28
-1.28
-1.32
-1.27
-1.4
-1.28
-0.605
-1.33
-1.32
-1.27
-1.28
-1.28
-0.22
-1.32
-1.28
-1.4
-0.225
-1.27
0.0716667
-0.005
0.0716667
-0.005
0.0716667
-0.005
0.0716667
-0.005
0.0716667
-0.005
0.0716667
-0.005
0.0716667
-0.005
0.0716667
-0.005
-0.125
0.575
-0.125
0.575
-0.125
0.575
-0.125
0.575
-0.125
0.575
-0.005
0.455
-0.005
0.455
-0.005
0.42
-0.005
0.42
-0.005
0.42
-0.005
0.42
-0.005
0.42
-0.005
0.42
-0.005
0.42
-0.005
0.42
-0.005
0.42
-0.005
0.42
-0.005
0.42
-1.27
-0.445
-1.38
-0.245
-1.27
-0.68
-1.4
-0.655
-1.27
-0.565
-1.28
-0.655
-1.28
-0.655
-0.485
-0.75
-0.805
-0.68
-0.485
-0.63
-0.605
-0.005
-0.335
0.075
-0.335
0.075
-0.335
0.075
-0.205
-0.005
-0.205
-0.005
0.0716667
-0.005
-0.125
0.575
-0.125
0.758333
-0.125
0.758333
-0.125
0.758333
-0.125
0.758333
-0.125
0.758333
-0.005
0.638333
-0.005
0.628333
-0.005
0.628333
-0.005
0.628333
-0.005
0.628333
-0.005
0.628333
-0.005
0.628333
-0.005
0.628333
-0.005
0.628333
-0.005
0.628333
-0.005
0.628333
-0.005
0.628333
-0.005
0.628333
-1.27
-0.311667
-1.38
-0.0716667
-1.27
-0.486667
-1.4
-0.446667
-1.38
-0.496667
-1.27
-0.511667
-1.28
-0.486667
-1.28
-0.461667
-1.255
-0.471667
-0.805
-0.546667
-0.615
-0.005
-0.615
-0.005
-0.615
-0.005
-0.615
-0.005
-0.338333
0.228333
-0.338333
0.228333
-0.18
0.553333
-0.125
0.758333
-0.125
0.8625
-0.125
0.8625
-0.125
0.8625
-0.125
0.8625
-0.125
0.8625
-0.005
0.7425
-0.005
0.7325
-0.005
0.7325
-0.005
0.7325
-0.005
0.7325
-0.005
0.7325
-0.005
0.7325
-0.005
0.7325
-0.005
0.7325
-0.005
0.7325
-0.005
0.7325
-0.005
0.7325
-0.005
0.7325
-1.27
-0.245
-1.38
-0.1175
-1.32
-0.3825
-1.4
-0.3425
-1.4
-0.3575
-1.32
-0.4175
-1.28
-0.4175
-1.28
-0.3425
-1.28
-0.3425
-0.845
-0.3175
-0.965
-0.005
-0.615
-0.005
-0.615
-0.005
-0.615
-0.005
-0.338333
0.3325
-0.338333
0.3325
-0.18
0.6575
-0.125
0.8625
-0.125
0.925
-0.125
0.925
-0.125
0.925
-0.125
0.925
-0.125
0.925
-0.005
0.805
-0.005
0.795
-0.005
0.795
-0.005
0.795
-0.005
0.795
-0.005
0.795
-0.005
0.795
-0.005
0.795
-0.005
0.795
-0.005
0.795
-0.005
0.795
-0.005
0.795
-0.005
0.795
-1.27
-0.205
-1.38
-0.295
-1.32
-0.295
-1.4
-0.28
-1.28
-0.4
-1.38
-0.375
-1.28
-0.32
-1.32
-0.375
-0.845
-0.295
-0.805
-0.305
-0.965
-0.005
-0.965
-0.005
-0.615
-0.005
-0.338333
0.395
-0.338333
0.395
-0.338333
0.395
-0.18
0.72
-0.125
0.925
-0.125
-28.855
-0.125
-28.855
-0.125
-28.855
-0.125
-28.855
-0.125
-28.855
-0.005
-29.02
-0.005
-29.03
-0.005
-29.03
-0.005
-29.03
-0.005
-29.03
-0.005
-29.03
-0.005
-29.03
-0.005
-29.44
-0.005
-29.44
-0.005
-29.44
-0.005
-29.44
-0.005
-29.44
-0.005
-29.44
-0.63
-30.075
-0.445
-30.035
-0.425
-30.055
-0.445
-30.035
-0.445
-30.2
-0.445
-30.035
-0.445
-30.035
-0.445
-30.035
-0.445
-30.035
-0.445
-30.035
-0.525
-30.085
-0.525
-30.085
-0.525
-30.085
-0.525
-30.085
-0.525
-30.085
0.01
-30.035
0.01
-30.035
0.42
-30.035
0.42
-0.005
0.42
-0.005
0.42
-0.005
0.455
-0.005
0.455
-0.005
0.575
-0.125
0.575
-0.125
0.575
-0.125
0.575
-0.125
0.575
-0.125
0.575
-0.125
-0.005
0.0716667
-0.005
-0.205
-0.005
-0.205
0.075
-0.335
0.075
-0.335
0.075
-0.335
-0.005
-0.605
-0.63
-0.845
-0.73
-1.4
-0.75
-0.605
-0.365
-0.78
-0.655
-1.4
-0.75
-1.38
-0.23
-1.38
-0.695
-1.27
-0.105
-1.305
-0.125
-1.27
0.42
-0.005
0.42
-0.005
0.42
-0.005
0.42
-0.005
0.42
-0.005
0.42
-0.005
0.42
-0.005
0.42
-0.005
0.42
-0.005
0.42
-0.005
0.42
-0.005
0.42
-0.005
0.455
-0.005
-0.005
0.455
-0.005
0.42
-0.005
0.42
-0.005
0.42
-0.005
0.42
-0.005
0.42
-0.005
0.42
-0.005
0.195
-0.005
0.01
-0.005
0.01
-0.005
0.01
-0.005
0.01
-0.005
0.01
-0.63
-0.445
-0.72
-0.305
-0.775
-0.73
-0.23
-0.755
-0.645
-0.68
-0.655
-0.655
-0.405
-0.755
-0.67
-0.775
-0.405
-0.68
-0.26
-0.63
0.01
-0.005
0.01
-0.005
0.01
-0.005
0.01
-0.005
0.01
-0.005
0.195
-0.005
0.42
-0.005
0.42
-0.005
0.42
-0.005
0.42
-0.005
0.42
-0.005
0.42
-0.005
-0.125
0.758333
-0.005
0.638333
-0.005
0.628333
-0.005
0.628333
-0.005
0.628333
-0.005
0.628333
-0.005
0.628333
-0.005
0.628333
-0.005
0.218333
-0.005
0.218333
-0.005
0.218333
-0.005
0.218333
-0.005
0.218333
-0.005
0.218333
-0.63
-0.311667
-0.67
-0.511667
-0.75
-0.511667
-0.645
-0.546667
-0.655
-0.566667
-0.75
-0.511667
-0.655
-0.461667
-0.68
-0.496667
-0.63
-0.591667
-0.405
-0.546667
0.01
-0.005
0.01
-0.005
0.01
-0.005
0.01
-0.005
0.01
-0.005
0.01
-0.005
0.01
-0.005
0.01
-0.005
0.42
-0.005
0.42
-0.005
0.42
-0.005
-0.125
0.8625
-0.125
0.8625
-0.005
0.7425
-0.005
0.7325
-0.005
0.7325
-0.005
0.7325
-0.005
0.7325
-0.005
0.7325
-0.005
0.7325
-0.005
0.3225
-0.005
0.3225
-0.005
0.3225
-0.005
0.3225
-0.005
0.3225
-0.005
0.3225
-0.63
-0.245
-0.72
-0.205
-0.775
-0.3575
-0.67
-0.3825
-0.655
-0.4625
-0.655
-0.3825
-0.655
-0.4625
-0.655
-0.3425
-0.775
-0.3425
-0.445
-0.3175
0.01
-0.005
0.01
-0.005
0.01
-0.005
0.01
-0.005
0.01
-0.005
0.01
-0.005
0.01
-0.005
0.01
-0.005
0.42
-0.005
0.42
-0.005
-0.125
0.925
-0.125
0.925
-0.125
0.925
-0.005
0.805
-0.005
0.795
-0.005
0.795
-0.005
0.795
-0.005
0.795
-0.005
0.795
-0.005
0.795
-0.005
0.385
-0.005
0.385
-0.005
0.385
-0.005
0.385
-0.005
0.385
-0.005
0.385
-0.63
-0.205
-0.73
-0.355
-0.775
-0.4
-0.67
-0.295
-0.72
-0.375
-0.405
-0.425
-0.655
-0.4
-0.405
-0.305
-0.655
-0.295
-0.405
-0.305
-0.565
-0.005
0.01
-0.005
0.01
-0.005
0.01
-0.005
0.01
-0.005
0.01
-0.005
0.01
-0.005
0.01
-0.005
0.628333
-30.035
0.628333
-30.035
0.628333
-30.035
-0.125
-28.855
-0.125
-28.855
-0.005
-29.02
-0.005
-29.03
-0.005
-29.03
-0.005
-29.03
-0.005
-29.03
-0.005
-29.44
-0.005
-29.44
-0.005
-29.44
-0.005
-29.44
-0.005
-29.44
-0.005
-29.44
-0.005
-29.44
-0.005
-29.44
-0.546667
-30.035
-0.291667
-30.055
-0.291667
-30.055
-0.291667
-30.055
-0.311667
-30.2
-0.291667
-30.055
-0.291667
-30.055
-0.311667
-30.035
-0.291667
-30.055
-0.311667
-30.035
-0.391667
-30.085
-0.391667
-30.085
-0.391667
-30.085
-0.391667
-30.085
0.218333
-30.035
0.218333
-30.035
0.218333
-30.035
0.628333
-30.035
0.628333
-0.005
0.628333
-0.005
0.628333
-0.005
0.628333
-0.005
0.638333
-0.005
0.758333
-0.125
0.758333
-0.125
0.758333
-0.125
0.758333
-0.125
0.758333
-0.125
0.758333
-0.125
0.553333
-0.18
0.228333
-0.338333
0.228333
-0.338333
-0.005
-0.615
-0.005
-0.615
-0.005
-0.615
-0.005
-0.615
-0.546667
-0.805
-0.566667
-1.32
-0.461667
-1.4
-0.471667
-1.33
-0.521667
-1.4
-0.311667
-1.27
-0.0866667
-1.32
-0.486667
-1.27
-0.566667
-1.4
-0.0916667
-1.27
0.628333
-0.005
0.628333
-0.005
0.628333
-0.005
0.628333
-0.005
0.628333
-0.005
0.628333
-0.005
0.628333
-0.005
0.628333
-0.005
0.628333
-0.005
0.628333
-0.005
0.628333
-0.005
0.628333
-0.005
0.638333
-0.005
0.758333
-0.125
-0.005
0.42
-0.005
0.42
-0.005
0.42
-0.005
0.42
-0.005
0.01
-0.005
0.01
-0.005
0.01
-0.005
0.01
-0.005
0.01
-0.005
0.01
-0.005
0.01
-0.005
0.01
-0.546667
-0.405
-0.546667
-0.63
-0.486667
-0.63
-0.521667
-0.775
-0.591667
-0.75
-0.566667
-0.655
-0.446667
-0.775
-0.311667
-0.75
-0.155
-0.68
-0.185
-0.63
0.218333
-0.005
0.218333
-0.005
0.218333
-0.005
0.218333
-0.005
0.218333
-0.005
0.218333
-0.005
0.628333
-0.005
0.628333
-0.005
0.628333
-0.005
0.628333
-0.005
0.628333
-0.005
0.628333
-0.005
0.638333
-0.005
-0.005
0.638333
-0.005
0.628333
-0.005
0.628333
-0.005
0.628333
-0.005
0.628333
-0.005
0.218333
-0.005
0.218333
-0.005
0.218333
-0.005
0.218333
-0.005
0.218333
-0.005
0.218333
-0.005
0.218333
-0.005
0.218333
-0.546667
-0.271667
-0.546667
-0.496667
-0.546667
-0.436667
-0.546667
-0.461667
-0.521667
-0.566667
-0.496667
-0.511667
-0.446667
-0.486667
-0.486667
-0.461667
-0.496667
-0.591667
-0.271667
-0.546667
0.218333
-0.005
0.218333
-0.005
0.218333
-0.005
0.218333
-0.005
0.218333
-0.005
0.218333
-0.005
0.218333
-0.005
0.218333
-0.005
0.628333
-0.005
0.628333
-0.005
0.628333
-0.005
0.628333
-0.005
0.638333
-0.005
-0.005
0.7425
-0.005
0.7325
-0.005
0.7325
-0.005
0.7325
-0.005
0.7325
-0.005
0.3225
-0.005
0.3225
-0.005
0.3225
-0.005
0.3225
-0.005
0.3225
-0.005
0.3225
-0.005
0.3225
-0.005
0.3225
-0.546667
-0.205
-0.546667
-0.205
-0.486667
-0.3175
-0.461667
-0.3825
-0.591667
-0.3925
-0.546667
-0.325
-0.446667
-0.3825
-0.351667
-0.3175
-0.471667
-0.325
-0.311667
-0.3175
0.218333
-0.005
0.218333
-0.005
0.218333
-0.005
0.218333
-0.005
0.218333
-0.005
0.218333
-0.005
0.218333
-0.005
0.218333
-0.005
0.628333
-0.005
0.628333
-0.005
0.628333
-0.005
0.628333
-0.005
-0.125
0.925
-0.005
0.805
-0.005
0.795
-0.005
0.795
-0.005
0.795
-0.005
0.795
-0.005
0.385
-0.005
0.385
-0.005
0.385
-0.005
0.385
-0.005
0.385
-0.005
0.385
-0.005
0.385
-0.005
0.385
-0.546667
-0.165
-0.546667
-0.295
-0.461667
-0.355
-0.461667
-0.4
-0.511667
-0.375
-0.546667
-0.33
-0.446667
-0.32
-0.486667
-0.375
-0.511667
-0.295
-0.271667
-0.305
-0.431667
-0.005
0.218333
-0.005
0.218333
-0.005
0.218333
-0.005
0.218333
-0.005
0.218333
-0.005
0.218333
-0.005
0.218333
-0.005
0.7325
-30.035
0.7325
-30.035
0.7325
-30.035
0.7325
-30.035
-0.125
-28.855
-0.005
-29.02
-0.005
-29.03
-0.005
-29.03
-0.005
-29.03
-0.005
-29.03
-0.005
-29.44
-0.005
-29.44
-0.005
-29.44
-0.005
-29.44
-0.005
-29.44
-0.005
-29.44
-0.005
-29.44
-0.005
-29.44
-0.3175
-30.075
-0.225
-30.055
-0.225
-30.055
-0.225
-30.055
-0.225
-30.295
-0.225
-30.055
-0.225
-30.055
-0.205
-30.25
-0.225
-30.055
-0.245
-30.035
-0.325
-30.085
-0.325
-30.085
-0.325
-30.085
-0.325
-30.085
0.3225
-30.035
0.3225
-30.035
0.3225
-30.035
0.7325
-30.035
0.7325
-0.005
0.7325
-0.005
0.7325
-0.005
0.7325
-0.005
0.7425
-0.005
0.8625
-0.125
0.8625
-0.125
0.8625
-0.125
0.8625
-0.125
0.8625
-0.125
0.8625
-0.125
0.6575
-0.18
0.3325
-0.338333
0.3325
-0.338333
-0.005
-0.615
-0.005
-0.615
-0.005
-0.615
-0.005
-0.965
-0.3175
-0.845
-0.3575
-1.28
-0.3425
-1.28
-0.205
-1.345
-0.205
-1.38
-0.3425
-1.28
-0.205
-1.38
-0.3425
-1.32
-0.4625
-1.4
-0.075
-1.27
0.7325
-0.005
0.7325
-0.005
0.7325
-0.005
0.7325
-0.005
0.7325
-0.005
0.7325
-0.005
0.7325
-0.005
0.7325
-0.005
0.7325
-0.005
0.7325
-0.005
0.7325
-0.005
0.7325
-0.005
0.7425
-0.005
0.8625
-0.125
0.8625
-0.125
-0.005
0.42
-0.005
0.42
-0.005
0.42
-0.005
0.01
-0.005
0.01
-0.005
0.01
-0.005
0.01
-0.005
0.01
-0.005
0.01
-0.005
0.01
-0.005
0.01
-0.3175
-0.445
-0.3175
-0.695
-0.325
-0.695
-0.1175
-0.755
-0.3175
-0.68
-0.3425
-0.655
-0.3425
-0.73
-0.3425
-0.775
-0.205
-0.68
-0.1475
-0.63
0.3225
-0.005
0.3225
-0.005
0.3225
-0.005
0.3225
-0.005
0.3225
-0.005
0.3225
-0.005
0.7325
-0.005
0.7325
-0.005
0.7325
-0.005
0.7325
-0.005
0.7325
-0.005
0.7325
-0.005
0.7425
-0.005
-0.005
0.638333
-0.005
0.628333
-0.005
0.628333
-0.005
0.628333
-0.005
0.628333
-0.005
0.218333
-0.005
0.218333
-0.005
0.218333
-0.005
0.218333
-0.005
0.218333
-0.005
0.218333
-0.005
0.218333
-0.005
0.218333
-0.3175
-0.311667
-0.3175
-0.486667
-0.3425
-0.486667
-0.22
-0.546667
-0.3175
-0.591667
-0.3825
-0.566667
-0.3825
-0.566667
-0.325
-0.591667
-0.205
-0.471667
-0.205
-0.546667
0.3225
-0.005
0.3225
-0.005
0.3225
-0.005
0.3225
-0.005
0.3225
-0.005
0.3225
-0.005
0.3225
-0.005
0.3225
-0.005
0.7325
-0.005
0.7325
-0.005
0.7325
-0.005
0.7325
-0.005
0.7425
-0.005
-0.005
0.7425
-0.005
0.7325
-0.005
0.7325
-0.005
0.7325
-0.005
0.7325
-0.005
0.3225
-0.005
0.3225
-0.005
0.3225
-0.005
0.3225
-0.005
0.3225
-0.005
0.3225
-0.005
0.3225
-0.005
0.3225
-0.3175
-0.245
-0.3575
-0.4625
-0.325
-0.4075
-0.325
-0.3825
-0.325
-0.4075
-0.3425
-0.3825
-0.205
-0.3675
-0.3425
-0.3425
-0.205
-0.3675
-0.245
-0.3175
0.3225
-0.005
0.3225
-0.005
0.3225
-0.005
0.3225
-0.005
0.3225
-0.005
0.3225
-0.005
0.3225
-0.005
0.3225
-0.005
0.7325
-0.005
0.7325
-0.005
0.7325
-0.005
0.7325
-0.005
0.7425
-0.005
-0.005
0.805
-0.005
0.795
-0.005
0.795
-0.005
0.795
-0.005
0.795
-0.005
0.385
-0.005
0.385
-0.005
0.385
-0.005
0.385
-0.005
0.385
-0.005
0.385
-0.005
0.385
-0.005
0.385
-0.3175
-0.205
-0.3575
-0.28
-0.3425
-0.295
-0.325
-0.38
-0.3675
-0.205
-0.3825
-0.32
-0.205
-0.305
-0.205
-0.305
-0.3575
-0.295
-0.205
-0.305
-0.365
-0.005
0.3225
-0.005
0.3225
-0.005
0.3225
-0.005
0.3225
-0.005
0.3225
-0.005
0.3225
-0.005
0.3225
-0.005
0.795
-30.035
0.795
-30.035
0.795
-30.035
0.795
-30.035
-0.125
-28.855
-0.005
-29.02
-0.005
-29.03
-0.005
-29.03
-0.005
-29.03
-0.005
-29.03
-0.005
-29.44
-0.005
-29.44
-0.005
-29.44
-0.005
-29.44
-0.005
-29.44
-0.005
-29.44
-0.005
-29.44
-0.005
-30.24
-0.305
-30.035
-0.185
-30.055
-0.185
-30.055
-0.185
-30.055
-0.185
-30.295
-0.185
-30.055
-0.185
-30.055
-0.165
-30.25
-0.185
-30.055
-0.205
-30.035
-0.285
-30.085
-0.285
-30.085
-0.285
-30.085
-0.285
-30.085
0.385
-30.035
0.385
-30.035
0.385
-30.035
0.795
-30.035
0.795
-0.005
0.795
-0.005
0.795
-0.005
0.795
-0.005
0.805
-0.005
0.925
-0.125
0.925
-0.125
0.925
-0.125
0.925
-0.125
0.925
-0.125
0.925
-0.125
0.72
-0.18
0.395
-0.338333
0.395
-0.338333
0.395
-0.338333
-0.005
-0.615
-0.005
-0.965
-0.005
-0.965
-0.305
-0.805
-0.425
-0.82
-0.4
-1.28
-0.045
-1.345
-0.045
-1.38
-0.28
-1.28
-0.255
-1.38
-0.165
-1.32
-0.165
-1.305
-0.065
-1.27
0.795
-0.005
0.795
-0.005
0.795
-0.005
0.795
-0.005
0.795
-0.005
0.795
-0.005
0.795
-0.005
0.795
-0.005
0.795
-0.005
0.795
-0.005
0.795
-0.005
0.795
-0.005
0.805
-0.005
0.925
-0.125
0.925
-0.125
0.925
-0.125
-0.005
0.42
-0.005
0.42
-0.005
0.01
-0.005
0.01
-0.005
0.01
-0.005
0.01
-0.005
0.01
-0.005
0.01
-0.005
0.01
-0.005
-0.565
-0.305
-0.405
-0.345
-0.525
-0.375
-0.68
-0.165
-0.755
-0.255
-0.755
-0.295
-0.775
-0.295
-0.775
-0.295
-0.775
-0.095
-0.68
-0.125
-0.63
0.385
-0.005
0.385
-0.005
0.385
-0.005
0.385
-0.005
0.385
-0.005
0.385
-0.005
0.795
-0.005
0.795
-0.005
0.795
-0.005
0.795
-0.005
0.795
-0.005
0.795
-0.005
0.805
-0.005
0.925
-0.125
-0.005
0.628333
-0.005
0.628333
-0.005
0.628333
-0.005
0.628333
-0.005
0.218333
-0.005
0.218333
-0.005
0.218333
-0.005
0.218333
-0.005
0.218333
-0.005
0.218333
-0.005
0.218333
-0.005
-0.431667
-0.305
-0.271667
-0.38
-0.346667
-0.375
-0.326667
-0.375
-0.546667
-0.28
-0.566667
-0.165
-0.511667
-0.165
-0.546667
-0.4
-0.566667
-0.185
-0.411667
-0.165
-0.546667
0.385
-0.005
0.385
-0.005
0.385
-0.005
0.385
-0.005
0.385
-0.005
0.385
-0.005
0.385
-0.005
0.385
-0.005
0.795
-0.005
0.795
-0.005
0.795
-0.005
0.795
-0.005
0.805
-0.005
-0.005
0.7425
-0.005
0.7325
-0.005
0.7325
-0.005
0.7325
-0.005
0.7325
-0.005
0.3225
-0.005
0.3225
-0.005
0.3225
-0.005
0.3225
-0.005
0.3225
-0.005
0.3225
-0.005
0.3225
-0.005
-0.365
-0.305
-0.205
-0.295
-0.3575
-0.4
-0.3425
-0.32
-0.3825
-0.305
-0.205
-0.32
-0.325
-0.165
-0.3675
-0.295
-0.3425
-0.295
-0.3425
-0.205
-0.3175
0.385
-0.005
0.385
-0.005
0.385
-0.005
0.385
-0.005
0.385
-0.005
0.385
-0.005
0.385
-0.005
0.385
-0.005
0.795
-0.005
0.795
-0.005
0.795
-0.005
0.795
-0.005
0.805
-0.005
-0.005
0.805
-0.005
0.795
-0.005
0.795
-0.005
0.795
-0.005
0.795
-0.005
0.385
-0.005
0.385
-0.005
0.385
-0.005
0.385
-0.005
0.385
-0.005
0.385
-0.005
0.385
-0.005
-0.325
-0.305
-0.165
-0.4
-0.295
-0.4
-0.355
-0.32
-0.4
-0.305
-0.205
-0.295
-0.32
-0.165
-0.425
-0.28
-0.4
-0.165
-0.305
-0.165
-0.305
-0.325
-0.005
0.385
-0.005
0.385
-0.005
0.385
-0.005
0.385
-0.005
0.385
-0.005
0.385
-0.005
0.385
-0.005
