0
-0.4
0
0
0
0
0
0
0
0
0
0
0
0
0
0
0
0
0
0
-1
0
0
0
0
0
0
0
-4
0
0
0
-1.8
0
-1
0
0
0
0
-1.8
0
-1.8
0
0
0
-1.8
0
-2.8
0
-4
0
0
0
-2.8
0
0
0
0
0
-1.8
0
0
0
0
0
0
0
-2.8
0
0
0
-1.8
0
-0.3
0
0.1
0
0.1
0
0.1
0
0.1
0
0.1
0
0.1
0
0.1
0
0.1
-0.4
0.1
-1
0.1
-2.8
0.1
0
0.1
0
0.1
0
0.1
0
0.1
0
0.1
-2.8
0.1
0
0
-1
-0.15
-1.8
0.2
-1
-1.2
-4
-0.55
-1.8
-0.55
-2.8
-1.6
-0.4
-0.35
-0.4
-0.05
-0.4
-0.45
-0.4
0.0166667
-0.4
0.0166667
-0.4
-0.55
-0.4
-0.35
-0.4
0.0166667
-0.4
-0.35
-0.4
-0.75
0
0.116667
0
0.15
0
0.3
0
0.3
0
0.3
0
0.3
0
0.3
0
0.3
0
0.3
0
0.3
-0.4
0.3
-1
0.3
-2.8
0.3
0
0.3
0
0.3
0
0.3
0
0.3
0
0.3
-2.8
0.3
0
0
-1
-0.025
-1.8
-0.325
-1
-0.8
-4
-0.35
-1.8
-0.125
-2.8
0.375
-0.4
-0.15
-0.4
-0.125
-0.4
-0.3
-0.4
0.275
-0.4
-0.125
-0.4
-0.35
-0.4
0.275
-0.4
-0.125
-0.4
-0.3
-0.4
0.275
0
-0.3
0
0.183333
0
0.483333
0
0.483333
0
0.483333
0
0.483333
0
0.483333
0
0.483333
0
0.483333
0
0.483333
-0.4
0.483333
-1
0.483333
-2.8
0.483333
0
0.483333
0
0.483333
0
0.483333
0
0.483333
0
0.483333
-2.8
0.483333
0
0
-1
-0.45
-1.8
-0.916667
-1
-0.0166667
-4
0.316667
-1.8
-0.0166667
-2.8
-2.16667
-0.4
-0.116667
-0.4
-0.0666667
-0.4
-0.116667
-0.4
-0.45
-0.4
0
-0.4
-0.45
-0.4
0.316667
-0.4
-0.45
-0.4
0.316667
-0.4
-2.16667
0
-0.516667
0
0.2875
0
0.5875
0
0.5875
0
0.5875
0
0.5875
0
0.5875
0
0.5875
0
0.5875
0
0.5875
-0.4
0.5875
-1
0.5875
-2.8
0.5875
0
0.5875
0
0.5875
-2.8
0.5875
0
0.5875
0
0.5875
-2.8
0.5875
0
0
-1
-0.35
-0.4
-0.4125
-1.8
0.25
-2.8
0.45
-1.8
0.25
-0.4
-1.6
-0.4
-0.0125
-0.4
-0.05
-0.4
-0.8125
-0.4
0.45
-0.4
-0.0125
-0.4
-0.95
-0.4
0.45
-0.4
0.35
-0.4
0.45
-0.4
0.45
0
-0.1125
0
0.35
0
0.65
0
0.65
0
0.65
0
0.65
0
0.65
0
0.65
0
0.65
0
0.65
-0.4
0.65
-1
0.65
-2.8
0.65
0
0.65
0
0.65
0
0.65
0
0.65
0
0.65
-2.8
0.65
0
0
-4
-0.01
-1.8
-0.75
-1
0.15
-4
0
-0.4
-0.24
-2.8
-0.11
-0.4
-0.24
-0.4
0
-0.4
0
-0.4
0
-0.4
0
-0.4
0
-0.4
0.24
-0.4
0.24
-0.4
0
-0.4
-0.79
0
-0.11
0.1
0
0.1
0
0.1
0
0.1
0
0.1
0
0.1
0
0.1
0
0.1
0
0.1
0
0
0
0
0
0.0166667
-0.4
-0.35
-0.4
-0.55
-0.4
-0.35
-0.4
-0.35
-0.4
0.0166667
-0.4
-1.6
-0.4
-0.45
-0.4
0.0166667
-1.8
-0.35
-4
-0.35
-1.8
-0.35
-1
-0.75
-1.8
-0.35
-1.8
-0.45
-1.8
0
-2.8
0
0
0.1
-4
0.1
0
0.1
0
0.1
-4
0.1
0
0.1
-2.8
0.1
0
0.1
-1
0.1
0
0.1
0
0.1
0
0.1
0
0.1
0
0
0.1
0
0.1
0
0.1
0
0.1
-0.1
0.1
-0.4
0.1
-0.2
0.1
0
0.1
-0.2
0.1
-1.25
0.1
0
0.1
-0.2
0.1
-0.2
0.1
0
-0.25
-0.5
-0.45
-0.175
-0.975
-0.55
-2.15
-0.7
-0.7
-0.55
-0.95
-0.175
-0.975
-0.15
-0.85
-0.9
-0.95
-0.25
0
0.1
-0.45
0.1
-0.2
0.1
0
0.1
0
0.1
-0.2
0.1
-2.5
0.1
0
0.1
-0.6
0.1
0
0.1
0
0.1
0
-0.1
0.4
-0.1
0.4
0
0.3
0
0.3
0
0.3
0
0.3
-0.1
0.3
-0.4
0.3
-0.2
0.3
0
0.3
-0.2
0.3
-1.25
0.3
0
0.3
-0.2
0.3
-0.2
0.3
0
-0.225
-0.5
-0.425
-0.366667
-0.691667
-0.55
-0.9
-0.55
-1.225
-0.75
-1.525
-0.675
-0.275
-1.01667
-0.266667
-0.9
-0.925
-0.675
-1.075
-0.3
-0.9
-0.3
-0.525
-0.0833333
0
-0.0833333
-0.425
-0.0833333
0
0.1
-1.825
0.1
-0.225
0.1
-0.225
0.1
0
0.1
0
-0.1
0.583333
-0.1
0.583333
-0.1
0.583333
0
0.483333
0
0.483333
0
0.483333
0
0.483333
-0.1
0.483333
-0.4
0.483333
0
0.483333
0
0.483333
-0.2
0.483333
-1.25
0.483333
0
0.483333
-0.2
0.483333
-0.2
0.483333
0
-0.216667
-0.55
-0.766667
-0.7
-0.266667
-0.55
-1.06667
-0.7
-0.266667
-0.55
-1.31667
-0.9
-1.31667
-0.7
-0.266667
-0.9
-1.31667
-0.85
0
-0.45
-0.266667
-0.45
-0.15
-0.3
-0.45
-0.3
-0.666667
0.1
-0.116667
0.1
-1.75
0.1
-2.5
0.1
-0.116667
0.1
0
0.1
0
-0.1
0.6875
-0.1
0.6875
-0.1
0.6875
0
0.5875
0
0.5875
0
0.5875
0
0.5875
-0.1
0.5875
-0.4
0.5875
-0.2
0.5875
0
0.5875
-0.2
0.5875
0
0.5875
0
0.5875
-0.2
0.5875
-0.2
0.5875
0
-0.2125
-0.7
-0.6625
-0.7
-0.3625
-0.55
-0.7
-0.55
-0.7
-0.55
-0.7
-0.975
-0.4375
-0.55
-0.7
-0.975
-0.4375
-0.85
0
-0.55
-1.2125
-0.55
-0.6
-0.55
-0.8125
-0.3
-0.6
0.1
-0.05
0.1
-0.1
0.1
-0.0125
0.1
-0.4125
0.1
0
0.1
0
-0.1
0.75
-0.1
0.75
-0.1
0.75
0
0.65
0
0.65
0
0.65
0
0.65
-0.1
0.65
-0.4
0.65
-0.2
0.65
0
0.65
-0.2
0.65
-1.25
0.65
0
0.65
-0.2
0.65
-0.2
0.65
0
-0.21
-0.7
-0.34
-0.7
-0.34
-0.55
-0.66
-0.55
-0.85
-0.55
-0.66
-0.7
-0.1
-0.55
-0.66
-0.85
-1.76
-0.85
0
-0.55
-0.75
-0.55
-0.75
-0.55
-0.75
-0.55
-0.75
0.1
0
0.1
-2.66
0.1
-1.69
0.1
-0.14
0.3
0
0.3
0
0.3
0
0.3
0
0.3
0
0.3
0
0.3
0
0.3
0
0.3
0
0
0
-0.625
0
0.275
-0.4
0.275
-0.4
-0.35
-0.4
-1.825
-0.4
-0.025
-0.4
-0.125
-0.4
-1.825
-0.4
-0.3
-0.4
0.275
-1.8
-0.15
-4
-0.125
-1
-0.125
-1.8
-0.125
-2.8
-0.35
-1.8
-0.125
-2.8
0
-2.8
0
0
0.3
-4
0.3
-1.8
0.3
0
0.3
0
0.3
0
0.3
-2.8
0.3
0
0.3
-1.8
0.3
0
0.3
0
0.3
0
0.3
0
0.3
0
0.4
-0.1
0.4
-0.1
0
0.1
0
0.1
-0.1
0.1
-0.4
0.1
-0.025
0.1
-1.825
0.1
0
-0.0833333
0
-0.0833333
0
-0.0833333
-0.525
-0.3
-0.525
-0.3
-1.075
-0.675
-0.125
-0.85
-0.266667
-2.51667
-0.125
-0.5
-0.125
-1.65
-0.125
-1.15
-0.266667
-1.31667
-0.391667
-2.76667
-0.266667
-1.31667
-0.225
0
0.3
-0.45
0.3
-0.2
0.3
0
0.3
0
0.3
-0.2
0.3
0
0.3
0
0.3
-0.2
0.3
0
0.3
0
0.3
0
0.3
0
0.3
0
0
0.3
0
0.3
0
0.3
0
0.3
-0.1
0.3
-0.4
0.3
0
0.3
-0.4
0.175
-0.025
0.175
-0.025
0.175
-0.025
0.175
-0.025
0.175
-2.225
-0.05
-1.075
-0.275
-0.266667
-0.691667
-0.266667
-0.691667
-0.325
-0.9
-0.325
-1.225
-0.975
-0.975
-0.9
-0.325
-0.391667
-0.266667
-0.266667
-0.391667
-0.275
-1.075
-0.05
-2.225
0.175
-0.025
0.175
-0.025
0.175
-0.025
0.175
-0.025
0.175
-0.625
0.3
0
0.3
-0.225
0.3
0
0.3
0
0.3
0
0.3
0
-0.1
0.583333
0
0.483333
0
0.483333
0
0.483333
0
0.483333
-0.1
0.483333
-0.4
0.483333
0
0.383333
-0.4
0.383333
-0.025
0.383333
-0.025
0.383333
-0.025
0.383333
-0.025
0.383333
-0.025
0.383333
-1.075
-0.141667
-0.325
-0.766667
-0.7
-0.866667
-0.325
-1.06667
-0.475
-0.7
-0.325
-1.31667
-0.325
-1.31667
-0.475
-0.266667
-0.9
-0.516667
-0.625
0
-0.05
-0.266667
-0.05
-0.15
-0.05
0
0.175
-0.366667
0.175
0
0.175
0
0.3
-0.0166667
0.3
-0.0666667
0.3
0
0.3
0
0.3
0
0.3
0
-0.1
0.6875
0
0.5875
0
0.5875
0
0.5875
0
0.5875
-0.1
0.5875
-0.4
0.5875
0
0.4875
-0.4
0.4875
-0.025
0.4875
-0.025
0.4875
-0.025
0.4875
-0.025
0.4875
-0.025
0.4875
-1.075
-0.075
-0.475
-0.6625
-0.975
-0.9625
-0.325
-0.7
-0.325
-0.7
-0.325
-0.7
-0.9
-0.2125
-0.691667
-1.71667
-0.9
-0.95
-0.625
0
-0.325
-0.7
-0.05
-0.0125
-0.05
-0.05
0.175
-0.3
0.175
-0.2
0.175
-0.3
0.3
-0.05
0.3
0
0.3
0
0.3
0
0.3
0
-0.1
0.75
-0.1
0.75
0
0.65
0
0.65
0
0.65
0
0.65
-0.1
0.65
-0.4
0.65
0
0.55
-0.4
0.55
-0.025
0.55
-0.025
0.55
-0.025
0.55
-0.025
0.55
-0.025
0.55
-1.075
-0.035
-0.325
-0.85
-0.7
-1.26
-0.325
-0.66
-0.325
-0.85
-0.325
-0.66
-0.475
-0.1
-0.691667
-0.506667
-1.325
-0.95
-0.625
0
-0.325
-0.75
-0.325
-1.76
-0.05
-0.1
0.175
-0.1
0.175
-0.14
0.175
-0.25
0.175
-0.4
0.3
-0.14
0.483333
0
0.483333
0
0.483333
0
0.483333
0
0.483333
0
0.483333
0
0.483333
0
0.483333
0
0.483333
0
0
0
-0.4
0
0.316667
-0.4
-0.0666667
-0.4
-0.116667
-0.4
-2.16667
-0.4
0.0833333
-0.4
0
-0.4
-0.0666667
-0.4
-0.116667
-0.4
0.316667
-1.8
-0.116667
-1.8
0
-1
-0.116667
-1
-0.0166667
-2.8
-0.916667
-4
-0.0666667
-1.8
0
-2.8
0
0
0.483333
-1.8
0.483333
-1.8
0.483333
0
0.483333
0
0.483333
0
0.483333
-2.8
0.483333
-2.8
0.483333
-1.8
0.483333
0
0.483333
0
0.483333
0
0.483333
0
0.483333
0
0.583333
-0.1
0.583333
-0.1
0.583333
-0.1
0
0.1
-0.1
0.1
-0.4
0.1
-0.9
0.1
-0.116667
0.1
-0.416667
0.1
-0.666667
-0.3
-0.666667
-0.3
-0.15
-0.45
-1.75
-0.45
0
-0.85
-0.266667
-0.9
-0.266667
-2.1
-0.55
-0.9
-0.7
-0.7
-0.55
-2.4
-1.01667
-0.55
-0.15
-1.3
-1.31667
-0.55
-0.216667
0
0.483333
-0.45
0.483333
-0.2
0.483333
0
0.483333
0
0.483333
-0.2
0.483333
0
0.483333
-0.2
0.483333
-0.2
0.483333
0
0.483333
0
0.483333
0
0.483333
0
0.483333
0
0.583333
-0.1
0
0.3
0
0.3
0
0.3
-0.1
0.3
-0.4
0.3
0
0.3
0
0.175
0
0.175
-0.366667
0.175
-0.416667
-0.05
-0.15
-0.05
-1.75
-0.05
0
-0.625
-0.266667
-0.5
-0.55
-0.8
-0.55
-0.5
-0.55
-1.3
-0.233333
-0.691667
-0.233333
-2.79167
-1.81667
-2.225
-0.266667
-0.475
-0.141667
-1.075
0.383333
-0.025
0.383333
-0.025
0.383333
-0.025
0.383333
0
0.383333
-0.025
0.383333
-0.5
0.383333
-0.025
0.483333
-0.225
0.483333
0
0.483333
0
0.483333
0
0.483333
0
0.483333
0
0
0.483333
0
0.483333
0
0.483333
0
0.483333
-0.1
0.483333
-0.4
0.483333
0
0.383333
0
0.383333
0
0.383333
-0.366667
0.383333
-0.416667
0.0833333
-0.15
0.0833333
-1.75
0.0833333
0
-0.55
-0.55
-0.666667
-0.55
-1.16667
-0.55
-0.666667
-0.55
-0.366667
-0.55
-2.76667
-1.01667
-0.55
-0.4
-0.266667
-1.31667
-0.516667
-0.55
0
0.0833333
-0.266667
0.0833333
-0.15
0.0833333
0
0.383333
0
0.383333
-0.266667
0.383333
0
0.383333
0
0.483333
-0.116667
0.483333
0
0.483333
0
0.483333
0
0.483333
0
0.483333
0
0
0.5875
0
0.5875
0
0.5875
0
0.5875
-0.1
0.5875
-0.4
0.5875
0
0.4875
0
0.4875
0
0.4875
0
0.4875
-0.366667
0.4875
-0.15
0.15
-1.75
0.15
0
-0.5125
-0.55
-2.7
-0.55
-1.8
-0.55
-0.3
-0.55
-1.8
-0.55
-0.3
-1.01667
-0.2125
-0.25
-0.7
-0.25
-0.7
-0.55
0
-0.116667
-0.05
-0.116667
-0.0125
0.383333
0
0.383333
-0.3
0.383333
-0.2
0.383333
-0.3
0.383333
-0.05
0.483333
-0.4125
0.483333
0
0.483333
0
0.483333
0
0.483333
0
-0.1
0.75
0
0.65
0
0.65
0
0.65
0
0.65
-0.1
0.65
-0.4
0.65
0
0.55
0
0.55
0
0.55
-0.366667
0.55
-0.366667
0.55
-0.15
0.19
-1.75
0.19
0
-0.49
-0.55
-1.06
-0.55
-0.26
-0.55
-0.26
-0.55
-1.06
-0.55
-0.66
-0.266667
-1.14
-0.25
-0.66
-0.55
-1.76
-0.55
0
-0.116667
-1.76
-0.116667
-0.04
-0.116667
-0.14
0.383333
-0.1
0.383333
-0.14
0.383333
-0.25
0.383333
-0.01
0.483333
-0.14
0.5875
0
0.5875
0
0.5875
0
0.5875
0
0.5875
0
0.5875
0
0.5875
0
0.5875
0
0.5875
0
0
0
-0.95
0
0.45
-0.4
0.45
-0.4
-0.0125
-0.4
0.45
-0.4
0.25
-0.4
-0.0125
-0.4
-0.05
-0.4
-0.8125
-0.4
0.45
-1.8
-0.0125
-1.8
0.354167
-1.8
-0.0125
-1
0.45
-2.8
0.25
-1.8
-0.1125
-4
0
-1
0
0
0.5875
-1.8
0.5875
0
0.5875
0
0.5875
0
0.5875
0
0.5875
0
0.5875
-2.8
0.5875
-1.8
0.5875
0
0.5875
0
0.5875
0
0.5875
0
0.5875
0
0.6875
-0.1
0.6875
-0.1
0.6875
-0.1
0
0.1
-0.1
0.1
-0.4
0.1
-0.1
0.1
-0.05
0.1
-0.1
0.1
-0.5125
-0.3
-0.8125
-0.55
-0.7
-0.55
-0.7
-0.55
0
-0.85
-0.2125
-1.6
-0.216667
-2.51667
-0.4375
-0.975
-0.7
-0.55
-0.216667
-1.31667
-0.216667
-1.31667
-0.1375
-0.975
-0.1375
-0.975
-0.2125
0
0.5875
-2.5
0.5875
-0.2
0.5875
0
0.5875
-0.2
0.5875
-0.2
0.5875
0
0.5875
-0.4
0.5875
-0.2
0.5875
0
0.5875
0
0.5875
0
0.5875
0
0.5875
0
0.6875
-0.1
0
0.3
0
0.3
0
0.3
-0.1
0.3
-0.5125
0.3
-0.1125
0.3
-0.2
0.175
-0.2
0.175
-2.5
0.175
-0.3
-0.05
-0.0125
-0.05
-0.95
-0.325
0
-0.625
-0.2125
-1.7
-0.216667
-0.391667
-1.0125
-1.225
-0.3625
-1.275
-0.216667
-0.691667
-0.7
-0.325
-1.2125
-2.225
-0.3625
-1.275
-0.075
-1.075
0.4875
-0.025
0.4875
-0.025
0.4875
-0.025
0.4875
-0.025
0.4875
-0.025
0.4875
-0.625
0.4875
0
0.5875
-0.225
0.5875
0
0.5875
0
0.5875
0
0.5875
0
0.5875
0
0
0.483333
0
0.483333
0
0.483333
0
0.483333
-0.1
0.483333
-0.4
0.483333
0
0.383333
-0.2
0.383333
-0.2
0.383333
-2.5
0.383333
-0.3
0.383333
-0.0125
-0.116667
-0.95
-0.116667
0
-0.55
-0.2125
-0.766667
-0.7
-1.75
-1.0125
-1.56667
-0.7
-0.516667
-0.2125
-1.31667
-0.2125
-1.31667
-0.3625
-0.266667
-0.3625
-0.266667
-0.5125
0
0.15
-0.266667
0.15
-0.15
0.4875
-0.466667
0.4875
-2.56667
0.4875
0
0.4875
0
0.4875
-0.666667
0.5875
-0.116667
0.5875
0
0.5875
0
0.5875
0
0.5875
0
0.5875
0
0
0.5875
0
0.5875
0
0.5875
0
0.5875
-0.1
0.5875
-0.4
0.5875
0
0.4875
-0.2
0.4875
-0.2
0.4875
-0.3
0.4875
-0.3
0.4875
-0.0125
-0.0125
-0.95
-0.0125
0
-0.5125
-0.2125
-1.2125
-0.7
-0.7125
-1.0125
-0.9125
-0.3625
-1.1625
-0.2125
-2.6125
-0.7
-0.2125
-0.2125
-0.7
-0.2125
-0.7
-0.5125
0
-0.0125
-0.05
-0.0125
-0.0125
0.4875
-0.4125
0.4875
0
0.4875
-0.2
0.4875
-0.3
0.4875
-0.4125
0.5875
-0.4125
0.5875
0
0.5875
0
0.5875
0
0.5875
0
0.5875
0
0
0.65
0
0.65
0
0.65
0
0.65
-0.1
0.65
-0.4
0.65
0
0.55
-0.2
0.55
-0.2
0.55
-2.5
0.55
-0.3
0.55
-0.0125
0.05
-0.95
0.05
0
-0.49
-0.2125
-0.85
-0.7
-0.99
-1.0125
-0.96
-0.3625
-1.14
-0.2125
-0.66
-0.3625
-0.1
-0.2125
-0.66
-1.2125
-1.76
-0.5125
0
-0.0125
-0.01
-0.0125
-1.76
-0.0125
0
0.4875
0
0.4875
-0.14
0.4875
-0.25
0.4875
-0.4
0.5875
-0.14
0.65
0
0.65
0
0.65
0
0.65
0
0.65
0
0.65
0
0.65
0
0.65
0
0.65
0
0
0
-0.11
0
0.24
-0.4
0
-0.4
0
-0.4
-0.16
-0.4
0.24
-0.4
0
-0.4
0
-0.4
0
-0.4
0
-1.8
-0.24
-4
-0.0233333
-1.8
0
-1.8
0
-2.8
0
-1.8
0
-1.8
-0.11
-2.8
0
0
0.65
-4
0.65
-1.8
0.65
0
0.65
0
0.65
-4
0.65
0
0.65
0
0.65
-1.8
0.65
0
0.65
0
0.65
0
0.65
0
0.65
0
0.75
-0.1
0.75
-0.1
0.75
-0.1
0
0.1
-0.1
0.1
-0.65
0.1
-0.1
0.1
0
0.1
-0.01
0.1
-2.16
-0.55
-0.56
-0.55
-0.75
-0.55
-0.75
-0.55
0
-0.85
-0.135
-0.975
-0.206667
-2.51667
-0.11
-0.85
-0.206667
-1.01667
-0.66
-2.95
-0.135
-0.975
-0.99
-1.75
-1.14
-0.7
-0.21
0
0.65
-0.45
0.65
-0.2
0.65
0
0.65
0
0.65
-0.2
0.65
0
0.65
0
0.65
-0.6
0.65
0
0.65
0
0.65
0
0.65
0
0.65
0
0.75
-0.1
0.75
-0.1
0
0.3
0
0.3
-0.1
0.3
-0.65
0.3
-0.16
0.175
-0.16
0.175
-0.14
0.175
-0.1
0.175
-0.09
-0.05
-0.04
-0.325
-1.76
-0.325
0
-0.625
-0.14
-0.625
-0.206667
-0.391667
-0.206667
-0.691667
-0.206667
-0.691667
-0.66
-1.525
-0.66
-0.325
-0.99
-1.525
-1.14
-1.275
-0.035
-1.075
0.55
-0.025
0.55
-0.025
0.55
-0.025
0.55
0
0.55
-0.025
0.55
-0.5
0.55
-0.025
0.65
-0.225
0.65
0
0.65
0
0.65
0
0.65
0
0.65
0
0.75
-0.1
0
0.483333
0
0.483333
0
0.483333
-0.1
0.483333
-0.65
0.483333
-0.14
0.383333
-0.16
0.383333
-0.14
0.383333
-0.1
0.383333
0
-0.116667
-0.04
-0.116667
-1.76
-0.116667
0
-0.55
-0.66
-0.25
-0.66
-1.75
-0.34
-0.266667
-0.66
-0.55
-0.34
-0.266667
-0.66
-0.55
-0.64
-0.266667
-1.14
-0.7
-0.49
0
0.19
-0.55
0.19
-0.15
0.55
0
0.55
0
0.55
0
0.55
0
0.55
0
0.65
-0.25
0.65
0
0.65
0
0.65
0
0.65
0
0.65
0
0
0.5875
0
0.5875
0
0.5875
0
0.5875
-0.1
0.5875
-0.65
0.5875
-0.16
0.4875
-0.16
0.4875
-0.14
0.4875
-0.16
0.4875
0
-0.0125
-0.04
-0.0125
-1.76
-0.0125
0
-0.5125
-0.66
-0.5125
-0.66
-0.7125
-1.14
-0.1625
-0.66
-1.9125
-0.95
-2.6125
-0.66
-0.2125
-0.99
-2.2
-0.9
-0.9625
-0.49
0
0.05
-0.05
0.05
-0.0125
0.55
0
0.55
-0.05
0.55
-0.2
0.55
-0.3
0.55
-0.05
0.65
-1.6125
0.65
0
0.65
0
0.65
0
0.65
0
0.65
0
0
0.65
0
0.65
0
0.65
0
0.65
-0.1
0.65
-0.4
0.65
-0.14
0.55
-0.16
0.55
-0.14
0.55
-0.1
0.55
0
0.05
-0.04
0.05
-1.76
0.05
0
-0.49
-0.66
-0.35
-0.66
-0.99
-0.9
-1.14
-0.66
-0.49
-0.66
-0.99
-0.34
-0.1
-0.99
-2.16
-0.85
-1.76
-0.49
0
0.05
-0.01
0.05
-0.04
0.05
-0.14
0.55
-0.01
0.55
-0.14
0.55
-0.25
0.55
-0.01
0.65
-0.14
