-29.02
-30
-29.02
-30.035
-29.02
-30.035
-29.02
-30.035
-29.02
-30.035
-30.035
-29.02
-30.035
-29.02
-30.035
-29.02
-30.035
-29.02
-30
-29.02
-30.08
-29.03
-30
-29.03
-30
-29.03
-30
-29.03
-30
-29.44
-30
-29.44
-30.05
-30.2
-30.085
-30.2
-30.06
-30.025
-30.035
-30.185
-30
-30.05
-30.035
-30.085
-30.02
-30.155
-30.155
-30.295
-30.02
-30.22
-30.055
-30.22
-30.02
-30.02
-30.04
-30.135
-30.2
-30.05
-30.2
-30.05
-29.44
-30
-29.44
-30
-29.03
-30
-29.03
-30
-29.03
-30
-29.03
-30
-29.02
0
-29.02
-0.005
-29.02
-0.005
-29.02
-0.005
-29.02
-0.005
-28.855
-0.125
-28.855
-0.125
-28.855
-0.125
-30.035
0.165
-30
0.165
-30.2
0.165
-30.035
0.165
-30.135
0.0716667
-30.035
0.0716667
-30.05
-0.925
-30.05
-0.925
-30.05
-0.925
-30.05
-0.925
-30.06
-1.275
-30.02
-0.865
-30.295
-0.825
-30.035
-1.305
-30.035
-0.86
-30
-0.84
-30.035
-0.86
-30.05
-0.82
-30
-0.845
-30.02
-0.205
-29.03
-0.05
-29.03
-0.205
-29.03
-0.205
-29.03
-0.05
-29.03
-0.845
-29.03
-1.255
-29.03
-0.845
-29.03
-0.845
-29.02
0
-29.02
-0.005
-29.02
-0.005
-29.02
-0.005
-29.02
-0.005
-28.855
-0.125
-28.855
-0.125
-30.035
0.455
-30.035
0.455
-30
0.455
-30
0.42
-30
0.42
-30
0.42
-30.08
0.42
-30
0.01
-30.05
-0.525
-30.05
-0.525
-30.05
-0.525
-30.06
-0.65
-30.05
-0.4
-30.05
-0.525
-30.035
-0.68
-30.06
-0.775
-30
-0.675
-30
-0.675
-30.05
-0.525
-30
-0.46
-30.03
-0.025
-29.44
-0.025
-29.44
-0.105
-29.44
-0.445
-29.03
-0.525
-29.03
-0.045
-29.03
-0.27
-29.03
-0.045
-29.03
-0.525
-29.02
0
-29.02
-0.005
-29.02
-0.005
-29.02
-0.005
-29.02
-0.005
-28.855
-0.125
-30.035
0.638333
-30.035
0.638333
-30.035
0.638333
-30
0.638333
-30
0.628333
-30
0.628333
-30
0.628333
-30.08
0.628333
-30
0.218333
-30.05
-0.391667
-30.05
-0.391667
-30.05
-0.391667
-30.06
-0.441667
-30.05
-0.266667
-30.02
-0.306667
-30.035
-0.386667
-30.02
-0.286667
-30.05
-0.266667
-30.02
-0.286667
-30.025
-0.441667
-30.02
-0.306667
-30.04
-0.0166667
-29.44
-0.0166667
-29.44
-0.271667
-29.44
-0.155
-29.44
-0.496667
-29.03
-0.421667
-29.03
-0.0716667
-29.03
-0.275
-29.03
0
-29.02
0
-29.02
-0.005
-29.02
-0.005
-29.02
-0.005
-29.02
-0.005
-28.855
-0.125
-30.035
0.7425
-30.035
0.7425
-30.035
0.7425
-30
0.7425
-30
0.7325
-30
0.7325
-30
0.7325
-30.08
0.7325
-30
0.3225
-30.05
-0.325
-30.05
-0.325
-30.05
-0.325
-30.06
-0.3375
-30.05
-0.2
-30.25
-0.2
-30.035
-0.3675
-30.05
-0.2
-30.02
-0.22
-30.05
-0.205
-30.05
-0.22
-30.02
-0.22
-30.04
-0.1125
-29.44
-0.2
-29.44
0
-29.44
0
-29.44
-0.1175
-29.03
-0.02
-29.03
-0.07
-29.03
0
-29.03
-0.3175
-29.02
0
-29.02
-0.005
-29.02
-0.005
-29.02
-0.005
-29.02
-0.005
-28.855
-0.125
-30.035
0.805
-30.035
0.805
-30.035
0.805
-30
0.805
-30
0.795
-30
0.795
-30
0.795
-30.08
0.795
-30
0.385
-30
0.385
-30.05
-0.285
-30.05
-0.285
-30.06
-0.275
-30.02
-0.26
-30.05
-0.165
-30.08
-0.305
-30.02
-0.2
-30
-0.3
-30.05
-0.205
-30.025
-0.275
-30
-0.3
-30.04
-0.01
-29.44
-0.375
-29.44
-0.04
-29.44
-0.255
-29.44
-0.09
-29.03
-0.285
-29.03
-0.03
-29.03
-0.005
-29.03
-0.16
0.165
-30
0.165
-30.035
-0.125
-28.855
-0.125
-28.855
-0.125
-28.855
-0.005
-29.02
-0.005
-29.02
-0.005
-29.02
-0.005
-29.02
0
-29.02
-0.2
-29.03
-0.205
-29.03
-0.205
-29.03
-1.255
-29.03
-0.05
-29.03
-0.205
-29.03
-0.205
-29.03
-0.845
-29.03
-0.0533333
-29.36
-0.825
-30.22
-0.82
-30.02
-0.84
-30.2
-0.82
-30.02
-0.82
-30.02
-0.84
-30
-0.8
-30.05
-0.84
-30
-0.84
-30.135
-0.925
-30.05
-0.925
-30.05
-0.925
-30.05
-0.925
-30.05
0.0716667
-30.035
0.0716667
-30
0.165
-30
0.165
-30
0.165
-0.045
0.165
-0.005
0.165
-0.005
0.165
-0.005
0.165
-0.005
-0.005
0.165
-0.005
0.165
-0.005
0.165
-0.005
0.165
0
0.165
-0.245
0.165
-0.205
0.165
-0.205
0.0716667
-1.255
0.0716667
-0.05
0.0716667
-0.205
0.0716667
-0.205
0.0716667
-0.845
0.0716667
-0.0533333
-0.16
-0.2
-0.86
-0.525
-0.2
-0.845
-0.205
-0.845
-0.22
-0.22
-0.525
-0.21
-0.23
-0.205
-0.525
-0.57
-0.845
-0.22
-0.205
0.0716667
-0.05
0.0716667
-0.205
0.0716667
-0.205
0.0716667
-0.205
0.0716667
-0.2
0.0716667
-0.205
0.165
-0.2
0.165
-1.375
0.165
0
0.165
-0.005
0.165
-0.005
-0.125
0.575
-0.125
0.575
-0.005
0.455
-0.005
0.455
-0.005
0.455
-0.005
0.455
0
0.455
-0.245
0.455
-0.205
0.42
-0.205
0.42
-1.255
0.42
-0.05
0.42
-0.205
0.42
-0.205
0.42
-0.845
0.42
-0.0533333
0.24
-0.49
-0.4
-0.525
-0.1
-0.845
-0.63
-0.875
-0.25
-0.615
-0.525
-1.3
-0.105
-0.49
-0.525
-0.86
-0.525
-0.48
-0.025
-0.575
-0.44
-0.325
-0.445
-0.205
0
0.0716667
-0.4
0.0716667
-0.005
0.0716667
-0.025
0.165
-0.4
0.165
-0.225
0.165
0
0.165
-0.005
0.165
-0.005
-0.125
0.758333
-0.125
0.758333
-0.005
0.638333
-0.005
0.638333
-0.005
0.638333
-0.005
0.638333
0
0.638333
-0.205
0.628333
-0.205
0.628333
-0.205
0.628333
-1.255
0.628333
-0.05
0.628333
-0.205
0.628333
-0.205
0.628333
-0.845
0.628333
-0.0533333
0.373333
-0.49
-0.15
-0.84
-0.15
-0.845
-0.471667
-1.3
-0.155
-1.3
-0.416667
-1.3
-0.266667
-0.8
-0.486667
-0.825
-0.306667
-0.84
-0.0166667
-0.615
-0.0166667
-0.615
-0.271667
-0.615
-0.155
0.0716667
-0.0716667
0.0716667
-0.155
0.0716667
-0.416667
0.165
-0.005
0.165
-0.02
0.165
-0.1575
0.165
-0.005
-0.125
0.8625
-0.125
0.8625
-0.125
0.8625
-0.005
0.7425
-0.005
0.7425
-0.005
0.7425
-0.005
0.7425
0
0.7425
-0.205
0.7325
-0.205
0.7325
-0.205
0.7325
-1.255
0.7325
-0.05
0.7325
-0.205
0.7325
-0.205
0.7325
-0.845
0.7325
-0.0533333
0.44
-0.825
-0.22
-0.84
-0.1125
-0.845
-0.05
-0.845
-0.22
-0.82
-0.265
-1.3
-0.205
-0.845
-0.4375
-0.825
-0.22
-0.84
-0.1125
-0.925
-0.3625
-0.615
0
-0.615
0
-0.615
0
0.0716667
-0.095
0.0716667
-0.1125
0.165
-0.205
0.165
-0.05
0.165
-0.215
0.165
-0.005
-0.125
0.925
-0.125
0.925
-0.125
0.925
-0.005
0.805
-0.005
0.805
-0.005
0.805
-0.005
0.805
0
0.805
-0.205
0.795
-0.205
0.795
-0.205
0.795
-1.255
0.795
-0.05
0.795
-0.205
0.795
-0.205
0.795
-0.845
0.795
-0.0533333
0.48
-0.825
-0.18
-0.84
-0.04
-0.845
-0.25
-1.3
-0.25
-0.84
-0.295
-1.3
-0.205
-0.8
-0.3
-0.825
-0.185
-0.84
-0.01
-0.925
-0.3
-0.925
-0.3
-0.615
-0.01
-0.615
-0.01
0.0716667
-0.005
0.0716667
-0.25
0.165
0
0.165
-0.25
0.455
-30.035
0.455
-30.035
0.455
-30.035
-0.125
-28.855
-0.125
-28.855
-0.005
-29.02
-0.005
-29.02
-0.005
-29.02
-0.005
-29.02
0
-29.02
-0.045
-29.03
-0.005
-29.03
-0.105
-29.03
-0.005
-29.03
-0.02
-29.03
-0.445
-29.44
-0.525
-29.44
-0.525
-29.44
-0.025
-30.03
-0.4
-30.185
-0.525
-30.05
-0.44
-30.2
-0.44
-30
-0.44
-30
-0.44
-30
-0.44
-30
-0.44
-30
-0.44
-30.135
-0.525
-30.05
-0.525
-30.05
-0.525
-30.05
0.01
-30.035
0.42
-30
0.42
-30
0.42
-30.135
0.42
-30
0.455
-0.045
0.455
-0.005
0.455
-0.005
0.455
-0.005
0.455
-0.005
0.575
-0.125
0.575
-0.125
-0.005
0.165
-0.005
0.165
0
0.165
-0.1
0.165
-0.005
0.165
-0.4
0.0716667
-0.005
0.0716667
-0.4
0.0716667
0
-0.205
-0.445
-0.325
-0.46
-0.575
-0.025
-0.48
-0.106667
-0.696667
-0.525
-1.3
-0.106667
-0.616667
-0.285
-0.795
-0.525
-0.845
-0.225
-0.965
-0.1
-0.525
-0.23
-0.845
-0.12
-0.205
0.42
-0.2
0.42
-0.205
0.42
-0.205
0.42
-0.205
0.42
-0.2
0.42
-0.205
0.42
-0.205
0.455
-1.375
0.455
-0.63
0.455
-0.005
0.455
-0.005
0.455
-0.005
0.455
-0.005
-0.005
0.455
-0.005
0.455
-0.005
0.455
-0.005
0.455
0
0.455
-0.045
0.42
0
0.42
-0.105
0.42
-0.005
0.42
-0.4
0.42
-0.445
0.01
-0.525
0.01
-0.525
0.01
-0.025
-0.255
-0.4
-0.675
-0.525
-0.675
-0.225
-0.675
-0.44
-0.225
-0.25
-0.265
-0.44
-0.23
-0.68
-0.525
-0.23
-0.46
-0.255
-0.025
0.01
-0.025
0.01
-0.525
0.01
-0.105
0.42
0
0.42
-0.005
0.42
-0.025
0.42
-0.005
0.42
0
0.455
-0.421667
0.455
-0.005
0.455
-0.005
0.455
-0.005
-0.125
0.758333
-0.005
0.638333
-0.005
0.638333
-0.005
0.638333
-0.005
0.638333
0
0.638333
-0.045
0.628333
0
0.628333
-0.105
0.628333
-0.005
0.628333
-0.4
0.628333
-0.445
0.218333
-0.525
0.218333
-0.525
0.218333
-0.025
-0.18
-0.44
-0.15
-0.525
-0.466667
-0.44
-0.15
-0.44
-0.15
-0.4
-0.546667
-0.44
-0.155
-0.4
-0.466667
-0.42
-0.306667
-0.44
-0.0166667
0.01
-0.0166667
0.01
-0.271667
0.01
-0.155
0.01
-0.271667
0.42
-0.0716667
0.42
0
0.42
0
0.42
-0.266667
0.455
-0.3175
0.455
-0.005
0.455
-0.005
0.455
-0.005
-0.125
0.8625
-0.005
0.7425
-0.005
0.7425
-0.005
0.7425
-0.005
0.7425
0
0.7425
-0.045
0.7325
0
0.7325
-0.105
0.7325
-0.005
0.7325
-0.4
0.7325
-0.445
0.3225
-0.525
0.3225
-0.525
0.3225
-0.025
-0.1425
-0.4
-0.3625
-0.525
-0.3625
-0.44
-0.1125
-0.44
-0.1125
-0.4
-0.3675
-0.44
-0.3575
-0.44
-0.4375
-0.42
-0.22
-0.44
-0.1125
0.01
0
0.01
0
0.01
0
0.01
0
0.42
-0.005
0.42
0
0.42
-0.0125
0.42
-0.0575
0.455
-0.255
0.455
-0.005
0.455
-0.005
0.455
-0.005
-0.125
0.925
-0.005
0.805
-0.005
0.805
-0.005
0.805
-0.005
0.805
0
0.805
-0.045
0.795
0
0.795
-0.105
0.795
-0.005
0.795
-0.4
0.795
-0.445
0.385
-0.525
0.385
-0.525
0.385
-0.025
-0.12
-0.4
-0.3
-0.525
-0.3
-0.44
-0.09
-0.44
-0.25
-0.46
-0.295
-0.44
-0.25
-0.44
-0.09
-0.44
-0.09
-0.44
-0.01
-0.525
-0.3
0.01
-0.01
0.01
-0.01
0.01
-0.01
0.42
-0.11
0.42
-0.01
0.42
-0.205
0.42
-0.16
0.638333
-30
0.638333
-30.035
0.638333
-30.035
0.638333
-30.035
-0.125
-28.855
-0.005
-29.02
-0.005
-29.02
-0.005
-29.02
-0.005
-29.02
0
-29.02
0
-29.03
0
-29.03
0
-29.03
-0.0716667
-29.03
-0.0166667
-29.44
-0.155
-29.44
-0.271667
-29.44
-0.0166667
-29.44
-0.0166667
-30.04
-0.286667
-30.22
-0.286667
-30.02
-0.306667
-30
-0.286667
-30.02
-0.286667
-30.02
-0.286667
-30.02
-0.286667
-30.02
-0.306667
-30
-0.306667
-30.135
-0.391667
-30.05
-0.391667
-30.05
-0.391667
-30.05
0.218333
-30
0.628333
-30
0.628333
-30
0.628333
-30.135
0.628333
-30
0.638333
0
0.638333
-0.005
0.638333
-0.005
0.638333
-0.005
0.638333
-0.005
0.758333
-0.125
0.758333
-0.125
-0.005
0.165
-0.005
0.165
0
0.165
-0.02
0.165
-0.005
0.165
-0.416667
0.0716667
-0.155
0.0716667
-0.0716667
0.0716667
-0.155
-0.615
-0.271667
-0.615
-0.0166667
-0.615
-0.0166667
-0.84
-0.165
-0.775
-0.165
-0.775
-0.306667
-1.25
-0.271667
-0.615
-0.15
-0.845
-0.15
-0.965
-0.306667
-1.255
-0.23
-0.845
-0.0866667
-0.205
0.628333
-0.05
0.628333
-0.205
0.628333
-0.205
0.628333
-0.205
0.628333
-0.2
0.628333
-0.205
0.628333
-0.205
0.628333
-0.925
0.638333
0
0.638333
-0.005
0.638333
-0.005
0.638333
-0.005
0.638333
-0.005
0.758333
-0.125
-0.005
0.455
-0.005
0.455
-0.005
0.455
0
0.455
-0.0216667
0.42
0
0.42
0
0.42
-0.0716667
0.42
-0.0166667
0.01
-0.155
0.01
-0.271667
0.01
-0.0166667
0.01
-0.0166667
-0.44
-0.165
-0.15
-0.165
-0.15
-0.306667
-0.625
-0.591667
-0.525
-0.165
-0.15
-0.165
-0.155
-0.511667
-0.525
-0.23
-0.46
-0.18
-0.025
0.218333
-0.025
0.218333
-0.525
0.218333
-0.105
0.628333
-0.525
0.628333
-0.005
0.628333
-0.025
0.628333
-0.005
0.628333
0
0.638333
0
0.638333
-0.005
0.638333
-0.005
0.638333
-0.005
0.638333
-0.005
-0.005
0.638333
-0.005
0.638333
-0.005
0.638333
-0.005
0.638333
0
0.638333
-0.0216667
0.628333
0
0.628333
0
0.628333
-0.0716667
0.628333
-0.0166667
0.218333
-0.155
0.218333
-0.271667
0.218333
-0.0166667
0.218333
-0.0166667
-0.306667
-0.286667
-0.286667
-0.286667
-0.286667
-0.306667
-0.421667
-0.306667
-0.416667
-0.271667
-0.591667
-0.266667
-0.471667
-0.266667
-0.466667
-0.366667
-0.306667
-0.306667
-0.0166667
0.218333
-0.0166667
0.218333
-0.271667
0.218333
-0.155
0.218333
-0.271667
0.628333
-0.0716667
0.628333
0
0.628333
0
0.628333
-0.266667
0.638333
0
0.638333
-0.005
0.638333
-0.005
0.638333
-0.005
0.638333
-0.005
-0.005
0.7425
-0.005
0.7425
-0.005
0.7425
-0.005
0.7425
0
0.7425
-0.0216667
0.7325
0
0.7325
0
0.7325
-0.0716667
0.7325
-0.0166667
0.3225
-0.155
0.3225
-0.271667
0.3225
-0.0166667
0.3225
-0.0166667
-0.24
-0.286667
-0.22
-0.286667
-0.22
-0.306667
-0.3125
-0.286667
-0.22
-0.286667
-0.265
-0.306667
-0.3175
-0.466667
-0.4375
-0.331667
-0.265
-0.306667
-0.1125
0.218333
0
0.218333
0
0.218333
0
0.218333
0
0.628333
-0.005
0.628333
0
0.628333
-0.0125
0.628333
-0.0575
0.638333
0
0.638333
-0.005
0.638333
-0.005
0.638333
-0.005
-0.125
0.925
-0.005
0.805
-0.005
0.805
-0.005
0.805
-0.005
0.805
0
0.805
-0.0216667
0.795
0
0.795
0
0.795
-0.0716667
0.795
-0.0166667
0.385
-0.155
0.385
-0.271667
0.385
-0.0166667
0.385
-0.0166667
-0.2
-0.286667
-0.18
-0.266667
-0.3
-0.306667
-0.25
-0.306667
-0.25
-0.306667
-0.295
-0.466667
-0.25
-0.266667
-0.3
-0.366667
-0.185
-0.306667
-0.01
-0.391667
-0.3
0.218333
-0.01
0.218333
-0.01
0.218333
-0.01
0.628333
-0.11
0.628333
-0.01
0.628333
-0.205
0.628333
-0.16
0.7425
-30
0.7425
-30.035
0.7425
-30.035
0.7425
-30.035
-0.125
-28.855
-0.005
-29.02
-0.005
-29.02
-0.005
-29.02
-0.005
-29.02
0
-29.02
-0.0125
-29.03
0
-29.03
0
-29.03
-0.005
-29.03
0
-29.44
0
-29.44
0
-29.44
0
-29.44
-0.1125
-30.04
-0.22
-30.22
-0.22
-30.02
-0.2
-30.185
-0.22
-30.02
-0.22
-30.02
-0.22
-30.02
-0.22
-30.02
-0.2
-30.085
-0.24
-30.135
-0.325
-30.05
-0.325
-30.05
-0.325
-30.05
0.3225
-30.035
0.7325
-30
0.7325
-30
0.7325
-30.135
0.7325
-30
0.7425
-0.045
0.7425
-0.005
0.7425
-0.005
0.7425
-0.005
0.7425
-0.005
0.8625
-0.125
0.8625
-0.125
0.8625
-0.125
-0.005
0.165
0
0.165
-0.0175
0.165
-0.2
0.165
-0.1125
0.0716667
-0.095
0.0716667
0
-0.615
0
-0.615
0
-0.615
-0.3625
-0.925
-0.1125
-0.84
-0.05
-0.86
-0.4375
-0.84
-0.05
-0.84
-0.05
-1.3
-0.3575
-0.845
-0.05
-0.84
-0.1125
-0.84
-0.05
-0.845
-0.07
-0.205
0.7325
-0.05
0.7325
-0.205
0.7325
-0.205
0.7325
-0.205
0.7325
-0.2
0.7325
-0.205
0.7325
-0.205
0.7325
-0.925
0.7425
0
0.7425
-0.005
0.7425
-0.005
0.7425
-0.005
0.7425
-0.005
0.8625
-0.125
-0.005
0.455
-0.005
0.455
-0.005
0.455
0
0.455
-0.0575
0.42
-0.0125
0.42
0
0.42
-0.005
0.42
0
0.01
0
0.01
0
0.01
0
0.01
-0.1125
-0.44
-0.22
-0.42
-0.4375
-0.44
-0.1125
-0.675
-0.1125
-0.675
-0.1125
-0.72
-0.3625
-0.445
-0.3675
-0.525
-0.1125
-0.46
-0.1425
-0.025
0.3225
-0.025
0.3225
-0.525
0.3225
-0.105
0.7325
-0.525
0.7325
-0.005
0.7325
-0.025
0.7325
-0.005
0.7325
0
0.7425
0
0.7425
-0.005
0.7425
-0.005
0.7425
-0.005
0.7425
-0.005
-0.005
0.638333
-0.005
0.638333
-0.005
0.638333
-0.005
0.638333
0
0.638333
-0.0575
0.628333
-0.0125
0.628333
0
0.628333
-0.005
0.628333
0
0.218333
0
0.218333
0
0.218333
0
0.218333
-0.1125
-0.306667
-0.22
-0.286667
-0.4375
-0.306667
-0.22
-0.286667
-0.22
-0.331667
-0.22
-0.591667
-0.22
-0.366667
-0.22
-0.286667
-0.22
-0.306667
-0.24
-0.0166667
0.3225
-0.0166667
0.3225
-0.271667
0.3225
-0.155
0.3225
-0.271667
0.7325
-0.0716667
0.7325
0
0.7325
0
0.7325
-0.266667
0.7425
-0.1575
0.7425
-0.005
0.7425
-0.005
0.7425
-0.005
0.7425
-0.005
-0.005
0.7425
-0.005
0.7425
-0.005
0.7425
-0.005
0.7425
0
0.7425
-0.0575
0.7325
-0.0125
0.7325
0
0.7325
-0.005
0.7325
0
0.3225
0
0.3225
0
0.3225
0
0.3225
-0.1125
-0.24
-0.22
-0.22
-0.22
-0.22
-0.22
-0.22
-0.265
-0.22
-0.22
-0.22
-0.3625
-0.205
-0.22
-0.22
-0.3575
-0.3375
-0.24
-0.1125
0.3225
0
0.3225
0
0.3225
0
0.3225
0
0.7325
-0.005
0.7325
0
0.7325
-0.0125
0.7325
-0.0575
0.7425
-0.215
0.7425
-0.005
0.7425
-0.005
0.7425
-0.005
0.7425
-0.005
-0.005
0.805
-0.005
0.805
-0.005
0.805
-0.005
0.805
0
0.805
-0.0575
0.795
-0.0125
0.795
0
0.795
-0.005
0.795
0
0.385
0
0.385
0
0.385
0
0.385
-0.1125
-0.2
-0.22
-0.18
-0.2
-0.3
-0.22
-0.18
-0.22
-0.185
-0.22
-0.185
-0.22
-0.185
-0.22
-0.185
-0.3575
-0.4
-0.24
-0.01
-0.325
-0.3
0.3225
-0.01
0.3225
-0.01
0.3225
-0.01
0.7325
-0.11
0.7325
-0.01
0.7325
-0.205
0.7325
-0.16
0.805
-30
0.805
-30.035
0.805
-30.035
0.805
-30.035
-0.125
-28.855
-0.005
-29.02
-0.005
-29.02
-0.005
-29.02
-0.005
-29.02
0
-29.02
-0.27
-29.03
0
-29.03
-0.01
-29.03
-0.11
-29.03
-0.09
-29.44
-0.01
-29.44
-0.01
-29.44
-0.09
-29.44
-0.01
-30.04
-0.18
-30.22
-0.3
-30.035
-0.205
-30.185
-0.18
-30.02
-0.18
-30.02
-0.18
-30.02
-0.16
-30.05
-0.16
-30.085
-0.2
-30.135
-0.285
-30.05
-0.285
-30.05
0.385
-30
0.385
-30.035
0.795
-30
0.795
-30
0.795
-30.135
0.795
-30
0.805
-0.045
0.805
-0.005
0.805
-0.005
0.805
-0.005
0.805
-0.005
0.925
-0.125
0.925
-0.125
0.925
-0.125
-0.005
0.165
0
0.165
-0.015
0.165
-0.215
0.165
-0.25
0.0716667
-0.165
0.0716667
-0.09
-0.615
-0.01
-0.615
-0.3
-0.925
-0.3
-0.925
-0.01
-0.84
-0.09
-0.86
-0.09
-1.3
-0.04
-0.84
-0.04
-1.305
-0.25
-0.845
-0.09
-0.965
-0.04
-0.84
-0.06
-0.845
-0.06
-0.205
0.795
-0.05
0.795
-0.205
0.795
-0.205
0.795
-0.205
0.795
-0.2
0.795
-0.205
0.795
-0.205
0.795
-0.925
0.805
0
0.805
-0.005
0.805
-0.005
0.805
-0.005
0.805
-0.005
0.925
-0.125
-0.005
0.455
-0.005
0.455
-0.005
0.455
0
0.455
-0.015
0.42
-0.01
0.42
-0.01
0.42
-0.11
0.42
-0.09
0.01
-0.01
0.01
-0.01
0.01
-0.3
-0.525
-0.01
-0.44
-0.09
-0.675
-0.09
-0.44
-0.09
-0.675
-0.38
-0.525
-0.09
-0.72
-0.25
-0.675
-0.425
-0.525
-0.09
-0.46
-0.12
-0.025
0.385
-0.025
0.385
-0.525
0.385
-0.105
0.795
0
0.795
-0.005
0.795
-0.025
0.795
-0.005
0.795
0
0.805
0
0.805
-0.005
0.805
-0.005
0.805
-0.005
0.805
-0.005
0.925
-0.125
-0.005
0.638333
-0.005
0.638333
-0.005
0.638333
0
0.638333
-0.015
0.628333
-0.01
0.628333
-0.01
0.628333
-0.11
0.628333
-0.09
0.218333
-0.01
0.218333
-0.01
0.218333
-0.3
-0.391667
-0.01
-0.306667
-0.25
-0.306667
-0.3
-0.266667
-0.275
-0.441667
-0.3
-0.271667
-0.275
-0.446667
-0.18
-0.306667
-0.16
-0.466667
-0.18
-0.306667
-0.2
-0.0166667
0.385
-0.0166667
0.385
-0.271667
0.385
-0.155
0.385
-0.271667
0.795
-0.0716667
0.795
0
0.795
0
0.795
-0.266667
0.805
-0.1575
0.805
-0.005
0.805
-0.005
0.805
-0.005
0.805
-0.005
-0.005
0.7425
-0.005
0.7425
-0.005
0.7425
-0.005
0.7425
0
0.7425
-0.015
0.7325
-0.01
0.7325
-0.01
0.7325
-0.11
0.7325
-0.09
0.3225
-0.01
0.3225
-0.01
0.3225
-0.3
-0.325
-0.01
-0.24
-0.165
-0.3625
-0.275
-0.3375
-0.275
-0.3425
-0.18
-0.22
-0.275
-0.3375
-0.18
-0.22
-0.28
-0.3575
-0.18
-0.22
-0.2
-0.1125
0.385
0
0.385
0
0.385
0
0.385
0
0.795
-0.005
0.795
0
0.795
-0.0125
0.795
-0.0575
0.805
-0.215
0.805
-0.005
0.805
-0.005
0.805
-0.005
0.805
-0.005
-0.005
0.805
-0.005
0.805
-0.005
0.805
-0.005
0.805
0
0.805
-0.015
0.795
-0.01
0.795
-0.01
0.795
-0.11
0.795
-0.09
0.385
-0.01
0.385
-0.01
0.385
-0.3
-0.285
-0.01
-0.2
-0.165
-0.3
-0.3
-0.16
-0.275
-0.275
-0.275
-0.28
-0.28
-0.295
-0.28
-0.28
-0.16
-0.32
-0.18
-0.185
-0.2
-0.01
-0.285
-0.3
0.385
-0.01
0.385
-0.01
0.385
-0.01
0.795
-0.11
0.795
-0.01
0.795
-0.205
0.795
-0.16
