-29.03
-30.035
-29.03
-30.035
-29.03
-30.035
-29.03
-30.035
-29.02
-30.035
-30.035
-29.02
-30.035
-29.03
-30.035
-29.03
-30.035
-29.03
-30.035
-29.03
-30.035
-29.03
-30.035
-29.44
-30.035
-29.44
-30.035
-29.44
-30.035
-29.44
-30.085
-30.2
-30.085
-30.2
-30.085
-30.2
-30.035
-30.075
-30.055
-30.055
-30.055
-30.055
-30.055
-30.155
-30.055
-30.055
-30.055
-30.055
-30.055
-30.055
-30.055
-30.055
-30.055
-30.055
-30.075
-30.035
-30.2
-30.085
-30.2
-30.085
-30.2
-30.085
-29.44
-30.035
-29.44
-30.035
-29.44
-30.035
-29.44
-30.035
-29.03
-30.035
-29.03
-0.005
-29.03
-0.005
-29.03
-0.005
-29.03
-0.005
-29.02
-0.005
-28.855
-0.125
-28.855
-0.125
-28.855
-0.125
-28.855
-0.125
-28.855
-0.125
-28.855
-0.125
-29.06
-0.18
-29.385
-0.338333
-29.385
-0.338333
-30.085
-0.925
-30.085
-0.925
-30.085
-0.925
-30.085
-0.925
-30.035
-0.845
-30.08
-1.425
-30.035
-1.345
-30.035
-0.845
-30.2
-0.965
-30.06
-1.295
-30.035
-0.965
-30.035
-0.845
-30.055
-0.84
-30.035
-0.845
-29.03
-0.005
-29.03
-0.005
-29.03
-0.005
-29.03
-0.005
-29.03
-0.005
-29.03
-0.005
-29.03
-0.005
-29.03
-0.005
-29.03
-0.005
-29.03
-0.005
-29.03
-0.005
-29.03
-0.005
-29.02
-0.005
-28.855
-0.125
-28.855
-0.125
-28.855
-0.125
-28.855
-0.125
-28.855
-0.125
-30.035
0.42
-30.035
0.01
-30.035
0.01
-30.085
-0.525
-30.085
-0.525
-30.085
-0.525
-30.085
-0.525
-30.085
-0.525
-30.035
-0.445
-30.035
-0.68
-30.035
-0.72
-30.035
-0.445
-30.1
-0.425
-30.06
-0.695
-30.035
-0.68
-30.035
-0.445
-30.055
-0.425
-30.035
-0.68
-29.44
-0.005
-29.44
-0.005
-29.44
-0.005
-29.44
-0.005
-29.44
-0.005
-29.44
-0.005
-29.03
-0.005
-29.03
-0.005
-29.03
-0.005
-29.03
-0.005
-29.03
-0.005
-29.03
-0.005
-29.02
-0.005
-28.855
-0.125
-28.855
-0.125
-30.035
0.628333
-30.035
0.628333
-30.035
0.628333
-30.035
0.628333
-30.035
0.218333
-30.035
0.218333
-30.035
0.218333
-30.085
-0.391667
-30.085
-0.391667
-30.085
-0.391667
-30.085
-0.391667
-30.035
-0.311667
-30.08
-0.591667
-30.035
-0.471667
-30.055
-0.291667
-30.085
-0.311667
-30.06
-0.486667
-30.035
-0.546667
-30.055
-0.291667
-30.055
-0.291667
-30.035
-0.546667
-29.44
-0.005
-29.44
-0.005
-29.44
-0.005
-29.44
-0.005
-29.44
-0.005
-29.44
-0.005
-29.44
-0.005
-29.44
-0.005
-29.03
-0.005
-29.03
-0.005
-29.03
-0.005
-29.03
-0.005
-29.02
-0.005
-28.855
-0.125
-30.035
0.7325
-30.035
0.7325
-30.035
0.7325
-30.035
0.7325
-30.035
0.7325
-30.035
0.3225
-30.035
0.3225
-30.035
0.3225
-30.085
-0.325
-30.085
-0.325
-30.085
-0.325
-30.085
-0.325
-30.035
-0.245
-30.1
-0.345
-30.25
-0.205
-30.055
-0.225
-30.085
-0.245
-30.08
-0.4075
-30.055
-0.225
-30.055
-0.225
-30.055
-0.225
-30.075
-0.1575
-29.44
-0.005
-29.44
-0.005
-29.44
-0.005
-29.44
-0.005
-29.44
-0.005
-29.44
-0.005
-29.44
-0.005
-29.44
-0.005
-29.03
-0.005
-29.03
-0.005
-29.03
-0.005
-29.03
-0.005
-29.02
-0.005
-28.855
-0.125
-30.035
0.795
-30.035
0.795
-30.035
0.795
-30.035
0.795
-30.035
0.795
-30.035
0.385
-30.035
0.385
-30.035
0.385
-30.085
-0.285
-30.085
-0.285
-30.085
-0.285
-30.085
-0.285
-30.035
-0.205
-30.1
-0.2
-30.105
-0.28
-30.055
-0.185
-30.055
-0.185
-30.06
-0.32
-30.055
-0.185
-30.055
-0.185
-30.055
-0.225
-30.075
-0.165
-30.24
-0.005
-29.44
-0.005
-29.44
-0.005
-29.44
-0.005
-29.44
-0.005
-29.44
-0.005
-29.44
-0.005
-29.44
-0.005
-0.125
-28.855
-0.125
-28.855
-0.125
-28.855
-0.125
-28.855
-0.125
-28.855
-0.005
-29.02
-0.005
-29.03
-0.005
-29.03
-0.005
-29.03
-0.005
-29.03
-0.005
-29.03
-0.005
-29.03
-0.005
-29.03
-0.005
-29.03
-0.005
-29.03
-0.005
-29.03
-0.005
-29.03
-0.005
-29.03
-0.845
-30.035
-0.845
-30.035
-0.825
-30.055
-0.845
-30.035
-0.845
-30.035
-0.845
-30.035
-0.845
-30.035
-0.845
-30.035
-0.845
-30.035
-0.845
-30.035
-0.925
-30.085
-0.925
-30.085
-0.925
-30.085
-0.925
-30.085
-0.338333
-29.385
-0.338333
-29.385
-0.18
-29.06
-0.125
-28.855
0.0716667
-0.005
0.165
-0.005
0.165
-0.005
0.165
-0.005
0.165
-0.005
-0.005
0.165
-0.005
0.165
-0.005
0.165
-0.005
0.165
-0.005
0.0716667
-0.005
0.0716667
-0.005
0.0716667
-0.005
0.0716667
-0.005
0.0716667
-0.005
0.0716667
-0.005
0.0716667
-0.005
0.0716667
-0.005
0.0716667
-0.845
-0.205
-1.38
-0.205
-1.38
-0.53
-0.92
-1.255
-1.27
-1.38
-1.4
-1.32
-0.455
-1.38
-0.205
-1.38
-0.205
-1.305
-0.205
-0.845
0.0716667
-0.005
0.0716667
-0.005
0.0716667
-0.005
0.0716667
-0.005
0.0716667
-0.005
0.0716667
-0.005
0.0716667
-0.005
0.0716667
-0.005
-0.125
0.575
-0.125
0.575
-0.125
0.575
-0.125
0.575
-0.125
0.575
-0.005
0.455
-0.005
0.455
-0.005
0.42
-0.005
0.42
-0.005
0.42
-0.005
0.42
-0.005
0.42
-0.005
0.42
-0.005
0.42
-0.005
0.42
-0.005
0.42
-0.005
0.42
-0.005
0.42
-0.845
-0.105
-1.38
-0.405
-1.38
-0.225
-1.38
-0.67
-1.38
-0.75
-1.4
-0.775
-1.27
-0.8
-1.255
-0.8
-0.455
-0.695
-0.455
-0.68
-0.605
-0.005
-0.335
0.075
-0.335
0.075
-0.335
0.075
-0.205
-0.005
-0.205
-0.005
-0.18
0.345
-0.125
0.575
-0.125
0.758333
-0.125
0.758333
-0.125
0.758333
-0.125
0.758333
-0.125
0.758333
-0.005
0.638333
-0.005
0.628333
-0.005
0.628333
-0.005
0.628333
-0.005
0.628333
-0.005
0.628333
-0.005
0.628333
-0.005
0.628333
-0.005
0.628333
-0.005
0.628333
-0.005
0.628333
-0.005
0.628333
-0.005
0.628333
-0.845
-0.0716667
-1.38
-0.155
-1.4
-0.566667
-1.38
-0.346667
-1.27
-0.591667
-1.4
-0.566667
-0.965
-0.421667
-0.885
-0.421667
-1.255
-0.351667
-0.805
-0.546667
-0.615
-0.005
-0.615
-0.005
-0.615
-0.005
-0.615
-0.005
-0.338333
0.228333
-0.338333
0.228333
-0.18
0.553333
-0.125
0.758333
-0.125
0.8625
-0.125
0.8625
-0.125
0.8625
-0.125
0.8625
-0.125
0.8625
-0.005
0.7425
-0.005
0.7325
-0.005
0.7325
-0.005
0.7325
-0.005
0.7325
-0.005
0.7325
-0.005
0.7325
-0.005
0.7325
-0.005
0.7325
-0.005
0.7325
-0.005
0.7325
-0.005
0.7325
-0.005
0.7325
-0.845
-0.055
-1.38
-0.205
-1.4
-0.4625
-1.38
-0.3575
-1.4
-0.4175
-1.4
-0.3825
-0.965
-0.22
-0.885
-0.3575
-1.38
-0.245
-0.845
-0.1575
-0.965
-0.005
-0.615
-0.005
-0.615
-0.005
-0.615
-0.005
-0.338333
0.3325
-0.338333
0.3325
-0.18
0.6575
-0.125
0.8625
-0.125
0.925
-0.125
0.925
-0.125
0.925
-0.125
0.925
-0.125
0.925
-0.005
0.805
-0.005
0.795
-0.005
0.795
-0.005
0.795
-0.005
0.795
-0.005
0.795
-0.005
0.795
-0.005
0.795
-0.005
0.795
-0.005
0.795
-0.005
0.795
-0.005
0.795
-0.005
0.795
-0.845
-0.045
-1.38
-0.255
-1.38
-0.205
-1.38
-0.205
-0.92
-0.375
-1.4
-0.4
-0.805
-0.345
-0.965
-0.375
-1.38
-0.12
-0.845
-0.165
-0.965
-0.005
-0.965
-0.005
-0.615
-0.005
-0.338333
0.395
-0.338333
0.395
-0.338333
0.395
-0.18
0.72
-0.125
0.925
-0.125
-28.855
-0.125
-28.855
-0.125
-28.855
-0.125
-28.855
-0.125
-28.855
-0.005
-29.02
-0.005
-29.03
-0.005
-29.03
-0.005
-29.03
-0.005
-29.03
-0.005
-29.03
-0.005
-29.03
-0.005
-29.44
-0.005
-29.44
-0.005
-29.44
-0.005
-29.44
-0.005
-29.44
-0.005
-29.44
-0.68
-30.035
-0.445
-30.035
-0.425
-30.055
-0.445
-30.035
-0.445
-30.035
-0.445
-30.035
-0.445
-30.035
-0.445
-30.035
-0.445
-30.035
-0.445
-30.035
-0.525
-30.085
-0.525
-30.085
-0.525
-30.085
-0.525
-30.085
-0.525
-30.085
0.01
-30.035
0.01
-30.035
0.42
-30.035
0.42
-0.005
0.42
-0.005
0.42
-0.005
0.455
-0.005
0.455
-0.005
0.575
-0.125
0.575
-0.125
0.575
-0.125
0.575
-0.125
0.575
-0.125
0.575
-0.125
0.345
-0.18
-0.005
-0.205
-0.005
-0.205
0.075
-0.335
0.075
-0.335
0.075
-0.335
-0.005
-0.605
-0.68
-0.455
-0.68
-1.27
-0.245
-1.38
-0.67
-0.885
-0.75
-1.38
-0.75
-1.32
-0.23
-1.38
-0.105
-0.92
-0.105
-1.305
-0.105
-0.845
0.42
-0.005
0.42
-0.005
0.42
-0.005
0.42
-0.005
0.42
-0.005
0.42
-0.005
0.42
-0.005
0.42
-0.005
0.42
-0.005
0.42
-0.005
0.42
-0.005
0.42
-0.005
0.455
-0.005
-0.005
0.455
-0.005
0.42
-0.005
0.42
-0.005
0.42
-0.005
0.42
-0.005
0.42
-0.005
0.42
-0.005
0.195
-0.005
0.01
-0.005
0.01
-0.005
0.01
-0.005
0.01
-0.005
0.01
-0.68
-0.23
-0.68
-0.525
-0.72
-0.525
-0.67
-0.445
-0.655
-0.695
-0.655
-0.655
-0.655
-0.775
-0.23
-0.72
-0.23
-0.695
-0.23
-0.68
0.01
-0.005
0.01
-0.005
0.01
-0.005
0.01
-0.005
0.01
-0.005
0.195
-0.005
0.42
-0.005
0.42
-0.005
0.42
-0.005
0.42
-0.005
0.42
-0.005
0.42
-0.005
-0.125
0.758333
-0.005
0.638333
-0.005
0.628333
-0.005
0.628333
-0.005
0.628333
-0.005
0.628333
-0.005
0.628333
-0.005
0.628333
-0.005
0.218333
-0.005
0.218333
-0.005
0.218333
-0.005
0.218333
-0.005
0.218333
-0.005
0.218333
-0.68
-0.155
-0.655
-0.566667
-0.775
-0.486667
-0.67
-0.566667
-0.655
-0.566667
-0.705
-0.511667
-0.405
-0.546667
-0.405
-0.591667
-0.405
-0.591667
-0.405
-0.546667
0.01
-0.005
0.01
-0.005
0.01
-0.005
0.01
-0.005
0.01
-0.005
0.01
-0.005
0.01
-0.005
0.01
-0.005
0.42
-0.005
0.42
-0.005
0.42
-0.005
-0.125
0.8625
-0.125
0.8625
-0.005
0.7425
-0.005
0.7325
-0.005
0.7325
-0.005
0.7325
-0.005
0.7325
-0.005
0.7325
-0.005
0.7325
-0.005
0.3225
-0.005
0.3225
-0.005
0.3225
-0.005
0.3225
-0.005
0.3225
-0.005
0.3225
-0.68
-0.1175
-0.68
-0.2375
-0.72
-0.1325
-0.67
-0.4175
-0.655
-0.3825
-0.68
-0.3575
-0.405
-0.4875
-0.425
-0.225
-0.405
-0.3825
-0.445
-0.1575
0.01
-0.005
0.01
-0.005
0.01
-0.005
0.01
-0.005
0.01
-0.005
0.01
-0.005
0.01
-0.005
0.01
-0.005
0.42
-0.005
0.42
-0.005
-0.125
0.925
-0.125
0.925
-0.125
0.925
-0.005
0.805
-0.005
0.795
-0.005
0.795
-0.005
0.795
-0.005
0.795
-0.005
0.795
-0.005
0.795
-0.005
0.385
-0.005
0.385
-0.005
0.385
-0.005
0.385
-0.005
0.385
-0.005
0.385
-0.68
-0.095
-0.68
-0.205
-0.72
-0.18
-0.67
-0.4
-0.655
-0.28
-0.68
-0.17
-0.405
-0.425
-0.425
-0.225
-0.405
-0.425
-0.445
-0.165
-0.565
-0.005
0.01
-0.005
0.01
-0.005
0.01
-0.005
0.01
-0.005
0.01
-0.005
0.01
-0.005
0.01
-0.005
0.628333
-30.035
0.628333
-30.035
0.628333
-30.035
-0.125
-28.855
-0.125
-28.855
-0.005
-29.02
-0.005
-29.03
-0.005
-29.03
-0.005
-29.03
-0.005
-29.03
-0.005
-29.44
-0.005
-29.44
-0.005
-29.44
-0.005
-29.44
-0.005
-29.44
-0.005
-29.44
-0.005
-29.44
-0.005
-29.44
-0.546667
-30.035
-0.291667
-30.055
-0.291667
-30.055
-0.291667
-30.055
-0.311667
-30.035
-0.291667
-30.055
-0.291667
-30.055
-0.291667
-30.055
-0.271667
-30.085
-0.311667
-30.035
-0.391667
-30.085
-0.391667
-30.085
-0.391667
-30.085
-0.391667
-30.085
0.218333
-30.035
0.218333
-30.035
0.218333
-30.035
0.628333
-30.035
0.628333
-0.005
0.628333
-0.005
0.628333
-0.005
0.628333
-0.005
0.638333
-0.005
0.758333
-0.125
0.758333
-0.125
0.758333
-0.125
0.758333
-0.125
0.758333
-0.125
0.758333
-0.125
0.553333
-0.18
0.228333
-0.338333
0.228333
-0.338333
-0.005
-0.615
-0.005
-0.615
-0.005
-0.615
-0.005
-0.615
-0.546667
-0.805
-0.566667
-1.355
-0.421667
-1.38
-0.546667
-0.88
-0.155
-1.38
-0.291667
-0.865
-0.23
-1.38
-0.0716667
-1.38
-0.0716667
-1.305
-0.0716667
-0.845
0.628333
-0.005
0.628333
-0.005
0.628333
-0.005
0.628333
-0.005
0.628333
-0.005
0.628333
-0.005
0.628333
-0.005
0.628333
-0.005
0.628333
-0.005
0.628333
-0.005
0.628333
-0.005
0.628333
-0.005
0.638333
-0.005
0.758333
-0.125
-0.005
0.42
-0.005
0.42
-0.005
0.42
-0.005
0.42
-0.005
0.01
-0.005
0.01
-0.005
0.01
-0.005
0.01
-0.005
0.01
-0.005
0.01
-0.005
0.01
-0.005
0.01
-0.546667
-0.405
-0.331667
-0.465
-0.446667
-0.73
-0.346667
-0.755
-0.591667
-0.75
-0.566667
-0.655
-0.155
-0.695
-0.155
-0.72
-0.155
-0.695
-0.155
-0.68
0.218333
-0.005
0.218333
-0.005
0.218333
-0.005
0.218333
-0.005
0.218333
-0.005
0.218333
-0.005
0.628333
-0.005
0.628333
-0.005
0.628333
-0.005
0.628333
-0.005
0.628333
-0.005
0.628333
-0.005
0.638333
-0.005
-0.005
0.638333
-0.005
0.628333
-0.005
0.628333
-0.005
0.628333
-0.005
0.628333
-0.005
0.218333
-0.005
0.218333
-0.005
0.218333
-0.005
0.218333
-0.005
0.218333
-0.005
0.218333
-0.005
0.218333
-0.005
0.218333
-0.546667
-0.271667
-0.546667
-0.496667
-0.446667
-0.566667
-0.346667
-0.546667
-0.496667
-0.591667
-0.566667
-0.566667
-0.446667
-0.566667
-0.346667
-0.591667
-0.271667
-0.591667
-0.271667
-0.546667
0.218333
-0.005
0.218333
-0.005
0.218333
-0.005
0.218333
-0.005
0.218333
-0.005
0.218333
-0.005
0.218333
-0.005
0.218333
-0.005
0.628333
-0.005
0.628333
-0.005
0.628333
-0.005
0.628333
-0.005
0.638333
-0.005
-0.005
0.7425
-0.005
0.7325
-0.005
0.7325
-0.005
0.7325
-0.005
0.7325
-0.005
0.3225
-0.005
0.3225
-0.005
0.3225
-0.005
0.3225
-0.005
0.3225
-0.005
0.3225
-0.005
0.3225
-0.005
0.3225
-0.546667
-0.205
-0.546667
-0.3575
-0.591667
-0.3575
-0.591667
-0.3925
-0.591667
-0.3925
-0.546667
-0.3925
-0.546667
-0.22
-0.546667
-0.22
-0.271667
-0.3825
-0.311667
-0.1575
0.218333
-0.005
0.218333
-0.005
0.218333
-0.005
0.218333
-0.005
0.218333
-0.005
0.218333
-0.005
0.218333
-0.005
0.218333
-0.005
0.628333
-0.005
0.628333
-0.005
0.628333
-0.005
0.628333
-0.005
-0.125
0.925
-0.005
0.805
-0.005
0.795
-0.005
0.795
-0.005
0.795
-0.005
0.795
-0.005
0.385
-0.005
0.385
-0.005
0.385
-0.005
0.385
-0.005
0.385
-0.005
0.385
-0.005
0.385
-0.005
0.385
-0.546667
-0.165
-0.566667
-0.355
-0.446667
-0.355
-0.546667
-0.375
-0.591667
-0.165
-0.546667
-0.18
-0.446667
-0.355
-0.546667
-0.24
-0.271667
-0.425
-0.311667
-0.165
-0.431667
-0.005
0.218333
-0.005
0.218333
-0.005
0.218333
-0.005
0.218333
-0.005
0.218333
-0.005
0.218333
-0.005
0.218333
-0.005
0.7325
-30.035
0.7325
-30.035
0.7325
-30.035
0.7325
-30.035
-0.125
-28.855
-0.005
-29.02
-0.005
-29.03
-0.005
-29.03
-0.005
-29.03
-0.005
-29.03
-0.005
-29.44
-0.005
-29.44
-0.005
-29.44
-0.005
-29.44
-0.005
-29.44
-0.005
-29.44
-0.005
-29.44
-0.005
-29.44
-0.1575
-30.075
-0.225
-30.055
-0.225
-30.055
-0.225
-30.055
-0.205
-30.13
-0.225
-30.055
-0.225
-30.055
-0.225
-30.055
-0.205
-30.085
-0.245
-30.035
-0.325
-30.085
-0.325
-30.085
-0.325
-30.085
-0.325
-30.085
0.3225
-30.035
0.3225
-30.035
0.3225
-30.035
0.7325
-30.035
0.7325
-0.005
0.7325
-0.005
0.7325
-0.005
0.7325
-0.005
0.7425
-0.005
0.8625
-0.125
0.8625
-0.125
0.8625
-0.125
0.8625
-0.125
0.8625
-0.125
0.8625
-0.125
0.6575
-0.18
0.3325
-0.338333
0.3325
-0.338333
-0.005
-0.615
-0.005
-0.615
-0.005
-0.615
-0.005
-0.965
-0.1575
-0.845
-0.345
-0.84
-0.245
-1.38
-0.07
-0.885
-0.055
-1.38
-0.225
-0.865
-0.3425
-1.4
-0.055
-1.38
-0.055
-1.305
-0.055
-0.845
0.7325
-0.005
0.7325
-0.005
0.7325
-0.005
0.7325
-0.005
0.7325
-0.005
0.7325
-0.005
0.7325
-0.005
0.7325
-0.005
0.7325
-0.005
0.7325
-0.005
0.7325
-0.005
0.7325
-0.005
0.7425
-0.005
0.8625
-0.125
0.8625
-0.125
-0.005
0.42
-0.005
0.42
-0.005
0.42
-0.005
0.01
-0.005
0.01
-0.005
0.01
-0.005
0.01
-0.005
0.01
-0.005
0.01
-0.005
0.01
-0.005
0.01
-0.1575
-0.445
-0.3575
-0.695
-0.1575
-0.72
-0.3925
-0.68
-0.4625
-0.655
-0.3425
-0.67
-0.3425
-0.695
-0.1175
-0.72
-0.205
-0.695
-0.1175
-0.68
0.3225
-0.005
0.3225
-0.005
0.3225
-0.005
0.3225
-0.005
0.3225
-0.005
0.3225
-0.005
0.7325
-0.005
0.7325
-0.005
0.7325
-0.005
0.7325
-0.005
0.7325
-0.005
0.7325
-0.005
0.7425
-0.005
-0.005
0.638333
-0.005
0.628333
-0.005
0.628333
-0.005
0.628333
-0.005
0.628333
-0.005
0.218333
-0.005
0.218333
-0.005
0.218333
-0.005
0.218333
-0.005
0.218333
-0.005
0.218333
-0.005
0.218333
-0.005
0.218333
-0.1575
-0.311667
-0.3925
-0.351667
-0.3425
-0.566667
-0.3575
-0.566667
-0.3175
-0.591667
-0.3825
-0.566667
-0.3925
-0.546667
-0.22
-0.546667
-0.205
-0.591667
-0.205
-0.546667
0.3225
-0.005
0.3225
-0.005
0.3225
-0.005
0.3225
-0.005
0.3225
-0.005
0.3225
-0.005
0.3225
-0.005
0.3225
-0.005
0.7325
-0.005
0.7325
-0.005
0.7325
-0.005
0.7325
-0.005
0.7425
-0.005
-0.005
0.7425
-0.005
0.7325
-0.005
0.7325
-0.005
0.7325
-0.005
0.7325
-0.005
0.3225
-0.005
0.3225
-0.005
0.3225
-0.005
0.3225
-0.005
0.3225
-0.005
0.3225
-0.005
0.3225
-0.005
0.3225
-0.1575
-0.245
-0.4175
-0.3825
-0.3575
-0.4625
-0.3825
-0.22
-0.3575
-0.4175
-0.3575
-0.3825
-0.3825
-0.4625
-0.3675
-0.245
-0.205
-0.3675
-0.245
-0.1575
0.3225
-0.005
0.3225
-0.005
0.3225
-0.005
0.3225
-0.005
0.3225
-0.005
0.3225
-0.005
0.3225
-0.005
0.3225
-0.005
0.7325
-0.005
0.7325
-0.005
0.7325
-0.005
0.7325
-0.005
0.7425
-0.005
-0.005
0.805
-0.005
0.795
-0.005
0.795
-0.005
0.795
-0.005
0.795
-0.005
0.385
-0.005
0.385
-0.005
0.385
-0.005
0.385
-0.005
0.385
-0.005
0.385
-0.005
0.385
-0.005
0.385
-0.1575
-0.205
-0.4075
-0.165
-0.3575
-0.32
-0.3825
-0.24
-0.3575
-0.355
-0.3675
-0.165
-0.3825
-0.4
-0.205
-0.345
-0.205
-0.38
-0.245
-0.165
-0.365
-0.005
0.3225
-0.005
0.3225
-0.005
0.3225
-0.005
0.3225
-0.005
0.3225
-0.005
0.3225
-0.005
0.3225
-0.005
0.795
-30.035
0.795
-30.035
0.795
-30.035
0.795
-30.035
-0.125
-28.855
-0.005
-29.02
-0.005
-29.03
-0.005
-29.03
-0.005
-29.03
-0.005
-29.03
-0.005
-29.44
-0.005
-29.44
-0.005
-29.44
-0.005
-29.44
-0.005
-29.44
-0.005
-29.44
-0.005
-29.44
-0.005
-30.24
-0.165
-30.085
-0.185
-30.055
-0.185
-30.055
-0.185
-30.055
-0.165
-30.13
-0.185
-30.055
-0.185
-30.055
-0.185
-30.055
-0.165
-30.085
-0.205
-30.035
-0.285
-30.085
-0.285
-30.085
-0.285
-30.085
-0.285
-30.085
0.385
-30.035
0.385
-30.035
0.385
-30.035
0.795
-30.035
0.795
-0.005
0.795
-0.005
0.795
-0.005
0.795
-0.005
0.805
-0.005
0.925
-0.125
0.925
-0.125
0.925
-0.125
0.925
-0.125
0.925
-0.125
0.925
-0.125
0.72
-0.18
0.395
-0.338333
0.395
-0.338333
0.395
-0.338333
-0.005
-0.615
-0.005
-0.965
-0.005
-0.965
-0.165
-1.305
-0.4
-1.4
-0.375
-1.38
-0.11
-1.345
-0.045
-1.38
-0.185
-0.865
-0.255
-1.38
-0.045
-1.38
-0.045
-1.305
-0.045
-0.845
0.795
-0.005
0.795
-0.005
0.795
-0.005
0.795
-0.005
0.795
-0.005
0.795
-0.005
0.795
-0.005
0.795
-0.005
0.795
-0.005
0.795
-0.005
0.795
-0.005
0.795
-0.005
0.805
-0.005
0.925
-0.125
0.925
-0.125
0.925
-0.125
-0.005
0.42
-0.005
0.42
-0.005
0.01
-0.005
0.01
-0.005
0.01
-0.005
0.01
-0.005
0.01
-0.005
0.01
-0.005
0.01
-0.005
-0.565
-0.165
-0.68
-0.425
-0.48
-0.4
-0.73
-0.4
-0.655
-0.255
-0.755
-0.355
-0.655
-0.165
-0.695
-0.095
-0.72
-0.095
-0.695
-0.095
-0.68
0.385
-0.005
0.385
-0.005
0.385
-0.005
0.385
-0.005
0.385
-0.005
0.385
-0.005
0.795
-0.005
0.795
-0.005
0.795
-0.005
0.795
-0.005
0.795
-0.005
0.795
-0.005
0.805
-0.005
0.925
-0.125
-0.005
0.628333
-0.005
0.628333
-0.005
0.628333
-0.005
0.628333
-0.005
0.218333
-0.005
0.218333
-0.005
0.218333
-0.005
0.218333
-0.005
0.218333
-0.005
0.218333
-0.005
0.218333
-0.005
-0.431667
-0.165
-0.471667
-0.38
-0.286667
-0.4
-0.566667
-0.295
-0.566667
-0.255
-0.591667
-0.355
-0.566667
-0.165
-0.546667
-0.375
-0.591667
-0.205
-0.591667
-0.165
-0.546667
0.385
-0.005
0.385
-0.005
0.385
-0.005
0.385
-0.005
0.385
-0.005
0.385
-0.005
0.385
-0.005
0.385
-0.005
0.795
-0.005
0.795
-0.005
0.795
-0.005
0.795
-0.005
0.805
-0.005
-0.005
0.7425
-0.005
0.7325
-0.005
0.7325
-0.005
0.7325
-0.005
0.7325
-0.005
0.3225
-0.005
0.3225
-0.005
0.3225
-0.005
0.3225
-0.005
0.3225
-0.005
0.3225
-0.005
0.3225
-0.005
-0.365
-0.165
-0.3675
-0.18
-0.4875
-0.4
-0.4175
-0.38
-0.22
-0.18
-0.3825
-0.185
-0.345
-0.4
-0.4625
-0.28
-0.3575
-0.205
-0.3675
-0.205
-0.1575
0.385
-0.005
0.385
-0.005
0.385
-0.005
0.385
-0.005
0.385
-0.005
0.385
-0.005
0.385
-0.005
0.385
-0.005
0.795
-0.005
0.795
-0.005
0.795
-0.005
0.795
-0.005
0.805
-0.005
-0.005
0.805
-0.005
0.795
-0.005
0.795
-0.005
0.795
-0.005
0.795
-0.005
0.385
-0.005
0.385
-0.005
0.385
-0.005
0.385
-0.005
0.385
-0.005
0.385
-0.005
0.385
-0.005
-0.325
-0.165
-0.305
-0.4
-0.4
-0.4
-0.355
-0.165
-0.38
-0.165
-0.345
-0.38
-0.165
-0.4
-0.4
-0.28
-0.355
-0.205
-0.38
-0.205
-0.165
-0.325
-0.005
0.385
-0.005
0.385
-0.005
0.385
-0.005
0.385
-0.005
0.385
-0.005
0.385
-0.005
0.385
-0.005
