0
0
0
0
0
0
0
0
0
0
0
0
0
0
0
0
0
0
-0.4
0
-0.4
0
-0.4
0
-0.4
0
-0.4
0
-0.4
0
-0.4
0
0
0
-0.4
0
-0.4
0
0
0
0
-0.4
0
0
-0.4
0
0
-0.4
0
-0.4
0
0
-0.4
0
0
-0.4
0
-0.4
0
0
0
0
0
0
0
0
0
0
0
-0.4
0
0
0
-0.283333
0
0.1
0
0.1
0
0.1
0
0.1
0
0.1
0
0.1
0
0.1
0
0.1
0
0.1
0
0.1
0
0.1
0
0.1
0
0.1
0
0.1
0
0.1
0
0.1
0
0.1
-0.4
0.2
-0.4
0.1
-0.4
0.2
-0.4
0.1
-0.4
0.1
-0.4
0.1
-0.4
0.1
-0.4
0.1
-0.4
0.1
-0.4
0.2
-0.4
0.2
-0.4
0.2
-0.4
0.2
-0.4
0.2
-0.4
0.2
-0.4
0.2
-0.4
0.2
-0.4
0.2
0
-0.0583333
0
0.3
0
0.3
0
0.3
0
0.3
0
0.3
0
0.3
0
0.3
0
0.3
0
0.3
0
0.3
0
0.3
0
0.3
0
0.3
0
0.3
0
0.3
0
0.3
0
0.3
-0.4
0.4
-0.4
0.3
-0.4
0.4
-0.4
0.3
-0.4
0.4
-0.4
0.4
-0.4
0.375
-0.4
0.3
-0.4
0.4
-0.4
0.4
-0.4
0.375
-0.4
0.4
-0.4
0.375
-0.4
0.4
-0.4
0.4
-0.4
0.4
-0.4
0.4
-0.4
0.375
0
0.133333
0
0.483333
0
0.483333
0
0.483333
0
0.483333
0
0.483333
0
0.483333
0
0.483333
0
0.483333
0
0.483333
0
0.483333
0
0.483333
0
0.483333
0
0.483333
0
0.483333
0
0.483333
0
0.483333
0
0.483333
-0.4
0.583333
-0.4
0.483333
-0.4
0.483333
-0.4
0.583333
-0.4
0.483333
-0.4
0.583333
-0.4
0.583333
-0.4
0.583333
-0.4
0.583333
-0.4
0.583333
-0.4
0.583333
-0.4
0.583333
-0.4
0.583333
-0.4
0.583333
-0.4
0.583333
-0.4
0.583333
-0.4
0.583333
-0.4
0.583333
0
0.2875
0
0.5875
0
0.5875
0
0.5875
0
0.5875
0
0.5875
0
0.5875
0
0.5875
0
0.5875
0
0.5875
0
0.5875
0
0.5875
0
0.5875
0
0.5875
0
0.5875
0
0.5875
0
0.5875
0
0.5875
-0.4
0.6875
-0.4
0.5875
-0.4
0.6875
-0.4
0.5875
-0.4
0.6875
-0.4
0.6875
-0.4
0.5875
-0.4
0.6875
-0.4
0.6875
-0.4
0.6875
-0.4
0.6875
-0.4
0.6875
-0.4
0.6875
-0.4
0.6875
-0.4
0.6875
-0.4
0.6875
-0.4
0.6875
-0.4
0.6875
0
0.35
0
0.65
0
0.65
0
0.65
0
0.65
0
0.65
0
0.65
0
0.65
0
0.65
0
0.65
0
0.65
0
0.65
0
0.65
0
0.65
0
0.65
0
0.65
0
0.65
0
0.65
-0.4
0.75
-0.4
0.65
-0.4
0.75
-0.4
0.65
-0.4
0.75
-0.4
0.75
-0.4
0.75
-0.4
0.75
-0.4
0.75
-0.4
0.75
-0.4
0.75
-0.4
0.75
-0.4
0.75
-0.4
0.75
-0.4
0.75
-0.4
0.75
-0.4
0.75
-0.4
0.75
0.1
0
0.1
0
0.1
0
0.1
0
0.1
0
0.1
0
0.1
0
0.1
0
0.1
0
-0.1
0
0.2
-0.4
0.2
-0.4
0.2
-0.4
0.2
-0.4
0.2
-0.4
0.2
-0.4
0.2
-0.4
0.2
-0.4
0.2
-0.4
0.1
-0.4
0.2
-0.4
0.1
-0.4
0.2
-0.4
0.2
-0.4
0.2
-0.4
0.2
-0.4
0.2
-0.4
0.2
-0.4
0.1
0
0.1
0
0.1
0
0.1
0
0.1
0
0.1
0
0.1
0
0.1
0
0.1
0
0.1
0
0.1
0
0.1
0
0.1
0
0
0.1
0
0.1
0
0.1
0
0.1
0
0.1
0
0.1
0
0.1
0
0.1
0
0.1
0
0.1
0
0.1
0
0.1
0
0.1
-0.3
-0.0833333
-0.2
-0.2
-0.2
-0.2
-0.2
-0.2
-0.2
-0.2
-0.2
-0.2
-0.2
-0.2
-0.2
-0.2
-0.2
-0.2
-0.0833333
-0.3
0.1
0
0.1
0
0.1
0
0.1
0
0.1
0
0.1
0
0.1
0
0.1
0
-0.1
0.4
-0.1
0.4
-0.1
0.4
-0.1
0.4
-0.1
0.4
0
0.3
0
0.3
0
0.3
0
0.3
0
0.3
0
0.3
0
0.3
0
0.3
0
0.3
0
0.3
0
0.3
0
0.3
0
0.3
-0.183333
-0.1
-0.2
-0.175
-0.2
-0.175
-0.2
-0.175
-0.2
-0.175
-0.2
-0.175
-0.2
-0.175
-0.2
-0.175
-0.2
-0.175
-0.0833333
-0.1
-0.0833333
-0.1
-0.2
0.125
-0.2
0.125
-0.2
0.125
-0.2
0.125
-0.2
0.125
-0.1
0.4
-0.1
0.375
-0.1
0.583333
-0.1
0.583333
-0.1
0.583333
-0.1
0.583333
-0.1
0.583333
0
0.483333
0
0.483333
0
0.483333
0
0.483333
0
0.483333
0
0.483333
0
0.483333
0
0.483333
0
0.483333
0
0.483333
0
0.483333
0
0.483333
0
0.483333
-0.3
0.383333
-0.2
-0.0666667
-0.183333
0.0333333
-0.183333
0.0333333
-0.5
0.233333
-0.5
0.233333
-0.183333
0.0333333
-0.183333
0.0333333
-0.2
0.1
-0.2
0.1
-0.2
0.333333
-0.2
0.333333
-0.2
0.333333
-0.2
0.333333
-0.2
0.333333
-0.2
0.333333
-0.1
0.583333
-0.1
0.583333
-0.1
0.6875
-0.1
0.6875
-0.1
0.6875
-0.1
0.6875
-0.1
0.6875
0
0.5875
0
0.5875
0
0.5875
0
0.5875
0
0.5875
0
0.5875
0
0.5875
0
0.5875
0
0.5875
0
0.5875
0
0.5875
0
0.5875
0
0.5875
-0.3
0.4875
-0.2
0.1375
-0.2
0.1375
-0.2
0.3375
-0.5
0.3375
-0.2
0.1375
-0.2
0.1375
-0.2
0.1375
-0.2
0.1375
-0.2
0.4375
-0.2
0.4375
-0.2
0.4375
-0.2
0.4375
-0.2
0.4375
-0.2
0.4375
-0.2
0.4375
-0.1
0.6875
-0.1
0.6875
-0.1
0.75
-0.1
0.75
-0.1
0.75
-0.1
0.75
-0.1
0.75
0
0.65
0
0.65
0
0.65
0
0.65
0
0.65
0
0.65
0
0.65
0
0.65
0
0.65
0
0.65
0
0.65
0
0.65
0
0.65
-0.3
0.55
-0.2
0.1
-0.2
0.4
-0.2
0.4
-0.5
0.4
-0.2
0.4
-0.2
0.1
-0.2
0.4
-0.2
0.4
-0.2
0.5
-0.2
0.5
-0.2
0.5
-0.2
0.5
-0.2
0.5
-0.2
0.5
-0.2
0.5
-0.1
0.75
-0.1
0.75
0.3
0
0.3
0
0.3
0
0.3
0
0.3
0
0.3
0
0.3
0
0.3
0
0.3
0
0.2
0
0.375
-0.4
0.4
-0.4
0.4
-0.4
0.4
-0.4
0.4
-0.4
0.4
-0.4
0.4
-0.4
0.4
-0.4
0.4
-0.4
0.4
-0.4
0.4
-0.4
0.375
-0.4
0.4
-0.4
0.3
-0.4
0.375
-0.4
0.4
-0.4
0.4
-0.4
0.4
-0.4
0.3
0
0.3
0
0.3
0
0.3
0
0.3
0
0.3
0
0.3
0
0.3
0
0.3
0
0.3
0
0.3
0
0.3
0
0.3
0
0.4
-0.1
0.4
-0.1
0.4
-0.1
0.4
-0.1
0.4
-0.1
0.375
-0.1
0.4
-0.1
0.125
-0.2
0.125
-0.2
0.125
-0.2
0.125
-0.2
0.125
-0.2
-0.1
-0.0833333
-0.1
-0.0833333
-0.175
-0.2
-0.175
-0.2
-0.175
-0.2
-0.175
-0.2
-0.175
-0.2
-0.175
-0.2
-0.175
-0.2
-0.175
-0.2
-0.1
-0.183333
0.3
0
0.3
0
0.3
0
0.3
0
0.3
0
0.3
0
0.3
0
0.3
0
0.175
-0.1
0.175
-0.1
0.4
-0.1
0.4
-0.1
0.4
-0.1
-0.1
0.4
-0.1
0.4
-0.1
0.4
-0.1
0.175
-0.1
0.175
-0.1
0.175
-0.1
0.175
-0.1
0.175
-0.1
0.175
-0.1
0.175
-0.1
0.175
-0.1
0.175
-0.158333
-0.1
-0.3
-0.2
-0.3
-0.2
-0.3
-0.2
-0.3
-0.2
-0.3
-0.2
-0.2
-0.3
-0.2
-0.3
-0.2
-0.3
-0.2
-0.3
-0.2
-0.3
-0.1
-0.158333
0.175
-0.1
0.175
-0.1
0.175
-0.1
0.175
-0.1
0.175
-0.1
0.175
-0.1
0.175
-0.1
0.175
-0.1
0.175
-0.1
0.175
-0.1
-0.1
0.383333
-0.1
0.383333
-0.1
0.383333
-0.1
0.383333
-0.1
0.383333
-0.1
0.383333
-0.1
0.383333
-0.1
0.383333
-0.1
0.383333
-0.1
0.383333
-0.1
0.383333
-0.1
0.383333
-0.1
0.383333
-0.1
0.383333
-0.1
0.383333
-0.3
-0.0666667
-0.2
-0.266667
-0.2
-0.266667
-0.2
-0.266667
-0.2
-0.266667
-0.275
-0.141667
-0.2
-0.266667
-0.2
-0.266667
-0.2
-0.266667
-0.1
-0.15
-0.1
-0.15
-0.1
-0.15
-0.1
-0.15
-0.1
-0.15
0.175
-0.1
0.175
-0.1
0.175
-0.1
0.175
-0.1
-0.175
0.4375
-0.2
0.5875
-0.2
0.5875
-0.1
0.4875
-0.1
0.4875
-0.1
0.4875
-0.1
0.4875
-0.1
0.4875
-0.1
0.4875
-0.1
0.4875
-0.1
0.4875
-0.1
0.4875
-0.1
0.4875
-0.1
0.4875
-0.1
0.4875
-0.1
0.4875
-0.1
0.4875
-0.1
0.4875
-0.3
-2.77556e-17
-0.275
-0.075
-0.275
-0.075
-0.275
-0.075
-0.275
-0.075
-0.275
-0.075
-0.275
-0.075
-0.275
-0.075
-0.275
-0.075
-0.05
-0.2125
-0.1
-0.145833
-0.1
-0.145833
-0.1
-0.145833
-0.1
-0.145833
-0.1
-0.145833
-0.1
-0.145833
-0.1
-0.145833
-0.175
0.4375
-0.175
0.5
-0.2
0.65
-0.2
0.65
-0.1
0.55
-0.1
0.55
-0.1
0.55
-0.1
0.55
-0.1
0.55
-0.1
0.55
-0.1
0.55
-0.1
0.55
-0.1
0.55
-0.1
0.55
-0.1
0.55
-0.1
0.55
-0.1
0.55
-0.1
0.55
-0.1
0.55
-0.3
0.04
-0.275
-0.035
-0.275
-0.035
-0.275
-0.035
-0.275
-0.035
-0.275
-0.035
-0.275
-0.035
-0.275
-0.035
-0.275
-0.035
-0.275
-0.035
-0.275
-0.035
-0.275
-0.035
-0.275
-0.035
-0.275
-0.035
-0.275
-0.035
0.025
-0.0733333
-0.175
0.5
-0.175
0.5
0.483333
0
0.483333
0
0.483333
0
0.483333
0
0.483333
0
0.483333
0
0.483333
0
0.483333
0
0.483333
0
0.233333
0
0.583333
-0.4
0.583333
-0.4
0.583333
-0.4
0.583333
-0.4
0.583333
-0.4
0.583333
-0.4
0.583333
-0.4
0.583333
-0.4
0.583333
-0.4
0.483333
-0.4
0.583333
-0.4
0.583333
-0.4
0.583333
-0.4
0.583333
-0.4
0.583333
-0.4
0.583333
-0.4
0.483333
-0.4
0.583333
-0.4
0.483333
0
0.483333
0
0.483333
0
0.483333
0
0.483333
0
0.483333
0
0.483333
0
0.483333
0
0.483333
0
0.483333
0
0.483333
0
0.483333
0
0.483333
0
0.583333
-0.1
0.583333
-0.1
0.583333
-0.1
0.583333
-0.1
0.583333
-0.1
0.583333
-0.1
0.583333
-0.1
0.333333
-0.2
0.333333
-0.2
0.333333
-0.2
0.333333
-0.2
0.333333
-0.2
0.333333
-0.2
0.1
-0.2
0.0333333
-0.183333
0.0333333
-0.183333
0.1
-0.2
0.1
-0.2
0.0333333
-0.183333
0.0333333
-0.183333
0.0333333
-0.183333
0.0333333
-0.183333
0.383333
-0.3
0.483333
0
0.483333
0
0.483333
0
0.483333
0
0.483333
0
0.483333
0
0.483333
0
0.483333
0
0.383333
-0.1
0.383333
-0.1
0.383333
-0.1
0.383333
-0.1
0.383333
-0.1
0.383333
-0.1
0.383333
-0.1
-0.1
0.175
-0.1
0.175
-0.1
0.175
-0.1
0.175
-0.1
0.175
-0.1
0.175
-0.1
0.175
-0.15
-0.1
-0.15
-0.1
-0.15
-0.1
-0.15
-0.1
-0.15
-0.1
-0.266667
-0.2
-0.266667
-0.2
-0.141667
-0.275
-0.266667
-0.2
-0.266667
-0.2
-0.266667
-0.2
-0.266667
-0.2
-0.266667
-0.2
-0.0666667
-0.3
0.383333
-0.1
0.383333
-0.1
0.383333
-0.1
0.383333
-0.1
0.383333
-0.1
0.383333
-0.1
0.383333
-0.1
0.383333
-0.1
0.383333
-0.1
0.383333
-0.1
0.383333
-0.1
0.383333
-0.1
0.383333
-0.1
-0.1
0.383333
-0.1
0.383333
-0.1
0.383333
-0.1
0.383333
-0.1
0.383333
-0.1
0.383333
-0.1
0.383333
-0.1
0.383333
-0.1
0.383333
-0.1
0.383333
-0.15
0.0333333
-0.15
0.0333333
-0.15
0.0333333
-0.15
0.0333333
-0.441667
-0.141667
-0.441667
-0.141667
-0.441667
-0.141667
-0.116667
-0.366667
-0.441667
-0.141667
-0.141667
-0.441667
-0.141667
-0.441667
-0.141667
-0.441667
0.0333333
-0.15
0.0333333
-0.15
0.0333333
-0.15
0.0333333
-0.15
0.383333
-0.1
0.383333
-0.1
0.383333
-0.1
0.383333
-0.1
0.383333
-0.1
0.233333
-0.0958333
0.233333
-0.0958333
-0.166667
0.5875
-0.166667
0.5875
-0.166667
0.5875
-0.1
0.4875
-0.1
0.4875
-0.1
0.4875
-0.1
0.4875
-0.1
0.4875
-0.1
0.4875
-0.1
0.4875
-0.1
0.4875
-0.1
0.4875
-0.1
0.4875
-0.15
0.1
-0.15
0.1
-0.15
0.1
-0.15
0.1
-0.116667
-0.3
-0.116667
-0.3
-0.116667
-0.3
-0.116667
-0.3
-0.116667
-0.3
-0.116667
-0.3
-0.116667
-0.3
-0.116667
-0.3
-0.116667
-0.3
-0.183333
-0.216667
-0.183333
-0.216667
-0.183333
-0.216667
-0.183333
-0.216667
0.233333
-0.0958333
0.233333
-0.0958333
0.233333
-0.0958333
0.233333
-0.0958333
0.333333
-0.0733333
0.333333
-0.0733333
-0.166667
0.65
-0.166667
0.65
-0.166667
0.65
-0.1
0.55
-0.1
0.55
-0.1
0.55
-0.1
0.55
-0.1
0.55
-0.1
0.55
-0.1
0.55
-0.1
0.55
-0.1
0.55
-0.1
0.55
-0.1
0.55
-0.0416667
-0.035
-0.0416667
-0.035
-0.266667
0.04
-0.4
-0.1
-0.116667
-0.26
-0.4
-0.1
-0.316667
-0.15
-0.116667
-0.26
-0.116667
-0.26
-0.4
-0.1
-0.116667
-0.26
-0.183333
-0.206667
-0.116667
-0.26
-0.116667
-0.26
-0.116667
-0.26
-0.116667
-0.26
-0.116667
-0.26
0.233333
-0.0733333
0.233333
-0.0733333
0.233333
-0.0733333
0.5875
0
0.5875
0
0.5875
0
0.5875
0
0.5875
0
0.5875
0
0.5875
0
0.5875
0
0.5875
0
0.354167
0
0.6875
-0.4
0.6875
-0.4
0.6875
-0.4
0.6875
-0.4
0.6875
-0.4
0.6875
-0.4
0.6875
-0.4
0.6875
-0.4
0.6875
-0.4
0.6875
-0.4
0.6875
-0.4
0.6875
-0.4
0.6875
-0.4
0.6875
-0.4
0.6875
-0.4
0.6875
-0.4
0.6875
-0.4
0.6875
-0.4
0.5875
0
0.5875
0
0.5875
0
0.5875
0
0.5875
0
0.5875
0
0.5875
0
0.5875
0
0.5875
0
0.5875
0
0.5875
0
0.5875
0
0.5875
0
0.6875
-0.1
0.6875
-0.1
0.6875
-0.1
0.6875
-0.1
0.6875
-0.1
0.6875
-0.1
0.6875
-0.1
0.4375
-0.2
0.4375
-0.2
0.4375
-0.2
0.4375
-0.2
0.4375
-0.2
0.4375
-0.2
0.4375
-0.2
0.1375
-0.2
0.3375
-0.5
0.3375
-0.2
0.1375
-0.2
0.1375
-0.2
0.1375
-0.2
0.1375
-0.2
0.1375
-0.2
0.4875
-0.3
0.5875
0
0.5875
0
0.5875
0
0.5875
0
0.5875
0
0.5875
0
0.5875
0
0.5875
0
0.4875
-0.1
0.4875
-0.1
0.4875
-0.1
0.4875
-0.1
0.4875
-0.1
0.4875
-0.1
0.4875
-0.1
0.5875
-0.2
0.5875
-0.2
0.4375
-0.175
0.4375
-0.175
-0.145833
-0.1
-0.145833
-0.1
-0.145833
-0.1
-0.145833
-0.1
-0.145833
-0.1
-0.145833
-0.1
-0.145833
-0.1
-0.2125
-0.05
-0.075
-0.275
-0.075
-0.275
-0.075
-0.275
-0.075
-0.275
-0.075
-0.275
-0.075
-0.275
-0.075
-0.275
-0.075
-0.275
-2.77556e-17
-0.3
0.4875
-0.1
0.4875
-0.1
0.4875
-0.1
0.4875
-0.1
0.4875
-0.1
0.4875
-0.1
0.4875
-0.1
0.4875
-0.1
0.4875
-0.1
0.4875
-0.1
0.4875
-0.1
0.4875
-0.1
0.4875
-0.1
0.5875
-0.166667
0.5875
-0.166667
0.5875
-0.166667
-0.0958333
0.233333
-0.0958333
0.233333
-0.0958333
0.233333
-0.0958333
0.233333
-0.0958333
0.233333
-0.0958333
0.233333
-0.216667
-0.183333
-0.216667
-0.183333
-0.216667
-0.183333
-0.216667
-0.183333
-0.3
-0.116667
-0.3
-0.116667
-0.3
-0.116667
-0.3
-0.116667
-0.3
-0.116667
-0.3
-0.116667
-0.3
-0.116667
-0.3
-0.116667
-0.3
-0.116667
0.1
-0.15
0.1
-0.15
0.1
-0.15
0.1
-0.15
0.4875
-0.1
0.4875
-0.1
0.4875
-0.1
0.4875
-0.1
0.4875
-0.1
0.3375
-0.0958333
0.3375
-0.0958333
0.4375
-0.0958333
0.4375
-0.0958333
0.4375
-0.0958333
-0.0958333
0.4375
-0.0958333
0.4375
-0.0958333
0.4375
-0.0958333
0.3375
-0.0958333
0.3375
-0.0958333
0.3375
-0.0958333
0.3375
-0.0958333
0.3375
-0.0958333
0.3375
-0.216667
-0.0791667
-0.216667
-0.0791667
-0.216667
-0.0791667
-0.216667
-0.0791667
-0.3
-0.0125
-0.2125
-0.2125
-0.2125
-0.2125
-0.2125
-0.2125
-0.2125
-0.2125
-0.2125
-0.2125
-0.2125
-0.2125
-0.2125
-0.2125
-0.2125
-0.2125
-0.0125
-0.3
-0.0791667
-0.216667
-0.0791667
-0.216667
-0.0791667
-0.216667
-0.0791667
-0.216667
0.3375
-0.0958333
0.3375
-0.0958333
0.3375
-0.0958333
0.3375
-0.0958333
0.4375
-0.0733333
0.4375
-0.0733333
0.4375
-0.0733333
0.4375
-0.0733333
-0.0958333
0.5
-0.15
0.55
-0.15
0.55
-0.15
0.55
-0.15
0.55
-0.15
0.55
-0.15
0.55
-0.15
0.55
-0.15
0.55
-0.15
0.55
-0.15
0.55
-0.216667
-0.0166667
-0.216667
-0.0166667
-0.216667
-0.0166667
-0.3
0.05
-0.5125
-0.15
-0.1625
-0.34
-0.3625
-0.1
-0.2125
-0.45
-0.2125
-0.15
-0.1625
-0.34
-0.3625
-0.1
-0.5125
-0.15
-0.0791667
-0.206667
-0.0125
-0.26
-0.0125
-0.26
-0.0125
-0.26
-0.0125
-0.26
-0.0125
-0.26
0.3375
-0.0733333
0.3375
-0.0733333
0.3375
-0.0733333
0.65
0
0.65
0
0.65
0
0.65
0
0.65
0
0.65
0
0.65
0
0.65
0
0.65
0
0.376667
0
0.75
-0.4
0.75
-0.4
0.75
-0.4
0.75
-0.4
0.75
-0.4
0.75
-0.4
0.75
-0.4
0.75
-0.4
0.75
-0.4
0.75
-0.4
0.75
-0.4
0.75
-0.4
0.75
-0.4
0.75
-0.4
0.75
-0.4
0.75
-0.4
0.75
-0.4
0.75
-0.4
0.65
0
0.65
0
0.65
0
0.65
0
0.65
0
0.65
0
0.65
0
0.65
0
0.65
0
0.65
0
0.65
0
0.65
0
0.65
0
0.75
-0.1
0.75
-0.1
0.75
-0.1
0.75
-0.1
0.75
-0.1
0.75
-0.1
0.75
-0.1
0.5
-0.2
0.5
-0.2
0.5
-0.2
0.5
-0.2
0.5
-0.2
0.5
-0.2
0.5
-0.2
0.4
-0.2
0.4
-0.2
0.4
-0.2
0.4
-0.2
0.4
-0.2
0.4
-0.2
0.4
-0.2
0.4
-0.2
0.55
-0.3
0.65
0
0.65
0
0.65
0
0.65
0
0.65
0
0.65
0
0.65
0
0.65
0
0.55
-0.1
0.55
-0.1
0.55
-0.1
0.55
-0.1
0.55
-0.1
0.55
-0.1
0.55
-0.1
0.65
-0.2
0.65
-0.2
0.5
-0.175
0.5
-0.175
0.5
-0.175
-0.0733333
0.025
-0.035
-0.275
-0.035
-0.275
-0.035
-0.275
-0.035
-0.275
-0.035
-0.275
-0.035
-0.275
-0.035
-0.275
-0.035
-0.275
-0.035
-0.275
-0.035
-0.275
-0.035
-0.275
-0.035
-0.275
-0.035
-0.275
-0.035
-0.275
0.04
-0.3
0.55
-0.1
0.55
-0.1
0.55
-0.1
0.55
-0.1
0.55
-0.1
0.55
-0.1
0.55
-0.1
0.55
-0.1
0.55
-0.1
0.55
-0.1
0.55
-0.1
0.55
-0.1
0.55
-0.1
0.65
-0.166667
0.65
-0.166667
0.65
-0.166667
-0.0733333
0.333333
-0.0733333
0.333333
-0.0733333
0.233333
-0.0733333
0.233333
-0.0733333
0.233333
-0.26
-0.116667
-0.26
-0.116667
-0.26
-0.116667
-0.26
-0.116667
-0.26
-0.116667
-0.206667
-0.183333
-0.26
-0.116667
-0.15
-0.316667
-0.15
-0.316667
-0.26
-0.116667
-0.26
-0.116667
-0.1
-0.4
-0.15
-0.316667
-0.15
-0.316667
0.04
-0.266667
-0.035
-0.0416667
-0.035
-0.0416667
0.55
-0.1
0.55
-0.1
0.55
-0.1
0.55
-0.1
0.55
-0.1
0.55
-0.1
0.55
-0.15
0.55
-0.15
0.55
-0.15
0.55
-0.15
0.55
-0.15
0.5
-0.0958333
-0.0733333
0.4375
-0.0733333
0.4375
-0.0733333
0.4375
-0.0733333
0.4375
-0.0733333
0.3375
-0.0733333
0.3375
-0.0733333
0.3375
-0.26
-0.0125
-0.26
-0.0125
-0.26
-0.0125
-0.26
-0.0125
-0.26
-0.0125
-0.206667
-0.0791667
-0.34
-0.1625
-0.1
-0.3625
-0.1
-0.3625
-0.45
-0.2125
-0.15
-0.2125
-0.15
-0.5125
-0.15
-0.2125
-0.15
-0.2125
0.05
-0.3
-0.0166667
-0.216667
-0.0166667
-0.216667
-0.0166667
-0.216667
0.55
-0.15
0.55
-0.15
0.55
-0.15
0.55
-0.15
0.55
-0.15
0.5
-0.0733333
0.5
-0.0733333
0.5
-0.0733333
0.5
-0.0733333
0.5
-0.0733333
-0.0733333
0.5
-0.0733333
0.5
-0.0733333
0.5
-0.0733333
0.5
-0.0733333
0.5
-0.0733333
0.4
-0.0733333
0.4
-0.0733333
0.4
-0.26
0.05
-0.26
0.05
-0.26
0.05
-0.26
0.05
-0.26
0.05
-0.206667
-0.0166667
-0.34
-0.1
-0.1
-0.34
-0.1
-0.34
-0.15
-0.15
-0.45
-0.15
-0.1
-0.34
-0.34
-0.1
-0.34
-0.1
-0.0166667
-0.206667
0.05
-0.26
0.05
-0.26
0.05
-0.26
0.05
-0.26
0.05
-0.26
0.4
-0.0733333
0.4
-0.0733333
0.4
-0.0733333
