0
-0.4
0
0
0
0
0
0
0
0
0
0
0
0
0
0
0
0
-0.4
0
-0.4
0
-0.4
0
-0.4
0
-0.4
0
-0.4
0
-0.4
0
-0.4
0
-0.4
0
0
0
0
0
0
-0.4
0
-0.4
-0.4
-0.4
0
0
0
-0.4
0
0
-0.4
0
0
0
0
-0.4
0
0
0
-0.4
0
-0.4
0
0
0
-0.4
0
-0.4
0
-0.4
0
-0.1
0
0.1
0
0.1
0
0.1
0
0.1
0
0.1
0
0.1
0
0.1
0
0.1
0
0.1
0
0.1
0
0.1
0
0.1
0
0.1
0
0.1
0
0.1
0
0.1
0
0.1
0
0
-0.4
0
-0.4
0
-0.4
0
-0.4
-0.3
-0.4
-0.3
-0.4
-0.3
-0.4
-0.3
-0.4
-0.3
-0.4
-0.3
-0.4
-0.05
-0.4
-0.05
-0.4
0.0166667
-0.4
0.2
-0.4
0.0166667
-0.4
0.116667
-0.4
-0.05
-0.4
0
0
0.15
0
0.3
0
0.3
0
0.3
0
0.3
0
0.3
0
0.3
0
0.3
0
0.3
0
0.3
0
0.3
0
0.3
0
0.3
0
0.3
0
0.3
0
0.3
0
0.3
0
0.3
0
0.3
-0.4
0.275
-0.4
0.3
-0.4
0.141667
-0.4
0.241667
-0.4
-0.558333
-0.4
-0.558333
-0.4
0.341667
-0.4
-0.1
-0.4
-0.225
-0.4
0.241667
-0.4
0.341667
-0.4
0.3
-0.4
0.241667
-0.4
0.2
-0.4
0.341667
-0.4
0.075
-0.4
0.341667
0
-0.316667
0
0.483333
0
0.483333
0
0.483333
0
0.483333
0
0.483333
0
0.483333
0
0.483333
0
0.483333
0
0.483333
0
0.483333
0
0.483333
0
0.483333
0
0.483333
0
0.483333
0
0.483333
0
0.483333
0
0.483333
0
0.333333
-0.4
0.233333
-0.4
-0.366667
-0.4
0.533333
-0.4
-0.0166667
-0.4
-0.366667
-0.4
-0.0166667
-0.4
-0.0166667
-0.4
-0.366667
-0.4
-0.366667
-0.4
0.533333
-0.4
0.533333
-0.4
0.416667
-0.4
0.533333
-0.4
0.483333
-0.4
0.283333
-0.4
0.533333
-0.4
0.533333
0
-0.2125
0
0.5875
0
0.5875
0
0.5875
0
0.5875
0
0.5875
0
0.5875
0
0.5875
0
0.5875
0
0.5875
0
0.5875
0
0.5875
0
0.5875
0
0.5875
0
0.5875
0
0.5875
0
0.5875
0
0.5875
0
0.454167
-0.4
0.354167
-0.4
-0.3
-0.4
-0.3
-0.4
-0.3
-0.4
-0.3
-0.4
-0.3
-0.4
-0.3
-0.4
-0.3
-0.4
-0.3
-0.4
0.454167
-0.4
0.454167
-0.4
0.6
-0.4
0.35
-0.4
0.6
-0.4
0.35
-0.4
0.5
-0.4
0.354167
0
-0.15
0
0.65
0
0.65
0
0.65
0
0.65
0
0.65
0
0.65
0
0.65
0
0.65
0
0.65
0
0.65
0
0.65
0
0.65
0
0.65
0
0.65
0
0.65
0
0.65
0
0.65
0
0.476667
-0.4
0.476667
-0.4
0.476667
-0.4
0.476667
-0.4
0.276667
-0.4
-0.0233333
-0.4
-0.0233333
-0.4
-0.0233333
-0.4
-0.0233333
-0.4
-0.0233333
-0.4
0.476667
-0.4
0.476667
-0.4
0.476667
-0.4
0.476667
-0.4
0.476667
-0.4
0.476667
-0.4
0.49
-0.4
0.476667
0.1
0
0.1
0
0.1
0
0.1
0
0.1
0
0.1
0
0.1
0
0.1
0
0.1
0
-0.25
0
-0.1
-0.4
0
-0.4
0
-0.4
0.0166667
-0.4
-0.05
-0.4
0
-0.4
-0.05
-0.4
0.116667
-0.4
-0.3
-0.4
-0.783333
-0.4
-0.3
-0.4
-0.3
-0.4
-0.3
-0.4
-0.55
-0.4
-0.05
-0.4
0.116667
-0.4
0
-0.4
0
0
0.1
0
0.1
0
0.1
0
0.1
0
0.1
0
0.1
0
0.1
0
0.1
0
0.1
0
0.1
0
0.1
0
0.1
0
0.1
0
0
0.1
0
0.1
0
0.1
0
0.1
-0.1
0.1
0
0.1
-0.3
0.1
0
0.1
0
0.1
-0.05
0.1
0
0.1
0
0.1
0
0.1
-0.6
-0.2
-0.316667
-0.316667
-0.2
-0.2
-0.2
-0.2
-0.6
-0.2
-0.4
-0.7
-0.616667
-0.616667
-0.2
-0.2
-0.2
-1
-0.2
-0.6
0.1
0
0.1
0
0.1
0
0.1
0
0.1
-0.1
0.1
-0.1
0.1
0
0.1
-0.15
0.1
-0.1
0.1
-0.1
-0.1
0.4
-0.1
0.4
-0.1
0.4
0
0.3
0
0.3
0
0.3
0
0.3
-0.1
0.3
0
0.3
-0.3
0.3
0
0.3
0
0.3
0
0.3
0
0.3
0
0.3
0
0.3
-0.6
-0.175
-0.733333
-0.525
-0.733333
-0.225
-0.4
-0.3
-0.6
-0.6
-0.733333
-0.225
-0.3
-0.625
-0.5
-0.325
-0.3
-0.625
-0.3
-0.625
-0.366667
-0.291667
-0.366667
-0.291667
-0.0833333
-0.025
-0.0833333
-0.1
-0.0833333
-0.1
-0.0833333
-0.025
-0.0833333
-0.025
0.1
-0.1
-0.0833333
0
-0.1
0.583333
-0.1
0.583333
-0.1
0.583333
-0.1
0.583333
0
0.483333
0
0.483333
0
0.483333
0
0.483333
-0.1
0.483333
0
0.483333
0
0.483333
0
0.483333
0
0.483333
-0.05
0.483333
0
0.483333
0
0.483333
0
0.483333
-0.6
-0.166667
-0.675
-0.141667
-0.5
-0.15
-0.6
-0.266667
-0.7
-0.266667
-0.45
-0.516667
-0.6
-0.566667
-0.45
-0.25
-0.7
-0.266667
-0.45
-0.0666667
-0.45
-0.0666667
-0.45
-0.0166667
-0.45
-0.0166667
-0.45
-0.0166667
-0.0833333
0
-0.0833333
0
-0.0833333
0
-0.0833333
0
-0.1
0.35
-0.1
0.6875
-0.1
0.6875
-0.1
0.6875
-0.1
0.6875
0
0.5875
0
0.5875
0
0.5875
0
0.5875
0
0.5875
-0.1
0.5875
0
0.5875
0
0.5875
0
0.5875
-0.05
0.5875
0
0.5875
0
0.5875
0
0.5875
-0.6
-0.1625
-0.7
-0.3625
-0.7
-0.3625
-0.7
-0.1625
-0.7
-0.3625
-0.7
-0.3625
-0.7
-0.3625
-0.7
-0.3625
-0.7
-0.3625
-0.7
-0.3625
-0.7
-0.1625
-0.45
0
-0.45
0
-0.45
-0.05
-0.45
-0.0125
-0.183333
0.1
-0.183333
0.2
-0.1
0.454167
-0.1
0.476667
-0.1
0.75
-0.1
0.75
-0.1
0.75
-0.1
0.75
0
0.65
0
0.65
0
0.65
0
0.65
-0.1
0.65
-0.1
0.65
-0.3
0.65
0
0.65
0
0.65
0
0.65
0
0.65
0
0.65
0
0.65
-0.6
-0.16
-0.7
-0.34
-0.7
-0.34
-0.7
-0.1
-0.7
-0.34
-0.7
-0.34
-0.7
-0.34
-0.7
-0.1
-0.7
-0.34
-0.7
-0.34
-0.7
-0.1
-0.7
-0.34
-0.7
-0.34
-0.45
-0.11
-0.45
-0.01
-0.183333
0.24
-0.183333
0.24
-0.1
0.65
0.3
0
0.3
0
0.3
0
0.3
0
0.3
0
0.3
0
0.3
0
0.3
0
0.3
0
0.15
0
0.15
-0.4
0.341667
-0.4
0.3
-0.4
0.3
-0.4
0.341667
-0.4
0.275
-0.4
0.341667
-0.4
0.275
-0.4
-0.225
-0.4
-0.558333
-0.4
0.341667
-0.4
0.341667
-0.4
-0.558333
-0.4
-0.225
-0.4
-0.558333
-0.4
0.3
-0.4
0.3
-0.4
0.3
0
0.3
0
0.3
0
0.3
0
0.3
0
0.3
0
0.3
0
0.3
0
0.3
0
0.3
0
0.3
0
0.3
0
0.3
0
0.3
0
0.4
-0.1
0.4
-0.1
0.4
-0.1
-0.1
0.1
-0.1
0.1
-0.1
0.1
-0.125
-0.0833333
0
-0.0833333
0
-0.0833333
-0.1
-0.0833333
0
-0.0833333
-0.291667
-0.366667
-0.291667
-0.366667
-0.625
-0.3
-0.125
-0.5
-0.125
-0.5
-0.125
-0.5
-0.6
-0.6
-0.225
-0.733333
-0.525
-0.733333
-0.225
-0.733333
-0.5
-0.7
-0.175
-0.6
0.3
0
0.3
0
0.3
0
0.3
0
0.3
-0.05
0.3
0
0.3
-0.05
0.3
0
0.3
0
0.3
0
0.3
0
0.3
0
0.3
0
0
0.3
0
0.3
0
0.3
0
0.3
0
0.3
0
0.3
0
0.3
0
0.175
0
0.175
0
0.175
0
0.175
0
0.175
-0.1
-0.05
-0.625
-0.2
-1
-0.3
-0.3
-0.3
-0.3
-0.3
-0.6
-0.6
-0.566667
-0.691667
-0.3
-1
-0.3
-1
-0.2
-0.625
-0.2
-0.625
-0.05
0
0.175
-0.225
0.175
0
0.175
0
0.175
-0.225
0.175
-0.125
0.3
0
0.3
0
0.175
-0.0666667
0.175
0
0.175
0
-0.1
0.583333
-0.1
0.583333
-0.1
0.583333
0
0.433333
0
0.433333
0
0.433333
0
0.433333
0
0.433333
0
0.383333
0
0.383333
-0.2
0.383333
0
0.383333
0
0.383333
0
0.383333
-0.1
0.383333
-0.625
-0.166667
-1
-0.266667
-0.825
-0.316667
-0.625
-0.166667
-0.625
-0.366667
-0.275
-0.941667
-0.275
-0.941667
-0.525
-0.616667
-0.525
-0.616667
-0.625
-0.0666667
-0.05
-0.0166667
-0.05
-0.0166667
-0.05
-0.0166667
0.175
-0.116667
0.175
0
0.175
0
0.175
0
0.175
-0.0166667
0.175
0
0.175
0
0.175
0
-0.1
0.6875
-0.1
0.6875
-0.1
0.6875
0
0.5
0
0.5
0
0.5
0
0.5
0
0.4875
0
0.4875
0
0.4875
0
0.4875
0
0.4875
0
0.4875
0
0.4875
-0.1
0.4875
-0.625
-0.15
-0.325
-0.3
-0.325
-0.7
-0.625
-0.3
-0.625
-0.15
-0.625
-0.15
-0.475
-0.6625
-0.475
-0.6625
-0.475
-0.6625
-0.625
-0.05
-0.325
-0.1125
-0.05
0
-0.05
0
0.175
-0.05
0.175
-0.0125
0.175
0
0.175
0
0.175
0
0.175
0
0.175
0
0.175
0
-0.1
0.75
-0.1
0.75
-0.1
0.75
-0.1
0.65
0
0.55
0
0.55
-0.225
0.55
0
0.55
0
0.55
0
0.55
0
0.55
0
0.55
0
0.55
0
0.55
0
0.55
-0.625
-0.14
-0.325
-0.56
-0.775
-0.34
-0.625
-0.26
-0.625
-0.56
-0.625
-0.14
-0.325
-0.66
-0.325
-0.66
-0.475
-0.64
-0.475
-0.64
-0.325
-0.09
-0.325
-0.09
-0.05
0
0.175
-0.01
0.175
-0.04
0.175
0
0.175
-0.01
0.175
0
0.483333
0
0.483333
0
0.483333
0
0.483333
0
0.483333
0
0.483333
0
0.483333
0
0.483333
0
0.483333
0
0.283333
0
0.316667
-0.4
0.283333
-0.4
0.483333
-0.4
0.483333
-0.4
0.333333
-0.4
0.483333
-0.4
0.533333
-0.4
0.533333
-0.4
-0.366667
-0.4
-0.0166667
-0.4
-0.0166667
-0.4
0.483333
-0.4
-0.366667
-0.4
-0.0166667
-0.4
-0.0166667
-0.4
0.316667
-0.4
-0.0666667
-0.4
0.333333
0
0.483333
0
0.483333
0
0.483333
0
0.483333
0
0.483333
0
0.483333
0
0.483333
0
0.483333
0
0.483333
0
0.483333
0
0.483333
0
0.483333
0
0.483333
0
0.583333
-0.1
0.583333
-0.1
0.583333
-0.1
0.583333
-0.1
0
-0.0833333
0
-0.0833333
0
-0.0833333
0
-0.0833333
0
-0.0833333
-0.0666667
-0.45
-0.0166667
-0.45
-0.0666667
-0.45
-0.0166667
-0.45
-0.0666667
-0.45
-0.566667
-0.6
-0.25
-0.75
-0.15
-0.5
-0.566667
-0.6
-0.266667
-0.7
-0.266667
-0.7
-0.15
-0.5
-0.15
-0.5
-0.166667
-0.6
0.483333
0
0.483333
0
0.483333
-0.05
0.483333
0
0.483333
0
0.483333
0
0.483333
-0.3
0.483333
-0.3
0.433333
0
0.433333
0
0.433333
0
0.433333
0
0.583333
-0.1
0.583333
-0.1
0.583333
-0.1
0
0.175
0
0.175
-0.1
0.175
0
0.175
0
0.175
-0.0666667
0.175
-0.0666667
0.175
0
0.175
-0.0166667
-0.05
-0.0666667
-0.05
-0.0166667
-0.05
-0.0666667
-0.625
-0.566667
-0.2
-0.166667
-0.625
-0.233333
-0.391667
-0.616667
-0.525
-0.266667
-1
-0.266667
-1
-0.266667
-1
-0.166667
-0.625
-0.166667
-0.625
0.383333
0
0.383333
-0.2
0.383333
0
0.383333
0
0.383333
-0.225
0.383333
0
0.383333
0
0.433333
0
0.383333
-0.0666667
0.383333
0
0.383333
0
0.383333
0
0.583333
-0.1
-0.1
0.583333
0
0.383333
0
0.383333
0
0.383333
-0.1
0.383333
-0.0666667
0.383333
0
0.383333
0
0.383333
0
0.383333
0
0.383333
-0.0166667
0.0833333
-0.0666667
0.0833333
-0.0166667
0.0833333
-0.0666667
-0.55
-0.316667
-0.316667
-0.4
-0.4
-0.941667
-0.141667
-0.441667
-0.941667
-0.141667
-0.941667
-0.366667
-0.85
-0.116667
-0.366667
-0.116667
-0.666667
-0.55
-0.0666667
0.0833333
-0.0166667
0.0833333
-0.0166667
0.0833333
-0.0166667
0.383333
0
0.383333
0
0.383333
0
0.383333
0
0.383333
-0.0166667
0.383333
0
0.383333
0
0.383333
0
0.383333
0
-0.1
0.6875
-0.1
0.6875
0
0.4875
0
0.4875
0
0.4875
0
0.4875
0
0.4875
0
0.4875
0
0.4875
0
0.4875
0
0.4875
-0.0666667
0.4875
-0.0666667
0.15
-0.0166667
0.15
-0.0666667
0.15
-0.566667
-0.3625
-0.4
-0.3625
-0.4
-0.3625
-0.55
-0.6
-0.25
-0.7
-0.4
-0.6625
-0.4
-0.6625
-0.25
-0.7
-0.183333
-1.01667
-0.116667
-0.1125
-0.116667
-0.05
0.383333
0
0.383333
0
0.383333
0
0.383333
0
0.383333
-0.0125
0.383333
0
0.383333
0
0.383333
0
0.383333
0
0.383333
0
-0.1
0.75
-0.1
0.75
0
0.55
0
0.55
0
0.55
-0.1
0.55
0
0.55
0
0.55
0
0.55
-0.0666667
0.55
0
0.55
-0.0666667
0.55
-0.0666667
0.19
-0.0166667
0.19
-0.0666667
0.19
-0.316667
-0.15
-0.4
-0.34
-0.4
-0.34
-0.616667
-0.15
-0.25
-0.66
-0.25
-0.66
-0.566667
-0.64
-0.7
-0.1
-0.4
-0.64
-0.116667
-0.1
-0.116667
-0.09
-0.116667
-0.11
0.383333
-0.01
0.383333
0
0.383333
-0.04
0.383333
-0.01
0.383333
-0.01
0.5875
0
0.5875
0
0.5875
0
0.5875
0
0.5875
0
0.5875
0
0.5875
0
0.5875
0
0.5875
0
0.35
0
0.354167
-0.4
0.35
-0.4
0.35
-0.4
0.35
-0.4
0.35
-0.4
0.45
-0.4
0.354167
-0.4
0.35
-0.4
-0.3
-0.4
0.454167
-0.4
-0.3
-0.4
-0.3
-0.4
-0.3
-0.4
-0.3
-0.4
-0.3
-0.4
-0.3
-0.4
-0.3
-0.4
0.35
-0.4
0.5875
0
0.5875
0
0.5875
0
0.5875
0
0.5875
0
0.5875
0
0.5875
0
0.5875
0
0.5875
0
0.5875
0
0.5875
0
0.5875
0
0.5875
0
0.6875
-0.1
0.6875
-0.1
0.6875
-0.1
0.6875
-0.1
0.354167
-0.1
0.5
-0.1
0.2
-0.183333
0.1
-0.183333
0
-0.45
-0.0125
-0.45
-0.05
-0.45
-0.0125
-0.45
-0.1625
-0.7
-0.3625
-0.7
-0.3625
-0.7
-0.1625
-0.7
-0.3625
-0.7
-0.3625
-0.7
-0.3625
-0.7
-0.1625
-0.7
-0.3625
-0.7
-0.3625
-0.7
-0.1625
-0.6
0.5875
0
0.5875
0
0.5875
-0.05
0.5875
0
0.5875
0
0.5875
0
0.5875
-0.3
0.5875
-0.2
0.5
0
0.5
0
0.5
0
0.5
0
0.6875
-0.1
0.6875
-0.1
0.6875
-0.1
0
0.175
0
0.175
0
0.175
0
0.175
0
0.175
0
0.175
0
0.175
-0.0125
0.175
-0.05
-0.05
-0.0125
-0.05
-0.1125
-0.325
-0.0375
-0.35
-0.15
-0.625
-0.15
-0.625
-0.3625
-0.475
-0.6625
-0.475
-0.2125
-0.825
-0.1625
-0.775
-0.3625
-0.775
-0.15
-0.625
-0.15
-0.625
0.4875
0
0.4875
-0.2
0.4875
0
0.4875
0
0.4875
-0.225
0.4875
0
0.4875
0
0.4875
0
0.4875
0
0.4875
0
0.4875
0
0.4875
0
0.6875
-0.1
0.6875
-0.1
0
0.383333
0
0.383333
0
0.383333
0
0.383333
0
0.383333
0
0.383333
0
0.383333
0
0.383333
-0.0125
0.383333
0
0.383333
-0.05
-0.116667
-0.05
-0.116667
-1.01667
-0.183333
-0.3625
-0.266667
-0.5
-0.566667
-0.6625
-0.566667
-0.6625
-0.266667
-0.6625
-0.566667
-0.3
-0.85
-0.3625
-0.566667
-0.2125
-0.616667
0.15
-0.0666667
0.15
-0.0166667
0.15
-0.0166667
0.4875
0
0.4875
0
0.4875
0
0.4875
-0.0166667
0.4875
0
0.4875
0
0.4875
0
0.4875
0
0.4875
0
0.4875
0
0.4875
0
0
0.4875
0
0.4875
0
0.4875
0
0.4875
0
0.4875
0
0.4875
0
0.4875
0
0.4875
0
0.4875
-0.0125
0.4875
0
0.4875
-0.05
-0.0125
-0.05
-0.0125
-1.01667
-0.0791667
-0.6625
-0.3625
-0.2125
-0.7
-0.3625
-0.3625
-0.6625
-0.4625
-0.3625
-0.6625
-0.2125
-0.7
-0.3625
-0.6625
-0.3625
-0.6625
-0.0791667
-1.01667
-0.0125
-0.05
-0.0125
-0.05
0.4875
-0.05
0.4875
0
0.4875
0
0.4875
-0.0125
0.4875
-0.0125
0.4875
-0.0125
0.4875
0
0.4875
0
0.4875
0
0.4875
0
0.4875
0
0
0.55
0
0.55
0
0.55
0
0.55
0
0.55
0
0.55
0
0.55
0
0.55
0
0.55
0
0.55
0
0.55
-0.05
0.05
-0.05
0.05
-1.01667
-0.0166667
-0.6625
-0.4
-0.2125
-0.66
-0.3625
-0.34
-0.3625
-0.34
-0.3625
-0.64
-0.2125
-0.66
-0.2125
-0.66
-0.3625
-0.34
-0.3625
-0.64
-0.0125
-0.04
-0.0125
-0.1
-0.0125
-0.11
0.4875
-0.01
0.4875
0
0.4875
-0.04
0.4875
-0.01
0.4875
-0.04
0.65
0
0.65
0
0.65
0
0.65
0
0.65
0
0.65
0
0.65
0
0.65
0
0.65
0
0.35
0
0.54
-0.4
0.49
-0.4
0.476667
-0.4
0.49
-0.4
0.476667
-0.4
0.476667
-0.4
0.476667
-0.4
0.476667
-0.4
-0.0233333
-0.4
-0.0233333
-0.4
-0.0233333
-0.4
0.476667
-0.4
-0.0233333
-0.4
0.476667
-0.4
0.75
-0.4
0.54
-0.4
-0.0233333
-0.4
0.476667
0
0.65
0
0.65
0
0.65
0
0.65
0
0.65
0
0.65
0
0.65
0
0.65
0
0.65
0
0.65
0
0.65
0
0.65
0
0.65
0
0.75
-0.1
0.75
-0.1
0.75
-0.1
0.75
-0.1
0.54
-0.1
0.476667
-0.1
0.24
-0.183333
0.24
-0.183333
-0.1
-0.45
-0.1
-0.45
-0.34
-0.7
-0.34
-0.7
-0.1
-0.7
-0.34
-0.7
-0.34
-0.7
-0.34
-0.7
-0.34
-0.7
-0.34
-0.7
-0.34
-0.7
-0.1
-0.7
-0.34
-0.7
-0.34
-0.7
-0.16
-0.6
0.65
0
0.65
0
0.65
0
0.65
0
0.65
-0.05
0.65
0
0.65
-0.05
0.65
-0.15
0.55
0
0.55
0
0.55
0
0.65
-0.1
0.75
-0.1
0.75
-0.1
0.75
-0.1
0
0.175
0
0.175
0
0.175
0
0.175
-0.01
0.175
-0.04
0.175
-0.04
0.175
-0.04
0.175
0
-0.05
-0.1
-0.325
-0.1
-0.325
-0.64
-0.475
-0.14
-0.625
-0.14
-0.625
-0.34
-0.475
-0.14
-0.625
-0.15
-0.825
-0.1
-0.775
-0.34
-0.775
-0.34
-0.775
-0.14
-0.625
0.55
0
0.55
-0.2
0.55
0
0.55
-0.025
0.55
0
0.55
0
0.55
0
0.55
0
0.55
-0.0666667
0.55
0
0.55
0
0.55
0
0.75
-0.1
0.75
-0.1
0
0.383333
0
0.383333
0
0.383333
0
0.383333
0
0.383333
-0.01
0.383333
0
0.383333
-0.04
0.383333
-0.04
0.383333
-0.11
-0.116667
-0.1
-0.116667
-0.1
-0.116667
-0.64
-0.4
-0.34
-0.266667
-0.34
-0.266667
-0.34
-0.4
-0.64
-0.266667
-0.34
-0.566667
-0.26
-0.85
-0.46
-0.566667
-0.15
-0.616667
0.19
-0.0666667
0.19
-0.0666667
0.19
-0.0166667
0.55
-0.0666667
0.55
0
0.55
0
0.55
-0.0166667
0.55
0
0.55
0
0.55
0
0.55
0
0.55
0
0.55
0
0.55
0
0
0.4875
0
0.4875
0
0.4875
0
0.4875
0
0.4875
0
0.4875
-0.01
0.4875
0
0.4875
-0.04
0.4875
-0.01
0.4875
-0.11
-0.0125
-0.1
-0.0125
-0.1
-0.0125
-0.64
-0.3625
-0.34
-0.1625
-0.19
-0.7
-0.34
-0.3625
-0.34
-0.3625
-0.34
-0.6625
-0.4
-0.6625
-0.1
-0.6625
-0.19
-0.7
-0.0166667
-1.01667
0.05
-0.05
0.05
-0.05
0.55
0
0.55
0
0.55
-0.0125
0.55
-0.0125
0.55
-0.0125
0.55
0
0.55
0
0.55
0
0.55
0
0.55
0
0.55
0
0
0.55
0
0.55
0
0.55
0
0.55
0
0.55
0
0.55
-0.01
0.55
0
0.55
-0.04
0.55
-0.01
0.55
-0.11
0.05
-0.1
0.05
-0.1
0.05
-0.64
-0.34
-0.64
-0.64
-0.19
-0.66
-0.34
-0.34
-0.64
-0.64
-0.34
-0.64
-0.46
-0.76
-0.19
-0.66
-0.66
-0.49
-0.34
-0.64
0.05
-0.16
0.05
-0.09
0.05
-0.11
0.55
-0.04
0.55
0
0.55
-0.04
0.55
-0.01
0.55
0
