0.0357558
-0.24
0.0357558
0
0.0357558
0
0.0357558
0
0.0357558
0
0
0.0357558
0
0.0357558
0
0.0357558
0
0.0357558
0
0.0357558
0
0.0357558
-1.23432
0.0357558
-0.11
0.0357558
-0.76577
0.0257558
-0.11
0.0257558
-0.11
0.0257558
-0.11
0.0257558
-0.11
0.0257558
-0.11
0.0257558
-0.203079
0.0257558
0
-0.213079
-1.25432
-0.985625
-0.307145
-0.818624
-0.203079
-0.977708
-0.786041
-0.169244
-0.502314
-0.302145
-0.307145
-0.218789
-1.11926
-0.560588
-0.208079
-0.418676
-0.208079
-0.208079
-0.492314
-0.485625
0.0257558
-0.24
0.0257558
-0.430147
0.0257558
-0.24
0.0257558
-0.24
0.0257558
-0.24
0.0257558
-0.24
0.0257558
-0.302145
0.0357558
-0.799305
0.0357558
-0.24
0.0357558
-0.32
0.0357558
0
0.0357558
0
0.0357558
0
0.0357558
0
0.0357558
0
0.0357558
0
0.0357558
0
0.0357558
0
0.0357558
0
0
0
0.0357558
0
-1.26697
0
0
0
-1.26697
0
-0.213079
0
-0.213079
0
-1.26697
0
-0.11
0
-0.203079
-0.174244
0
-0.253079
-0.24
-0.690588
0
-0.542314
0
-0.58858
-0.624374
-0.54799
0
-1.11362
-0.39
-0.301498
-0.11
-0.593789
-0.208079
-0.248079
0
-1.30697
0
-0.173789
0.0357558
-0.15
0.0357558
-1.31432
0.0357558
-0.15
0.0357558
-1.31432
0.0357558
-1.31432
0.0357558
-0.382145
0.0357558
-0.32
0.0357558
-0.32
0.0357558
-0.32
0.0357558
-0.6
0.0357558
0
0.0357558
0
0.0357558
0
0.0357558
0
0.0357558
0
0.0357558
0
0.0357558
0
0.0357558
0
0.0357558
0
0
0
0.0357558
0
-1.26697
0
0
0
-1.26697
0
-0.213079
0
-0.213079
0
-1.26697
0
-0.11
0
-0.799305
-0.0323145
0
-0.253079
-0.24
-0.874244
0
-0.542314
0
-0.672145
-0.307145
-0.248079
0
-0.672145
-0.307145
-0.667145
0
-0.919258
-0.208079
-0.248079
0
-1.30697
0
-0.502638
0.0357558
-0.15
0.0357558
-0.15
0.0357558
-0.15
0.0357558
-0.662145
0.0357558
-0.6
0.0357558
-0.6
0.0357558
-0.662145
0.0357558
-0.662145
0.0357558
-0.6
0.0357558
-0.6
0.0357558
0
0.0357558
0
0.0357558
0
0.0357558
0
0.0357558
0
0.0357558
0
0.0357558
0
0.0357558
0
0.0357558
0
0
0
0.0357558
0
-1.26697
0
0
0
-1.26697
0
-0.213079
0
-0.213079
0
-1.26697
0
-0.11
0
-0.799305
-0.0323145
0
-0.253079
-0.169244
-0.248079
0
-0.542314
0
-0.672145
-0.24
-1.4215
0
-0.672145
-0.307145
-0.667145
0
-0.919258
-0.208079
-0.248079
0
-1.30697
0
-0.502638
0.0357558
-0.15
0.0357558
-1.51059
0.0357558
-0.15
0.0357558
-0.662145
0.0357558
-0.6
0.0357558
-0.6
0.0357558
-0.662145
0.0357558
-0.662145
0.0357558
-0.6
0.0357558
-0.6
0.0357558
0
0.0357558
0
0.0357558
0
0.0357558
0
0.0357558
0
0.0357558
0
0.0357558
0
0.0357558
0
0.0357558
0
0
0
0.0357558
0
-1.26697
0
0
0
-1.26697
0
-0.213079
0
-0.213079
0
-1.26697
0
-0.11
0
-0.799305
-0.0323145
0
-0.253079
-0.169244
-0.248079
0
-0.542314
0
-0.672145
-0.307145
-0.248079
0
-0.672145
-0.307145
-0.667145
0
-0.919258
-0.208079
-0.248079
0
-1.30697
0
-0.502638
0.0357558
-0.15
0.0357558
-1.51059
0.0357558
-0.15
0.0357558
-0.662145
0.0357558
-0.6
0.0357558
-0.6
0.0357558
-0.662145
0.0357558
-0.662145
0.0357558
-0.6
0.0357558
-0.6
0.0357558
0
0.0357558
0
0.0357558
0
0.0357558
0
0.0357558
0
0.0357558
0
0.0357558
0
0.0357558
0
0.0357558
0
0
0
0.0357558
0
-1.26697
0
0
0
-1.26697
0
-0.213079
0
-0.213079
0
-1.26697
0
-0.11
0
-0.799305
-0.0323145
0
-0.253079
-0.169244
-0.248079
0
-0.542314
0
-0.672145
-0.307145
-0.248079
0
-0.672145
-0.307145
-0.667145
0
-0.919258
-0.208079
-0.248079
0
-1.30697
0
-0.502638
0.0357558
-0.15
0.0357558
-1.51059
0.0357558
-0.15
0.0357558
-0.662145
0.0357558
-0.6
0.0357558
-0.6
0.0357558
-0.662145
0.0357558
-0.662145
0.0357558
-0.6
0
0
0
0.0357558
0
0.0357558
0
0.0357558
0
0.0357558
0
0.0357558
0
0.0357558
0
0.0357558
0
0.0357558
0
0.0357558
-1.51368
0.0357558
-1.31432
0.0357558
-0.15
0.0357558
-0.56858
0.0357558
-1.31432
0.0357558
-0.15
0.0357558
-0.15
0.0357558
-0.15
0.0357558
-0.15
0.0357558
-0.15
0.0357558
0
-0.11
-0.224657
0
-0.341041
-0.947708
-0.249745
-0.580986
-0.248079
-0.169244
-0.253079
-0.302145
-0.909305
-0.302145
-0.248079
-0.462708
-0.249745
-0.580986
-0.253079
-0.24
-0.532314
-0.485625
-0.174244
-0.947708
0
-0.11
0
-0.11
0
-1.26697
0
-0.203079
0
-0.11
0
-0.11
0
-0.213079
0
-0.203079
0
-0.919258
0
0
0
0
0
0
0
0
0
0
0
0
0
0
0
0
0
0
0
0
-0.15
0
-0.15
0
-0.15
0
-1.30697
0
-0.183789
0
-0.15
0
-0.15
0
-0.15
0
-0.15
0
0
-0.15
-0.574319
-0.821406
0
-0.243079
0
-0.15
-0.15
-0.0785798
0
-0.522314
-0.15
-0.574319
-0.243079
-0.15
-0.15
-0.0323145
0
-0.15
0
-0.173789
0
-0.15
0
-0.15
0
-0.15
0
-0.15
0
-0.15
0
-0.15
0
-0.15
0
-0.15
0
-0.15
0
-0.919258
0
0
0
0
0
0
0
0
0
0
0
0
0
0
0
0
0
0
0
0
-0.164244
0
-0.15
0
-0.15
0
-1.30697
0
-0.183789
0
-0.15
0
-0.15
0
-0.15
0
-0.15
0
0
-0.15
-0.224657
0
0
-0.243079
0
-0.15
-1.01771
-0.93
0
-0.522314
-0.15
-0.753676
-0.243079
-0.15
-0.15
-0.0323145
0
-0.15
0
-0.502638
0
-0.15
0
-0.15
0
-0.15
0
-0.15
0
-0.15
0
-0.15
0
-0.15
0
-0.15
0
-0.15
0
-0.919258
0
0
0
0
0
0
0
0
0
0
0
0
0
0
0
0
0
0
0
0
-0.183789
0
-0.15
0
-0.15
0
-1.30697
0
-0.183789
0
-0.15
0
-0.15
0
-0.15
0
-0.15
0
0
-0.15
-0.358981
-1.49046
0
-0.243079
0
-0.15
-0.15
-1.53059
0
-0.522314
-0.32358
-0.60358
-0.243079
-0.15
-0.15
-0.0323145
0
-0.15
0
-0.502638
0
-0.15
0
-0.15
0
-0.15
0
-1.57424
0
-0.15
0
-0.15
0
-0.15
0
-0.15
0
-0.15
0
-0.919258
0
0
0
0
0
0
0
0
0
0
0
0
0
0
0
0
0
0
0
0
-0.183789
0
-0.15
0
-0.15
0
-1.30697
0
-0.183789
0
-0.15
0
-0.15
0
-0.15
0
-0.15
0
0
-0.15
-0.574319
-1.35
0
-0.243079
0
-0.15
-0.15
-1.53059
0
-0.522314
-0.32358
-0.60358
-0.243079
-0.15
-0.15
-0.0323145
0
-0.15
0
-0.502638
0
-0.15
0
-0.15
0
-0.15
0
-0.15
0
-0.15
0
-0.15
0
-0.15
0
-0.15
0
-0.15
0
-0.919258
0
0
0
0
0
0
0
0
0
0
0
0
0
0
0
0
0
0
0
0
-0.183789
0
-0.15
0
-0.15
0
-1.30697
0
-0.183789
0
-0.15
0
-0.15
0
-0.15
0
-0.15
0
0
-0.15
-0.574319
-1.35
0
-0.243079
0
-0.15
-0.15
-1.53059
0
-0.522314
-0.32358
-0.60358
-0.243079
-0.15
-0.15
-0.0323145
0
-0.15
0
-0.502638
0
-0.15
0
-0.15
0
-0.15
0
-0.15
0
-0.15
0
-0.15
0
-0.15
0
-0.15
0
-0.15
0
0
0
0.0357558
0
0.0357558
0
0.0357558
0
0.0357558
0
0.0357558
0
0.0357558
0
0.0357558
0
0.0357558
0
0.0357558
0
0.0357558
-0.987708
0.0357558
-0.15
0.0357558
-0.6
0.0357558
-0.15
0.0357558
-0.15
0.0357558
-0.15
0.0357558
-0.15
0.0357558
-0.15
0.0357558
-0.15
0.0357558
0
-0.11
-1.38807
-0.760342
-0.341041
-0.947708
-0.249745
-0.580986
-0.248079
-0.169244
-0.253079
-0.302145
-1.09235
-0.823079
-0.248079
-0.462708
-0.249745
-0.580986
-0.253079
-0.24
-0.532314
-0.485625
-0.0323145
-0.947708
0
-0.11
0
-0.11
0
-1.26697
0
-0.203079
0
-0.11
0
-0.11
0
-0.213079
0
-0.203079
0
-0.919258
0
0
0
0
0
0
0
0
0
0
0
0
0
0
0
0
0
0
0
0
-0.15
0
-0.15
0
-0.15
0
-1.30697
0
-0.15
0
-0.15
0
-0.15
0
-0.15
0
-0.15
0
0
-0.15
-1.38807
-1.24029
0
-0.243079
0
-0.15
-0.15
-0.0785798
0
-0.522314
-0.15
-0.574319
-0.243079
-0.15
-0.15
-0.0323145
0
-0.15
0
-0.173789
0
-0.15
0
-0.15
0
-0.15
0
-0.15
0
-0.15
0
-0.15
0
-0.15
0
-0.15
0
-0.15
0
-0.919258
0
0
0
0
0
0
0
0
0
0
0
0
0
0
0
0
0
0
0
0
-0.15
0
-0.15
0
-0.15
0
-1.30697
0
-0.15
0
-0.15
0
-0.15
0
-0.15
0
-0.15
0
0
-0.15
-1.38807
-1.30034
0
-0.243079
0
-0.15
-1.34868
-1.34868
0
-0.522314
-0.15
-0.753676
-0.243079
-0.15
-0.15
-0.0323145
0
-0.15
0
-0.502638
0
-0.15
0
-0.15
0
-0.15
0
-0.15
0
-0.15
0
-0.15
0
-0.15
0
-0.15
0
-0.15
0
-0.919258
0
0
0
0
0
0
0
0
0
0
0
0
0
0
0
0
0
0
0
0
-0.15
0
-0.15
0
-0.15
0
-1.30697
0
-0.15
0
-0.15
0
-0.15
0
-0.15
0
-0.15
0
0
-0.15
-0.358981
-1.49046
0
-0.243079
0
-0.15
-0.15
-1.53059
0
-0.522314
0
-0.15
-0.243079
-0.15
-0.15
-0.0323145
0
-0.15
0
-0.502638
0
-0.15
0
-0.15
0
-0.15
0
-1.57424
0
-0.15
0
-0.15
0
-0.15
0
-0.15
0
-0.15
0
-0.919258
0
0
0
0
0
0
0
0
0
0
0
0
0
0
0
0
0
0
0
0
-0.15
0
-0.15
0
-0.15
0
-1.30697
0
-0.15
0
-0.15
0
-0.15
0
-0.15
0
-0.15
0
0
-0.15
0
-0.672145
0
-0.243079
0
-0.15
-0.15
-1.53059
0
-0.522314
0
-0.15
-0.243079
-0.15
-0.15
-0.0323145
0
-0.15
0
-0.502638
0
-0.15
0
-0.15
0
-0.15
0
-0.15
0
-0.15
0
-0.15
0
-0.15
0
-0.15
0
-0.15
0
-0.919258
0
0
0
0
0
0
0
0
0
0
0
0
0
0
0
0
0
0
0
0
-0.15
0
-0.15
0
-0.15
0
-1.30697
0
-0.15
0
-0.15
0
-0.15
0
-0.15
0
-0.15
0
0
-0.15
0
-0.672145
0
-0.243079
0
-0.15
-0.15
-1.53059
0
-0.522314
0
-0.15
-0.243079
-0.15
-0.15
-0.0323145
0
-0.15
0
-0.502638
0
-0.15
0
-0.15
0
-0.15
0
-0.15
0
-0.15
0
-0.15
0
-0.15
0
-0.15
0
-0.15
0
0
0
0.0357558
0
0.0357558
0
0.0357558
0
0.0357558
0
0.0357558
0
0.0357558
0
0.0357558
0
0.0357558
0
0.0357558
0
0.0357558
-0.987708
0.0357558
-0.15
0.0357558
-0.6
0.0357558
-0.15
0.0357558
-0.15
0.0357558
-0.15
0.0357558
-0.15
0.0357558
-0.15
0.0357558
-0.15
0.0357558
0
-0.11
-0.253079
-0.48858
-0.341041
-0.947708
-0.249745
-0.580986
-0.248079
-0.169244
-0.253079
-0.302145
-1.39515
-0.218789
-1.39515
-0.266323
-0.249745
-0.580986
-0.253079
-0.24
-0.532314
-0.485625
-0.0323145
-0.947708
0
-0.11
0
-0.11
0
-1.26697
0
-0.203079
0
-0.11
0
-0.11
0
-0.213079
0
-0.203079
0
-0.919258
0
0
0
0
0
0
0
0
0
0
0
0
0
0
0
0
0
0
0
0
-0.15
0
-0.15
0
-0.15
0
-1.30697
0
-0.15
0
-0.15
0
-0.15
0
-1.4215
0
-0.15
0
0
-0.15
-1.4115
-0.243079
0
-0.243079
0
-0.15
-1.57424
-1.31432
0
-0.522314
-0.15
-0.574319
-1.4115
-0.15
-0.15
-0.0323145
0
-0.15
0
-0.173789
0
-0.15
0
-0.15
0
-0.15
0
-0.15
0
-0.15
0
-0.15
0
-0.15
0
-0.15
0
-0.15
0
-0.919258
0
0
0
0
0
0
0
0
0
0
0
0
0
0
0
0
0
0
0
0
-0.15
0
-0.15
0
-0.15
0
-1.30697
0
-0.15
0
-0.15
0
-0.15
0
-1.4215
0
-0.15
0
0
-0.15
-1.39348
-1.04563
0
-0.243079
0
-0.15
-1.57424
-0.662145
0
-0.522314
-0.15
-0.753676
-1.4115
-0.15
-0.15
-0.0323145
0
-0.15
0
-0.502638
0
-0.15
0
-0.15
0
-0.15
0
-0.15
0
-0.15
0
-0.15
0
-0.15
0
-0.15
0
-0.15
0
-0.919258
0
0
0
0
0
0
0
0
0
0
0
0
0
0
0
0
0
0
0
0
-0.15
0
-0.15
0
-0.15
0
-1.30697
0
-0.15
0
-0.15
0
-0.15
0
-1.4215
0
-0.15
0
0
-0.15
-0.358981
-1.49046
0
-0.243079
0
-0.15
-1.54966
-1.37868
0
-0.522314
-1.39515
-0.667145
-1.4115
-0.15
-0.15
-0.0323145
0
-0.15
0
-0.502638
0
-0.15
0
-0.15
0
-0.15
0
-1.57424
0
-0.15
0
-0.15
0
-0.15
0
-0.15
0
-0.15
0
-0.919258
0
0
0
0
0
0
0
0
0
0
0
0
0
0
0
0
0
0
0
0
-0.15
0
-0.15
0
-0.15
0
-1.30697
0
-0.15
0
-0.15
0
-0.15
0
-1.4215
0
-0.15
0
0
-0.15
-1.4115
-0.243079
0
-0.243079
0
-0.15
-1.54966
-1.37868
0
-0.522314
-1.39515
-0.667145
-1.4115
-0.15
-0.15
-0.0323145
0
-0.15
0
-0.502638
0
-0.15
0
-0.15
0
-0.15
0
-0.15
0
-0.15
0
-0.15
0
-0.15
0
-0.15
0
-0.15
0
-0.919258
0
0
0
0
0
0
0
0
0
0
0
0
0
0
0
0
0
0
0
0
-0.15
0
-0.15
0
-0.15
0
-1.30697
0
-0.15
0
-0.15
0
-0.15
0
-1.4215
0
-0.15
0
0
-0.15
-1.4115
-0.243079
0
-0.243079
0
-0.15
-1.54966
-1.37868
0
-0.522314
-1.39515
-0.667145
-1.4115
-0.15
-0.15
-0.0323145
0
-0.15
0
-0.502638
0
-0.15
0
-0.15
0
-0.15
0
-0.15
0
-0.15
0
-0.15
0
-0.15
0
-0.15
0
-0.15
0
0
0
0.0357558
0
0.0357558
0
0.0357558
0
0.0357558
0
0.0357558
0
0.0357558
0
0.0357558
0
0.0357558
0
0.0357558
0
0.0357558
-0.987708
0.0357558
-0.15
0.0357558
-0.6
0.0357558
-0.15
0.0357558
-0.15
0.0357558
-0.15
0.0357558
-0.15
0.0357558
-0.15
0.0357558
-0.15
0.0357558
0
-0.11
-0.253079
-0.48858
-0.341041
-0.947708
-0.249745
-0.580986
-0.248079
-0.169244
-0.253079
-0.302145
-1.39515
-0.218789
-1.39515
-0.266323
-0.249745
-0.580986
-0.253079
-0.24
-0.532314
-0.485625
-0.0323145
-0.947708
0
-0.11
0
-0.11
0
-1.26697
0
-0.203079
0
-0.11
0
-0.11
0
-0.213079
0
-0.203079
0
-0.919258
0
0
0
0
0
0
0
0
0
0
0
0
0
0
0
0
0
0
0
0
-0.15
0
-0.15
0
-0.15
0
-1.30697
0
-0.15
0
-0.15
0
-0.15
0
-0.15
0
-0.15
0
0
-0.15
0
-0.32
0
-0.243079
0
-0.15
-0.15
-0.0785798
0
-0.522314
-0.15
-0.574319
-0.243079
-0.15
-0.15
-0.0323145
0
-0.15
0
-0.173789
0
-0.15
0
-0.15
0
-0.15
0
-0.15
0
-0.15
0
-0.15
0
-0.15
0
-0.15
0
-0.15
0
-0.919258
0
0
0
0
0
0
0
0
0
0
0
0
0
0
0
0
0
0
0
0
-0.15
0
-0.15
0
-0.15
0
-1.30697
0
-0.15
0
-0.15
0
-0.15
0
-0.15
0
-0.15
0
0
-0.15
-1.39348
-1.04563
0
-0.243079
0
-0.15
-1.01771
-0.93
0
-0.522314
-0.15
-0.753676
-0.243079
-0.15
-0.15
-0.0323145
0
-0.15
0
-0.502638
0
-0.15
0
-0.15
0
-0.15
0
-0.15
0
-0.15
0
-0.15
0
-0.15
0
-0.15
0
-0.15
0
-0.919258
0
0
0
0
0
0
0
0
0
0
0
0
0
0
0
0
0
0
0
0
-0.15
0
-0.15
0
-0.15
0
-1.30697
0
-0.15
0
-0.15
0
-0.15
0
-0.15
0
-0.15
0
0
-0.15
-0.358981
-1.49046
0
-0.243079
0
-0.15
-1.54966
-1.37868
0
-0.522314
-1.39515
-0.667145
-0.243079
-0.15
-0.15
-0.0323145
0
-0.15
0
-0.502638
0
-0.15
0
-0.15
0
-0.15
0
-1.57424
0
-0.15
0
-0.15
0
-0.15
0
-0.15
0
-0.15
0
-0.919258
0
0
0
0
0
0
0
0
0
0
0
0
0
0
0
0
0
0
0
0
-0.15
0
-0.15
0
-0.15
0
-1.30697
0
-0.15
0
-0.15
0
-0.15
0
-0.15
0
-0.15
0
0
-0.15
0
-0.672145
0
-0.243079
0
-0.15
-1.54966
-1.37868
0
-0.522314
-1.39515
-0.667145
-0.243079
-0.15
-0.15
-0.0323145
0
-0.15
0
-0.502638
0
-0.15
0
-0.15
0
-0.15
0
-0.15
0
-0.15
0
-0.15
0
-0.15
0
-0.15
0
-0.15
0
-0.919258
0
0
0
0
0
0
0
0
0
0
0
0
0
0
0
0
0
0
0
0
-0.15
0
-0.15
0
-0.15
0
-1.30697
0
-0.15
0
-0.15
0
-0.15
0
-0.15
0
-0.15
0
0
-0.15
0
-0.672145
0
-0.243079
0
-0.15
-1.54966
-1.37868
0
-0.522314
-1.39515
-0.667145
-0.243079
-0.15
-0.15
-0.0323145
0
-0.15
0
-0.502638
0
-0.15
0
-0.15
0
-0.15
0
-0.15
0
-0.15
0
-0.15
0
-0.15
0
-0.15
0
-0.15
0
0
0
0.0357558
0
0.0357558
0
0.0357558
0
0.0357558
0
0.0357558
0
0.0357558
0
0.0357558
0
0.0357558
0
0.0357558
0
0.0357558
-0.987708
0.0357558
-0.15
0.0357558
-0.6
0.0357558
-0.15
0.0357558
-0.15
0.0357558
-0.15
0.0357558
-0.15
0.0357558
-0.15
0.0357558
-0.15
0.0357558
0
-0.11
-0.253079
-0.48858
-0.341041
-0.947708
-0.249745
-0.580986
-0.248079
-0.169244
-0.253079
-0.302145
-1.39515
-0.218789
-1.39515
-0.266323
-0.249745
-0.580986
-0.253079
-0.24
-0.532314
-0.485625
-0.0323145
-0.947708
0
-0.11
0
-0.11
0
-1.26697
0
-0.203079
0
-0.11
0
-0.11
0
-0.213079
0
-0.203079
0
-0.919258
0
0
0
0
0
0
0
0
0
0
0
0
0
0
0
0
0
0
0
0
-0.15
0
-0.15
0
-0.15
0
-1.30697
0
-0.15
0
-0.15
0
-0.15
0
-0.15
0
-0.15
0
0
-0.15
0
-0.32
0
-0.243079
0
-0.15
-0.15
-0.0785798
0
-0.522314
-0.15
-0.574319
-0.243079
-0.15
-0.15
-0.0323145
0
-0.15
0
-0.173789
0
-0.15
0
-0.15
0
-0.15
0
-0.15
0
-0.15
0
-0.15
0
-0.15
0
-0.15
0
-0.15
0
-0.919258
0
0
0
0
0
0
0
0
0
0
0
0
0
0
0
0
0
0
0
0
-0.15
0
-0.15
0
-0.15
0
-1.30697
0
-0.15
0
-0.15
0
-0.15
0
-0.15
0
-0.15
0
0
-0.15
-1.39348
-1.04563
0
-0.243079
0
-0.15
-1.01771
-0.93
0
-0.522314
-0.15
-0.753676
-0.243079
-0.15
-0.15
-0.0323145
0
-0.15
0
-0.502638
0
-0.15
0
-0.15
0
-0.15
0
-0.15
0
-0.15
0
-0.15
0
-0.15
0
-0.15
0
-0.15
0
-0.919258
0
0
0
0
0
0
0
0
0
0
0
0
0
0
0
0
0
0
0
0
-0.15
0
-0.15
0
-0.15
0
-1.30697
0
-0.15
0
-0.15
0
-0.15
0
-0.15
0
-0.15
0
0
-0.15
-0.358981
-1.49046
0
-0.243079
0
-0.15
-1.54966
-1.37868
0
-0.522314
-1.39515
-0.667145
-0.243079
-0.15
-0.15
-0.0323145
0
-0.15
0
-0.502638
0
-0.15
0
-0.15
0
-0.15
0
-1.57424
0
-0.15
0
-0.15
0
-0.15
0
-0.15
0
-0.15
0
-0.919258
0
0
0
0
0
0
0
0
0
0
0
0
0
0
0
0
0
0
0
0
-0.15
0
-0.15
0
-0.15
0
-1.30697
0
-0.15
0
-0.15
0
-0.15
0
-0.15
0
-0.15
0
0
-0.15
0
-0.672145
0
-0.243079
0
-0.15
-1.54966
-1.37868
0
-0.522314
-1.39515
-0.667145
-0.243079
-0.15
-0.15
-0.0323145
0
-0.15
0
-0.502638
0
-0.15
0
-0.15
0
-0.15
0
-0.15
0
-0.15
0
-0.15
0
-0.15
0
-0.15
0
-0.15
0
-0.919258
0
0
0
0
0
0
0
0
0
0
0
0
0
0
0
0
0
0
0
0
-0.15
0
-0.15
0
-0.15
0
-1.30697
0
-0.15
0
-0.15
0
-0.15
0
-0.15
0
-0.15
0
0
-0.15
0
-0.672145
0
-0.243079
0
-0.15
-1.54966
-1.37868
0
-0.522314
-1.39515
-0.667145
-0.243079
-0.15
-0.15
-0.0323145
0
-0.15
0
-0.502638
0
-0.15
0
-0.15
0
-0.15
0
-0.15
0
-0.15
0
-0.15
0
-0.15
0
-0.15
0
-0.15
