0
0
0
0
0
0
0
0
0
0
0
0
0
0
0
0
0
0
0
0
-29.5333
0
-30.1
0
-30.9
0
-30.2
0
0
0
0
0
0
0
-30.1
0
-30.1
0
-30.025
-32.425
0
-30.2
0
-30.1
-30
-30.2
-30
-30.2
0
-30.1
0
-30.1
0
-30.1
0
-30.1
0
-30.2
0
0
0
-29.3
0
0
0
0
0
-30.1
0
-30.2
0
-30.1
0
0
0
0.1
0
0.1
0
0.1
0
0.1
0
0.1
0
0.1
0
0.1
0
0.1
-0.4
0.1
-31
0.1
-31
0.1
0
0.1
0
0.1
0
0.1
0
0.1
0
0.1
-30
0.1
-30.1
0
-30.1
-0.8
-30.2
-0.05
-30.1
-0.2
-30.1
-0.2
-30.1
-0.2
-30.2
-1.35
-30.1
-0.2
-29.5333
-0.15
-30.1
-0.2
0
0
0
0
0
0
0
0
0
0
0
0
0
0
0
0
0
0
0
0.3
0
0.3
0
0.3
0
0.3
0
0.3
0
0.3
0
0.3
0
0.3
-0.4
0.3
-31
0.3
-31
0.3
0
0.3
0
0.3
0
0.3
0
0.3
0
0.3
-30
0.3
-30.1
0
-30.2
-0.1
-30.2
-1
-30.2
0
-30.2
0
-30.1
-0.2
-30.2
0
-30.1
-0.2
-29.6
-0.458333
-30.1
-0.2
0
0.3
0
0.2
0
-0.025
0
0.2
0
0.2
0
0.2
0
0.3
0
-0.1
0
0
0
0.483333
0
0.483333
0
0.483333
0
0.483333
0
0.483333
0
0.483333
0
0.483333
0
0.483333
-0.4
0.483333
-31
0.483333
-31
0.483333
0
0.483333
0
0.483333
0
0.483333
0
0.483333
0
0.483333
-30
0.483333
-30.1
0
-30
-0.666667
-30
-0.666667
-30.3
-0.0666667
-30.3
-0.15
-30
-3.16667
-30.2
-1.36667
-30.3
-0.666667
-29.55
-0.15
-30
-0.666667
0
-0.0166667
0
0.383333
0
-0.266667
0
-0.45
0
-0.266667
0
-0.0166667
0
-0.0166667
0
-0.266667
0
0
0
0.5875
0
0.5875
0
0.5875
0
0.5875
0
0.5875
0
0.5875
0
0.5875
0
0.5875
-0.4
0.5875
-31
0.5875
-31
0.5875
0
0.5875
0
0.5875
0
0.5875
0
0.5875
0
0.5875
-30
0.5875
-30.1
0
-30
-0.7
-30.2
-1.3
-30.3
-0.1
-30.3
-0.2
-30
-1.2125
-30.9
-0.5125
-30.3
-0.2
-30.5
-0.15
-30.3
-0.1125
0
0.0875
0
-0.2125
0
-0.1125
0
-0.2125
0
0.4875
0
-0.1125
0
0.254167
0
-2.0125
0
0
0
0.65
0
0.65
0
0.65
0
0.65
0
0.65
0
0.65
0
0.65
0
0.65
-0.4
0.65
-31
0.65
-31
0.65
0
0.65
0
0.65
0
0.65
0
0.65
0
0.65
-30
0.65
-30.1
0
-30
-1.15
-30.2
-0.76
-30.3
-0.04
-30
-0.56
-30.9
-0.04
-30
-0.66
-30.3
0
-30.5
-0.04
-30.3
-0.26
0
-0.01
0
-0.01
0
0.55
0
-0.09
0
-0.01
0
-0.01
0
0.476667
0
0.49
0.1
0
0.1
0
0.1
0
0.1
0
0.1
0
0.1
0
0.1
0
0.1
0
0.1
0
0
0
-1.15
0
0
0
0
0
-2.45
0
-1.25
0
0
0
0
0
0
0
-0.2
-30.3
-0.2
-30.3
0
-30.2
0
-30.1
-0.2
-29.1
-0.1
-34.05
0
-30.1
0
-30.1
0
-30.1
0
-30.1
0.1
-30
0.1
0
0.1
0
0.1
0
0.1
0
0.1
-30
0.1
0
0.1
-1.8
0.1
0
0.1
0
0.1
0
0.1
0
0.1
0
0
0.1
0
0.1
0
0.1
0
0.1
-0.1
0.1
-0.45
0.1
-0.05
0.1
-0.3
0.1
-0.1
0.1
-0.1
0.1
-0.8
0.1
-0.1
0.1
-0.05
0.1
-0.2
-0.75
-0.1
-0.1
-0.1
-0.2
-0.1
-0.1
-0.9
-2.83333
-0.2
-1.75
-0.1
-2.1
-0.2
-1.85
-0.4
-0.15
-0.15
-0.2
0.1
-2.85
0.1
-0.1
0.1
0
0.1
-0.05
0.1
-0.1
0.1
-1.1
0.1
-0.05
0.1
-0.05
0.1
0
0.1
0
0.1
0
-0.1
0.4
-0.1
0.4
0
0.3
0
0.3
0
0.3
0
0.3
-0.1
0.3
-0.45
0.3
-0.05
0.3
-0.3
0.3
-0.1
0.3
-0.1
0.3
-0.8
0.3
-0.1
0.3
-0.05
0.3
-0.2
-0.525
-0.2
-0.8
-0.2
-0.525
-0.3
-0.2
-2.7
-2.025
-0.2
-0.8
-1.35
-1.525
-0.3
-0.2
-0.6
-0.775
-0.3
-0.2
-0.3
-1.525
-0.3
-0.9
-0.0833333
-0.025
-0.0833333
-0.1
-0.0833333
-0.025
0.1
-0.025
0.1
-0.2
0.1
-0.1
0.1
0
0.1
0
-0.1
0.583333
-0.1
0.583333
-0.1
0.583333
0
0.483333
0
0.483333
0
0.483333
0
0.483333
-0.1
0.483333
-0.45
0.483333
-0.05
0.483333
-0.3
0.483333
-0.1
0.483333
-0.1
0.483333
-0.8
0.483333
-0.1
0.483333
-0.05
0.483333
-0.2
-0.45
-0.45
-0.666667
-0.6
-1.76667
-0.45
-0.766667
-0.9
-1.06667
-0.75
-0.55
-0.75
-0.15
-0.8
-0.666667
-0.4
-0.15
-0.45
-0.666667
-0.45
-0.0666667
-0.45
-0.1
-0.3
-0.766667
-0.3
-0.45
0.1
0
0.1
-0.0666667
0.1
0
0.1
-0.916667
0.1
0
0.1
0
-0.1
0.6875
-0.1
0.6875
-0.1
0.6875
0
0.5875
0
0.5875
0
0.5875
0
0.5875
-0.1
0.5875
-0.45
0.5875
-0.05
0.5875
-0.3
0.5875
-0.1
0.5875
-0.1
0.5875
-0.8
0.5875
-0.1
0.5875
-0.05
0.5875
-0.2
-0.4125
-0.75
-0.1125
-0.6
-0.0625
-0.45
-1
-0.9
-1.7125
-0.75
-0.3
-1.35
-0.9125
-0.8
-1.2125
-0.6
-0.4625
-0.75
-0.1125
-0.55
-1.2125
-0.55
-1.7125
-0.55
-0.6
-0.3
-2.2
0.1
-0.3
0.1
0
0.1
0
0.1
-0.3125
0.1
0
0.1
0
-0.1
0.75
-0.1
0.75
-0.1
0.75
0
0.65
0
0.65
0
0.65
0
0.65
-0.1
0.65
-0.45
0.65
-0.05
0.65
-0.3
0.65
-0.1
0.65
-0.1
0.65
-0.8
0.65
-0.1
0.65
-0.05
0.65
-0.2
-0.39
-0.75
-0.16
-0.875
-0.135
-0.45
-0.85
-0.6
-0.24
-0.75
-0.26
-1.35
-0.96
-0.85
-1.85
-1.05
-0.15
-0.75
-0.26
-0.55
-0.85
-0.55
-0.75
-0.55
-0.85
-0.55
-0.96
0.1
-0.25
0.1
-0.01
0.1
-0.19
0.1
-0.25
0.3
0
0.3
0
0.3
0
0.3
0
0.3
0
0.3
0
0.3
0
0.3
0
0.3
0
0
0
-0.5
0
0.3
0
0.2
0
0.3
0
0.3
0
0.3
0
0.2
0
0.25
0
-0.2
-30.1
-0.2
-30.1
0
-30.2
0
-30.3
-0.05
-30.025
-0.1
-34.3
0
-30.2
0
-30.9
0
-30.2
0
-30.1
0.3
-30
0.3
0
0.3
-30
0.3
0
0.3
0
0.3
-30
0.3
-31
0.3
-1.8
0.3
0
0.3
0
0.3
0
0.3
0
0.3
0
0.4
-0.1
0.4
-0.1
0
0.1
0
0.1
-0.1
0.1
-0.425
0.1
-0.325
0.1
-0.025
0.1
-0.1
-0.0833333
-0.1
-0.0833333
-0.025
-0.0833333
-0.9
-0.3
-2.025
-0.3
-0.2
-0.3
-0.1
-0.75
-0.2
-0.3
-0.05
-0.975
-0.9
-2.85
-0.2
-0.3
-0.1
-1.6
-0.2
-0.6
-0.2
-1.4
-0.125
-0.2
0.3
-2.85
0.3
-0.1
0.3
0
0.3
-0.05
0.3
-0.1
0.3
-1.1
0.3
-0.05
0.3
-0.05
0.3
0
0.3
0
0.3
0
0.3
0
0.3
0
0
0.3
0
0.3
0
0.3
0
0.3
-0.1
0.3
-0.5
0.3
0
0.3
0
0.175
-0.225
0.175
-0.1
0.175
-0.225
0.175
-0.1
0.175
-0.2
-0.05
-0.2
-0.2
-0.1
-0.525
-0.2
-0.2
-0.2
-0.1
-2.7
-0.2
-0.2
-0.1
-0.1
-1.525
-0.2
-0.2
-0.375
-0.775
-0.2
-0.2
-0.05
-1.525
0.175
-0.1
0.175
-0.225
0.175
-0.1
0.175
-0.1
0.175
0
0.3
-0.325
0.3
0
0.3
0
0.3
0
0.3
0
0.3
0
-0.1
0.583333
0
0.483333
0
0.483333
0
0.483333
0
0.483333
-0.1
0.483333
-0.425
0.483333
-2.725
0.383333
0
0.383333
-0.225
0.383333
-0.1
0.383333
-0.225
0.383333
-0.1
0.383333
-0.225
0.383333
-0.2
-0.166667
-0.375
-0.7
-0.6
-2.06667
-0.375
-0.3
-0.9
-1.05
-0.225
-0.666667
-3.3
-0.15
-0.225
-0.666667
-0.8
-0.15
-0.225
-0.666667
-0.05
-0.15
-0.05
-0.1
-0.05
-0.0666667
0.175
-0.0166667
0.175
-0.0166667
0.175
-0.0166667
0.3
-0.116667
0.3
-0.0166667
0.3
0
0.3
0
0.3
0
0.3
0
-0.1
0.6875
0
0.5875
0
0.5875
0
0.5875
0
0.5875
-0.1
0.5875
-0.425
0.5875
-2.725
0.4875
0
0.4875
-0.225
0.4875
-0.1
0.4875
-0.225
0.4875
-0.1
0.4875
-0.225
0.4875
-0.2
-0.15
-0.375
-0.6625
-0.6
-0.5
-0.225
-0.8125
-0.9
-0.5125
-0.225
-1.5
-0.725
-0.9125
-0.225
-0.6
-0.375
-0.4625
-0.525
-0.1125
-0.325
-1.2125
-0.05
-0.1125
-0.05
-0.1125
0.175
-0.1
0.175
-0.1125
0.175
-0.1125
0.3
-0.0125
0.3
0
0.3
0
0.3
0
0.3
0
-0.1
0.75
-0.1
0.75
0
0.65
0
0.65
0
0.65
0
0.65
-0.1
0.65
-0.425
0.65
-2.725
0.55
0
0.55
-0.225
0.55
-0.1
0.55
-0.225
0.55
-0.1
0.55
-0.225
0.55
-0.2
-0.14
-0.375
-0.4
-0.6
-0.76
-0.375
-0.24
-0.9
-0.26
-0.225
-1.46
-0.725
-0.96
-0.225
-0.96
-0.8
-0.04
-0.525
-0.26
-0.325
-0.26
-0.325
-0.1
-0.05
0
0.175
0
0.175
-1.64
0.175
0
0.175
-1.69
0.3
-0.25
0.483333
0
0.483333
0
0.483333
0
0.483333
0
0.483333
0
0.483333
0
0.483333
0
0.483333
0
0.483333
0
0
0
-0.0833333
0
0.383333
0
-0.0166667
0
-0.266667
0
0.483333
0
0.383333
0
0.383333
0
-0.0166667
0
-0.0416667
-29.625
-0.0416667
-29.625
-0.0416667
-32.425
-0.0416667
-30.025
-0.0416667
-30.025
-0.15
-34.4
0
-30.5
0
-30.9
-2.54167
-30.625
0
-30.1
0.483333
-30
0.483333
0
0.483333
0
0.483333
-31
0.483333
-30
0.483333
-30
0.483333
0
0.483333
-1.8
0.483333
0
0.483333
0
0.483333
0
0.483333
0
0.483333
0
0.583333
-0.1
0.583333
-0.1
0.583333
-0.1
0
0.1
-0.1
0.1
-0.816667
0.1
-0.0166667
0.1
-0.0166667
0.1
-0.266667
0.1
-0.45
-0.3
-0.45
-0.3
-0.1
-0.45
-0.0666667
-0.45
-0.0416667
-0.875
-0.0416667
-0.875
-0.15
-1.75
-0.0416667
-0.975
-0.0416667
-0.875
-0.15
-1.75
-0.566667
-2.1
-0.0666667
-3.35
-0.3
-1.4
-0.116667
-0.2
0.483333
-2.85
0.483333
-0.1
0.483333
0
0.483333
-0.05
0.483333
-0.1
0.483333
-1.1
0.483333
-0.05
0.483333
-0.05
0.483333
0
0.483333
0
0.483333
0
0.483333
0
0.483333
0
0.583333
-0.1
0
0.3
0
0.3
0
0.3
-0.1
0.3
-0.416667
0.3
-0.366667
0.3
-0.0166667
0.175
-0.25
0.175
-2.51667
0.175
-0.15
-0.05
-0.1
-0.05
-0.0666667
-0.05
-0.0416667
-0.25
-0.0666667
-0.8
-0.15
-0.8
-0.0416667
-0.275
-0.0416667
-0.175
-0.15
-0.8
-1.81667
-1.525
-0.0666667
-0.9
-0.3
-0.775
-0.166667
-0.2
0.383333
-0.225
0.383333
-0.1
0.383333
-0.225
0.383333
-0.1
0.383333
-0.1
0.383333
0
0.383333
-2.5
0.483333
-0.1
0.483333
0
0.483333
0
0.483333
0
0.483333
0
0.483333
0
0
0.483333
0
0.483333
0
0.483333
0
0.483333
-0.1
0.483333
-0.816667
0.483333
-0.0166667
0.383333
-0.0166667
0.383333
-0.25
0.383333
-2.51667
0.383333
-0.15
0.0833333
-0.1
0.0833333
-0.0666667
0.0833333
-0.0416667
-0.0416667
-0.15
-0.666667
-0.15
-0.666667
-0.0416667
-0.0416667
-0.0416667
-2.54167
-0.15
-0.666667
-1.81667
-0.15
-0.15
-0.666667
-0.666667
-0.15
-0.15
-0.666667
0.0833333
-0.9
0.0833333
-0.1
0.0833333
-0.0666667
0.383333
-0.0166667
0.383333
-0.0166667
0.383333
-0.0166667
0.383333
-0.0166667
0.483333
-0.916667
0.483333
0
0.483333
0
0.483333
0
0.483333
0
0.483333
0
0
0.5875
0
0.5875
0
0.5875
0
0.5875
-0.1
0.5875
-0.816667
0.5875
-0.0166667
0.4875
-0.0166667
0.4875
-0.25
0.4875
-2.51667
0.4875
-0.0166667
0.4875
-0.1
0.15
-0.0666667
0.15
-0.0416667
0.0625
-0.15
-0.6
-0.666667
-0.2
-0.3
-0.2625
-0.45
-0.2
-0.15
-0.6
-1.81667
-0.4125
-0.15
-1.2125
-0.3
-0.4625
-0.45
-0.1125
-0.116667
-0.2
-0.116667
-0.2
0.383333
-0.6
0.383333
-0.1
0.383333
-0.1125
0.383333
-0.1125
0.383333
-0.05
0.483333
-0.3125
0.483333
0
0.483333
0
0.483333
0
0.483333
0
-0.1
0.75
0
0.65
0
0.65
0
0.65
0
0.65
-0.1
0.65
-0.816667
0.65
-0.0166667
0.55
-0.0166667
0.55
-0.25
0.55
-2.51667
0.55
-0.0166667
0.55
-0.1
0.19
-0.0666667
0.19
-0.0416667
0.125
-0.15
-0.75
-0.15
-0.85
-0.3
-0.24
-0.3
-0.24
-0.45
-0.16
-0.566667
-2.74
-0.666667
-0.9
-0.666667
-1.4
-0.45
-0.26
-0.116667
-0.26
-0.116667
-0.1
-0.116667
-0.04
0.383333
0
0.383333
-1.69
0.383333
0
0.383333
-1.69
0.483333
-0.25
0.5875
0
0.5875
0
0.5875
0
0.5875
0
0.5875
0
0.5875
0
0.5875
0
0.5875
0
0.5875
0
0
0
-1.15
0
0.4875
0
-0.1125
0
-0.1125
0
-0.45
0
-0.6
0
-0.2125
0
0.0875
0
-0.0375
-29.625
-0.2
-30.5
-0.0375
-30.025
0
-30.3
-0.0125
-30.3
-0.116667
-29.6667
0
-30.5
0
-30.9
0
-29.6
0
-30.1
0.5875
-30
0.5875
0
0.5875
0
0.5875
0
0.5875
0
0.5875
-30
0.5875
0
0.5875
-1.8
0.5875
0
0.5875
0
0.5875
0
0.5875
0
0.5875
0
0.6875
-0.1
0.6875
-0.1
0.6875
-0.1
0
0.1
-0.1
0.1
-0.45
0.1
-0.0125
0.1
0
0.1
0
0.1
-2.2
-0.3
-1.2125
-0.55
-1.7125
-0.55
-1.2125
-0.55
-0.0375
-0.875
-0.116667
-0.916667
-0.0375
-0.975
-0.0125
-1.2
-1.2125
-2.85
-0.2
-1.75
-0.4125
-1.6
-0.2
-1.85
-0.4
-1.4
-0.1125
-0.2
0.5875
-2.85
0.5875
-0.1
0.5875
0
0.5875
-0.05
0.5875
-0.1
0.5875
-1.1
0.5875
-0.05
0.5875
-0.05
0.5875
0
0.5875
0
0.5875
0
0.5875
0
0.5875
0
0.6875
-0.1
0
0.3
0
0.3
0
0.3
-0.1
0.3
-0.3125
0.3
-1.8
0.3
-0.1125
0.175
-0.1125
0.175
-0.2125
0.175
-0.1125
-0.05
-0.1125
-0.05
-0.2
-0.325
-0.0375
-0.25
-0.05
-0.8
-0.116667
-0.691667
-0.05
-1.125
-2.7
-2.025
-0.2
-0.8
-0.4125
-1.525
-0.2
-3.3
-0.6625
-0.775
-0.15
-0.2
0.4875
-0.225
0.4875
-0.1
0.4875
-0.225
0.4875
-0.1
0.4875
-0.1
0.4875
0
0.4875
-2.5
0.5875
-0.1
0.5875
0
0.5875
0
0.5875
0
0.5875
0
0.5875
0
0
0.483333
0
0.483333
0
0.483333
0
0.483333
-0.1
0.483333
-0.45
0.483333
-0.2125
0.383333
-0.1125
0.383333
-0.1125
0.383333
-0.2125
0.383333
-0.1125
0.383333
-0.2
-0.116667
-0.2
-0.116667
-0.0375
-0.0416667
-0.1125
-0.666667
-0.2
-0.916667
-0.2625
-0.3
-0.2
-1.06667
-0.2
-1.81667
-0.2625
-0.7
-0.2
-0.666667
-0.6
-0.15
-0.1125
-0.666667
0.15
-0.9
0.15
-0.1
0.4875
-2.51667
0.4875
-0.0166667
0.4875
-0.0166667
0.4875
-0.0166667
0.4875
-0.0166667
0.5875
-0.916667
0.5875
0
0.5875
0
0.5875
0
0.5875
0
0.5875
0
0
0.5875
0
0.5875
0
0.5875
0
0.5875
-0.1
0.5875
-0.45
0.5875
-0.2125
0.4875
-0.1125
0.4875
-0.1125
0.4875
-0.2125
0.4875
-0.1125
0.4875
-0.2
-0.0125
-0.2
-0.0125
-0.0375
0.0625
-0.1125
-0.6
-0.2
-0.8125
-0.2625
-0.0625
-0.2
-1.7125
-0.8125
-2.7
-0.4125
-0.9125
-0.2
-1.2125
-0.1125
-1.7125
-0.4125
-0.1125
-0.0125
-0.2
-0.0125
-0.2
0.4875
-0.6
0.4875
-0.1
0.4875
-0.1125
0.4875
-0.1125
0.4875
-0.05
0.5875
-0.3125
0.5875
0
0.5875
0
0.5875
0
0.5875
0
0.5875
0
0
0.65
0
0.65
0
0.65
0
0.65
-0.1
0.65
-0.45
0.65
-0.2125
0.55
-0.1125
0.55
-0.1125
0.55
-0.2125
0.55
-0.1125
0.55
-0.2
0.05
-0.2
0.05
-0.0375
0.125
-0.1125
-1.65
-0.2
-0.85
-0.2625
-0.24
-1.2125
-0.26
-0.8
-0.76
-0.4125
-0.96
-0.5125
-1.46
-0.5625
-1.4
-0.4125
-0.26
-0.0125
-0.26
-0.0125
-0.1
-0.0125
-0.04
0.4875
0
0.4875
-1.64
0.4875
0
0.4875
-1.69
0.5875
-0.25
0.65
0
0.65
0
0.65
0
0.65
0
0.65
0
0.65
0
0.65
0
0.65
0
0.65
0
0
0
-1.29
0
0.476667
0
-0.01
0
-0.01
0
-0.11
0
0.55
0
-0.01
0
0.476667
0
-0.206667
-29.6667
-0.135
-30.025
-0.1
-30.5
0
-30.3
-0.135
-30.025
-0.04
-34.3
0
-30.5
0
-30.9
0
-29.6
0
-30.1
0.65
-30
0.65
0
0.65
0
0.65
0
0.65
0
0.65
-30
0.65
0
0.65
-1.8
0.65
0
0.65
0
0.65
0
0.65
0
0.65
0
0.75
-0.1
0.75
-0.1
0.75
-0.1
0
0.1
-0.1
0.1
-0.56
0.1
-0.09
0.1
-0.01
0.1
-0.19
0.1
-0.75
-0.55
-0.96
-0.55
-0.75
-0.55
-0.85
-0.55
-0.206667
-0.916667
-0.04
-0.75
-0.11
-0.85
-0.24
-1
-0.035
-0.875
-0.09
-2.15
-0.04
-1.6
-0.135
-0.875
-0.36
-1.4
-0.11
-0.2
0.65
-2.85
0.65
-0.1
0.65
0
0.65
-0.05
0.65
-0.1
0.65
-1.1
0.65
-0.05
0.65
-0.05
0.65
0
0.65
0
0.65
0
0.65
0
0.65
0
0.75
-0.1
0.75
-0.1
0
0.3
0
0.3
-0.1
0.3
-0.56
0.3
-1.69
0.175
0
0.175
0
0.175
-1.64
0.175
0
-0.05
-0.1
-0.325
-0.04
-0.325
-0.206667
-0.291667
-0.04
-0.525
-0.206667
-0.691667
-0.24
-0.375
-0.26
-2.025
-0.106667
-0.391667
-0.04
-1.525
-0.05
-0.825
-0.4
-0.775
-0.14
-0.2
0.55
-0.225
0.55
-0.1
0.55
-0.225
0.55
-0.1
0.55
-0.1
0.55
0
0.55
-2.5
0.65
-0.1
0.65
0
0.65
0
0.65
0
0.65
0
0.65
0
0.75
-0.1
0
0.483333
0
0.483333
0
0.483333
-0.1
0.483333
-0.56
0.483333
-1.69
0.383333
0
0.383333
0
0.383333
-1.64
0.383333
-0.35
-0.116667
-0.1
-0.116667
-0.04
-0.116667
-0.206667
-0.0833333
-0.09
-0.666667
-0.24
-1.76667
-0.24
-0.3
-0.26
-1.35
-0.09
-3.16667
-0.24
-0.3
-0.5
-0.666667
-0.16
-0.116667
-0.09
-0.666667
0.19
-0.9
0.19
-0.1
0.55
-2.51667
0.55
-0.0166667
0.55
-0.0166667
0.55
-0.0166667
0.55
-0.0166667
0.65
-0.916667
0.65
0
0.65
0
0.65
0
0.65
0
0.65
0
0
0.5875
0
0.5875
0
0.5875
0
0.5875
-0.1
0.5875
-0.56
0.5875
-1.69
0.4875
0
0.4875
0
0.4875
-1.64
0.4875
-0.35
-0.0125
-0.1
-0.0125
-0.04
-0.0125
-0.206667
0.0208333
-0.09
-0.6
-0.24
-0.0625
-0.24
-0.2625
-0.24
-0.2625
-0.09
-1.2125
-2.66
-0.9125
-0.56
-1.2125
-0.09
-1.7125
-0.39
-0.1125
0.05
-0.2
0.05
-0.2
0.55
-0.6
0.55
-0.1
0.55
-0.1125
0.55
-0.1125
0.55
-0.05
0.65
-0.3125
0.65
0
0.65
0
0.65
0
0.65
0
0.65
0
0
0.65
0
0.65
0
0.65
0
0.65
-0.1
0.65
-0.56
0.65
-1.69
0.55
0
0.55
0
0.55
-1.64
0.55
-0.35
0.05
-0.1
0.05
-0.04
0.05
-0.206667
0.0833333
-0.09
-1.65
-0.6
-0.5
-0.24
-0.24
-0.24
-0.9
-0.75
-0.26
-0.1
-2.74
-0.85
-1.85
-0.5
-1.4
-0.39
-0.26
0.05
-0.26
0.05
-0.1
0.05
-0.04
0.55
0
0.55
-1.64
0.55
0
0.55
-1.69
0.65
-0.25
