-29.03
-30.035
-29.03
-30.035
-29.03
-30.035
-29.03
-30.035
-29.02
-30.035
-30.035
-29.02
-30.035
-29.03
-30.035
-29.03
-30.035
-29.03
-30.035
-29.03
-30.035
-29.03
-30.035
-29.44
-30.035
-29.44
-30.035
-29.44
-30.035
-29.44
-30.085
-30.2
-30.085
-30.2
-30.085
-30.2
-30.035
-30.075
-30.1
-30.055
-30.105
-30.225
-30.08
-30.25
-30.055
-30.055
-30.06
-30.06
-30.055
-30.055
-30.055
-30.055
-30.035
-30.085
-30.075
-30.035
-30.2
-30.085
-30.2
-30.085
-30.2
-30.085
-29.44
-30.035
-29.44
-30.035
-29.44
-30.035
-29.44
-30.035
-29.03
-30.035
-29.03
-0.005
-29.03
-0.005
-29.03
-0.005
-29.03
-0.005
-29.02
-0.005
-28.855
-0.125
-28.855
-0.125
-28.855
-0.125
-28.855
-0.125
-28.865
-0.125
-28.865
-0.125
-29.06
-0.18
-29.4017
-0.331667
-29.4017
-0.331667
-30.085
-0.925
-30.085
-0.925
-30.085
-0.925
-30.085
-0.925
-30.035
-0.845
-30.035
-1.425
-30.035
-1.305
-30.06
-1.355
-30.035
-0.845
-30.06
-1.32
-30.035
-0.845
-30.035
-1.38
-30.055
-0.84
-30.035
-1.38
-29.03
-0.055
-29.03
-0.055
-29.03
-0.055
-29.03
-0.055
-29.03
-0.055
-29.03
-0.055
-29.03
-0.055
-29.03
-0.055
-29.03
-0.005
-29.03
-0.005
-29.03
-0.005
-29.03
-0.005
-29.02
-0.005
-28.855
-0.125
-28.855
-0.125
-28.855
-0.125
-29.0517
-0.0616667
-30.035
0.42
-30.035
0.42
-30.035
0.01
-30.035
0.01
-30.035
0.01
-30.085
-0.525
-30.085
-0.525
-30.085
-0.525
-30.085
-0.525
-30.035
-0.445
-30.035
-0.72
-30.035
-0.445
-30.055
-0.425
-30.035
-0.445
-30.035
-0.46
-30.035
-0.485
-30.035
-0.52
-30.055
-0.425
-30.035
-0.72
-29.44
-0.105
-29.44
-0.105
-29.44
-0.105
-29.44
-0.105
-29.03
-0.005
-29.03
-0.005
-29.03
-0.005
-29.03
-0.005
-29.03
-0.005
-29.03
-0.005
-29.03
-0.005
-29.03
-0.005
-29.02
-0.005
-28.855
-0.125
-28.855
-0.125
-30.035
0.628333
-30.035
0.628333
-30.035
0.628333
-30.035
0.628333
-30.035
0.218333
-30.035
0.218333
-30.035
0.218333
-30.085
-0.391667
-30.085
-0.391667
-30.085
-0.391667
-30.085
-0.391667
-30.035
-0.311667
-30.035
-0.591667
-30.035
-0.471667
-30.055
-0.366667
-30.085
-0.311667
-30.06
-0.486667
-30.035
-0.546667
-30.035
-0.511667
-30.055
-0.291667
-30.035
-0.471667
-29.44
-0.0716667
-29.44
-0.0716667
-29.44
-0.0716667
-29.44
-0.0716667
-29.44
-0.0716667
-29.44
-0.0716667
-29.44
-0.0716667
-29.03
-0.005
-29.03
-0.005
-29.03
-0.005
-29.03
-0.005
-29.03
-0.005
-29.02
-0.005
-28.855
-0.125
-30.035
0.7325
-30.035
0.7325
-30.035
0.7325
-30.035
0.7325
-30.035
0.7325
-30.035
0.3225
-30.035
0.3225
-30.035
0.3225
-30.035
0.3225
-30.085
-0.325
-30.085
-0.325
-30.085
-0.325
-30.035
-0.245
-30.08
-0.3825
-30.055
-0.265
-30.055
-0.265
-30.2
-0.3675
-30.035
-0.3825
-30.055
-0.225
-30.035
-0.3675
-30.055
-0.265
-30.075
-0.005
-29.44
-0.055
-29.44
-0.005
-29.44
-0.0175
-29.44
-0.005
-29.44
-0.005
-29.44
-0.0175
-29.44
-0.005
-29.03
-0.005
-29.03
-0.005
-29.03
-0.005
-29.03
-0.005
-29.03
-0.005
-29.02
-0.005
-28.855
-0.125
-30.035
0.795
-30.035
0.795
-30.035
0.795
-30.035
0.795
-30.035
0.795
-30.035
0.385
-30.035
0.385
-30.035
0.385
-30.035
0.385
-30.085
-0.285
-30.085
-0.285
-30.085
-0.285
-30.035
-0.205
-30.035
-0.32
-30.055
-0.185
-30.055
-0.185
-30.055
-0.185
-30.06
-0.4
-30.325
-0.24
-30.035
-0.345
-30.055
-0.305
-30.075
-0.005
-29.44
-0.005
-29.44
-0.015
-29.44
-0.005
-29.44
-0.005
-29.44
-0.005
-29.44
-0.015
-29.44
-0.005
-29.44
-0.005
-0.125
-28.865
-0.125
-28.855
-0.125
-28.855
-0.125
-28.855
-0.125
-28.855
-0.005
-29.02
-0.005
-29.03
-0.005
-29.03
-0.005
-29.03
-0.005
-29.03
-0.055
-29.03
-0.055
-29.03
-0.055
-29.03
-0.055
-29.03
-0.055
-29.03
-0.055
-29.03
-0.055
-29.03
-0.055
-29.03
-1.38
-30.035
-0.845
-30.035
-0.825
-30.055
-0.845
-30.035
-0.845
-30.2
-0.845
-30.035
-0.845
-30.035
-0.845
-30.035
-0.805
-30.085
-0.845
-30.035
-0.925
-30.085
-0.925
-30.085
-0.925
-30.085
-0.925
-30.085
-0.331667
-29.4017
-0.331667
-29.4017
-0.18
-29.06
-0.125
-28.865
0.165
-0.005
0.165
-0.005
0.165
-0.005
0.165
-0.005
0.165
-0.005
-0.005
0.165
-0.005
0.165
-0.005
0.165
-0.005
0.165
-0.005
0.165
-0.005
0.165
-0.055
0.0716667
-0.055
0.0716667
-0.055
0.0716667
-0.055
0.0716667
-0.055
0.0716667
-0.055
0.0716667
-0.055
0.0716667
-1.38
-0.205
-0.845
-0.885
-1.38
-1.255
-0.84
-0.865
-0.805
-1.38
-0.805
-1.38
-1.27
-1.38
-0.875
-0.875
-0.805
-1.38
-0.205
-1.38
0.0716667
-0.055
0.0716667
-0.055
0.0716667
-0.055
0.0716667
-0.055
0.0716667
-0.055
0.0716667
-0.055
0.0716667
-0.055
0.165
-0.005
0.0716667
-0.005
-0.125
0.575
-0.125
0.575
-0.125
0.575
-0.125
0.575
-0.005
0.455
-0.005
0.455
-0.005
0.455
-0.005
0.455
-0.005
0.455
-0.055
0.42
-0.055
0.42
-0.055
0.42
-0.055
0.42
-0.055
0.42
-0.055
0.42
-0.055
0.42
-0.055
0.42
-1.38
-0.105
-0.845
-0.27
-0.845
-0.705
-0.89
-0.25
-1.4
-0.73
-1.4
-0.73
-1.28
-0.775
-0.82
-0.8
-1.255
-0.695
-0.455
-0.72
-0.59
-0.155
-0.331667
0.00333333
-0.205
-0.005
-0.205
-0.005
-0.205
-0.005
-0.205
-0.005
0.0716667
-0.005
0.0716667
-0.005
-0.125
0.708333
-0.125
0.758333
-0.125
0.758333
-0.125
0.758333
-0.125
0.758333
-0.005
0.638333
-0.005
0.628333
-0.005
0.628333
-0.005
0.628333
-0.005
0.628333
-0.055
0.628333
-0.055
0.628333
-0.055
0.628333
-0.055
0.628333
-0.055
0.628333
-0.055
0.628333
-0.055
0.628333
-0.055
0.628333
-1.38
-0.0716667
-0.845
-0.195
-0.845
-0.496667
-1.4
-0.566667
-1.38
-0.195
-1.4
-0.486667
-0.805
-0.546667
-1.255
-0.486667
-0.845
-0.461667
-0.805
-0.471667
-0.615
-0.0716667
-0.615
-0.0716667
-0.615
-0.155
-0.331667
0.211667
-0.331667
0.211667
-0.331667
0.211667
-0.18
0.553333
-0.125
0.708333
-0.125
0.775
-0.125
0.8625
-0.125
0.8625
-0.125
0.8625
-0.125
0.8625
-0.005
0.7425
-0.005
0.7325
-0.005
0.7325
-0.005
0.7325
-0.005
0.7325
-0.055
0.7325
-0.055
0.7325
-0.055
0.7325
-0.055
0.7325
-0.055
0.7325
-0.055
0.7325
-0.055
0.7325
-0.055
0.7325
-1.38
-0.055
-0.845
-0.245
-0.845
-0.3175
-0.84
-0.3
-1.38
-0.3925
-1.4
-0.3825
-0.805
-0.3675
-0.825
-0.345
-0.805
-0.3675
-0.845
-0.005
-0.965
-0.055
-0.615
-0.005
-0.615
-0.005
-0.615
-0.005
-0.331667
0.315833
-0.331667
0.315833
-0.18
0.6575
-0.125
0.775
-0.125
0.915
-0.125
0.925
-0.125
0.925
-0.125
0.925
-0.125
0.925
-0.005
0.805
-0.005
0.795
-0.005
0.795
-0.005
0.795
-0.005
0.795
-0.055
0.795
-0.055
0.795
-0.055
0.795
-0.055
0.795
-0.055
0.795
-0.055
0.795
-0.055
0.795
-0.055
0.795
-1.38
-0.045
-0.845
-0.135
-0.845
-0.27
-0.92
-0.255
-1.38
-0.165
-1.4
-0.355
-0.805
-0.305
-0.805
-0.345
-0.805
-0.345
-0.845
-0.005
-0.945
-0.185
-0.945
-0.185
-0.615
-0.005
-0.615
-0.005
-0.331667
0.378333
-0.331667
0.378333
-0.18
0.72
-0.125
0.815
0.42
-30.035
-0.0616667
-29.0517
-0.125
-28.855
-0.125
-28.855
-0.125
-28.855
-0.005
-29.02
-0.005
-29.03
-0.005
-29.03
-0.005
-29.03
-0.005
-29.03
-0.005
-29.03
-0.005
-29.03
-0.005
-29.03
-0.005
-29.03
-0.105
-29.44
-0.105
-29.44
-0.105
-29.44
-0.105
-29.44
-0.72
-30.035
-0.445
-30.035
-0.425
-30.055
-0.445
-30.035
-0.445
-30.2
-0.445
-30.035
-0.445
-30.035
-0.445
-30.035
-0.405
-30.085
-0.445
-30.035
-0.525
-30.085
-0.525
-30.085
-0.525
-30.085
-0.525
-30.085
0.01
-30.035
0.01
-30.035
0.01
-30.035
0.42
-30.035
0.455
-0.005
0.455
-0.005
0.455
-0.005
0.455
-0.005
0.455
-0.005
0.575
-0.125
0.575
-0.125
0.575
-0.125
0.575
-0.125
-0.005
0.0716667
-0.005
0.0716667
-0.005
0.0716667
-0.005
-0.205
-0.005
-0.205
-0.005
-0.205
-0.005
-0.205
0.00333333
-0.331667
-0.155
-0.59
-0.72
-0.455
-0.755
-0.575
-0.775
-1.4
-0.755
-0.88
-0.645
-1.38
-0.775
-1.32
-0.655
-1.4
-0.23
-0.845
-0.695
-1.4
-0.105
-1.38
0.42
-0.055
0.42
-0.055
0.42
-0.055
0.42
-0.055
0.42
-0.055
0.42
-0.055
0.42
-0.055
0.42
-0.055
0.42
-0.005
0.42
-0.005
0.42
-0.005
0.42
-0.005
0.455
-0.005
-0.005
0.455
-0.005
0.42
-0.005
0.42
-0.005
0.42
-0.005
0.42
-0.005
0.42
-0.005
0.42
-0.005
0.195
-0.005
0.195
-0.005
0.195
-0.105
0.01
-0.105
0.01
-0.105
0.01
-0.72
-0.23
-0.755
-0.525
-0.8
-0.705
-0.73
-0.73
-0.655
-0.73
-0.755
-0.705
-0.775
-0.775
-0.42
-0.8
-0.655
-0.73
-0.23
-0.72
0.01
-0.105
0.01
-0.105
0.01
-0.105
0.195
-0.005
0.195
-0.005
0.195
-0.005
0.42
-0.005
0.42
-0.005
0.42
-0.005
0.42
-0.005
0.42
-0.005
0.42
-0.005
-0.125
0.758333
-0.005
0.638333
-0.005
0.628333
-0.005
0.628333
-0.005
0.628333
-0.005
0.628333
-0.005
0.628333
-0.005
0.628333
-0.005
0.628333
-0.005
0.628333
-0.105
0.218333
-0.105
0.218333
-0.105
0.218333
-0.105
0.218333
-0.72
-0.155
-0.755
-0.23
-0.775
-0.486667
-0.73
-0.566667
-0.73
-0.566667
-0.695
-0.566667
-0.755
-0.461667
-0.405
-0.486667
-0.445
-0.546667
-0.405
-0.471667
0.01
-0.0716667
0.01
-0.0716667
0.01
-0.155
0.01
-0.155
0.01
-0.0716667
0.01
-0.0716667
0.01
-0.0716667
0.42
-0.005
0.42
-0.005
0.42
-0.005
0.42
-0.005
-0.125
0.8625
-0.125
0.8625
-0.005
0.7425
-0.005
0.7325
-0.005
0.7325
-0.005
0.7325
-0.005
0.7325
-0.005
0.7325
-0.005
0.7325
-0.005
0.7325
-0.005
0.7325
-0.105
0.3225
-0.105
0.3225
-0.105
0.3225
-0.105
0.3225
-0.72
-0.1175
-0.73
-0.3575
-0.8
-0.3175
-0.73
-0.3825
-0.72
-0.205
-0.445
-0.3925
-0.755
-0.245
-0.8
-0.3575
-0.44
-0.345
-0.445
-0.005
0.01
-0.005
0.01
-0.005
0.01
-0.005
0.01
-0.005
0.01
-0.0175
0.01
-0.0175
0.01
-0.0175
0.42
-0.005
0.42
-0.005
0.42
-0.005
0.42
-0.005
-0.125
0.925
-0.125
0.925
-0.005
0.805
-0.005
0.795
-0.005
0.795
-0.005
0.795
-0.005
0.795
-0.005
0.795
-0.005
0.795
-0.005
0.795
-0.005
0.795
-0.105
0.385
-0.105
0.385
-0.105
0.385
-0.105
0.385
-0.72
-0.095
-0.73
-0.355
-0.775
-0.355
-0.73
-0.4
-0.73
-0.355
-0.73
-0.355
-0.755
-0.215
-0.775
-0.4
-0.68
-0.295
-0.445
-0.005
-0.545
-0.185
0.01
-0.005
0.01
-0.005
0.01
-0.005
0.01
-0.015
0.01
-0.005
0.01
-0.005
0.01
-0.005
0.628333
-30.035
0.628333
-30.035
0.628333
-30.035
-0.125
-28.855
-0.125
-28.855
-0.005
-29.02
-0.005
-29.03
-0.005
-29.03
-0.005
-29.03
-0.005
-29.03
-0.005
-29.03
-0.0716667
-29.44
-0.0716667
-29.44
-0.0716667
-29.44
-0.0716667
-29.44
-0.0716667
-29.44
-0.0716667
-29.44
-0.0716667
-29.44
-0.0783333
-29.4017
-0.311667
-30.035
-0.291667
-30.055
-0.291667
-30.055
-0.311667
-30.2
-0.291667
-30.055
-0.291667
-30.055
-0.291667
-30.055
-0.271667
-30.085
-0.311667
-30.035
-0.391667
-30.085
-0.391667
-30.085
-0.391667
-30.085
-0.391667
-30.085
0.218333
-30.035
0.218333
-30.035
0.218333
-30.035
0.628333
-30.035
0.628333
-0.005
0.628333
-0.005
0.628333
-0.005
0.628333
-0.005
0.638333
-0.005
0.758333
-0.125
0.758333
-0.125
0.758333
-0.125
0.758333
-0.125
0.708333
-0.125
0.708333
-0.125
0.553333
-0.18
0.211667
-0.331667
0.211667
-0.331667
0.211667
-0.331667
-0.0716667
-0.615
-0.0716667
-0.615
-0.0716667
-0.615
-0.0783333
-0.621667
-0.546667
-0.82
-0.421667
-1.38
-0.591667
-0.805
-0.461667
-1.38
-0.546667
-0.82
-0.0716667
-1.38
-0.155
-1.38
-0.155
-1.38
-0.0716667
-1.38
0.628333
-0.055
0.628333
-0.055
0.628333
-0.055
0.628333
-0.055
0.628333
-0.055
0.628333
-0.055
0.628333
-0.055
0.628333
-0.055
0.628333
-0.005
0.628333
-0.005
0.628333
-0.005
0.628333
-0.005
0.638333
-0.005
0.758333
-0.125
-0.005
0.42
-0.005
0.42
-0.005
0.42
-0.005
0.42
-0.005
0.42
-0.0716667
0.01
-0.0716667
0.01
-0.0716667
0.01
-0.155
0.01
-0.0716667
0.01
-0.0716667
0.01
-0.0716667
0.01
-0.0783333
0.00333333
-0.496667
-0.565
-0.446667
-0.73
-0.591667
-0.75
-0.591667
-0.75
-0.546667
-0.705
-0.461667
-0.73
-0.486667
-0.75
-0.461667
-0.775
-0.155
-0.72
0.218333
-0.105
0.218333
-0.105
0.218333
-0.105
0.218333
-0.105
0.628333
-0.005
0.628333
-0.005
0.628333
-0.005
0.628333
-0.005
0.628333
-0.005
0.628333
-0.005
0.628333
-0.005
0.628333
-0.005
0.638333
-0.005
-0.005
0.638333
-0.005
0.628333
-0.005
0.628333
-0.005
0.628333
-0.005
0.628333
-0.005
0.628333
-0.0716667
0.218333
-0.0716667
0.218333
-0.0716667
0.218333
-0.155
0.218333
-0.0716667
0.218333
-0.0716667
0.218333
-0.0716667
0.218333
-0.0783333
0.211667
-0.566667
-0.521667
-0.421667
-0.431667
-0.591667
-0.346667
-0.486667
-0.521667
-0.566667
-0.566667
-0.566667
-0.566667
-0.311667
-0.421667
-0.311667
-0.546667
-0.271667
-0.471667
0.218333
-0.0716667
0.218333
-0.0716667
0.218333
-0.155
0.218333
-0.155
0.218333
-0.0716667
0.218333
-0.0716667
0.218333
-0.0716667
0.628333
-0.005
0.628333
-0.005
0.628333
-0.005
0.628333
-0.005
0.628333
-0.005
0.638333
-0.005
-0.005
0.7425
-0.005
0.7325
-0.005
0.7325
-0.005
0.7325
-0.005
0.7325
-0.005
0.7325
-0.0716667
0.3225
-0.0716667
0.3225
-0.0716667
0.3225
-0.155
0.3225
-0.0716667
0.3225
-0.0716667
0.3225
-0.0716667
0.3225
-0.0783333
0.315833
-0.566667
-0.4175
-0.461667
-0.4625
-0.486667
-0.3925
-0.591667
-0.205
-0.546667
-0.3575
-0.546667
-0.4375
-0.471667
-0.3575
-0.306667
-0.345
-0.311667
-0.005
0.218333
-0.005
0.218333
-0.005
0.218333
-0.005
0.218333
-0.005
0.218333
-0.0175
0.218333
-0.0175
0.218333
-0.0175
0.628333
-0.005
0.628333
-0.005
0.628333
-0.005
0.628333
-0.005
0.628333
-0.005
-0.125
0.925
-0.005
0.805
-0.005
0.795
-0.005
0.795
-0.005
0.795
-0.005
0.795
-0.005
0.795
-0.0716667
0.385
-0.0716667
0.385
-0.0716667
0.385
-0.155
0.385
-0.0716667
0.385
-0.0716667
0.385
-0.0716667
0.385
-0.0783333
0.378333
-0.566667
-0.295
-0.461667
-0.355
-0.486667
-0.375
-0.591667
-0.27
-0.546667
-0.375
-0.546667
-0.375
-0.471667
-0.375
-0.461667
-0.295
-0.311667
-0.005
-0.411667
-0.185
0.218333
-0.005
0.218333
-0.005
0.218333
-0.005
0.218333
-0.005
0.218333
-0.005
0.218333
-0.005
0.218333
-0.005
0.7325
-30.035
0.7325
-30.035
0.7325
-30.035
0.7325
-30.035
-0.125
-28.855
-0.005
-29.02
-0.005
-29.03
-0.005
-29.03
-0.005
-29.03
-0.005
-29.03
-0.005
-29.03
-0.005
-29.44
-0.0175
-29.44
-0.005
-29.44
-0.005
-29.44
-0.0175
-29.44
-0.005
-29.44
-0.005
-29.44
-0.005
-30.075
-0.225
-30.1
-0.225
-30.055
-0.225
-30.055
-0.225
-30.295
-0.225
-30.055
-0.225
-30.055
-0.225
-30.055
-0.205
-30.085
-0.245
-30.035
-0.325
-30.085
-0.325
-30.085
-0.325
-30.085
0.3225
-30.035
0.3225
-30.035
0.3225
-30.035
0.3225
-30.035
0.7325
-30.035
0.7325
-0.005
0.7325
-0.005
0.7325
-0.005
0.7325
-0.005
0.7425
-0.005
0.8625
-0.125
0.8625
-0.125
0.8625
-0.125
0.8625
-0.125
0.775
-0.125
0.775
-0.125
0.6575
-0.18
0.315833
-0.331667
0.315833
-0.331667
-0.005
-0.615
-0.005
-0.615
-0.005
-0.615
-0.1175
-0.965
-0.005
-0.845
-0.3825
-0.82
-0.3575
-1.4
-0.24
-0.825
-0.3175
-1.38
-0.055
-1.32
-0.3575
-1.4
-0.1175
-1.38
-0.07
-1.38
-0.055
-1.38
0.7325
-0.055
0.7325
-0.055
0.7325
-0.055
0.7325
-0.055
0.7325
-0.055
0.7325
-0.055
0.7325
-0.055
0.7325
-0.055
0.7325
-0.005
0.7325
-0.005
0.7325
-0.005
0.7325
-0.005
0.7425
-0.005
0.8625
-0.125
0.8625
-0.125
-0.005
0.42
-0.005
0.42
-0.005
0.42
-0.005
0.42
-0.0175
0.01
-0.0175
0.01
-0.0175
0.01
-0.005
0.01
-0.005
0.01
-0.005
0.01
-0.005
0.01
-0.005
-0.445
-0.3175
-0.485
-0.3575
-0.775
-0.22
-0.755
-0.3575
-0.73
-0.3175
-0.8
-0.3425
-0.73
-0.325
-0.8
-0.3575
-0.73
-0.1175
-0.72
0.3225
-0.105
0.3225
-0.105
0.3225
-0.105
0.3225
-0.105
0.7325
-0.005
0.7325
-0.005
0.7325
-0.005
0.7325
-0.005
0.7325
-0.005
0.7325
-0.005
0.7325
-0.005
0.7325
-0.005
0.7425
-0.005
-0.005
0.638333
-0.005
0.628333
-0.005
0.628333
-0.005
0.628333
-0.005
0.628333
-0.005
0.628333
-0.0175
0.218333
-0.0175
0.218333
-0.0175
0.218333
-0.005
0.218333
-0.005
0.218333
-0.005
0.218333
-0.005
0.218333
-0.005
-0.311667
-0.3825
-0.521667
-0.3575
-0.591667
-0.3425
-0.566667
-0.3575
-0.521667
-0.3575
-0.566667
-0.205
-0.546667
-0.205
-0.486667
-0.205
-0.546667
-0.205
-0.471667
0.3225
-0.0716667
0.3225
-0.0716667
0.3225
-0.155
0.3225
-0.155
0.3225
-0.0716667
0.3225
-0.0716667
0.3225
-0.0716667
0.7325
-0.005
0.7325
-0.005
0.7325
-0.005
0.7325
-0.005
0.7325
-0.005
0.7425
-0.005
-0.005
0.7425
-0.005
0.7325
-0.005
0.7325
-0.005
0.7325
-0.005
0.7325
-0.005
0.7325
-0.0175
0.3225
-0.0175
0.3225
-0.0175
0.3225
-0.005
0.3225
-0.005
0.3225
-0.005
0.3225
-0.005
0.3225
-0.005
-0.245
-0.3825
-0.4625
-0.3575
-0.3575
-0.3825
-0.22
-0.3675
-0.245
-0.22
-0.3825
-0.3425
-0.3825
-0.205
-0.3675
-0.3575
-0.4625
-0.245
-0.005
0.3225
-0.005
0.3225
-0.005
0.3225
-0.005
0.3225
-0.005
0.3225
-0.0175
0.3225
-0.0175
0.3225
-0.0175
0.7325
-0.005
0.7325
-0.005
0.7325
-0.005
0.7325
-0.005
0.7325
-0.005
0.7425
-0.005
-0.005
0.805
-0.005
0.795
-0.005
0.795
-0.005
0.795
-0.005
0.795
-0.005
0.795
-0.0175
0.385
-0.0175
0.385
-0.0175
0.385
-0.005
0.385
-0.005
0.385
-0.005
0.385
-0.005
0.385
-0.005
-0.205
-0.4075
-0.24
-0.3575
-0.295
-0.245
-0.38
-0.3575
-0.355
-0.3425
-0.355
-0.225
-0.185
-0.205
-0.345
-0.245
-0.345
-0.245
-0.005
-0.345
-0.185
0.3225
-0.005
0.3225
-0.005
0.3225
-0.005
0.3225
-0.015
0.3225
-0.005
0.3225
-0.005
0.3225
-0.005
0.795
-30.035
0.795
-30.035
0.795
-30.035
0.795
-30.035
-0.125
-28.855
-0.005
-29.02
-0.005
-29.03
-0.005
-29.03
-0.005
-29.03
-0.005
-29.03
-0.005
-29.44
-0.005
-29.44
-0.005
-29.44
-0.005
-29.44
-0.005
-29.44
-0.005
-29.44
-0.005
-29.44
-0.005
-29.44
-0.005
-30.075
-0.185
-30.1
-0.185
-30.055
-0.185
-30.055
-0.185
-30.295
-0.185
-30.055
-0.185
-30.055
-0.185
-30.055
-0.165
-30.085
-0.205
-30.035
-0.285
-30.085
-0.285
-30.085
-0.285
-30.085
0.385
-30.035
0.385
-30.035
0.385
-30.035
0.385
-30.035
0.795
-30.035
0.795
-0.005
0.795
-0.005
0.795
-0.005
0.795
-0.005
0.805
-0.005
0.925
-0.125
0.925
-0.125
0.925
-0.125
0.925
-0.125
0.815
-0.125
0.815
-0.125
0.72
-0.18
0.378333
-0.331667
0.378333
-0.331667
-0.005
-0.615
-0.005
-0.615
-0.185
-0.945
-0.185
-0.945
-0.005
-0.845
-0.345
-0.82
-0.18
-1.38
-0.095
-0.845
-0.045
-1.38
-0.095
-1.32
-0.295
-1.4
-0.165
-1.38
-0.295
-1.4
-0.045
-1.38
0.795
-0.055
0.795
-0.055
0.795
-0.055
0.795
-0.055
0.795
-0.055
0.795
-0.055
0.795
-0.055
0.795
-0.055
0.795
-0.005
0.795
-0.005
0.795
-0.005
0.795
-0.005
0.805
-0.005
0.925
-0.125
0.925
-0.125
-0.005
0.42
-0.005
0.42
-0.005
0.42
-0.005
0.01
-0.005
0.01
-0.005
0.01
-0.005
0.01
-0.005
0.01
-0.005
0.01
-0.005
0.01
-0.185
-0.545
-0.005
-0.445
-0.27
-0.755
-0.4
-0.73
-0.095
-0.755
-0.18
-0.8
-0.095
-0.8
-0.28
-0.73
-0.095
-0.72
-0.32
-0.73
-0.095
-0.72
0.385
-0.105
0.385
-0.105
0.385
-0.105
0.385
-0.105
0.795
-0.005
0.795
-0.005
0.795
-0.005
0.795
-0.005
0.795
-0.005
0.795
-0.005
0.795
-0.005
0.795
-0.005
0.805
-0.005
0.925
-0.125
-0.005
0.628333
-0.005
0.628333
-0.005
0.628333
-0.005
0.628333
-0.005
0.218333
-0.005
0.218333
-0.005
0.218333
-0.005
0.218333
-0.005
0.218333
-0.005
0.218333
-0.005
0.218333
-0.185
-0.411667
-0.005
-0.311667
-0.345
-0.286667
-0.4
-0.566667
-0.4
-0.566667
-0.355
-0.566667
-0.295
-0.566667
-0.165
-0.546667
-0.165
-0.486667
-0.205
-0.546667
-0.165
-0.471667
0.385
-0.0716667
0.385
-0.0716667
0.385
-0.155
0.385
-0.155
0.385
-0.155
0.385
-0.0716667
0.385
-0.0716667
0.795
-0.005
0.795
-0.005
0.795
-0.005
0.795
-0.005
0.795
-0.005
0.805
-0.005
-0.005
0.7425
-0.005
0.7325
-0.005
0.7325
-0.005
0.7325
-0.005
0.7325
-0.005
0.3225
-0.005
0.3225
-0.005
0.3225
-0.005
0.3225
-0.005
0.3225
-0.005
0.3225
-0.005
0.3225
-0.185
-0.345
-0.005
-0.245
-0.345
-0.22
-0.345
-0.205
-0.18
-0.3825
-0.28
-0.3825
-0.32
-0.3825
-0.32
-0.3825
-0.2
-0.345
-0.165
-0.3675
-0.205
-0.005
0.385
-0.005
0.385
-0.005
0.385
-0.005
0.385
-0.005
0.385
-0.005
0.385
-0.0175
0.385
-0.0175
0.795
-0.005
0.795
-0.005
0.795
-0.005
0.795
-0.005
0.795
-0.005
0.805
-0.005
-0.005
0.805
-0.005
0.795
-0.005
0.795
-0.005
0.795
-0.005
0.795
-0.005
0.385
-0.005
0.385
-0.005
0.385
-0.005
0.385
-0.005
0.385
-0.005
0.385
-0.005
0.385
-0.185
-0.305
-0.005
-0.205
-0.295
-0.295
-0.345
-0.205
-0.18
-0.38
-0.28
-0.355
-0.165
-0.425
-0.185
-0.185
-0.205
-0.345
-0.165
-0.345
-0.205
-0.005
-0.305
-0.185
0.385
-0.005
0.385
-0.005
0.385
-0.005
0.385
-0.005
0.385
-0.005
0.385
-0.005
0.385
-0.005
