-5.17085	-6.13489	-6.91216	-7.47916	-7.81892	-7.81892	-7.47916	-6.91216	-6.13489	-5.17085	-4.03604	-2.7786	-1.43673	-0.0512062	1.34138	2.70718	4.01015	5.20145	6.23471	7.22264	7.99111	8.51678	8.78366	8.78366	8.51678	7.99111	7.22264	6.23471	5.20145	4.01015	2.70718	1.34138	-0.0512062	-1.43673	-2.7786	-4.03604	
-5.16885	-5.08999	-4.85647	-4.4754	-3.95834	-3.23259	-2.34698	-1.39005	-0.376955	0.675318	1.70707	2.68696	3.59099	4.38745	5.07185	5.6295	6.0161	6.2199	6.23471	6.17971	5.93694	5.51378	4.92308	4.1828	3.31543	2.34732	1.30788	0.228713	-0.67267	-1.55361	-2.38735	-3.14855	-3.81408	-4.36373	-4.78078	-5.05257	
-5.16885	-5.08999	-4.85647	-4.4754	-3.95834	-3.23259	-2.34698	-1.36327	-0.319836	0.733318	1.77433	2.76559	3.67282	4.46846	5.13383	5.6695	6.04346	6.23379	6.23471	6.17971	5.93694	5.51378	4.92308	4.1828	3.31543	2.34732	1.30788	0.228713	-0.686909	-1.58166	-2.42835	-3.19758	-3.85522	-4.39573	-4.80267	-5.06369	
-5.16885	-5.08999	-4.85647	-4.4754	-3.95834	-3.23259	-2.33353	-1.32882	-0.28349	0.77082	1.81536	2.80474	3.70891	4.50037	5.16061	5.68283	6.05258	6.23842	6.23471	6.17971	5.93694	5.51378	4.92308	4.1828	3.31543	2.34732	1.30788	0.228713	-0.686909	-1.58166	-2.42835	-3.20126	-3.87236	-4.40906	-4.81179	-5.06832	
-5.16885	-5.08999	-4.85647	-4.4754	-3.95834	-3.23259	-2.31549	-1.30924	-0.262974	0.791653	1.83588	2.82432	3.72695	4.51633	5.174	5.6895	6.05714	6.24074	6.23471	6.17971	5.93694	5.51378	4.92308	4.1828	3.31543	2.34732	1.30788	0.228713	-0.700204	-1.59435	-2.44004	-3.2116	-3.88093	-4.41573	-4.81635	-5.07063	
-5.16885	-5.08999	-4.85647	-4.4754	-3.95834	-3.23259	-2.30466	-1.29749	-0.250664	0.804153	1.84819	2.83607	3.73777	4.52591	5.18204	5.69468	6.05987	6.24213	6.23471	6.17971	5.93694	5.51378	4.92308	4.1828	3.31543	2.34732	1.30788	0.228713	-0.712514	-1.60609	-2.45087	-3.22118	-3.88608	-4.41973	-4.81909	-5.07202	
0.675318	-0.376955	-1.39005	-2.34698	-3.23259	-3.95834	-4.4754	-4.85647	-5.08999	-5.16885	-5.05257	-4.78078	-4.36373	-3.81408	-3.14855	-2.38735	-1.55361	-0.67267	0.228713	1.30788	2.34732	3.31543	4.1828	4.92308	5.51378	5.93694	6.17971	6.23471	6.2199	6.0161	5.6295	5.07185	4.38745	3.59099	2.68696	1.70707	
0.678153	0.668182	0.637908	0.588252	0.520722	0.520722	0.588252	0.637908	0.668182	0.678153	0.700736	0.702027	0.685488	0.65221	0.599114	0.527814	0.440477	0.339757	0.228713	0.264954	0.293144	0.312428	0.322218	0.322218	0.312428	0.293144	0.264954	0.228713	0.339757	0.440477	0.527814	0.599114	0.65221	0.685488	0.702027	0.700736	
0.678153	0.668182	0.637908	0.596022	0.550855	0.565152	0.638481	0.69241	0.7253	0.736153	0.757855	0.763404	0.745821	0.705577	0.643895	0.562648	0.464305	0.351854	0.228713	0.264954	0.293144	0.312428	0.322218	0.322218	0.312428	0.293144	0.264954	0.228713	0.317298	0.398309	0.476765	0.545491	0.607214	0.650488	0.675805	0.687423	
0.678153	0.668182	0.637908	0.614356	0.574424	0.593241	0.670236	0.726866	0.76141	0.77282	0.798825	0.802558	0.781906	0.737496	0.670678	0.583481	0.478556	0.35909	0.228713	0.264954	0.293144	0.312428	0.322218	0.322218	0.312428	0.293144	0.264954	0.228713	0.315909	0.393507	0.459148	0.513572	0.580432	0.629655	0.663949	0.681403	
0.678153	0.668182	0.642746	0.624772	0.587815	0.6092	0.688278	0.746442	0.781927	0.793653	0.819342	0.822135	0.799948	0.753455	0.684069	0.593898	0.485681	0.362707	0.228713	0.264954	0.293144	0.312428	0.322218	0.322218	0.312428	0.293144	0.264954	0.228713	0.305143	0.380821	0.447456	0.500496	0.56704	0.619238	0.656823	0.677785	
0.678153	0.668182	0.647022	0.631022	0.59585	0.618776	0.699103	0.758189	0.794237	0.806153	0.831652	0.833881	0.810773	0.763031	0.692104	0.600148	0.489956	0.364878	0.228713	0.264954	0.293144	0.312428	0.322218	0.322218	0.312428	0.293144	0.264954	0.228713	0.305143	0.372301	0.436631	0.490921	0.559005	0.612988	0.652548	0.675615	
0.733318	-0.319836	-1.36327	-2.34698	-3.23259	-3.95834	-4.4754	-4.85647	-5.08999	-5.16885	-5.06369	-4.80267	-4.39573	-3.85522	-3.19758	-2.42835	-1.58166	-0.686909	0.228713	1.30788	2.34732	3.31543	4.1828	4.92308	5.51378	5.93694	6.17971	6.23471	6.23379	6.04346	5.6695	5.13383	4.46846	3.67282	2.76559	1.77433	
0.736153	0.7253	0.69241	0.638481	0.565152	0.550855	0.596022	0.637908	0.668182	0.678153	0.687423	0.675805	0.650488	0.607214	0.545491	0.476765	0.398309	0.317298	0.228713	0.264954	0.293144	0.312428	0.322218	0.322218	0.312428	0.293144	0.264954	0.228713	0.351854	0.464305	0.562648	0.643895	0.705577	0.745821	0.763404	0.757855	
0.736153	0.7253	0.69241	0.638481	0.565152	0.565152	0.638481	0.69241	0.7253	0.736153	0.746678	0.741515	0.713821	0.664439	0.594868	0.521648	0.436259	0.337615	0.228713	0.264954	0.293144	0.312428	0.322218	0.322218	0.312428	0.293144	0.264954	0.228713	0.337615	0.436259	0.521648	0.594868	0.664439	0.713821	0.741515	0.746678	
0.736153	0.7253	0.69241	0.638481	0.574424	0.593241	0.670236	0.726866	0.76141	0.77282	0.787711	0.780669	0.749906	0.696357	0.621651	0.542481	0.45051	0.34485	0.228713	0.264954	0.293144	0.312428	0.322218	0.322218	0.312428	0.293144	0.264954	0.228713	0.337615	0.436259	0.521648	0.591186	0.647298	0.700488	0.732394	0.742047	
0.736153	0.7253	0.69241	0.638481	0.587815	0.6092	0.688278	0.746442	0.781927	0.793653	0.808228	0.800246	0.767948	0.712317	0.635042	0.552898	0.457635	0.348468	0.228713	0.264954	0.293144	0.312428	0.322218	0.322218	0.312428	0.293144	0.264954	0.228713	0.32432	0.423573	0.509956	0.580845	0.638727	0.693821	0.727834	0.739732	
0.736153	0.7253	0.69241	0.638481	0.59585	0.618776	0.699103	0.758189	0.794237	0.806153	0.820538	0.811992	0.778773	0.721892	0.643077	0.559148	0.461911	0.350639	0.228713	0.264954	0.293144	0.312428	0.322218	0.322218	0.312428	0.293144	0.264954	0.228713	0.319035	0.411827	0.499131	0.571269	0.633585	0.689821	0.725098	0.738342	
0.77082	-0.28349	-1.32882	-2.33353	-3.23259	-3.95834	-4.4754	-4.85647	-5.08999	-5.16885	-5.06832	-4.81179	-4.40906	-3.87236	-3.20126	-2.42835	-1.58166	-0.686909	0.228713	1.30788	2.34732	3.31543	4.1828	4.92308	5.51378	5.93694	6.17971	6.23471	6.23842	6.05258	5.68283	5.16061	4.50037	3.70891	2.80474	1.81536	
0.77282	0.76141	0.726866	0.670236	0.593241	0.574424	0.614356	0.637908	0.668182	0.678153	0.681403	0.663949	0.629655	0.580432	0.513572	0.459148	0.393507	0.315909	0.228713	0.264954	0.293144	0.312428	0.322218	0.322218	0.312428	0.293144	0.264954	0.228713	0.35909	0.478556	0.583481	0.670678	0.737496	0.781906	0.802558	0.798825	
0.77282	0.76141	0.726866	0.670236	0.593241	0.574424	0.638481	0.69241	0.7253	0.736153	0.742047	0.732394	0.700488	0.647298	0.591186	0.521648	0.436259	0.337615	0.228713	0.264954	0.293144	0.312428	0.322218	0.322218	0.312428	0.293144	0.264954	0.228713	0.34485	0.45051	0.542481	0.621651	0.696357	0.749906	0.780669	0.787711	
0.77282	0.76141	0.726866	0.670236	0.593241	0.593241	0.670236	0.726866	0.76141	0.77282	0.783081	0.771548	0.736572	0.679216	0.617969	0.542481	0.45051	0.34485	0.228713	0.264954	0.293144	0.312428	0.322218	0.322218	0.312428	0.293144	0.264954	0.228713	0.34485	0.45051	0.542481	0.617969	0.679216	0.736572	0.771548	0.783081	
0.77282	0.76141	0.726866	0.670236	0.593241	0.6092	0.688278	0.746442	0.781927	0.793653	0.803597	0.791125	0.754615	0.695176	0.63136	0.552898	0.457635	0.348468	0.228713	0.264954	0.293144	0.312428	0.322218	0.322218	0.312428	0.293144	0.264954	0.228713	0.331556	0.437824	0.53079	0.607627	0.670646	0.729906	0.766988	0.780765	
0.77282	0.76141	0.726866	0.670236	0.59585	0.618776	0.699103	0.758189	0.794237	0.806153	0.815908	0.802871	0.76544	0.704751	0.639395	0.559148	0.461911	0.350639	0.228713	0.264954	0.293144	0.312428	0.322218	0.322218	0.312428	0.293144	0.264954	0.228713	0.323665	0.426078	0.519964	0.598052	0.665504	0.725906	0.764252	0.779376	
0.791653	-0.262974	-1.30924	-2.31549	-3.23259	-3.95834	-4.4754	-4.85647	-5.08999	-5.16885	-5.07063	-4.81635	-4.41573	-3.88093	-3.2116	-2.44004	-1.59435	-0.700204	0.228713	1.30788	2.34732	3.31543	4.1828	4.92308	5.51378	5.93694	6.17971	6.23471	6.24074	6.05714	5.6895	5.174	4.51633	3.72695	2.82432	1.83588	
0.793653	0.781927	0.746442	0.688278	0.6092	0.587815	0.624772	0.642746	0.668182	0.678153	0.677785	0.656823	0.619238	0.56704	0.500496	0.447456	0.380821	0.305143	0.228713	0.264954	0.293144	0.312428	0.322218	0.322218	0.312428	0.293144	0.264954	0.228713	0.362707	0.485681	0.593898	0.684069	0.753455	0.799948	0.822135	0.819342	
0.793653	0.781927	0.746442	0.688278	0.6092	0.587815	0.638481	0.69241	0.7253	0.736153	0.739732	0.727834	0.693821	0.638727	0.580845	0.509956	0.423573	0.32432	0.228713	0.264954	0.293144	0.312428	0.322218	0.322218	0.312428	0.293144	0.264954	0.228713	0.348468	0.457635	0.552898	0.635042	0.712317	0.767948	0.800246	0.808228	
0.793653	0.781927	0.746442	0.688278	0.6092	0.593241	0.670236	0.726866	0.76141	0.77282	0.780765	0.766988	0.729906	0.670646	0.607627	0.53079	0.437824	0.331556	0.228713	0.264954	0.293144	0.312428	0.322218	0.322218	0.312428	0.293144	0.264954	0.228713	0.348468	0.457635	0.552898	0.63136	0.695176	0.754615	0.791125	0.803597	
0.793653	0.781927	0.746442	0.688278	0.6092	0.6092	0.688278	0.746442	0.781927	0.793653	0.801282	0.786565	0.747948	0.686605	0.621019	0.541206	0.44495	0.335173	0.228713	0.264954	0.293144	0.312428	0.322218	0.322218	0.312428	0.293144	0.264954	0.228713	0.335173	0.44495	0.541206	0.621019	0.686605	0.747948	0.786565	0.801282	
0.793653	0.781927	0.746442	0.688278	0.6092	0.618776	0.699103	0.758189	0.794237	0.806153	0.813592	0.798311	0.758773	0.696181	0.629054	0.547456	0.449225	0.337344	0.228713	0.264954	0.293144	0.312428	0.322218	0.322218	0.312428	0.293144	0.264954	0.228713	0.325981	0.433203	0.530381	0.611443	0.681463	0.743948	0.783829	0.799893	
0.804153	-0.250664	-1.29749	-2.30466	-3.23259	-3.95834	-4.4754	-4.85647	-5.08999	-5.16885	-5.07202	-4.81909	-4.41973	-3.88608	-3.22118	-2.45087	-1.60609	-0.712514	0.228713	1.30788	2.34732	3.31543	4.1828	4.92308	5.51378	5.93694	6.17971	6.23471	6.24213	6.05987	5.69468	5.18204	4.52591	3.73777	2.83607	1.84819	
0.806153	0.794237	0.758189	0.699103	0.618776	0.59585	0.631022	0.647022	0.668182	0.678153	0.675615	0.652548	0.612988	0.559005	0.490921	0.436631	0.372301	0.305143	0.228713	0.264954	0.293144	0.312428	0.322218	0.322218	0.312428	0.293144	0.264954	0.228713	0.364878	0.489956	0.600148	0.692104	0.763031	0.810773	0.833881	0.831652	
0.806153	0.794237	0.758189	0.699103	0.618776	0.59585	0.638481	0.69241	0.7253	0.736153	0.738342	0.725098	0.689821	0.633585	0.571269	0.499131	0.411827	0.319035	0.228713	0.264954	0.293144	0.312428	0.322218	0.322218	0.312428	0.293144	0.264954	0.228713	0.350639	0.461911	0.559148	0.643077	0.721892	0.778773	0.811992	0.820538	
0.806153	0.794237	0.758189	0.699103	0.618776	0.59585	0.670236	0.726866	0.76141	0.77282	0.779376	0.764252	0.725906	0.665504	0.598052	0.519964	0.426078	0.323665	0.228713	0.264954	0.293144	0.312428	0.322218	0.322218	0.312428	0.293144	0.264954	0.228713	0.350639	0.461911	0.559148	0.639395	0.704751	0.76544	0.802871	0.815908	
0.806153	0.794237	0.758189	0.699103	0.618776	0.6092	0.688278	0.746442	0.781927	0.793653	0.799893	0.783829	0.743948	0.681463	0.611443	0.530381	0.433203	0.325981	0.228713	0.264954	0.293144	0.312428	0.322218	0.322218	0.312428	0.293144	0.264954	0.228713	0.337344	0.449225	0.547456	0.629054	0.696181	0.758773	0.798311	0.813592	
0.806153	0.794237	0.758189	0.699103	0.618776	0.618776	0.699103	0.758189	0.794237	0.806153	0.812203	0.795575	0.754773	0.691038	0.619478	0.536631	0.437479	0.32737	0.228713	0.264954	0.293144	0.312428	0.322218	0.322218	0.312428	0.293144	0.264954	0.228713	0.32737	0.437479	0.536631	0.619478	0.691038	0.754773	0.795575	0.812203	
