0.0198643	0.0221057	0.0238028	0.0249138	0.0254113	0.0252832	0.0254113	0.0249138	0.0238028	0.0221057	0.0198643	0.0176263	0.0149543	0.011914	0.00858038	0.00503547	0.00136658	-0.00233596	-0.00579851	-0.00896027	-0.0119014	-0.014085	-0.0159218	-0.0173665	-0.0183836	-0.0189481	-0.0183836	-0.0173665	-0.0159218	-0.014085	-0.0119014	-0.00896027	-0.00579851	-0.00233596	0.00136658	0.00503547	0.00858038	0.011914	0.0149543	0.0176263	
0.0198643	0.0221057	0.0238028	0.0249138	0.0254113	0.0252832	0.0245324	0.0231776	0.0212521	0.0188033	0.0158915	0.0133657	0.0105108	0.0073971	0.00410127	0.000704446	-0.00270972	-0.00605717	-0.00925547	-0.0122259	-0.0148952	-0.0162296	-0.0171644	-0.0176765	-0.0177534	-0.0173931	-0.0166045	-0.0154071	-0.0138303	-0.011913	-0.00970232	-0.00725274	-0.00462458	-0.001586	0.00204753	0.00563064	0.00907511	0.0122961	0.0152144	0.017758	
0.0198643	0.0221057	0.0238028	0.0249138	0.0254113	0.0252832	0.0245324	0.0231776	0.0212521	0.0188033	0.0158915	0.0133657	0.0105108	0.0073971	0.00410127	0.000704446	-0.00270972	-0.00605717	-0.00925547	-0.0122259	-0.0148952	-0.0162296	-0.0171644	-0.0176765	-0.0177534	-0.0173931	-0.0166045	-0.0154071	-0.0138303	-0.011913	-0.00970232	-0.00725274	-0.00462458	-0.001586	0.00204753	0.00563064	0.00907511	0.0122961	0.0152144	0.017758	
0.0198643	0.0221057	0.0238028	0.0249138	0.0254113	0.0252832	0.0245324	0.0231776	0.0212521	0.0188033	0.0158915	0.0133657	0.0105108	0.0073971	0.00410127	0.000704446	-0.00270972	-0.00605717	-0.00925547	-0.0122259	-0.0148952	-0.0162296	-0.0171644	-0.0176765	-0.0177534	-0.0173931	-0.0166045	-0.0154071	-0.0138303	-0.011913	-0.00970232	-0.00725274	-0.00462458	-0.001586	0.00204753	0.00563064	0.00907511	0.0122961	0.0152144	0.017758	
0.0198643	0.0221057	0.0238028	0.0249138	0.0254113	0.0252832	0.0245324	0.0231776	0.0212521	0.0188033	0.0158915	0.0133657	0.0105108	0.0073971	0.00410127	0.000704446	-0.00270972	-0.00605717	-0.00925547	-0.0122259	-0.0148952	-0.0162296	-0.0171644	-0.0176765	-0.0177534	-0.0173931	-0.0166045	-0.0154071	-0.0138303	-0.011913	-0.00970232	-0.00725274	-0.00462458	-0.001586	0.00204753	0.00563064	0.00907511	0.0122961	0.0152144	0.017758	
0.0198643	0.0221057	0.0238028	0.0249138	0.0254113	0.0252832	0.0245324	0.0231776	0.0212521	0.0188033	0.0158915	0.0133657	0.0105108	0.0073971	0.00410127	0.000704446	-0.00270972	-0.00605717	-0.00925547	-0.0122259	-0.0148952	-0.0162296	-0.0171644	-0.0176765	-0.0177534	-0.0173931	-0.0166045	-0.0154071	-0.0138303	-0.011913	-0.00970232	-0.00725274	-0.00462458	-0.001586	0.00204753	0.00563064	0.00907511	0.0122961	0.0152144	0.017758	
0.0158915	0.0188033	0.0212521	0.0231776	0.0245324	0.0252832	0.0254113	0.0249138	0.0238028	0.0221057	0.0198643	0.017758	0.0152144	0.0122961	0.00907511	0.00563064	0.00204753	-0.001586	-0.00462458	-0.00725274	-0.00970232	-0.011913	-0.0138303	-0.0154071	-0.0166045	-0.0173931	-0.0177534	-0.0176765	-0.0171644	-0.0162296	-0.0148952	-0.0122259	-0.00925547	-0.00605717	-0.00270972	0.000704446	0.00410127	0.0073971	0.0105108	0.0133657	
0.0158915	0.0176846	0.0190423	0.019931	0.0203291	0.0202265	0.0203291	0.019931	0.0190423	0.0176846	0.0158915	0.0141026	0.0119665	0.00953571	0.00687013	0.0040354	0.0011013	-0.00185992	-0.00462458	-0.00715343	-0.00950614	-0.0112509	-0.0127186	-0.0138732	-0.0146861	-0.0151374	-0.0146861	-0.0138732	-0.0127186	-0.0112509	-0.00950614	-0.00715343	-0.00462458	-0.00185992	0.0011013	0.0040354	0.00687013	0.00953571	0.0119665	0.0141026	
0.0158915	0.0176846	0.0190423	0.019931	0.0203291	0.0202265	0.0203291	0.019931	0.0190423	0.0176846	0.0158915	0.0141026	0.0119665	0.00953571	0.00687013	0.0040354	0.0011013	-0.00185992	-0.00462458	-0.00715343	-0.00950614	-0.0112509	-0.0127186	-0.0138732	-0.0146861	-0.0151374	-0.0146861	-0.0138732	-0.0127186	-0.0112509	-0.00950614	-0.00715343	-0.00462458	-0.00185992	0.0011013	0.0040354	0.00687013	0.00953571	0.0119665	0.0141026	
0.0158915	0.0176846	0.0190423	0.019931	0.0203291	0.0202265	0.0203291	0.019931	0.0190423	0.0176846	0.0158915	0.0141026	0.0119665	0.00953571	0.00687013	0.0040354	0.0011013	-0.00185992	-0.00462458	-0.00715343	-0.00950614	-0.0112509	-0.0127186	-0.0138732	-0.0146861	-0.0151374	-0.0146861	-0.0138732	-0.0127186	-0.0112509	-0.00950614	-0.00715343	-0.00462458	-0.00185992	0.0011013	0.0040354	0.00687013	0.00953571	0.0119665	0.0141026	
0.0158915	0.0176846	0.0190423	0.019931	0.0203291	0.0202265	0.0203291	0.019931	0.0190423	0.0176846	0.0158915	0.0141026	0.0119665	0.00953571	0.00687013	0.0040354	0.0011013	-0.00185992	-0.00462458	-0.00715343	-0.00950614	-0.0112509	-0.0127186	-0.0138732	-0.0146861	-0.0151374	-0.0146861	-0.0138732	-0.0127186	-0.0112509	-0.00950614	-0.00715343	-0.00462458	-0.00185992	0.0011013	0.0040354	0.00687013	0.00953571	0.0119665	0.0141026	
0.0158915	0.0176846	0.0190423	0.019931	0.0203291	0.0202265	0.0203291	0.019931	0.0190423	0.0176846	0.0158915	0.0141026	0.0119665	0.00953571	0.00687013	0.0040354	0.0011013	-0.00185992	-0.00462458	-0.00715343	-0.00950614	-0.0112509	-0.0127186	-0.0138732	-0.0146861	-0.0151374	-0.0146861	-0.0138732	-0.0127186	-0.0112509	-0.00950614	-0.00715343	-0.00462458	-0.00185992	0.0011013	0.0040354	0.00687013	0.00953571	0.0119665	0.0141026	
0.0158915	0.0188033	0.0212521	0.0231776	0.0245324	0.0252832	0.0254113	0.0249138	0.0238028	0.0221057	0.0198643	0.017758	0.0152144	0.0122961	0.00907511	0.00563064	0.00204753	-0.001586	-0.00462458	-0.00725274	-0.00970232	-0.011913	-0.0138303	-0.0154071	-0.0166045	-0.0173931	-0.0177534	-0.0176765	-0.0171644	-0.0162296	-0.0148952	-0.0122259	-0.00925547	-0.00605717	-0.00270972	0.000704446	0.00410127	0.0073971	0.0105108	0.0133657	
0.0158915	0.0176846	0.0190423	0.019931	0.0203291	0.0202265	0.0203291	0.019931	0.0190423	0.0176846	0.0158915	0.0141026	0.0119665	0.00953571	0.00687013	0.0040354	0.0011013	-0.00185992	-0.00462458	-0.00715343	-0.00950614	-0.0112509	-0.0127186	-0.0138732	-0.0146861	-0.0151374	-0.0146861	-0.0138732	-0.0127186	-0.0112509	-0.00950614	-0.00715343	-0.00462458	-0.00185992	0.0011013	0.0040354	0.00687013	0.00953571	0.0119665	0.0141026	
0.0158915	0.0176846	0.0190423	0.019931	0.0203291	0.0202265	0.0203291	0.019931	0.0190423	0.0176846	0.0158915	0.0141026	0.0119665	0.00953571	0.00687013	0.0040354	0.0011013	-0.00185992	-0.00462458	-0.00715343	-0.00950614	-0.0112509	-0.0127186	-0.0138732	-0.0146861	-0.0151374	-0.0146861	-0.0138732	-0.0127186	-0.0112509	-0.00950614	-0.00715343	-0.00462458	-0.00185992	0.0011013	0.0040354	0.00687013	0.00953571	0.0119665	0.0141026	
0.0158915	0.0176846	0.0190423	0.019931	0.0203291	0.0202265	0.0203291	0.019931	0.0190423	0.0176846	0.0158915	0.0141026	0.0119665	0.00953571	0.00687013	0.0040354	0.0011013	-0.00185992	-0.00462458	-0.00715343	-0.00950614	-0.0112509	-0.0127186	-0.0138732	-0.0146861	-0.0151374	-0.0146861	-0.0138732	-0.0127186	-0.0112509	-0.00950614	-0.00715343	-0.00462458	-0.00185992	0.0011013	0.0040354	0.00687013	0.00953571	0.0119665	0.0141026	
0.0158915	0.0176846	0.0190423	0.019931	0.0203291	0.0202265	0.0203291	0.019931	0.0190423	0.0176846	0.0158915	0.0141026	0.0119665	0.00953571	0.00687013	0.0040354	0.0011013	-0.00185992	-0.00462458	-0.00715343	-0.00950614	-0.0112509	-0.0127186	-0.0138732	-0.0146861	-0.0151374	-0.0146861	-0.0138732	-0.0127186	-0.0112509	-0.00950614	-0.00715343	-0.00462458	-0.00185992	0.0011013	0.0040354	0.00687013	0.00953571	0.0119665	0.0141026	
0.0158915	0.0176846	0.0190423	0.019931	0.0203291	0.0202265	0.0203291	0.019931	0.0190423	0.0176846	0.0158915	0.0141026	0.0119665	0.00953571	0.00687013	0.0040354	0.0011013	-0.00185992	-0.00462458	-0.00715343	-0.00950614	-0.0112509	-0.0127186	-0.0138732	-0.0146861	-0.0151374	-0.0146861	-0.0138732	-0.0127186	-0.0112509	-0.00950614	-0.00715343	-0.00462458	-0.00185992	0.0011013	0.0040354	0.00687013	0.00953571	0.0119665	0.0141026	
0.0158915	0.0188033	0.0212521	0.0231776	0.0245324	0.0252832	0.0254113	0.0249138	0.0238028	0.0221057	0.0198643	0.017758	0.0152144	0.0122961	0.00907511	0.00563064	0.00204753	-0.001586	-0.00462458	-0.00725274	-0.00970232	-0.011913	-0.0138303	-0.0154071	-0.0166045	-0.0173931	-0.0177534	-0.0176765	-0.0171644	-0.0162296	-0.0148952	-0.0122259	-0.00925547	-0.00605717	-0.00270972	0.000704446	0.00410127	0.0073971	0.0105108	0.0133657	
0.0158915	0.0176846	0.0190423	0.019931	0.0203291	0.0202265	0.0203291	0.019931	0.0190423	0.0176846	0.0158915	0.0141026	0.0119665	0.00953571	0.00687013	0.0040354	0.0011013	-0.00185992	-0.00462458	-0.00715343	-0.00950614	-0.0112509	-0.0127186	-0.0138732	-0.0146861	-0.0151374	-0.0146861	-0.0138732	-0.0127186	-0.0112509	-0.00950614	-0.00715343	-0.00462458	-0.00185992	0.0011013	0.0040354	0.00687013	0.00953571	0.0119665	0.0141026	
0.0158915	0.0176846	0.0190423	0.019931	0.0203291	0.0202265	0.0203291	0.019931	0.0190423	0.0176846	0.0158915	0.0141026	0.0119665	0.00953571	0.00687013	0.0040354	0.0011013	-0.00185992	-0.00462458	-0.00715343	-0.00950614	-0.0112509	-0.0127186	-0.0138732	-0.0146861	-0.0151374	-0.0146861	-0.0138732	-0.0127186	-0.0112509	-0.00950614	-0.00715343	-0.00462458	-0.00185992	0.0011013	0.0040354	0.00687013	0.00953571	0.0119665	0.0141026	
0.0158915	0.0176846	0.0190423	0.019931	0.0203291	0.0202265	0.0203291	0.019931	0.0190423	0.0176846	0.0158915	0.0141026	0.0119665	0.00953571	0.00687013	0.0040354	0.0011013	-0.00185992	-0.00462458	-0.00715343	-0.00950614	-0.0112509	-0.0127186	-0.0138732	-0.0146861	-0.0151374	-0.0146861	-0.0138732	-0.0127186	-0.0112509	-0.00950614	-0.00715343	-0.00462458	-0.00185992	0.0011013	0.0040354	0.00687013	0.00953571	0.0119665	0.0141026	
0.0158915	0.0176846	0.0190423	0.019931	0.0203291	0.0202265	0.0203291	0.019931	0.0190423	0.0176846	0.0158915	0.0141026	0.0119665	0.00953571	0.00687013	0.0040354	0.0011013	-0.00185992	-0.00462458	-0.00715343	-0.00950614	-0.0112509	-0.0127186	-0.0138732	-0.0146861	-0.0151374	-0.0146861	-0.0138732	-0.0127186	-0.0112509	-0.00950614	-0.00715343	-0.00462458	-0.00185992	0.0011013	0.0040354	0.00687013	0.00953571	0.0119665	0.0141026	
0.0158915	0.0176846	0.0190423	0.019931	0.0203291	0.0202265	0.0203291	0.019931	0.0190423	0.0176846	0.0158915	0.0141026	0.0119665	0.00953571	0.00687013	0.0040354	0.0011013	-0.00185992	-0.00462458	-0.00715343	-0.00950614	-0.0112509	-0.0127186	-0.0138732	-0.0146861	-0.0151374	-0.0146861	-0.0138732	-0.0127186	-0.0112509	-0.00950614	-0.00715343	-0.00462458	-0.00185992	0.0011013	0.0040354	0.00687013	0.00953571	0.0119665	0.0141026	
0.0158915	0.0188033	0.0212521	0.0231776	0.0245324	0.0252832	0.0254113	0.0249138	0.0238028	0.0221057	0.0198643	0.017758	0.0152144	0.0122961	0.00907511	0.00563064	0.00204753	-0.001586	-0.00462458	-0.00725274	-0.00970232	-0.011913	-0.0138303	-0.0154071	-0.0166045	-0.0173931	-0.0177534	-0.0176765	-0.0171644	-0.0162296	-0.0148952	-0.0122259	-0.00925547	-0.00605717	-0.00270972	0.000704446	0.00410127	0.0073971	0.0105108	0.0133657	
0.0158915	0.0176846	0.0190423	0.019931	0.0203291	0.0202265	0.0203291	0.019931	0.0190423	0.0176846	0.0158915	0.0141026	0.0119665	0.00953571	0.00687013	0.0040354	0.0011013	-0.00185992	-0.00462458	-0.00715343	-0.00950614	-0.0112509	-0.0127186	-0.0138732	-0.0146861	-0.0151374	-0.0146861	-0.0138732	-0.0127186	-0.0112509	-0.00950614	-0.00715343	-0.00462458	-0.00185992	0.0011013	0.0040354	0.00687013	0.00953571	0.0119665	0.0141026	
0.0158915	0.0176846	0.0190423	0.019931	0.0203291	0.0202265	0.0203291	0.019931	0.0190423	0.0176846	0.0158915	0.0141026	0.0119665	0.00953571	0.00687013	0.0040354	0.0011013	-0.00185992	-0.00462458	-0.00715343	-0.00950614	-0.0112509	-0.0127186	-0.0138732	-0.0146861	-0.0151374	-0.0146861	-0.0138732	-0.0127186	-0.0112509	-0.00950614	-0.00715343	-0.00462458	-0.00185992	0.0011013	0.0040354	0.00687013	0.00953571	0.0119665	0.0141026	
0.0158915	0.0176846	0.0190423	0.019931	0.0203291	0.0202265	0.0203291	0.019931	0.0190423	0.0176846	0.0158915	0.0141026	0.0119665	0.00953571	0.00687013	0.0040354	0.0011013	-0.00185992	-0.00462458	-0.00715343	-0.00950614	-0.0112509	-0.0127186	-0.0138732	-0.0146861	-0.0151374	-0.0146861	-0.0138732	-0.0127186	-0.0112509	-0.00950614	-0.00715343	-0.00462458	-0.00185992	0.0011013	0.0040354	0.00687013	0.00953571	0.0119665	0.0141026	
0.0158915	0.0176846	0.0190423	0.019931	0.0203291	0.0202265	0.0203291	0.019931	0.0190423	0.0176846	0.0158915	0.0141026	0.0119665	0.00953571	0.00687013	0.0040354	0.0011013	-0.00185992	-0.00462458	-0.00715343	-0.00950614	-0.0112509	-0.0127186	-0.0138732	-0.0146861	-0.0151374	-0.0146861	-0.0138732	-0.0127186	-0.0112509	-0.00950614	-0.00715343	-0.00462458	-0.00185992	0.0011013	0.0040354	0.00687013	0.00953571	0.0119665	0.0141026	
0.0158915	0.0176846	0.0190423	0.019931	0.0203291	0.0202265	0.0203291	0.019931	0.0190423	0.0176846	0.0158915	0.0141026	0.0119665	0.00953571	0.00687013	0.0040354	0.0011013	-0.00185992	-0.00462458	-0.00715343	-0.00950614	-0.0112509	-0.0127186	-0.0138732	-0.0146861	-0.0151374	-0.0146861	-0.0138732	-0.0127186	-0.0112509	-0.00950614	-0.00715343	-0.00462458	-0.00185992	0.0011013	0.0040354	0.00687013	0.00953571	0.0119665	0.0141026	
0.0158915	0.0188033	0.0212521	0.0231776	0.0245324	0.0252832	0.0254113	0.0249138	0.0238028	0.0221057	0.0198643	0.017758	0.0152144	0.0122961	0.00907511	0.00563064	0.00204753	-0.001586	-0.00462458	-0.00725274	-0.00970232	-0.011913	-0.0138303	-0.0154071	-0.0166045	-0.0173931	-0.0177534	-0.0176765	-0.0171644	-0.0162296	-0.0148952	-0.0122259	-0.00925547	-0.00605717	-0.00270972	0.000704446	0.00410127	0.0073971	0.0105108	0.0133657	
0.0158915	0.0176846	0.0190423	0.019931	0.0203291	0.0202265	0.0203291	0.019931	0.0190423	0.0176846	0.0158915	0.0141026	0.0119665	0.00953571	0.00687013	0.0040354	0.0011013	-0.00185992	-0.00462458	-0.00715343	-0.00950614	-0.0112509	-0.0127186	-0.0138732	-0.0146861	-0.0151374	-0.0146861	-0.0138732	-0.0127186	-0.0112509	-0.00950614	-0.00715343	-0.00462458	-0.00185992	0.0011013	0.0040354	0.00687013	0.00953571	0.0119665	0.0141026	
0.0158915	0.0176846	0.0190423	0.019931	0.0203291	0.0202265	0.0203291	0.019931	0.0190423	0.0176846	0.0158915	0.0141026	0.0119665	0.00953571	0.00687013	0.0040354	0.0011013	-0.00185992	-0.00462458	-0.00715343	-0.00950614	-0.0112509	-0.0127186	-0.0138732	-0.0146861	-0.0151374	-0.0146861	-0.0138732	-0.0127186	-0.0112509	-0.00950614	-0.00715343	-0.00462458	-0.00185992	0.0011013	0.0040354	0.00687013	0.00953571	0.0119665	0.0141026	
0.0158915	0.0176846	0.0190423	0.019931	0.0203291	0.0202265	0.0203291	0.019931	0.0190423	0.0176846	0.0158915	0.0141026	0.0119665	0.00953571	0.00687013	0.0040354	0.0011013	-0.00185992	-0.00462458	-0.00715343	-0.00950614	-0.0112509	-0.0127186	-0.0138732	-0.0146861	-0.0151374	-0.0146861	-0.0138732	-0.0127186	-0.0112509	-0.00950614	-0.00715343	-0.00462458	-0.00185992	0.0011013	0.0040354	0.00687013	0.00953571	0.0119665	0.0141026	
0.0158915	0.0176846	0.0190423	0.019931	0.0203291	0.0202265	0.0203291	0.019931	0.0190423	0.0176846	0.0158915	0.0141026	0.0119665	0.00953571	0.00687013	0.0040354	0.0011013	-0.00185992	-0.00462458	-0.00715343	-0.00950614	-0.0112509	-0.0127186	-0.0138732	-0.0146861	-0.0151374	-0.0146861	-0.0138732	-0.0127186	-0.0112509	-0.00950614	-0.00715343	-0.00462458	-0.00185992	0.0011013	0.0040354	0.00687013	0.00953571	0.0119665	0.0141026	
0.0158915	0.0176846	0.0190423	0.019931	0.0203291	0.0202265	0.0203291	0.019931	0.0190423	0.0176846	0.0158915	0.0141026	0.0119665	0.00953571	0.00687013	0.0040354	0.0011013	-0.00185992	-0.00462458	-0.00715343	-0.00950614	-0.0112509	-0.0127186	-0.0138732	-0.0146861	-0.0151374	-0.0146861	-0.0138732	-0.0127186	-0.0112509	-0.00950614	-0.00715343	-0.00462458	-0.00185992	0.0011013	0.0040354	0.00687013	0.00953571	0.0119665	0.0141026	
