0.0412317	0.0477651	0.0528472	0.0563235	0.0580885	0.0580885	0.0563235	0.0528472	0.0477651	0.0412317	0.369956	0.68744	0.984036	1.25073	1.47943	1.66317	1.79638	1.875	1.89666	2.19719	2.43097	2.59088	2.67207	2.67207	2.59088	2.43097	2.19719	1.89666	1.875	1.79638	1.66317	1.47943	1.25073	0.984036	0.68744	0.369956	
0.0412317	0.0644139	0.085639	0.104262	0.119717	0.131534	0.139355	0.142942	0.142185	0.137109	0.464377	0.777535	1.06707	1.32418	1.54106	1.71111	1.82917	1.89165	1.89666	2.19025	2.41729	2.57088	2.64636	2.64143	2.55624	2.39338	2.1578	1.85666	1.83489	1.75738	1.62647	1.44614	1.22186	0.960466	0.669885	0.360927	
0.0412317	0.0713599	0.0993198	0.124262	0.145428	0.162176	0.173996	0.18053	0.181578	0.177109	0.503769	0.815123	1.10171	1.35482	1.56677	1.73111	1.84285	1.8986	1.89666	2.1833	2.40361	2.55088	2.62065	2.61079	2.5216	2.35579	2.11841	1.81666	1.7955	1.71979	1.59183	1.41549	1.19615	0.940466	0.656204	0.353981	
0.0412317	0.077727	0.111861	0.142595	0.168997	0.190265	0.205751	0.214985	0.217687	0.213775	0.539879	0.849578	1.13346	1.38291	1.59034	1.74944	1.85539	1.90496	1.89666	2.17694	2.39107	2.53255	2.59708	2.5827	2.48985	2.32134	2.0823	1.77999	1.75939	1.68534	1.56007	1.38741	1.17258	0.922132	0.643663	0.347614	
0.0412317	0.0813446	0.118986	0.153012	0.182389	0.206224	0.223793	0.234562	0.238204	0.234609	0.560395	0.869155	1.15151	1.39887	1.60373	1.75986	1.86252	1.90858	1.89666	2.17332	2.38394	2.52213	2.58369	2.56674	2.4718	2.30176	2.06178	1.75916	1.73888	1.66576	1.54203	1.37145	1.15919	0.911716	0.636538	0.343996	
0.0412317	0.0835152	0.123261	0.159262	0.190424	0.215799	0.234618	0.246308	0.250514	0.247109	0.572706	0.880901	1.16233	1.40844	1.61176	1.76611	1.86679	1.91075	1.89666	2.17115	2.37967	2.51588	2.57565	2.55717	2.46098	2.29002	2.04947	1.74666	1.72657	1.65401	1.5312	1.36187	1.15116	0.905466	0.632263	0.341825	
0.137109	0.142185	0.142942	0.139355	0.131534	0.119717	0.104262	0.085639	0.0644139	0.0412317	0.360927	0.669885	0.960466	1.22186	1.44614	1.62647	1.75738	1.83489	1.85666	2.1578	2.39338	2.55624	2.64143	2.64636	2.57088	2.41729	2.19025	1.89666	1.89165	1.82917	1.71111	1.54106	1.32418	1.06707	0.777535	0.464377	
0.137109	0.142185	0.142942	0.139355	0.131534	0.131534	0.139355	0.142942	0.142185	0.137109	0.463798	0.776395	1.0654	1.32204	1.5385	1.70822	1.82604	1.88837	1.89666	2.19719	2.43097	2.59088	2.67207	2.67207	2.59088	2.43097	2.19719	1.89666	1.88837	1.82604	1.70822	1.5385	1.32204	1.0654	0.776395	0.463798	
0.137109	0.142185	0.142942	0.144714	0.152316	0.162176	0.173996	0.18053	0.181578	0.177109	0.50319	0.813983	1.10004	1.35268	1.56421	1.72822	1.83972	1.89531	1.89666	2.19719	2.43097	2.59088	2.67207	2.67207	2.59088	2.43097	2.19719	1.89666	1.87776	1.80181	1.67112	1.49834	1.28002	1.02707	0.750173	0.450485	
0.137109	0.142185	0.145257	0.163048	0.175885	0.190265	0.205751	0.214985	0.217687	0.213775	0.5393	0.848438	1.1318	1.38077	1.58778	1.74655	1.85226	1.90168	1.89666	2.19719	2.43097	2.59088	2.67207	2.67207	2.59088	2.43097	2.19719	1.89666	1.87255	1.79155	1.65667	1.47687	1.25562	1.01373	0.741053	0.445854	
0.137109	0.142185	0.152382	0.173464	0.189276	0.206224	0.223793	0.234562	0.238204	0.234609	0.559817	0.868015	1.14984	1.39673	1.60117	1.75697	1.85938	1.9053	1.89666	2.19719	2.43097	2.59088	2.67207	2.67207	2.59088	2.43097	2.19719	1.89666	1.86908	1.78471	1.64611	1.46091	1.24704	1.00707	0.736493	0.443539	
0.137109	0.142185	0.156657	0.179714	0.197311	0.215799	0.234618	0.246308	0.250514	0.247109	0.572127	0.879761	1.16066	1.4063	1.60921	1.76322	1.86366	1.90747	1.89666	2.19719	2.43097	2.59088	2.67207	2.67207	2.59088	2.43097	2.19719	1.89666	1.86908	1.78471	1.64611	1.45749	1.24062	1.00207	0.733072	0.441802	
0.177109	0.181578	0.18053	0.173996	0.162176	0.145428	0.124262	0.0993198	0.0713599	0.0412317	0.353981	0.656204	0.940466	1.19615	1.41549	1.59183	1.71979	1.7955	1.81666	2.11841	2.35579	2.5216	2.61079	2.62065	2.55088	2.40361	2.1833	1.89666	1.8986	1.84285	1.73111	1.56677	1.35482	1.10171	0.815123	0.503769	
0.177109	0.181578	0.18053	0.173996	0.162176	0.152316	0.144714	0.142942	0.142185	0.137109	0.450485	0.750173	1.02707	1.28002	1.49834	1.67112	1.80181	1.87776	1.89666	2.19719	2.43097	2.59088	2.67207	2.67207	2.59088	2.43097	2.19719	1.89666	1.89531	1.83972	1.72822	1.56421	1.35268	1.10004	0.813983	0.50319	
0.177109	0.181578	0.18053	0.173996	0.162176	0.162176	0.173996	0.18053	0.181578	0.177109	0.494218	0.796312	1.07506	1.32924	1.54304	1.70995	1.8249	1.88644	1.89666	2.19719	2.43097	2.59088	2.67207	2.67207	2.59088	2.43097	2.19719	1.89666	1.88644	1.8249	1.70995	1.54304	1.32924	1.07506	0.796312	0.494218	
0.177109	0.181578	0.18053	0.173996	0.175885	0.190265	0.205751	0.214985	0.217687	0.213775	0.525987	0.827364	1.11114	1.36116	1.56982	1.73078	1.83915	1.89164	1.89666	2.19719	2.43097	2.59088	2.67207	2.67207	2.59088	2.43097	2.19719	1.89666	1.88644	1.81891	1.69611	1.52261	1.3121	1.06173	0.782061	0.486983	
0.177109	0.181578	0.18053	0.173996	0.189276	0.206224	0.223793	0.234562	0.238204	0.234609	0.546504	0.846941	1.12919	1.37712	1.58321	1.7412	1.84628	1.89526	1.89666	2.19719	2.43097	2.59088	2.67207	2.67207	2.59088	2.43097	2.19719	1.89666	1.87689	1.80246	1.68095	1.5124	1.30353	1.05506	0.774935	0.483365	
0.177109	0.181578	0.18053	0.179714	0.197311	0.215799	0.234618	0.246308	0.250514	0.247109	0.558814	0.858687	1.14001	1.3867	1.59125	1.74745	1.85055	1.89743	1.89666	2.19719	2.43097	2.59088	2.67207	2.67207	2.59088	2.43097	2.19719	1.89666	1.87689	1.8001	1.67013	1.50627	1.29839	1.05106	0.771793	0.481195	
0.213775	0.217687	0.214985	0.205751	0.190265	0.168997	0.142595	0.111861	0.077727	0.0412317	0.347614	0.643663	0.922132	1.17258	1.38741	1.56007	1.68534	1.75939	1.77999	2.0823	2.32134	2.48985	2.5827	2.59708	2.53255	2.39107	2.17694	1.89666	1.90496	1.85539	1.74944	1.59034	1.38291	1.13346	0.849578	0.539879	
0.213775	0.217687	0.214985	0.205751	0.190265	0.175885	0.163048	0.145257	0.142185	0.137109	0.445854	0.741053	1.01373	1.25562	1.47687	1.65667	1.79155	1.87255	1.89666	2.19719	2.43097	2.59088	2.67207	2.67207	2.59088	2.43097	2.19719	1.89666	1.90168	1.85226	1.74655	1.58778	1.38077	1.1318	0.848438	0.5393	
0.213775	0.217687	0.214985	0.205751	0.190265	0.175885	0.173996	0.18053	0.181578	0.177109	0.486983	0.782061	1.06173	1.3121	1.52261	1.69611	1.81891	1.88644	1.89666	2.19719	2.43097	2.59088	2.67207	2.67207	2.59088	2.43097	2.19719	1.89666	1.89164	1.83915	1.73078	1.56982	1.36116	1.11114	0.827364	0.525987	
0.213775	0.217687	0.214985	0.205751	0.190265	0.190265	0.205751	0.214985	0.217687	0.213775	0.521356	0.818243	1.09781	1.34402	1.54939	1.70944	1.82803	1.89107	1.89666	2.19719	2.43097	2.59088	2.67207	2.67207	2.59088	2.43097	2.19719	1.89666	1.89107	1.82803	1.70944	1.54939	1.34402	1.09781	0.818243	0.521356	
0.213775	0.217687	0.214985	0.205751	0.190265	0.206224	0.223793	0.234562	0.238204	0.234609	0.541873	0.83782	1.11585	1.35998	1.56278	1.7181	1.83259	1.89339	1.89666	2.19719	2.43097	2.59088	2.67207	2.67207	2.59088	2.43097	2.19719	1.89666	1.88413	1.81435	1.69614	1.53918	1.33545	1.09114	0.813683	0.519041	
0.213775	0.217687	0.214985	0.205751	0.197311	0.215799	0.234618	0.246308	0.250514	0.247109	0.554183	0.849567	1.12668	1.36955	1.57082	1.72435	1.83533	1.89478	1.89666	2.19719	2.43097	2.59088	2.67207	2.67207	2.59088	2.43097	2.19719	1.89666	1.88413	1.81435	1.68944	1.53305	1.33031	1.08714	0.810947	0.517304	
0.234609	0.238204	0.234562	0.223793	0.206224	0.182389	0.153012	0.118986	0.0813446	0.0412317	0.343996	0.636538	0.911716	1.15919	1.37145	1.54203	1.66576	1.73888	1.75916	2.06178	2.30176	2.4718	2.56674	2.58369	2.52213	2.38394	2.17332	1.89666	1.90858	1.86252	1.75986	1.60373	1.39887	1.15151	0.869155	0.560395	
0.234609	0.238204	0.234562	0.223793	0.206224	0.189276	0.173464	0.152382	0.142185	0.137109	0.443539	0.736493	1.00707	1.24704	1.46091	1.64611	1.78471	1.86908	1.89666	2.19719	2.43097	2.59088	2.67207	2.67207	2.59088	2.43097	2.19719	1.89666	1.9053	1.85938	1.75697	1.60117	1.39673	1.14984	0.868015	0.559817	
0.234609	0.238204	0.234562	0.223793	0.206224	0.189276	0.173996	0.18053	0.181578	0.177109	0.483365	0.774935	1.05506	1.30353	1.5124	1.68095	1.80246	1.87689	1.89666	2.19719	2.43097	2.59088	2.67207	2.67207	2.59088	2.43097	2.19719	1.89666	1.89526	1.84628	1.7412	1.58321	1.37712	1.12919	0.846941	0.546504	
0.234609	0.238204	0.234562	0.223793	0.206224	0.190265	0.205751	0.214985	0.217687	0.213775	0.519041	0.813683	1.09114	1.33545	1.53918	1.69614	1.81435	1.88413	1.89666	2.19719	2.43097	2.59088	2.67207	2.67207	2.59088	2.43097	2.19719	1.89666	1.89339	1.83259	1.7181	1.56278	1.35998	1.11585	0.83782	0.541873	
0.234609	0.238204	0.234562	0.223793	0.206224	0.206224	0.223793	0.234562	0.238204	0.234609	0.539558	0.83326	1.10919	1.35141	1.55257	1.70656	1.82147	1.88774	1.89666	2.19719	2.43097	2.59088	2.67207	2.67207	2.59088	2.43097	2.19719	1.89666	1.88774	1.82147	1.70656	1.55257	1.35141	1.10919	0.83326	0.539558	
0.234609	0.238204	0.234562	0.223793	0.206224	0.215799	0.234618	0.246308	0.250514	0.247109	0.551868	0.845006	1.12001	1.36098	1.5606	1.71281	1.82575	1.88992	1.89666	2.19719	2.43097	2.59088	2.67207	2.67207	2.59088	2.43097	2.19719	1.89666	1.88774	1.82147	1.69986	1.54644	1.34627	1.10519	0.830524	0.537821	
0.247109	0.250514	0.246308	0.234618	0.215799	0.190424	0.159262	0.123261	0.0835152	0.0412317	0.341825	0.632263	0.905466	1.15116	1.36187	1.5312	1.65401	1.72657	1.74666	2.04947	2.29002	2.46098	2.55717	2.57565	2.51588	2.37967	2.17115	1.89666	1.91075	1.86679	1.76611	1.61176	1.40844	1.16233	0.880901	0.572706	
0.247109	0.250514	0.246308	0.234618	0.215799	0.197311	0.179714	0.156657	0.142185	0.137109	0.441802	0.733072	1.00207	1.24062	1.45749	1.64611	1.78471	1.86908	1.89666	2.19719	2.43097	2.59088	2.67207	2.67207	2.59088	2.43097	2.19719	1.89666	1.90747	1.86366	1.76322	1.60921	1.4063	1.16066	0.879761	0.572127	
0.247109	0.250514	0.246308	0.234618	0.215799	0.197311	0.179714	0.18053	0.181578	0.177109	0.481195	0.771793	1.05106	1.29839	1.50627	1.67013	1.8001	1.87689	1.89666	2.19719	2.43097	2.59088	2.67207	2.67207	2.59088	2.43097	2.19719	1.89666	1.89743	1.85055	1.74745	1.59125	1.3867	1.14001	0.858687	0.558814	
0.247109	0.250514	0.246308	0.234618	0.215799	0.197311	0.205751	0.214985	0.217687	0.213775	0.517304	0.810947	1.08714	1.33031	1.53305	1.68944	1.81435	1.88413	1.89666	2.19719	2.43097	2.59088	2.67207	2.67207	2.59088	2.43097	2.19719	1.89666	1.89478	1.83533	1.72435	1.57082	1.36955	1.12668	0.849567	0.554183	
0.247109	0.250514	0.246308	0.234618	0.215799	0.206224	0.223793	0.234562	0.238204	0.234609	0.537821	0.830524	1.10519	1.34627	1.54644	1.69986	1.82147	1.88774	1.89666	2.19719	2.43097	2.59088	2.67207	2.67207	2.59088	2.43097	2.19719	1.89666	1.88992	1.82575	1.71281	1.5606	1.36098	1.12001	0.845006	0.551868	
0.247109	0.250514	0.246308	0.234618	0.215799	0.215799	0.234618	0.246308	0.250514	0.247109	0.550131	0.84227	1.11601	1.35584	1.55448	1.70611	1.82575	1.88992	1.89666	2.19719	2.43097	2.59088	2.67207	2.67207	2.59088	2.43097	2.19719	1.89666	1.88992	1.82575	1.70611	1.55448	1.35584	1.11601	0.84227	0.550131	
