3.47376e-09	4.0242e-09	4.45237e-09	4.74525e-09	4.89395e-09	4.89395e-09	4.74525e-09	4.45237e-09	4.0242e-09	3.47376e-09	3.11688e-08	5.79167e-08	8.29049e-08	1.05374e-07	1.24641e-07	1.40122e-07	1.51344e-07	1.57969e-07	1.59793e-07	1.85113e-07	2.04809e-07	2.18281e-07	2.25122e-07	2.25122e-07	2.18281e-07	2.04809e-07	1.85113e-07	1.59793e-07	1.57969e-07	1.51344e-07	1.40122e-07	1.24641e-07	1.05374e-07	8.29049e-08	5.79167e-08	3.11688e-08	
3.47376e-09	0.0173648	0.034202	0.05	0.0642788	0.0766044	0.0866025	0.0939693	0.0984808	0.1	0.0984808	0.0939693	0.0866026	0.0766045	0.0642789	0.0500001	0.0342022	0.017365	1.59793e-07	-0.00694574	-0.0136806	-0.0199998	-0.0257113	-0.0306416	-0.0346408	-0.0375875	-0.0393921	-0.0399998	-0.0393922	-0.0375876	-0.0346409	-0.0306417	-0.0257114	-0.0199999	-0.0136807	-0.0069459	
3.47376e-09	0.0243107	0.0478828	0.07	0.0899903	0.107246	0.121244	0.131557	0.137873	0.14	0.137873	0.131557	0.121244	0.107246	0.0899904	0.0700001	0.047883	0.0243109	1.59793e-07	-0.0138917	-0.0273614	-0.0399998	-0.0514228	-0.0612833	-0.0692818	-0.0751752	-0.0787844	-0.0799998	-0.0787845	-0.0751753	-0.0692819	-0.0612834	-0.0514229	-0.0399999	-0.0273616	-0.0138918	
3.47376e-09	0.0306778	0.0604236	0.0883333	0.113559	0.135335	0.152998	0.166012	0.173983	0.176667	0.173983	0.166012	0.152998	0.135335	0.113559	0.0883335	0.0604237	0.030678	1.59793e-07	-0.0202588	-0.0399021	-0.0583331	-0.0749917	-0.0893716	-0.101036	-0.109631	-0.114894	-0.116667	-0.114894	-0.109631	-0.101036	-0.0893717	-0.0749918	-0.0583333	-0.0399023	-0.0202589	
3.47376e-09	0.0342955	0.067549	0.09875	0.126951	0.151294	0.17104	0.185589	0.1945	0.1975	0.1945	0.185589	0.17104	0.151294	0.126951	0.0987501	0.0675491	0.0342957	1.59793e-07	-0.0238764	-0.0470276	-0.0687498	-0.0883831	-0.105331	-0.119078	-0.129208	-0.135411	-0.1375	-0.135411	-0.129208	-0.119078	-0.105331	-0.0883832	-0.0687499	-0.0470277	-0.0238766	
3.47376e-09	0.0364661	0.0718242	0.105	0.134985	0.160869	0.181865	0.197335	0.20681	0.21	0.20681	0.197336	0.181865	0.160869	0.134986	0.105	0.0718244	0.0364663	1.59793e-07	-0.026047	-0.0513028	-0.0749998	-0.0964179	-0.114906	-0.129904	-0.140954	-0.147721	-0.15	-0.147721	-0.140954	-0.129904	-0.114907	-0.096418	-0.0749999	-0.051303	-0.0260472	
0.1	0.0984808	0.0939693	0.0866025	0.0766044	0.0642788	0.05	0.034202	0.0173648	3.47376e-09	-0.0069459	-0.0136807	-0.0199999	-0.0257114	-0.0306417	-0.0346409	-0.0375876	-0.0393922	-0.0399998	-0.0393921	-0.0375875	-0.0346408	-0.0306416	-0.0257113	-0.0199998	-0.0136806	-0.00694574	1.59793e-07	0.017365	0.0342022	0.0500001	0.0642789	0.0766045	0.0866026	0.0939693	0.0984808	
0.0711545	0.0706523	0.0700624	0.0719615	0.0716742	0.0716742	0.0719615	0.0700624	0.0706523	0.0711545	0.0694947	0.0657233	0.059955	0.052365	0.0431839	0.0326906	0.0216614	0.0109979	1.59793e-07	1.85113e-07	2.04809e-07	2.18281e-07	2.25122e-07	2.25122e-07	2.18281e-07	2.04809e-07	1.85113e-07	1.59793e-07	0.0109979	0.0216614	0.0326906	0.0431839	0.052365	0.059955	0.0657233	0.0694947	
0.06	0.0729803	0.0837432	0.0919615	0.0973857	0.0998508	0.0995929	0.108065	0.113253	0.115	0.113253	0.108065	0.099593	0.0880952	0.0739207	0.0575001	0.0393325	0.0199697	1.59793e-07	-0.00463043	-0.00912033	-0.0133331	-0.0171408	-0.0204276	-0.0230938	-0.0250583	-0.0262614	-0.0266665	-0.0198943	-0.0125176	-0.00476054	0.00314115	0.0109474	0.018421	0.02902	0.0451966	
0.06	0.0793474	0.0962839	0.110295	0.120955	0.127939	0.135677	0.147219	0.154287	0.156667	0.154287	0.147219	0.135677	0.120014	0.100704	0.0783335	0.0535833	0.027205	1.59793e-07	-0.0115764	-0.0228011	-0.0333331	-0.0428523	-0.0510694	-0.0577348	-0.062646	-0.0656537	-0.0666665	-0.0587078	-0.0489652	-0.0377349	-0.025358	-0.0122106	0.00130777	0.0164793	0.0388295	
0.06	0.0829651	0.103409	0.120712	0.134346	0.143898	0.15372	0.166795	0.174803	0.1775	0.174803	0.166795	0.15372	0.135973	0.114095	0.0887501	0.0607087	0.0308227	1.59793e-07	-0.015194	-0.0299266	-0.0437498	-0.0562437	-0.0670287	-0.075777	-0.0822229	-0.0861705	-0.0874998	-0.0792246	-0.0685421	-0.0557771	-0.0413173	-0.025602	-0.0091089	0.00935385	0.0352119	
0.06	0.0851357	0.107685	0.126962	0.142381	0.153474	0.164545	0.178542	0.187113	0.19	0.187114	0.178542	0.164545	0.145549	0.12213	0.0950001	0.064984	0.0329933	1.59793e-07	-0.0173646	-0.0342018	-0.0499998	-0.0642785	-0.0766042	-0.0866023	-0.0939691	-0.0984806	-0.0999998	-0.0915347	-0.0802883	-0.0666024	-0.0508928	-0.0336369	-0.0153589	0.00507859	0.0330413	
0.14	0.137873	0.131557	0.121244	0.107246	0.0899903	0.07	0.0478828	0.0243107	3.47376e-09	-0.0138918	-0.0273616	-0.0399999	-0.0514229	-0.0612834	-0.0692819	-0.0751753	-0.0787845	-0.0799998	-0.0787844	-0.0751752	-0.0692818	-0.0612833	-0.0514228	-0.0399998	-0.0273614	-0.0138917	1.59793e-07	0.0243109	0.047883	0.0700001	0.0899904	0.107246	0.121244	0.131557	0.137873	
0.115	0.113253	0.108065	0.0995929	0.0998508	0.0973857	0.0919615	0.0837432	0.0729803	0.06	0.0451966	0.02902	0.018421	0.0109474	0.00314115	-0.00476054	-0.0125176	-0.0198943	-0.0266665	-0.0262614	-0.0250583	-0.0230938	-0.0204276	-0.0171408	-0.0133331	-0.00912033	-0.00463043	1.59793e-07	0.0199697	0.0393325	0.0575001	0.0739207	0.0880952	0.099593	0.108065	0.113253	
0.083728	0.0841924	0.0820987	0.0778801	0.0712951	0.0712951	0.0778801	0.0820987	0.0841924	0.083728	0.0807195	0.0752584	0.0675107	0.0577116	0.046159	0.0332039	0.0192399	0.00488338	1.59793e-07	-0.00463043	-0.00912033	-0.0133331	-0.0171408	-0.0171408	-0.0133331	-0.00912033	-0.00463043	1.59793e-07	0.00488338	0.0192399	0.0332039	0.046159	0.0577116	0.0675107	0.0752584	0.0807195	
0.045	0.0558929	0.0650875	0.0767686	0.0912988	0.103214	0.113965	0.121253	0.125226	0.125395	0.121753	0.114412	0.103595	0.0896301	0.0729418	0.0540372	0.0334907	0.0119266	-0.00999984	-0.0214244	-0.0250583	-0.0230938	-0.0204276	-0.0171408	-0.0133331	-0.00912033	-0.00463043	1.59793e-07	0.00498872	0.00982571	0.0143641	0.0184661	0.022007	0.0248793	0.0269955	0.0327398	
0.045	0.0595106	0.0722129	0.0871853	0.10469	0.119173	0.132007	0.14083	0.145743	0.146228	0.14227	0.133989	0.121637	0.105589	0.0863332	0.0644539	0.0406161	0.0155443	-0.00999984	-0.0250421	-0.0393235	-0.05241	-0.0639041	-0.0734565	-0.080777	-0.0856431	-0.087907	-0.0874998	-0.0783564	-0.066832	-0.0532771	-0.0381033	-0.0217718	-0.00477877	0.0123595	0.0291222	
0.045	0.0619666	0.0820503	0.099641	0.114204	0.128748	0.142832	0.152576	0.158053	0.158728	0.15458	0.145735	0.132463	0.115165	0.0943681	0.0707039	0.0448914	0.0177149	-0.00999984	-0.0272127	-0.0435987	-0.05866	-0.071939	-0.0830321	-0.0916023	-0.0973893	-0.100217	-0.0999998	-0.0906664	-0.0785782	-0.0641024	-0.0476789	-0.0298067	-0.0110288	0.00808421	0.0269516	
0.176667	0.173983	0.166012	0.152998	0.135335	0.113559	0.0883333	0.0604236	0.0306778	3.47376e-09	-0.0202589	-0.0399023	-0.0583333	-0.0749918	-0.0893717	-0.101036	-0.109631	-0.114894	-0.116667	-0.114894	-0.109631	-0.101036	-0.0893716	-0.0749917	-0.0583331	-0.0399021	-0.0202588	1.59793e-07	0.030678	0.0604237	0.0883335	0.113559	0.135335	0.152998	0.166012	0.173983	
0.156667	0.154287	0.147219	0.135677	0.127939	0.120955	0.110295	0.0962839	0.0793474	0.06	0.0388295	0.0164793	0.00130777	-0.0122106	-0.025358	-0.0377349	-0.0489652	-0.0587078	-0.0666665	-0.0656537	-0.062646	-0.0577348	-0.0510694	-0.0428523	-0.0333331	-0.0228011	-0.0115764	1.59793e-07	0.027205	0.0535833	0.0783335	0.100704	0.120014	0.135677	0.147219	0.154287	
0.125395	0.125226	0.121253	0.113965	0.103214	0.0912988	0.0767686	0.0650875	0.0558929	0.045	0.0327398	0.0269955	0.0248793	0.022007	0.0184661	0.0143641	0.00982571	0.00498872	1.59793e-07	-0.00463043	-0.00912033	-0.0133331	-0.0171408	-0.0204276	-0.0230938	-0.0250583	-0.0214244	-0.00999984	0.0119266	0.0334907	0.0540372	0.0729418	0.0896301	0.103595	0.114412	0.121753	
0.0666667	0.0749151	0.0808873	0.0844017	0.0853516	0.0853516	0.0844017	0.0808873	0.0749151	0.0666667	0.057203	0.0460013	0.0334018	0.0197874	0.0134995	0.0105008	0.00718301	0.00364699	1.59793e-07	1.85113e-07	2.04809e-07	2.18281e-07	2.25122e-07	2.25122e-07	2.18281e-07	2.04809e-07	1.85113e-07	1.59793e-07	0.00364699	0.00718301	0.0105008	0.0134995	0.0197874	0.0334018	0.0460013	0.057203	
0.0533333	0.0677173	0.0800437	0.089938	0.0970996	0.101311	0.102444	0.100464	0.0954319	0.0875	0.0777198	0.0655782	0.051444	0.0357467	0.02207	0.0171674	0.0117433	0.0059623	1.59793e-07	-0.00303866	-0.00598515	-0.00874978	-0.0112486	-0.0134056	-0.0151552	-0.0164444	-0.017234	-0.0174998	-0.0138917	-0.00986152	-0.00553168	-0.00103376	0.00349557	0.00791869	0.0201902	0.0373289	
0.0533333	0.0698879	0.084319	0.096188	0.105134	0.110886	0.113269	0.11221	0.107742	0.1	0.0900299	0.0773243	0.0622693	0.0453222	0.0272123	0.0211674	0.0144794	0.00735149	1.59793e-07	-0.00520926	-0.0102604	-0.0149998	-0.0192834	-0.0229811	-0.0259805	-0.0281906	-0.029544	-0.0299998	-0.0268575	-0.0228991	-0.018245	-0.0130364	-0.00743182	-0.00160137	0.015915	0.0351583	
0.1975	0.1945	0.185589	0.17104	0.151294	0.126951	0.09875	0.067549	0.0342955	3.47376e-09	-0.0238766	-0.0470277	-0.0687499	-0.0883832	-0.105331	-0.119078	-0.129208	-0.135411	-0.1375	-0.135411	-0.129208	-0.119078	-0.105331	-0.0883831	-0.0687498	-0.0470276	-0.0238764	1.59793e-07	0.0342957	0.0675491	0.0987501	0.126951	0.151294	0.17104	0.185589	0.1945	
0.1775	0.174803	0.166795	0.15372	0.143898	0.134346	0.120712	0.103409	0.0829651	0.06	0.0352119	0.00935385	-0.0091089	-0.025602	-0.0413173	-0.0557771	-0.0685421	-0.0792246	-0.0874998	-0.0861705	-0.0822229	-0.075777	-0.0670287	-0.0562437	-0.0437498	-0.0299266	-0.015194	1.59793e-07	0.0308227	0.0607087	0.0887501	0.114095	0.135973	0.15372	0.166795	0.174803	
0.146228	0.145743	0.14083	0.132007	0.119173	0.10469	0.0871853	0.0722129	0.0595106	0.045	0.0291222	0.0123595	-0.00477877	-0.0217718	-0.0381033	-0.0532771	-0.066832	-0.0783564	-0.0874998	-0.087907	-0.0856431	-0.080777	-0.0734565	-0.0639041	-0.05241	-0.0393235	-0.0250421	-0.00999984	0.0155443	0.0406161	0.0644539	0.0863332	0.105589	0.121637	0.133989	0.14227	
0.0875	0.0954319	0.100464	0.102444	0.101311	0.0970996	0.089938	0.0800437	0.0677173	0.0533333	0.0373289	0.0201902	0.00791869	0.00349557	-0.00103376	-0.00553168	-0.00986152	-0.0138917	-0.0174998	-0.017234	-0.0164444	-0.0151552	-0.0134056	-0.0112486	-0.00874978	-0.00598515	-0.00303866	1.59793e-07	0.0059623	0.0117433	0.0171674	0.02207	0.0357467	0.051444	0.0655782	0.0777198	
0.0325806	0.0351244	0.036601	0.0369655	0.0362069	0.0362069	0.0369655	0.036601	0.0351244	0.0325806	0.0290468	0.0246304	0.0194657	0.0137095	0.00753674	0.00113499	-0.00529081	-0.00877869	-0.0119998	-0.0148564	-0.0172615	-0.0191421	-0.0204411	-0.0204411	-0.0191421	-0.0172615	-0.0148564	-0.0119998	-0.00877869	-0.00529081	0.00113499	0.00753674	0.0137095	0.0194657	0.0246304	0.0290468	
0.0504655	0.0597704	0.0672592	0.0727044	0.0759404	0.0769949	0.0757099	0.0721245	0.0663476	0.0585548	0.0489829	0.0379226	0.0263939	0.0198379	0.012679	0.00513499	0.00292608	0.00148569	1.59793e-07	1.85113e-07	2.04809e-07	2.18281e-07	2.25122e-07	2.25122e-07	2.18281e-07	2.04809e-07	1.85113e-07	1.59793e-07	0.00321448	0.00633113	0.00925541	0.0118985	0.01418	0.0160307	0.027585	0.0396273	
0.21	0.20681	0.197335	0.181865	0.160869	0.134985	0.105	0.0718242	0.0364661	3.47376e-09	-0.0260472	-0.051303	-0.0749999	-0.096418	-0.114907	-0.129904	-0.140954	-0.147721	-0.15	-0.147721	-0.140954	-0.129904	-0.114906	-0.0964179	-0.0749998	-0.0513028	-0.026047	1.59793e-07	0.0364663	0.0718244	0.105	0.134986	0.160869	0.181865	0.197336	0.20681	
0.19	0.187113	0.178542	0.164545	0.153474	0.142381	0.126962	0.107685	0.0851357	0.06	0.0330413	0.00507859	-0.0153589	-0.0336369	-0.0508928	-0.0666024	-0.0802883	-0.0915347	-0.0999998	-0.0984806	-0.0939691	-0.0866023	-0.0766042	-0.0642785	-0.0499998	-0.0342018	-0.0173646	1.59793e-07	0.0329933	0.064984	0.0950001	0.12213	0.145549	0.164545	0.178542	0.187114	
0.158728	0.158053	0.152576	0.142832	0.128748	0.114204	0.099641	0.0820503	0.0619666	0.045	0.0269516	0.00808421	-0.0110288	-0.0298067	-0.0476789	-0.0641024	-0.0785782	-0.0906664	-0.0999998	-0.100217	-0.0973893	-0.0916023	-0.0830321	-0.071939	-0.05866	-0.0435987	-0.0272127	-0.00999984	0.0177149	0.0448914	0.0707039	0.0943681	0.115165	0.132463	0.145735	0.15458	
0.1	0.107742	0.11221	0.113269	0.110886	0.105134	0.096188	0.084319	0.0698879	0.0533333	0.0351583	0.015915	-0.00160137	-0.00743182	-0.0130364	-0.018245	-0.0228991	-0.0268575	-0.0299998	-0.029544	-0.0281906	-0.0259805	-0.0229811	-0.0192834	-0.0149998	-0.0102604	-0.00520926	1.59793e-07	0.00735149	0.0144794	0.0211674	0.0272123	0.0453222	0.0622693	0.0773243	0.0900299	
0.0585548	0.0663476	0.0721245	0.0757099	0.0769949	0.0759404	0.0727044	0.0672592	0.0597704	0.0504655	0.0396273	0.027585	0.0160307	0.01418	0.0118985	0.00925541	0.00633113	0.00321448	1.59793e-07	1.85113e-07	2.04809e-07	2.18281e-07	2.25122e-07	2.25122e-07	2.18281e-07	2.04809e-07	1.85113e-07	1.59793e-07	0.00148569	0.00292608	0.00513499	0.012679	0.0198379	0.0263939	0.0379226	0.0489829	
0.0629655	0.0720805	0.0790054	0.0835297	0.085516	0.085516	0.0835297	0.0790054	0.0720805	0.0629655	0.0519374	0.0393311	0.026856	0.0237556	0.0199333	0.0155054	0.0106064	0.00538508	1.59793e-07	1.85113e-07	2.04809e-07	2.18281e-07	2.25122e-07	2.25122e-07	2.18281e-07	2.04809e-07	1.85113e-07	1.59793e-07	0.00538508	0.0106064	0.0155054	0.0199333	0.0237556	0.026856	0.0393311	0.0519374	
