-5.1645	-6.12412	-6.89766	-7.46162	-7.79886	-7.79886	-7.46162	-6.89766	-6.12412	-5.1645	-3.88537	-2.48618	-1.01145	0.494013	1.98998	3.43944	4.80383	6.03243	7.07775	8.19926	9.07164	9.66838	9.97136	9.97136	9.66838	9.07164	8.19926	7.07775	6.03243	4.80383	3.43944	1.98998	0.494013	-1.01145	-2.48618	-3.88537	
-5.1645	-5.08119	-4.84349	-4.45862	-3.93828	-3.21253	-2.3302	-1.37706	-0.36595	0.682498	1.86053	2.98204	4.01627	4.93267	5.72044	6.36176	6.80977	7.05088	7.07775	7.15633	7.01746	6.66538	6.11077	5.37049	4.46703	3.42784	2.2845	1.07175	0.15831	-0.759936	-1.65509	-2.49996	-3.26887	-3.93845	-4.48837	-4.9019	
-5.1645	-5.08119	-4.84349	-4.45862	-3.93828	-3.21253	-2.3302	-1.34878	-0.308831	0.740498	1.925	3.05801	4.0981	5.01368	5.78242	6.40176	6.83713	7.06477	7.07775	7.15633	7.01746	6.66538	6.11077	5.37049	4.46703	3.42784	2.2845	1.07175	0.144071	-0.787982	-1.69609	-2.54899	-3.31	-3.97045	-4.51025	-4.91302	
-5.1645	-5.08119	-4.84349	-4.45862	-3.93828	-3.21253	-2.31599	-1.31432	-0.272722	0.777164	1.96603	3.09716	4.13419	5.04559	5.80921	6.41509	6.84626	7.0694	7.07775	7.15633	7.01746	6.66538	6.11077	5.37049	4.46703	3.42784	2.2845	1.07175	0.144071	-0.787982	-1.69609	-2.55267	-3.32714	-3.98378	-4.51938	-4.91765	
-5.1645	-5.08119	-4.84349	-4.45862	-3.93828	-3.21253	-2.29794	-1.29474	-0.252205	0.797998	1.98655	3.11674	4.15223	5.06155	5.8226	6.42176	6.85082	7.07172	7.07775	7.15633	7.01746	6.66538	6.11077	5.37049	4.46703	3.42784	2.2845	1.07175	0.130776	-0.800667	-1.70778	-2.56301	-3.33572	-3.99045	-4.52394	-4.91996	
-5.1645	-5.08119	-4.84349	-4.45862	-3.93828	-3.21253	-2.28712	-1.283	-0.239895	0.810498	1.99886	3.12848	4.16305	5.07113	5.83063	6.42694	6.85355	7.07311	7.07775	7.15633	7.01746	6.66538	6.11077	5.37049	4.46703	3.42784	2.2845	1.07175	0.118466	-0.812414	-1.71861	-2.57258	-3.34086	-3.99445	-4.52667	-4.92135	
0.682498	-0.36595	-1.37706	-2.3302	-3.21253	-3.93828	-4.45862	-4.84349	-5.08119	-5.1645	-4.9019	-4.48837	-3.93845	-3.26887	-2.49996	-1.65509	-0.759936	0.15831	1.07175	2.2845	3.42784	4.46703	5.37049	6.11077	6.66538	7.01746	7.15633	7.07775	7.05088	6.80977	6.36176	5.72044	4.93267	4.01627	2.98204	1.86053	
0.682498	0.676981	0.650894	0.605031	0.540784	0.540784	0.605031	0.650894	0.676981	0.682498	0.851405	0.994444	1.11077	1.19743	1.24771	1.26007	1.23416	1.17074	1.07175	1.24157	1.37367	1.46403	1.50991	1.50991	1.46403	1.37367	1.24157	1.07175	1.17074	1.23416	1.26007	1.24771	1.19743	1.11077	0.994444	0.851405	
0.682498	0.676981	0.650894	0.612801	0.570917	0.585214	0.65526	0.705397	0.7341	0.740498	0.908524	1.05582	1.1711	1.2508	1.29249	1.29491	1.25798	1.18283	1.07175	1.24157	1.37367	1.46403	1.50991	1.50991	1.46403	1.37367	1.24157	1.07175	1.14828	1.19199	1.20903	1.19408	1.15243	1.07577	0.968222	0.838092	
0.682498	0.676981	0.650894	0.631135	0.594485	0.613303	0.687015	0.739852	0.770209	0.777164	0.949495	1.09497	1.20719	1.28272	1.31927	1.31574	1.27223	1.19007	1.07175	1.24157	1.37367	1.46403	1.50991	1.50991	1.46403	1.37367	1.24157	1.07175	1.14689	1.18718	1.19141	1.16217	1.12565	1.05493	0.956366	0.832073	
0.682498	0.676981	0.655733	0.641551	0.607877	0.629262	0.705057	0.759429	0.790726	0.797998	0.970011	1.11455	1.22523	1.29867	1.33266	1.32616	1.27936	1.19369	1.07175	1.24157	1.37367	1.46403	1.50991	1.50991	1.46403	1.37367	1.24157	1.07175	1.13612	1.1745	1.17972	1.14909	1.11226	1.04452	0.94924	0.828455	
0.682498	0.676981	0.660008	0.647801	0.615912	0.638838	0.715882	0.771175	0.803036	0.810498	0.982321	1.1263	1.23605	1.30825	1.3407	1.33241	1.28363	1.19586	1.07175	1.24157	1.37367	1.46403	1.50991	1.50991	1.46403	1.37367	1.24157	1.07175	1.13612	1.16598	1.16889	1.13951	1.10422	1.03827	0.944965	0.826284	
0.740498	-0.308831	-1.34878	-2.3302	-3.21253	-3.93828	-4.45862	-4.84349	-5.08119	-5.1645	-4.91302	-4.51025	-3.97045	-3.31	-2.54899	-1.69609	-0.787982	0.144071	1.07175	2.2845	3.42784	4.46703	5.37049	6.11077	6.66538	7.01746	7.15633	7.07775	7.06477	6.83713	6.40176	5.78242	5.01368	4.0981	3.05801	1.925	
0.740498	0.7341	0.705397	0.65526	0.585214	0.570917	0.612801	0.650894	0.676981	0.682498	0.838092	0.968222	1.07577	1.15243	1.19408	1.20903	1.19199	1.14828	1.07175	1.24157	1.37367	1.46403	1.50991	1.50991	1.46403	1.37367	1.24157	1.07175	1.18283	1.25798	1.29491	1.29249	1.2508	1.1711	1.05582	0.908524	
0.740498	0.7341	0.705397	0.65526	0.585214	0.585214	0.65526	0.705397	0.7341	0.740498	0.897347	1.03393	1.1391	1.20966	1.24346	1.25391	1.22994	1.1686	1.07175	1.24157	1.37367	1.46403	1.50991	1.50991	1.46403	1.37367	1.24157	1.07175	1.1686	1.22994	1.25391	1.24346	1.20966	1.1391	1.03393	0.897347	
0.740498	0.7341	0.705397	0.65526	0.594485	0.613303	0.687015	0.739852	0.770209	0.777164	0.938381	1.07309	1.17519	1.24158	1.27024	1.27474	1.24419	1.17583	1.07175	1.24157	1.37367	1.46403	1.50991	1.50991	1.46403	1.37367	1.24157	1.07175	1.1686	1.22994	1.25391	1.23978	1.19252	1.12577	1.02481	0.892717	
0.740498	0.7341	0.705397	0.65526	0.607877	0.629262	0.705057	0.759429	0.790726	0.797998	0.958898	1.09266	1.19323	1.25754	1.28364	1.28516	1.25131	1.17945	1.07175	1.24157	1.37367	1.46403	1.50991	1.50991	1.46403	1.37367	1.24157	1.07175	1.1553	1.21725	1.24222	1.22944	1.18395	1.1191	1.02025	0.890401	
0.740498	0.7341	0.705397	0.65526	0.615912	0.638838	0.715882	0.771175	0.803036	0.810498	0.971208	1.10441	1.20405	1.26711	1.29167	1.29141	1.25559	1.18162	1.07175	1.24157	1.37367	1.46403	1.50991	1.50991	1.46403	1.37367	1.24157	1.07175	1.15001	1.20551	1.23139	1.21986	1.1788	1.1151	1.01751	0.889012	
0.777164	-0.272722	-1.31432	-2.31599	-3.21253	-3.93828	-4.45862	-4.84349	-5.08119	-5.1645	-4.91765	-4.51938	-3.98378	-3.32714	-2.55267	-1.69609	-0.787982	0.144071	1.07175	2.2845	3.42784	4.46703	5.37049	6.11077	6.66538	7.01746	7.15633	7.07775	7.0694	6.84626	6.41509	5.80921	5.04559	4.13419	3.09716	1.96603	
0.777164	0.770209	0.739852	0.687015	0.613303	0.594485	0.631135	0.650894	0.676981	0.682498	0.832073	0.956366	1.05493	1.12565	1.16217	1.19141	1.18718	1.14689	1.07175	1.24157	1.37367	1.46403	1.50991	1.50991	1.46403	1.37367	1.24157	1.07175	1.19007	1.27223	1.31574	1.31927	1.28272	1.20719	1.09497	0.949495	
0.777164	0.770209	0.739852	0.687015	0.613303	0.594485	0.65526	0.705397	0.7341	0.740498	0.892717	1.02481	1.12577	1.19252	1.23978	1.25391	1.22994	1.1686	1.07175	1.24157	1.37367	1.46403	1.50991	1.50991	1.46403	1.37367	1.24157	1.07175	1.17583	1.24419	1.27474	1.27024	1.24158	1.17519	1.07309	0.938381	
0.777164	0.770209	0.739852	0.687015	0.613303	0.613303	0.687015	0.739852	0.770209	0.777164	0.93375	1.06397	1.16185	1.22444	1.26656	1.27474	1.24419	1.17583	1.07175	1.24157	1.37367	1.46403	1.50991	1.50991	1.46403	1.37367	1.24157	1.07175	1.17583	1.24419	1.27474	1.26656	1.22444	1.16185	1.06397	0.93375	
0.777164	0.770209	0.739852	0.687015	0.613303	0.629262	0.705057	0.759429	0.790726	0.797998	0.954267	1.08354	1.17989	1.2404	1.27995	1.28516	1.25131	1.17945	1.07175	1.24157	1.37367	1.46403	1.50991	1.50991	1.46403	1.37367	1.24157	1.07175	1.16254	1.2315	1.26305	1.25622	1.21587	1.15519	1.0594	0.931435	
0.777164	0.770209	0.739852	0.687015	0.615912	0.638838	0.715882	0.771175	0.803036	0.810498	0.966577	1.09529	1.19072	1.24997	1.28799	1.29141	1.25559	1.18162	1.07175	1.24157	1.37367	1.46403	1.50991	1.50991	1.46403	1.37367	1.24157	1.07175	1.15465	1.21976	1.25222	1.24665	1.21072	1.15119	1.05667	0.930046	
0.797998	-0.252205	-1.29474	-2.29794	-3.21253	-3.93828	-4.45862	-4.84349	-5.08119	-5.1645	-4.91996	-4.52394	-3.99045	-3.33572	-2.56301	-1.70778	-0.800667	0.130776	1.07175	2.2845	3.42784	4.46703	5.37049	6.11077	6.66538	7.01746	7.15633	7.07775	7.07172	6.85082	6.42176	5.8226	5.06155	4.15223	3.11674	1.98655	
0.797998	0.790726	0.759429	0.705057	0.629262	0.607877	0.641551	0.655733	0.676981	0.682498	0.828455	0.94924	1.04452	1.11226	1.14909	1.17972	1.1745	1.13612	1.07175	1.24157	1.37367	1.46403	1.50991	1.50991	1.46403	1.37367	1.24157	1.07175	1.19369	1.27936	1.32616	1.33266	1.29867	1.22523	1.11455	0.970011	
0.797998	0.790726	0.759429	0.705057	0.629262	0.607877	0.65526	0.705397	0.7341	0.740498	0.890401	1.02025	1.1191	1.18395	1.22944	1.24222	1.21725	1.1553	1.07175	1.24157	1.37367	1.46403	1.50991	1.50991	1.46403	1.37367	1.24157	1.07175	1.17945	1.25131	1.28516	1.28364	1.25754	1.19323	1.09266	0.958898	
0.797998	0.790726	0.759429	0.705057	0.629262	0.613303	0.687015	0.739852	0.770209	0.777164	0.931435	1.0594	1.15519	1.21587	1.25622	1.26305	1.2315	1.16254	1.07175	1.24157	1.37367	1.46403	1.50991	1.50991	1.46403	1.37367	1.24157	1.07175	1.17945	1.25131	1.28516	1.27995	1.2404	1.17989	1.08354	0.954267	
0.797998	0.790726	0.759429	0.705057	0.629262	0.629262	0.705057	0.759429	0.790726	0.797998	0.951952	1.07898	1.17323	1.23182	1.26961	1.27347	1.23863	1.16615	1.07175	1.24157	1.37367	1.46403	1.50991	1.50991	1.46403	1.37367	1.24157	1.07175	1.16615	1.23863	1.27347	1.26961	1.23182	1.17323	1.07898	0.951952	
0.797998	0.790726	0.759429	0.705057	0.629262	0.638838	0.715882	0.771175	0.803036	0.810498	0.964262	1.09073	1.18405	1.2414	1.27765	1.27972	1.2429	1.16832	1.07175	1.24157	1.37367	1.46403	1.50991	1.50991	1.46403	1.37367	1.24157	1.07175	1.15696	1.22688	1.26264	1.26004	1.22668	1.16923	1.07625	0.950563	
0.810498	-0.239895	-1.283	-2.28712	-3.21253	-3.93828	-4.45862	-4.84349	-5.08119	-5.1645	-4.92135	-4.52667	-3.99445	-3.34086	-2.57258	-1.71861	-0.812414	0.118466	1.07175	2.2845	3.42784	4.46703	5.37049	6.11077	6.66538	7.01746	7.15633	7.07775	7.07311	6.85355	6.42694	5.83063	5.07113	4.16305	3.12848	1.99886	
0.810498	0.803036	0.771175	0.715882	0.638838	0.615912	0.647801	0.660008	0.676981	0.682498	0.826284	0.944965	1.03827	1.10422	1.13951	1.16889	1.16598	1.13612	1.07175	1.24157	1.37367	1.46403	1.50991	1.50991	1.46403	1.37367	1.24157	1.07175	1.19586	1.28363	1.33241	1.3407	1.30825	1.23605	1.1263	0.982321	
0.810498	0.803036	0.771175	0.715882	0.638838	0.615912	0.65526	0.705397	0.7341	0.740498	0.889012	1.01751	1.1151	1.1788	1.21986	1.23139	1.20551	1.15001	1.07175	1.24157	1.37367	1.46403	1.50991	1.50991	1.46403	1.37367	1.24157	1.07175	1.18162	1.25559	1.29141	1.29167	1.26711	1.20405	1.10441	0.971208	
0.810498	0.803036	0.771175	0.715882	0.638838	0.615912	0.687015	0.739852	0.770209	0.777164	0.930046	1.05667	1.15119	1.21072	1.24665	1.25222	1.21976	1.15465	1.07175	1.24157	1.37367	1.46403	1.50991	1.50991	1.46403	1.37367	1.24157	1.07175	1.18162	1.25559	1.29141	1.28799	1.24997	1.19072	1.09529	0.966577	
0.810498	0.803036	0.771175	0.715882	0.638838	0.629262	0.705057	0.759429	0.790726	0.797998	0.950563	1.07625	1.16923	1.22668	1.26004	1.26264	1.22688	1.15696	1.07175	1.24157	1.37367	1.46403	1.50991	1.50991	1.46403	1.37367	1.24157	1.07175	1.16832	1.2429	1.27972	1.27765	1.2414	1.18405	1.09073	0.964262	
0.810498	0.803036	0.771175	0.715882	0.638838	0.638838	0.715882	0.771175	0.803036	0.810498	0.962873	1.08799	1.18005	1.23626	1.26807	1.26889	1.23116	1.15835	1.07175	1.24157	1.37367	1.46403	1.50991	1.50991	1.46403	1.37367	1.24157	1.07175	1.15835	1.23116	1.26889	1.26807	1.23626	1.18005	1.08799	0.962873	
