3.26671e-05	3.78434e-05	4.18698e-05	4.46241e-05	4.60225e-05	4.60225e-05	4.46241e-05	4.18698e-05	3.78434e-05	3.26671e-05	0.00029311	0.000544646	0.000779634	0.000990933	0.00117212	0.0013177	0.00142324	0.00148553	0.00150269	0.0017408	0.00192601	0.00205271	0.00211703	0.00211703	0.00205271	0.00192601	0.0017408	0.00150269	0.00148553	0.00142324	0.0013177	0.00117212	0.000990933	0.000779634	0.000544646	0.00029311	
3.26671e-05	0.0174021	0.0342428	0.050043	0.0643227	0.076648	0.0866443	0.0940081	0.0985154	0.100029	0.0987707	0.0945108	0.0873793	0.0775929	0.0654488	0.0513161	0.0356241	0.0188498	0.00150269	-0.00520513	-0.0117548	-0.0179473	-0.0235945	-0.0285247	-0.0325883	-0.0356617	-0.0376515	-0.0384973	-0.0379073	-0.0361656	-0.033325	-0.0294718	-0.0247231	-0.0192232	-0.0131392	-0.00665603	
3.26671e-05	0.024348	0.0479236	0.070043	0.0900342	0.10729	0.121285	0.131596	0.137908	0.140029	0.138163	0.132099	0.12202	0.108235	0.0911603	0.0713161	0.0493049	0.0257957	0.00150269	-0.0121511	-0.0254356	-0.0379473	-0.049306	-0.0591665	-0.0672293	-0.0732494	-0.0770438	-0.0784973	-0.0772997	-0.0737533	-0.067966	-0.0601135	-0.0504346	-0.0392232	-0.02682	-0.013602	
3.26671e-05	0.0307151	0.0604643	0.0883763	0.113603	0.135378	0.15304	0.166051	0.174017	0.176696	0.174273	0.166554	0.153775	0.136323	0.114729	0.0896494	0.0618457	0.0321628	0.00150269	-0.0185182	-0.0379763	-0.0562806	-0.0728749	-0.0872548	-0.0989836	-0.107705	-0.113153	-0.115164	-0.113409	-0.108209	-0.0997202	-0.0882018	-0.0740035	-0.0575565	-0.0393608	-0.0199691	
3.26671e-05	0.0343328	0.0675897	0.098793	0.126994	0.151337	0.171082	0.185628	0.194534	0.197529	0.194789	0.186131	0.171817	0.152282	0.128121	0.100066	0.0689711	0.0357805	0.00150269	-0.0221358	-0.0451018	-0.0666973	-0.0862663	-0.103214	-0.117026	-0.127282	-0.13367	-0.135997	-0.133926	-0.127786	-0.117762	-0.104161	-0.0873949	-0.0679732	-0.0464862	-0.0235867	
3.26671e-05	0.0365034	0.071865	0.105043	0.135029	0.160913	0.181907	0.197374	0.206844	0.210029	0.2071	0.197877	0.182642	0.161858	0.136155	0.106316	0.0732463	0.0379511	0.00150269	-0.0243064	-0.049377	-0.0729473	-0.0943011	-0.11279	-0.127851	-0.139028	-0.14598	-0.148497	-0.146236	-0.139532	-0.128588	-0.113737	-0.0954297	-0.0742232	-0.0507614	-0.0257573	
0.100029	0.0985154	0.0940081	0.0866443	0.076648	0.0643227	0.050043	0.0342428	0.0174021	3.26671e-05	-0.00665603	-0.0131392	-0.0192232	-0.0247231	-0.0294718	-0.033325	-0.0361656	-0.0379073	-0.0384973	-0.0376515	-0.0356617	-0.0325883	-0.0285247	-0.0235945	-0.0179473	-0.0117548	-0.00520513	0.00150269	0.0188498	0.0356241	0.0513161	0.0654488	0.0775929	0.0873793	0.0945108	0.0987707	
0.0717426	0.0709706	0.0701012	0.0720033	0.0717177	0.0717177	0.0720033	0.0701012	0.0709706	0.0717426	0.0703348	0.0667899	0.0612156	0.0537813	0.0447129	0.0342859	0.0230834	0.0124827	0.00150269	0.0017408	0.00192601	0.00205271	0.00211703	0.00211703	0.00205271	0.00192601	0.0017408	0.00150269	0.0124827	0.0230834	0.0342859	0.0447129	0.0537813	0.0612156	0.0667899	0.0703348	
0.0600294	0.0730149	0.083782	0.0920033	0.0974292	0.0998947	0.0996347	0.108103	0.113288	0.115029	0.113543	0.108606	0.10037	0.0890835	0.0750906	0.0588161	0.0407544	0.0214545	0.00150269	-0.00288982	-0.00719452	-0.0112806	-0.015024	-0.0183108	-0.0210413	-0.0231325	-0.0245207	-0.025164	-0.0184095	-0.0110956	-0.00344461	0.00431105	0.0119357	0.0191977	0.0295615	0.0454865	
0.0600294	0.079382	0.0963227	0.110337	0.120998	0.127983	0.135719	0.147257	0.154321	0.156696	0.154576	0.14776	0.136454	0.121002	0.101873	0.0796494	0.0550053	0.0286898	0.00150269	-0.00983575	-0.0208753	-0.0312806	-0.0407355	-0.0489526	-0.0556823	-0.0607202	-0.0639131	-0.065164	-0.057223	-0.0475432	-0.036419	-0.0241881	-0.0112223	0.00208449	0.0170208	0.0391194	
0.0600294	0.0829997	0.103448	0.120753	0.134389	0.143942	0.153761	0.166834	0.174838	0.177529	0.175093	0.167337	0.154496	0.136961	0.115265	0.0900661	0.0621307	0.0323075	0.00150269	-0.0134534	-0.0280007	-0.0416973	-0.0541269	-0.0649119	-0.0737245	-0.0802971	-0.0844299	-0.0859973	-0.0777398	-0.0671202	-0.0544612	-0.0401474	-0.0246137	-0.00833218	0.00989536	0.0355017	
0.0600294	0.0851703	0.107723	0.127003	0.142424	0.153518	0.164587	0.17858	0.187148	0.190029	0.187403	0.179083	0.165322	0.146537	0.1233	0.0963161	0.0664059	0.0344781	0.00150269	-0.015624	-0.032276	-0.0479473	-0.0621617	-0.0744874	-0.0845498	-0.0920432	-0.09674	-0.0984973	-0.0900499	-0.0788663	-0.0652865	-0.0497229	-0.0326486	-0.0145822	0.00562011	0.0333311	
0.140029	0.137908	0.131596	0.121285	0.10729	0.0900342	0.070043	0.0479236	0.024348	3.26671e-05	-0.013602	-0.02682	-0.0392232	-0.0504346	-0.0601135	-0.067966	-0.0737533	-0.0772997	-0.0784973	-0.0770438	-0.0732494	-0.0672293	-0.0591665	-0.049306	-0.0379473	-0.0254356	-0.0121511	0.00150269	0.0257957	0.0493049	0.0713161	0.0911603	0.108235	0.12202	0.132099	0.138163	
0.115029	0.113288	0.108103	0.0996347	0.0998947	0.0974292	0.0920033	0.083782	0.0730149	0.0600294	0.0454865	0.0295615	0.0191977	0.0119357	0.00431105	-0.00344461	-0.0110956	-0.0184095	-0.025164	-0.0245207	-0.0231325	-0.0210413	-0.0183108	-0.015024	-0.0112806	-0.00719452	-0.00288982	0.00150269	0.0214545	0.0407544	0.0588161	0.0750906	0.0890835	0.10037	0.108606	0.113543	
0.0843162	0.0845108	0.0821375	0.0779219	0.0713387	0.0713387	0.0779219	0.0821375	0.0845108	0.0843162	0.0815597	0.076325	0.0687713	0.059128	0.0476881	0.0347992	0.020853	0.00646522	0.00150269	-0.00288982	-0.00719452	-0.0112806	-0.015024	-0.015024	-0.0112806	-0.00719452	-0.00288982	0.00150269	0.00646522	0.020853	0.0347992	0.0476881	0.059128	0.0687713	0.076325	0.0815597	
0.0450294	0.0559275	0.0651263	0.0771584	0.0913424	0.103257	0.114006	0.121291	0.125544	0.125983	0.122593	0.115479	0.104856	0.0910465	0.0744709	0.0556325	0.0351038	0.0135085	-0.00849731	-0.0196838	-0.0231325	-0.0210413	-0.0183108	-0.015024	-0.0112806	-0.00719452	-0.00288982	0.00150269	0.00657056	0.0114388	0.0159594	0.0199952	0.0234234	0.0261399	0.0280621	0.0330297	
0.0450294	0.0595452	0.0722517	0.0875751	0.104734	0.119216	0.132048	0.140868	0.146061	0.146816	0.14311	0.135056	0.122898	0.107006	0.0878623	0.0660492	0.0422292	0.0171261	-0.00849731	-0.0233015	-0.0373977	-0.0503575	-0.0568869	-0.0614474	-0.0641409	-0.0648854	-0.0636585	-0.0604973	-0.0552313	-0.0482872	-0.0398759	-0.0302529	-0.0197108	-0.00400205	0.012901	0.029412	
0.0450294	0.0620012	0.0820891	0.0996828	0.114248	0.128792	0.142874	0.152614	0.158371	0.159316	0.15542	0.146802	0.133723	0.116581	0.0958971	0.0722992	0.0465045	0.0192967	-0.00849731	-0.0254721	-0.0416729	-0.0566075	-0.0698222	-0.0809153	-0.0895498	-0.0954635	-0.0984765	-0.0984973	-0.0891816	-0.0771562	-0.0627865	-0.046509	-0.0288183	-0.0102521	0.00862573	0.0272414	
0.176696	0.174017	0.166051	0.15304	0.135378	0.113603	0.0883763	0.0604643	0.0307151	3.26671e-05	-0.0199691	-0.0393608	-0.0575565	-0.0740035	-0.0882018	-0.0997202	-0.108209	-0.113409	-0.115164	-0.113153	-0.107705	-0.0989836	-0.0872548	-0.0728749	-0.0562806	-0.0379763	-0.0185182	0.00150269	0.0321628	0.0618457	0.0896494	0.114729	0.136323	0.153775	0.166554	0.174273	
0.156696	0.154321	0.147257	0.135719	0.127983	0.120998	0.110337	0.0963227	0.079382	0.0600294	0.0391194	0.0170208	0.00208449	-0.0112223	-0.0241881	-0.036419	-0.0475432	-0.057223	-0.065164	-0.0639131	-0.0607202	-0.0556823	-0.0489526	-0.0407355	-0.0312806	-0.0208753	-0.00983575	0.00150269	0.0286898	0.0550053	0.0796494	0.101873	0.121002	0.136454	0.14776	0.154576	
0.125983	0.125544	0.121291	0.114006	0.103257	0.0913424	0.0771584	0.0651263	0.0559275	0.0450294	0.0330297	0.0280621	0.0261399	0.0234234	0.0199952	0.0159594	0.0114388	0.00657056	0.00150269	-0.00288982	-0.00719452	-0.0112806	-0.015024	-0.0183108	-0.0210413	-0.0231325	-0.0196838	-0.00849731	0.0135085	0.0351038	0.0556325	0.0744709	0.0910465	0.104856	0.115479	0.122593	
0.0666993	0.0749524	0.080928	0.0844447	0.0853956	0.0853956	0.0844447	0.080928	0.0749524	0.0666993	0.0574961	0.0465458	0.0341813	0.0207782	0.0150286	0.0120961	0.00879609	0.00522883	0.00150269	0.0017408	0.00192601	0.00205271	0.00211703	0.00211703	0.00205271	0.00192601	0.0017408	0.00150269	0.00522883	0.00879609	0.0120961	0.0150286	0.0207782	0.0341813	0.0465458	0.0574961	
0.0666993	0.0762547	0.0834932	0.0899798	0.0971431	0.101355	0.102487	0.100505	0.0954692	0.0875327	0.0780129	0.0661228	0.0522235	0.0367375	0.0235991	0.0187628	0.0133564	0.00754414	0.00150269	-0.00129805	-0.00405934	-0.00669729	-0.00913175	-0.0112887	-0.0131027	-0.0145186	-0.0154933	-0.0159973	-0.0122687	-0.00816722	-0.00381763	0.000647962	0.0122077	0.0275147	0.0419856	0.0551808	
0.0533627	0.0699225	0.0843578	0.0962298	0.105178	0.11093	0.113312	0.112251	0.107779	0.100033	0.090323	0.0778689	0.0630488	0.046313	0.0287414	0.0227628	0.0160925	0.00893332	0.00150269	0.0017408	0.00192601	0.00205271	0.00211703	0.00211703	0.00205271	0.00192601	0.0017408	0.00150269	0.00181305	0.00206833	0.00226076	0.00238451	0.00243579	0.00241307	0.0164565	0.0354482	
0.197529	0.194534	0.185628	0.171082	0.151337	0.126994	0.098793	0.0675897	0.0343328	3.26671e-05	-0.0235867	-0.0464862	-0.0679732	-0.0873949	-0.104161	-0.117762	-0.127786	-0.133926	-0.135997	-0.13367	-0.127282	-0.117026	-0.103214	-0.0862663	-0.0666973	-0.0451018	-0.0221358	0.00150269	0.0357805	0.0689711	0.100066	0.128121	0.152282	0.171817	0.186131	0.194789	
0.177529	0.174838	0.166834	0.153761	0.143942	0.134389	0.120753	0.103448	0.0829997	0.0600294	0.0355017	0.00989536	-0.00833218	-0.0246137	-0.0401474	-0.0544612	-0.0671202	-0.0777398	-0.0859973	-0.0844299	-0.0802971	-0.0737245	-0.0649119	-0.0541269	-0.0416973	-0.0280007	-0.0134534	0.00150269	0.0323075	0.0621307	0.0900661	0.115265	0.136961	0.154496	0.167337	0.175093	
0.146816	0.146061	0.140868	0.132048	0.119216	0.104734	0.0875751	0.0722517	0.0595452	0.0450294	0.029412	0.012901	-0.00400205	-0.0197108	-0.0302529	-0.0398759	-0.0482872	-0.0552313	-0.0604973	-0.0636585	-0.0648854	-0.0641409	-0.0614474	-0.0568869	-0.0503575	-0.0373977	-0.0233015	-0.00849731	0.0171261	0.0422292	0.0660492	0.0878623	0.107006	0.122898	0.135056	0.14311	
0.0875327	0.0954692	0.100505	0.102487	0.101355	0.0971431	0.0899798	0.0834932	0.0762547	0.0666993	0.0551808	0.0419856	0.0275147	0.0122077	0.000647962	-0.00381763	-0.00816722	-0.0122687	-0.0159973	-0.0154933	-0.0145186	-0.0131027	-0.0112887	-0.00913175	-0.00669729	-0.00405934	-0.00129805	0.00150269	0.00754414	0.0133564	0.0187628	0.0235991	0.0367375	0.0522235	0.0661228	0.0780129	
0.0875327	0.0967716	0.10307	0.106237	0.106176	0.106176	0.106237	0.10307	0.0967716	0.0875327	0.0756976	0.0615625	0.0455569	0.028167	0.00992128	0.00284904	-0.00360695	-0.00729332	-0.0104973	-0.0131157	-0.0153357	-0.0170896	-0.0183243	-0.0183243	-0.0170896	-0.0153357	-0.0131157	-0.0104973	-0.00729332	-0.00360695	0.00284904	0.00992128	0.028167	0.0455569	0.0615625	0.0756976	
0.0608627	0.0773086	0.0914054	0.102725	0.110923	0.115751	0.117062	0.114816	0.109082	0.100033	0.0880077	0.0733087	0.0563822	0.0377425	0.0179561	0.00684904	0.00497358	0.00328809	0.00150269	0.0017408	0.00192601	0.00205271	0.00211703	0.00211703	0.00205271	0.00192601	0.0017408	0.00150269	0.00543072	0.00919375	0.0126774	0.0157759	0.0183951	0.0204553	0.029337	0.0428342	
0.210029	0.206844	0.197374	0.181907	0.160913	0.135029	0.105043	0.071865	0.0365034	3.26671e-05	-0.0257573	-0.0507614	-0.0742232	-0.0954297	-0.113737	-0.128588	-0.139532	-0.146236	-0.148497	-0.14598	-0.139028	-0.127851	-0.11279	-0.0943011	-0.0729473	-0.049377	-0.0243064	0.00150269	0.0379511	0.0732463	0.106316	0.136155	0.161858	0.182642	0.197877	0.2071	
0.190029	0.187148	0.17858	0.164587	0.153518	0.142424	0.127003	0.107723	0.0851703	0.0600294	0.0333311	0.00562011	-0.0145822	-0.0326486	-0.0497229	-0.0652865	-0.0788663	-0.0900499	-0.0984973	-0.09674	-0.0920432	-0.0845498	-0.0744874	-0.0621617	-0.0479473	-0.032276	-0.015624	0.00150269	0.0344781	0.0664059	0.0963161	0.1233	0.146537	0.165322	0.179083	0.187403	
0.159316	0.158371	0.152614	0.142874	0.128792	0.114248	0.0996828	0.0820891	0.0620012	0.0450294	0.0272414	0.00862573	-0.0102521	-0.0288183	-0.046509	-0.0627865	-0.0771562	-0.0891816	-0.0984973	-0.0984765	-0.0954635	-0.0895498	-0.0809153	-0.0698222	-0.0566075	-0.0416729	-0.0254721	-0.00849731	0.0192967	0.0465045	0.0722992	0.0958971	0.116581	0.133723	0.146802	0.15542	
0.100033	0.107779	0.112251	0.113312	0.11093	0.105178	0.0962298	0.0843578	0.0699225	0.0533627	0.0354482	0.0164565	0.00241307	0.00243579	0.00238451	0.00226076	0.00206833	0.00181305	0.00150269	0.0017408	0.00192601	0.00205271	0.00211703	0.00211703	0.00205271	0.00192601	0.0017408	0.00150269	0.00893332	0.0160925	0.0227628	0.0287414	0.046313	0.0630488	0.0778689	0.090323	
0.100033	0.109082	0.114816	0.117062	0.115751	0.110923	0.102725	0.0914054	0.0773086	0.0608627	0.0428342	0.029337	0.0204553	0.0183951	0.0157759	0.0126774	0.00919375	0.00543072	0.00150269	0.0017408	0.00192601	0.00205271	0.00211703	0.00211703	0.00205271	0.00192601	0.0017408	0.00150269	0.00328809	0.00497358	0.00684904	0.0179561	0.0377425	0.0563822	0.0733087	0.0880077	
0.0642831	0.0731172	0.0797296	0.0839195	0.0855595	0.0855595	0.0839195	0.0797296	0.0731172	0.0642831	0.0534959	0.0410832	0.0312806	0.0279706	0.0238108	0.0189274	0.013469	0.00760133	0.00150269	0.0017408	0.00192601	0.00205271	0.00211703	0.00211703	0.00205271	0.00192601	0.0017408	0.00150269	0.00760133	0.013469	0.0189274	0.0238108	0.0279706	0.0312806	0.0410832	0.0534959	
