2.07052e-08	2.39861e-08	2.65382e-08	2.82839e-08	2.91702e-08	2.91702e-08	2.82839e-08	2.65382e-08	2.39861e-08	2.07052e-08	1.8578e-07	3.45211e-07	4.94152e-07	6.28078e-07	7.42921e-07	8.35191e-07	9.02083e-07	9.41567e-07	9.52441e-07	1.10336e-06	1.22076e-06	1.30106e-06	1.34183e-06	1.34183e-06	1.30106e-06	1.22076e-06	1.10336e-06	9.52441e-07	9.41567e-07	9.02083e-07	8.35191e-07	7.42921e-07	6.28078e-07	4.94152e-07	3.45211e-07	1.8578e-07	
2.07052e-08	0.0173648	0.034202	0.05	0.0642788	0.0766045	0.0866026	0.0939693	0.0984808	0.1	0.098481	0.0939696	0.086603	0.0766051	0.0642795	0.0500008	0.0342029	0.0173658	9.52441e-07	-0.00694482	-0.0136796	-0.0199987	-0.0257102	-0.0306404	-0.0346397	-0.0375865	-0.0393912	-0.039999	-0.0393914	-0.0375868	-0.0346402	-0.030641	-0.0257109	-0.0199995	-0.0136805	-0.00694574	
2.07052e-08	0.0243108	0.0478828	0.07	0.0899903	0.107246	0.121244	0.131557	0.137873	0.14	0.137873	0.131557	0.121244	0.107247	0.089991	0.0700008	0.0478837	0.0243117	9.52441e-07	-0.0138908	-0.0273604	-0.0399987	-0.0514217	-0.0612822	-0.0692807	-0.0751742	-0.0787835	-0.079999	-0.0787837	-0.0751745	-0.0692812	-0.0612828	-0.0514224	-0.0399995	-0.0273613	-0.0138917	
2.07052e-08	0.0306779	0.0604236	0.0883334	0.113559	0.135335	0.152998	0.166012	0.173983	0.176667	0.173983	0.166013	0.152998	0.135335	0.11356	0.0883342	0.0604245	0.0306788	9.52441e-07	-0.0202579	-0.0399011	-0.058332	-0.0749905	-0.0893705	-0.101035	-0.10963	-0.114893	-0.116666	-0.114893	-0.10963	-0.101035	-0.0893711	-0.0749913	-0.0583328	-0.039902	-0.0202588	
2.07052e-08	0.0342955	0.067549	0.09875	0.126951	0.151294	0.17104	0.185589	0.1945	0.1975	0.1945	0.18559	0.171041	0.151294	0.126951	0.0987508	0.0675499	0.0342965	9.52441e-07	-0.0238755	-0.0470265	-0.0687487	-0.088382	-0.10533	-0.119077	-0.129207	-0.13541	-0.137499	-0.13541	-0.129207	-0.119078	-0.10533	-0.0883827	-0.0687495	-0.0470274	-0.0238764	
2.07052e-08	0.0364661	0.0718243	0.105	0.134985	0.160869	0.181865	0.197335	0.20681	0.21	0.20681	0.197336	0.181866	0.16087	0.134986	0.105001	0.0718251	0.0364671	9.52441e-07	-0.0260461	-0.0513018	-0.0749987	-0.0964168	-0.114905	-0.129903	-0.140953	-0.14772	-0.149999	-0.14772	-0.140953	-0.129903	-0.114906	-0.0964175	-0.0749995	-0.0513027	-0.026047	
0.1	0.0984808	0.0939693	0.0866026	0.0766045	0.0642788	0.05	0.034202	0.0173648	2.07052e-08	-0.00694574	-0.0136805	-0.0199995	-0.0257109	-0.030641	-0.0346402	-0.0375868	-0.0393914	-0.039999	-0.0393912	-0.0375865	-0.0346397	-0.0306404	-0.0257102	-0.0199987	-0.0136796	-0.00694482	9.52441e-07	0.0173658	0.0342029	0.0500008	0.0642795	0.0766051	0.086603	0.0939696	0.098481	
0.0711548	0.0706524	0.0700624	0.0719616	0.0716742	0.0716742	0.0719616	0.0700624	0.0706524	0.0711548	0.0694951	0.0657239	0.0599557	0.0523657	0.0431847	0.0326915	0.0216622	0.0109987	9.52441e-07	1.10336e-06	1.22076e-06	1.30106e-06	1.34183e-06	1.34183e-06	1.30106e-06	1.22076e-06	1.10336e-06	9.52441e-07	0.0109987	0.0216622	0.0326915	0.0431847	0.0523657	0.0599557	0.0657239	0.0694951	
0.06	0.0729803	0.0837432	0.0919616	0.0973857	0.0998508	0.0995929	0.108065	0.113253	0.115	0.113253	0.108065	0.0995934	0.0880957	0.0739213	0.0575008	0.0393332	0.0199705	9.52441e-07	-0.00462951	-0.00911932	-0.013332	-0.0171397	-0.0204265	-0.0230927	-0.0250572	-0.0262604	-0.0266657	-0.0198935	-0.0125168	-0.00475984	0.00314177	0.0109479	0.0184214	0.0290203	0.0451968	
0.06	0.0793474	0.0962839	0.110295	0.120955	0.127939	0.135677	0.147219	0.154287	0.156667	0.154287	0.147219	0.135678	0.120014	0.100704	0.0783342	0.0535841	0.0272058	9.52441e-07	-0.0115754	-0.0228001	-0.033332	-0.0428512	-0.0510683	-0.0577337	-0.062645	-0.0656527	-0.0666657	-0.058707	-0.0489645	-0.0377342	-0.0253574	-0.0122101	0.00130818	0.0164796	0.0388297	
0.06	0.0829651	0.103409	0.120712	0.134346	0.143898	0.15372	0.166795	0.174803	0.1775	0.174804	0.166796	0.15372	0.135974	0.114096	0.0887508	0.0607095	0.0308235	9.52441e-07	-0.0151931	-0.0299255	-0.0437487	-0.0562426	-0.0670275	-0.0757759	-0.0822219	-0.0861696	-0.087499	-0.0792238	-0.0685414	-0.0557764	-0.0413166	-0.0256015	-0.00910849	0.00935413	0.035212	
0.06	0.0851357	0.107685	0.126962	0.142381	0.153474	0.164545	0.178542	0.187113	0.19	0.187114	0.178542	0.164545	0.145549	0.12213	0.0950008	0.0649847	0.0329941	9.52441e-07	-0.0173637	-0.0342008	-0.0499987	-0.0642774	-0.0766031	-0.0866012	-0.093968	-0.0984797	-0.099999	-0.0915339	-0.0802876	-0.0666017	-0.0508922	-0.0336364	-0.0153585	0.00507888	0.0330414	
0.14	0.137873	0.131557	0.121244	0.107246	0.0899903	0.07	0.0478828	0.0243108	2.07052e-08	-0.0138917	-0.0273613	-0.0399995	-0.0514224	-0.0612828	-0.0692812	-0.0751745	-0.0787837	-0.079999	-0.0787835	-0.0751742	-0.0692807	-0.0612822	-0.0514217	-0.0399987	-0.0273604	-0.0138908	9.52441e-07	0.0243117	0.0478837	0.0700008	0.089991	0.107247	0.121244	0.131557	0.137873	
0.115	0.113253	0.108065	0.0995929	0.0998508	0.0973857	0.0919616	0.0837432	0.0729803	0.06	0.0451968	0.0290203	0.0184214	0.0109479	0.00314177	-0.00475984	-0.0125168	-0.0198935	-0.0266657	-0.0262604	-0.0250572	-0.0230927	-0.0204265	-0.0171397	-0.013332	-0.00911932	-0.00462951	9.52441e-07	0.0199705	0.0393332	0.0575008	0.0739213	0.0880957	0.0995934	0.108065	0.113253	
0.0837283	0.0841926	0.0820988	0.0778801	0.0712952	0.0712952	0.0778801	0.0820988	0.0841926	0.0837283	0.08072	0.075259	0.0675113	0.0577123	0.0461598	0.0332047	0.0192407	0.00488422	9.52441e-07	-0.00462951	-0.00911932	-0.013332	-0.0171397	-0.0171397	-0.013332	-0.00911932	-0.00462951	9.52441e-07	0.00488422	0.0192407	0.0332047	0.0461598	0.0577123	0.0675113	0.075259	0.08072	
0.045	0.0558929	0.0650875	0.0767688	0.0912989	0.103214	0.113965	0.121253	0.125226	0.125395	0.121754	0.114413	0.103596	0.0896309	0.0729426	0.0540381	0.0334916	0.0119275	-0.00999905	-0.0214235	-0.0250572	-0.0230927	-0.0204265	-0.0171397	-0.013332	-0.00911932	-0.00462951	9.52441e-07	0.00498956	0.00982656	0.014365	0.0184669	0.0220078	0.0248799	0.0269961	0.03274	
0.045	0.0595106	0.072213	0.0871855	0.10469	0.119173	0.132007	0.14083	0.145743	0.146228	0.14227	0.13399	0.121638	0.10559	0.086334	0.0644547	0.040617	0.0155451	-0.00999905	-0.0250412	-0.0393225	-0.052409	-0.063903	-0.0734554	-0.0807759	-0.0856421	-0.0879061	-0.087499	-0.0783556	-0.0668313	-0.0532764	-0.0381027	-0.0217713	-0.00477836	0.0123597	0.0291223	
0.045	0.0619666	0.0820503	0.099641	0.114204	0.128749	0.142832	0.152576	0.158053	0.158728	0.154581	0.145736	0.132463	0.115166	0.0943689	0.0707047	0.0448922	0.0177157	-0.00999905	-0.0272118	-0.0435977	-0.058659	-0.0719379	-0.083031	-0.0916012	-0.0973882	-0.100216	-0.099999	-0.0906657	-0.0785775	-0.0641017	-0.0476783	-0.0298061	-0.0110284	0.0080845	0.0269517	
0.176667	0.173983	0.166012	0.152998	0.135335	0.113559	0.0883334	0.0604236	0.0306779	2.07052e-08	-0.0202588	-0.039902	-0.0583328	-0.0749913	-0.0893711	-0.101035	-0.10963	-0.114893	-0.116666	-0.114893	-0.10963	-0.101035	-0.0893705	-0.0749905	-0.058332	-0.0399011	-0.0202579	9.52441e-07	0.0306788	0.0604245	0.0883342	0.11356	0.135335	0.152998	0.166013	0.173983	
0.156667	0.154287	0.147219	0.135677	0.127939	0.120955	0.110295	0.0962839	0.0793474	0.06	0.0388297	0.0164796	0.00130818	-0.0122101	-0.0253574	-0.0377342	-0.0489645	-0.058707	-0.0666657	-0.0656527	-0.062645	-0.0577337	-0.0510683	-0.0428512	-0.033332	-0.0228001	-0.0115754	9.52441e-07	0.0272058	0.0535841	0.0783342	0.100704	0.120014	0.135678	0.147219	0.154287	
0.125395	0.125226	0.121253	0.113965	0.103214	0.0912989	0.0767688	0.0650875	0.0558929	0.045	0.03274	0.0269961	0.0248799	0.0220078	0.0184669	0.014365	0.00982656	0.00498956	9.52441e-07	-0.00462951	-0.00911932	-0.013332	-0.0171397	-0.0204265	-0.0230927	-0.0250572	-0.0214235	-0.00999905	0.0119275	0.0334916	0.0540381	0.0729426	0.0896309	0.103596	0.114413	0.121754	
0.0666667	0.0749151	0.0808873	0.0844017	0.0853517	0.0853517	0.0844017	0.0808873	0.0749151	0.0666667	0.0572032	0.0460015	0.0334022	0.0197879	0.0135003	0.0105016	0.00718386	0.00364783	9.52441e-07	1.10336e-06	1.22076e-06	1.30106e-06	1.34183e-06	1.34183e-06	1.30106e-06	1.22076e-06	1.10336e-06	9.52441e-07	0.00364783	0.00718386	0.0105016	0.0135003	0.0197879	0.0334022	0.0460015	0.0572032	
0.0533334	0.0677173	0.0800437	0.089938	0.0970996	0.101311	0.102444	0.100464	0.0954319	0.0875	0.07772	0.0655785	0.0514444	0.0357472	0.0220708	0.0171683	0.0117441	0.00596314	9.52441e-07	-0.00303774	-0.00598413	-0.0087487	-0.0112474	-0.0134044	-0.0151541	-0.0164434	-0.017233	-0.017499	-0.0138908	-0.00986054	-0.00553064	-0.0010327	0.00349662	0.00791969	0.0201905	0.037329	
0.0533334	0.0698879	0.084319	0.096188	0.105134	0.110886	0.113269	0.11221	0.107742	0.1	0.0900301	0.0773246	0.0622697	0.0453227	0.0272131	0.0211683	0.0144803	0.00735232	9.52441e-07	-0.00520834	-0.0102594	-0.0149987	-0.0192823	-0.02298	-0.0259795	-0.0281896	-0.0295431	-0.029999	-0.0268566	-0.0228981	-0.0182439	-0.0130354	-0.00743077	-0.00160038	0.0159153	0.0351584	
0.1975	0.1945	0.185589	0.17104	0.151294	0.126951	0.09875	0.067549	0.0342955	2.07052e-08	-0.0238764	-0.0470274	-0.0687495	-0.0883827	-0.10533	-0.119078	-0.129207	-0.13541	-0.137499	-0.13541	-0.129207	-0.119077	-0.10533	-0.088382	-0.0687487	-0.0470265	-0.0238755	9.52441e-07	0.0342965	0.0675499	0.0987508	0.126951	0.151294	0.171041	0.18559	0.1945	
0.1775	0.174803	0.166795	0.15372	0.143898	0.134346	0.120712	0.103409	0.0829651	0.06	0.035212	0.00935413	-0.00910849	-0.0256015	-0.0413166	-0.0557764	-0.0685414	-0.0792238	-0.087499	-0.0861696	-0.0822219	-0.0757759	-0.0670275	-0.0562426	-0.0437487	-0.0299255	-0.0151931	9.52441e-07	0.0308235	0.0607095	0.0887508	0.114096	0.135974	0.15372	0.166796	0.174804	
0.146228	0.145743	0.14083	0.132007	0.119173	0.10469	0.0871855	0.072213	0.0595106	0.045	0.0291223	0.0123597	-0.00477836	-0.0217713	-0.0381027	-0.0532764	-0.0668313	-0.0783556	-0.087499	-0.0879061	-0.0856421	-0.0807759	-0.0734554	-0.063903	-0.052409	-0.0393225	-0.0250412	-0.00999905	0.0155451	0.040617	0.0644547	0.086334	0.10559	0.121638	0.13399	0.14227	
0.0875	0.0954319	0.100464	0.102444	0.101311	0.0970996	0.089938	0.0800437	0.0677173	0.0533334	0.037329	0.0201905	0.00791969	0.00349662	-0.0010327	-0.00553064	-0.00986054	-0.0138908	-0.017499	-0.017233	-0.0164434	-0.0151541	-0.0134044	-0.0112474	-0.0087487	-0.00598413	-0.00303774	9.52441e-07	0.00596314	0.0117441	0.0171683	0.0220708	0.0357472	0.0514444	0.0655785	0.07772	
0.0325813	0.035125	0.0366014	0.0369657	0.0362069	0.0362069	0.0369657	0.0366014	0.035125	0.0325813	0.0290476	0.0246314	0.0194667	0.0137105	0.0075378	0.00113602	-0.00529006	-0.00877791	-0.011999	-0.0148554	-0.0172604	-0.019141	-0.02044	-0.02044	-0.019141	-0.0172604	-0.0148554	-0.011999	-0.00877791	-0.00529006	0.00113602	0.0075378	0.0137105	0.0194667	0.0246314	0.0290476	
0.0504662	0.059771	0.0672596	0.0727046	0.0759404	0.0769951	0.0757104	0.0721252	0.0663485	0.0585558	0.048984	0.0379238	0.0263949	0.0198389	0.0126801	0.00513602	0.00292716	0.00148664	9.52441e-07	1.10336e-06	1.22076e-06	1.30106e-06	1.34183e-06	1.34183e-06	1.30106e-06	1.22076e-06	1.10336e-06	9.52441e-07	0.00321565	0.00633264	0.00925721	0.0119005	0.0141822	0.016033	0.0275859	0.0396281	
0.21	0.20681	0.197335	0.181865	0.160869	0.134985	0.105	0.0718243	0.0364661	2.07052e-08	-0.026047	-0.0513027	-0.0749995	-0.0964175	-0.114906	-0.129903	-0.140953	-0.14772	-0.149999	-0.14772	-0.140953	-0.129903	-0.114905	-0.0964168	-0.0749987	-0.0513018	-0.0260461	9.52441e-07	0.0364671	0.0718251	0.105001	0.134986	0.16087	0.181866	0.197336	0.20681	
0.19	0.187113	0.178542	0.164545	0.153474	0.142381	0.126962	0.107685	0.0851357	0.06	0.0330414	0.00507888	-0.0153585	-0.0336364	-0.0508922	-0.0666017	-0.0802876	-0.0915339	-0.099999	-0.0984797	-0.093968	-0.0866012	-0.0766031	-0.0642774	-0.0499987	-0.0342008	-0.0173637	9.52441e-07	0.0329941	0.0649847	0.0950008	0.12213	0.145549	0.164545	0.178542	0.187114	
0.158728	0.158053	0.152576	0.142832	0.128749	0.114204	0.099641	0.0820503	0.0619666	0.045	0.0269517	0.0080845	-0.0110284	-0.0298061	-0.0476783	-0.0641017	-0.0785775	-0.0906657	-0.099999	-0.100216	-0.0973882	-0.0916012	-0.083031	-0.0719379	-0.058659	-0.0435977	-0.0272118	-0.00999905	0.0177157	0.0448922	0.0707047	0.0943689	0.115166	0.132463	0.145736	0.154581	
0.1	0.107742	0.11221	0.113269	0.110886	0.105134	0.096188	0.084319	0.0698879	0.0533334	0.0351584	0.0159153	-0.00160038	-0.00743077	-0.0130354	-0.0182439	-0.0228981	-0.0268566	-0.029999	-0.0295431	-0.0281896	-0.0259795	-0.02298	-0.0192823	-0.0149987	-0.0102594	-0.00520834	9.52441e-07	0.00735232	0.0144803	0.0211683	0.0272131	0.0453227	0.0622697	0.0773246	0.0900301	
0.0585558	0.0663485	0.0721252	0.0757104	0.0769951	0.0759404	0.0727046	0.0672596	0.059771	0.0504662	0.0396281	0.0275859	0.016033	0.0141822	0.0119005	0.00925721	0.00633264	0.00321565	9.52441e-07	1.10336e-06	1.22076e-06	1.30106e-06	1.34183e-06	1.34183e-06	1.30106e-06	1.22076e-06	1.10336e-06	9.52441e-07	0.00148664	0.00292716	0.00513602	0.0126801	0.0198389	0.0263949	0.0379238	0.048984	
0.0629662	0.0720811	0.0790058	0.0835299	0.085516	0.085516	0.0835299	0.0790058	0.0720811	0.0629662	0.0519382	0.0393321	0.0268583	0.0237578	0.0199354	0.0155072	0.0106079	0.00538625	9.52441e-07	1.10336e-06	1.22076e-06	1.30106e-06	1.34183e-06	1.34183e-06	1.30106e-06	1.22076e-06	1.10336e-06	9.52441e-07	0.00538625	0.0106079	0.0155072	0.0199354	0.0237578	0.0268583	0.0393321	0.0519382	
