5.05499e-08	5.85598e-08	6.47905e-08	6.90524e-08	7.12163e-08	7.12163e-08	6.90524e-08	6.47905e-08	5.85598e-08	5.05499e-08	4.53565e-07	8.42799e-07	1.20643e-06	1.53339e-06	1.81377e-06	2.03904e-06	2.20235e-06	2.29875e-06	2.3253e-06	2.69375e-06	2.98036e-06	3.17641e-06	3.27595e-06	3.27595e-06	3.17641e-06	2.98036e-06	2.69375e-06	2.3253e-06	2.29875e-06	2.20235e-06	2.03904e-06	1.81377e-06	1.53339e-06	1.20643e-06	8.42799e-07	4.53565e-07	
5.05499e-08	0.0173649	0.0342021	0.0500001	0.0642788	0.0766045	0.0866026	0.0939693	0.0984808	0.1	0.0984812	0.0939701	0.0866037	0.076606	0.0642806	0.050002	0.0342042	0.0173671	2.3253e-06	-0.00694323	-0.0136778	-0.0199968	-0.0257082	-0.0306385	-0.0346378	-0.0375847	-0.0393896	-0.0399977	-0.03939	-0.0375855	-0.034639	-0.03064	-0.02571	-0.0199988	-0.01368	-0.00694548	
5.05499e-08	0.0243108	0.0478829	0.0700001	0.0899903	0.107246	0.121244	0.131557	0.137873	0.14	0.137874	0.131558	0.121245	0.107248	0.0899921	0.070002	0.047885	0.024313	2.3253e-06	-0.0138892	-0.0273586	-0.0399968	-0.0514197	-0.0612803	-0.0692789	-0.0751724	-0.0787819	-0.0799977	-0.0787823	-0.0751732	-0.06928	-0.0612817	-0.0514215	-0.0399988	-0.0273608	-0.0138914	
5.05499e-08	0.0306779	0.0604236	0.0883334	0.113559	0.135335	0.152998	0.166012	0.173983	0.176667	0.173983	0.166013	0.152999	0.135336	0.113561	0.0883354	0.0604258	0.0306801	2.3253e-06	-0.0202563	-0.0398994	-0.0583302	-0.0749886	-0.0893686	-0.101033	-0.109628	-0.114892	-0.116664	-0.114892	-0.109629	-0.101034	-0.08937	-0.0749904	-0.0583321	-0.0399015	-0.0202585	
5.05499e-08	0.0342956	0.067549	0.0987501	0.126951	0.151294	0.17104	0.185589	0.1945	0.1975	0.1945	0.18559	0.171041	0.151295	0.126952	0.098752	0.0675512	0.0342978	2.3253e-06	-0.0238739	-0.0470248	-0.0687468	-0.08838	-0.105328	-0.119075	-0.129205	-0.135408	-0.137498	-0.135409	-0.129206	-0.119076	-0.105329	-0.0883818	-0.0687488	-0.0470269	-0.0238762	
5.05499e-08	0.0364662	0.0718243	0.105	0.134985	0.160869	0.181865	0.197336	0.20681	0.21	0.20681	0.197336	0.181867	0.160871	0.134987	0.105002	0.0718264	0.0364684	2.3253e-06	-0.0260445	-0.0513	-0.0749968	-0.0964149	-0.114903	-0.129901	-0.140951	-0.147718	-0.149998	-0.147719	-0.140952	-0.129902	-0.114905	-0.0964166	-0.0749988	-0.0513022	-0.0260468	
0.1	0.0984808	0.0939693	0.0866026	0.0766045	0.0642788	0.0500001	0.0342021	0.0173649	5.05499e-08	-0.00694548	-0.01368	-0.0199988	-0.02571	-0.03064	-0.034639	-0.0375855	-0.03939	-0.0399977	-0.0393896	-0.0375847	-0.0346378	-0.0306385	-0.0257082	-0.0199968	-0.0136778	-0.00694323	2.3253e-06	0.0173671	0.0342042	0.050002	0.0642806	0.076606	0.0866037	0.0939701	0.0984812	
0.0711553	0.0706527	0.0700624	0.0719616	0.0716742	0.0716742	0.0719616	0.0700624	0.0706527	0.0711553	0.0694959	0.0657249	0.0599568	0.052367	0.0431861	0.0326929	0.0216635	0.011	2.3253e-06	2.69375e-06	2.98036e-06	3.17641e-06	3.27595e-06	3.27595e-06	3.17641e-06	2.98036e-06	2.69375e-06	2.3253e-06	0.011	0.0216635	0.0326929	0.0431861	0.052367	0.0599568	0.0657249	0.0694959	
0.06	0.0729804	0.0837432	0.0919616	0.0973857	0.0998509	0.099593	0.108065	0.113253	0.115	0.113253	0.108065	0.0995941	0.0880966	0.0739224	0.057502	0.0393345	0.0199718	2.3253e-06	-0.00462792	-0.00911756	-0.0133302	-0.0171377	-0.0204246	-0.0230908	-0.0250555	-0.0262588	-0.0266643	-0.0198921	-0.0125155	-0.00475864	0.00314284	0.0109488	0.0184221	0.0290208	0.0451971	
0.06	0.0793475	0.096284	0.110295	0.120955	0.127939	0.135677	0.147219	0.154287	0.156667	0.154287	0.147219	0.135679	0.120015	0.100705	0.0783354	0.0535854	0.0272072	2.3253e-06	-0.0115739	-0.0227984	-0.0333302	-0.0428492	-0.0510664	-0.0577319	-0.0626432	-0.0656512	-0.0666643	-0.0587056	-0.0489632	-0.037733	-0.0253563	-0.0122092	0.00130888	0.01648	0.03883	
0.06	0.0829651	0.103409	0.120712	0.134346	0.143898	0.15372	0.166796	0.174803	0.1775	0.174804	0.166796	0.153721	0.135974	0.114097	0.088752	0.0607108	0.0308248	2.3253e-06	-0.0151915	-0.0299238	-0.0437468	-0.0562406	-0.0670256	-0.075774	-0.0822201	-0.086168	-0.0874977	-0.0792225	-0.0685401	-0.0557752	-0.0413156	-0.0256006	-0.00910778	0.00935463	0.0352123	
0.06	0.0851357	0.107685	0.126962	0.142381	0.153474	0.164545	0.178542	0.187114	0.19	0.187114	0.178542	0.164546	0.14555	0.122131	0.095002	0.064986	0.0329955	2.3253e-06	-0.0173621	-0.034199	-0.0499968	-0.0642755	-0.0766012	-0.0865994	-0.0939663	-0.0984781	-0.0999977	-0.0915326	-0.0802863	-0.0666005	-0.0508911	-0.0336355	-0.0153578	0.00507937	0.0330417	
0.14	0.137873	0.131557	0.121244	0.107246	0.0899903	0.0700001	0.0478829	0.0243108	5.05499e-08	-0.0138914	-0.0273608	-0.0399988	-0.0514215	-0.0612817	-0.06928	-0.0751732	-0.0787823	-0.0799977	-0.0787819	-0.0751724	-0.0692789	-0.0612803	-0.0514197	-0.0399968	-0.0273586	-0.0138892	2.3253e-06	0.024313	0.047885	0.070002	0.0899921	0.107248	0.121245	0.131558	0.137874	
0.115	0.113253	0.108065	0.099593	0.0998509	0.0973857	0.0919616	0.0837432	0.0729804	0.06	0.0451971	0.0290208	0.0184221	0.0109488	0.00314284	-0.00475864	-0.0125155	-0.0198921	-0.0266643	-0.0262588	-0.0250555	-0.0230908	-0.0204246	-0.0171377	-0.0133302	-0.00911756	-0.00462792	2.3253e-06	0.0199718	0.0393345	0.057502	0.0739224	0.0880966	0.0995941	0.108065	0.113253	
0.0837289	0.0841929	0.0820988	0.0778802	0.0712952	0.0712952	0.0778802	0.0820988	0.0841929	0.0837289	0.0807207	0.07526	0.0675125	0.0577136	0.0461612	0.0332062	0.0192422	0.00488566	2.3253e-06	-0.00462792	-0.00911756	-0.0133302	-0.0171377	-0.0171377	-0.0133302	-0.00911756	-0.00462792	2.3253e-06	0.00488566	0.0192422	0.0332062	0.0461612	0.0577136	0.0675125	0.07526	0.0807207	
0.045	0.0558929	0.0650876	0.0767692	0.0912989	0.103214	0.113965	0.121253	0.125227	0.125396	0.121754	0.114414	0.103597	0.0896322	0.072944	0.0540395	0.0334931	0.0119289	-0.00999767	-0.0214219	-0.0250555	-0.0230908	-0.0204246	-0.0171377	-0.0133302	-0.00911756	-0.00462792	2.3253e-06	0.004991	0.00982803	0.0143664	0.0184683	0.0220091	0.0248811	0.0269971	0.0327403	
0.045	0.0595106	0.072213	0.0871859	0.10469	0.119173	0.132007	0.14083	0.145743	0.146229	0.142271	0.133991	0.121639	0.105591	0.0863354	0.0644562	0.0406185	0.0155466	-0.00999767	-0.0250396	-0.0393207	-0.0524071	-0.0639011	-0.0734535	-0.080774	-0.0856403	-0.0879045	-0.0874977	-0.0783542	-0.06683	-0.0532752	-0.0381016	-0.0217704	-0.00477765	0.0123602	0.0291226	
0.045	0.0619666	0.0820504	0.0996411	0.114204	0.128749	0.142832	0.152576	0.158053	0.158729	0.154581	0.145737	0.132464	0.115167	0.0943703	0.0707062	0.0448937	0.0177172	-0.00999767	-0.0272102	-0.043596	-0.0586571	-0.0719359	-0.083029	-0.0915994	-0.0973865	-0.100215	-0.0999977	-0.0906643	-0.0785762	-0.0641005	-0.0476772	-0.0298052	-0.0110277	0.00808499	0.026952	
0.176667	0.173983	0.166012	0.152998	0.135335	0.113559	0.0883334	0.0604236	0.0306779	5.05499e-08	-0.0202585	-0.0399015	-0.0583321	-0.0749904	-0.08937	-0.101034	-0.109629	-0.114892	-0.116664	-0.114892	-0.109628	-0.101033	-0.0893686	-0.0749886	-0.0583302	-0.0398994	-0.0202563	2.3253e-06	0.0306801	0.0604258	0.0883354	0.113561	0.135336	0.152999	0.166013	0.173983	
0.156667	0.154287	0.147219	0.135677	0.127939	0.120955	0.110295	0.096284	0.0793475	0.06	0.03883	0.01648	0.00130888	-0.0122092	-0.0253563	-0.037733	-0.0489632	-0.0587056	-0.0666643	-0.0656512	-0.0626432	-0.0577319	-0.0510664	-0.0428492	-0.0333302	-0.0227984	-0.0115739	2.3253e-06	0.0272072	0.0535854	0.0783354	0.100705	0.120015	0.135679	0.147219	0.154287	
0.125396	0.125227	0.121253	0.113965	0.103214	0.0912989	0.0767692	0.0650876	0.0558929	0.045	0.0327403	0.0269971	0.0248811	0.0220091	0.0184683	0.0143664	0.00982803	0.004991	2.3253e-06	-0.00462792	-0.00911756	-0.0133302	-0.0171377	-0.0204246	-0.0230908	-0.0250555	-0.0214219	-0.00999767	0.0119289	0.0334931	0.0540395	0.072944	0.0896322	0.103597	0.114414	0.121754	
0.0666667	0.0749151	0.0808873	0.0844018	0.0853517	0.0853517	0.0844018	0.0808873	0.0749151	0.0666667	0.0572034	0.046002	0.0334029	0.0197888	0.0135017	0.0105031	0.00718534	0.00364927	2.3253e-06	2.69375e-06	2.98036e-06	3.17641e-06	3.27595e-06	3.27595e-06	3.17641e-06	2.98036e-06	2.69375e-06	2.3253e-06	0.00364927	0.00718534	0.0105031	0.0135017	0.0197888	0.0334029	0.046002	0.0572034	
0.0533334	0.0677173	0.0800438	0.0899381	0.0970997	0.101311	0.102444	0.100464	0.095432	0.0875001	0.0777203	0.065579	0.0514451	0.0357481	0.0220722	0.0171697	0.0117456	0.00596458	2.3253e-06	-0.00303615	-0.00598237	-0.00874682	-0.0112455	-0.0134025	-0.0151523	-0.0164416	-0.0172314	-0.0174977	-0.0138893	-0.00985884	-0.00552885	-0.00103088	0.00349842	0.00792142	0.020191	0.0373293	
0.0533334	0.069888	0.084319	0.0961881	0.105135	0.110887	0.113269	0.11221	0.107742	0.1	0.0900304	0.0773251	0.0622704	0.0453236	0.0272145	0.0211697	0.0144818	0.00735377	2.3253e-06	-0.00520675	-0.0102576	-0.0149968	-0.0192804	-0.0229781	-0.0259776	-0.0281878	-0.0295415	-0.0299977	-0.026855	-0.0228964	-0.0182421	-0.0130336	-0.00742897	-0.00159865	0.0159158	0.0351587	
0.1975	0.1945	0.185589	0.17104	0.151294	0.126951	0.0987501	0.067549	0.0342956	5.05499e-08	-0.0238762	-0.0470269	-0.0687488	-0.0883818	-0.105329	-0.119076	-0.129206	-0.135409	-0.137498	-0.135408	-0.129205	-0.119075	-0.105328	-0.08838	-0.0687468	-0.0470248	-0.0238739	2.3253e-06	0.0342978	0.0675512	0.098752	0.126952	0.151295	0.171041	0.18559	0.1945	
0.1775	0.174803	0.166796	0.15372	0.143898	0.134346	0.120712	0.103409	0.0829651	0.06	0.0352123	0.00935463	-0.00910778	-0.0256006	-0.0413156	-0.0557752	-0.0685401	-0.0792225	-0.0874977	-0.086168	-0.0822201	-0.075774	-0.0670256	-0.0562406	-0.0437468	-0.0299238	-0.0151915	2.3253e-06	0.0308248	0.0607108	0.088752	0.114097	0.135974	0.153721	0.166796	0.174804	
0.146229	0.145743	0.14083	0.132007	0.119173	0.10469	0.0871859	0.072213	0.0595106	0.045	0.0291226	0.0123602	-0.00477765	-0.0217704	-0.0381016	-0.0532752	-0.06683	-0.0783542	-0.0874977	-0.0879045	-0.0856403	-0.080774	-0.0734535	-0.0639011	-0.0524071	-0.0393207	-0.0250396	-0.00999767	0.0155466	0.0406185	0.0644562	0.0863354	0.105591	0.121639	0.133991	0.142271	
0.0875001	0.095432	0.100464	0.102444	0.101311	0.0970997	0.0899381	0.0800438	0.0677173	0.0533334	0.0373293	0.020191	0.00792142	0.00349842	-0.00103088	-0.00552885	-0.00985884	-0.0138893	-0.0174977	-0.0172314	-0.0164416	-0.0151523	-0.0134025	-0.0112455	-0.00874682	-0.00598237	-0.00303615	2.3253e-06	0.00596458	0.0117456	0.0171697	0.0220722	0.0357481	0.0514451	0.065579	0.0777203	
0.0325825	0.0351259	0.0366021	0.0369661	0.0362069	0.0362069	0.0369661	0.0366021	0.0351259	0.0325825	0.029049	0.024633	0.0194684	0.0137123	0.00753962	0.00113781	-0.00528876	-0.00877655	-0.0119977	-0.0148538	-0.0172587	-0.0191391	-0.020438	-0.020438	-0.0191391	-0.0172587	-0.0148538	-0.0119977	-0.00877655	-0.00528876	0.00113781	0.00753962	0.0137123	0.0194684	0.024633	0.029049	
0.0504674	0.0597719	0.0672603	0.0727049	0.0759405	0.0769955	0.0757111	0.0721263	0.0663499	0.0585575	0.0489859	0.0379259	0.0263966	0.0198407	0.0126819	0.00513781	0.00292903	0.00148829	2.3253e-06	2.69375e-06	2.98036e-06	3.17641e-06	3.27595e-06	3.27595e-06	3.17641e-06	2.98036e-06	2.69375e-06	2.3253e-06	0.00321767	0.00633525	0.00926034	0.0119041	0.0141861	0.0160371	0.0275875	0.0396295	
0.21	0.20681	0.197336	0.181865	0.160869	0.134985	0.105	0.0718243	0.0364662	5.05499e-08	-0.0260468	-0.0513022	-0.0749988	-0.0964166	-0.114905	-0.129902	-0.140952	-0.147719	-0.149998	-0.147718	-0.140951	-0.129901	-0.114903	-0.0964149	-0.0749968	-0.0513	-0.0260445	2.3253e-06	0.0364684	0.0718264	0.105002	0.134987	0.160871	0.181867	0.197336	0.20681	
0.19	0.187114	0.178542	0.164545	0.153474	0.142381	0.126962	0.107685	0.0851357	0.06	0.0330417	0.00507937	-0.0153578	-0.0336355	-0.0508911	-0.0666005	-0.0802863	-0.0915326	-0.0999977	-0.0984781	-0.0939663	-0.0865994	-0.0766012	-0.0642755	-0.0499968	-0.034199	-0.0173621	2.3253e-06	0.0329955	0.064986	0.095002	0.122131	0.14555	0.164546	0.178542	0.187114	
0.158729	0.158053	0.152576	0.142832	0.128749	0.114204	0.0996411	0.0820504	0.0619666	0.045	0.026952	0.00808499	-0.0110277	-0.0298052	-0.0476772	-0.0641005	-0.0785762	-0.0906643	-0.0999977	-0.100215	-0.0973865	-0.0915994	-0.083029	-0.0719359	-0.0586571	-0.043596	-0.0272102	-0.00999767	0.0177172	0.0448937	0.0707062	0.0943703	0.115167	0.132464	0.145737	0.154581	
0.1	0.107742	0.11221	0.113269	0.110887	0.105135	0.0961881	0.084319	0.069888	0.0533334	0.0351587	0.0159158	-0.00159865	-0.00742897	-0.0130336	-0.0182421	-0.0228964	-0.026855	-0.0299977	-0.0295415	-0.0281878	-0.0259776	-0.0229781	-0.0192804	-0.0149968	-0.0102576	-0.00520675	2.3253e-06	0.00735377	0.0144818	0.0211697	0.0272145	0.0453236	0.0622704	0.0773251	0.0900304	
0.0585575	0.0663499	0.0721263	0.0757111	0.0769955	0.0759405	0.0727049	0.0672603	0.0597719	0.0504674	0.0396295	0.0275875	0.0160371	0.0141861	0.0119041	0.00926034	0.00633525	0.00321767	2.3253e-06	2.69375e-06	2.98036e-06	3.17641e-06	3.27595e-06	3.27595e-06	3.17641e-06	2.98036e-06	2.69375e-06	2.3253e-06	0.00148829	0.00292903	0.00513781	0.0126819	0.0198407	0.0263966	0.0379259	0.0489859	
0.0629674	0.072082	0.0790064	0.0835302	0.085516	0.085516	0.0835302	0.0790064	0.072082	0.0629674	0.0519396	0.0393337	0.0268624	0.0237616	0.0199389	0.0155103	0.0106105	0.00538828	2.3253e-06	2.69375e-06	2.98036e-06	3.17641e-06	3.27595e-06	3.27595e-06	3.17641e-06	2.98036e-06	2.69375e-06	2.3253e-06	0.00538828	0.0106105	0.0155103	0.0199389	0.0237616	0.0268624	0.0393337	0.0519396	
