3.76626e-07	4.36305e-07	4.82726e-07	5.14481e-07	5.30603e-07	5.30603e-07	5.14481e-07	4.82726e-07	4.36305e-07	3.76626e-07	3.37932e-06	6.27934e-06	8.98857e-06	1.14247e-05	1.35137e-05	1.5192e-05	1.64088e-05	1.7127e-05	1.73248e-05	2.007e-05	2.22054e-05	2.36661e-05	2.44077e-05	2.44077e-05	2.36661e-05	2.22054e-05	2.007e-05	1.73248e-05	1.7127e-05	1.64088e-05	1.5192e-05	1.35137e-05	1.14247e-05	8.98857e-06	6.27934e-06	3.37932e-06	
3.76626e-07	0.0173652	0.0342025	0.0500005	0.0642793	0.0766049	0.086603	0.0939697	0.0984812	0.1	0.0984841	0.0939755	0.0866115	0.0766158	0.0642923	0.0500152	0.0342184	0.0173819	1.73248e-05	-0.00692586	-0.0136586	-0.0199763	-0.0256871	-0.0306174	-0.0346174	-0.0375655	-0.0393722	-0.0399827	-0.0393752	-0.0375713	-0.0346258	-0.0306283	-0.0257001	-0.019991	-0.0136746	-0.00694258	
3.76626e-07	0.0243112	0.0478833	0.0700005	0.0899908	0.107247	0.121244	0.131557	0.137873	0.14	0.137876	0.131563	0.121253	0.107258	0.0900038	0.0700152	0.0478992	0.0243279	1.73248e-05	-0.0138718	-0.0273394	-0.0399763	-0.0513986	-0.0612591	-0.0692584	-0.0751532	-0.0787646	-0.0799827	-0.0787675	-0.075159	-0.0692669	-0.0612701	-0.0514116	-0.039991	-0.0273554	-0.0138885	
3.76626e-07	0.0306783	0.060424	0.0883338	0.11356	0.135335	0.152998	0.166013	0.173983	0.176667	0.173986	0.166019	0.153007	0.135346	0.113573	0.0883485	0.06044	0.030695	1.73248e-05	-0.0202389	-0.0398801	-0.0583097	-0.0749675	-0.0893474	-0.101013	-0.109609	-0.114874	-0.116649	-0.114877	-0.109614	-0.101021	-0.0893584	-0.0749805	-0.0583244	-0.0398961	-0.0202556	
3.76626e-07	0.0342959	0.0675494	0.0987505	0.126951	0.151294	0.17104	0.18559	0.1945	0.1975	0.194503	0.185596	0.171049	0.151305	0.126964	0.0987652	0.0675654	0.0343126	1.73248e-05	-0.0238566	-0.0470056	-0.0687263	-0.0883589	-0.105307	-0.119055	-0.129186	-0.135391	-0.137483	-0.135394	-0.129191	-0.119063	-0.105318	-0.0883719	-0.068741	-0.0470215	-0.0238733	
3.76626e-07	0.0364665	0.0718247	0.105	0.134986	0.16087	0.181866	0.197336	0.20681	0.21	0.206813	0.197342	0.181874	0.160881	0.134999	0.105015	0.0718406	0.0364832	1.73248e-05	-0.0260272	-0.0512808	-0.0749763	-0.0963937	-0.114882	-0.12988	-0.140932	-0.147701	-0.149983	-0.147704	-0.140937	-0.129889	-0.114893	-0.0964067	-0.074991	-0.0512968	-0.0260439	
0.1	0.0984812	0.0939697	0.086603	0.0766049	0.0642793	0.0500005	0.0342025	0.0173652	3.76626e-07	-0.00694258	-0.0136746	-0.019991	-0.0257001	-0.0306283	-0.0346258	-0.0375713	-0.0393752	-0.0399827	-0.0393722	-0.0375655	-0.0346174	-0.0306174	-0.0256871	-0.0199763	-0.0136586	-0.00692586	1.73248e-05	0.0173819	0.0342184	0.0500152	0.0642923	0.0766158	0.0866115	0.0939755	0.0984841	
0.0711612	0.0706559	0.0700628	0.071962	0.0716747	0.0716747	0.071962	0.0700628	0.0706559	0.0711612	0.0695043	0.0657355	0.0599694	0.0523811	0.0432013	0.0327088	0.0216777	0.0110148	1.73248e-05	2.007e-05	2.22054e-05	2.36661e-05	2.44077e-05	2.44077e-05	2.36661e-05	2.22054e-05	2.007e-05	1.73248e-05	0.0110148	0.0216777	0.0327088	0.0432013	0.0523811	0.0599694	0.0657355	0.0695043	
0.0600003	0.0729807	0.0837436	0.091962	0.0973862	0.0998513	0.0995934	0.108065	0.113253	0.115	0.113256	0.108071	0.0996019	0.0881065	0.0739341	0.0575152	0.0393487	0.0199867	1.73248e-05	-0.00461055	-0.00909833	-0.0133097	-0.0171166	-0.0204034	-0.0230703	-0.0250363	-0.0262415	-0.0266493	-0.0198773	-0.0125013	-0.0047455	0.00315452	0.0109587	0.0184299	0.0290262	0.0452	
0.0600003	0.0793478	0.0962844	0.110295	0.120955	0.12794	0.135678	0.147219	0.154287	0.156667	0.15429	0.147225	0.135686	0.120025	0.100717	0.0783485	0.0535996	0.027222	1.73248e-05	-0.0115565	-0.0227791	-0.0333097	-0.0428281	-0.0510452	-0.0577114	-0.062624	-0.0656338	-0.0666493	-0.0586908	-0.048949	-0.0377199	-0.0253446	-0.0121993	0.00131664	0.0164855	0.0388329	
0.0600003	0.0829655	0.10341	0.120712	0.134346	0.143899	0.15372	0.166796	0.174804	0.1775	0.174807	0.166802	0.153728	0.135984	0.114108	0.0887652	0.060725	0.0308397	1.73248e-05	-0.0151741	-0.0299046	-0.0437263	-0.0562195	-0.0670045	-0.0757536	-0.0822009	-0.0861506	-0.0874827	-0.0792076	-0.0685259	-0.055762	-0.0413039	-0.0255907	-0.00910003	0.00936003	0.0352152	
0.0600003	0.0851361	0.107685	0.126962	0.142381	0.153474	0.164545	0.178542	0.187114	0.19	0.187117	0.178548	0.164554	0.14556	0.122143	0.0950152	0.0650002	0.0330103	1.73248e-05	-0.0173447	-0.0341798	-0.0499763	-0.0642544	-0.07658	-0.0865789	-0.0939471	-0.0984607	-0.0999827	-0.0915177	-0.0802721	-0.0665874	-0.0508795	-0.0336256	-0.01535	0.00508478	0.0330446	
0.14	0.137873	0.131557	0.121244	0.107247	0.0899908	0.0700005	0.0478833	0.0243112	3.76626e-07	-0.0138885	-0.0273554	-0.039991	-0.0514116	-0.0612701	-0.0692669	-0.075159	-0.0787675	-0.0799827	-0.0787646	-0.0751532	-0.0692584	-0.0612591	-0.0513986	-0.0399763	-0.0273394	-0.0138718	1.73248e-05	0.0243279	0.0478992	0.0700152	0.0900038	0.107258	0.121253	0.131563	0.137876	
0.115	0.113253	0.108065	0.0995934	0.0998513	0.0973862	0.091962	0.0837436	0.0729807	0.0600003	0.0452	0.0290262	0.0184299	0.0109587	0.00315452	-0.0047455	-0.0125013	-0.0198773	-0.0266493	-0.0262415	-0.0250363	-0.0230703	-0.0204034	-0.0171166	-0.0133097	-0.00909833	-0.00461055	1.73248e-05	0.0199867	0.0393487	0.0575152	0.0739341	0.0881065	0.0996019	0.108071	0.113256	
0.0837347	0.0841961	0.0820992	0.0778806	0.0712956	0.0712956	0.0778806	0.0820992	0.0841961	0.0837347	0.0807291	0.0752706	0.0675251	0.0577278	0.0461765	0.0332221	0.0192583	0.00490146	1.73248e-05	-0.00461055	-0.00909833	-0.0133097	-0.0171166	-0.0171166	-0.0133097	-0.00909833	-0.00461055	1.73248e-05	0.00490146	0.0192583	0.0332221	0.0461765	0.0577278	0.0675251	0.0752706	0.0807291	
0.0450003	0.0558933	0.065088	0.0767731	0.0912993	0.103214	0.113965	0.121253	0.12523	0.125401	0.121763	0.114424	0.103609	0.0896463	0.0729593	0.0540554	0.0335092	0.0119447	-0.00998268	-0.0214046	-0.0250363	-0.0230703	-0.0204034	-0.0171166	-0.0133097	-0.00909833	-0.00461055	1.73248e-05	0.00500679	0.00984413	0.0143824	0.0184836	0.0220232	0.0248937	0.0270077	0.0327431	
0.0450003	0.059511	0.0722134	0.0871898	0.104691	0.119173	0.132007	0.14083	0.145747	0.146235	0.14228	0.134001	0.121652	0.105606	0.0863507	0.0644721	0.0406346	0.0155624	-0.00998268	-0.0250222	-0.0393015	-0.0523866	-0.06388	-0.0734324	-0.0807536	-0.0856211	-0.0878871	-0.0874827	-0.0783394	-0.0668158	-0.053262	-0.03809	-0.0217605	-0.0047699	0.0123656	0.0291255	
0.0450003	0.061967	0.0820508	0.0996415	0.114205	0.128749	0.142832	0.152576	0.158057	0.158735	0.15459	0.145748	0.132477	0.115181	0.0943855	0.0707221	0.0449098	0.017733	-0.00998268	-0.0271928	-0.0435767	-0.0586366	-0.0719148	-0.0830079	-0.0915789	-0.0973673	-0.100197	-0.0999827	-0.0906495	-0.078562	-0.0640874	-0.0476655	-0.0297954	-0.0110199	0.0080904	0.0269549	
0.176667	0.173983	0.166013	0.152998	0.135335	0.11356	0.0883338	0.060424	0.0306783	3.76626e-07	-0.0202556	-0.0398961	-0.0583244	-0.0749805	-0.0893584	-0.101021	-0.109614	-0.114877	-0.116649	-0.114874	-0.109609	-0.101013	-0.0893474	-0.0749675	-0.0583097	-0.0398801	-0.0202389	1.73248e-05	0.030695	0.06044	0.0883485	0.113573	0.135346	0.153007	0.166019	0.173986	
0.156667	0.154287	0.147219	0.135678	0.12794	0.120955	0.110295	0.0962844	0.0793478	0.0600003	0.0388329	0.0164855	0.00131664	-0.0121993	-0.0253446	-0.0377199	-0.048949	-0.0586908	-0.0666493	-0.0656338	-0.062624	-0.0577114	-0.0510452	-0.0428281	-0.0333097	-0.0227791	-0.0115565	1.73248e-05	0.027222	0.0535996	0.0783485	0.100717	0.120025	0.135686	0.147225	0.15429	
0.125401	0.12523	0.121253	0.113965	0.103214	0.0912993	0.0767731	0.065088	0.0558933	0.0450003	0.0327431	0.0270077	0.0248937	0.0220232	0.0184836	0.0143824	0.00984413	0.00500679	1.73248e-05	-0.00461055	-0.00909833	-0.0133097	-0.0171166	-0.0204034	-0.0230703	-0.0250363	-0.0214046	-0.00998268	0.0119447	0.0335092	0.0540554	0.0729593	0.0896463	0.103609	0.114424	0.121763	
0.066667	0.0749155	0.0808877	0.0844022	0.0853521	0.0853521	0.0844022	0.0808877	0.0749155	0.066667	0.0572064	0.0460075	0.0334107	0.0197987	0.013517	0.010519	0.00720144	0.00366506	1.73248e-05	2.007e-05	2.22054e-05	2.36661e-05	2.44077e-05	2.44077e-05	2.36661e-05	2.22054e-05	2.007e-05	1.73248e-05	0.00366506	0.00720144	0.010519	0.013517	0.0197987	0.0334107	0.0460075	0.0572064	
0.0533337	0.0677177	0.0800441	0.0899385	0.0971001	0.101311	0.102444	0.100465	0.0954323	0.0875004	0.0777232	0.0655844	0.0514529	0.035758	0.0220875	0.0171857	0.0117617	0.00598037	1.73248e-05	-0.00301877	-0.00596315	-0.00872633	-0.0112244	-0.0133814	-0.0151318	-0.0164224	-0.0172141	-0.0174827	-0.0138722	-0.00984024	-0.00550929	-0.00101093	0.00351814	0.00794031	0.0201964	0.0373322	
0.0533337	0.0698883	0.0843194	0.0961885	0.105135	0.110887	0.11327	0.112211	0.107742	0.1	0.0900333	0.0773306	0.0622782	0.0453335	0.0272298	0.0211857	0.0144979	0.00736956	1.73248e-05	-0.00518938	-0.0102384	-0.0149763	-0.0192592	-0.0229569	-0.0259571	-0.0281686	-0.0295242	-0.0299827	-0.026838	-0.0228779	-0.0182226	-0.0130136	-0.00740925	-0.00157976	0.0159212	0.0351616	
0.1975	0.1945	0.18559	0.17104	0.151294	0.126951	0.0987505	0.0675494	0.0342959	3.76626e-07	-0.0238733	-0.0470215	-0.068741	-0.0883719	-0.105318	-0.119063	-0.129191	-0.135394	-0.137483	-0.135391	-0.129186	-0.119055	-0.105307	-0.0883589	-0.0687263	-0.0470056	-0.0238566	1.73248e-05	0.0343126	0.0675654	0.0987652	0.126964	0.151305	0.171049	0.185596	0.194503	
0.1775	0.174804	0.166796	0.15372	0.143899	0.134346	0.120712	0.10341	0.0829655	0.0600003	0.0352152	0.00936003	-0.00910003	-0.0255907	-0.0413039	-0.055762	-0.0685259	-0.0792076	-0.0874827	-0.0861506	-0.0822009	-0.0757536	-0.0670045	-0.0562195	-0.0437263	-0.0299046	-0.0151741	1.73248e-05	0.0308397	0.060725	0.0887652	0.114108	0.135984	0.153728	0.166802	0.174807	
0.146235	0.145747	0.14083	0.132007	0.119173	0.104691	0.0871898	0.0722134	0.059511	0.0450003	0.0291255	0.0123656	-0.0047699	-0.0217605	-0.03809	-0.053262	-0.0668158	-0.0783394	-0.0874827	-0.0878871	-0.0856211	-0.0807536	-0.0734324	-0.06388	-0.0523866	-0.0393015	-0.0250222	-0.00998268	0.0155624	0.0406346	0.0644721	0.0863507	0.105606	0.121652	0.134001	0.14228	
0.0875004	0.0954323	0.100465	0.102444	0.101311	0.0971001	0.0899385	0.0800441	0.0677177	0.0533337	0.0373322	0.0201964	0.00794031	0.00351814	-0.00101093	-0.00550929	-0.00984024	-0.0138722	-0.0174827	-0.0172141	-0.0164224	-0.0151318	-0.0133814	-0.0112244	-0.00872633	-0.00596315	-0.00301877	1.73248e-05	0.00598037	0.0117617	0.0171857	0.0220875	0.035758	0.0514529	0.0655844	0.0777232	
0.0325956	0.0351363	0.0366093	0.03697	0.0362074	0.0362074	0.03697	0.0366093	0.0351363	0.0325956	0.0290646	0.0246505	0.0194873	0.0137321	0.00755957	0.00115738	-0.00527455	-0.00876172	-0.0119827	-0.0148365	-0.0172395	-0.0191186	-0.0204169	-0.0204169	-0.0191186	-0.0172395	-0.0148365	-0.0119827	-0.00876172	-0.00527455	0.00115738	0.00755957	0.0137321	0.0194873	0.0246505	0.0290646	
0.0504806	0.0597823	0.0672675	0.0727088	0.0759409	0.0770001	0.0757197	0.0721386	0.0663656	0.0585761	0.0490068	0.0379484	0.0264155	0.0198604	0.0127019	0.00515738	0.00294947	0.00150628	1.73248e-05	2.007e-05	2.22054e-05	2.36661e-05	2.44077e-05	2.44077e-05	2.36661e-05	2.22054e-05	2.007e-05	1.73248e-05	0.0032398	0.00636383	0.0092945	0.0119428	0.0142282	0.0160812	0.027605	0.0396451	
0.21	0.20681	0.197336	0.181866	0.16087	0.134986	0.105	0.0718247	0.0364665	3.76626e-07	-0.0260439	-0.0512968	-0.074991	-0.0964067	-0.114893	-0.129889	-0.140937	-0.147704	-0.149983	-0.147701	-0.140932	-0.12988	-0.114882	-0.0963937	-0.0749763	-0.0512808	-0.0260272	1.73248e-05	0.0364832	0.0718406	0.105015	0.134999	0.160881	0.181874	0.197342	0.206813	
0.19	0.187114	0.178542	0.164545	0.153474	0.142381	0.126962	0.107685	0.0851361	0.0600003	0.0330446	0.00508478	-0.01535	-0.0336256	-0.0508795	-0.0665874	-0.0802721	-0.0915177	-0.0999827	-0.0984607	-0.0939471	-0.0865789	-0.07658	-0.0642544	-0.0499763	-0.0341798	-0.0173447	1.73248e-05	0.0330103	0.0650002	0.0950152	0.122143	0.14556	0.164554	0.178548	0.187117	
0.158735	0.158057	0.152576	0.142832	0.128749	0.114205	0.0996415	0.0820508	0.061967	0.0450003	0.0269549	0.0080904	-0.0110199	-0.0297954	-0.0476655	-0.0640874	-0.078562	-0.0906495	-0.0999827	-0.100197	-0.0973673	-0.0915789	-0.0830079	-0.0719148	-0.0586366	-0.0435767	-0.0271928	-0.00998268	0.017733	0.0449098	0.0707221	0.0943855	0.115181	0.132477	0.145748	0.15459	
0.1	0.107742	0.112211	0.11327	0.110887	0.105135	0.0961885	0.0843194	0.0698883	0.0533337	0.0351616	0.0159212	-0.00157976	-0.00740925	-0.0130136	-0.0182226	-0.0228779	-0.026838	-0.0299827	-0.0295242	-0.0281686	-0.0259571	-0.0229569	-0.0192592	-0.0149763	-0.0102384	-0.00518938	1.73248e-05	0.00736956	0.0144979	0.0211857	0.0272298	0.0453335	0.0622782	0.0773306	0.0900333	
0.0585761	0.0663656	0.0721386	0.0757197	0.0770001	0.0759409	0.0727088	0.0672675	0.0597823	0.0504806	0.0396451	0.027605	0.0160812	0.0142282	0.0119428	0.0092945	0.00636383	0.0032398	1.73248e-05	2.007e-05	2.22054e-05	2.36661e-05	2.44077e-05	2.44077e-05	2.36661e-05	2.22054e-05	2.007e-05	1.73248e-05	0.00150628	0.00294947	0.00515738	0.0127019	0.0198604	0.0264155	0.0379484	0.0490068	
0.0629806	0.0720924	0.0790136	0.0835341	0.0855165	0.0855165	0.0835341	0.0790136	0.0720924	0.0629806	0.0519552	0.0393512	0.0269065	0.0238037	0.0199776	0.0155445	0.0106391	0.0054104	1.73248e-05	2.007e-05	2.22054e-05	2.36661e-05	2.44077e-05	2.44077e-05	2.36661e-05	2.22054e-05	2.007e-05	1.73248e-05	0.0054104	0.0106391	0.0155445	0.0199776	0.0238037	0.0269065	0.0393512	0.0519552	
