0.0198664	0.0221081	0.0238054	0.0249165	0.025414	0.0252858	0.025414	0.0249165	0.0238054	0.0221081	0.0198664	0.0200612	0.0197619	0.0189761	0.017723	0.0160335	0.0139492	0.0115214	0.00880992	0.00592603	0.0044083	0.00448709	0.00445539	0.00431399	0.00406636	0.0037186	0.00406636	0.00431399	0.00445539	0.00448709	0.0044083	0.00592603	0.00880992	0.0115214	0.0139492	0.0160335	0.017723	0.0189761	0.0197619	0.0200612	
0.0198664	0.0221081	0.0238054	0.0249165	0.025414	0.0252858	0.024535	0.0231801	0.0212543	0.0188053	0.0158931	0.0158305	0.0153781	0.0145471	0.0133578	0.0118396	0.0100299	0.00797322	0.00572022	0.00377323	0.00285059	0.00370005	0.0044584	0.00510697	0.00562979	0.00601399	0.0062501	0.00633231	0.0062586	0.00603079	0.00565447	0.00807109	0.010289	0.0122535	0.0139492	0.0160335	0.017723	0.0189761	0.0197619	0.0200612	
0.0198664	0.0221081	0.0238054	0.0249165	0.025414	0.0252858	0.024535	0.0231801	0.0212543	0.0188053	0.0158931	0.0158305	0.0153781	0.0145471	0.0133578	0.0118396	0.0100299	0.00797322	0.00572022	0.00377323	0.00285059	0.00370005	0.0044584	0.00510697	0.00562979	0.00601399	0.0062501	0.00633231	0.0062586	0.00603079	0.00565447	0.00807109	0.010289	0.0122535	0.0139492	0.0160335	0.017723	0.0189761	0.0197619	0.0200612	
0.0198664	0.0221081	0.0238054	0.0249165	0.025414	0.0252858	0.024535	0.0231801	0.0212543	0.0188053	0.0158931	0.0158305	0.0153781	0.0145471	0.0133578	0.0118396	0.0100299	0.00797322	0.00572022	0.00377323	0.00285059	0.00370005	0.0044584	0.00510697	0.00562979	0.00601399	0.0062501	0.00633231	0.0062586	0.00603079	0.00565447	0.00807109	0.010289	0.0122535	0.0139492	0.0160335	0.017723	0.0189761	0.0197619	0.0200612	
0.0198664	0.0221081	0.0238054	0.0249165	0.025414	0.0252858	0.024535	0.0231801	0.0212543	0.0188053	0.0158931	0.0158305	0.0153781	0.0145471	0.0133578	0.0118396	0.0100299	0.00797322	0.00572022	0.00377323	0.00285059	0.00370005	0.0044584	0.00510697	0.00562979	0.00601399	0.0062501	0.00633231	0.0062586	0.00603079	0.00565447	0.00807109	0.010289	0.0122535	0.0139492	0.0160335	0.017723	0.0189761	0.0197619	0.0200612	
0.0198664	0.0221081	0.0238054	0.0249165	0.025414	0.0252858	0.024535	0.0231801	0.0212543	0.0188053	0.0158931	0.0158305	0.0153781	0.0145471	0.0133578	0.0118396	0.0100299	0.00797322	0.00572022	0.00377323	0.00285059	0.00370005	0.0044584	0.00510697	0.00562979	0.00601399	0.0062501	0.00633231	0.0062586	0.00603079	0.00565447	0.00807109	0.010289	0.0122535	0.0139492	0.0160335	0.017723	0.0189761	0.0197619	0.0200612	
0.0158931	0.0188053	0.0212543	0.0231801	0.024535	0.0252858	0.025414	0.0249165	0.0238054	0.0221081	0.0198664	0.0200612	0.0197619	0.0189761	0.017723	0.0160335	0.0139492	0.0122535	0.010289	0.00807109	0.00565447	0.00603079	0.0062586	0.00633231	0.0062501	0.00601399	0.00562979	0.00510697	0.0044584	0.00370005	0.00285059	0.00377323	0.00572022	0.00797322	0.0100299	0.0118396	0.0133578	0.0145471	0.0153781	0.0158305	
0.0158931	0.0176866	0.0190445	0.0199335	0.0203317	0.0202292	0.0203317	0.0199335	0.0190445	0.0176866	0.0158931	0.016582	0.0168626	0.016728	0.0161814	0.0152365	0.0139163	0.0122535	0.010289	0.00807109	0.00565447	0.00627447	0.00673996	0.0070395	0.0071657	0.00711546	0.0071657	0.0070395	0.00673996	0.00627447	0.00565447	0.00807109	0.010289	0.0122535	0.0139163	0.0152365	0.0161814	0.016728	0.0168626	0.016582	
0.0158931	0.0176866	0.0190445	0.0199335	0.0203317	0.0202292	0.0203317	0.0199335	0.0190445	0.0176866	0.0158931	0.016582	0.0168626	0.016728	0.0161814	0.0152365	0.0139163	0.0122535	0.010289	0.00807109	0.00565447	0.00627447	0.00673996	0.0070395	0.0071657	0.00711546	0.0071657	0.0070395	0.00673996	0.00627447	0.00565447	0.00807109	0.010289	0.0122535	0.0139163	0.0152365	0.0161814	0.016728	0.0168626	0.016582	
0.0158931	0.0176866	0.0190445	0.0199335	0.0203317	0.0202292	0.0203317	0.0199335	0.0190445	0.0176866	0.0158931	0.016582	0.0168626	0.016728	0.0161814	0.0152365	0.0139163	0.0122535	0.010289	0.00807109	0.00565447	0.00627447	0.00673996	0.0070395	0.0071657	0.00711546	0.0071657	0.0070395	0.00673996	0.00627447	0.00565447	0.00807109	0.010289	0.0122535	0.0139163	0.0152365	0.0161814	0.016728	0.0168626	0.016582	
0.0158931	0.0176866	0.0190445	0.0199335	0.0203317	0.0202292	0.0203317	0.0199335	0.0190445	0.0176866	0.0158931	0.016582	0.0168626	0.016728	0.0161814	0.0152365	0.0139163	0.0122535	0.010289	0.00807109	0.00565447	0.00627447	0.00673996	0.0070395	0.0071657	0.00711546	0.0071657	0.0070395	0.00673996	0.00627447	0.00565447	0.00807109	0.010289	0.0122535	0.0139163	0.0152365	0.0161814	0.016728	0.0168626	0.016582	
0.0158931	0.0176866	0.0190445	0.0199335	0.0203317	0.0202292	0.0203317	0.0199335	0.0190445	0.0176866	0.0158931	0.016582	0.0168626	0.016728	0.0161814	0.0152365	0.0139163	0.0122535	0.010289	0.00807109	0.00565447	0.00627447	0.00673996	0.0070395	0.0071657	0.00711546	0.0071657	0.0070395	0.00673996	0.00627447	0.00565447	0.00807109	0.010289	0.0122535	0.0139163	0.0152365	0.0161814	0.016728	0.0168626	0.016582	
0.0158931	0.0188053	0.0212543	0.0231801	0.024535	0.0252858	0.025414	0.0249165	0.0238054	0.0221081	0.0198664	0.0200612	0.0197619	0.0189761	0.017723	0.0160335	0.0139492	0.0122535	0.010289	0.00807109	0.00565447	0.00603079	0.0062586	0.00633231	0.0062501	0.00601399	0.00562979	0.00510697	0.0044584	0.00370005	0.00285059	0.00377323	0.00572022	0.00797322	0.0100299	0.0118396	0.0133578	0.0145471	0.0153781	0.0158305	
0.0158931	0.0176866	0.0190445	0.0199335	0.0203317	0.0202292	0.0203317	0.0199335	0.0190445	0.0176866	0.0158931	0.016582	0.0168626	0.016728	0.0161814	0.0152365	0.0139163	0.0122535	0.010289	0.00807109	0.00565447	0.00627447	0.00673996	0.0070395	0.0071657	0.00711546	0.0071657	0.0070395	0.00673996	0.00627447	0.00565447	0.00807109	0.010289	0.0122535	0.0139163	0.0152365	0.0161814	0.016728	0.0168626	0.016582	
0.0158931	0.0176866	0.0190445	0.0199335	0.0203317	0.0202292	0.0203317	0.0199335	0.0190445	0.0176866	0.0158931	0.016582	0.0168626	0.016728	0.0161814	0.0152365	0.0139163	0.0122535	0.010289	0.00807109	0.00565447	0.00627447	0.00673996	0.0070395	0.0071657	0.00711546	0.0071657	0.0070395	0.00673996	0.00627447	0.00565447	0.00807109	0.010289	0.0122535	0.0139163	0.0152365	0.0161814	0.016728	0.0168626	0.016582	
0.0158931	0.0176866	0.0190445	0.0199335	0.0203317	0.0202292	0.0203317	0.0199335	0.0190445	0.0176866	0.0158931	0.016582	0.0168626	0.016728	0.0161814	0.0152365	0.0139163	0.0122535	0.010289	0.00807109	0.00565447	0.00627447	0.00673996	0.0070395	0.0071657	0.00711546	0.0071657	0.0070395	0.00673996	0.00627447	0.00565447	0.00807109	0.010289	0.0122535	0.0139163	0.0152365	0.0161814	0.016728	0.0168626	0.016582	
0.0158931	0.0176866	0.0190445	0.0199335	0.0203317	0.0202292	0.0203317	0.0199335	0.0190445	0.0176866	0.0158931	0.016582	0.0168626	0.016728	0.0161814	0.0152365	0.0139163	0.0122535	0.010289	0.00807109	0.00565447	0.00627447	0.00673996	0.0070395	0.0071657	0.00711546	0.0071657	0.0070395	0.00673996	0.00627447	0.00565447	0.00807109	0.010289	0.0122535	0.0139163	0.0152365	0.0161814	0.016728	0.0168626	0.016582	
0.0158931	0.0176866	0.0190445	0.0199335	0.0203317	0.0202292	0.0203317	0.0199335	0.0190445	0.0176866	0.0158931	0.016582	0.0168626	0.016728	0.0161814	0.0152365	0.0139163	0.0122535	0.010289	0.00807109	0.00565447	0.00627447	0.00673996	0.0070395	0.0071657	0.00711546	0.0071657	0.0070395	0.00673996	0.00627447	0.00565447	0.00807109	0.010289	0.0122535	0.0139163	0.0152365	0.0161814	0.016728	0.0168626	0.016582	
0.0158931	0.0188053	0.0212543	0.0231801	0.024535	0.0252858	0.025414	0.0249165	0.0238054	0.0221081	0.0198664	0.0200612	0.0197619	0.0189761	0.017723	0.0160335	0.0139492	0.0122535	0.010289	0.00807109	0.00565447	0.00603079	0.0062586	0.00633231	0.0062501	0.00601399	0.00562979	0.00510697	0.0044584	0.00370005	0.00285059	0.00377323	0.00572022	0.00797322	0.0100299	0.0118396	0.0133578	0.0145471	0.0153781	0.0158305	
0.0158931	0.0176866	0.0190445	0.0199335	0.0203317	0.0202292	0.0203317	0.0199335	0.0190445	0.0176866	0.0158931	0.016582	0.0168626	0.016728	0.0161814	0.0152365	0.0139163	0.0122535	0.010289	0.00807109	0.00565447	0.00627447	0.00673996	0.0070395	0.0071657	0.00711546	0.0071657	0.0070395	0.00673996	0.00627447	0.00565447	0.00807109	0.010289	0.0122535	0.0139163	0.0152365	0.0161814	0.016728	0.0168626	0.016582	
0.0158931	0.0176866	0.0190445	0.0199335	0.0203317	0.0202292	0.0203317	0.0199335	0.0190445	0.0176866	0.0158931	0.016582	0.0168626	0.016728	0.0161814	0.0152365	0.0139163	0.0122535	0.010289	0.00807109	0.00565447	0.00627447	0.00673996	0.0070395	0.0071657	0.00711546	0.0071657	0.0070395	0.00673996	0.00627447	0.00565447	0.00807109	0.010289	0.0122535	0.0139163	0.0152365	0.0161814	0.016728	0.0168626	0.016582	
0.0158931	0.0176866	0.0190445	0.0199335	0.0203317	0.0202292	0.0203317	0.0199335	0.0190445	0.0176866	0.0158931	0.016582	0.0168626	0.016728	0.0161814	0.0152365	0.0139163	0.0122535	0.010289	0.00807109	0.00565447	0.00627447	0.00673996	0.0070395	0.0071657	0.00711546	0.0071657	0.0070395	0.00673996	0.00627447	0.00565447	0.00807109	0.010289	0.0122535	0.0139163	0.0152365	0.0161814	0.016728	0.0168626	0.016582	
0.0158931	0.0176866	0.0190445	0.0199335	0.0203317	0.0202292	0.0203317	0.0199335	0.0190445	0.0176866	0.0158931	0.016582	0.0168626	0.016728	0.0161814	0.0152365	0.0139163	0.0122535	0.010289	0.00807109	0.00565447	0.00627447	0.00673996	0.0070395	0.0071657	0.00711546	0.0071657	0.0070395	0.00673996	0.00627447	0.00565447	0.00807109	0.010289	0.0122535	0.0139163	0.0152365	0.0161814	0.016728	0.0168626	0.016582	
0.0158931	0.0176866	0.0190445	0.0199335	0.0203317	0.0202292	0.0203317	0.0199335	0.0190445	0.0176866	0.0158931	0.016582	0.0168626	0.016728	0.0161814	0.0152365	0.0139163	0.0122535	0.010289	0.00807109	0.00565447	0.00627447	0.00673996	0.0070395	0.0071657	0.00711546	0.0071657	0.0070395	0.00673996	0.00627447	0.00565447	0.00807109	0.010289	0.0122535	0.0139163	0.0152365	0.0161814	0.016728	0.0168626	0.016582	
0.0158931	0.0188053	0.0212543	0.0231801	0.024535	0.0252858	0.025414	0.0249165	0.0238054	0.0221081	0.0198664	0.0200612	0.0197619	0.0189761	0.017723	0.0160335	0.0139492	0.0122535	0.010289	0.00807109	0.00565447	0.00603079	0.0062586	0.00633231	0.0062501	0.00601399	0.00562979	0.00510697	0.0044584	0.00370005	0.00285059	0.00377323	0.00572022	0.00797322	0.0100299	0.0118396	0.0133578	0.0145471	0.0153781	0.0158305	
0.0158931	0.0176866	0.0190445	0.0199335	0.0203317	0.0202292	0.0203317	0.0199335	0.0190445	0.0176866	0.0158931	0.016582	0.0168626	0.016728	0.0161814	0.0152365	0.0139163	0.0122535	0.010289	0.00807109	0.00565447	0.00627447	0.00673996	0.0070395	0.0071657	0.00711546	0.0071657	0.0070395	0.00673996	0.00627447	0.00565447	0.00807109	0.010289	0.0122535	0.0139163	0.0152365	0.0161814	0.016728	0.0168626	0.016582	
0.0158931	0.0176866	0.0190445	0.0199335	0.0203317	0.0202292	0.0203317	0.0199335	0.0190445	0.0176866	0.0158931	0.016582	0.0168626	0.016728	0.0161814	0.0152365	0.0139163	0.0122535	0.010289	0.00807109	0.00565447	0.00627447	0.00673996	0.0070395	0.0071657	0.00711546	0.0071657	0.0070395	0.00673996	0.00627447	0.00565447	0.00807109	0.010289	0.0122535	0.0139163	0.0152365	0.0161814	0.016728	0.0168626	0.016582	
0.0158931	0.0176866	0.0190445	0.0199335	0.0203317	0.0202292	0.0203317	0.0199335	0.0190445	0.0176866	0.0158931	0.016582	0.0168626	0.016728	0.0161814	0.0152365	0.0139163	0.0122535	0.010289	0.00807109	0.00565447	0.00627447	0.00673996	0.0070395	0.0071657	0.00711546	0.0071657	0.0070395	0.00673996	0.00627447	0.00565447	0.00807109	0.010289	0.0122535	0.0139163	0.0152365	0.0161814	0.016728	0.0168626	0.016582	
0.0158931	0.0176866	0.0190445	0.0199335	0.0203317	0.0202292	0.0203317	0.0199335	0.0190445	0.0176866	0.0158931	0.016582	0.0168626	0.016728	0.0161814	0.0152365	0.0139163	0.0122535	0.010289	0.00807109	0.00565447	0.00627447	0.00673996	0.0070395	0.0071657	0.00711546	0.0071657	0.0070395	0.00673996	0.00627447	0.00565447	0.00807109	0.010289	0.0122535	0.0139163	0.0152365	0.0161814	0.016728	0.0168626	0.016582	
0.0158931	0.0176866	0.0190445	0.0199335	0.0203317	0.0202292	0.0203317	0.0199335	0.0190445	0.0176866	0.0158931	0.016582	0.0168626	0.016728	0.0161814	0.0152365	0.0139163	0.0122535	0.010289	0.00807109	0.00565447	0.00627447	0.00673996	0.0070395	0.0071657	0.00711546	0.0071657	0.0070395	0.00673996	0.00627447	0.00565447	0.00807109	0.010289	0.0122535	0.0139163	0.0152365	0.0161814	0.016728	0.0168626	0.016582	
0.0158931	0.0188053	0.0212543	0.0231801	0.024535	0.0252858	0.025414	0.0249165	0.0238054	0.0221081	0.0198664	0.0200612	0.0197619	0.0189761	0.017723	0.0160335	0.0139492	0.0122535	0.010289	0.00807109	0.00565447	0.00603079	0.0062586	0.00633231	0.0062501	0.00601399	0.00562979	0.00510697	0.0044584	0.00370005	0.00285059	0.00377323	0.00572022	0.00797322	0.0100299	0.0118396	0.0133578	0.0145471	0.0153781	0.0158305	
0.0158931	0.0176866	0.0190445	0.0199335	0.0203317	0.0202292	0.0203317	0.0199335	0.0190445	0.0176866	0.0158931	0.016582	0.0168626	0.016728	0.0161814	0.0152365	0.0139163	0.0122535	0.010289	0.00807109	0.00565447	0.00627447	0.00673996	0.0070395	0.0071657	0.00711546	0.0071657	0.0070395	0.00673996	0.00627447	0.00565447	0.00807109	0.010289	0.0122535	0.0139163	0.0152365	0.0161814	0.016728	0.0168626	0.016582	
0.0158931	0.0176866	0.0190445	0.0199335	0.0203317	0.0202292	0.0203317	0.0199335	0.0190445	0.0176866	0.0158931	0.016582	0.0168626	0.016728	0.0161814	0.0152365	0.0139163	0.0122535	0.010289	0.00807109	0.00565447	0.00627447	0.00673996	0.0070395	0.0071657	0.00711546	0.0071657	0.0070395	0.00673996	0.00627447	0.00565447	0.00807109	0.010289	0.0122535	0.0139163	0.0152365	0.0161814	0.016728	0.0168626	0.016582	
0.0158931	0.0176866	0.0190445	0.0199335	0.0203317	0.0202292	0.0203317	0.0199335	0.0190445	0.0176866	0.0158931	0.016582	0.0168626	0.016728	0.0161814	0.0152365	0.0139163	0.0122535	0.010289	0.00807109	0.00565447	0.00627447	0.00673996	0.0070395	0.0071657	0.00711546	0.0071657	0.0070395	0.00673996	0.00627447	0.00565447	0.00807109	0.010289	0.0122535	0.0139163	0.0152365	0.0161814	0.016728	0.0168626	0.016582	
0.0158931	0.0176866	0.0190445	0.0199335	0.0203317	0.0202292	0.0203317	0.0199335	0.0190445	0.0176866	0.0158931	0.016582	0.0168626	0.016728	0.0161814	0.0152365	0.0139163	0.0122535	0.010289	0.00807109	0.00565447	0.00627447	0.00673996	0.0070395	0.0071657	0.00711546	0.0071657	0.0070395	0.00673996	0.00627447	0.00565447	0.00807109	0.010289	0.0122535	0.0139163	0.0152365	0.0161814	0.016728	0.0168626	0.016582	
0.0158931	0.0176866	0.0190445	0.0199335	0.0203317	0.0202292	0.0203317	0.0199335	0.0190445	0.0176866	0.0158931	0.016582	0.0168626	0.016728	0.0161814	0.0152365	0.0139163	0.0122535	0.010289	0.00807109	0.00565447	0.00627447	0.00673996	0.0070395	0.0071657	0.00711546	0.0071657	0.0070395	0.00673996	0.00627447	0.00565447	0.00807109	0.010289	0.0122535	0.0139163	0.0152365	0.0161814	0.016728	0.0168626	0.016582	
