1.06011e-08	1.22809e-08	1.35875e-08	1.44813e-08	1.49351e-08	1.49351e-08	1.44813e-08	1.35875e-08	1.22809e-08	1.06011e-08	9.51195e-08	1.76748e-07	2.53006e-07	3.21576e-07	3.80376e-07	4.27618e-07	4.61867e-07	4.82082e-07	4.8765e-07	5.64921e-07	6.25027e-07	6.66142e-07	6.87017e-07	6.87017e-07	6.66142e-07	6.25027e-07	5.64921e-07	4.8765e-07	4.82082e-07	4.61867e-07	4.27618e-07	3.80376e-07	3.21576e-07	2.53006e-07	1.76748e-07	9.51195e-08	
1.06011e-08	0.0173648	0.034202	0.05	0.0642788	0.0766045	0.0866026	0.0939693	0.0984808	0.1	0.0984809	0.0939694	0.0866028	0.0766048	0.0642791	0.0500004	0.0342025	0.0173653	4.8765e-07	-0.00694536	-0.0136802	-0.0199993	-0.0257108	-0.0306411	-0.0346404	-0.0375871	-0.0393917	-0.0399995	-0.0393918	-0.0375872	-0.0346406	-0.0306414	-0.0257112	-0.0199997	-0.0136806	-0.00694583	
1.06011e-08	0.0243108	0.0478828	0.07	0.0899903	0.107246	0.121244	0.131557	0.137873	0.14	0.137873	0.131557	0.121244	0.107247	0.0899906	0.0700004	0.0478833	0.0243112	4.8765e-07	-0.0138913	-0.027361	-0.0399993	-0.0514223	-0.0612829	-0.0692814	-0.0751748	-0.0787841	-0.0799995	-0.0787841	-0.0751749	-0.0692816	-0.0612832	-0.0514227	-0.0399997	-0.0273614	-0.0138918	
1.06011e-08	0.0306779	0.0604236	0.0883333	0.113559	0.135335	0.152998	0.166012	0.173983	0.176667	0.173983	0.166013	0.152998	0.135335	0.11356	0.0883338	0.060424	0.0306783	4.8765e-07	-0.0202584	-0.0399017	-0.0583327	-0.0749912	-0.0893712	-0.101036	-0.10963	-0.114894	-0.116666	-0.114894	-0.10963	-0.101036	-0.0893715	-0.0749916	-0.0583331	-0.0399022	-0.0202589	
1.06011e-08	0.0342955	0.067549	0.09875	0.126951	0.151294	0.17104	0.185589	0.1945	0.1975	0.1945	0.185589	0.17104	0.151294	0.126951	0.0987504	0.0675494	0.034296	4.8765e-07	-0.0238761	-0.0470271	-0.0687493	-0.0883826	-0.10533	-0.119078	-0.129207	-0.135411	-0.1375	-0.135411	-0.129207	-0.119078	-0.105331	-0.088383	-0.0687497	-0.0470276	-0.0238765	
1.06011e-08	0.0364661	0.0718242	0.105	0.134985	0.160869	0.181865	0.197335	0.20681	0.21	0.20681	0.197336	0.181866	0.16087	0.134986	0.105	0.0718247	0.0364666	4.8765e-07	-0.0260467	-0.0513024	-0.0749993	-0.0964175	-0.114906	-0.129903	-0.140953	-0.147721	-0.15	-0.147721	-0.140953	-0.129903	-0.114906	-0.0964178	-0.0749997	-0.0513028	-0.0260471	
0.1	0.0984808	0.0939693	0.0866026	0.0766045	0.0642788	0.05	0.034202	0.0173648	1.06011e-08	-0.00694583	-0.0136806	-0.0199997	-0.0257112	-0.0306414	-0.0346406	-0.0375872	-0.0393918	-0.0399995	-0.0393917	-0.0375871	-0.0346404	-0.0306411	-0.0257108	-0.0199993	-0.0136802	-0.00694536	4.8765e-07	0.0173653	0.0342025	0.0500004	0.0642791	0.0766048	0.0866028	0.0939694	0.0984809	
0.0711546	0.0706523	0.0700624	0.0719615	0.0716742	0.0716742	0.0719615	0.0700624	0.0706523	0.0711546	0.0694949	0.0657236	0.0599553	0.0523653	0.0431842	0.032691	0.0216617	0.0109982	4.8765e-07	5.64921e-07	6.25027e-07	6.66142e-07	6.87017e-07	6.87017e-07	6.66142e-07	6.25027e-07	5.64921e-07	4.8765e-07	0.0109982	0.0216617	0.032691	0.0431842	0.0523653	0.0599553	0.0657236	0.0694949	
0.06	0.0729803	0.0837432	0.0919615	0.0973857	0.0998508	0.0995929	0.108065	0.113253	0.115	0.113253	0.108065	0.0995932	0.0880954	0.073921	0.0575004	0.0393328	0.01997	4.8765e-07	-0.00463005	-0.00911991	-0.0133327	-0.0171403	-0.0204272	-0.0230933	-0.0250578	-0.026261	-0.0266662	-0.019894	-0.0125173	-0.00476025	0.00314141	0.0109476	0.0184212	0.0290201	0.0451967	
0.06	0.0793474	0.0962839	0.110295	0.120955	0.127939	0.135677	0.147219	0.154287	0.156667	0.154287	0.147219	0.135678	0.120014	0.100704	0.0783338	0.0535836	0.0272054	4.8765e-07	-0.011576	-0.0228007	-0.0333327	-0.0428518	-0.0510689	-0.0577344	-0.0626455	-0.0656533	-0.0666662	-0.0587074	-0.0489649	-0.0377346	-0.0253577	-0.0122104	0.00130793	0.0164794	0.0388296	
0.06	0.0829651	0.103409	0.120712	0.134346	0.143898	0.15372	0.166795	0.174803	0.1775	0.174803	0.166796	0.15372	0.135973	0.114095	0.0887504	0.060709	0.030823	4.8765e-07	-0.0151937	-0.0299261	-0.0437493	-0.0562432	-0.0670282	-0.0757766	-0.0822225	-0.0861701	-0.0874995	-0.0792243	-0.0685418	-0.0557768	-0.041317	-0.0256018	-0.00910873	0.00935396	0.0352119	
0.06	0.0851357	0.107685	0.126962	0.142381	0.153474	0.164545	0.178542	0.187113	0.19	0.187114	0.178542	0.164545	0.145549	0.12213	0.0950004	0.0649843	0.0329936	4.8765e-07	-0.0173643	-0.0342014	-0.0499993	-0.0642781	-0.0766038	-0.0866019	-0.0939686	-0.0984802	-0.0999995	-0.0915344	-0.080288	-0.0666021	-0.0508926	-0.0336367	-0.0153587	0.00507871	0.0330413	
0.14	0.137873	0.131557	0.121244	0.107246	0.0899903	0.07	0.0478828	0.0243108	1.06011e-08	-0.0138918	-0.0273614	-0.0399997	-0.0514227	-0.0612832	-0.0692816	-0.0751749	-0.0787841	-0.0799995	-0.0787841	-0.0751748	-0.0692814	-0.0612829	-0.0514223	-0.0399993	-0.027361	-0.0138913	4.8765e-07	0.0243112	0.0478833	0.0700004	0.0899906	0.107247	0.121244	0.131557	0.137873	
0.115	0.113253	0.108065	0.0995929	0.0998508	0.0973857	0.0919615	0.0837432	0.0729803	0.06	0.0451967	0.0290201	0.0184212	0.0109476	0.00314141	-0.00476025	-0.0125173	-0.019894	-0.0266662	-0.026261	-0.0250578	-0.0230933	-0.0204272	-0.0171403	-0.0133327	-0.00911991	-0.00463005	4.8765e-07	0.01997	0.0393328	0.0575004	0.073921	0.0880954	0.0995932	0.108065	0.113253	
0.0837281	0.0841925	0.0820987	0.0778801	0.0712952	0.0712952	0.0778801	0.0820987	0.0841925	0.0837281	0.0807197	0.0752587	0.0675109	0.0577119	0.0461593	0.0332042	0.0192402	0.00488373	4.8765e-07	-0.00463005	-0.00911991	-0.0133327	-0.0171403	-0.0171403	-0.0133327	-0.00911991	-0.00463005	4.8765e-07	0.00488373	0.0192402	0.0332042	0.0461593	0.0577119	0.0675109	0.0752587	0.0807197	
0.045	0.0558929	0.0650875	0.0767687	0.0912988	0.103214	0.113965	0.121253	0.125226	0.125395	0.121753	0.114413	0.103595	0.0896304	0.0729422	0.0540376	0.0334911	0.011927	-0.00999951	-0.0214241	-0.0250578	-0.0230933	-0.0204272	-0.0171403	-0.0133327	-0.00911991	-0.00463005	4.8765e-07	0.00498907	0.00982606	0.0143645	0.0184665	0.0220073	0.0248795	0.0269958	0.0327399	
0.045	0.0595106	0.0722129	0.0871854	0.10469	0.119173	0.132007	0.14083	0.145743	0.146228	0.14227	0.133989	0.121638	0.10559	0.0863336	0.0644542	0.0406165	0.0155447	-0.00999951	-0.0250417	-0.0393231	-0.0524096	-0.0639037	-0.0734561	-0.0807766	-0.0856427	-0.0879066	-0.0874995	-0.078356	-0.0668317	-0.0532768	-0.0381031	-0.0217716	-0.0047786	0.0123596	0.0291222	
0.045	0.0619666	0.0820503	0.099641	0.114204	0.128748	0.142832	0.152576	0.158053	0.158728	0.15458	0.145736	0.132463	0.115165	0.0943684	0.0707042	0.0448918	0.0177153	-0.00999951	-0.0272123	-0.0435983	-0.0586596	-0.0719385	-0.0830316	-0.0916019	-0.0973888	-0.100217	-0.0999995	-0.0906661	-0.0785779	-0.0641021	-0.0476786	-0.0298064	-0.0110286	0.00808433	0.0269516	
0.176667	0.173983	0.166012	0.152998	0.135335	0.113559	0.0883333	0.0604236	0.0306779	1.06011e-08	-0.0202589	-0.0399022	-0.0583331	-0.0749916	-0.0893715	-0.101036	-0.10963	-0.114894	-0.116666	-0.114894	-0.10963	-0.101036	-0.0893712	-0.0749912	-0.0583327	-0.0399017	-0.0202584	4.8765e-07	0.0306783	0.060424	0.0883338	0.11356	0.135335	0.152998	0.166013	0.173983	
0.156667	0.154287	0.147219	0.135677	0.127939	0.120955	0.110295	0.0962839	0.0793474	0.06	0.0388296	0.0164794	0.00130793	-0.0122104	-0.0253577	-0.0377346	-0.0489649	-0.0587074	-0.0666662	-0.0656533	-0.0626455	-0.0577344	-0.0510689	-0.0428518	-0.0333327	-0.0228007	-0.011576	4.8765e-07	0.0272054	0.0535836	0.0783338	0.100704	0.120014	0.135678	0.147219	0.154287	
0.125395	0.125226	0.121253	0.113965	0.103214	0.0912988	0.0767687	0.0650875	0.0558929	0.045	0.0327399	0.0269958	0.0248795	0.0220073	0.0184665	0.0143645	0.00982606	0.00498907	4.8765e-07	-0.00463005	-0.00911991	-0.0133327	-0.0171403	-0.0204272	-0.0230933	-0.0250578	-0.0214241	-0.00999951	0.011927	0.0334911	0.0540376	0.0729422	0.0896304	0.103595	0.114413	0.121753	
0.0666667	0.0749151	0.0808873	0.0844017	0.0853516	0.0853516	0.0844017	0.0808873	0.0749151	0.0666667	0.0572031	0.0460014	0.0334019	0.0197876	0.0134998	0.0105011	0.00718337	0.00364734	4.8765e-07	5.64921e-07	6.25027e-07	6.66142e-07	6.87017e-07	6.87017e-07	6.66142e-07	6.25027e-07	5.64921e-07	4.8765e-07	0.00364734	0.00718337	0.0105011	0.0134998	0.0197876	0.0334019	0.0460014	0.0572031	
0.0533333	0.0677173	0.0800437	0.089938	0.0970996	0.101311	0.102444	0.100464	0.0954319	0.0875	0.0777199	0.0655783	0.0514441	0.0357469	0.0220703	0.0171678	0.0117436	0.00596265	4.8765e-07	-0.00303828	-0.00598473	-0.00874933	-0.0112481	-0.0134051	-0.0151548	-0.016444	-0.0172336	-0.0174995	-0.0138914	-0.00986111	-0.00553125	-0.00103332	0.003496	0.00791911	0.0201904	0.037329	
0.0533333	0.0698879	0.084319	0.096188	0.105134	0.110886	0.113269	0.11221	0.107742	0.1	0.09003	0.0773245	0.0622695	0.0453224	0.0272126	0.0211678	0.0144798	0.00735183	4.8765e-07	-0.00520888	-0.01026	-0.0149993	-0.0192829	-0.0229806	-0.0259801	-0.0281902	-0.0295437	-0.0299995	-0.0268571	-0.0228987	-0.0182445	-0.013036	-0.00743138	-0.00160096	0.0159151	0.0351584	
0.1975	0.1945	0.185589	0.17104	0.151294	0.126951	0.09875	0.067549	0.0342955	1.06011e-08	-0.0238765	-0.0470276	-0.0687497	-0.088383	-0.105331	-0.119078	-0.129207	-0.135411	-0.1375	-0.135411	-0.129207	-0.119078	-0.10533	-0.0883826	-0.0687493	-0.0470271	-0.0238761	4.8765e-07	0.034296	0.0675494	0.0987504	0.126951	0.151294	0.17104	0.185589	0.1945	
0.1775	0.174803	0.166795	0.15372	0.143898	0.134346	0.120712	0.103409	0.0829651	0.06	0.0352119	0.00935396	-0.00910873	-0.0256018	-0.041317	-0.0557768	-0.0685418	-0.0792243	-0.0874995	-0.0861701	-0.0822225	-0.0757766	-0.0670282	-0.0562432	-0.0437493	-0.0299261	-0.0151937	4.8765e-07	0.030823	0.060709	0.0887504	0.114095	0.135973	0.15372	0.166796	0.174803	
0.146228	0.145743	0.14083	0.132007	0.119173	0.10469	0.0871854	0.0722129	0.0595106	0.045	0.0291222	0.0123596	-0.0047786	-0.0217716	-0.0381031	-0.0532768	-0.0668317	-0.078356	-0.0874995	-0.0879066	-0.0856427	-0.0807766	-0.0734561	-0.0639037	-0.0524096	-0.0393231	-0.0250417	-0.00999951	0.0155447	0.0406165	0.0644542	0.0863336	0.10559	0.121638	0.133989	0.14227	
0.0875	0.0954319	0.100464	0.102444	0.101311	0.0970996	0.089938	0.0800437	0.0677173	0.0533333	0.037329	0.0201904	0.00791911	0.003496	-0.00103332	-0.00553125	-0.00986111	-0.0138914	-0.0174995	-0.0172336	-0.016444	-0.0151548	-0.0134051	-0.0112481	-0.00874933	-0.00598473	-0.00303828	4.8765e-07	0.00596265	0.0117436	0.0171678	0.0220703	0.0357469	0.0514441	0.0655783	0.0777199	
0.0325809	0.0351247	0.0366012	0.0369656	0.0362069	0.0362069	0.0369656	0.0366012	0.0351247	0.0325809	0.0290471	0.0246308	0.0194661	0.0137099	0.00753718	0.00113542	-0.0052905	-0.00877837	-0.0119995	-0.014856	-0.017261	-0.0191416	-0.0204406	-0.0204406	-0.0191416	-0.017261	-0.014856	-0.0119995	-0.00877837	-0.0052905	0.00113542	0.00753718	0.0137099	0.0194661	0.0246308	0.0290471	
0.0504658	0.0597707	0.0672594	0.0727044	0.0759404	0.076995	0.0757101	0.0721248	0.066348	0.0585552	0.0489833	0.0379231	0.0263943	0.0198383	0.0126795	0.00513542	0.00292653	0.00148608	4.8765e-07	5.64921e-07	6.25027e-07	6.66142e-07	6.87017e-07	6.87017e-07	6.66142e-07	6.25027e-07	5.64921e-07	4.8765e-07	0.00321496	0.00633175	0.00925616	0.0118993	0.0141809	0.0160316	0.0275854	0.0396276	
0.21	0.20681	0.197335	0.181865	0.160869	0.134985	0.105	0.0718242	0.0364661	1.06011e-08	-0.0260471	-0.0513028	-0.0749997	-0.0964178	-0.114906	-0.129903	-0.140953	-0.147721	-0.15	-0.147721	-0.140953	-0.129903	-0.114906	-0.0964175	-0.0749993	-0.0513024	-0.0260467	4.8765e-07	0.0364666	0.0718247	0.105	0.134986	0.16087	0.181866	0.197336	0.20681	
0.19	0.187113	0.178542	0.164545	0.153474	0.142381	0.126962	0.107685	0.0851357	0.06	0.0330413	0.00507871	-0.0153587	-0.0336367	-0.0508926	-0.0666021	-0.080288	-0.0915344	-0.0999995	-0.0984802	-0.0939686	-0.0866019	-0.0766038	-0.0642781	-0.0499993	-0.0342014	-0.0173643	4.8765e-07	0.0329936	0.0649843	0.0950004	0.12213	0.145549	0.164545	0.178542	0.187114	
0.158728	0.158053	0.152576	0.142832	0.128748	0.114204	0.099641	0.0820503	0.0619666	0.045	0.0269516	0.00808433	-0.0110286	-0.0298064	-0.0476786	-0.0641021	-0.0785779	-0.0906661	-0.0999995	-0.100217	-0.0973888	-0.0916019	-0.0830316	-0.0719385	-0.0586596	-0.0435983	-0.0272123	-0.00999951	0.0177153	0.0448918	0.0707042	0.0943684	0.115165	0.132463	0.145736	0.15458	
0.1	0.107742	0.11221	0.113269	0.110886	0.105134	0.096188	0.084319	0.0698879	0.0533333	0.0351584	0.0159151	-0.00160096	-0.00743138	-0.013036	-0.0182445	-0.0228987	-0.0268571	-0.0299995	-0.0295437	-0.0281902	-0.0259801	-0.0229806	-0.0192829	-0.0149993	-0.01026	-0.00520888	4.8765e-07	0.00735183	0.0144798	0.0211678	0.0272126	0.0453224	0.0622695	0.0773245	0.09003	
0.0585552	0.066348	0.0721248	0.0757101	0.076995	0.0759404	0.0727044	0.0672594	0.0597707	0.0504658	0.0396276	0.0275854	0.0160316	0.0141809	0.0118993	0.00925616	0.00633175	0.00321496	4.8765e-07	5.64921e-07	6.25027e-07	6.66142e-07	6.87017e-07	6.87017e-07	6.66142e-07	6.25027e-07	5.64921e-07	4.8765e-07	0.00148608	0.00292653	0.00513542	0.0126795	0.0198383	0.0263943	0.0379231	0.0489833	
0.0629658	0.0720807	0.0790055	0.0835298	0.085516	0.085516	0.0835298	0.0790055	0.0720807	0.0629658	0.0519377	0.0393315	0.026857	0.0237565	0.0199342	0.0155062	0.010607	0.00538556	4.8765e-07	5.64921e-07	6.25027e-07	6.66142e-07	6.87017e-07	6.87017e-07	6.66142e-07	6.25027e-07	5.64921e-07	4.8765e-07	0.00538556	0.010607	0.0155062	0.0199342	0.0237565	0.026857	0.0393315	0.0519377	
