0.0135108	0.0156517	0.017317	0.0184561	0.0190344	0.0190344	0.0184561	0.017317	0.0156517	0.0135108	0.121227	0.22526	0.322449	0.40984	0.484779	0.544987	0.588637	0.614401	0.621497	0.719977	0.79658	0.84898	0.875585	0.875585	0.84898	0.79658	0.719977	0.621497	0.614401	0.588637	0.544987	0.484779	0.40984	0.322449	0.22526	0.121227	
0.0135108	0.0327819	0.0510569	0.0677806	0.0824448	0.0946039	0.103889	0.110017	0.112802	0.11216	0.218378	0.31796	0.407882	0.48541	0.548189	0.594312	0.622377	0.631531	0.621497	0.713031	0.7829	0.82898	0.849873	0.844943	0.814339	0.758993	0.680584	0.581497	0.574774	0.550587	0.509671	0.453268	0.383094	0.301279	0.21031	0.112951	
0.0135108	0.0397278	0.0647377	0.0877806	0.108156	0.125246	0.13853	0.147604	0.152194	0.15216	0.25777	0.355548	0.442523	0.516052	0.573901	0.614312	0.636058	0.638477	0.621497	0.706085	0.769219	0.80898	0.824162	0.814301	0.779698	0.721405	0.641192	0.541497	0.535382	0.512999	0.47503	0.422627	0.357382	0.281279	0.196629	0.106005	
0.0135108	0.0460949	0.0772784	0.106114	0.131725	0.153334	0.170284	0.18206	0.188304	0.188826	0.293879	0.390003	0.474277	0.54414	0.597469	0.632645	0.648598	0.644844	0.621497	0.699718	0.756678	0.790647	0.800593	0.786213	0.747944	0.68695	0.605082	0.50483	0.499272	0.478544	0.443276	0.394538	0.333813	0.262946	0.184088	0.0996378	
0.0135108	0.0497126	0.0844038	0.116531	0.145117	0.169293	0.188326	0.201637	0.208821	0.20966	0.314396	0.40958	0.492319	0.560099	0.610861	0.643062	0.655724	0.648462	0.621497	0.6961	0.749553	0.78023	0.787201	0.770253	0.729902	0.667373	0.584566	0.483997	0.478755	0.458967	0.425233	0.378579	0.320422	0.252529	0.176963	0.0960201	
0.0135108	0.0518832	0.0886791	0.122781	0.153151	0.178869	0.199151	0.213383	0.221131	0.22216	0.326706	0.421326	0.503144	0.569675	0.618896	0.649312	0.659999	0.650632	0.621497	0.693929	0.745277	0.77398	0.779166	0.760678	0.719077	0.655626	0.572255	0.471497	0.466445	0.447221	0.414408	0.369004	0.312387	0.246279	0.172688	0.0938495	
0.11216	0.112802	0.110017	0.103889	0.0946039	0.0824448	0.0677806	0.0510569	0.0327819	0.0135108	0.112951	0.21031	0.301279	0.383094	0.453268	0.509671	0.550587	0.574774	0.581497	0.680584	0.758993	0.814339	0.844943	0.849873	0.82898	0.7829	0.713031	0.621497	0.631531	0.622377	0.594312	0.548189	0.48541	0.407882	0.31796	0.218378	
0.11216	0.112802	0.110017	0.103889	0.0946039	0.0946039	0.103889	0.110017	0.112802	0.11216	0.217799	0.31682	0.406215	0.483267	0.545636	0.591425	0.619244	0.628248	0.621497	0.719977	0.79658	0.84898	0.875585	0.875585	0.84898	0.79658	0.719977	0.621497	0.628248	0.619244	0.591425	0.545636	0.483267	0.406215	0.31682	0.217799	
0.11216	0.112802	0.110017	0.109248	0.115385	0.125246	0.13853	0.147604	0.152194	0.15216	0.257191	0.354408	0.440856	0.513909	0.571347	0.611425	0.632925	0.635194	0.621497	0.719977	0.79658	0.84898	0.875585	0.875585	0.84898	0.79658	0.719977	0.621497	0.617639	0.595015	0.554328	0.505469	0.441252	0.367882	0.290598	0.204486	
0.11216	0.112802	0.112331	0.127581	0.138954	0.153334	0.170284	0.18206	0.188304	0.188826	0.293301	0.388863	0.47261	0.541997	0.594916	0.629758	0.645466	0.641561	0.621497	0.719977	0.79658	0.84898	0.875585	0.875585	0.84898	0.79658	0.719977	0.621497	0.61243	0.584755	0.539878	0.483999	0.416846	0.354548	0.281478	0.199855	
0.11216	0.112802	0.119457	0.137998	0.152345	0.169293	0.188326	0.201637	0.208821	0.20966	0.313817	0.40844	0.490652	0.557956	0.608307	0.640175	0.652591	0.645179	0.621497	0.719977	0.79658	0.84898	0.875585	0.875585	0.84898	0.79658	0.719977	0.621497	0.608957	0.577914	0.529312	0.468039	0.408275	0.347882	0.276918	0.19754	
0.11216	0.112802	0.123732	0.144248	0.16038	0.178869	0.199151	0.213383	0.221131	0.22216	0.326128	0.420186	0.501478	0.567532	0.616342	0.646425	0.656867	0.64735	0.621497	0.719977	0.79658	0.84898	0.875585	0.875585	0.84898	0.79658	0.719977	0.621497	0.608957	0.577914	0.529312	0.464627	0.401847	0.342882	0.273497	0.195803	
0.15216	0.152194	0.147604	0.13853	0.125246	0.108156	0.0877806	0.0647377	0.0397278	0.0135108	0.106005	0.196629	0.281279	0.357382	0.422627	0.47503	0.512999	0.535382	0.541497	0.641192	0.721405	0.779698	0.814301	0.824162	0.80898	0.769219	0.706085	0.621497	0.638477	0.636058	0.614312	0.573901	0.516052	0.442523	0.355548	0.25777	
0.15216	0.152194	0.147604	0.13853	0.125246	0.115385	0.109248	0.110017	0.112802	0.11216	0.204486	0.290598	0.367882	0.441252	0.505469	0.554328	0.595015	0.617639	0.621497	0.719977	0.79658	0.84898	0.875585	0.875585	0.84898	0.79658	0.719977	0.621497	0.635194	0.632925	0.611425	0.571347	0.513909	0.440856	0.354408	0.257191	
0.15216	0.152194	0.147604	0.13853	0.125246	0.125246	0.13853	0.147604	0.152194	0.15216	0.248219	0.336737	0.415872	0.490473	0.55017	0.593152	0.61811	0.626322	0.621497	0.719977	0.79658	0.84898	0.875585	0.875585	0.84898	0.79658	0.719977	0.621497	0.626322	0.61811	0.593152	0.55017	0.490473	0.415872	0.336737	0.248219	
0.15216	0.152194	0.147604	0.13853	0.138954	0.153334	0.170284	0.18206	0.188304	0.188826	0.279988	0.367789	0.451956	0.522391	0.576953	0.613985	0.632361	0.631523	0.621497	0.719977	0.79658	0.84898	0.875585	0.875585	0.84898	0.79658	0.719977	0.621497	0.626322	0.612116	0.579312	0.529743	0.473332	0.402539	0.322486	0.240984	
0.15216	0.152194	0.147604	0.13853	0.152345	0.169293	0.188326	0.201637	0.208821	0.20966	0.300504	0.387366	0.469999	0.53835	0.590345	0.624402	0.639486	0.635141	0.621497	0.719977	0.79658	0.84898	0.875585	0.875585	0.84898	0.79658	0.719977	0.621497	0.616771	0.595672	0.564156	0.519529	0.464761	0.395872	0.31536	0.237366	
0.15216	0.152194	0.147604	0.144248	0.16038	0.178869	0.199151	0.213383	0.221131	0.22216	0.312815	0.399112	0.480824	0.547926	0.598379	0.630652	0.643762	0.637311	0.621497	0.719977	0.79658	0.84898	0.875585	0.875585	0.84898	0.79658	0.719977	0.621497	0.616771	0.593305	0.553331	0.5134	0.459619	0.391872	0.312218	0.235196	
0.188826	0.188304	0.18206	0.170284	0.153334	0.131725	0.106114	0.0772784	0.0460949	0.0135108	0.0996378	0.184088	0.262946	0.333813	0.394538	0.443276	0.478544	0.499272	0.50483	0.605082	0.68695	0.747944	0.786213	0.800593	0.790647	0.756678	0.699718	0.621497	0.644844	0.648598	0.632645	0.597469	0.54414	0.474277	0.390003	0.293879	
0.188826	0.188304	0.18206	0.170284	0.153334	0.138954	0.127581	0.112331	0.112802	0.11216	0.199855	0.281478	0.354548	0.416846	0.483999	0.539878	0.584755	0.61243	0.621497	0.719977	0.79658	0.84898	0.875585	0.875585	0.84898	0.79658	0.719977	0.621497	0.641561	0.645466	0.629758	0.594916	0.541997	0.47261	0.388863	0.293301	
0.188826	0.188304	0.18206	0.170284	0.153334	0.138954	0.13853	0.147604	0.152194	0.15216	0.240984	0.322486	0.402539	0.473332	0.529743	0.579312	0.612116	0.626322	0.621497	0.719977	0.79658	0.84898	0.875585	0.875585	0.84898	0.79658	0.719977	0.621497	0.631523	0.632361	0.613985	0.576953	0.522391	0.451956	0.367789	0.279988	
0.188826	0.188304	0.18206	0.170284	0.153334	0.153334	0.170284	0.18206	0.188304	0.188826	0.275357	0.358669	0.438623	0.50525	0.556525	0.592645	0.621237	0.630952	0.621497	0.719977	0.79658	0.84898	0.875585	0.875585	0.84898	0.79658	0.719977	0.621497	0.630952	0.621237	0.592645	0.556525	0.50525	0.438623	0.358669	0.275357	
0.188826	0.188304	0.18206	0.170284	0.153334	0.169293	0.188326	0.201637	0.208821	0.20966	0.295874	0.378246	0.456665	0.521209	0.569917	0.601308	0.625797	0.633268	0.621497	0.719977	0.79658	0.84898	0.875585	0.875585	0.84898	0.79658	0.719977	0.621497	0.624006	0.607556	0.579344	0.546311	0.49668	0.431956	0.354108	0.273042	
0.188826	0.188304	0.18206	0.170284	0.16038	0.178869	0.199151	0.213383	0.221131	0.22216	0.308184	0.389992	0.46749	0.530785	0.577952	0.607558	0.628533	0.634657	0.621497	0.719977	0.79658	0.84898	0.875585	0.875585	0.84898	0.79658	0.719977	0.621497	0.624006	0.607556	0.572645	0.540183	0.491537	0.427956	0.351372	0.271305	
0.20966	0.208821	0.201637	0.188326	0.169293	0.145117	0.116531	0.0844038	0.0497126	0.0135108	0.0960201	0.176963	0.252529	0.320422	0.378579	0.425233	0.458967	0.478755	0.483997	0.584566	0.667373	0.729902	0.770253	0.787201	0.78023	0.749553	0.6961	0.621497	0.648462	0.655724	0.643062	0.610861	0.560099	0.492319	0.40958	0.314396	
0.20966	0.208821	0.201637	0.188326	0.169293	0.152345	0.137998	0.119457	0.112802	0.11216	0.19754	0.276918	0.347882	0.408275	0.468039	0.529312	0.577914	0.608957	0.621497	0.719977	0.79658	0.84898	0.875585	0.875585	0.84898	0.79658	0.719977	0.621497	0.645179	0.652591	0.640175	0.608307	0.557956	0.490652	0.40844	0.313817	
0.20966	0.208821	0.201637	0.188326	0.169293	0.152345	0.13853	0.147604	0.152194	0.15216	0.237366	0.31536	0.395872	0.464761	0.519529	0.564156	0.595672	0.616771	0.621497	0.719977	0.79658	0.84898	0.875585	0.875585	0.84898	0.79658	0.719977	0.621497	0.635141	0.639486	0.624402	0.590345	0.53835	0.469999	0.387366	0.300504	
0.20966	0.208821	0.201637	0.188326	0.169293	0.153334	0.170284	0.18206	0.188304	0.188826	0.273042	0.354108	0.431956	0.49668	0.546311	0.579344	0.607556	0.624006	0.621497	0.719977	0.79658	0.84898	0.875585	0.875585	0.84898	0.79658	0.719977	0.621497	0.633268	0.625797	0.601308	0.569917	0.521209	0.456665	0.378246	0.295874	
0.20966	0.208821	0.201637	0.188326	0.169293	0.169293	0.188326	0.201637	0.208821	0.20966	0.293559	0.373685	0.449999	0.512639	0.559703	0.589761	0.614681	0.627624	0.621497	0.719977	0.79658	0.84898	0.875585	0.875585	0.84898	0.79658	0.719977	0.621497	0.627624	0.614681	0.589761	0.559703	0.512639	0.449999	0.373685	0.293559	
0.20966	0.208821	0.201637	0.188326	0.169293	0.178869	0.199151	0.213383	0.221131	0.22216	0.305869	0.385431	0.460824	0.522214	0.567738	0.596011	0.618957	0.629795	0.621497	0.719977	0.79658	0.84898	0.875585	0.875585	0.84898	0.79658	0.719977	0.621497	0.627624	0.614681	0.583062	0.553574	0.507497	0.445999	0.370949	0.291822	
0.22216	0.221131	0.213383	0.199151	0.178869	0.153151	0.122781	0.0886791	0.0518832	0.0135108	0.0938495	0.172688	0.246279	0.312387	0.369004	0.414408	0.447221	0.466445	0.471497	0.572255	0.655626	0.719077	0.760678	0.779166	0.77398	0.745277	0.693929	0.621497	0.650632	0.659999	0.649312	0.618896	0.569675	0.503144	0.421326	0.326706	
0.22216	0.221131	0.213383	0.199151	0.178869	0.16038	0.144248	0.123732	0.112802	0.11216	0.195803	0.273497	0.342882	0.401847	0.464627	0.529312	0.577914	0.608957	0.621497	0.719977	0.79658	0.84898	0.875585	0.875585	0.84898	0.79658	0.719977	0.621497	0.64735	0.656867	0.646425	0.616342	0.567532	0.501478	0.420186	0.326128	
0.22216	0.221131	0.213383	0.199151	0.178869	0.16038	0.144248	0.147604	0.152194	0.15216	0.235196	0.312218	0.391872	0.459619	0.5134	0.553331	0.593305	0.616771	0.621497	0.719977	0.79658	0.84898	0.875585	0.875585	0.84898	0.79658	0.719977	0.621497	0.637311	0.643762	0.630652	0.598379	0.547926	0.480824	0.399112	0.312815	
0.22216	0.221131	0.213383	0.199151	0.178869	0.16038	0.170284	0.18206	0.188304	0.188826	0.271305	0.351372	0.427956	0.491537	0.540183	0.572645	0.607556	0.624006	0.621497	0.719977	0.79658	0.84898	0.875585	0.875585	0.84898	0.79658	0.719977	0.621497	0.634657	0.628533	0.607558	0.577952	0.530785	0.46749	0.389992	0.308184	
0.22216	0.221131	0.213383	0.199151	0.178869	0.169293	0.188326	0.201637	0.208821	0.20966	0.291822	0.370949	0.445999	0.507497	0.553574	0.583062	0.614681	0.627624	0.621497	0.719977	0.79658	0.84898	0.875585	0.875585	0.84898	0.79658	0.719977	0.621497	0.629795	0.618957	0.596011	0.567738	0.522214	0.460824	0.385431	0.305869	
0.22216	0.221131	0.213383	0.199151	0.178869	0.178869	0.199151	0.213383	0.221131	0.22216	0.304132	0.382695	0.456824	0.517072	0.561609	0.589312	0.618957	0.629795	0.621497	0.719977	0.79658	0.84898	0.875585	0.875585	0.84898	0.79658	0.719977	0.621497	0.629795	0.618957	0.589312	0.561609	0.517072	0.456824	0.382695	0.304132	
