9.96921e-05	0.000115489	0.000127777	0.000136182	0.000140449	0.000140449	0.000136182	0.000127777	0.000115489	9.96921e-05	0.0008945	0.00166213	0.00237925	0.00302409	0.00357704	0.0040213	0.00434337	0.00453348	0.00458584	0.00531249	0.00587773	0.00626437	0.00646067	0.00646067	0.00626437	0.00587773	0.00531249	0.00458584	0.00453348	0.00434337	0.0040213	0.00357704	0.00302409	0.00237925	0.00166213	0.0008945	
9.96921e-05	0.0174786	0.0343264	0.0501312	0.0644128	0.0767373	0.0867301	0.0940877	0.0985864	0.10009	0.0993655	0.095622	0.0889732	0.0796209	0.0678494	0.0540163	0.038542	0.0218966	0.00458584	-0.00163344	-0.00780308	-0.0137356	-0.0192508	-0.0241811	-0.0283766	-0.03171	-0.0340798	-0.0354142	-0.0348606	-0.0332477	-0.0306247	-0.0270712	-0.0226951	-0.0176294	-0.012028	-0.00606125	
9.96921e-05	0.0244245	0.0480072	0.0701312	0.0901243	0.107379	0.121371	0.131675	0.137979	0.14009	0.138758	0.13321	0.123614	0.110263	0.0935609	0.0740163	0.0522228	0.0288425	0.00458584	-0.00857936	-0.0214839	-0.0337356	-0.0449623	-0.0548229	-0.0630177	-0.0692977	-0.0734721	-0.0754142	-0.0742529	-0.0708354	-0.0652657	-0.0577129	-0.0484066	-0.0376294	-0.0257089	-0.0130072	
9.96921e-05	0.0307916	0.0605479	0.0884645	0.113693	0.135467	0.153125	0.166131	0.174088	0.176756	0.174867	0.167665	0.155368	0.138351	0.11713	0.0923496	0.0647635	0.0352096	0.00458584	-0.0149465	-0.0340246	-0.052069	-0.0685312	-0.0829112	-0.0947719	-0.103753	-0.109582	-0.112081	-0.110362	-0.105291	-0.09702	-0.0858012	-0.0719754	-0.0559627	-0.0382496	-0.0193743	
9.96921e-05	0.0344093	0.0676733	0.0988812	0.127085	0.151427	0.171168	0.185708	0.194605	0.19759	0.195384	0.187242	0.173411	0.15431	0.130521	0.102766	0.0718889	0.0388273	0.00458584	-0.0185641	-0.04115	-0.0624856	-0.0819226	-0.0988704	-0.112814	-0.12333	-0.130099	-0.132914	-0.130879	-0.124868	-0.115062	-0.10176	-0.0853668	-0.0663794	-0.045375	-0.0229919	
9.96921e-05	0.0365799	0.0719486	0.105131	0.135119	0.161002	0.181993	0.197454	0.206915	0.21009	0.207694	0.198988	0.184236	0.163886	0.138556	0.109016	0.0761642	0.0409979	0.00458584	-0.0207347	-0.0454253	-0.0687356	-0.0899575	-0.108446	-0.123639	-0.135076	-0.142409	-0.145414	-0.143189	-0.136614	-0.125887	-0.111336	-0.0934017	-0.0726294	-0.0496503	-0.0251625	
0.10009	0.0985864	0.0940877	0.0867301	0.0767373	0.0644128	0.0501312	0.0343264	0.0174786	9.96921e-05	-0.00606125	-0.012028	-0.0176294	-0.0226951	-0.0270712	-0.0306247	-0.0332477	-0.0348606	-0.0354142	-0.0340798	-0.03171	-0.0283766	-0.0241811	-0.0192508	-0.0137356	-0.00780308	-0.00163344	0.00458584	0.0218966	0.038542	0.0540163	0.0678494	0.0796209	0.0889732	0.095622	0.0993655	
0.10009	0.0985864	0.0940877	0.0867301	0.0767373	0.0767373	0.0867301	0.0940877	0.0985864	0.10009	0.0987866	0.094482	0.0873065	0.0774783	0.0652959	0.0511296	0.0354097	0.0186139	0.00458584	0.00531249	0.00587773	0.00626437	0.00646067	0.00646067	0.00626437	0.00587773	0.00531249	0.00458584	0.0186139	0.0354097	0.0511296	0.0652959	0.0774783	0.0873065	0.094482	0.0987866	
0.0600897	0.073086	0.0838616	0.0920891	0.0975185	0.107379	0.121371	0.131675	0.137979	0.14009	0.138179	0.13207	0.121948	0.10812	0.0910074	0.0711296	0.0490905	0.0255598	0.00458584	0.000681872	-0.00324281	-0.00706896	-0.0106803	-0.0139672	-0.0168296	-0.0187547	-0.0198865	-0.0204142	-0.0147839	-0.0070377	0.000922302	0.00885428	0.0165172	0.0236783	0.0306727	0.0460813	
0.0600897	0.0794531	0.0964023	0.110422	0.121087	0.135467	0.153125	0.166131	0.174088	0.176756	0.174289	0.166525	0.153702	0.136208	0.114576	0.0894629	0.0616312	0.0319269	0.00458584	-0.00626406	-0.0169236	-0.027069	-0.0363918	-0.044609	-0.0514707	-0.0567684	-0.0603414	-0.0620808	-0.0541762	-0.0446254	-0.0337187	-0.0217875	-0.00919428	0.0036783	0.018132	0.0397142	
0.0600897	0.0830708	0.103528	0.120839	0.134479	0.151427	0.171168	0.185708	0.194605	0.19759	0.194805	0.186102	0.171744	0.152168	0.127968	0.0998796	0.0687566	0.0355446	0.00458584	-0.00988173	-0.024049	-0.0374856	-0.0497832	-0.0605682	-0.0695129	-0.0763454	-0.0808582	-0.0829142	-0.074693	-0.0642023	-0.0517609	-0.0377468	-0.0225857	-0.00673836	0.0110065	0.0360965	
0.0600897	0.0852414	0.107803	0.127089	0.142514	0.161002	0.181993	0.197454	0.206915	0.21009	0.207115	0.197848	0.182569	0.161743	0.136003	0.10613	0.0730319	0.0377152	0.00458584	-0.0120523	-0.0283243	-0.0437356	-0.0578181	-0.0701438	-0.0803382	-0.0880915	-0.0931683	-0.0954142	-0.0870031	-0.0759485	-0.0625862	-0.0473223	-0.0306205	-0.0129884	0.0067313	0.0339259	
0.14009	0.137979	0.131675	0.121371	0.107379	0.0901243	0.0701312	0.0480072	0.0244245	9.96921e-05	-0.0130072	-0.0257089	-0.0376294	-0.0484066	-0.0577129	-0.0652657	-0.0708354	-0.0742529	-0.0754142	-0.0734721	-0.0692977	-0.0630177	-0.0548229	-0.0449623	-0.0337356	-0.0214839	-0.00857936	0.00458584	0.0288425	0.0522228	0.0740163	0.0935609	0.110263	0.123614	0.13321	0.138758	
0.14009	0.137979	0.131675	0.121371	0.107379	0.0975185	0.0920891	0.0838616	0.073086	0.0600897	0.0460813	0.0306727	0.0236783	0.0165172	0.00885428	0.000922302	-0.0070377	-0.0147839	-0.0204142	-0.0198865	-0.0187547	-0.0168296	-0.0139672	-0.0106803	-0.00706896	-0.00324281	0.000681872	0.00458584	0.0255598	0.0490905	0.0711296	0.0910074	0.10812	0.121948	0.13207	0.138179	
0.0938484	0.0933628	0.0900404	0.0839821	0.0753722	0.0753722	0.0839821	0.0900404	0.0933628	0.0938484	0.0914824	0.0863369	0.078568	0.0684119	0.0561771	0.0422354	0.0270104	0.0110193	0.00458584	0.000681872	-0.00324281	-0.00706896	-0.0106803	-0.0106803	-0.00706896	-0.00324281	0.000681872	0.00458584	0.0110193	0.0270104	0.0422354	0.0561771	0.0684119	0.078568	0.0863369	0.0914824	
0.0450897	0.0559986	0.0669545	0.0824173	0.0953759	0.107291	0.120067	0.129194	0.134396	0.135515	0.132516	0.125491	0.114652	0.10033	0.0829599	0.0630687	0.0412612	0.0182	0.00458584	0.00531249	0.00587773	0.00626437	0.00646067	0.00646067	0.00626437	0.00587773	0.00531249	0.00458584	0.0112621	0.0175962	0.0233956	0.0284842	0.0327073	0.0359366	0.038074	0.0390545	
0.0450897	0.0599016	0.0778935	0.0935186	0.108767	0.12325	0.138109	0.148771	0.154913	0.156348	0.153033	0.145068	0.132695	0.11629	0.0963513	0.0734854	0.0483866	0.0218177	0.00458584	0.00227365	-0.000107627	-0.00248563	-0.00478811	-0.0069451	-0.00889108	-0.0105669	-0.0119216	-0.0129142	-0.00840049	-0.00363157	0.00124769	0.00608904	0.0107454	0.0150752	0.018947	0.0300068	
0.0450897	0.0620722	0.0821687	0.0997686	0.116802	0.132826	0.148934	0.160517	0.167223	0.168848	0.165343	0.156814	0.14352	0.125865	0.104386	0.0797354	0.0526619	0.0239883	0.00458584	0.000103044	-0.00438288	-0.00873563	-0.012823	-0.0165207	-0.0197164	-0.0223131	-0.0242317	-0.0254142	-0.0253798	-0.0245742	-0.023022	-0.0207702	-0.0178874	-0.00865824	0.00973691	0.0278362	
0.176756	0.174088	0.166131	0.153125	0.135467	0.113693	0.0884645	0.0605479	0.0307916	9.96921e-05	-0.0193743	-0.0382496	-0.0559627	-0.0719754	-0.0858012	-0.09702	-0.105291	-0.110362	-0.112081	-0.109582	-0.103753	-0.0947719	-0.0829112	-0.0685312	-0.052069	-0.0340246	-0.0149465	0.00458584	0.0352096	0.0647635	0.0923496	0.11713	0.138351	0.155368	0.167665	0.174867	
0.176756	0.174088	0.166131	0.153125	0.135467	0.121087	0.110422	0.0964023	0.0794531	0.0600897	0.0397142	0.018132	0.0036783	-0.00919428	-0.0217875	-0.0337187	-0.0446254	-0.0541762	-0.0620808	-0.0603414	-0.0567684	-0.0514707	-0.044609	-0.0363918	-0.027069	-0.0169236	-0.00626406	0.00458584	0.0319269	0.0616312	0.0894629	0.114576	0.136208	0.153702	0.166525	0.174289	
0.135515	0.134396	0.129194	0.120067	0.107291	0.0953759	0.0824173	0.0669545	0.0559986	0.0450897	0.0390545	0.038074	0.0359366	0.0327073	0.0284842	0.0233956	0.0175962	0.0112621	0.00458584	0.00531249	0.00587773	0.00626437	0.00646067	0.00646067	0.00626437	0.00587773	0.00531249	0.00458584	0.0182	0.0412612	0.0630687	0.0829599	0.10033	0.114652	0.125491	0.132516	
0.072201	0.0766749	0.0810116	0.0845329	0.0854857	0.0854857	0.0845329	0.0810116	0.0766749	0.072201	0.0655334	0.0631324	0.0590306	0.0531351	0.0456252	0.036729	0.0267167	0.0158927	0.00458584	0.00531249	0.00587773	0.00626437	0.00646067	0.00646067	0.00626437	0.00587773	0.00531249	0.00458584	0.0158927	0.0267167	0.036729	0.0456252	0.0531351	0.0590306	0.0631324	0.0655334	
0.0667664	0.0763312	0.0841581	0.0992921	0.111409	0.120141	0.125223	0.126499	0.123932	0.1176	0.108159	0.095431	0.0798039	0.061752	0.0418238	0.0265949	0.0197846	0.0123732	0.00458584	0.00531249	0.00587773	0.00626437	0.00646067	0.00646067	0.00626437	0.00587773	0.00531249	0.00458584	0.00558819	0.00642075	0.00705822	0.00837345	0.0207921	0.0338003	0.0457816	0.0563718	
0.0667664	0.0771126	0.0884333	0.105542	0.119444	0.129717	0.136048	0.138245	0.136242	0.1301	0.120469	0.108922	0.0944552	0.0771179	0.0574375	0.0360119	0.0225208	0.0137624	0.00458584	0.00531249	0.00587773	0.00626437	0.00646067	0.00646067	0.00626437	0.00587773	0.00531249	0.00458584	0.00724376	0.00968158	0.0118252	0.0136096	0.0149804	0.0251143	0.0403669	0.054393	
0.19759	0.194605	0.185708	0.171168	0.151427	0.127085	0.0988812	0.0676733	0.0344093	9.96921e-05	-0.0229919	-0.045375	-0.0663794	-0.0853668	-0.10176	-0.115062	-0.124868	-0.130879	-0.132914	-0.130099	-0.12333	-0.112814	-0.0988704	-0.0819226	-0.0624856	-0.04115	-0.0185641	0.00458584	0.0388273	0.0718889	0.102766	0.130521	0.15431	0.173411	0.187242	0.195384	
0.19759	0.194605	0.185708	0.171168	0.151427	0.134479	0.120839	0.103528	0.0830708	0.0600897	0.0360965	0.0110065	-0.00673836	-0.0225857	-0.0377468	-0.0517609	-0.0642023	-0.074693	-0.0829142	-0.0808582	-0.0763454	-0.0695129	-0.0605682	-0.0497832	-0.0374856	-0.024049	-0.00988173	0.00458584	0.0355446	0.0687566	0.0998796	0.127968	0.152168	0.171744	0.186102	0.194805	
0.156348	0.154913	0.148771	0.138109	0.12325	0.108767	0.0935186	0.0778935	0.0599016	0.0450897	0.0300068	0.018947	0.0150752	0.0107454	0.00608904	0.00124769	-0.00363157	-0.00840049	-0.0129142	-0.0119216	-0.0105669	-0.00889108	-0.0069451	-0.00478811	-0.00248563	-0.000107627	0.00227365	0.00458584	0.0218177	0.0483866	0.0734854	0.0963513	0.11629	0.132695	0.145068	0.153033	
0.1176	0.123932	0.126499	0.125223	0.120141	0.111409	0.0992921	0.0841581	0.0763312	0.0667664	0.0563718	0.0457816	0.0338003	0.0207921	0.00837345	0.00705822	0.00642075	0.00558819	0.00458584	0.00531249	0.00587773	0.00626437	0.00646067	0.00646067	0.00626437	0.00587773	0.00531249	0.00458584	0.0123732	0.0197846	0.0265949	0.0418238	0.061752	0.0798039	0.095431	0.108159	
0.0875997	0.096848	0.103154	0.106325	0.106266	0.106266	0.106325	0.103154	0.096848	0.0875997	0.0768886	0.0653585	0.0518425	0.0367513	0.0208726	0.0174749	0.0135462	0.00920586	0.00458584	0.00531249	0.00587773	0.00626437	0.00646067	0.00646067	0.00626437	0.00587773	0.00531249	0.00458584	0.00920586	0.0135462	0.0174749	0.0208726	0.0367513	0.0518425	0.0653585	0.0768886	
0.0875997	0.0976295	0.104693	0.108575	0.111013	0.115841	0.11715	0.1149	0.109158	0.1001	0.0891987	0.0771047	0.0626678	0.0463269	0.0289075	0.0237249	0.0178214	0.0113765	0.00458584	0.00531249	0.00587773	0.00626437	0.00646067	0.00646067	0.00626437	0.00587773	0.00531249	0.00458584	0.0108614	0.016807	0.0222419	0.027001	0.0309397	0.0431565	0.0599438	0.0749098	
0.21009	0.206915	0.197454	0.181993	0.161002	0.135119	0.105131	0.0719486	0.0365799	9.96921e-05	-0.0251625	-0.0496503	-0.0726294	-0.0934017	-0.111336	-0.125887	-0.136614	-0.143189	-0.145414	-0.142409	-0.135076	-0.123639	-0.108446	-0.0899575	-0.0687356	-0.0454253	-0.0207347	0.00458584	0.0409979	0.0761642	0.109016	0.138556	0.163886	0.184236	0.198988	0.207694	
0.21009	0.206915	0.197454	0.181993	0.161002	0.142514	0.127089	0.107803	0.0852414	0.0600897	0.0339259	0.0067313	-0.0129884	-0.0306205	-0.0473223	-0.0625862	-0.0759485	-0.0870031	-0.0954142	-0.0931683	-0.0880915	-0.0803382	-0.0701438	-0.0578181	-0.0437356	-0.0283243	-0.0120523	0.00458584	0.0377152	0.0730319	0.10613	0.136003	0.161743	0.182569	0.197848	0.207115	
0.168848	0.167223	0.160517	0.148934	0.132826	0.116802	0.0997686	0.0821687	0.0620722	0.0450897	0.0278362	0.00973691	-0.00865824	-0.0178874	-0.0207702	-0.023022	-0.0245742	-0.0253798	-0.0254142	-0.0242317	-0.0223131	-0.0197164	-0.0165207	-0.012823	-0.00873563	-0.00438288	0.000103044	0.00458584	0.0239883	0.0526619	0.0797354	0.104386	0.125865	0.14352	0.156814	0.165343	
0.1301	0.136242	0.138245	0.136048	0.129717	0.119444	0.105542	0.0884333	0.0771126	0.0667664	0.054393	0.0403669	0.0251143	0.0149804	0.0136096	0.0118252	0.00968158	0.00724376	0.00458584	0.00531249	0.00587773	0.00626437	0.00646067	0.00646067	0.00626437	0.00587773	0.00531249	0.00458584	0.0137624	0.0225208	0.0360119	0.0574375	0.0771179	0.0944552	0.108922	0.120469	
0.1001	0.109158	0.1149	0.11715	0.115841	0.111013	0.108575	0.104693	0.0976295	0.0875997	0.0749098	0.0599438	0.0431565	0.0309397	0.027001	0.0222419	0.016807	0.0108614	0.00458584	0.00531249	0.00587773	0.00626437	0.00646067	0.00646067	0.00626437	0.00587773	0.00531249	0.00458584	0.0113765	0.0178214	0.0237249	0.0289075	0.0463269	0.0626678	0.0771047	0.0891987	
0.1001	0.10994	0.116439	0.1194	0.118734	0.118734	0.1194	0.116439	0.10994	0.1001	0.0872199	0.07169	0.0539818	0.0405152	0.0350358	0.0284919	0.0210823	0.013032	0.00458584	0.00531249	0.00587773	0.00626437	0.00646067	0.00646067	0.00626437	0.00587773	0.00531249	0.00458584	0.013032	0.0210823	0.0284919	0.0350358	0.0405152	0.0539818	0.07169	0.0872199	
