-5.28617	-6.22593	-6.97652	-7.51514	-7.82388	-7.82388	-7.51514	-6.97652	-6.22593	-5.28617	-4.18578	-2.94935	-1.61855	-0.238575	1.14865	2.51397	3.81259	4.99537	6.02637	6.98129	7.72408	8.23218	8.49015	8.49015	8.23218	7.72408	6.98129	6.02637	4.99537	3.81259	2.51397	1.14865	-0.238575	-1.61855	-2.94935	-4.18578	
-5.17605	-5.09815	-4.86535	-4.48472	-3.9633	-3.23755	-2.35456	-1.39705	-0.397078	0.614955	1.6111	2.56198	3.44496	4.22954	4.90891	5.44647	5.81854	6.01382	6.02637	5.93836	5.66991	5.22918	4.62957	3.88929	3.03083	2.08029	1.06653	0.0203734	-0.878747	-1.75117	-2.57038	-3.31149	-3.95198	-4.4724	-4.85692	-5.09387	
-5.21232	-5.12556	-4.88306	-4.49219	-3.9633	-3.23755	-2.35456	-1.39705	-0.397078	0.614955	1.62458	2.59483	3.491	4.28348	4.96033	5.48647	5.8459	6.02771	6.02637	5.93836	5.66991	5.22918	4.62957	3.88929	3.03083	2.08029	1.06653	0.0203734	-0.892986	-1.77921	-2.61138	-3.3642	-4.0148	-4.53582	-4.9129	-5.14071	
-5.2347	-5.14297	-4.89497	-4.49824	-3.9633	-3.23755	-2.35456	-1.39318	-0.374532	0.655501	1.66562	2.63399	3.52708	4.31301	4.97747	5.4998	5.85502	6.03234	6.02637	5.93836	5.66991	5.22918	4.62957	3.88929	3.03083	2.08029	1.06653	0.0203734	-0.892986	-1.77921	-2.61138	-3.3642	-4.0148	-4.54341	-4.93398	-5.16738	
-5.24589	-5.15167	-4.90092	-4.50126	-3.9633	-3.23755	-2.35146	-1.37361	-0.354015	0.676334	1.68613	2.65356	3.54512	4.32896	4.98604	5.50647	5.85958	6.03466	6.02637	5.93836	5.66991	5.22918	4.62957	3.88929	3.03083	2.08029	1.06653	0.0203734	-0.906281	-1.7919	-2.62307	-3.37454	-4.02348	-4.55016	-4.9386	-5.17697	
-5.2526	-5.15689	-4.90449	-4.50307	-3.9633	-3.23755	-2.34064	-1.36186	-0.341705	0.688834	1.69844	2.66531	3.55595	4.33854	4.99119	5.51047	5.86232	6.03605	6.02637	5.93836	5.66991	5.22918	4.62957	3.88929	3.03083	2.08029	1.06653	0.0203734	-0.919583	-1.8056	-2.63675	-3.38779	-4.03589	-4.56136	-4.94824	-5.18476	
0.614955	-0.397078	-1.39705	-2.35456	-3.23755	-3.9633	-4.48472	-4.86535	-5.09815	-5.17605	-5.09387	-4.85692	-4.4724	-3.95198	-3.31149	-2.57038	-1.75117	-0.878747	0.0203734	1.06653	2.08029	3.03083	3.88929	4.62957	5.22918	5.66991	5.93836	6.02637	6.01382	5.81854	5.44647	4.90891	4.22954	3.44496	2.56198	1.6111	
0.657373	0.650678	0.624213	0.578782	0.515764	0.515764	0.578782	0.624213	0.650678	0.657373	0.647886	0.621798	0.576817	0.51431	0.436175	0.344788	0.242924	0.13368	0.0203734	0.0236017	0.0261129	0.0278306	0.0287027	0.0287027	0.0278306	0.0261129	0.0236017	0.0203734	0.13368	0.242924	0.344788	0.436175	0.51431	0.576817	0.621798	0.647886	
0.614955	0.625015	0.616085	0.588435	0.545897	0.560195	0.629011	0.678837	0.712216	0.723955	0.716494	0.687263	0.63715	0.567677	0.480956	0.379621	0.266752	0.145777	0.0203734	0.0236017	0.0261129	0.0278306	0.0287027	0.0287027	0.0278306	0.0261129	0.0236017	0.0203734	0.110179	0.2003	0.290598	0.375883	0.449751	0.509952	0.559034	0.595044	
0.614955	0.631382	0.628626	0.606769	0.569466	0.588283	0.660916	0.717991	0.75325	0.765621	0.757528	0.726417	0.673234	0.599596	0.507739	0.400455	0.281003	0.153013	0.0203734	0.0236017	0.0261129	0.0278306	0.0287027	0.0287027	0.0278306	0.0261129	0.0236017	0.0203734	0.109832	0.195954	0.276121	0.348575	0.422519	0.483624	0.536308	0.58264	
0.614955	0.635	0.635751	0.617185	0.582857	0.604242	0.678959	0.737568	0.773767	0.786455	0.778045	0.745994	0.691277	0.615555	0.52113	0.410871	0.288128	0.15663	0.0203734	0.0236017	0.0261129	0.0278306	0.0287027	0.0287027	0.0278306	0.0261129	0.0236017	0.0203734	0.0976768	0.183268	0.26443	0.337557	0.409127	0.473207	0.529182	0.579022	
0.614955	0.637171	0.640026	0.623435	0.590892	0.613818	0.689784	0.749314	0.786077	0.798955	0.790355	0.75774	0.702102	0.625131	0.529165	0.417121	0.292403	0.158801	0.0203734	0.0236017	0.0261129	0.0278306	0.0287027	0.0287027	0.0278306	0.0261129	0.0236017	0.0203734	0.0976768	0.172012	0.25075	0.324312	0.401092	0.466957	0.524907	0.576851	
0.614955	-0.397078	-1.39705	-2.35456	-3.23755	-3.9633	-4.49219	-4.88306	-5.12556	-5.21232	-5.14071	-4.9129	-4.53582	-4.0148	-3.3642	-2.61138	-1.77921	-0.892986	0.0203734	1.06653	2.08029	3.03083	3.88929	4.62957	5.22918	5.66991	5.93836	6.02637	6.02771	5.8459	5.48647	4.96033	4.28348	3.491	2.59483	1.62458	
0.723955	0.712216	0.678837	0.629011	0.560195	0.545897	0.588435	0.616085	0.625015	0.614955	0.595044	0.559034	0.509952	0.449751	0.375883	0.290598	0.2003	0.110179	0.0203734	0.0236017	0.0261129	0.0278306	0.0287027	0.0287027	0.0278306	0.0261129	0.0236017	0.0203734	0.145777	0.266752	0.379621	0.480956	0.567677	0.63715	0.687263	0.716494	
0.687675	0.684803	0.661124	0.617357	0.560195	0.560195	0.617357	0.661124	0.684803	0.687675	0.669652	0.631282	0.579234	0.511034	0.428248	0.338621	0.238706	0.131538	0.0203734	0.0236017	0.0261129	0.0278306	0.0287027	0.0287027	0.0278306	0.0261129	0.0236017	0.0203734	0.131538	0.238706	0.338621	0.428248	0.511034	0.579234	0.631282	0.669652	
0.665299	0.667398	0.649218	0.611312	0.569466	0.588283	0.653442	0.700278	0.725837	0.729342	0.710686	0.670436	0.609815	0.53678	0.45503	0.359455	0.252957	0.138774	0.0203734	0.0236017	0.0261129	0.0278306	0.0287027	0.0287027	0.0278306	0.0261129	0.0236017	0.0203734	0.131538	0.238706	0.338621	0.428248	0.504862	0.566136	0.610208	0.642985	
0.654111	0.658695	0.643265	0.617185	0.582857	0.604242	0.671484	0.719855	0.746354	0.750175	0.731203	0.690013	0.627857	0.552739	0.468422	0.369871	0.260082	0.142391	0.0203734	0.0236017	0.0261129	0.0278306	0.0287027	0.0287027	0.0278306	0.0261129	0.0236017	0.0203734	0.118243	0.22602	0.32693	0.417906	0.496184	0.559386	0.605591	0.633396	
0.647398	0.653474	0.640026	0.623435	0.590892	0.613818	0.682309	0.731601	0.758664	0.762675	0.743513	0.701759	0.638683	0.562315	0.476457	0.376121	0.264358	0.144562	0.0203734	0.0236017	0.0261129	0.0278306	0.0287027	0.0287027	0.0278306	0.0261129	0.0236017	0.0203734	0.111569	0.212321	0.31325	0.40466	0.483775	0.548191	0.595951	0.625602	
0.655501	-0.374532	-1.39318	-2.35456	-3.23755	-3.9633	-4.49824	-4.89497	-5.14297	-5.2347	-5.16738	-4.93398	-4.54341	-4.0148	-3.3642	-2.61138	-1.77921	-0.892986	0.0203734	1.06653	2.08029	3.03083	3.88929	4.62957	5.22918	5.66991	5.93836	6.02637	6.03234	5.85502	5.4998	4.97747	4.31301	3.52708	2.63399	1.66562	
0.765621	0.75325	0.717991	0.660916	0.588283	0.569466	0.606769	0.628626	0.631382	0.614955	0.58264	0.536308	0.483624	0.422519	0.348575	0.276121	0.195954	0.109832	0.0203734	0.0236017	0.0261129	0.0278306	0.0287027	0.0287027	0.0278306	0.0261129	0.0236017	0.0203734	0.153013	0.281003	0.400455	0.507739	0.599596	0.673234	0.726417	0.757528	
0.729342	0.725837	0.700278	0.653442	0.588283	0.569466	0.611312	0.649218	0.667398	0.665299	0.642985	0.610208	0.566136	0.504862	0.428248	0.338621	0.238706	0.131538	0.0203734	0.0236017	0.0261129	0.0278306	0.0287027	0.0287027	0.0278306	0.0261129	0.0236017	0.0203734	0.138774	0.252957	0.359455	0.45503	0.53678	0.609815	0.670436	0.710686	
0.706966	0.708432	0.688372	0.647397	0.588283	0.588283	0.647397	0.688372	0.708432	0.706966	0.684019	0.649362	0.60222	0.53678	0.45503	0.359455	0.252957	0.138774	0.0203734	0.0236017	0.0261129	0.0278306	0.0287027	0.0287027	0.0278306	0.0261129	0.0236017	0.0203734	0.138774	0.252957	0.359455	0.45503	0.53678	0.60222	0.649362	0.684019	
0.695778	0.699729	0.682419	0.644374	0.588283	0.604242	0.665439	0.707949	0.728948	0.727799	0.704536	0.668939	0.620262	0.552739	0.468422	0.369871	0.260082	0.142391	0.0203734	0.0236017	0.0261129	0.0278306	0.0287027	0.0287027	0.0278306	0.0261129	0.0236017	0.0203734	0.125479	0.240271	0.347763	0.444689	0.528103	0.59547	0.644745	0.674429	
0.689065	0.694507	0.678847	0.642561	0.590892	0.613818	0.676264	0.719695	0.741259	0.740299	0.716846	0.680685	0.631088	0.562315	0.476457	0.376121	0.264358	0.144562	0.0203734	0.0236017	0.0261129	0.0278306	0.0287027	0.0287027	0.0278306	0.0261129	0.0236017	0.0203734	0.116199	0.226572	0.334083	0.431443	0.515694	0.584276	0.635104	0.666636	
0.676334	-0.354015	-1.37361	-2.35146	-3.23755	-3.9633	-4.50126	-4.90092	-5.15167	-5.24589	-5.17697	-4.9386	-4.55016	-4.02348	-3.37454	-2.62307	-1.7919	-0.906281	0.0203734	1.06653	2.08029	3.03083	3.88929	4.62957	5.22918	5.66991	5.93836	6.02637	6.03466	5.85958	5.50647	4.98604	4.32896	3.54512	2.65356	1.68613	
0.786455	0.773767	0.737568	0.678959	0.604242	0.582857	0.617185	0.635751	0.635	0.614955	0.579022	0.529182	0.473207	0.409127	0.337557	0.26443	0.183268	0.0976768	0.0203734	0.0236017	0.0261129	0.0278306	0.0287027	0.0287027	0.0278306	0.0261129	0.0236017	0.0203734	0.15663	0.288128	0.410871	0.52113	0.615555	0.691277	0.745994	0.778045	
0.750175	0.746354	0.719855	0.671484	0.604242	0.582857	0.617185	0.643265	0.658695	0.654111	0.633396	0.605591	0.559386	0.496184	0.417906	0.32693	0.22602	0.118243	0.0203734	0.0236017	0.0261129	0.0278306	0.0287027	0.0287027	0.0278306	0.0261129	0.0236017	0.0203734	0.142391	0.260082	0.369871	0.468422	0.552739	0.627857	0.690013	0.731203	
0.727799	0.728948	0.707949	0.665439	0.604242	0.588283	0.644374	0.682419	0.699729	0.695778	0.674429	0.644745	0.59547	0.528103	0.444689	0.347763	0.240271	0.125479	0.0203734	0.0236017	0.0261129	0.0278306	0.0287027	0.0287027	0.0278306	0.0261129	0.0236017	0.0203734	0.142391	0.260082	0.369871	0.468422	0.552739	0.620262	0.668939	0.704536	
0.716611	0.720246	0.701996	0.662417	0.604242	0.604242	0.662417	0.701996	0.720246	0.716611	0.694946	0.664322	0.613512	0.544062	0.45808	0.35818	0.247397	0.129096	0.0203734	0.0236017	0.0261129	0.0278306	0.0287027	0.0287027	0.0278306	0.0261129	0.0236017	0.0203734	0.129096	0.247397	0.35818	0.45808	0.544062	0.613512	0.664322	0.694946	
0.709898	0.715024	0.698424	0.660603	0.604242	0.613818	0.673242	0.713742	0.732556	0.729111	0.707256	0.676068	0.624338	0.553637	0.466115	0.36443	0.251672	0.131267	0.0203734	0.0236017	0.0261129	0.0278306	0.0287027	0.0287027	0.0278306	0.0261129	0.0236017	0.0203734	0.118515	0.233698	0.3445	0.444835	0.531653	0.602318	0.654681	0.687153	
0.688834	-0.341705	-1.36186	-2.34064	-3.23755	-3.9633	-4.50307	-4.90449	-5.15689	-5.2526	-5.18476	-4.94824	-4.56136	-4.03589	-3.38779	-2.63675	-1.8056	-0.919583	0.0203734	1.06653	2.08029	3.03083	3.88929	4.62957	5.22918	5.66991	5.93836	6.02637	6.03605	5.86232	5.51047	4.99119	4.33854	3.55595	2.66531	1.69844	
0.798955	0.786077	0.749314	0.689784	0.613818	0.590892	0.623435	0.640026	0.637171	0.614955	0.576851	0.524907	0.466957	0.401092	0.324312	0.25075	0.172012	0.0976768	0.0203734	0.0236017	0.0261129	0.0278306	0.0287027	0.0287027	0.0278306	0.0261129	0.0236017	0.0203734	0.158801	0.292403	0.417121	0.529165	0.625131	0.702102	0.75774	0.790355	
0.762675	0.758664	0.731601	0.682309	0.613818	0.590892	0.623435	0.640026	0.653474	0.647398	0.625602	0.595951	0.548191	0.483775	0.40466	0.31325	0.212321	0.111569	0.0203734	0.0236017	0.0261129	0.0278306	0.0287027	0.0287027	0.0278306	0.0261129	0.0236017	0.0203734	0.144562	0.264358	0.376121	0.476457	0.562315	0.638683	0.701759	0.743513	
0.740299	0.741259	0.719695	0.676264	0.613818	0.590892	0.642561	0.678847	0.694507	0.689065	0.666636	0.635104	0.584276	0.515694	0.431443	0.334083	0.226572	0.116199	0.0203734	0.0236017	0.0261129	0.0278306	0.0287027	0.0287027	0.0278306	0.0261129	0.0236017	0.0203734	0.144562	0.264358	0.376121	0.476457	0.562315	0.631088	0.680685	0.716846	
0.729111	0.732556	0.713742	0.673242	0.613818	0.604242	0.660603	0.698424	0.715024	0.709898	0.687153	0.654681	0.602318	0.531653	0.444835	0.3445	0.233698	0.118515	0.0203734	0.0236017	0.0261129	0.0278306	0.0287027	0.0287027	0.0278306	0.0261129	0.0236017	0.0203734	0.131267	0.251672	0.36443	0.466115	0.553637	0.624338	0.676068	0.707256	
0.722398	0.727334	0.71017	0.671429	0.613818	0.613818	0.671429	0.71017	0.727334	0.722398	0.699463	0.666428	0.613143	0.541229	0.452869	0.35075	0.237973	0.119904	0.0203734	0.0236017	0.0261129	0.0278306	0.0287027	0.0287027	0.0278306	0.0261129	0.0236017	0.0203734	0.119904	0.237973	0.35075	0.452869	0.541229	0.613143	0.666428	0.699463	
