0.0240302	0.0267416	0.0287946	0.0301386	0.0307405	0.0305854	0.0307405	0.0301386	0.0287946	0.0267416	0.0240302	3.30524	6.50506	9.54526	12.3507	14.8521	16.9877	18.7051	19.9619	20.7271	20.982	24.006	26.4389	28.2207	29.3077	29.673	29.3077	28.2207	26.4389	24.006	20.982	20.7271	19.9619	18.7051	16.9877	14.8521	12.3507	9.54526	6.50506	3.30524	
0.0240302	0.0267416	0.0287946	0.0301386	0.0307405	0.0305854	0.0296772	0.0280383	0.025709	0.0227466	0.0192241	3.30018	6.49987	9.53951	12.3443	14.8451	16.9803	18.6975	19.9542	20.7209	20.982	24.006	26.4389	28.2207	29.3077	29.673	29.3077	28.2207	26.4389	24.006	20.982	20.7274	19.9625	18.706	16.9889	14.8535	12.3524	9.54704	6.50665	3.30604	
0.0240302	0.0267416	0.0287946	0.0301386	0.0307405	0.0305854	0.0296772	0.0280383	0.025709	0.0227466	0.0192241	3.30018	6.49987	9.53951	12.3443	14.8451	16.9803	18.6975	19.9542	20.7202	20.982	24.006	26.4389	28.2207	29.3077	29.673	29.3077	28.2207	26.4389	24.006	20.982	20.7274	19.9625	18.706	16.9889	14.8535	12.3524	9.54704	6.50665	3.30604	
0.0240302	0.0267416	0.0287946	0.0301386	0.0307405	0.0305854	0.0296772	0.0280383	0.025709	0.0227466	0.0192241	3.30018	6.49987	9.53951	12.3443	14.8451	16.9803	18.6975	19.9542	20.7202	20.982	24.006	26.4389	28.2207	29.3077	29.673	29.3077	28.2207	26.4389	24.006	20.982	20.7274	19.9625	18.706	16.9889	14.8535	12.3524	9.54704	6.50665	3.30604	
0.0240302	0.0267416	0.0287946	0.0301386	0.0307405	0.0305854	0.0296772	0.0280383	0.025709	0.0227466	0.0192241	3.30018	6.49987	9.53951	12.3443	14.8451	16.9803	18.6975	19.9542	20.7202	20.982	24.006	26.4389	28.2207	29.3077	29.673	29.3077	28.2207	26.4389	24.006	20.982	20.7274	19.9625	18.706	16.9889	14.8535	12.3524	9.54704	6.50665	3.30604	
0.0240302	0.0267416	0.0287946	0.0301386	0.0307405	0.0305854	0.0296772	0.0280383	0.025709	0.0227466	0.0192241	3.30018	6.49987	9.53951	12.3443	14.8451	16.9803	18.6975	19.9542	20.7202	20.982	24.006	26.4389	28.2207	29.3077	29.673	29.3077	28.2207	26.4389	24.006	20.982	20.7274	19.9625	18.706	16.9889	14.8535	12.3524	9.54704	6.50665	3.30604	
0.0192241	0.0227466	0.025709	0.0280383	0.0296772	0.0305854	0.0307405	0.0301386	0.0287946	0.0267416	0.0240302	3.30604	6.50665	9.54704	12.3524	14.8535	16.9889	18.706	19.9625	20.7274	20.982	24.006	26.4389	28.2207	29.3077	29.673	29.3077	28.2207	26.4389	24.006	20.982	20.7209	19.9542	18.6975	16.9803	14.8451	12.3443	9.53951	6.49987	3.30018	
0.0192241	0.0216279	0.0234991	0.0247917	0.0254739	0.0255288	0.0254739	0.0247917	0.0234991	0.0216279	0.0192241	3.3013	6.50208	9.54276	12.3485	14.8501	16.9861	18.7038	19.961	20.7267	20.982	24.006	26.4389	28.2207	29.3077	29.673	29.3077	28.2207	26.4389	24.006	20.982	20.7267	19.961	18.7038	16.9861	14.8501	12.3485	9.54276	6.50208	3.3013	
0.0192241	0.0216279	0.0234991	0.0247917	0.0254739	0.0255288	0.0254739	0.0247917	0.0234991	0.0216279	0.0192241	3.3013	6.50208	9.54276	12.3485	14.8501	16.9861	18.7038	19.961	20.7267	20.982	24.006	26.4389	28.2207	29.3077	29.673	29.3077	28.2207	26.4389	24.006	20.982	20.7267	19.961	18.7038	16.9861	14.8501	12.3485	9.54276	6.50208	3.3013	
0.0192241	0.0216279	0.0234991	0.0247917	0.0254739	0.0255288	0.0254739	0.0247917	0.0234991	0.0216279	0.0192241	3.3013	6.50208	9.54276	12.3485	14.8501	16.9861	18.7038	19.961	20.7267	20.982	24.006	26.4389	28.2207	29.3077	29.673	29.3077	28.2207	26.4389	24.006	20.982	20.7267	19.961	18.7038	16.9861	14.8501	12.3485	9.54276	6.50208	3.3013	
0.0192241	0.0216279	0.0234991	0.0247917	0.0254739	0.0255288	0.0254739	0.0247917	0.0234991	0.0216279	0.0192241	3.3013	6.50208	9.54276	12.3485	14.8501	16.9861	18.7038	19.961	20.7267	20.982	24.006	26.4389	28.2207	29.3077	29.673	29.3077	28.2207	26.4389	24.006	20.982	20.7267	19.961	18.7038	16.9861	14.8501	12.3485	9.54276	6.50208	3.3013	
0.0192241	0.0216279	0.0234991	0.0247917	0.0254739	0.0255288	0.0254739	0.0247917	0.0234991	0.0216279	0.0192241	3.3013	6.50208	9.54276	12.3485	14.8501	16.9861	18.7038	19.961	20.7267	20.982	24.006	26.4389	28.2207	29.3077	29.673	29.3077	28.2207	26.4389	24.006	20.982	20.7267	19.961	18.7038	16.9861	14.8501	12.3485	9.54276	6.50208	3.3013	
0.0192241	0.0227466	0.025709	0.0280383	0.0296772	0.0305854	0.0307405	0.0301386	0.0287946	0.0267416	0.0240302	3.30604	6.50665	9.54704	12.3524	14.8535	16.9889	18.706	19.9625	20.7274	20.982	24.006	26.4389	28.2207	29.3077	29.673	29.3077	28.2207	26.4389	24.006	20.982	20.7202	19.9542	18.6975	16.9803	14.8451	12.3443	9.53951	6.49987	3.30018	
0.0192241	0.0216279	0.0234991	0.0247917	0.0254739	0.0255288	0.0254739	0.0247917	0.0234991	0.0216279	0.0192241	3.3013	6.50208	9.54276	12.3485	14.8501	16.9861	18.7038	19.961	20.7267	20.982	24.006	26.4389	28.2207	29.3077	29.673	29.3077	28.2207	26.4389	24.006	20.982	20.7267	19.961	18.7038	16.9861	14.8501	12.3485	9.54276	6.50208	3.3013	
0.0192241	0.0216279	0.0234991	0.0247917	0.0254739	0.0255288	0.0254739	0.0247917	0.0234991	0.0216279	0.0192241	3.3013	6.50208	9.54276	12.3485	14.8501	16.9861	18.7038	19.961	20.7267	20.982	24.006	26.4389	28.2207	29.3077	29.673	29.3077	28.2207	26.4389	24.006	20.982	20.7267	19.961	18.7038	16.9861	14.8501	12.3485	9.54276	6.50208	3.3013	
0.0192241	0.0216279	0.0234991	0.0247917	0.0254739	0.0255288	0.0254739	0.0247917	0.0234991	0.0216279	0.0192241	3.3013	6.50208	9.54276	12.3485	14.8501	16.9861	18.7038	19.961	20.7267	20.982	24.006	26.4389	28.2207	29.3077	29.673	29.3077	28.2207	26.4389	24.006	20.982	20.7267	19.961	18.7038	16.9861	14.8501	12.3485	9.54276	6.50208	3.3013	
0.0192241	0.0216279	0.0234991	0.0247917	0.0254739	0.0255288	0.0254739	0.0247917	0.0234991	0.0216279	0.0192241	3.3013	6.50208	9.54276	12.3485	14.8501	16.9861	18.7038	19.961	20.7267	20.982	24.006	26.4389	28.2207	29.3077	29.673	29.3077	28.2207	26.4389	24.006	20.982	20.7267	19.961	18.7038	16.9861	14.8501	12.3485	9.54276	6.50208	3.3013	
0.0192241	0.0216279	0.0234991	0.0247917	0.0254739	0.0255288	0.0254739	0.0247917	0.0234991	0.0216279	0.0192241	3.3013	6.50208	9.54276	12.3485	14.8501	16.9861	18.7038	19.961	20.7267	20.982	24.006	26.4389	28.2207	29.3077	29.673	29.3077	28.2207	26.4389	24.006	20.982	20.7267	19.961	18.7038	16.9861	14.8501	12.3485	9.54276	6.50208	3.3013	
0.0192241	0.0227466	0.025709	0.0280383	0.0296772	0.0305854	0.0307405	0.0301386	0.0287946	0.0267416	0.0240302	3.30604	6.50665	9.54704	12.3524	14.8535	16.9889	18.706	19.9625	20.7274	20.982	24.006	26.4389	28.2207	29.3077	29.673	29.3077	28.2207	26.4389	24.006	20.982	20.7202	19.9542	18.6975	16.9803	14.8451	12.3443	9.53951	6.49987	3.30018	
0.0192241	0.0216279	0.0234991	0.0247917	0.0254739	0.0255288	0.0254739	0.0247917	0.0234991	0.0216279	0.0192241	3.3013	6.50208	9.54276	12.3485	14.8501	16.9861	18.7038	19.961	20.7267	20.982	24.006	26.4389	28.2207	29.3077	29.673	29.3077	28.2207	26.4389	24.006	20.982	20.7267	19.961	18.7038	16.9861	14.8501	12.3485	9.54276	6.50208	3.3013	
0.0192241	0.0216279	0.0234991	0.0247917	0.0254739	0.0255288	0.0254739	0.0247917	0.0234991	0.0216279	0.0192241	3.3013	6.50208	9.54276	12.3485	14.8501	16.9861	18.7038	19.961	20.7267	20.982	24.006	26.4389	28.2207	29.3077	29.673	29.3077	28.2207	26.4389	24.006	20.982	20.7267	19.961	18.7038	16.9861	14.8501	12.3485	9.54276	6.50208	3.3013	
0.0192241	0.0216279	0.0234991	0.0247917	0.0254739	0.0255288	0.0254739	0.0247917	0.0234991	0.0216279	0.0192241	3.3013	6.50208	9.54276	12.3485	14.8501	16.9861	18.7038	19.961	20.7267	20.982	24.006	26.4389	28.2207	29.3077	29.673	29.3077	28.2207	26.4389	24.006	20.982	20.7267	19.961	18.7038	16.9861	14.8501	12.3485	9.54276	6.50208	3.3013	
0.0192241	0.0216279	0.0234991	0.0247917	0.0254739	0.0255288	0.0254739	0.0247917	0.0234991	0.0216279	0.0192241	3.3013	6.50208	9.54276	12.3485	14.8501	16.9861	18.7038	19.961	20.7267	20.982	24.006	26.4389	28.2207	29.3077	29.673	29.3077	28.2207	26.4389	24.006	20.982	20.7267	19.961	18.7038	16.9861	14.8501	12.3485	9.54276	6.50208	3.3013	
0.0192241	0.0216279	0.0234991	0.0247917	0.0254739	0.0255288	0.0254739	0.0247917	0.0234991	0.0216279	0.0192241	3.3013	6.50208	9.54276	12.3485	14.8501	16.9861	18.7038	19.961	20.7267	20.982	24.006	26.4389	28.2207	29.3077	29.673	29.3077	28.2207	26.4389	24.006	20.982	20.7267	19.961	18.7038	16.9861	14.8501	12.3485	9.54276	6.50208	3.3013	
0.0192241	0.0227466	0.025709	0.0280383	0.0296772	0.0305854	0.0307405	0.0301386	0.0287946	0.0267416	0.0240302	3.30604	6.50665	9.54704	12.3524	14.8535	16.9889	18.706	19.9625	20.7274	20.982	24.006	26.4389	28.2207	29.3077	29.673	29.3077	28.2207	26.4389	24.006	20.982	20.7202	19.9542	18.6975	16.9803	14.8451	12.3443	9.53951	6.49987	3.30018	
0.0192241	0.0216279	0.0234991	0.0247917	0.0254739	0.0255288	0.0254739	0.0247917	0.0234991	0.0216279	0.0192241	3.3013	6.50208	9.54276	12.3485	14.8501	16.9861	18.7038	19.961	20.7267	20.982	24.006	26.4389	28.2207	29.3077	29.673	29.3077	28.2207	26.4389	24.006	20.982	20.7267	19.961	18.7038	16.9861	14.8501	12.3485	9.54276	6.50208	3.3013	
0.0192241	0.0216279	0.0234991	0.0247917	0.0254739	0.0255288	0.0254739	0.0247917	0.0234991	0.0216279	0.0192241	3.3013	6.50208	9.54276	12.3485	14.8501	16.9861	18.7038	19.961	20.7267	20.982	24.006	26.4389	28.2207	29.3077	29.673	29.3077	28.2207	26.4389	24.006	20.982	20.7267	19.961	18.7038	16.9861	14.8501	12.3485	9.54276	6.50208	3.3013	
0.0192241	0.0216279	0.0234991	0.0247917	0.0254739	0.0255288	0.0254739	0.0247917	0.0234991	0.0216279	0.0192241	3.3013	6.50208	9.54276	12.3485	14.8501	16.9861	18.7038	19.961	20.7267	20.982	24.006	26.4389	28.2207	29.3077	29.673	29.3077	28.2207	26.4389	24.006	20.982	20.7267	19.961	18.7038	16.9861	14.8501	12.3485	9.54276	6.50208	3.3013	
0.0192241	0.0216279	0.0234991	0.0247917	0.0254739	0.0255288	0.0254739	0.0247917	0.0234991	0.0216279	0.0192241	3.3013	6.50208	9.54276	12.3485	14.8501	16.9861	18.7038	19.961	20.7267	20.982	24.006	26.4389	28.2207	29.3077	29.673	29.3077	28.2207	26.4389	24.006	20.982	20.7267	19.961	18.7038	16.9861	14.8501	12.3485	9.54276	6.50208	3.3013	
0.0192241	0.0216279	0.0234991	0.0247917	0.0254739	0.0255288	0.0254739	0.0247917	0.0234991	0.0216279	0.0192241	3.3013	6.50208	9.54276	12.3485	14.8501	16.9861	18.7038	19.961	20.7267	20.982	24.006	26.4389	28.2207	29.3077	29.673	29.3077	28.2207	26.4389	24.006	20.982	20.7267	19.961	18.7038	16.9861	14.8501	12.3485	9.54276	6.50208	3.3013	
0.0192241	0.0227466	0.025709	0.0280383	0.0296772	0.0305854	0.0307405	0.0301386	0.0287946	0.0267416	0.0240302	3.30604	6.50665	9.54704	12.3524	14.8535	16.9889	18.706	19.9625	20.7274	20.982	24.006	26.4389	28.2207	29.3077	29.673	29.3077	28.2207	26.4389	24.006	20.982	20.7202	19.9542	18.6975	16.9803	14.8451	12.3443	9.53951	6.49987	3.30018	
0.0192241	0.0216279	0.0234991	0.0247917	0.0254739	0.0255288	0.0254739	0.0247917	0.0234991	0.0216279	0.0192241	3.3013	6.50208	9.54276	12.3485	14.8501	16.9861	18.7038	19.961	20.7267	20.982	24.006	26.4389	28.2207	29.3077	29.673	29.3077	28.2207	26.4389	24.006	20.982	20.7267	19.961	18.7038	16.9861	14.8501	12.3485	9.54276	6.50208	3.3013	
0.0192241	0.0216279	0.0234991	0.0247917	0.0254739	0.0255288	0.0254739	0.0247917	0.0234991	0.0216279	0.0192241	3.3013	6.50208	9.54276	12.3485	14.8501	16.9861	18.7038	19.961	20.7267	20.982	24.006	26.4389	28.2207	29.3077	29.673	29.3077	28.2207	26.4389	24.006	20.982	20.7267	19.961	18.7038	16.9861	14.8501	12.3485	9.54276	6.50208	3.3013	
0.0192241	0.0216279	0.0234991	0.0247917	0.0254739	0.0255288	0.0254739	0.0247917	0.0234991	0.0216279	0.0192241	3.3013	6.50208	9.54276	12.3485	14.8501	16.9861	18.7038	19.961	20.7267	20.982	24.006	26.4389	28.2207	29.3077	29.673	29.3077	28.2207	26.4389	24.006	20.982	20.7267	19.961	18.7038	16.9861	14.8501	12.3485	9.54276	6.50208	3.3013	
0.0192241	0.0216279	0.0234991	0.0247917	0.0254739	0.0255288	0.0254739	0.0247917	0.0234991	0.0216279	0.0192241	3.3013	6.50208	9.54276	12.3485	14.8501	16.9861	18.7038	19.961	20.7267	20.982	24.006	26.4389	28.2207	29.3077	29.673	29.3077	28.2207	26.4389	24.006	20.982	20.7267	19.961	18.7038	16.9861	14.8501	12.3485	9.54276	6.50208	3.3013	
0.0192241	0.0216279	0.0234991	0.0247917	0.0254739	0.0255288	0.0254739	0.0247917	0.0234991	0.0216279	0.0192241	3.3013	6.50208	9.54276	12.3485	14.8501	16.9861	18.7038	19.961	20.7267	20.982	24.006	26.4389	28.2207	29.3077	29.673	29.3077	28.2207	26.4389	24.006	20.982	20.7267	19.961	18.7038	16.9861	14.8501	12.3485	9.54276	6.50208	3.3013	
