0.0263735	0.0293493	0.0316025	0.0330776	0.0337381	0.0335679	0.0337381	0.0330776	0.0316025	0.0293493	0.0263735	5.15385	10.1544	14.9055	19.2899	23.1993	26.5375	29.2222	31.1873	32.3846	32.7844	37.5094	41.3107	44.0949	45.7933	46.3641	45.7933	44.0949	41.3107	37.5094	32.7844	32.3846	31.1873	29.2222	26.5375	23.1993	19.2899	14.9055	10.1544	5.15385	
0.0263735	0.0293493	0.0316025	0.0330776	0.0337381	0.0335679	0.0325712	0.0307724	0.028216	0.0249647	0.0210988	5.14833	10.1488	14.8994	19.283	23.1919	26.5297	29.2143	31.1795	32.3783	32.7844	37.5094	41.3107	44.0949	45.7933	46.3641	45.7933	44.0949	41.3107	37.5094	32.7844	32.3849	31.188	29.2231	26.5386	23.2007	19.2915	14.9073	10.156	5.15466	
0.0263735	0.0293493	0.0316025	0.0330776	0.0337381	0.0335679	0.0325712	0.0307724	0.028216	0.0249647	0.0210988	5.14833	10.1488	14.8994	19.283	23.1919	26.5297	29.2143	31.1795	32.3777	32.7844	37.5094	41.3107	44.0949	45.7933	46.3641	45.7933	44.0949	41.3107	37.5094	32.7844	32.3849	31.188	29.2231	26.5386	23.2007	19.2915	14.9073	10.156	5.15466	
0.0263735	0.0293493	0.0316025	0.0330776	0.0337381	0.0335679	0.0325712	0.0307724	0.028216	0.0249647	0.0210988	5.14833	10.1488	14.8994	19.283	23.1919	26.5297	29.2143	31.1795	32.3777	32.7844	37.5094	41.3107	44.0949	45.7933	46.3641	45.7933	44.0949	41.3107	37.5094	32.7844	32.3849	31.188	29.2231	26.5386	23.2007	19.2915	14.9073	10.156	5.15466	
0.0263735	0.0293493	0.0316025	0.0330776	0.0337381	0.0335679	0.0325712	0.0307724	0.028216	0.0249647	0.0210988	5.14833	10.1488	14.8994	19.283	23.1919	26.5297	29.2143	31.1795	32.3777	32.7844	37.5094	41.3107	44.0949	45.7933	46.3641	45.7933	44.0949	41.3107	37.5094	32.7844	32.3849	31.188	29.2231	26.5386	23.2007	19.2915	14.9073	10.156	5.15466	
0.0263735	0.0293493	0.0316025	0.0330776	0.0337381	0.0335679	0.0325712	0.0307724	0.028216	0.0249647	0.0210988	5.14833	10.1488	14.8994	19.283	23.1919	26.5297	29.2143	31.1795	32.3777	32.7844	37.5094	41.3107	44.0949	45.7933	46.3641	45.7933	44.0949	41.3107	37.5094	32.7844	32.3849	31.188	29.2231	26.5386	23.2007	19.2915	14.9073	10.156	5.15466	
0.0210988	0.0249647	0.028216	0.0307724	0.0325712	0.0335679	0.0337381	0.0330776	0.0316025	0.0293493	0.0263735	5.15466	10.156	14.9073	19.2915	23.2007	26.5386	29.2231	31.188	32.3849	32.7844	37.5094	41.3107	44.0949	45.7933	46.3641	45.7933	44.0949	41.3107	37.5094	32.7844	32.3783	31.1795	29.2143	26.5297	23.1919	19.283	14.8994	10.1488	5.14833	
0.0210988	0.023846	0.0260061	0.0275259	0.0283678	0.0285113	0.0283678	0.0275259	0.0260061	0.023846	0.0210988	5.14945	10.151	14.9026	19.2872	23.197	26.5355	29.2207	31.1863	32.3841	32.7844	37.5094	41.3107	44.0949	45.7933	46.3641	45.7933	44.0949	41.3107	37.5094	32.7844	32.3841	31.1863	29.2207	26.5355	23.197	19.2872	14.9026	10.151	5.14945	
0.0210988	0.023846	0.0260061	0.0275259	0.0283678	0.0285113	0.0283678	0.0275259	0.0260061	0.023846	0.0210988	5.14945	10.151	14.9026	19.2872	23.197	26.5355	29.2207	31.1863	32.3841	32.7844	37.5094	41.3107	44.0949	45.7933	46.3641	45.7933	44.0949	41.3107	37.5094	32.7844	32.3841	31.1863	29.2207	26.5355	23.197	19.2872	14.9026	10.151	5.14945	
0.0210988	0.023846	0.0260061	0.0275259	0.0283678	0.0285113	0.0283678	0.0275259	0.0260061	0.023846	0.0210988	5.14945	10.151	14.9026	19.2872	23.197	26.5355	29.2207	31.1863	32.3841	32.7844	37.5094	41.3107	44.0949	45.7933	46.3641	45.7933	44.0949	41.3107	37.5094	32.7844	32.3841	31.1863	29.2207	26.5355	23.197	19.2872	14.9026	10.151	5.14945	
0.0210988	0.023846	0.0260061	0.0275259	0.0283678	0.0285113	0.0283678	0.0275259	0.0260061	0.023846	0.0210988	5.14945	10.151	14.9026	19.2872	23.197	26.5355	29.2207	31.1863	32.3841	32.7844	37.5094	41.3107	44.0949	45.7933	46.3641	45.7933	44.0949	41.3107	37.5094	32.7844	32.3841	31.1863	29.2207	26.5355	23.197	19.2872	14.9026	10.151	5.14945	
0.0210988	0.023846	0.0260061	0.0275259	0.0283678	0.0285113	0.0283678	0.0275259	0.0260061	0.023846	0.0210988	5.14945	10.151	14.9026	19.2872	23.197	26.5355	29.2207	31.1863	32.3841	32.7844	37.5094	41.3107	44.0949	45.7933	46.3641	45.7933	44.0949	41.3107	37.5094	32.7844	32.3841	31.1863	29.2207	26.5355	23.197	19.2872	14.9026	10.151	5.14945	
0.0210988	0.0249647	0.028216	0.0307724	0.0325712	0.0335679	0.0337381	0.0330776	0.0316025	0.0293493	0.0263735	5.15466	10.156	14.9073	19.2915	23.2007	26.5386	29.2231	31.188	32.3849	32.7844	37.5094	41.3107	44.0949	45.7933	46.3641	45.7933	44.0949	41.3107	37.5094	32.7844	32.3777	31.1795	29.2143	26.5297	23.1919	19.283	14.8994	10.1488	5.14833	
0.0210988	0.023846	0.0260061	0.0275259	0.0283678	0.0285113	0.0283678	0.0275259	0.0260061	0.023846	0.0210988	5.14945	10.151	14.9026	19.2872	23.197	26.5355	29.2207	31.1863	32.3841	32.7844	37.5094	41.3107	44.0949	45.7933	46.3641	45.7933	44.0949	41.3107	37.5094	32.7844	32.3841	31.1863	29.2207	26.5355	23.197	19.2872	14.9026	10.151	5.14945	
0.0210988	0.023846	0.0260061	0.0275259	0.0283678	0.0285113	0.0283678	0.0275259	0.0260061	0.023846	0.0210988	5.14945	10.151	14.9026	19.2872	23.197	26.5355	29.2207	31.1863	32.3841	32.7844	37.5094	41.3107	44.0949	45.7933	46.3641	45.7933	44.0949	41.3107	37.5094	32.7844	32.3841	31.1863	29.2207	26.5355	23.197	19.2872	14.9026	10.151	5.14945	
0.0210988	0.023846	0.0260061	0.0275259	0.0283678	0.0285113	0.0283678	0.0275259	0.0260061	0.023846	0.0210988	5.14945	10.151	14.9026	19.2872	23.197	26.5355	29.2207	31.1863	32.3841	32.7844	37.5094	41.3107	44.0949	45.7933	46.3641	45.7933	44.0949	41.3107	37.5094	32.7844	32.3841	31.1863	29.2207	26.5355	23.197	19.2872	14.9026	10.151	5.14945	
0.0210988	0.023846	0.0260061	0.0275259	0.0283678	0.0285113	0.0283678	0.0275259	0.0260061	0.023846	0.0210988	5.14945	10.151	14.9026	19.2872	23.197	26.5355	29.2207	31.1863	32.3841	32.7844	37.5094	41.3107	44.0949	45.7933	46.3641	45.7933	44.0949	41.3107	37.5094	32.7844	32.3841	31.1863	29.2207	26.5355	23.197	19.2872	14.9026	10.151	5.14945	
0.0210988	0.023846	0.0260061	0.0275259	0.0283678	0.0285113	0.0283678	0.0275259	0.0260061	0.023846	0.0210988	5.14945	10.151	14.9026	19.2872	23.197	26.5355	29.2207	31.1863	32.3841	32.7844	37.5094	41.3107	44.0949	45.7933	46.3641	45.7933	44.0949	41.3107	37.5094	32.7844	32.3841	31.1863	29.2207	26.5355	23.197	19.2872	14.9026	10.151	5.14945	
0.0210988	0.0249647	0.028216	0.0307724	0.0325712	0.0335679	0.0337381	0.0330776	0.0316025	0.0293493	0.0263735	5.15466	10.156	14.9073	19.2915	23.2007	26.5386	29.2231	31.188	32.3849	32.7844	37.5094	41.3107	44.0949	45.7933	46.3641	45.7933	44.0949	41.3107	37.5094	32.7844	32.3777	31.1795	29.2143	26.5297	23.1919	19.283	14.8994	10.1488	5.14833	
0.0210988	0.023846	0.0260061	0.0275259	0.0283678	0.0285113	0.0283678	0.0275259	0.0260061	0.023846	0.0210988	5.14945	10.151	14.9026	19.2872	23.197	26.5355	29.2207	31.1863	32.3841	32.7844	37.5094	41.3107	44.0949	45.7933	46.3641	45.7933	44.0949	41.3107	37.5094	32.7844	32.3841	31.1863	29.2207	26.5355	23.197	19.2872	14.9026	10.151	5.14945	
0.0210988	0.023846	0.0260061	0.0275259	0.0283678	0.0285113	0.0283678	0.0275259	0.0260061	0.023846	0.0210988	5.14945	10.151	14.9026	19.2872	23.197	26.5355	29.2207	31.1863	32.3841	32.7844	37.5094	41.3107	44.0949	45.7933	46.3641	45.7933	44.0949	41.3107	37.5094	32.7844	32.3841	31.1863	29.2207	26.5355	23.197	19.2872	14.9026	10.151	5.14945	
0.0210988	0.023846	0.0260061	0.0275259	0.0283678	0.0285113	0.0283678	0.0275259	0.0260061	0.023846	0.0210988	5.14945	10.151	14.9026	19.2872	23.197	26.5355	29.2207	31.1863	32.3841	32.7844	37.5094	41.3107	44.0949	45.7933	46.3641	45.7933	44.0949	41.3107	37.5094	32.7844	32.3841	31.1863	29.2207	26.5355	23.197	19.2872	14.9026	10.151	5.14945	
0.0210988	0.023846	0.0260061	0.0275259	0.0283678	0.0285113	0.0283678	0.0275259	0.0260061	0.023846	0.0210988	5.14945	10.151	14.9026	19.2872	23.197	26.5355	29.2207	31.1863	32.3841	32.7844	37.5094	41.3107	44.0949	45.7933	46.3641	45.7933	44.0949	41.3107	37.5094	32.7844	32.3841	31.1863	29.2207	26.5355	23.197	19.2872	14.9026	10.151	5.14945	
0.0210988	0.023846	0.0260061	0.0275259	0.0283678	0.0285113	0.0283678	0.0275259	0.0260061	0.023846	0.0210988	5.14945	10.151	14.9026	19.2872	23.197	26.5355	29.2207	31.1863	32.3841	32.7844	37.5094	41.3107	44.0949	45.7933	46.3641	45.7933	44.0949	41.3107	37.5094	32.7844	32.3841	31.1863	29.2207	26.5355	23.197	19.2872	14.9026	10.151	5.14945	
0.0210988	0.0249647	0.028216	0.0307724	0.0325712	0.0335679	0.0337381	0.0330776	0.0316025	0.0293493	0.0263735	5.15466	10.156	14.9073	19.2915	23.2007	26.5386	29.2231	31.188	32.3849	32.7844	37.5094	41.3107	44.0949	45.7933	46.3641	45.7933	44.0949	41.3107	37.5094	32.7844	32.3777	31.1795	29.2143	26.5297	23.1919	19.283	14.8994	10.1488	5.14833	
0.0210988	0.023846	0.0260061	0.0275259	0.0283678	0.0285113	0.0283678	0.0275259	0.0260061	0.023846	0.0210988	5.14945	10.151	14.9026	19.2872	23.197	26.5355	29.2207	31.1863	32.3841	32.7844	37.5094	41.3107	44.0949	45.7933	46.3641	45.7933	44.0949	41.3107	37.5094	32.7844	32.3841	31.1863	29.2207	26.5355	23.197	19.2872	14.9026	10.151	5.14945	
0.0210988	0.023846	0.0260061	0.0275259	0.0283678	0.0285113	0.0283678	0.0275259	0.0260061	0.023846	0.0210988	5.14945	10.151	14.9026	19.2872	23.197	26.5355	29.2207	31.1863	32.3841	32.7844	37.5094	41.3107	44.0949	45.7933	46.3641	45.7933	44.0949	41.3107	37.5094	32.7844	32.3841	31.1863	29.2207	26.5355	23.197	19.2872	14.9026	10.151	5.14945	
0.0210988	0.023846	0.0260061	0.0275259	0.0283678	0.0285113	0.0283678	0.0275259	0.0260061	0.023846	0.0210988	5.14945	10.151	14.9026	19.2872	23.197	26.5355	29.2207	31.1863	32.3841	32.7844	37.5094	41.3107	44.0949	45.7933	46.3641	45.7933	44.0949	41.3107	37.5094	32.7844	32.3841	31.1863	29.2207	26.5355	23.197	19.2872	14.9026	10.151	5.14945	
0.0210988	0.023846	0.0260061	0.0275259	0.0283678	0.0285113	0.0283678	0.0275259	0.0260061	0.023846	0.0210988	5.14945	10.151	14.9026	19.2872	23.197	26.5355	29.2207	31.1863	32.3841	32.7844	37.5094	41.3107	44.0949	45.7933	46.3641	45.7933	44.0949	41.3107	37.5094	32.7844	32.3841	31.1863	29.2207	26.5355	23.197	19.2872	14.9026	10.151	5.14945	
0.0210988	0.023846	0.0260061	0.0275259	0.0283678	0.0285113	0.0283678	0.0275259	0.0260061	0.023846	0.0210988	5.14945	10.151	14.9026	19.2872	23.197	26.5355	29.2207	31.1863	32.3841	32.7844	37.5094	41.3107	44.0949	45.7933	46.3641	45.7933	44.0949	41.3107	37.5094	32.7844	32.3841	31.1863	29.2207	26.5355	23.197	19.2872	14.9026	10.151	5.14945	
0.0210988	0.0249647	0.028216	0.0307724	0.0325712	0.0335679	0.0337381	0.0330776	0.0316025	0.0293493	0.0263735	5.15466	10.156	14.9073	19.2915	23.2007	26.5386	29.2231	31.188	32.3849	32.7844	37.5094	41.3107	44.0949	45.7933	46.3641	45.7933	44.0949	41.3107	37.5094	32.7844	32.3777	31.1795	29.2143	26.5297	23.1919	19.283	14.8994	10.1488	5.14833	
0.0210988	0.023846	0.0260061	0.0275259	0.0283678	0.0285113	0.0283678	0.0275259	0.0260061	0.023846	0.0210988	5.14945	10.151	14.9026	19.2872	23.197	26.5355	29.2207	31.1863	32.3841	32.7844	37.5094	41.3107	44.0949	45.7933	46.3641	45.7933	44.0949	41.3107	37.5094	32.7844	32.3841	31.1863	29.2207	26.5355	23.197	19.2872	14.9026	10.151	5.14945	
0.0210988	0.023846	0.0260061	0.0275259	0.0283678	0.0285113	0.0283678	0.0275259	0.0260061	0.023846	0.0210988	5.14945	10.151	14.9026	19.2872	23.197	26.5355	29.2207	31.1863	32.3841	32.7844	37.5094	41.3107	44.0949	45.7933	46.3641	45.7933	44.0949	41.3107	37.5094	32.7844	32.3841	31.1863	29.2207	26.5355	23.197	19.2872	14.9026	10.151	5.14945	
0.0210988	0.023846	0.0260061	0.0275259	0.0283678	0.0285113	0.0283678	0.0275259	0.0260061	0.023846	0.0210988	5.14945	10.151	14.9026	19.2872	23.197	26.5355	29.2207	31.1863	32.3841	32.7844	37.5094	41.3107	44.0949	45.7933	46.3641	45.7933	44.0949	41.3107	37.5094	32.7844	32.3841	31.1863	29.2207	26.5355	23.197	19.2872	14.9026	10.151	5.14945	
0.0210988	0.023846	0.0260061	0.0275259	0.0283678	0.0285113	0.0283678	0.0275259	0.0260061	0.023846	0.0210988	5.14945	10.151	14.9026	19.2872	23.197	26.5355	29.2207	31.1863	32.3841	32.7844	37.5094	41.3107	44.0949	45.7933	46.3641	45.7933	44.0949	41.3107	37.5094	32.7844	32.3841	31.1863	29.2207	26.5355	23.197	19.2872	14.9026	10.151	5.14945	
0.0210988	0.023846	0.0260061	0.0275259	0.0283678	0.0285113	0.0283678	0.0275259	0.0260061	0.023846	0.0210988	5.14945	10.151	14.9026	19.2872	23.197	26.5355	29.2207	31.1863	32.3841	32.7844	37.5094	41.3107	44.0949	45.7933	46.3641	45.7933	44.0949	41.3107	37.5094	32.7844	32.3841	31.1863	29.2207	26.5355	23.197	19.2872	14.9026	10.151	5.14945	
