4.70783e-07	5.45381e-07	6.03408e-07	6.43101e-07	6.63254e-07	6.63254e-07	6.43101e-07	6.03408e-07	5.45381e-07	4.70783e-07	4.22416e-06	7.84918e-06	1.12357e-05	1.42808e-05	1.68921e-05	1.899e-05	2.0511e-05	2.14087e-05	2.1656e-05	2.50875e-05	2.77568e-05	2.95826e-05	3.05097e-05	3.05097e-05	2.95826e-05	2.77568e-05	2.50875e-05	2.1656e-05	2.14087e-05	2.0511e-05	1.899e-05	1.68921e-05	1.42808e-05	1.12357e-05	7.84918e-06	4.22416e-06	
4.70783e-07	0.0173654	0.0342026	0.0500006	0.0642794	0.0766051	0.0866031	0.0939698	0.0984813	0.1	0.098485	0.0939771	0.0866137	0.0766187	0.0642956	0.050019	0.0342225	0.0173862	2.1656e-05	-0.00692084	-0.013653	-0.0199704	-0.025681	-0.0306113	-0.0346114	-0.0375599	-0.0393672	-0.0399783	-0.0393709	-0.0375672	-0.034622	-0.0306249	-0.0256973	-0.0199888	-0.013673	-0.00694175	
4.70783e-07	0.0243113	0.0478834	0.0700006	0.0899909	0.107247	0.121244	0.131558	0.137874	0.14	0.137877	0.131565	0.121255	0.10726	0.0900071	0.070019	0.0479033	0.0243321	2.1656e-05	-0.0138668	-0.0273339	-0.0399704	-0.0513925	-0.061253	-0.0692524	-0.0751477	-0.0787595	-0.0799783	-0.0787632	-0.0751549	-0.0692631	-0.0612667	-0.0514088	-0.0399888	-0.0273538	-0.0138877	
4.70783e-07	0.0306784	0.0604241	0.088334	0.11356	0.135335	0.152998	0.166013	0.173983	0.176667	0.173987	0.16602	0.153009	0.135349	0.113576	0.0883523	0.0604441	0.0306992	2.1656e-05	-0.0202339	-0.0398746	-0.0583038	-0.0749614	-0.0893413	-0.101007	-0.109603	-0.114869	-0.116645	-0.114873	-0.10961	-0.101017	-0.089355	-0.0749776	-0.0583221	-0.0398945	-0.0202548	
4.70783e-07	0.0342961	0.0675496	0.0987506	0.126951	0.151294	0.171041	0.18559	0.1945	0.1975	0.194504	0.185597	0.171051	0.151308	0.126967	0.098769	0.0675695	0.0343169	2.1656e-05	-0.0238515	-0.047	-0.0687204	-0.0883528	-0.105301	-0.119049	-0.12918	-0.135386	-0.137478	-0.13539	-0.129187	-0.11906	-0.105314	-0.0883691	-0.0687388	-0.04702	-0.0238724	
4.70783e-07	0.0364667	0.0718248	0.105001	0.134986	0.16087	0.181866	0.197336	0.20681	0.21	0.206814	0.197343	0.181877	0.160884	0.135002	0.105019	0.0718447	0.0364875	2.1656e-05	-0.0260221	-0.0512753	-0.0749704	-0.0963876	-0.114876	-0.129874	-0.140926	-0.147696	-0.149978	-0.1477	-0.140933	-0.129885	-0.11489	-0.0964039	-0.0749888	-0.0512952	-0.026043	
0.1	0.0984813	0.0939698	0.0866031	0.0766051	0.0642794	0.0500006	0.0342026	0.0173654	4.70783e-07	-0.00694175	-0.013673	-0.0199888	-0.0256973	-0.0306249	-0.034622	-0.0375672	-0.0393709	-0.0399783	-0.0393672	-0.0375599	-0.0346114	-0.0306113	-0.025681	-0.0199704	-0.013653	-0.00692084	2.1656e-05	0.0173862	0.0342225	0.050019	0.0642956	0.0766187	0.0866137	0.0939771	0.098485	
0.0711629	0.0706568	0.0700629	0.0719621	0.0716748	0.0716748	0.0719621	0.0700629	0.0706568	0.0711629	0.0695067	0.0657386	0.059973	0.0523852	0.0432057	0.0327134	0.0216818	0.0110191	2.1656e-05	2.50875e-05	2.77568e-05	2.95826e-05	3.05097e-05	3.05097e-05	2.95826e-05	2.77568e-05	2.50875e-05	2.1656e-05	0.0110191	0.0216818	0.0327134	0.0432057	0.0523852	0.059973	0.0657386	0.0695067	
0.0600004	0.0729808	0.0837437	0.0919621	0.0973863	0.0998514	0.0995935	0.108065	0.113253	0.115	0.113257	0.108072	0.0996041	0.0881094	0.0739374	0.057519	0.0393528	0.0199909	2.1656e-05	-0.00460553	-0.00909278	-0.0133038	-0.0171105	-0.0203973	-0.0230644	-0.0250307	-0.0262365	-0.026645	-0.019873	-0.0124972	-0.00474171	0.00315789	0.0109615	0.0184321	0.0290278	0.0452008	
0.0600004	0.0793479	0.0962845	0.110295	0.120955	0.12794	0.135678	0.147219	0.154287	0.156667	0.154291	0.147226	0.135689	0.120028	0.10072	0.0783523	0.0536037	0.0272263	2.1656e-05	-0.0115515	-0.0227736	-0.0333038	-0.042822	-0.0510391	-0.0577054	-0.0626184	-0.0656288	-0.066645	-0.0586865	-0.0489449	-0.0377161	-0.0253413	-0.0121965	0.00131888	0.016487	0.0388337	
0.0600004	0.0829656	0.10341	0.120712	0.134347	0.143899	0.15372	0.166796	0.174804	0.1775	0.174808	0.166803	0.153731	0.135987	0.114112	0.088769	0.0607291	0.030844	2.1656e-05	-0.0151691	-0.029899	-0.0437204	-0.0562134	-0.0669984	-0.0757476	-0.0821953	-0.0861456	-0.0874783	-0.0792034	-0.0685218	-0.0557583	-0.0413005	-0.0255879	-0.00909779	0.00936159	0.035216	
0.0600004	0.0851362	0.107685	0.126962	0.142381	0.153475	0.164545	0.178542	0.187114	0.19	0.187118	0.178549	0.164556	0.145563	0.122147	0.095019	0.0650043	0.0330146	2.1656e-05	-0.0173397	-0.0341743	-0.0499704	-0.0642483	-0.0765739	-0.086573	-0.0939415	-0.0984557	-0.0999783	-0.0915134	-0.080268	-0.0665836	-0.0508761	-0.0336227	-0.0153478	0.00508634	0.0330454	
0.14	0.137874	0.131558	0.121244	0.107247	0.0899909	0.0700006	0.0478834	0.0243113	4.70783e-07	-0.0138877	-0.0273538	-0.0399888	-0.0514088	-0.0612667	-0.0692631	-0.0751549	-0.0787632	-0.0799783	-0.0787595	-0.0751477	-0.0692524	-0.061253	-0.0513925	-0.0399704	-0.0273339	-0.0138668	2.1656e-05	0.0243321	0.0479033	0.070019	0.0900071	0.10726	0.121255	0.131565	0.137877	
0.115	0.113253	0.108065	0.0995935	0.0998514	0.0973863	0.0919621	0.0837437	0.0729808	0.0600004	0.0452008	0.0290278	0.0184321	0.0109615	0.00315789	-0.00474171	-0.0124972	-0.019873	-0.026645	-0.0262365	-0.0250307	-0.0230644	-0.0203973	-0.0171105	-0.0133038	-0.00909278	-0.00460553	2.1656e-05	0.0199909	0.0393528	0.057519	0.0739374	0.0881094	0.0996041	0.108072	0.113257	
0.0837364	0.084197	0.0820993	0.0778807	0.0712958	0.0712958	0.0778807	0.0820993	0.084197	0.0837364	0.0807316	0.0752737	0.0675287	0.0577319	0.0461809	0.0332267	0.019263	0.00490602	2.1656e-05	-0.00460553	-0.00909278	-0.0133038	-0.0171105	-0.0171105	-0.0133038	-0.00909278	-0.00460553	2.1656e-05	0.00490602	0.019263	0.0332267	0.0461809	0.0577319	0.0675287	0.0752737	0.0807316	
0.0450004	0.0558934	0.0650881	0.0767742	0.0912995	0.103214	0.113965	0.121253	0.125231	0.125403	0.121765	0.114428	0.103613	0.0896504	0.0729637	0.05406	0.0335138	0.0119493	-0.00997834	-0.0213995	-0.0250307	-0.0230644	-0.0203973	-0.0171105	-0.0133038	-0.00909278	-0.00460553	2.1656e-05	0.00501135	0.00984878	0.014387	0.018488	0.0220273	0.0248973	0.0270108	0.032744	
0.0450004	0.0595111	0.0722135	0.0871909	0.104691	0.119174	0.132007	0.14083	0.145747	0.146236	0.142282	0.134004	0.121655	0.10561	0.0863551	0.0644767	0.0406392	0.0155669	-0.00997834	-0.0250172	-0.0392959	-0.0523807	-0.0638739	-0.0734263	-0.0807476	-0.0856155	-0.0878821	-0.0874783	-0.0783351	-0.0668117	-0.0532583	-0.0380866	-0.0217577	-0.00476766	0.0123672	0.0291263	
0.0450004	0.0619671	0.0820509	0.0996416	0.114205	0.128749	0.142833	0.152576	0.158058	0.158736	0.154592	0.145751	0.132481	0.115185	0.0943899	0.0707267	0.0449145	0.0177375	-0.00997834	-0.0271878	-0.0435712	-0.0586307	-0.0719087	-0.0830018	-0.091573	-0.0973617	-0.100192	-0.0999783	-0.0906452	-0.0785579	-0.0640836	-0.0476621	-0.0297925	-0.0110177	0.00809196	0.0269557	
0.176667	0.173983	0.166013	0.152998	0.135335	0.11356	0.088334	0.0604241	0.0306784	4.70783e-07	-0.0202548	-0.0398945	-0.0583221	-0.0749776	-0.089355	-0.101017	-0.10961	-0.114873	-0.116645	-0.114869	-0.109603	-0.101007	-0.0893413	-0.0749614	-0.0583038	-0.0398746	-0.0202339	2.1656e-05	0.0306992	0.0604441	0.0883523	0.113576	0.135349	0.153009	0.16602	0.173987	
0.156667	0.154287	0.147219	0.135678	0.12794	0.120955	0.110295	0.0962845	0.0793479	0.0600004	0.0388337	0.016487	0.00131888	-0.0121965	-0.0253413	-0.0377161	-0.0489449	-0.0586865	-0.066645	-0.0656288	-0.0626184	-0.0577054	-0.0510391	-0.042822	-0.0333038	-0.0227736	-0.0115515	2.1656e-05	0.0272263	0.0536037	0.0783523	0.10072	0.120028	0.135689	0.147226	0.154291	
0.125403	0.125231	0.121253	0.113965	0.103214	0.0912995	0.0767742	0.0650881	0.0558934	0.0450004	0.032744	0.0270108	0.0248973	0.0220273	0.018488	0.014387	0.00984878	0.00501135	2.1656e-05	-0.00460553	-0.00909278	-0.0133038	-0.0171105	-0.0203973	-0.0230644	-0.0250307	-0.0213995	-0.00997834	0.0119493	0.0335138	0.05406	0.0729637	0.0896504	0.103613	0.114428	0.121765	
0.0666671	0.0749156	0.0808878	0.0844023	0.0853523	0.0853523	0.0844023	0.0808878	0.0749156	0.0666671	0.0572072	0.046009	0.0334129	0.0198016	0.0135214	0.0105236	0.00720609	0.00366962	2.1656e-05	2.50875e-05	2.77568e-05	2.95826e-05	3.05097e-05	3.05097e-05	2.95826e-05	2.77568e-05	2.50875e-05	2.1656e-05	0.00366962	0.00720609	0.0105236	0.0135214	0.0198016	0.0334129	0.046009	0.0572072	
0.0533338	0.0677178	0.0800443	0.0899386	0.0971002	0.101312	0.102445	0.100465	0.0954325	0.0875005	0.077724	0.065586	0.0514551	0.0357608	0.0220919	0.0171903	0.0117664	0.00598493	2.1656e-05	-0.00301376	-0.0059576	-0.00872042	-0.0112183	-0.0133753	-0.0151259	-0.0164169	-0.017209	-0.0174783	-0.0138673	-0.00983487	-0.00550364	-0.00100517	0.00352383	0.00794577	0.020198	0.037333	
0.0533338	0.0698884	0.0843195	0.0961886	0.105135	0.110887	0.11327	0.112211	0.107743	0.1	0.0900341	0.0773321	0.0622804	0.0453364	0.0272342	0.0211903	0.0145025	0.00737412	2.1656e-05	-0.00518436	-0.0102328	-0.0149704	-0.0192531	-0.0229508	-0.0259512	-0.028163	-0.0295191	-0.0299783	-0.0268331	-0.0228725	-0.0182169	-0.0130079	-0.00740356	-0.0015743	0.0159227	0.0351624	
0.1975	0.1945	0.18559	0.171041	0.151294	0.126951	0.0987506	0.0675496	0.0342961	4.70783e-07	-0.0238724	-0.04702	-0.0687388	-0.0883691	-0.105314	-0.11906	-0.129187	-0.13539	-0.137478	-0.135386	-0.12918	-0.119049	-0.105301	-0.0883528	-0.0687204	-0.047	-0.0238515	2.1656e-05	0.0343169	0.0675695	0.098769	0.126967	0.151308	0.171051	0.185597	0.194504	
0.1775	0.174804	0.166796	0.15372	0.143899	0.134347	0.120712	0.10341	0.0829656	0.0600004	0.035216	0.00936159	-0.00909779	-0.0255879	-0.0413005	-0.0557583	-0.0685218	-0.0792034	-0.0874783	-0.0861456	-0.0821953	-0.0757476	-0.0669984	-0.0562134	-0.0437204	-0.029899	-0.0151691	2.1656e-05	0.030844	0.0607291	0.088769	0.114112	0.135987	0.153731	0.166803	0.174808	
0.146236	0.145747	0.14083	0.132007	0.119174	0.104691	0.0871909	0.0722135	0.0595111	0.0450004	0.0291263	0.0123672	-0.00476766	-0.0217577	-0.0380866	-0.0532583	-0.0668117	-0.0783351	-0.0874783	-0.0878821	-0.0856155	-0.0807476	-0.0734263	-0.0638739	-0.0523807	-0.0392959	-0.0250172	-0.00997834	0.0155669	0.0406392	0.0644767	0.0863551	0.10561	0.121655	0.134004	0.142282	
0.0875005	0.0954325	0.100465	0.102445	0.101312	0.0971002	0.0899386	0.0800443	0.0677178	0.0533338	0.037333	0.020198	0.00794577	0.00352383	-0.00100517	-0.00550364	-0.00983487	-0.0138673	-0.0174783	-0.017209	-0.0164169	-0.0151259	-0.0133753	-0.0112183	-0.00872042	-0.0059576	-0.00301376	2.1656e-05	0.00598493	0.0117664	0.0171903	0.0220919	0.0357608	0.0514551	0.065586	0.077724	
0.0325994	0.0351393	0.0366114	0.0369711	0.0362075	0.0362075	0.0369711	0.0366114	0.0351393	0.0325994	0.0290691	0.0246555	0.0194928	0.0137378	0.00756533	0.00116303	-0.00527045	-0.00875744	-0.0119783	-0.0148314	-0.0172339	-0.0191127	-0.0204108	-0.0204108	-0.0191127	-0.0172339	-0.0148314	-0.0119783	-0.00875744	-0.00527045	0.00116303	0.00756533	0.0137378	0.0194928	0.0246555	0.0290691	
0.0504844	0.0597853	0.0672696	0.0727099	0.075941	0.0770014	0.0757222	0.0721421	0.0663701	0.0585814	0.0490128	0.0379549	0.026421	0.0198661	0.0127076	0.00516303	0.00295537	0.00151148	2.1656e-05	2.50875e-05	2.77568e-05	2.95826e-05	3.05097e-05	3.05097e-05	2.95826e-05	2.77568e-05	2.50875e-05	2.1656e-05	0.00324619	0.00637208	0.00930437	0.0119539	0.0142403	0.016094	0.02761	0.0396496	
0.21	0.20681	0.197336	0.181866	0.16087	0.134986	0.105001	0.0718248	0.0364667	4.70783e-07	-0.026043	-0.0512952	-0.0749888	-0.0964039	-0.11489	-0.129885	-0.140933	-0.1477	-0.149978	-0.147696	-0.140926	-0.129874	-0.114876	-0.0963876	-0.0749704	-0.0512753	-0.0260221	2.1656e-05	0.0364875	0.0718447	0.105019	0.135002	0.160884	0.181877	0.197343	0.206814	
0.19	0.187114	0.178542	0.164545	0.153475	0.142381	0.126962	0.107685	0.0851362	0.0600004	0.0330454	0.00508634	-0.0153478	-0.0336227	-0.0508761	-0.0665836	-0.080268	-0.0915134	-0.0999783	-0.0984557	-0.0939415	-0.086573	-0.0765739	-0.0642483	-0.0499704	-0.0341743	-0.0173397	2.1656e-05	0.0330146	0.0650043	0.095019	0.122147	0.145563	0.164556	0.178549	0.187118	
0.158736	0.158058	0.152576	0.142833	0.128749	0.114205	0.0996416	0.0820509	0.0619671	0.0450004	0.0269557	0.00809196	-0.0110177	-0.0297925	-0.0476621	-0.0640836	-0.0785579	-0.0906452	-0.0999783	-0.100192	-0.0973617	-0.091573	-0.0830018	-0.0719087	-0.0586307	-0.0435712	-0.0271878	-0.00997834	0.0177375	0.0449145	0.0707267	0.0943899	0.115185	0.132481	0.145751	0.154592	
0.1	0.107743	0.112211	0.11327	0.110887	0.105135	0.0961886	0.0843195	0.0698884	0.0533338	0.0351624	0.0159227	-0.0015743	-0.00740356	-0.0130079	-0.0182169	-0.0228725	-0.0268331	-0.0299783	-0.0295191	-0.028163	-0.0259512	-0.0229508	-0.0192531	-0.0149704	-0.0102328	-0.00518436	2.1656e-05	0.00737412	0.0145025	0.0211903	0.0272342	0.0453364	0.0622804	0.0773321	0.0900341	
0.0585814	0.0663701	0.0721421	0.0757222	0.0770014	0.075941	0.0727099	0.0672696	0.0597853	0.0504844	0.0396496	0.02761	0.016094	0.0142403	0.0119539	0.00930437	0.00637208	0.00324619	2.1656e-05	2.50875e-05	2.77568e-05	2.95826e-05	3.05097e-05	3.05097e-05	2.95826e-05	2.77568e-05	2.50875e-05	2.1656e-05	0.00151148	0.00295537	0.00516303	0.0127076	0.0198661	0.026421	0.0379549	0.0490128	
0.0629844	0.0720954	0.0790157	0.0835353	0.0855166	0.0855166	0.0835353	0.0790157	0.0720954	0.0629844	0.0519597	0.0393562	0.0269193	0.0238159	0.0199888	0.0155544	0.0106473	0.00541679	2.1656e-05	2.50875e-05	2.77568e-05	2.95826e-05	3.05097e-05	3.05097e-05	2.95826e-05	2.77568e-05	2.50875e-05	2.1656e-05	0.00541679	0.0106473	0.0155544	0.0199888	0.0238159	0.0269193	0.0393562	0.0519597	
