0.0198657	0.0221073	0.0238046	0.0249158	0.0254134	0.0252853	0.0254134	0.0249158	0.0238046	0.0221073	0.0198657	0.0195229	0.0186994	0.0174155	0.0157028	0.0136034	0.011169	0.00871715	0.00616797	0.0038244	0.00228048	0.00184136	0.00135689	0.000839023	0.000300492	-0.000245439	0.000300492	0.000839023	0.00135689	0.00184136	0.00228048	0.0038244	0.00616797	0.00871715	0.011169	0.0136034	0.0157028	0.0174155	0.0186994	0.0195229	
0.0198657	0.0221073	0.0238046	0.0249158	0.0254134	0.0252853	0.0245346	0.0231797	0.0212541	0.0188052	0.0158931	0.0152864	0.0143033	0.012968	0.0113134	0.00938017	0.007216	0.00487415	0.00241228	0.000358118	-0.000627578	-6.81631e-05	0.00049293	0.00104189	0.00156519	0.00204995	0.00248423	0.00285735	0.0031601	0.00338505	0.00352664	0.00596946	0.00826529	0.0103576	0.0122273	0.0145283	0.0164716	0.0180094	0.0191037	0.0197275	
0.0198657	0.0221073	0.0238046	0.0249158	0.0254134	0.0252853	0.0245346	0.0231797	0.0212541	0.0188052	0.0158931	0.0152864	0.0143033	0.012968	0.0113134	0.00938017	0.007216	0.00487415	0.00241228	0.000358118	-0.000627578	-6.81631e-05	0.00049293	0.00104189	0.00156519	0.00204995	0.00248423	0.00285735	0.0031601	0.00338505	0.00352664	0.00596946	0.00826529	0.0103576	0.0122273	0.0145283	0.0164716	0.0180094	0.0191037	0.0197275	
0.0198657	0.0221073	0.0238046	0.0249158	0.0254134	0.0252853	0.0245346	0.0231797	0.0212541	0.0188052	0.0158931	0.0152864	0.0143033	0.012968	0.0113134	0.00938017	0.007216	0.00487415	0.00241228	0.000358118	-0.000627578	-6.81631e-05	0.00049293	0.00104189	0.00156519	0.00204995	0.00248423	0.00285735	0.0031601	0.00338505	0.00352664	0.00596946	0.00826529	0.0103576	0.0122273	0.0145283	0.0164716	0.0180094	0.0191037	0.0197275	
0.0198657	0.0221073	0.0238046	0.0249158	0.0254134	0.0252853	0.0245346	0.0231797	0.0212541	0.0188052	0.0158931	0.0152864	0.0143033	0.012968	0.0113134	0.00938017	0.007216	0.00487415	0.00241228	0.000358118	-0.000627578	-6.81631e-05	0.00049293	0.00104189	0.00156519	0.00204995	0.00248423	0.00285735	0.0031601	0.00338505	0.00352664	0.00596946	0.00826529	0.0103576	0.0122273	0.0145283	0.0164716	0.0180094	0.0191037	0.0197275	
0.0198657	0.0221073	0.0238046	0.0249158	0.0254134	0.0252853	0.0245346	0.0231797	0.0212541	0.0188052	0.0158931	0.0152864	0.0143033	0.012968	0.0113134	0.00938017	0.007216	0.00487415	0.00241228	0.000358118	-0.000627578	-6.81631e-05	0.00049293	0.00104189	0.00156519	0.00204995	0.00248423	0.00285735	0.0031601	0.00338505	0.00352664	0.00596946	0.00826529	0.0103576	0.0122273	0.0145283	0.0164716	0.0180094	0.0191037	0.0197275	
0.0158931	0.0188052	0.0212541	0.0231797	0.0245346	0.0252853	0.0254134	0.0249158	0.0238046	0.0221073	0.0198657	0.0197275	0.0191037	0.0180094	0.0164716	0.0145283	0.0122273	0.0103576	0.00826529	0.00596946	0.00352664	0.00338505	0.0031601	0.00285735	0.00248423	0.00204995	0.00156519	0.00104189	0.00049293	-6.81631e-05	-0.000627578	0.000358118	0.00241228	0.00487415	0.007216	0.00938017	0.0113134	0.012968	0.0143033	0.0152864	
0.0158931	0.0176865	0.0190443	0.0199332	0.0203312	0.0202287	0.0203312	0.0199332	0.0190443	0.0176865	0.0158931	0.0162492	0.0162051	0.015762	0.0149307	0.0137319	0.0121949	0.0103576	0.00826529	0.00596946	0.00352664	0.00383997	0.00405874	0.00417758	0.00419354	0.00410625	0.00419354	0.00417758	0.00405874	0.00383997	0.00352664	0.00596946	0.00826529	0.0103576	0.0121949	0.0137319	0.0149307	0.015762	0.0162051	0.0162492	
0.0158931	0.0176865	0.0190443	0.0199332	0.0203312	0.0202287	0.0203312	0.0199332	0.0190443	0.0176865	0.0158931	0.0162492	0.0162051	0.015762	0.0149307	0.0137319	0.0121949	0.0103576	0.00826529	0.00596946	0.00352664	0.00383997	0.00405874	0.00417758	0.00419354	0.00410625	0.00419354	0.00417758	0.00405874	0.00383997	0.00352664	0.00596946	0.00826529	0.0103576	0.0121949	0.0137319	0.0149307	0.015762	0.0162051	0.0162492	
0.0158931	0.0176865	0.0190443	0.0199332	0.0203312	0.0202287	0.0203312	0.0199332	0.0190443	0.0176865	0.0158931	0.0162492	0.0162051	0.015762	0.0149307	0.0137319	0.0121949	0.0103576	0.00826529	0.00596946	0.00352664	0.00383997	0.00405874	0.00417758	0.00419354	0.00410625	0.00419354	0.00417758	0.00405874	0.00383997	0.00352664	0.00596946	0.00826529	0.0103576	0.0121949	0.0137319	0.0149307	0.015762	0.0162051	0.0162492	
0.0158931	0.0176865	0.0190443	0.0199332	0.0203312	0.0202287	0.0203312	0.0199332	0.0190443	0.0176865	0.0158931	0.0162492	0.0162051	0.015762	0.0149307	0.0137319	0.0121949	0.0103576	0.00826529	0.00596946	0.00352664	0.00383997	0.00405874	0.00417758	0.00419354	0.00410625	0.00419354	0.00417758	0.00405874	0.00383997	0.00352664	0.00596946	0.00826529	0.0103576	0.0121949	0.0137319	0.0149307	0.015762	0.0162051	0.0162492	
0.0158931	0.0176865	0.0190443	0.0199332	0.0203312	0.0202287	0.0203312	0.0199332	0.0190443	0.0176865	0.0158931	0.0162492	0.0162051	0.015762	0.0149307	0.0137319	0.0121949	0.0103576	0.00826529	0.00596946	0.00352664	0.00383997	0.00405874	0.00417758	0.00419354	0.00410625	0.00419354	0.00417758	0.00405874	0.00383997	0.00352664	0.00596946	0.00826529	0.0103576	0.0121949	0.0137319	0.0149307	0.015762	0.0162051	0.0162492	
0.0158931	0.0188052	0.0212541	0.0231797	0.0245346	0.0252853	0.0254134	0.0249158	0.0238046	0.0221073	0.0198657	0.0197275	0.0191037	0.0180094	0.0164716	0.0145283	0.0122273	0.0103576	0.00826529	0.00596946	0.00352664	0.00338505	0.0031601	0.00285735	0.00248423	0.00204995	0.00156519	0.00104189	0.00049293	-6.81631e-05	-0.000627578	0.000358118	0.00241228	0.00487415	0.007216	0.00938017	0.0113134	0.012968	0.0143033	0.0152864	
0.0158931	0.0176865	0.0190443	0.0199332	0.0203312	0.0202287	0.0203312	0.0199332	0.0190443	0.0176865	0.0158931	0.0162492	0.0162051	0.015762	0.0149307	0.0137319	0.0121949	0.0103576	0.00826529	0.00596946	0.00352664	0.00383997	0.00405874	0.00417758	0.00419354	0.00410625	0.00419354	0.00417758	0.00405874	0.00383997	0.00352664	0.00596946	0.00826529	0.0103576	0.0121949	0.0137319	0.0149307	0.015762	0.0162051	0.0162492	
0.0158931	0.0176865	0.0190443	0.0199332	0.0203312	0.0202287	0.0203312	0.0199332	0.0190443	0.0176865	0.0158931	0.0162492	0.0162051	0.015762	0.0149307	0.0137319	0.0121949	0.0103576	0.00826529	0.00596946	0.00352664	0.00383997	0.00405874	0.00417758	0.00419354	0.00410625	0.00419354	0.00417758	0.00405874	0.00383997	0.00352664	0.00596946	0.00826529	0.0103576	0.0121949	0.0137319	0.0149307	0.015762	0.0162051	0.0162492	
0.0158931	0.0176865	0.0190443	0.0199332	0.0203312	0.0202287	0.0203312	0.0199332	0.0190443	0.0176865	0.0158931	0.0162492	0.0162051	0.015762	0.0149307	0.0137319	0.0121949	0.0103576	0.00826529	0.00596946	0.00352664	0.00383997	0.00405874	0.00417758	0.00419354	0.00410625	0.00419354	0.00417758	0.00405874	0.00383997	0.00352664	0.00596946	0.00826529	0.0103576	0.0121949	0.0137319	0.0149307	0.015762	0.0162051	0.0162492	
0.0158931	0.0176865	0.0190443	0.0199332	0.0203312	0.0202287	0.0203312	0.0199332	0.0190443	0.0176865	0.0158931	0.0162492	0.0162051	0.015762	0.0149307	0.0137319	0.0121949	0.0103576	0.00826529	0.00596946	0.00352664	0.00383997	0.00405874	0.00417758	0.00419354	0.00410625	0.00419354	0.00417758	0.00405874	0.00383997	0.00352664	0.00596946	0.00826529	0.0103576	0.0121949	0.0137319	0.0149307	0.015762	0.0162051	0.0162492	
0.0158931	0.0176865	0.0190443	0.0199332	0.0203312	0.0202287	0.0203312	0.0199332	0.0190443	0.0176865	0.0158931	0.0162492	0.0162051	0.015762	0.0149307	0.0137319	0.0121949	0.0103576	0.00826529	0.00596946	0.00352664	0.00383997	0.00405874	0.00417758	0.00419354	0.00410625	0.00419354	0.00417758	0.00405874	0.00383997	0.00352664	0.00596946	0.00826529	0.0103576	0.0121949	0.0137319	0.0149307	0.015762	0.0162051	0.0162492	
0.0158931	0.0188052	0.0212541	0.0231797	0.0245346	0.0252853	0.0254134	0.0249158	0.0238046	0.0221073	0.0198657	0.0197275	0.0191037	0.0180094	0.0164716	0.0145283	0.0122273	0.0103576	0.00826529	0.00596946	0.00352664	0.00338505	0.0031601	0.00285735	0.00248423	0.00204995	0.00156519	0.00104189	0.00049293	-6.81631e-05	-0.000627578	0.000358118	0.00241228	0.00487415	0.007216	0.00938017	0.0113134	0.012968	0.0143033	0.0152864	
0.0158931	0.0176865	0.0190443	0.0199332	0.0203312	0.0202287	0.0203312	0.0199332	0.0190443	0.0176865	0.0158931	0.0162492	0.0162051	0.015762	0.0149307	0.0137319	0.0121949	0.0103576	0.00826529	0.00596946	0.00352664	0.00383997	0.00405874	0.00417758	0.00419354	0.00410625	0.00419354	0.00417758	0.00405874	0.00383997	0.00352664	0.00596946	0.00826529	0.0103576	0.0121949	0.0137319	0.0149307	0.015762	0.0162051	0.0162492	
0.0158931	0.0176865	0.0190443	0.0199332	0.0203312	0.0202287	0.0203312	0.0199332	0.0190443	0.0176865	0.0158931	0.0162492	0.0162051	0.015762	0.0149307	0.0137319	0.0121949	0.0103576	0.00826529	0.00596946	0.00352664	0.00383997	0.00405874	0.00417758	0.00419354	0.00410625	0.00419354	0.00417758	0.00405874	0.00383997	0.00352664	0.00596946	0.00826529	0.0103576	0.0121949	0.0137319	0.0149307	0.015762	0.0162051	0.0162492	
0.0158931	0.0176865	0.0190443	0.0199332	0.0203312	0.0202287	0.0203312	0.0199332	0.0190443	0.0176865	0.0158931	0.0162492	0.0162051	0.015762	0.0149307	0.0137319	0.0121949	0.0103576	0.00826529	0.00596946	0.00352664	0.00383997	0.00405874	0.00417758	0.00419354	0.00410625	0.00419354	0.00417758	0.00405874	0.00383997	0.00352664	0.00596946	0.00826529	0.0103576	0.0121949	0.0137319	0.0149307	0.015762	0.0162051	0.0162492	
0.0158931	0.0176865	0.0190443	0.0199332	0.0203312	0.0202287	0.0203312	0.0199332	0.0190443	0.0176865	0.0158931	0.0162492	0.0162051	0.015762	0.0149307	0.0137319	0.0121949	0.0103576	0.00826529	0.00596946	0.00352664	0.00383997	0.00405874	0.00417758	0.00419354	0.00410625	0.00419354	0.00417758	0.00405874	0.00383997	0.00352664	0.00596946	0.00826529	0.0103576	0.0121949	0.0137319	0.0149307	0.015762	0.0162051	0.0162492	
0.0158931	0.0176865	0.0190443	0.0199332	0.0203312	0.0202287	0.0203312	0.0199332	0.0190443	0.0176865	0.0158931	0.0162492	0.0162051	0.015762	0.0149307	0.0137319	0.0121949	0.0103576	0.00826529	0.00596946	0.00352664	0.00383997	0.00405874	0.00417758	0.00419354	0.00410625	0.00419354	0.00417758	0.00405874	0.00383997	0.00352664	0.00596946	0.00826529	0.0103576	0.0121949	0.0137319	0.0149307	0.015762	0.0162051	0.0162492	
0.0158931	0.0188052	0.0212541	0.0231797	0.0245346	0.0252853	0.0254134	0.0249158	0.0238046	0.0221073	0.0198657	0.0197275	0.0191037	0.0180094	0.0164716	0.0145283	0.0122273	0.0103576	0.00826529	0.00596946	0.00352664	0.00338505	0.0031601	0.00285735	0.00248423	0.00204995	0.00156519	0.00104189	0.00049293	-6.81631e-05	-0.000627578	0.000358118	0.00241228	0.00487415	0.007216	0.00938017	0.0113134	0.012968	0.0143033	0.0152864	
0.0158931	0.0176865	0.0190443	0.0199332	0.0203312	0.0202287	0.0203312	0.0199332	0.0190443	0.0176865	0.0158931	0.0162492	0.0162051	0.015762	0.0149307	0.0137319	0.0121949	0.0103576	0.00826529	0.00596946	0.00352664	0.00383997	0.00405874	0.00417758	0.00419354	0.00410625	0.00419354	0.00417758	0.00405874	0.00383997	0.00352664	0.00596946	0.00826529	0.0103576	0.0121949	0.0137319	0.0149307	0.015762	0.0162051	0.0162492	
0.0158931	0.0176865	0.0190443	0.0199332	0.0203312	0.0202287	0.0203312	0.0199332	0.0190443	0.0176865	0.0158931	0.0162492	0.0162051	0.015762	0.0149307	0.0137319	0.0121949	0.0103576	0.00826529	0.00596946	0.00352664	0.00383997	0.00405874	0.00417758	0.00419354	0.00410625	0.00419354	0.00417758	0.00405874	0.00383997	0.00352664	0.00596946	0.00826529	0.0103576	0.0121949	0.0137319	0.0149307	0.015762	0.0162051	0.0162492	
0.0158931	0.0176865	0.0190443	0.0199332	0.0203312	0.0202287	0.0203312	0.0199332	0.0190443	0.0176865	0.0158931	0.0162492	0.0162051	0.015762	0.0149307	0.0137319	0.0121949	0.0103576	0.00826529	0.00596946	0.00352664	0.00383997	0.00405874	0.00417758	0.00419354	0.00410625	0.00419354	0.00417758	0.00405874	0.00383997	0.00352664	0.00596946	0.00826529	0.0103576	0.0121949	0.0137319	0.0149307	0.015762	0.0162051	0.0162492	
0.0158931	0.0176865	0.0190443	0.0199332	0.0203312	0.0202287	0.0203312	0.0199332	0.0190443	0.0176865	0.0158931	0.0162492	0.0162051	0.015762	0.0149307	0.0137319	0.0121949	0.0103576	0.00826529	0.00596946	0.00352664	0.00383997	0.00405874	0.00417758	0.00419354	0.00410625	0.00419354	0.00417758	0.00405874	0.00383997	0.00352664	0.00596946	0.00826529	0.0103576	0.0121949	0.0137319	0.0149307	0.015762	0.0162051	0.0162492	
0.0158931	0.0176865	0.0190443	0.0199332	0.0203312	0.0202287	0.0203312	0.0199332	0.0190443	0.0176865	0.0158931	0.0162492	0.0162051	0.015762	0.0149307	0.0137319	0.0121949	0.0103576	0.00826529	0.00596946	0.00352664	0.00383997	0.00405874	0.00417758	0.00419354	0.00410625	0.00419354	0.00417758	0.00405874	0.00383997	0.00352664	0.00596946	0.00826529	0.0103576	0.0121949	0.0137319	0.0149307	0.015762	0.0162051	0.0162492	
0.0158931	0.0188052	0.0212541	0.0231797	0.0245346	0.0252853	0.0254134	0.0249158	0.0238046	0.0221073	0.0198657	0.0197275	0.0191037	0.0180094	0.0164716	0.0145283	0.0122273	0.0103576	0.00826529	0.00596946	0.00352664	0.00338505	0.0031601	0.00285735	0.00248423	0.00204995	0.00156519	0.00104189	0.00049293	-6.81631e-05	-0.000627578	0.000358118	0.00241228	0.00487415	0.007216	0.00938017	0.0113134	0.012968	0.0143033	0.0152864	
0.0158931	0.0176865	0.0190443	0.0199332	0.0203312	0.0202287	0.0203312	0.0199332	0.0190443	0.0176865	0.0158931	0.0162492	0.0162051	0.015762	0.0149307	0.0137319	0.0121949	0.0103576	0.00826529	0.00596946	0.00352664	0.00383997	0.00405874	0.00417758	0.00419354	0.00410625	0.00419354	0.00417758	0.00405874	0.00383997	0.00352664	0.00596946	0.00826529	0.0103576	0.0121949	0.0137319	0.0149307	0.015762	0.0162051	0.0162492	
0.0158931	0.0176865	0.0190443	0.0199332	0.0203312	0.0202287	0.0203312	0.0199332	0.0190443	0.0176865	0.0158931	0.0162492	0.0162051	0.015762	0.0149307	0.0137319	0.0121949	0.0103576	0.00826529	0.00596946	0.00352664	0.00383997	0.00405874	0.00417758	0.00419354	0.00410625	0.00419354	0.00417758	0.00405874	0.00383997	0.00352664	0.00596946	0.00826529	0.0103576	0.0121949	0.0137319	0.0149307	0.015762	0.0162051	0.0162492	
0.0158931	0.0176865	0.0190443	0.0199332	0.0203312	0.0202287	0.0203312	0.0199332	0.0190443	0.0176865	0.0158931	0.0162492	0.0162051	0.015762	0.0149307	0.0137319	0.0121949	0.0103576	0.00826529	0.00596946	0.00352664	0.00383997	0.00405874	0.00417758	0.00419354	0.00410625	0.00419354	0.00417758	0.00405874	0.00383997	0.00352664	0.00596946	0.00826529	0.0103576	0.0121949	0.0137319	0.0149307	0.015762	0.0162051	0.0162492	
0.0158931	0.0176865	0.0190443	0.0199332	0.0203312	0.0202287	0.0203312	0.0199332	0.0190443	0.0176865	0.0158931	0.0162492	0.0162051	0.015762	0.0149307	0.0137319	0.0121949	0.0103576	0.00826529	0.00596946	0.00352664	0.00383997	0.00405874	0.00417758	0.00419354	0.00410625	0.00419354	0.00417758	0.00405874	0.00383997	0.00352664	0.00596946	0.00826529	0.0103576	0.0121949	0.0137319	0.0149307	0.015762	0.0162051	0.0162492	
0.0158931	0.0176865	0.0190443	0.0199332	0.0203312	0.0202287	0.0203312	0.0199332	0.0190443	0.0176865	0.0158931	0.0162492	0.0162051	0.015762	0.0149307	0.0137319	0.0121949	0.0103576	0.00826529	0.00596946	0.00352664	0.00383997	0.00405874	0.00417758	0.00419354	0.00410625	0.00419354	0.00417758	0.00405874	0.00383997	0.00352664	0.00596946	0.00826529	0.0103576	0.0121949	0.0137319	0.0149307	0.015762	0.0162051	0.0162492	
