-5.29924	-6.2362	-6.98367	-7.51895	-7.82424	-7.82424	-7.51895	-6.98367	-6.2362	-5.29924	-4.20127	-2.96678	-1.63739	-0.258252	1.12873	2.49624	3.79525	4.97894	6.01135	6.96388	7.70482	8.21165	8.46898	8.46898	8.21165	7.70482	6.96388	6.01135	4.97894	3.79525	2.49624	1.12873	-0.258252	-1.63739	-2.96678	-4.20127	
-5.17991	-5.10208	-4.86923	-4.48843	-3.96366	-3.23791	-2.35827	-1.40092	-0.40101	0.611089	1.60468	2.55321	3.43294	4.21589	4.89134	5.42874	5.8012	5.99738	6.01135	5.92095	5.65065	5.20865	4.60839	3.86811	3.0103	2.06103	1.04912	0.00534618	-0.894217	-1.76661	-2.58533	-3.32549	-3.96461	-4.48326	-4.8657	-5.10029	
-5.2254	-5.13583	-4.89021	-4.496	-3.96366	-3.23791	-2.35827	-1.40092	-0.40101	0.611089	1.6091	2.57741	3.47216	4.26659	4.94276	5.46874	5.82856	6.01128	6.01135	5.92095	5.65065	5.20865	4.60839	3.86811	3.0103	2.06103	1.04912	0.00534618	-0.908456	-1.79466	-2.62633	-3.3782	-4.02742	-4.55428	-4.93033	-5.1562	
-5.24778	-5.15324	-4.90212	-4.50205	-3.96366	-3.23791	-2.35827	-1.40033	-0.3848	0.642425	1.65013	2.61656	3.50824	4.29333	4.9599	5.48207	5.83768	6.01591	6.01135	5.92095	5.65065	5.20865	4.60839	3.86811	3.0103	2.06103	1.04912	0.00534618	-0.908456	-1.79466	-2.62633	-3.3782	-4.02742	-4.55428	-4.94275	-5.18104	
-5.25897	-5.16194	-4.90807	-4.50507	-3.96366	-3.23791	-2.35527	-1.38076	-0.364283	0.663258	1.67065	2.63614	3.52629	4.30929	4.96847	5.48874	5.84224	6.01822	6.01135	5.92095	5.65065	5.20865	4.60839	3.86811	3.0103	2.06103	1.04912	0.00534618	-0.923068	-1.80994	-2.64181	-3.39341	-4.04191	-4.56759	-4.9545	-5.19086	
-5.26568	-5.16716	-4.91164	-4.50688	-3.96366	-3.23791	-2.34445	-1.36901	-0.351973	0.675758	1.68296	2.64788	3.53711	4.31886	4.97361	5.49274	5.84497	6.01961	6.01135	5.92095	5.65065	5.20865	4.60839	3.86811	3.0103	2.06103	1.04912	0.00534618	-0.93624	-1.82415	-2.65624	-3.40763	-4.05547	-4.58009	-4.96555	-5.20013	
0.611089	-0.40101	-1.40092	-2.35827	-3.23791	-3.96366	-4.48843	-4.86923	-5.10208	-5.17991	-5.10029	-4.8657	-4.48326	-3.96461	-3.32549	-2.58533	-1.76661	-0.894217	0.00534618	1.04912	2.06103	3.0103	3.86811	4.60839	5.20865	5.65065	5.92095	6.01135	5.99738	5.8012	5.42874	4.89134	4.21589	3.43294	2.55321	1.60468	
0.650422	0.64041	0.617065	0.574971	0.515406	0.515406	0.574971	0.617065	0.64041	0.650422	0.641469	0.613026	0.565955	0.501689	0.422179	0.329841	0.227481	0.11821	0.00534618	0.00619331	0.00685227	0.00730302	0.00753187	0.00753187	0.00730302	0.00685227	0.00619331	0.00534618	0.11821	0.227481	0.329841	0.422179	0.501689	0.565955	0.613026	0.641469	
0.611089	0.621083	0.612206	0.584727	0.545539	0.559837	0.6252	0.674958	0.708284	0.720089	0.710078	0.678491	0.626289	0.555057	0.46696	0.364674	0.251309	0.130307	0.00534618	0.00619331	0.00685227	0.00730302	0.00753187	0.00753187	0.00730302	0.00685227	0.00619331	0.00534618	0.0947092	0.184629	0.275318	0.357642	0.430165	0.491217	0.541786	0.58259	
0.611089	0.62745	0.624747	0.60306	0.569108	0.587925	0.657208	0.714112	0.749318	0.761756	0.751111	0.717645	0.662373	0.586975	0.493743	0.385508	0.26556	0.137542	0.00534618	0.00619331	0.00685227	0.00730302	0.00753187	0.00753187	0.00730302	0.00685227	0.00619331	0.00534618	0.0943619	0.180511	0.261174	0.333903	0.408877	0.471608	0.527536	0.576223	
0.611089	0.631068	0.631872	0.613477	0.582499	0.603885	0.67525	0.733689	0.769834	0.782589	0.771628	0.737222	0.680415	0.602934	0.507134	0.395924	0.272685	0.14116	0.00534618	0.00619331	0.00685227	0.00730302	0.00753187	0.00753187	0.00730302	0.00685227	0.00619331	0.00534618	0.0822066	0.165231	0.245691	0.318686	0.395485	0.461191	0.52041	0.572606	
0.611089	0.633238	0.636147	0.619727	0.590534	0.61346	0.686076	0.745435	0.782145	0.795089	0.783938	0.748968	0.69124	0.61251	0.515169	0.402174	0.27696	0.143331	0.00534618	0.00619331	0.00685227	0.00730302	0.00753187	0.00753187	0.00730302	0.00685227	0.00619331	0.00534618	0.0822066	0.156569	0.231257	0.308187	0.38745	0.454941	0.516135	0.570435	
0.611089	-0.40101	-1.40092	-2.35827	-3.23791	-3.96366	-4.496	-4.89021	-5.13583	-5.2254	-5.1562	-4.93033	-4.55428	-4.02742	-3.3782	-2.62633	-1.79466	-0.908456	0.00534618	1.04912	2.06103	3.0103	3.86811	4.60839	5.20865	5.65065	5.92095	6.01135	6.01128	5.82856	5.46874	4.94276	4.26659	3.47216	2.57741	1.6091	
0.720089	0.708284	0.674958	0.6252	0.559837	0.545539	0.584727	0.612206	0.621083	0.611089	0.58259	0.541786	0.491217	0.430165	0.357642	0.275318	0.184629	0.0947092	0.00534618	0.00619331	0.00685227	0.00730302	0.00753187	0.00753187	0.00730302	0.00685227	0.00619331	0.00534618	0.130307	0.251309	0.364674	0.46696	0.555057	0.626289	0.678491	0.710078	
0.674599	0.674535	0.653976	0.613547	0.559837	0.559837	0.613547	0.653976	0.674535	0.674599	0.654165	0.613855	0.560499	0.492241	0.414251	0.323674	0.223263	0.116068	0.00534618	0.00619331	0.00685227	0.00730302	0.00753187	0.00753187	0.00730302	0.00685227	0.00619331	0.00534618	0.116068	0.223263	0.323674	0.414251	0.492241	0.560499	0.613855	0.654165	
0.652223	0.65713	0.64207	0.607502	0.569108	0.587925	0.649631	0.69313	0.715569	0.716266	0.695199	0.653009	0.591359	0.52416	0.441034	0.344508	0.237514	0.123303	0.00534618	0.00619331	0.00685227	0.00730302	0.00753187	0.00753187	0.00730302	0.00685227	0.00619331	0.00534618	0.116068	0.223263	0.323674	0.414251	0.492241	0.555274	0.601436	0.629323	
0.641035	0.648427	0.636117	0.613477	0.582499	0.603885	0.667673	0.712707	0.736086	0.737099	0.715716	0.672586	0.609401	0.540119	0.454425	0.354924	0.244639	0.126921	0.00534618	0.00619331	0.00685227	0.00730302	0.00753187	0.00753187	0.00730302	0.00685227	0.00619331	0.00534618	0.101456	0.207983	0.308191	0.399034	0.477753	0.541956	0.589691	0.61951	
0.634322	0.643206	0.636147	0.619727	0.590534	0.61346	0.678499	0.724453	0.748396	0.749599	0.728026	0.684332	0.620226	0.549694	0.46246	0.361174	0.248915	0.129092	0.00534618	0.00619331	0.00685227	0.00730302	0.00753187	0.00753187	0.00730302	0.00685227	0.00619331	0.00534618	0.0960984	0.193769	0.293757	0.38482	0.46419	0.529456	0.578635	0.610232	
0.642425	-0.3848	-1.40033	-2.35827	-3.23791	-3.96366	-4.50205	-4.90212	-5.15324	-5.24778	-5.18104	-4.94275	-4.55428	-4.02742	-3.3782	-2.62633	-1.79466	-0.908456	0.00534618	1.04912	2.06103	3.0103	3.86811	4.60839	5.20865	5.65065	5.92095	6.01135	6.01591	5.83768	5.48207	4.9599	4.29333	3.50824	2.61656	1.65013	
0.761756	0.749318	0.714112	0.657208	0.587925	0.569108	0.60306	0.624747	0.62745	0.611089	0.576223	0.527536	0.471608	0.408877	0.333903	0.261174	0.180511	0.0943619	0.00534618	0.00619331	0.00685227	0.00730302	0.00753187	0.00753187	0.00730302	0.00685227	0.00619331	0.00534618	0.137542	0.26556	0.385508	0.493743	0.586975	0.662373	0.717645	0.751111	
0.716266	0.715569	0.69313	0.649631	0.587925	0.569108	0.607502	0.64207	0.65713	0.652223	0.629323	0.601436	0.555274	0.492241	0.414251	0.323674	0.223263	0.116068	0.00534618	0.00619331	0.00685227	0.00730302	0.00753187	0.00753187	0.00730302	0.00685227	0.00619331	0.00534618	0.123303	0.237514	0.344508	0.441034	0.52416	0.591359	0.653009	0.695199	
0.69389	0.698164	0.681224	0.643586	0.587925	0.587925	0.643586	0.681224	0.698164	0.69389	0.670357	0.64059	0.591359	0.52416	0.441034	0.344508	0.237514	0.123303	0.00534618	0.00619331	0.00685227	0.00730302	0.00753187	0.00753187	0.00730302	0.00685227	0.00619331	0.00534618	0.123303	0.237514	0.344508	0.441034	0.52416	0.591359	0.64059	0.670357	
0.682702	0.689461	0.675271	0.640564	0.587925	0.603885	0.661628	0.700801	0.71868	0.714723	0.690874	0.660167	0.609401	0.540119	0.454425	0.354924	0.244639	0.126921	0.00534618	0.00619331	0.00685227	0.00730302	0.00753187	0.00753187	0.00730302	0.00685227	0.00619331	0.00534618	0.108691	0.222234	0.329024	0.425817	0.509672	0.57804	0.628845	0.660543	
0.675989	0.684239	0.671699	0.63875	0.590534	0.61346	0.672454	0.712547	0.73099	0.727223	0.703184	0.671913	0.620226	0.549694	0.46246	0.361174	0.248915	0.129092	0.00534618	0.00619331	0.00685227	0.00730302	0.00753187	0.00753187	0.00730302	0.00685227	0.00619331	0.00534618	0.100729	0.208019	0.31459	0.411602	0.496108	0.56554	0.617788	0.651265	
0.663258	-0.364283	-1.38076	-2.35527	-3.23791	-3.96366	-4.50507	-4.90807	-5.16194	-5.25897	-5.19086	-4.9545	-4.56759	-4.04191	-3.39341	-2.64181	-1.80994	-0.923068	0.00534618	1.04912	2.06103	3.0103	3.86811	4.60839	5.20865	5.65065	5.92095	6.01135	6.01822	5.84224	5.48874	4.96847	4.30929	3.52629	2.63614	1.67065	
0.782589	0.769834	0.733689	0.67525	0.603885	0.582499	0.613477	0.631872	0.631068	0.611089	0.572606	0.52041	0.461191	0.395485	0.318686	0.245691	0.165231	0.0822066	0.00534618	0.00619331	0.00685227	0.00730302	0.00753187	0.00753187	0.00730302	0.00685227	0.00619331	0.00534618	0.14116	0.272685	0.395924	0.507134	0.602934	0.680415	0.737222	0.771628	
0.737099	0.736086	0.712707	0.667673	0.603885	0.582499	0.613477	0.636117	0.648427	0.641035	0.61951	0.589691	0.541956	0.477753	0.399034	0.308191	0.207983	0.101456	0.00534618	0.00619331	0.00685227	0.00730302	0.00753187	0.00753187	0.00730302	0.00685227	0.00619331	0.00534618	0.126921	0.244639	0.354924	0.454425	0.540119	0.609401	0.672586	0.715716	
0.714723	0.71868	0.700801	0.661628	0.603885	0.587925	0.640564	0.675271	0.689461	0.682702	0.660543	0.628845	0.57804	0.509672	0.425817	0.329024	0.222234	0.108691	0.00534618	0.00619331	0.00685227	0.00730302	0.00753187	0.00753187	0.00730302	0.00685227	0.00619331	0.00534618	0.126921	0.244639	0.354924	0.454425	0.540119	0.609401	0.660167	0.690874	
0.703535	0.709978	0.694848	0.658606	0.603885	0.603885	0.658606	0.694848	0.709978	0.703535	0.68106	0.648422	0.596082	0.525631	0.439208	0.339441	0.229359	0.112309	0.00534618	0.00619331	0.00685227	0.00730302	0.00753187	0.00753187	0.00730302	0.00685227	0.00619331	0.00534618	0.112309	0.229359	0.339441	0.439208	0.525631	0.596082	0.648422	0.68106	
0.696822	0.704756	0.691276	0.656793	0.603885	0.61346	0.669431	0.706594	0.722288	0.716035	0.69337	0.660168	0.606908	0.535206	0.447243	0.345691	0.233635	0.11448	0.00534618	0.00619331	0.00685227	0.00730302	0.00753187	0.00753187	0.00730302	0.00685227	0.00619331	0.00534618	0.103044	0.215145	0.325007	0.424994	0.512068	0.583582	0.637365	0.671782	
0.675758	-0.351973	-1.36901	-2.34445	-3.23791	-3.96366	-4.50688	-4.91164	-5.16716	-5.26568	-5.20013	-4.96555	-4.58009	-4.05547	-3.40763	-2.65624	-1.82415	-0.93624	0.00534618	1.04912	2.06103	3.0103	3.86811	4.60839	5.20865	5.65065	5.92095	6.01135	6.01961	5.84497	5.49274	4.97361	4.31886	3.53711	2.64788	1.68296	
0.795089	0.782145	0.745435	0.686076	0.61346	0.590534	0.619727	0.636147	0.633238	0.611089	0.570435	0.516135	0.454941	0.38745	0.308187	0.231257	0.156569	0.0822066	0.00534618	0.00619331	0.00685227	0.00730302	0.00753187	0.00753187	0.00730302	0.00685227	0.00619331	0.00534618	0.143331	0.27696	0.402174	0.515169	0.61251	0.69124	0.748968	0.783938	
0.749599	0.748396	0.724453	0.678499	0.61346	0.590534	0.619727	0.636147	0.643206	0.634322	0.610232	0.578635	0.529456	0.46419	0.38482	0.293757	0.193769	0.0960984	0.00534618	0.00619331	0.00685227	0.00730302	0.00753187	0.00753187	0.00730302	0.00685227	0.00619331	0.00534618	0.129092	0.248915	0.361174	0.46246	0.549694	0.620226	0.684332	0.728026	
0.727223	0.73099	0.712547	0.672454	0.61346	0.590534	0.63875	0.671699	0.684239	0.675989	0.651265	0.617788	0.56554	0.496108	0.411602	0.31459	0.208019	0.100729	0.00534618	0.00619331	0.00685227	0.00730302	0.00753187	0.00753187	0.00730302	0.00685227	0.00619331	0.00534618	0.129092	0.248915	0.361174	0.46246	0.549694	0.620226	0.671913	0.703184	
0.716035	0.722288	0.706594	0.669431	0.61346	0.603885	0.656793	0.691276	0.704756	0.696822	0.671782	0.637365	0.583582	0.512068	0.424994	0.325007	0.215145	0.103044	0.00534618	0.00619331	0.00685227	0.00730302	0.00753187	0.00753187	0.00730302	0.00685227	0.00619331	0.00534618	0.11448	0.233635	0.345691	0.447243	0.535206	0.606908	0.660168	0.69337	
0.709322	0.717066	0.703022	0.667618	0.61346	0.61346	0.667618	0.703022	0.717066	0.709322	0.684092	0.649111	0.594408	0.521643	0.433029	0.331257	0.21942	0.104434	0.00534618	0.00619331	0.00685227	0.00730302	0.00753187	0.00753187	0.00730302	0.00685227	0.00619331	0.00534618	0.104434	0.21942	0.331257	0.433029	0.521643	0.594408	0.649111	0.684092	
