-5.29881	-6.23586	-6.98344	-7.51882	-7.82423	-7.82423	-7.51882	-6.98344	-6.23586	-5.29881	-4.20076	-2.9662	-1.63677	-0.257598	1.1294	2.49689	3.79586	4.9795	6.01185	6.96446	7.70546	8.21233	8.46968	8.46968	8.21233	7.70546	6.96446	6.01185	4.9795	3.79586	2.49689	1.1294	-0.257598	-1.63677	-2.9662	-4.20076	
-5.17978	-5.10195	-4.8691	-4.4883	-3.96364	-3.2379	-2.35815	-1.4008	-0.40088	0.611217	1.6049	2.5535	3.4333	4.21631	4.892	5.42939	5.80181	5.99795	6.01185	5.92153	5.65129	5.20933	4.6091	3.86882	3.01098	2.06166	1.0497	0.00584516	-0.893703	-1.7661	-2.58483	-3.32502	-3.96419	-4.4829	-4.8654	-5.10008	
-5.22497	-5.13549	-4.88997	-4.49588	-3.96364	-3.2379	-2.35815	-1.4008	-0.40088	0.611217	1.60961	2.57799	3.47278	4.26724	4.94342	5.46939	5.82917	6.01184	6.01185	5.92153	5.65129	5.20933	4.6091	3.86882	3.01098	2.06166	1.0497	0.00584516	-0.907943	-1.79414	-2.62583	-3.37773	-4.027	-4.55391	-4.92975	-5.15569	
-5.24734	-5.15289	-4.90188	-4.50192	-3.96364	-3.2379	-2.35815	-1.4001	-0.384459	0.642859	1.65064	2.61714	3.50887	4.29398	4.96056	5.48272	5.83829	6.01647	6.01185	5.92153	5.65129	5.20933	4.6091	3.86882	3.01098	2.06166	1.0497	0.00584516	-0.907943	-1.79414	-2.62583	-3.37773	-4.027	-4.55391	-4.94246	-5.18083	
-5.25853	-5.1616	-4.90783	-4.50494	-3.96364	-3.2379	-2.35515	-1.38052	-0.363942	0.663692	1.67116	2.63672	3.52691	4.30994	4.96913	5.48939	5.84285	6.01879	6.01185	5.92153	5.65129	5.20933	4.6091	3.86882	3.01098	2.06166	1.0497	0.00584516	-0.922502	-1.80932	-2.64116	-3.39275	-4.04126	-4.56697	-4.95392	-5.19035	
-5.26524	-5.16682	-4.9114	-4.50676	-3.96364	-3.2379	-2.34432	-1.36877	-0.351632	0.676192	1.68347	2.64846	3.53774	4.31952	4.97427	5.49339	5.84559	6.02018	6.01185	5.92153	5.65129	5.20933	4.6091	3.86882	3.01098	2.06166	1.0497	0.00584516	-0.935726	-1.82353	-2.6556	-3.40697	-4.05482	-4.57947	-4.96498	-5.19962	
0.611217	-0.40088	-1.4008	-2.35815	-3.2379	-3.96364	-4.4883	-4.8691	-5.10195	-5.17978	-5.10008	-4.8654	-4.4829	-3.96419	-3.32502	-2.58483	-1.7661	-0.893703	0.00584516	1.0497	2.06166	3.01098	3.86882	4.6091	5.20933	5.65129	5.92153	6.01185	5.99795	5.80181	5.42939	4.892	4.21631	3.4333	2.5535	1.6049	
0.650551	0.640751	0.617302	0.575097	0.515418	0.515418	0.575097	0.617302	0.640751	0.650551	0.641682	0.613317	0.566316	0.502108	0.422644	0.330337	0.227994	0.118723	0.00584516	0.00677136	0.00749182	0.00798464	0.00823485	0.00823485	0.00798464	0.00749182	0.00677136	0.00584516	0.118723	0.227994	0.330337	0.422644	0.502108	0.566316	0.613317	0.641682	
0.611217	0.621214	0.612335	0.58485	0.545551	0.559849	0.625327	0.675087	0.708414	0.720217	0.710291	0.678782	0.626649	0.555476	0.467424	0.365171	0.251822	0.130821	0.00584516	0.00677136	0.00749182	0.00798464	0.00823485	0.00823485	0.00798464	0.00749182	0.00677136	0.00584516	0.0952229	0.185141	0.275814	0.358107	0.430815	0.491839	0.542185	0.582803	
0.611217	0.627581	0.624875	0.603183	0.56912	0.587937	0.657331	0.714241	0.749448	0.761884	0.751324	0.717936	0.662734	0.587394	0.494207	0.386004	0.266072	0.138056	0.00584516	0.00677136	0.00749182	0.00798464	0.00823485	0.00823485	0.00798464	0.00749182	0.00677136	0.00584516	0.0948756	0.181023	0.261671	0.334367	0.409296	0.471969	0.527827	0.576436	
0.611217	0.631198	0.632001	0.6136	0.582511	0.603896	0.675373	0.733818	0.769965	0.782717	0.771841	0.737513	0.680776	0.603354	0.507599	0.396421	0.273198	0.141674	0.00584516	0.00677136	0.00749182	0.00798464	0.00823485	0.00823485	0.00798464	0.00749182	0.00677136	0.00584516	0.0827203	0.165847	0.246338	0.319345	0.395904	0.461552	0.520701	0.572819	
0.611217	0.633369	0.636276	0.61985	0.590546	0.613472	0.686199	0.745564	0.782275	0.795217	0.784151	0.749259	0.691601	0.612929	0.515634	0.402671	0.277473	0.143844	0.00584516	0.00677136	0.00749182	0.00798464	0.00823485	0.00823485	0.00798464	0.00749182	0.00677136	0.00584516	0.0827203	0.157082	0.231904	0.308651	0.387869	0.455302	0.516426	0.570648	
0.611217	-0.40088	-1.4008	-2.35815	-3.2379	-3.96364	-4.49588	-4.88997	-5.13549	-5.22497	-5.15569	-4.92975	-4.55391	-4.027	-3.37773	-2.62583	-1.79414	-0.907943	0.00584516	1.0497	2.06166	3.01098	3.86882	4.6091	5.20933	5.65129	5.92153	6.01185	6.01184	5.82917	5.46939	4.94342	4.26724	3.47278	2.57799	1.60961	
0.720217	0.708414	0.675087	0.625327	0.559849	0.545551	0.58485	0.612335	0.621214	0.611217	0.582803	0.542185	0.491839	0.430815	0.358107	0.275814	0.185141	0.0952229	0.00584516	0.00677136	0.00749182	0.00798464	0.00823485	0.00823485	0.00798464	0.00749182	0.00677136	0.00584516	0.130821	0.251822	0.365171	0.467424	0.555476	0.626649	0.678782	0.710291	
0.675033	0.674876	0.654214	0.613673	0.559849	0.559849	0.613673	0.654214	0.674876	0.675033	0.654679	0.614433	0.561121	0.49266	0.414716	0.324171	0.223776	0.116582	0.00584516	0.00677136	0.00749182	0.00798464	0.00823485	0.00823485	0.00798464	0.00749182	0.00677136	0.00584516	0.116582	0.223776	0.324171	0.414716	0.49266	0.561121	0.614433	0.654679	
0.652657	0.657471	0.642308	0.607628	0.56912	0.587937	0.649758	0.693368	0.71591	0.7167	0.695713	0.653587	0.591719	0.524579	0.441499	0.345004	0.238027	0.123817	0.00584516	0.00677136	0.00749182	0.00798464	0.00823485	0.00823485	0.00798464	0.00749182	0.00677136	0.00584516	0.116582	0.223776	0.324171	0.414716	0.49266	0.555635	0.601727	0.629536	
0.641469	0.648768	0.636355	0.6136	0.582511	0.603896	0.6678	0.712944	0.736427	0.737533	0.71623	0.673164	0.609762	0.540538	0.45489	0.355421	0.245152	0.127435	0.00584516	0.00677136	0.00749182	0.00798464	0.00823485	0.00823485	0.00798464	0.00749182	0.00677136	0.00584516	0.102022	0.208599	0.308838	0.399693	0.478403	0.542578	0.590266	0.62002	
0.634756	0.643546	0.636276	0.61985	0.590546	0.613472	0.678625	0.724691	0.748737	0.750033	0.72854	0.68491	0.620587	0.550113	0.462925	0.361671	0.249427	0.129605	0.00584516	0.00677136	0.00749182	0.00798464	0.00823485	0.00823485	0.00798464	0.00749182	0.00677136	0.00584516	0.0966121	0.194385	0.294404	0.385478	0.46484	0.530078	0.57921	0.610742	
0.642859	-0.384459	-1.4001	-2.35815	-3.2379	-3.96364	-4.50192	-4.90188	-5.15289	-5.24734	-5.18083	-4.94246	-4.55391	-4.027	-3.37773	-2.62583	-1.79414	-0.907943	0.00584516	1.0497	2.06166	3.01098	3.86882	4.6091	5.20933	5.65129	5.92153	6.01185	6.01647	5.83829	5.48272	4.96056	4.29398	3.50887	2.61714	1.65064	
0.761884	0.749448	0.714241	0.657331	0.587937	0.56912	0.603183	0.624875	0.627581	0.611217	0.576436	0.527827	0.471969	0.409296	0.334367	0.261671	0.181023	0.0948756	0.00584516	0.00677136	0.00749182	0.00798464	0.00823485	0.00823485	0.00798464	0.00749182	0.00677136	0.00584516	0.138056	0.266072	0.386004	0.494207	0.587394	0.662734	0.717936	0.751324	
0.7167	0.71591	0.693368	0.649758	0.587937	0.56912	0.607628	0.642308	0.657471	0.652657	0.629536	0.601727	0.555635	0.49266	0.414716	0.324171	0.223776	0.116582	0.00584516	0.00677136	0.00749182	0.00798464	0.00823485	0.00823485	0.00798464	0.00749182	0.00677136	0.00584516	0.123817	0.238027	0.345004	0.441499	0.524579	0.591719	0.653587	0.695713	
0.694324	0.698504	0.681462	0.643713	0.587937	0.587937	0.643713	0.681462	0.698504	0.694324	0.67057	0.640881	0.591719	0.524579	0.441499	0.345004	0.238027	0.123817	0.00584516	0.00677136	0.00749182	0.00798464	0.00823485	0.00823485	0.00798464	0.00749182	0.00677136	0.00584516	0.123817	0.238027	0.345004	0.441499	0.524579	0.591719	0.640881	0.67057	
0.683136	0.689802	0.675509	0.64069	0.587937	0.603896	0.661755	0.701038	0.719021	0.715157	0.691087	0.660458	0.609762	0.540538	0.45489	0.355421	0.245152	0.127435	0.00584516	0.00677136	0.00749182	0.00798464	0.00823485	0.00823485	0.00798464	0.00749182	0.00677136	0.00584516	0.109257	0.22285	0.329671	0.426476	0.510322	0.578662	0.62942	0.661054	
0.676423	0.68458	0.671937	0.638877	0.590546	0.613472	0.67258	0.712785	0.731331	0.727657	0.703397	0.672204	0.620587	0.550113	0.462925	0.361671	0.249427	0.129605	0.00584516	0.00677136	0.00749182	0.00798464	0.00823485	0.00823485	0.00798464	0.00749182	0.00677136	0.00584516	0.101243	0.208635	0.315238	0.412261	0.496759	0.566162	0.618363	0.651776	
0.663692	-0.363942	-1.38052	-2.35515	-3.2379	-3.96364	-4.50494	-4.90783	-5.1616	-5.25853	-5.19035	-4.95392	-4.56697	-4.04126	-3.39275	-2.64116	-1.80932	-0.922502	0.00584516	1.0497	2.06166	3.01098	3.86882	4.6091	5.20933	5.65129	5.92153	6.01185	6.01879	5.84285	5.48939	4.96913	4.30994	3.52691	2.63672	1.67116	
0.782717	0.769965	0.733818	0.675373	0.603896	0.582511	0.6136	0.632001	0.631198	0.611217	0.572819	0.520701	0.461552	0.395904	0.319345	0.246338	0.165847	0.0827203	0.00584516	0.00677136	0.00749182	0.00798464	0.00823485	0.00823485	0.00798464	0.00749182	0.00677136	0.00584516	0.141674	0.273198	0.396421	0.507599	0.603354	0.680776	0.737513	0.771841	
0.737533	0.736427	0.712944	0.6678	0.603896	0.582511	0.6136	0.636355	0.648768	0.641469	0.62002	0.590266	0.542578	0.478403	0.399693	0.308838	0.208599	0.102022	0.00584516	0.00677136	0.00749182	0.00798464	0.00823485	0.00823485	0.00798464	0.00749182	0.00677136	0.00584516	0.127435	0.245152	0.355421	0.45489	0.540538	0.609762	0.673164	0.71623	
0.715157	0.719021	0.701038	0.661755	0.603896	0.587937	0.64069	0.675509	0.689802	0.683136	0.661054	0.62942	0.578662	0.510322	0.426476	0.329671	0.22285	0.109257	0.00584516	0.00677136	0.00749182	0.00798464	0.00823485	0.00823485	0.00798464	0.00749182	0.00677136	0.00584516	0.127435	0.245152	0.355421	0.45489	0.540538	0.609762	0.660458	0.691087	
0.703969	0.710319	0.695085	0.658733	0.603896	0.603896	0.658733	0.695085	0.710319	0.703969	0.68157	0.648997	0.596705	0.526281	0.439867	0.340088	0.229975	0.112875	0.00584516	0.00677136	0.00749182	0.00798464	0.00823485	0.00823485	0.00798464	0.00749182	0.00677136	0.00584516	0.112875	0.229975	0.340088	0.439867	0.526281	0.596705	0.648997	0.68157	
0.697256	0.705097	0.691514	0.656919	0.603896	0.613472	0.669558	0.706832	0.722629	0.716469	0.693881	0.660743	0.60753	0.535857	0.447902	0.346338	0.234251	0.115046	0.00584516	0.00677136	0.00749182	0.00798464	0.00823485	0.00823485	0.00798464	0.00749182	0.00677136	0.00584516	0.103558	0.215761	0.325654	0.425653	0.512718	0.584205	0.63794	0.672293	
0.676192	-0.351632	-1.36877	-2.34432	-3.2379	-3.96364	-4.50676	-4.9114	-5.16682	-5.26524	-5.19962	-4.96498	-4.57947	-4.05482	-3.40697	-2.6556	-1.82353	-0.935726	0.00584516	1.0497	2.06166	3.01098	3.86882	4.6091	5.20933	5.65129	5.92153	6.01185	6.02018	5.84559	5.49339	4.97427	4.31952	3.53774	2.64846	1.68347	
0.795217	0.782275	0.745564	0.686199	0.613472	0.590546	0.61985	0.636276	0.633369	0.611217	0.570648	0.516426	0.455302	0.387869	0.308651	0.231904	0.157082	0.0827203	0.00584516	0.00677136	0.00749182	0.00798464	0.00823485	0.00823485	0.00798464	0.00749182	0.00677136	0.00584516	0.143844	0.277473	0.402671	0.515634	0.612929	0.691601	0.749259	0.784151	
0.750033	0.748737	0.724691	0.678625	0.613472	0.590546	0.61985	0.636276	0.643546	0.634756	0.610742	0.57921	0.530078	0.46484	0.385478	0.294404	0.194385	0.0966121	0.00584516	0.00677136	0.00749182	0.00798464	0.00823485	0.00823485	0.00798464	0.00749182	0.00677136	0.00584516	0.129605	0.249427	0.361671	0.462925	0.550113	0.620587	0.68491	0.72854	
0.727657	0.731331	0.712785	0.67258	0.613472	0.590546	0.638877	0.671937	0.68458	0.676423	0.651776	0.618363	0.566162	0.496759	0.412261	0.315238	0.208635	0.101243	0.00584516	0.00677136	0.00749182	0.00798464	0.00823485	0.00823485	0.00798464	0.00749182	0.00677136	0.00584516	0.129605	0.249427	0.361671	0.462925	0.550113	0.620587	0.672204	0.703397	
0.716469	0.722629	0.706832	0.669558	0.613472	0.603896	0.656919	0.691514	0.705097	0.697256	0.672293	0.63794	0.584205	0.512718	0.425653	0.325654	0.215761	0.103558	0.00584516	0.00677136	0.00749182	0.00798464	0.00823485	0.00823485	0.00798464	0.00749182	0.00677136	0.00584516	0.115046	0.234251	0.346338	0.447902	0.535857	0.60753	0.660743	0.693881	
0.709756	0.717407	0.70326	0.667744	0.613472	0.613472	0.667744	0.70326	0.717407	0.709756	0.684603	0.649686	0.59503	0.522294	0.433688	0.331904	0.220036	0.104947	0.00584516	0.00677136	0.00749182	0.00798464	0.00823485	0.00823485	0.00798464	0.00749182	0.00677136	0.00584516	0.104947	0.220036	0.331904	0.433688	0.522294	0.59503	0.649686	0.684603	
