0.0198643	0.0221057	0.0238028	0.0249138	0.0254113	0.0252832	0.0254113	0.0249138	0.0238028	0.0221057	0.0198643	0.0176522	0.0150054	0.0119892	0.00867771	0.00515257	0.00150056	-0.00218841	-0.00558853	-0.0087422	-0.0116806	-0.0138298	-0.0156384	-0.017062	-0.0180655	-0.0186241	-0.0180655	-0.017062	-0.0156384	-0.0138298	-0.0116806	-0.0087422	-0.00558853	-0.00218841	0.00150056	0.00515257	0.00867771	0.0119892	0.0150054	0.0176522	
0.0198643	0.0221057	0.0238028	0.0249138	0.0254113	0.0252832	0.0245324	0.0231776	0.0212521	0.0188033	0.0158915	0.0134028	0.0105841	0.00750485	0.00424077	0.000872269	-0.00251771	-0.0058457	-0.00902974	-0.0119914	-0.0146579	-0.0159541	-0.0168576	-0.0173459	-0.0174071	-0.0170397	-0.0162527	-0.0150655	-0.0135074	-0.0116166	-0.00943987	-0.00703065	-0.00444832	-0.00138928	0.00222615	0.00578677	0.00920489	0.0123964	0.0152826	0.0177925	
0.0198643	0.0221057	0.0238028	0.0249138	0.0254113	0.0252832	0.0245324	0.0231776	0.0212521	0.0188033	0.0158915	0.0134028	0.0105841	0.00750485	0.00424077	0.000872269	-0.00251771	-0.0058457	-0.00902974	-0.0119914	-0.0146579	-0.0159541	-0.0168576	-0.0173459	-0.0174071	-0.0170397	-0.0162527	-0.0150655	-0.0135074	-0.0116166	-0.00943987	-0.00703065	-0.00444832	-0.00138928	0.00222615	0.00578677	0.00920489	0.0123964	0.0152826	0.0177925	
0.0198643	0.0221057	0.0238028	0.0249138	0.0254113	0.0252832	0.0245324	0.0231776	0.0212521	0.0188033	0.0158915	0.0134028	0.0105841	0.00750485	0.00424077	0.000872269	-0.00251771	-0.0058457	-0.00902974	-0.0119914	-0.0146579	-0.0159541	-0.0168576	-0.0173459	-0.0174071	-0.0170397	-0.0162527	-0.0150655	-0.0135074	-0.0116166	-0.00943987	-0.00703065	-0.00444832	-0.00138928	0.00222615	0.00578677	0.00920489	0.0123964	0.0152826	0.0177925	
0.0198643	0.0221057	0.0238028	0.0249138	0.0254113	0.0252832	0.0245324	0.0231776	0.0212521	0.0188033	0.0158915	0.0134028	0.0105841	0.00750485	0.00424077	0.000872269	-0.00251771	-0.0058457	-0.00902974	-0.0119914	-0.0146579	-0.0159541	-0.0168576	-0.0173459	-0.0174071	-0.0170397	-0.0162527	-0.0150655	-0.0135074	-0.0116166	-0.00943987	-0.00703065	-0.00444832	-0.00138928	0.00222615	0.00578677	0.00920489	0.0123964	0.0152826	0.0177925	
0.0198643	0.0221057	0.0238028	0.0249138	0.0254113	0.0252832	0.0245324	0.0231776	0.0212521	0.0188033	0.0158915	0.0134028	0.0105841	0.00750485	0.00424077	0.000872269	-0.00251771	-0.0058457	-0.00902974	-0.0119914	-0.0146579	-0.0159541	-0.0168576	-0.0173459	-0.0174071	-0.0170397	-0.0162527	-0.0150655	-0.0135074	-0.0116166	-0.00943987	-0.00703065	-0.00444832	-0.00138928	0.00222615	0.00578677	0.00920489	0.0123964	0.0152826	0.0177925	
0.0158915	0.0188033	0.0212521	0.0231776	0.0245324	0.0252832	0.0254113	0.0249138	0.0238028	0.0221057	0.0198643	0.0177925	0.0152826	0.0123964	0.00920489	0.00578677	0.00222615	-0.00138928	-0.00444832	-0.00703065	-0.00943987	-0.0116166	-0.0135074	-0.0150655	-0.0162527	-0.0170397	-0.0174071	-0.0173459	-0.0168576	-0.0159541	-0.0146579	-0.0119914	-0.00902974	-0.0058457	-0.00251771	0.000872269	0.00424077	0.00750485	0.0105841	0.0134028	
0.0158915	0.0176846	0.0190423	0.0199311	0.0203291	0.0202265	0.0203291	0.0199311	0.0190423	0.0176846	0.0158915	0.0141277	0.0120161	0.0096086	0.00696452	0.00414894	0.0012312	-0.00171686	-0.00444832	-0.00697038	-0.00932081	-0.0110333	-0.0124741	-0.0136078	-0.0144064	-0.0148502	-0.0144064	-0.0136078	-0.0124741	-0.0110333	-0.00932081	-0.00697038	-0.00444832	-0.00171686	0.0012312	0.00414894	0.00696452	0.0096086	0.0120161	0.0141277	
0.0158915	0.0176846	0.0190423	0.0199311	0.0203291	0.0202265	0.0203291	0.0199311	0.0190423	0.0176846	0.0158915	0.0141277	0.0120161	0.0096086	0.00696452	0.00414894	0.0012312	-0.00171686	-0.00444832	-0.00697038	-0.00932081	-0.0110333	-0.0124741	-0.0136078	-0.0144064	-0.0148502	-0.0144064	-0.0136078	-0.0124741	-0.0110333	-0.00932081	-0.00697038	-0.00444832	-0.00171686	0.0012312	0.00414894	0.00696452	0.0096086	0.0120161	0.0141277	
0.0158915	0.0176846	0.0190423	0.0199311	0.0203291	0.0202265	0.0203291	0.0199311	0.0190423	0.0176846	0.0158915	0.0141277	0.0120161	0.0096086	0.00696452	0.00414894	0.0012312	-0.00171686	-0.00444832	-0.00697038	-0.00932081	-0.0110333	-0.0124741	-0.0136078	-0.0144064	-0.0148502	-0.0144064	-0.0136078	-0.0124741	-0.0110333	-0.00932081	-0.00697038	-0.00444832	-0.00171686	0.0012312	0.00414894	0.00696452	0.0096086	0.0120161	0.0141277	
0.0158915	0.0176846	0.0190423	0.0199311	0.0203291	0.0202265	0.0203291	0.0199311	0.0190423	0.0176846	0.0158915	0.0141277	0.0120161	0.0096086	0.00696452	0.00414894	0.0012312	-0.00171686	-0.00444832	-0.00697038	-0.00932081	-0.0110333	-0.0124741	-0.0136078	-0.0144064	-0.0148502	-0.0144064	-0.0136078	-0.0124741	-0.0110333	-0.00932081	-0.00697038	-0.00444832	-0.00171686	0.0012312	0.00414894	0.00696452	0.0096086	0.0120161	0.0141277	
0.0158915	0.0176846	0.0190423	0.0199311	0.0203291	0.0202265	0.0203291	0.0199311	0.0190423	0.0176846	0.0158915	0.0141277	0.0120161	0.0096086	0.00696452	0.00414894	0.0012312	-0.00171686	-0.00444832	-0.00697038	-0.00932081	-0.0110333	-0.0124741	-0.0136078	-0.0144064	-0.0148502	-0.0144064	-0.0136078	-0.0124741	-0.0110333	-0.00932081	-0.00697038	-0.00444832	-0.00171686	0.0012312	0.00414894	0.00696452	0.0096086	0.0120161	0.0141277	
0.0158915	0.0188033	0.0212521	0.0231776	0.0245324	0.0252832	0.0254113	0.0249138	0.0238028	0.0221057	0.0198643	0.0177925	0.0152826	0.0123964	0.00920489	0.00578677	0.00222615	-0.00138928	-0.00444832	-0.00703065	-0.00943987	-0.0116166	-0.0135074	-0.0150655	-0.0162527	-0.0170397	-0.0174071	-0.0173459	-0.0168576	-0.0159541	-0.0146579	-0.0119914	-0.00902974	-0.0058457	-0.00251771	0.000872269	0.00424077	0.00750485	0.0105841	0.0134028	
0.0158915	0.0176846	0.0190423	0.0199311	0.0203291	0.0202265	0.0203291	0.0199311	0.0190423	0.0176846	0.0158915	0.0141277	0.0120161	0.0096086	0.00696452	0.00414894	0.0012312	-0.00171686	-0.00444832	-0.00697038	-0.00932081	-0.0110333	-0.0124741	-0.0136078	-0.0144064	-0.0148502	-0.0144064	-0.0136078	-0.0124741	-0.0110333	-0.00932081	-0.00697038	-0.00444832	-0.00171686	0.0012312	0.00414894	0.00696452	0.0096086	0.0120161	0.0141277	
0.0158915	0.0176846	0.0190423	0.0199311	0.0203291	0.0202265	0.0203291	0.0199311	0.0190423	0.0176846	0.0158915	0.0141277	0.0120161	0.0096086	0.00696452	0.00414894	0.0012312	-0.00171686	-0.00444832	-0.00697038	-0.00932081	-0.0110333	-0.0124741	-0.0136078	-0.0144064	-0.0148502	-0.0144064	-0.0136078	-0.0124741	-0.0110333	-0.00932081	-0.00697038	-0.00444832	-0.00171686	0.0012312	0.00414894	0.00696452	0.0096086	0.0120161	0.0141277	
0.0158915	0.0176846	0.0190423	0.0199311	0.0203291	0.0202265	0.0203291	0.0199311	0.0190423	0.0176846	0.0158915	0.0141277	0.0120161	0.0096086	0.00696452	0.00414894	0.0012312	-0.00171686	-0.00444832	-0.00697038	-0.00932081	-0.0110333	-0.0124741	-0.0136078	-0.0144064	-0.0148502	-0.0144064	-0.0136078	-0.0124741	-0.0110333	-0.00932081	-0.00697038	-0.00444832	-0.00171686	0.0012312	0.00414894	0.00696452	0.0096086	0.0120161	0.0141277	
0.0158915	0.0176846	0.0190423	0.0199311	0.0203291	0.0202265	0.0203291	0.0199311	0.0190423	0.0176846	0.0158915	0.0141277	0.0120161	0.0096086	0.00696452	0.00414894	0.0012312	-0.00171686	-0.00444832	-0.00697038	-0.00932081	-0.0110333	-0.0124741	-0.0136078	-0.0144064	-0.0148502	-0.0144064	-0.0136078	-0.0124741	-0.0110333	-0.00932081	-0.00697038	-0.00444832	-0.00171686	0.0012312	0.00414894	0.00696452	0.0096086	0.0120161	0.0141277	
0.0158915	0.0176846	0.0190423	0.0199311	0.0203291	0.0202265	0.0203291	0.0199311	0.0190423	0.0176846	0.0158915	0.0141277	0.0120161	0.0096086	0.00696452	0.00414894	0.0012312	-0.00171686	-0.00444832	-0.00697038	-0.00932081	-0.0110333	-0.0124741	-0.0136078	-0.0144064	-0.0148502	-0.0144064	-0.0136078	-0.0124741	-0.0110333	-0.00932081	-0.00697038	-0.00444832	-0.00171686	0.0012312	0.00414894	0.00696452	0.0096086	0.0120161	0.0141277	
0.0158915	0.0188033	0.0212521	0.0231776	0.0245324	0.0252832	0.0254113	0.0249138	0.0238028	0.0221057	0.0198643	0.0177925	0.0152826	0.0123964	0.00920489	0.00578677	0.00222615	-0.00138928	-0.00444832	-0.00703065	-0.00943987	-0.0116166	-0.0135074	-0.0150655	-0.0162527	-0.0170397	-0.0174071	-0.0173459	-0.0168576	-0.0159541	-0.0146579	-0.0119914	-0.00902974	-0.0058457	-0.00251771	0.000872269	0.00424077	0.00750485	0.0105841	0.0134028	
0.0158915	0.0176846	0.0190423	0.0199311	0.0203291	0.0202265	0.0203291	0.0199311	0.0190423	0.0176846	0.0158915	0.0141277	0.0120161	0.0096086	0.00696452	0.00414894	0.0012312	-0.00171686	-0.00444832	-0.00697038	-0.00932081	-0.0110333	-0.0124741	-0.0136078	-0.0144064	-0.0148502	-0.0144064	-0.0136078	-0.0124741	-0.0110333	-0.00932081	-0.00697038	-0.00444832	-0.00171686	0.0012312	0.00414894	0.00696452	0.0096086	0.0120161	0.0141277	
0.0158915	0.0176846	0.0190423	0.0199311	0.0203291	0.0202265	0.0203291	0.0199311	0.0190423	0.0176846	0.0158915	0.0141277	0.0120161	0.0096086	0.00696452	0.00414894	0.0012312	-0.00171686	-0.00444832	-0.00697038	-0.00932081	-0.0110333	-0.0124741	-0.0136078	-0.0144064	-0.0148502	-0.0144064	-0.0136078	-0.0124741	-0.0110333	-0.00932081	-0.00697038	-0.00444832	-0.00171686	0.0012312	0.00414894	0.00696452	0.0096086	0.0120161	0.0141277	
0.0158915	0.0176846	0.0190423	0.0199311	0.0203291	0.0202265	0.0203291	0.0199311	0.0190423	0.0176846	0.0158915	0.0141277	0.0120161	0.0096086	0.00696452	0.00414894	0.0012312	-0.00171686	-0.00444832	-0.00697038	-0.00932081	-0.0110333	-0.0124741	-0.0136078	-0.0144064	-0.0148502	-0.0144064	-0.0136078	-0.0124741	-0.0110333	-0.00932081	-0.00697038	-0.00444832	-0.00171686	0.0012312	0.00414894	0.00696452	0.0096086	0.0120161	0.0141277	
0.0158915	0.0176846	0.0190423	0.0199311	0.0203291	0.0202265	0.0203291	0.0199311	0.0190423	0.0176846	0.0158915	0.0141277	0.0120161	0.0096086	0.00696452	0.00414894	0.0012312	-0.00171686	-0.00444832	-0.00697038	-0.00932081	-0.0110333	-0.0124741	-0.0136078	-0.0144064	-0.0148502	-0.0144064	-0.0136078	-0.0124741	-0.0110333	-0.00932081	-0.00697038	-0.00444832	-0.00171686	0.0012312	0.00414894	0.00696452	0.0096086	0.0120161	0.0141277	
0.0158915	0.0176846	0.0190423	0.0199311	0.0203291	0.0202265	0.0203291	0.0199311	0.0190423	0.0176846	0.0158915	0.0141277	0.0120161	0.0096086	0.00696452	0.00414894	0.0012312	-0.00171686	-0.00444832	-0.00697038	-0.00932081	-0.0110333	-0.0124741	-0.0136078	-0.0144064	-0.0148502	-0.0144064	-0.0136078	-0.0124741	-0.0110333	-0.00932081	-0.00697038	-0.00444832	-0.00171686	0.0012312	0.00414894	0.00696452	0.0096086	0.0120161	0.0141277	
0.0158915	0.0188033	0.0212521	0.0231776	0.0245324	0.0252832	0.0254113	0.0249138	0.0238028	0.0221057	0.0198643	0.0177925	0.0152826	0.0123964	0.00920489	0.00578677	0.00222615	-0.00138928	-0.00444832	-0.00703065	-0.00943987	-0.0116166	-0.0135074	-0.0150655	-0.0162527	-0.0170397	-0.0174071	-0.0173459	-0.0168576	-0.0159541	-0.0146579	-0.0119914	-0.00902974	-0.0058457	-0.00251771	0.000872269	0.00424077	0.00750485	0.0105841	0.0134028	
0.0158915	0.0176846	0.0190423	0.0199311	0.0203291	0.0202265	0.0203291	0.0199311	0.0190423	0.0176846	0.0158915	0.0141277	0.0120161	0.0096086	0.00696452	0.00414894	0.0012312	-0.00171686	-0.00444832	-0.00697038	-0.00932081	-0.0110333	-0.0124741	-0.0136078	-0.0144064	-0.0148502	-0.0144064	-0.0136078	-0.0124741	-0.0110333	-0.00932081	-0.00697038	-0.00444832	-0.00171686	0.0012312	0.00414894	0.00696452	0.0096086	0.0120161	0.0141277	
0.0158915	0.0176846	0.0190423	0.0199311	0.0203291	0.0202265	0.0203291	0.0199311	0.0190423	0.0176846	0.0158915	0.0141277	0.0120161	0.0096086	0.00696452	0.00414894	0.0012312	-0.00171686	-0.00444832	-0.00697038	-0.00932081	-0.0110333	-0.0124741	-0.0136078	-0.0144064	-0.0148502	-0.0144064	-0.0136078	-0.0124741	-0.0110333	-0.00932081	-0.00697038	-0.00444832	-0.00171686	0.0012312	0.00414894	0.00696452	0.0096086	0.0120161	0.0141277	
0.0158915	0.0176846	0.0190423	0.0199311	0.0203291	0.0202265	0.0203291	0.0199311	0.0190423	0.0176846	0.0158915	0.0141277	0.0120161	0.0096086	0.00696452	0.00414894	0.0012312	-0.00171686	-0.00444832	-0.00697038	-0.00932081	-0.0110333	-0.0124741	-0.0136078	-0.0144064	-0.0148502	-0.0144064	-0.0136078	-0.0124741	-0.0110333	-0.00932081	-0.00697038	-0.00444832	-0.00171686	0.0012312	0.00414894	0.00696452	0.0096086	0.0120161	0.0141277	
0.0158915	0.0176846	0.0190423	0.0199311	0.0203291	0.0202265	0.0203291	0.0199311	0.0190423	0.0176846	0.0158915	0.0141277	0.0120161	0.0096086	0.00696452	0.00414894	0.0012312	-0.00171686	-0.00444832	-0.00697038	-0.00932081	-0.0110333	-0.0124741	-0.0136078	-0.0144064	-0.0148502	-0.0144064	-0.0136078	-0.0124741	-0.0110333	-0.00932081	-0.00697038	-0.00444832	-0.00171686	0.0012312	0.00414894	0.00696452	0.0096086	0.0120161	0.0141277	
0.0158915	0.0176846	0.0190423	0.0199311	0.0203291	0.0202265	0.0203291	0.0199311	0.0190423	0.0176846	0.0158915	0.0141277	0.0120161	0.0096086	0.00696452	0.00414894	0.0012312	-0.00171686	-0.00444832	-0.00697038	-0.00932081	-0.0110333	-0.0124741	-0.0136078	-0.0144064	-0.0148502	-0.0144064	-0.0136078	-0.0124741	-0.0110333	-0.00932081	-0.00697038	-0.00444832	-0.00171686	0.0012312	0.00414894	0.00696452	0.0096086	0.0120161	0.0141277	
0.0158915	0.0188033	0.0212521	0.0231776	0.0245324	0.0252832	0.0254113	0.0249138	0.0238028	0.0221057	0.0198643	0.0177925	0.0152826	0.0123964	0.00920489	0.00578677	0.00222615	-0.00138928	-0.00444832	-0.00703065	-0.00943987	-0.0116166	-0.0135074	-0.0150655	-0.0162527	-0.0170397	-0.0174071	-0.0173459	-0.0168576	-0.0159541	-0.0146579	-0.0119914	-0.00902974	-0.0058457	-0.00251771	0.000872269	0.00424077	0.00750485	0.0105841	0.0134028	
0.0158915	0.0176846	0.0190423	0.0199311	0.0203291	0.0202265	0.0203291	0.0199311	0.0190423	0.0176846	0.0158915	0.0141277	0.0120161	0.0096086	0.00696452	0.00414894	0.0012312	-0.00171686	-0.00444832	-0.00697038	-0.00932081	-0.0110333	-0.0124741	-0.0136078	-0.0144064	-0.0148502	-0.0144064	-0.0136078	-0.0124741	-0.0110333	-0.00932081	-0.00697038	-0.00444832	-0.00171686	0.0012312	0.00414894	0.00696452	0.0096086	0.0120161	0.0141277	
0.0158915	0.0176846	0.0190423	0.0199311	0.0203291	0.0202265	0.0203291	0.0199311	0.0190423	0.0176846	0.0158915	0.0141277	0.0120161	0.0096086	0.00696452	0.00414894	0.0012312	-0.00171686	-0.00444832	-0.00697038	-0.00932081	-0.0110333	-0.0124741	-0.0136078	-0.0144064	-0.0148502	-0.0144064	-0.0136078	-0.0124741	-0.0110333	-0.00932081	-0.00697038	-0.00444832	-0.00171686	0.0012312	0.00414894	0.00696452	0.0096086	0.0120161	0.0141277	
0.0158915	0.0176846	0.0190423	0.0199311	0.0203291	0.0202265	0.0203291	0.0199311	0.0190423	0.0176846	0.0158915	0.0141277	0.0120161	0.0096086	0.00696452	0.00414894	0.0012312	-0.00171686	-0.00444832	-0.00697038	-0.00932081	-0.0110333	-0.0124741	-0.0136078	-0.0144064	-0.0148502	-0.0144064	-0.0136078	-0.0124741	-0.0110333	-0.00932081	-0.00697038	-0.00444832	-0.00171686	0.0012312	0.00414894	0.00696452	0.0096086	0.0120161	0.0141277	
0.0158915	0.0176846	0.0190423	0.0199311	0.0203291	0.0202265	0.0203291	0.0199311	0.0190423	0.0176846	0.0158915	0.0141277	0.0120161	0.0096086	0.00696452	0.00414894	0.0012312	-0.00171686	-0.00444832	-0.00697038	-0.00932081	-0.0110333	-0.0124741	-0.0136078	-0.0144064	-0.0148502	-0.0144064	-0.0136078	-0.0124741	-0.0110333	-0.00932081	-0.00697038	-0.00444832	-0.00171686	0.0012312	0.00414894	0.00696452	0.0096086	0.0120161	0.0141277	
0.0158915	0.0176846	0.0190423	0.0199311	0.0203291	0.0202265	0.0203291	0.0199311	0.0190423	0.0176846	0.0158915	0.0141277	0.0120161	0.0096086	0.00696452	0.00414894	0.0012312	-0.00171686	-0.00444832	-0.00697038	-0.00932081	-0.0110333	-0.0124741	-0.0136078	-0.0144064	-0.0148502	-0.0144064	-0.0136078	-0.0124741	-0.0110333	-0.00932081	-0.00697038	-0.00444832	-0.00171686	0.0012312	0.00414894	0.00696452	0.0096086	0.0120161	0.0141277	
