-5.29952	-6.23642	-6.98382	-7.51903	-7.82425	-7.82425	-7.51903	-6.98382	-6.23642	-5.29952	-4.2016	-2.96715	-1.63779	-0.258666	1.12832	2.49583	3.79486	4.97858	6.01103	6.96351	7.70441	8.21122	8.46853	8.46853	8.21122	7.70441	6.96351	6.01103	4.97858	3.79486	2.49583	1.12832	-0.258666	-1.63779	-2.96715	-4.2016	
-5.17999	-5.10216	-4.86931	-4.4885	-3.96366	-3.23792	-2.35835	-1.40101	-0.401093	0.611008	1.60455	2.55302	3.43271	4.21563	4.89092	5.42833	5.80081	5.99703	6.01103	5.92058	5.65024	5.20822	4.60795	3.86767	3.00987	2.06062	1.04876	0.00502974	-0.894543	-1.76694	-2.58564	-3.32578	-3.96487	-4.48349	-4.86588	-5.10042	
-5.22568	-5.13605	-4.89036	-4.49608	-3.96366	-3.23792	-2.35835	-1.40101	-0.401093	0.611008	1.60877	2.57704	3.47176	4.26618	4.94234	5.46833	5.82817	6.01092	6.01103	5.92058	5.65024	5.20822	4.60795	3.86767	3.00987	2.06062	1.04876	0.00502974	-0.908782	-1.79498	-2.62664	-3.37849	-4.02769	-4.5545	-4.9307	-5.15653	
-5.24805	-5.15345	-4.90227	-4.50213	-3.96366	-3.23792	-2.35835	-1.40048	-0.385016	0.642149	1.6498	2.61619	3.50785	4.29291	4.95948	5.48166	5.83729	6.01555	6.01103	5.92058	5.65024	5.20822	4.60795	3.86767	3.00987	2.06062	1.04876	0.00502974	-0.908782	-1.79498	-2.62664	-3.37849	-4.02769	-4.5545	-4.94294	-5.18118	
-5.25924	-5.16215	-4.90822	-4.50515	-3.96366	-3.23792	-2.35535	-1.38091	-0.364499	0.662983	1.67032	2.63577	3.52589	4.30887	4.96805	5.48833	5.84185	6.01786	6.01103	5.92058	5.65024	5.20822	4.60795	3.86767	3.00987	2.06062	1.04876	0.00502974	-0.923427	-1.81033	-2.64222	-3.39383	-4.04232	-4.56799	-4.95486	-5.19118	
-5.26595	-5.16738	-4.91179	-4.50696	-3.96366	-3.23792	-2.34453	-1.36916	-0.352189	0.675483	1.68263	2.64752	3.53671	4.31845	4.9732	5.49233	5.84458	6.01925	6.01103	5.92058	5.65024	5.20822	4.60795	3.86767	3.00987	2.06062	1.04876	0.00502974	-0.936566	-1.82454	-2.65665	-3.40805	-4.05588	-4.58049	-4.96592	-5.20046	
0.611008	-0.401093	-1.40101	-2.35835	-3.23792	-3.96366	-4.4885	-4.86931	-5.10216	-5.17999	-5.10042	-4.86588	-4.48349	-3.96487	-3.32578	-2.58564	-1.76694	-0.894543	0.00502974	1.04876	2.06062	3.00987	3.86767	4.60795	5.20822	5.65024	5.92058	6.01103	5.99703	5.80081	5.42833	4.89092	4.21563	3.43271	2.55302	1.60455	
0.650341	0.640194	0.616915	0.574891	0.515399	0.515399	0.574891	0.616915	0.640194	0.650341	0.641334	0.612841	0.565727	0.501423	0.421884	0.329526	0.227156	0.117884	0.00502974	0.00582673	0.00644668	0.00687075	0.00708605	0.00708605	0.00687075	0.00644668	0.00582673	0.00502974	0.117884	0.227156	0.329526	0.421884	0.501423	0.565727	0.612841	0.641334	
0.611008	0.621	0.612124	0.584649	0.545532	0.559829	0.62512	0.674876	0.708201	0.720008	0.709943	0.678306	0.62606	0.554791	0.466665	0.36436	0.250984	0.129981	0.00502974	0.00582673	0.00644668	0.00687075	0.00708605	0.00708605	0.00687075	0.00644668	0.00582673	0.00502974	0.0943835	0.184303	0.275003	0.357347	0.429752	0.490822	0.541602	0.582455	
0.611008	0.627367	0.624665	0.602982	0.569101	0.587918	0.65713	0.71403	0.749235	0.761674	0.750976	0.71746	0.662144	0.586709	0.493448	0.385193	0.265234	0.137217	0.00502974	0.00582673	0.00644668	0.00687075	0.00708605	0.00708605	0.00687075	0.00644668	0.00582673	0.00502974	0.0940362	0.180185	0.26086	0.333608	0.408611	0.471379	0.527351	0.576088	
0.611008	0.630985	0.63179	0.613399	0.582492	0.603877	0.675172	0.733607	0.769752	0.782508	0.771493	0.737037	0.680186	0.602669	0.506839	0.39561	0.27236	0.140834	0.00502974	0.00582673	0.00644668	0.00687075	0.00708605	0.00708605	0.00687075	0.00644668	0.00582673	0.00502974	0.0818808	0.16484	0.24528	0.318268	0.395219	0.460963	0.520225	0.572471	
0.611008	0.633156	0.636066	0.619649	0.590527	0.613453	0.685998	0.745353	0.782062	0.795008	0.783803	0.748783	0.691012	0.612244	0.514874	0.40186	0.276635	0.143005	0.00502974	0.00582673	0.00644668	0.00687075	0.00708605	0.00708605	0.00687075	0.00644668	0.00582673	0.00502974	0.0818808	0.156244	0.230846	0.307892	0.387184	0.454713	0.51595	0.5703	
0.611008	-0.401093	-1.40101	-2.35835	-3.23792	-3.96366	-4.49608	-4.89036	-5.13605	-5.22568	-5.15653	-4.9307	-4.5545	-4.02769	-3.37849	-2.62664	-1.79498	-0.908782	0.00502974	1.04876	2.06062	3.00987	3.86767	4.60795	5.20822	5.65024	5.92058	6.01103	6.01092	5.82817	5.46833	4.94234	4.26618	3.47176	2.57704	1.60877	
0.720008	0.708201	0.674876	0.62512	0.559829	0.545532	0.584649	0.612124	0.621	0.611008	0.582455	0.541602	0.490822	0.429752	0.357347	0.275003	0.184303	0.0943835	0.00502974	0.00582673	0.00644668	0.00687075	0.00708605	0.00708605	0.00687075	0.00644668	0.00582673	0.00502974	0.129981	0.250984	0.36436	0.466665	0.554791	0.62606	0.678306	0.709943	
0.674323	0.674319	0.653826	0.613466	0.559829	0.559829	0.613466	0.653826	0.674319	0.674323	0.653839	0.613488	0.560104	0.491975	0.413956	0.32336	0.222938	0.115742	0.00502974	0.00582673	0.00644668	0.00687075	0.00708605	0.00708605	0.00687075	0.00644668	0.00582673	0.00502974	0.115742	0.222938	0.32336	0.413956	0.491975	0.560104	0.613488	0.653839	
0.651948	0.656914	0.64192	0.607422	0.569101	0.587918	0.649551	0.69298	0.715353	0.71599	0.694873	0.652642	0.59113	0.523894	0.440739	0.344193	0.237189	0.122978	0.00502974	0.00582673	0.00644668	0.00687075	0.00708605	0.00708605	0.00687075	0.00644668	0.00582673	0.00502974	0.115742	0.222938	0.32336	0.413956	0.491975	0.555046	0.601251	0.629188	
0.64076	0.648211	0.635967	0.613399	0.582492	0.603877	0.667593	0.712557	0.73587	0.736823	0.715389	0.672219	0.609172	0.539853	0.454131	0.35461	0.244314	0.126595	0.00502974	0.00582673	0.00644668	0.00687075	0.00708605	0.00708605	0.00687075	0.00644668	0.00582673	0.00502974	0.101097	0.207592	0.30778	0.398616	0.477341	0.541561	0.589327	0.619186	
0.634047	0.642989	0.636066	0.619649	0.590527	0.613453	0.678418	0.724303	0.74818	0.749323	0.7277	0.683965	0.619998	0.549429	0.462165	0.36086	0.248589	0.128766	0.00502974	0.00582673	0.00644668	0.00687075	0.00708605	0.00708605	0.00687075	0.00644668	0.00582673	0.00502974	0.0957726	0.193378	0.293346	0.384402	0.463777	0.529061	0.57827	0.609908	
0.642149	-0.385016	-1.40048	-2.35835	-3.23792	-3.96366	-4.50213	-4.90227	-5.15345	-5.24805	-5.18118	-4.94294	-4.5545	-4.02769	-3.37849	-2.62664	-1.79498	-0.908782	0.00502974	1.04876	2.06062	3.00987	3.86767	4.60795	5.20822	5.65024	5.92058	6.01103	6.01555	5.83729	5.48166	4.95948	4.29291	3.50785	2.61619	1.6498	
0.761674	0.749235	0.71403	0.65713	0.587918	0.569101	0.602982	0.624665	0.627367	0.611008	0.576088	0.527351	0.471379	0.408611	0.333608	0.26086	0.180185	0.0940362	0.00502974	0.00582673	0.00644668	0.00687075	0.00708605	0.00708605	0.00687075	0.00644668	0.00582673	0.00502974	0.137217	0.265234	0.385193	0.493448	0.586709	0.662144	0.71746	0.750976	
0.71599	0.715353	0.69298	0.649551	0.587918	0.569101	0.607422	0.64192	0.656914	0.651948	0.629188	0.601251	0.555046	0.491975	0.413956	0.32336	0.222938	0.115742	0.00502974	0.00582673	0.00644668	0.00687075	0.00708605	0.00708605	0.00687075	0.00644668	0.00582673	0.00502974	0.122978	0.237189	0.344193	0.440739	0.523894	0.59113	0.652642	0.694873	
0.693614	0.697947	0.681074	0.643506	0.587918	0.587918	0.643506	0.681074	0.697947	0.693614	0.670222	0.640405	0.59113	0.523894	0.440739	0.344193	0.237189	0.122978	0.00502974	0.00582673	0.00644668	0.00687075	0.00708605	0.00708605	0.00687075	0.00644668	0.00582673	0.00502974	0.122978	0.237189	0.344193	0.440739	0.523894	0.59113	0.640405	0.670222	
0.682426	0.689245	0.675121	0.640484	0.587918	0.603877	0.661548	0.700651	0.718464	0.714448	0.690739	0.659982	0.609172	0.539853	0.454131	0.35461	0.244314	0.126595	0.00502974	0.00582673	0.00644668	0.00687075	0.00708605	0.00708605	0.00687075	0.00644668	0.00582673	0.00502974	0.108332	0.221843	0.328614	0.425399	0.509259	0.577646	0.628481	0.66022	
0.675713	0.684023	0.671549	0.63867	0.590527	0.613453	0.672373	0.712397	0.730774	0.726948	0.703049	0.671728	0.619998	0.549429	0.462165	0.36086	0.248589	0.128766	0.00502974	0.00582673	0.00644668	0.00687075	0.00708605	0.00708605	0.00687075	0.00644668	0.00582673	0.00502974	0.100403	0.207629	0.31418	0.411185	0.495696	0.565146	0.617424	0.650942	
0.662983	-0.364499	-1.38091	-2.35535	-3.23792	-3.96366	-4.50515	-4.90822	-5.16215	-5.25924	-5.19118	-4.95486	-4.56799	-4.04232	-3.39383	-2.64222	-1.81033	-0.923427	0.00502974	1.04876	2.06062	3.00987	3.86767	4.60795	5.20822	5.65024	5.92058	6.01103	6.01786	5.84185	5.48833	4.96805	4.30887	3.52589	2.63577	1.67032	
0.782508	0.769752	0.733607	0.675172	0.603877	0.582492	0.613399	0.63179	0.630985	0.611008	0.572471	0.520225	0.460963	0.395219	0.318268	0.24528	0.16484	0.0818808	0.00502974	0.00582673	0.00644668	0.00687075	0.00708605	0.00708605	0.00687075	0.00644668	0.00582673	0.00502974	0.140834	0.27236	0.39561	0.506839	0.602669	0.680186	0.737037	0.771493	
0.736823	0.73587	0.712557	0.667593	0.603877	0.582492	0.613399	0.635967	0.648211	0.64076	0.619186	0.589327	0.541561	0.477341	0.398616	0.30778	0.207592	0.101097	0.00502974	0.00582673	0.00644668	0.00687075	0.00708605	0.00708605	0.00687075	0.00644668	0.00582673	0.00502974	0.126595	0.244314	0.35461	0.454131	0.539853	0.609172	0.672219	0.715389	
0.714448	0.718464	0.700651	0.661548	0.603877	0.587918	0.640484	0.675121	0.689245	0.682426	0.66022	0.628481	0.577646	0.509259	0.425399	0.328614	0.221843	0.108332	0.00502974	0.00582673	0.00644668	0.00687075	0.00708605	0.00708605	0.00687075	0.00644668	0.00582673	0.00502974	0.126595	0.244314	0.35461	0.454131	0.539853	0.609172	0.659982	0.690739	
0.70326	0.709761	0.694698	0.658526	0.603877	0.603877	0.658526	0.694698	0.709761	0.70326	0.680736	0.648058	0.595688	0.525218	0.438791	0.33903	0.228969	0.11195	0.00502974	0.00582673	0.00644668	0.00687075	0.00708605	0.00708605	0.00687075	0.00644668	0.00582673	0.00502974	0.11195	0.228969	0.33903	0.438791	0.525218	0.595688	0.648058	0.680736	
0.696547	0.70454	0.691126	0.656712	0.603877	0.613453	0.669351	0.706444	0.722072	0.71576	0.693047	0.659804	0.606513	0.534794	0.446825	0.34528	0.233244	0.114121	0.00502974	0.00582673	0.00644668	0.00687075	0.00708605	0.00708605	0.00687075	0.00644668	0.00582673	0.00502974	0.102719	0.214754	0.324596	0.424576	0.511655	0.583188	0.637001	0.671459	
0.675483	-0.352189	-1.36916	-2.34453	-3.23792	-3.96366	-4.50696	-4.91179	-5.16738	-5.26595	-5.20046	-4.96592	-4.58049	-4.05588	-3.40805	-2.65665	-1.82454	-0.936566	0.00502974	1.04876	2.06062	3.00987	3.86767	4.60795	5.20822	5.65024	5.92058	6.01103	6.01925	5.84458	5.49233	4.9732	4.31845	3.53671	2.64752	1.68263	
0.795008	0.782062	0.745353	0.685998	0.613453	0.590527	0.619649	0.636066	0.633156	0.611008	0.5703	0.51595	0.454713	0.387184	0.307892	0.230846	0.156244	0.0818808	0.00502974	0.00582673	0.00644668	0.00687075	0.00708605	0.00708605	0.00687075	0.00644668	0.00582673	0.00502974	0.143005	0.276635	0.40186	0.514874	0.612244	0.691012	0.748783	0.783803	
0.749323	0.74818	0.724303	0.678418	0.613453	0.590527	0.619649	0.636066	0.642989	0.634047	0.609908	0.57827	0.529061	0.463777	0.384402	0.293346	0.193378	0.0957726	0.00502974	0.00582673	0.00644668	0.00687075	0.00708605	0.00708605	0.00687075	0.00644668	0.00582673	0.00502974	0.128766	0.248589	0.36086	0.462165	0.549429	0.619998	0.683965	0.7277	
0.726948	0.730774	0.712397	0.672373	0.613453	0.590527	0.63867	0.671549	0.684023	0.675713	0.650942	0.617424	0.565146	0.495696	0.411185	0.31418	0.207629	0.100403	0.00502974	0.00582673	0.00644668	0.00687075	0.00708605	0.00708605	0.00687075	0.00644668	0.00582673	0.00502974	0.128766	0.248589	0.36086	0.462165	0.549429	0.619998	0.671728	0.703049	
0.71576	0.722072	0.706444	0.669351	0.613453	0.603877	0.656712	0.691126	0.70454	0.696547	0.671459	0.637001	0.583188	0.511655	0.424576	0.324596	0.214754	0.102719	0.00502974	0.00582673	0.00644668	0.00687075	0.00708605	0.00708605	0.00687075	0.00644668	0.00582673	0.00502974	0.114121	0.233244	0.34528	0.446825	0.534794	0.606513	0.659804	0.693047	
0.709047	0.71685	0.702872	0.667538	0.613453	0.613453	0.667538	0.702872	0.71685	0.709047	0.683769	0.648747	0.594013	0.521231	0.432611	0.330846	0.219029	0.104108	0.00502974	0.00582673	0.00644668	0.00687075	0.00708605	0.00708605	0.00687075	0.00644668	0.00582673	0.00502974	0.104108	0.219029	0.330846	0.432611	0.521231	0.594013	0.648747	0.683769	
