0.019884	0.022129	0.0238291	0.0249425	0.0254417	0.0253145	0.0254417	0.0249425	0.0238291	0.022129	0.019884	0.0382087	0.0555926	0.0721642	0.0872691	0.100225	0.110713	0.118476	0.12332	0.125129	0.123856	0.141706	0.156068	0.166586	0.173002	0.175159	0.173002	0.166586	0.156068	0.141706	0.123856	0.125129	0.12332	0.118476	0.110713	0.100225	0.0872691	0.0721642	0.0555926	0.0382087	
0.019884	0.022129	0.0238291	0.0249425	0.0254417	0.0253145	0.0245639	0.0232084	0.0212816	0.0188306	0.015916	0.0339767	0.0512008	0.0671641	0.0814737	0.0937771	0.103771	0.11121	0.115911	0.118871	0.123856	0.141706	0.156068	0.166586	0.173002	0.175159	0.173002	0.166586	0.156068	0.141706	0.123856	0.125442	0.123938	0.119384	0.111889	0.101639	0.0888872	0.0739462	0.0571844	0.0390145	
0.019884	0.022129	0.0238291	0.0249425	0.0254417	0.0253145	0.0245639	0.0232084	0.0212816	0.0188306	0.015916	0.0339767	0.0512008	0.0671641	0.0814737	0.0937771	0.103771	0.11121	0.115911	0.118224	0.123856	0.141706	0.156068	0.166586	0.173002	0.175159	0.173002	0.166586	0.156068	0.141706	0.123856	0.125442	0.123938	0.119384	0.111889	0.101639	0.0888872	0.0739462	0.0571844	0.0390145	
0.019884	0.022129	0.0238291	0.0249425	0.0254417	0.0253145	0.0245639	0.0232084	0.0212816	0.0188306	0.015916	0.0339767	0.0512008	0.0671641	0.0814737	0.0937771	0.103771	0.11121	0.115911	0.118224	0.123856	0.141706	0.156068	0.166586	0.173002	0.175159	0.173002	0.166586	0.156068	0.141706	0.123856	0.125442	0.123938	0.119384	0.111889	0.101639	0.0888872	0.0739462	0.0571844	0.0390145	
0.019884	0.022129	0.0238291	0.0249425	0.0254417	0.0253145	0.0245639	0.0232084	0.0212816	0.0188306	0.015916	0.0339767	0.0512008	0.0671641	0.0814737	0.0937771	0.103771	0.11121	0.115911	0.118224	0.123856	0.141706	0.156068	0.166586	0.173002	0.175159	0.173002	0.166586	0.156068	0.141706	0.123856	0.125442	0.123938	0.119384	0.111889	0.101639	0.0888872	0.0739462	0.0571844	0.0390145	
0.019884	0.022129	0.0238291	0.0249425	0.0254417	0.0253145	0.0245639	0.0232084	0.0212816	0.0188306	0.015916	0.0339767	0.0512008	0.0671641	0.0814737	0.0937771	0.103771	0.11121	0.115911	0.118224	0.123856	0.141706	0.156068	0.166586	0.173002	0.175159	0.173002	0.166586	0.156068	0.141706	0.123856	0.125442	0.123938	0.119384	0.111889	0.101639	0.0888872	0.0739462	0.0571844	0.0390145	
0.015916	0.0188306	0.0212816	0.0232084	0.0245639	0.0253145	0.0254417	0.0249425	0.0238291	0.022129	0.019884	0.0390145	0.0571844	0.0739462	0.0888872	0.101639	0.111889	0.119384	0.123938	0.125442	0.123856	0.141706	0.156068	0.166586	0.173002	0.175159	0.173002	0.166586	0.156068	0.141706	0.123856	0.118871	0.115911	0.11121	0.103771	0.0937771	0.0814737	0.0671641	0.0512008	0.0339767	
0.015916	0.0177119	0.0190717	0.0199619	0.0203605	0.0202578	0.0203605	0.0199619	0.0190717	0.0177119	0.015916	0.0350954	0.0534106	0.0704107	0.085677	0.0988337	0.109557	0.117582	0.122712	0.124821	0.123856	0.141706	0.156068	0.166586	0.173002	0.175159	0.173002	0.166586	0.156068	0.141706	0.123856	0.124821	0.122712	0.117582	0.109557	0.0988337	0.085677	0.0704107	0.0534106	0.0350954	
0.015916	0.0177119	0.0190717	0.0199619	0.0203605	0.0202578	0.0203605	0.0199619	0.0190717	0.0177119	0.015916	0.0350954	0.0534106	0.0704107	0.085677	0.0988337	0.109557	0.117582	0.122712	0.124821	0.123856	0.141706	0.156068	0.166586	0.173002	0.175159	0.173002	0.166586	0.156068	0.141706	0.123856	0.124821	0.122712	0.117582	0.109557	0.0988337	0.085677	0.0704107	0.0534106	0.0350954	
0.015916	0.0177119	0.0190717	0.0199619	0.0203605	0.0202578	0.0203605	0.0199619	0.0190717	0.0177119	0.015916	0.0350954	0.0534106	0.0704107	0.085677	0.0988337	0.109557	0.117582	0.122712	0.124821	0.123856	0.141706	0.156068	0.166586	0.173002	0.175159	0.173002	0.166586	0.156068	0.141706	0.123856	0.124821	0.122712	0.117582	0.109557	0.0988337	0.085677	0.0704107	0.0534106	0.0350954	
0.015916	0.0177119	0.0190717	0.0199619	0.0203605	0.0202578	0.0203605	0.0199619	0.0190717	0.0177119	0.015916	0.0350954	0.0534106	0.0704107	0.085677	0.0988337	0.109557	0.117582	0.122712	0.124821	0.123856	0.141706	0.156068	0.166586	0.173002	0.175159	0.173002	0.166586	0.156068	0.141706	0.123856	0.124821	0.122712	0.117582	0.109557	0.0988337	0.085677	0.0704107	0.0534106	0.0350954	
0.015916	0.0177119	0.0190717	0.0199619	0.0203605	0.0202578	0.0203605	0.0199619	0.0190717	0.0177119	0.015916	0.0350954	0.0534106	0.0704107	0.085677	0.0988337	0.109557	0.117582	0.122712	0.124821	0.123856	0.141706	0.156068	0.166586	0.173002	0.175159	0.173002	0.166586	0.156068	0.141706	0.123856	0.124821	0.122712	0.117582	0.109557	0.0988337	0.085677	0.0704107	0.0534106	0.0350954	
0.015916	0.0188306	0.0212816	0.0232084	0.0245639	0.0253145	0.0254417	0.0249425	0.0238291	0.022129	0.019884	0.0390145	0.0571844	0.0739462	0.0888872	0.101639	0.111889	0.119384	0.123938	0.125442	0.123856	0.141706	0.156068	0.166586	0.173002	0.175159	0.173002	0.166586	0.156068	0.141706	0.123856	0.118224	0.115911	0.11121	0.103771	0.0937771	0.0814737	0.0671641	0.0512008	0.0339767	
0.015916	0.0177119	0.0190717	0.0199619	0.0203605	0.0202578	0.0203605	0.0199619	0.0190717	0.0177119	0.015916	0.0350954	0.0534106	0.0704107	0.085677	0.0988337	0.109557	0.117582	0.122712	0.124821	0.123856	0.141706	0.156068	0.166586	0.173002	0.175159	0.173002	0.166586	0.156068	0.141706	0.123856	0.124821	0.122712	0.117582	0.109557	0.0988337	0.085677	0.0704107	0.0534106	0.0350954	
0.015916	0.0177119	0.0190717	0.0199619	0.0203605	0.0202578	0.0203605	0.0199619	0.0190717	0.0177119	0.015916	0.0350954	0.0534106	0.0704107	0.085677	0.0988337	0.109557	0.117582	0.122712	0.124821	0.123856	0.141706	0.156068	0.166586	0.173002	0.175159	0.173002	0.166586	0.156068	0.141706	0.123856	0.124821	0.122712	0.117582	0.109557	0.0988337	0.085677	0.0704107	0.0534106	0.0350954	
0.015916	0.0177119	0.0190717	0.0199619	0.0203605	0.0202578	0.0203605	0.0199619	0.0190717	0.0177119	0.015916	0.0350954	0.0534106	0.0704107	0.085677	0.0988337	0.109557	0.117582	0.122712	0.124821	0.123856	0.141706	0.156068	0.166586	0.173002	0.175159	0.173002	0.166586	0.156068	0.141706	0.123856	0.124821	0.122712	0.117582	0.109557	0.0988337	0.085677	0.0704107	0.0534106	0.0350954	
0.015916	0.0177119	0.0190717	0.0199619	0.0203605	0.0202578	0.0203605	0.0199619	0.0190717	0.0177119	0.015916	0.0350954	0.0534106	0.0704107	0.085677	0.0988337	0.109557	0.117582	0.122712	0.124821	0.123856	0.141706	0.156068	0.166586	0.173002	0.175159	0.173002	0.166586	0.156068	0.141706	0.123856	0.124821	0.122712	0.117582	0.109557	0.0988337	0.085677	0.0704107	0.0534106	0.0350954	
0.015916	0.0177119	0.0190717	0.0199619	0.0203605	0.0202578	0.0203605	0.0199619	0.0190717	0.0177119	0.015916	0.0350954	0.0534106	0.0704107	0.085677	0.0988337	0.109557	0.117582	0.122712	0.124821	0.123856	0.141706	0.156068	0.166586	0.173002	0.175159	0.173002	0.166586	0.156068	0.141706	0.123856	0.124821	0.122712	0.117582	0.109557	0.0988337	0.085677	0.0704107	0.0534106	0.0350954	
0.015916	0.0188306	0.0212816	0.0232084	0.0245639	0.0253145	0.0254417	0.0249425	0.0238291	0.022129	0.019884	0.0390145	0.0571844	0.0739462	0.0888872	0.101639	0.111889	0.119384	0.123938	0.125442	0.123856	0.141706	0.156068	0.166586	0.173002	0.175159	0.173002	0.166586	0.156068	0.141706	0.123856	0.118224	0.115911	0.11121	0.103771	0.0937771	0.0814737	0.0671641	0.0512008	0.0339767	
0.015916	0.0177119	0.0190717	0.0199619	0.0203605	0.0202578	0.0203605	0.0199619	0.0190717	0.0177119	0.015916	0.0350954	0.0534106	0.0704107	0.085677	0.0988337	0.109557	0.117582	0.122712	0.124821	0.123856	0.141706	0.156068	0.166586	0.173002	0.175159	0.173002	0.166586	0.156068	0.141706	0.123856	0.124821	0.122712	0.117582	0.109557	0.0988337	0.085677	0.0704107	0.0534106	0.0350954	
0.015916	0.0177119	0.0190717	0.0199619	0.0203605	0.0202578	0.0203605	0.0199619	0.0190717	0.0177119	0.015916	0.0350954	0.0534106	0.0704107	0.085677	0.0988337	0.109557	0.117582	0.122712	0.124821	0.123856	0.141706	0.156068	0.166586	0.173002	0.175159	0.173002	0.166586	0.156068	0.141706	0.123856	0.124821	0.122712	0.117582	0.109557	0.0988337	0.085677	0.0704107	0.0534106	0.0350954	
0.015916	0.0177119	0.0190717	0.0199619	0.0203605	0.0202578	0.0203605	0.0199619	0.0190717	0.0177119	0.015916	0.0350954	0.0534106	0.0704107	0.085677	0.0988337	0.109557	0.117582	0.122712	0.124821	0.123856	0.141706	0.156068	0.166586	0.173002	0.175159	0.173002	0.166586	0.156068	0.141706	0.123856	0.124821	0.122712	0.117582	0.109557	0.0988337	0.085677	0.0704107	0.0534106	0.0350954	
0.015916	0.0177119	0.0190717	0.0199619	0.0203605	0.0202578	0.0203605	0.0199619	0.0190717	0.0177119	0.015916	0.0350954	0.0534106	0.0704107	0.085677	0.0988337	0.109557	0.117582	0.122712	0.124821	0.123856	0.141706	0.156068	0.166586	0.173002	0.175159	0.173002	0.166586	0.156068	0.141706	0.123856	0.124821	0.122712	0.117582	0.109557	0.0988337	0.085677	0.0704107	0.0534106	0.0350954	
0.015916	0.0177119	0.0190717	0.0199619	0.0203605	0.0202578	0.0203605	0.0199619	0.0190717	0.0177119	0.015916	0.0350954	0.0534106	0.0704107	0.085677	0.0988337	0.109557	0.117582	0.122712	0.124821	0.123856	0.141706	0.156068	0.166586	0.173002	0.175159	0.173002	0.166586	0.156068	0.141706	0.123856	0.124821	0.122712	0.117582	0.109557	0.0988337	0.085677	0.0704107	0.0534106	0.0350954	
0.015916	0.0188306	0.0212816	0.0232084	0.0245639	0.0253145	0.0254417	0.0249425	0.0238291	0.022129	0.019884	0.0390145	0.0571844	0.0739462	0.0888872	0.101639	0.111889	0.119384	0.123938	0.125442	0.123856	0.141706	0.156068	0.166586	0.173002	0.175159	0.173002	0.166586	0.156068	0.141706	0.123856	0.118224	0.115911	0.11121	0.103771	0.0937771	0.0814737	0.0671641	0.0512008	0.0339767	
0.015916	0.0177119	0.0190717	0.0199619	0.0203605	0.0202578	0.0203605	0.0199619	0.0190717	0.0177119	0.015916	0.0350954	0.0534106	0.0704107	0.085677	0.0988337	0.109557	0.117582	0.122712	0.124821	0.123856	0.141706	0.156068	0.166586	0.173002	0.175159	0.173002	0.166586	0.156068	0.141706	0.123856	0.124821	0.122712	0.117582	0.109557	0.0988337	0.085677	0.0704107	0.0534106	0.0350954	
0.015916	0.0177119	0.0190717	0.0199619	0.0203605	0.0202578	0.0203605	0.0199619	0.0190717	0.0177119	0.015916	0.0350954	0.0534106	0.0704107	0.085677	0.0988337	0.109557	0.117582	0.122712	0.124821	0.123856	0.141706	0.156068	0.166586	0.173002	0.175159	0.173002	0.166586	0.156068	0.141706	0.123856	0.124821	0.122712	0.117582	0.109557	0.0988337	0.085677	0.0704107	0.0534106	0.0350954	
0.015916	0.0177119	0.0190717	0.0199619	0.0203605	0.0202578	0.0203605	0.0199619	0.0190717	0.0177119	0.015916	0.0350954	0.0534106	0.0704107	0.085677	0.0988337	0.109557	0.117582	0.122712	0.124821	0.123856	0.141706	0.156068	0.166586	0.173002	0.175159	0.173002	0.166586	0.156068	0.141706	0.123856	0.124821	0.122712	0.117582	0.109557	0.0988337	0.085677	0.0704107	0.0534106	0.0350954	
0.015916	0.0177119	0.0190717	0.0199619	0.0203605	0.0202578	0.0203605	0.0199619	0.0190717	0.0177119	0.015916	0.0350954	0.0534106	0.0704107	0.085677	0.0988337	0.109557	0.117582	0.122712	0.124821	0.123856	0.141706	0.156068	0.166586	0.173002	0.175159	0.173002	0.166586	0.156068	0.141706	0.123856	0.124821	0.122712	0.117582	0.109557	0.0988337	0.085677	0.0704107	0.0534106	0.0350954	
0.015916	0.0177119	0.0190717	0.0199619	0.0203605	0.0202578	0.0203605	0.0199619	0.0190717	0.0177119	0.015916	0.0350954	0.0534106	0.0704107	0.085677	0.0988337	0.109557	0.117582	0.122712	0.124821	0.123856	0.141706	0.156068	0.166586	0.173002	0.175159	0.173002	0.166586	0.156068	0.141706	0.123856	0.124821	0.122712	0.117582	0.109557	0.0988337	0.085677	0.0704107	0.0534106	0.0350954	
0.015916	0.0188306	0.0212816	0.0232084	0.0245639	0.0253145	0.0254417	0.0249425	0.0238291	0.022129	0.019884	0.0390145	0.0571844	0.0739462	0.0888872	0.101639	0.111889	0.119384	0.123938	0.125442	0.123856	0.141706	0.156068	0.166586	0.173002	0.175159	0.173002	0.166586	0.156068	0.141706	0.123856	0.118224	0.115911	0.11121	0.103771	0.0937771	0.0814737	0.0671641	0.0512008	0.0339767	
0.015916	0.0177119	0.0190717	0.0199619	0.0203605	0.0202578	0.0203605	0.0199619	0.0190717	0.0177119	0.015916	0.0350954	0.0534106	0.0704107	0.085677	0.0988337	0.109557	0.117582	0.122712	0.124821	0.123856	0.141706	0.156068	0.166586	0.173002	0.175159	0.173002	0.166586	0.156068	0.141706	0.123856	0.124821	0.122712	0.117582	0.109557	0.0988337	0.085677	0.0704107	0.0534106	0.0350954	
0.015916	0.0177119	0.0190717	0.0199619	0.0203605	0.0202578	0.0203605	0.0199619	0.0190717	0.0177119	0.015916	0.0350954	0.0534106	0.0704107	0.085677	0.0988337	0.109557	0.117582	0.122712	0.124821	0.123856	0.141706	0.156068	0.166586	0.173002	0.175159	0.173002	0.166586	0.156068	0.141706	0.123856	0.124821	0.122712	0.117582	0.109557	0.0988337	0.085677	0.0704107	0.0534106	0.0350954	
0.015916	0.0177119	0.0190717	0.0199619	0.0203605	0.0202578	0.0203605	0.0199619	0.0190717	0.0177119	0.015916	0.0350954	0.0534106	0.0704107	0.085677	0.0988337	0.109557	0.117582	0.122712	0.124821	0.123856	0.141706	0.156068	0.166586	0.173002	0.175159	0.173002	0.166586	0.156068	0.141706	0.123856	0.124821	0.122712	0.117582	0.109557	0.0988337	0.085677	0.0704107	0.0534106	0.0350954	
0.015916	0.0177119	0.0190717	0.0199619	0.0203605	0.0202578	0.0203605	0.0199619	0.0190717	0.0177119	0.015916	0.0350954	0.0534106	0.0704107	0.085677	0.0988337	0.109557	0.117582	0.122712	0.124821	0.123856	0.141706	0.156068	0.166586	0.173002	0.175159	0.173002	0.166586	0.156068	0.141706	0.123856	0.124821	0.122712	0.117582	0.109557	0.0988337	0.085677	0.0704107	0.0534106	0.0350954	
0.015916	0.0177119	0.0190717	0.0199619	0.0203605	0.0202578	0.0203605	0.0199619	0.0190717	0.0177119	0.015916	0.0350954	0.0534106	0.0704107	0.085677	0.0988337	0.109557	0.117582	0.122712	0.124821	0.123856	0.141706	0.156068	0.166586	0.173002	0.175159	0.173002	0.166586	0.156068	0.141706	0.123856	0.124821	0.122712	0.117582	0.109557	0.0988337	0.085677	0.0704107	0.0534106	0.0350954	
