0.0199394	0.0221945	0.0239032	0.0250233	0.0255272	0.0254025	0.0255272	0.0250233	0.0239032	0.0221945	0.0199394	0.0927991	0.163374	0.230482	0.292226	0.346774	0.392783	0.429121	0.454892	0.469462	0.472473	0.540567	0.59535	0.635474	0.659951	0.668177	0.659951	0.635474	0.59535	0.540567	0.472473	0.469462	0.454892	0.429121	0.392783	0.346774	0.292226	0.230482	0.163374	0.0927991	
0.0199394	0.0221945	0.0239032	0.0250233	0.0255272	0.0254025	0.0246524	0.0232953	0.0213645	0.0189077	0.0159853	0.0885808	0.158995	0.225495	0.286442	0.340335	0.385849	0.421862	0.447487	0.463205	0.472473	0.540567	0.59535	0.635474	0.659951	0.668177	0.659951	0.635474	0.59535	0.540567	0.472473	0.469775	0.45551	0.430029	0.393959	0.348188	0.293844	0.232264	0.164966	0.0936049	
0.0199394	0.0221945	0.0239032	0.0250233	0.0255272	0.0254025	0.0246524	0.0232953	0.0213645	0.0189077	0.0159853	0.0885808	0.158995	0.225495	0.286442	0.340335	0.385849	0.421862	0.447487	0.462558	0.472473	0.540567	0.59535	0.635474	0.659951	0.668177	0.659951	0.635474	0.59535	0.540567	0.472473	0.469775	0.45551	0.430029	0.393959	0.348188	0.293844	0.232264	0.164966	0.0936049	
0.0199394	0.0221945	0.0239032	0.0250233	0.0255272	0.0254025	0.0246524	0.0232953	0.0213645	0.0189077	0.0159853	0.0885808	0.158995	0.225495	0.286442	0.340335	0.385849	0.421862	0.447487	0.462558	0.472473	0.540567	0.59535	0.635474	0.659951	0.668177	0.659951	0.635474	0.59535	0.540567	0.472473	0.469775	0.45551	0.430029	0.393959	0.348188	0.293844	0.232264	0.164966	0.0936049	
0.0199394	0.0221945	0.0239032	0.0250233	0.0255272	0.0254025	0.0246524	0.0232953	0.0213645	0.0189077	0.0159853	0.0885808	0.158995	0.225495	0.286442	0.340335	0.385849	0.421862	0.447487	0.462558	0.472473	0.540567	0.59535	0.635474	0.659951	0.668177	0.659951	0.635474	0.59535	0.540567	0.472473	0.469775	0.45551	0.430029	0.393959	0.348188	0.293844	0.232264	0.164966	0.0936049	
0.0199394	0.0221945	0.0239032	0.0250233	0.0255272	0.0254025	0.0246524	0.0232953	0.0213645	0.0189077	0.0159853	0.0885808	0.158995	0.225495	0.286442	0.340335	0.385849	0.421862	0.447487	0.462558	0.472473	0.540567	0.59535	0.635474	0.659951	0.668177	0.659951	0.635474	0.59535	0.540567	0.472473	0.469775	0.45551	0.430029	0.393959	0.348188	0.293844	0.232264	0.164966	0.0936049	
0.0159853	0.0189077	0.0213645	0.0232953	0.0246524	0.0254025	0.0255272	0.0250233	0.0239032	0.0221945	0.0199394	0.0936049	0.164966	0.232264	0.293844	0.348188	0.393959	0.430029	0.45551	0.469775	0.472473	0.540567	0.59535	0.635474	0.659951	0.668177	0.659951	0.635474	0.59535	0.540567	0.472473	0.463205	0.447487	0.421862	0.385849	0.340335	0.286442	0.225495	0.158995	0.0885808	
0.0159853	0.017789	0.0191547	0.0200487	0.0204491	0.0203459	0.0204491	0.0200487	0.0191547	0.017789	0.0159853	0.0896995	0.161205	0.228741	0.290645	0.345392	0.391634	0.428233	0.454288	0.469156	0.472473	0.540567	0.59535	0.635474	0.659951	0.668177	0.659951	0.635474	0.59535	0.540567	0.472473	0.469156	0.454288	0.428233	0.391634	0.345392	0.290645	0.228741	0.161205	0.0896995	
0.0159853	0.017789	0.0191547	0.0200487	0.0204491	0.0203459	0.0204491	0.0200487	0.0191547	0.017789	0.0159853	0.0896995	0.161205	0.228741	0.290645	0.345392	0.391634	0.428233	0.454288	0.469156	0.472473	0.540567	0.59535	0.635474	0.659951	0.668177	0.659951	0.635474	0.59535	0.540567	0.472473	0.469156	0.454288	0.428233	0.391634	0.345392	0.290645	0.228741	0.161205	0.0896995	
0.0159853	0.017789	0.0191547	0.0200487	0.0204491	0.0203459	0.0204491	0.0200487	0.0191547	0.017789	0.0159853	0.0896995	0.161205	0.228741	0.290645	0.345392	0.391634	0.428233	0.454288	0.469156	0.472473	0.540567	0.59535	0.635474	0.659951	0.668177	0.659951	0.635474	0.59535	0.540567	0.472473	0.469156	0.454288	0.428233	0.391634	0.345392	0.290645	0.228741	0.161205	0.0896995	
0.0159853	0.017789	0.0191547	0.0200487	0.0204491	0.0203459	0.0204491	0.0200487	0.0191547	0.017789	0.0159853	0.0896995	0.161205	0.228741	0.290645	0.345392	0.391634	0.428233	0.454288	0.469156	0.472473	0.540567	0.59535	0.635474	0.659951	0.668177	0.659951	0.635474	0.59535	0.540567	0.472473	0.469156	0.454288	0.428233	0.391634	0.345392	0.290645	0.228741	0.161205	0.0896995	
0.0159853	0.017789	0.0191547	0.0200487	0.0204491	0.0203459	0.0204491	0.0200487	0.0191547	0.017789	0.0159853	0.0896995	0.161205	0.228741	0.290645	0.345392	0.391634	0.428233	0.454288	0.469156	0.472473	0.540567	0.59535	0.635474	0.659951	0.668177	0.659951	0.635474	0.59535	0.540567	0.472473	0.469156	0.454288	0.428233	0.391634	0.345392	0.290645	0.228741	0.161205	0.0896995	
0.0159853	0.0189077	0.0213645	0.0232953	0.0246524	0.0254025	0.0255272	0.0250233	0.0239032	0.0221945	0.0199394	0.0936049	0.164966	0.232264	0.293844	0.348188	0.393959	0.430029	0.45551	0.469775	0.472473	0.540567	0.59535	0.635474	0.659951	0.668177	0.659951	0.635474	0.59535	0.540567	0.472473	0.462558	0.447487	0.421862	0.385849	0.340335	0.286442	0.225495	0.158995	0.0885808	
0.0159853	0.017789	0.0191547	0.0200487	0.0204491	0.0203459	0.0204491	0.0200487	0.0191547	0.017789	0.0159853	0.0896995	0.161205	0.228741	0.290645	0.345392	0.391634	0.428233	0.454288	0.469156	0.472473	0.540567	0.59535	0.635474	0.659951	0.668177	0.659951	0.635474	0.59535	0.540567	0.472473	0.469156	0.454288	0.428233	0.391634	0.345392	0.290645	0.228741	0.161205	0.0896995	
0.0159853	0.017789	0.0191547	0.0200487	0.0204491	0.0203459	0.0204491	0.0200487	0.0191547	0.017789	0.0159853	0.0896995	0.161205	0.228741	0.290645	0.345392	0.391634	0.428233	0.454288	0.469156	0.472473	0.540567	0.59535	0.635474	0.659951	0.668177	0.659951	0.635474	0.59535	0.540567	0.472473	0.469156	0.454288	0.428233	0.391634	0.345392	0.290645	0.228741	0.161205	0.0896995	
0.0159853	0.017789	0.0191547	0.0200487	0.0204491	0.0203459	0.0204491	0.0200487	0.0191547	0.017789	0.0159853	0.0896995	0.161205	0.228741	0.290645	0.345392	0.391634	0.428233	0.454288	0.469156	0.472473	0.540567	0.59535	0.635474	0.659951	0.668177	0.659951	0.635474	0.59535	0.540567	0.472473	0.469156	0.454288	0.428233	0.391634	0.345392	0.290645	0.228741	0.161205	0.0896995	
0.0159853	0.017789	0.0191547	0.0200487	0.0204491	0.0203459	0.0204491	0.0200487	0.0191547	0.017789	0.0159853	0.0896995	0.161205	0.228741	0.290645	0.345392	0.391634	0.428233	0.454288	0.469156	0.472473	0.540567	0.59535	0.635474	0.659951	0.668177	0.659951	0.635474	0.59535	0.540567	0.472473	0.469156	0.454288	0.428233	0.391634	0.345392	0.290645	0.228741	0.161205	0.0896995	
0.0159853	0.017789	0.0191547	0.0200487	0.0204491	0.0203459	0.0204491	0.0200487	0.0191547	0.017789	0.0159853	0.0896995	0.161205	0.228741	0.290645	0.345392	0.391634	0.428233	0.454288	0.469156	0.472473	0.540567	0.59535	0.635474	0.659951	0.668177	0.659951	0.635474	0.59535	0.540567	0.472473	0.469156	0.454288	0.428233	0.391634	0.345392	0.290645	0.228741	0.161205	0.0896995	
0.0159853	0.0189077	0.0213645	0.0232953	0.0246524	0.0254025	0.0255272	0.0250233	0.0239032	0.0221945	0.0199394	0.0936049	0.164966	0.232264	0.293844	0.348188	0.393959	0.430029	0.45551	0.469775	0.472473	0.540567	0.59535	0.635474	0.659951	0.668177	0.659951	0.635474	0.59535	0.540567	0.472473	0.462558	0.447487	0.421862	0.385849	0.340335	0.286442	0.225495	0.158995	0.0885808	
0.0159853	0.017789	0.0191547	0.0200487	0.0204491	0.0203459	0.0204491	0.0200487	0.0191547	0.017789	0.0159853	0.0896995	0.161205	0.228741	0.290645	0.345392	0.391634	0.428233	0.454288	0.469156	0.472473	0.540567	0.59535	0.635474	0.659951	0.668177	0.659951	0.635474	0.59535	0.540567	0.472473	0.469156	0.454288	0.428233	0.391634	0.345392	0.290645	0.228741	0.161205	0.0896995	
0.0159853	0.017789	0.0191547	0.0200487	0.0204491	0.0203459	0.0204491	0.0200487	0.0191547	0.017789	0.0159853	0.0896995	0.161205	0.228741	0.290645	0.345392	0.391634	0.428233	0.454288	0.469156	0.472473	0.540567	0.59535	0.635474	0.659951	0.668177	0.659951	0.635474	0.59535	0.540567	0.472473	0.469156	0.454288	0.428233	0.391634	0.345392	0.290645	0.228741	0.161205	0.0896995	
0.0159853	0.017789	0.0191547	0.0200487	0.0204491	0.0203459	0.0204491	0.0200487	0.0191547	0.017789	0.0159853	0.0896995	0.161205	0.228741	0.290645	0.345392	0.391634	0.428233	0.454288	0.469156	0.472473	0.540567	0.59535	0.635474	0.659951	0.668177	0.659951	0.635474	0.59535	0.540567	0.472473	0.469156	0.454288	0.428233	0.391634	0.345392	0.290645	0.228741	0.161205	0.0896995	
0.0159853	0.017789	0.0191547	0.0200487	0.0204491	0.0203459	0.0204491	0.0200487	0.0191547	0.017789	0.0159853	0.0896995	0.161205	0.228741	0.290645	0.345392	0.391634	0.428233	0.454288	0.469156	0.472473	0.540567	0.59535	0.635474	0.659951	0.668177	0.659951	0.635474	0.59535	0.540567	0.472473	0.469156	0.454288	0.428233	0.391634	0.345392	0.290645	0.228741	0.161205	0.0896995	
0.0159853	0.017789	0.0191547	0.0200487	0.0204491	0.0203459	0.0204491	0.0200487	0.0191547	0.017789	0.0159853	0.0896995	0.161205	0.228741	0.290645	0.345392	0.391634	0.428233	0.454288	0.469156	0.472473	0.540567	0.59535	0.635474	0.659951	0.668177	0.659951	0.635474	0.59535	0.540567	0.472473	0.469156	0.454288	0.428233	0.391634	0.345392	0.290645	0.228741	0.161205	0.0896995	
0.0159853	0.0189077	0.0213645	0.0232953	0.0246524	0.0254025	0.0255272	0.0250233	0.0239032	0.0221945	0.0199394	0.0936049	0.164966	0.232264	0.293844	0.348188	0.393959	0.430029	0.45551	0.469775	0.472473	0.540567	0.59535	0.635474	0.659951	0.668177	0.659951	0.635474	0.59535	0.540567	0.472473	0.462558	0.447487	0.421862	0.385849	0.340335	0.286442	0.225495	0.158995	0.0885808	
0.0159853	0.017789	0.0191547	0.0200487	0.0204491	0.0203459	0.0204491	0.0200487	0.0191547	0.017789	0.0159853	0.0896995	0.161205	0.228741	0.290645	0.345392	0.391634	0.428233	0.454288	0.469156	0.472473	0.540567	0.59535	0.635474	0.659951	0.668177	0.659951	0.635474	0.59535	0.540567	0.472473	0.469156	0.454288	0.428233	0.391634	0.345392	0.290645	0.228741	0.161205	0.0896995	
0.0159853	0.017789	0.0191547	0.0200487	0.0204491	0.0203459	0.0204491	0.0200487	0.0191547	0.017789	0.0159853	0.0896995	0.161205	0.228741	0.290645	0.345392	0.391634	0.428233	0.454288	0.469156	0.472473	0.540567	0.59535	0.635474	0.659951	0.668177	0.659951	0.635474	0.59535	0.540567	0.472473	0.469156	0.454288	0.428233	0.391634	0.345392	0.290645	0.228741	0.161205	0.0896995	
0.0159853	0.017789	0.0191547	0.0200487	0.0204491	0.0203459	0.0204491	0.0200487	0.0191547	0.017789	0.0159853	0.0896995	0.161205	0.228741	0.290645	0.345392	0.391634	0.428233	0.454288	0.469156	0.472473	0.540567	0.59535	0.635474	0.659951	0.668177	0.659951	0.635474	0.59535	0.540567	0.472473	0.469156	0.454288	0.428233	0.391634	0.345392	0.290645	0.228741	0.161205	0.0896995	
0.0159853	0.017789	0.0191547	0.0200487	0.0204491	0.0203459	0.0204491	0.0200487	0.0191547	0.017789	0.0159853	0.0896995	0.161205	0.228741	0.290645	0.345392	0.391634	0.428233	0.454288	0.469156	0.472473	0.540567	0.59535	0.635474	0.659951	0.668177	0.659951	0.635474	0.59535	0.540567	0.472473	0.469156	0.454288	0.428233	0.391634	0.345392	0.290645	0.228741	0.161205	0.0896995	
0.0159853	0.017789	0.0191547	0.0200487	0.0204491	0.0203459	0.0204491	0.0200487	0.0191547	0.017789	0.0159853	0.0896995	0.161205	0.228741	0.290645	0.345392	0.391634	0.428233	0.454288	0.469156	0.472473	0.540567	0.59535	0.635474	0.659951	0.668177	0.659951	0.635474	0.59535	0.540567	0.472473	0.469156	0.454288	0.428233	0.391634	0.345392	0.290645	0.228741	0.161205	0.0896995	
0.0159853	0.0189077	0.0213645	0.0232953	0.0246524	0.0254025	0.0255272	0.0250233	0.0239032	0.0221945	0.0199394	0.0936049	0.164966	0.232264	0.293844	0.348188	0.393959	0.430029	0.45551	0.469775	0.472473	0.540567	0.59535	0.635474	0.659951	0.668177	0.659951	0.635474	0.59535	0.540567	0.472473	0.462558	0.447487	0.421862	0.385849	0.340335	0.286442	0.225495	0.158995	0.0885808	
0.0159853	0.017789	0.0191547	0.0200487	0.0204491	0.0203459	0.0204491	0.0200487	0.0191547	0.017789	0.0159853	0.0896995	0.161205	0.228741	0.290645	0.345392	0.391634	0.428233	0.454288	0.469156	0.472473	0.540567	0.59535	0.635474	0.659951	0.668177	0.659951	0.635474	0.59535	0.540567	0.472473	0.469156	0.454288	0.428233	0.391634	0.345392	0.290645	0.228741	0.161205	0.0896995	
0.0159853	0.017789	0.0191547	0.0200487	0.0204491	0.0203459	0.0204491	0.0200487	0.0191547	0.017789	0.0159853	0.0896995	0.161205	0.228741	0.290645	0.345392	0.391634	0.428233	0.454288	0.469156	0.472473	0.540567	0.59535	0.635474	0.659951	0.668177	0.659951	0.635474	0.59535	0.540567	0.472473	0.469156	0.454288	0.428233	0.391634	0.345392	0.290645	0.228741	0.161205	0.0896995	
0.0159853	0.017789	0.0191547	0.0200487	0.0204491	0.0203459	0.0204491	0.0200487	0.0191547	0.017789	0.0159853	0.0896995	0.161205	0.228741	0.290645	0.345392	0.391634	0.428233	0.454288	0.469156	0.472473	0.540567	0.59535	0.635474	0.659951	0.668177	0.659951	0.635474	0.59535	0.540567	0.472473	0.469156	0.454288	0.428233	0.391634	0.345392	0.290645	0.228741	0.161205	0.0896995	
0.0159853	0.017789	0.0191547	0.0200487	0.0204491	0.0203459	0.0204491	0.0200487	0.0191547	0.017789	0.0159853	0.0896995	0.161205	0.228741	0.290645	0.345392	0.391634	0.428233	0.454288	0.469156	0.472473	0.540567	0.59535	0.635474	0.659951	0.668177	0.659951	0.635474	0.59535	0.540567	0.472473	0.469156	0.454288	0.428233	0.391634	0.345392	0.290645	0.228741	0.161205	0.0896995	
0.0159853	0.017789	0.0191547	0.0200487	0.0204491	0.0203459	0.0204491	0.0200487	0.0191547	0.017789	0.0159853	0.0896995	0.161205	0.228741	0.290645	0.345392	0.391634	0.428233	0.454288	0.469156	0.472473	0.540567	0.59535	0.635474	0.659951	0.668177	0.659951	0.635474	0.59535	0.540567	0.472473	0.469156	0.454288	0.428233	0.391634	0.345392	0.290645	0.228741	0.161205	0.0896995	
