9.19497e-07	1.0652e-06	1.17853e-06	1.25606e-06	1.29542e-06	1.29542e-06	1.25606e-06	1.17853e-06	1.0652e-06	9.19497e-07	8.2503e-06	1.53304e-05	2.19447e-05	2.78923e-05	3.29923e-05	3.70899e-05	4.00605e-05	4.1814e-05	4.22969e-05	4.89991e-05	5.42124e-05	5.77786e-05	5.95892e-05	5.95892e-05	5.77786e-05	5.42124e-05	4.89991e-05	4.22969e-05	4.1814e-05	4.00605e-05	3.70899e-05	3.29923e-05	2.78923e-05	2.19447e-05	1.53304e-05	8.2503e-06	
9.19497e-07	0.0173659	0.0342032	0.0500012	0.06428	0.0766057	0.0866037	0.0939704	0.0984817	0.100001	0.0984889	0.0939845	0.0866244	0.0766323	0.0643117	0.050037	0.034242	0.0174066	4.22969e-05	-0.00689693	-0.0136266	-0.0199422	-0.0256519	-0.0305822	-0.0345832	-0.0375335	-0.0393433	-0.0399577	-0.0393505	-0.0375477	-0.034604	-0.0306088	-0.0256837	-0.0199781	-0.0136656	-0.00693777	
9.19497e-07	0.0243118	0.047884	0.0700012	0.0899915	0.107247	0.121245	0.131558	0.137874	0.140001	0.137881	0.131572	0.121265	0.107274	0.0900232	0.070037	0.0479228	0.0243525	4.22969e-05	-0.0138429	-0.0273074	-0.0399422	-0.0513634	-0.061224	-0.0692243	-0.0751212	-0.0787356	-0.0799577	-0.0787428	-0.0751354	-0.069245	-0.0612506	-0.0513952	-0.0399781	-0.0273464	-0.0138837	
9.19497e-07	0.0306789	0.0604247	0.0883345	0.11356	0.135336	0.152999	0.166013	0.173984	0.176667	0.173991	0.166028	0.15302	0.135362	0.113592	0.0883704	0.0604636	0.0307196	4.22969e-05	-0.02021	-0.0398481	-0.0582756	-0.0749323	-0.0893123	-0.100979	-0.109577	-0.114845	-0.116624	-0.114852	-0.109591	-0.100999	-0.0893389	-0.0749641	-0.0583115	-0.0398871	-0.0202508	
9.19497e-07	0.0342966	0.0675501	0.0987512	0.126952	0.151295	0.171041	0.18559	0.194501	0.197501	0.194508	0.185605	0.171062	0.151322	0.126983	0.098787	0.067589	0.0343373	4.22969e-05	-0.0238276	-0.0469736	-0.0686922	-0.0883237	-0.105272	-0.119021	-0.129154	-0.135362	-0.137458	-0.135369	-0.129168	-0.119041	-0.105298	-0.0883555	-0.0687281	-0.0470125	-0.0238685	
9.19497e-07	0.0364672	0.0718254	0.105001	0.134987	0.160871	0.181867	0.197337	0.206811	0.210001	0.206818	0.197351	0.181887	0.160897	0.135018	0.105037	0.0718643	0.0365079	4.22969e-05	-0.0259982	-0.0512488	-0.0749422	-0.0963586	-0.114847	-0.129846	-0.1409	-0.147672	-0.149958	-0.147679	-0.140914	-0.129867	-0.114874	-0.0963903	-0.0749781	-0.0512878	-0.0260391	
0.100001	0.0984817	0.0939704	0.0866037	0.0766057	0.06428	0.0500012	0.0342032	0.0173659	9.19497e-07	-0.00693777	-0.0136656	-0.0199781	-0.0256837	-0.0306088	-0.034604	-0.0375477	-0.0393505	-0.0399577	-0.0393433	-0.0375335	-0.0345832	-0.0305822	-0.0256519	-0.0199422	-0.0136266	-0.00689693	4.22969e-05	0.0174066	0.034242	0.050037	0.0643117	0.0766323	0.0866244	0.0939845	0.0984889	
0.071171	0.0706612	0.0700635	0.0719627	0.0716754	0.0716754	0.0719627	0.0700635	0.0706612	0.071171	0.0695182	0.0657532	0.0599903	0.0524047	0.0432267	0.0327354	0.0217013	0.0110395	4.22969e-05	4.89991e-05	5.42124e-05	5.77786e-05	5.95892e-05	5.95892e-05	5.77786e-05	5.42124e-05	4.89991e-05	4.22969e-05	0.0110395	0.0217013	0.0327354	0.0432267	0.0524047	0.0599903	0.0657532	0.0695182	
0.0600008	0.0729813	0.0837443	0.0919627	0.0973869	0.099852	0.0995941	0.108066	0.113254	0.115001	0.113261	0.10808	0.0996148	0.0881229	0.0739535	0.057537	0.0393723	0.0200113	4.22969e-05	-0.00458162	-0.00906632	-0.0132756	-0.0170814	-0.0203683	-0.0230362	-0.0250043	-0.0262125	-0.0266244	-0.0198526	-0.0124777	-0.00472363	0.00317396	0.0109751	0.0184428	0.0290352	0.0452048	
0.0600008	0.0793484	0.096285	0.110296	0.120956	0.12794	0.135678	0.14722	0.154288	0.156667	0.154295	0.147234	0.135699	0.120041	0.100736	0.0783704	0.0536232	0.0272467	4.22969e-05	-0.0115275	-0.0227471	-0.0332756	-0.0427929	-0.05101	-0.0576772	-0.062592	-0.0656049	-0.0666244	-0.0586661	-0.0489253	-0.037698	-0.0253252	-0.0121829	0.00132955	0.0164945	0.0388377	
0.0600008	0.0829661	0.10341	0.120713	0.134347	0.1439	0.153721	0.166797	0.174804	0.177501	0.174812	0.166811	0.153741	0.136001	0.114128	0.088787	0.0607486	0.0308643	4.22969e-05	-0.0151452	-0.0298726	-0.0436922	-0.0561843	-0.0669693	-0.0757194	-0.0821689	-0.0861217	-0.0874577	-0.079183	-0.0685023	-0.0557402	-0.0412845	-0.0255743	-0.00908712	0.00936903	0.03522	
0.0600008	0.0851367	0.107686	0.126963	0.142382	0.153475	0.164546	0.178543	0.187114	0.190001	0.187122	0.178557	0.164567	0.145576	0.122163	0.095037	0.0650239	0.033035	4.22969e-05	-0.0173158	-0.0341478	-0.0499422	-0.0642192	-0.0765449	-0.0865448	-0.093915	-0.0984318	-0.0999577	-0.0914931	-0.0802484	-0.0665655	-0.05086	-0.0336092	-0.0153371	0.00509378	0.0330494	
0.140001	0.137874	0.131558	0.121245	0.107247	0.0899915	0.0700012	0.047884	0.0243118	9.19497e-07	-0.0138837	-0.0273464	-0.0399781	-0.0513952	-0.0612506	-0.069245	-0.0751354	-0.0787428	-0.0799577	-0.0787356	-0.0751212	-0.0692243	-0.061224	-0.0513634	-0.0399422	-0.0273074	-0.0138429	4.22969e-05	0.0243525	0.0479228	0.070037	0.0900232	0.107274	0.121265	0.131572	0.137881	
0.115001	0.113254	0.108066	0.0995941	0.099852	0.0973869	0.0919627	0.0837443	0.0729813	0.0600008	0.0452048	0.0290352	0.0184428	0.0109751	0.00317396	-0.00472363	-0.0124777	-0.0198526	-0.0266244	-0.0262125	-0.0250043	-0.0230362	-0.0203683	-0.0170814	-0.0132756	-0.00906632	-0.00458162	4.22969e-05	0.0200113	0.0393723	0.057537	0.0739535	0.0881229	0.0996148	0.10808	0.113261	
0.0837445	0.0842014	0.0820998	0.0778813	0.0712964	0.0712964	0.0778813	0.0820998	0.0842014	0.0837445	0.0807431	0.0752884	0.067546	0.0577513	0.0462019	0.0332486	0.0192851	0.00492775	4.22969e-05	-0.00458162	-0.00906632	-0.0132756	-0.0170814	-0.0170814	-0.0132756	-0.00906632	-0.00458162	4.22969e-05	0.00492775	0.0192851	0.0332486	0.0462019	0.0577513	0.067546	0.0752884	0.0807431	
0.0450008	0.0558939	0.0650886	0.0767796	0.0913001	0.103215	0.113966	0.121254	0.125235	0.125411	0.121777	0.114442	0.10363	0.0896698	0.0729847	0.054082	0.033536	0.011971	-0.0099577	-0.0213756	-0.0250043	-0.0230362	-0.0203683	-0.0170814	-0.0132756	-0.00906632	-0.00458162	4.22969e-05	0.00503308	0.00987094	0.0144089	0.018509	0.0220468	0.0249146	0.0270255	0.032748	
0.0450008	0.0595115	0.072214	0.0871962	0.104691	0.119174	0.132008	0.140831	0.145752	0.146244	0.142294	0.134019	0.121673	0.105629	0.0863761	0.0644986	0.0406614	0.0155887	-0.0099577	-0.0249933	-0.0392695	-0.0523525	-0.0638448	-0.0733972	-0.0807194	-0.0855891	-0.0878582	-0.0874577	-0.0783147	-0.0667922	-0.0532402	-0.0380705	-0.0217441	-0.00475699	0.0123746	0.0291303	
0.0450008	0.0619675	0.0820514	0.0996422	0.114205	0.12875	0.142833	0.152577	0.158062	0.158744	0.154604	0.145765	0.132498	0.115205	0.094411	0.0707486	0.0449366	0.0177593	-0.0099577	-0.0271639	-0.0435447	-0.0586025	-0.0718796	-0.0829727	-0.0915448	-0.0973353	-0.100168	-0.0999577	-0.0906248	-0.0785383	-0.0640655	-0.0476461	-0.0297789	-0.011007	0.0080994	0.0269597	
0.176667	0.173984	0.166013	0.152999	0.135336	0.11356	0.0883345	0.0604247	0.0306789	9.19497e-07	-0.0202508	-0.0398871	-0.0583115	-0.0749641	-0.0893389	-0.100999	-0.109591	-0.114852	-0.116624	-0.114845	-0.109577	-0.100979	-0.0893123	-0.0749323	-0.0582756	-0.0398481	-0.02021	4.22969e-05	0.0307196	0.0604636	0.0883704	0.113592	0.135362	0.15302	0.166028	0.173991	
0.156667	0.154288	0.14722	0.135678	0.12794	0.120956	0.110296	0.096285	0.0793484	0.0600008	0.0388377	0.0164945	0.00132955	-0.0121829	-0.0253252	-0.037698	-0.0489253	-0.0586661	-0.0666244	-0.0656049	-0.062592	-0.0576772	-0.05101	-0.0427929	-0.0332756	-0.0227471	-0.0115275	4.22969e-05	0.0272467	0.0536232	0.0783704	0.100736	0.120041	0.135699	0.147234	0.154295	
0.125411	0.125235	0.121254	0.113966	0.103215	0.0913001	0.0767796	0.0650886	0.0558939	0.0450008	0.032748	0.0270255	0.0249146	0.0220468	0.018509	0.0144089	0.00987094	0.00503308	4.22969e-05	-0.00458162	-0.00906632	-0.0132756	-0.0170814	-0.0203683	-0.0230362	-0.0250043	-0.0213756	-0.0099577	0.011971	0.033536	0.054082	0.0729847	0.0896698	0.10363	0.114442	0.121777	
0.0666676	0.0749161	0.0808884	0.0844029	0.0853529	0.0853529	0.0844029	0.0808884	0.0749161	0.0666676	0.0572112	0.0460165	0.0334236	0.0198152	0.0135424	0.0105455	0.00722825	0.00369135	4.22969e-05	4.89991e-05	5.42124e-05	5.77786e-05	5.95892e-05	5.95892e-05	5.77786e-05	5.42124e-05	4.89991e-05	4.22969e-05	0.00369135	0.00722825	0.0105455	0.0135424	0.0198152	0.0334236	0.0460165	0.0572112	
0.0533342	0.0677183	0.0800448	0.0899392	0.0971008	0.101312	0.102445	0.100465	0.095433	0.0875009	0.0777281	0.0655935	0.0514658	0.0357745	0.0221129	0.0172122	0.0117885	0.00600666	4.22969e-05	-0.00298984	-0.00593114	-0.00869222	-0.0111892	-0.0133462	-0.0150977	-0.0163904	-0.0171851	-0.0174577	-0.0138438	-0.00980929	-0.00547671	-0.000977727	0.00355096	0.00797176	0.0202054	0.037337	
0.0533342	0.0698889	0.08432	0.0961892	0.105136	0.110888	0.11327	0.112211	0.107743	0.100001	0.0900381	0.0773396	0.0622912	0.04535	0.0272552	0.0212122	0.0145247	0.00739585	4.22969e-05	-0.00516045	-0.0102064	-0.0149422	-0.019224	-0.0229217	-0.025923	-0.0281366	-0.0294952	-0.0299577	-0.0268096	-0.0228469	-0.01819	-0.0129804	-0.00737642	-0.00154831	0.0159302	0.0351664	
0.197501	0.194501	0.18559	0.171041	0.151295	0.126952	0.0987512	0.0675501	0.0342966	9.19497e-07	-0.0238685	-0.0470125	-0.0687281	-0.0883555	-0.105298	-0.119041	-0.129168	-0.135369	-0.137458	-0.135362	-0.129154	-0.119021	-0.105272	-0.0883237	-0.0686922	-0.0469736	-0.0238276	4.22969e-05	0.0343373	0.067589	0.098787	0.126983	0.151322	0.171062	0.185605	0.194508	
0.177501	0.174804	0.166797	0.153721	0.1439	0.134347	0.120713	0.10341	0.0829661	0.0600008	0.03522	0.00936903	-0.00908712	-0.0255743	-0.0412845	-0.0557402	-0.0685023	-0.079183	-0.0874577	-0.0861217	-0.0821689	-0.0757194	-0.0669693	-0.0561843	-0.0436922	-0.0298726	-0.0151452	4.22969e-05	0.0308643	0.0607486	0.088787	0.114128	0.136001	0.153741	0.166811	0.174812	
0.146244	0.145752	0.140831	0.132008	0.119174	0.104691	0.0871962	0.072214	0.0595115	0.0450008	0.0291303	0.0123746	-0.00475699	-0.0217441	-0.0380705	-0.0532402	-0.0667922	-0.0783147	-0.0874577	-0.0878582	-0.0855891	-0.0807194	-0.0733972	-0.0638448	-0.0523525	-0.0392695	-0.0249933	-0.0099577	0.0155887	0.0406614	0.0644986	0.0863761	0.105629	0.121673	0.134019	0.142294	
0.0875009	0.095433	0.100465	0.102445	0.101312	0.0971008	0.0899392	0.0800448	0.0677183	0.0533342	0.037337	0.0202054	0.00797176	0.00355096	-0.000977727	-0.00547671	-0.00980929	-0.0138438	-0.0174577	-0.0171851	-0.0163904	-0.0150977	-0.0133462	-0.0111892	-0.00869222	-0.00593114	-0.00298984	4.22969e-05	0.00600666	0.0117885	0.0172122	0.0221129	0.0357745	0.0514658	0.0655935	0.0777281	
0.0326175	0.0351535	0.0366213	0.0369765	0.0362081	0.0362081	0.0369765	0.0366213	0.0351535	0.0326175	0.0290905	0.0246796	0.0195188	0.0137649	0.00759277	0.00118996	-0.00524902	-0.00873704	-0.0119577	-0.0148075	-0.0172075	-0.0190845	-0.0203817	-0.0203817	-0.0190845	-0.0172075	-0.0148075	-0.0119577	-0.00873704	-0.00524902	0.00118996	0.00759277	0.0137649	0.0195188	0.0246796	0.0290905	
0.0505025	0.0597995	0.0672795	0.0727153	0.0759416	0.0770077	0.075734	0.0721591	0.0663917	0.058607	0.0490415	0.037986	0.026447	0.0198932	0.0127351	0.00518996	0.0029835	0.00153624	4.22969e-05	4.89991e-05	5.42124e-05	5.77786e-05	5.95892e-05	5.95892e-05	5.77786e-05	5.42124e-05	4.89991e-05	4.22969e-05	0.00327663	0.00641141	0.00935138	0.0120072	0.0142982	0.0161548	0.0276341	0.039671	
0.210001	0.206811	0.197337	0.181867	0.160871	0.134987	0.105001	0.0718254	0.0364672	9.19497e-07	-0.0260391	-0.0512878	-0.0749781	-0.0963903	-0.114874	-0.129867	-0.140914	-0.147679	-0.149958	-0.147672	-0.1409	-0.129846	-0.114847	-0.0963586	-0.0749422	-0.0512488	-0.0259982	4.22969e-05	0.0365079	0.0718643	0.105037	0.135018	0.160897	0.181887	0.197351	0.206818	
0.190001	0.187114	0.178543	0.164546	0.153475	0.142382	0.126963	0.107686	0.0851367	0.0600008	0.0330494	0.00509378	-0.0153371	-0.0336092	-0.05086	-0.0665655	-0.0802484	-0.0914931	-0.0999577	-0.0984318	-0.093915	-0.0865448	-0.0765449	-0.0642192	-0.0499422	-0.0341478	-0.0173158	4.22969e-05	0.033035	0.0650239	0.095037	0.122163	0.145576	0.164567	0.178557	0.187122	
0.158744	0.158062	0.152577	0.142833	0.12875	0.114205	0.0996422	0.0820514	0.0619675	0.0450008	0.0269597	0.0080994	-0.011007	-0.0297789	-0.0476461	-0.0640655	-0.0785383	-0.0906248	-0.0999577	-0.100168	-0.0973353	-0.0915448	-0.0829727	-0.0718796	-0.0586025	-0.0435447	-0.0271639	-0.0099577	0.0177593	0.0449366	0.0707486	0.094411	0.115205	0.132498	0.145765	0.154604	
0.100001	0.107743	0.112211	0.11327	0.110888	0.105136	0.0961892	0.08432	0.0698889	0.0533342	0.0351664	0.0159302	-0.00154831	-0.00737642	-0.0129804	-0.01819	-0.0228469	-0.0268096	-0.0299577	-0.0294952	-0.0281366	-0.025923	-0.0229217	-0.019224	-0.0149422	-0.0102064	-0.00516045	4.22969e-05	0.00739585	0.0145247	0.0212122	0.0272552	0.04535	0.0622912	0.0773396	0.0900381	
0.058607	0.0663917	0.0721591	0.075734	0.0770077	0.0759416	0.0727153	0.0672795	0.0597995	0.0505025	0.039671	0.0276341	0.0161548	0.0142982	0.0120072	0.00935138	0.00641141	0.00327663	4.22969e-05	4.89991e-05	5.42124e-05	5.77786e-05	5.95892e-05	5.95892e-05	5.77786e-05	5.42124e-05	4.89991e-05	4.22969e-05	0.00153624	0.0029835	0.00518996	0.0127351	0.0198932	0.026447	0.037986	0.0490415	
0.0630025	0.0721096	0.0790257	0.0835406	0.0855172	0.0855172	0.0835406	0.0790257	0.0721096	0.0630025	0.0519811	0.0393803	0.0269801	0.0238738	0.0200421	0.0156014	0.0106867	0.00544723	4.22969e-05	4.89991e-05	5.42124e-05	5.77786e-05	5.95892e-05	5.95892e-05	5.77786e-05	5.42124e-05	4.89991e-05	4.22969e-05	0.00544723	0.0106867	0.0156014	0.0200421	0.0238738	0.0269801	0.0393803	0.0519811	
