-5.15322	-6.10128	-6.86395	-7.41806	-7.74678	-7.74678	-7.41806	-6.86395	-6.10128	-5.15322	-3.4942	-1.727	0.0926716	1.90953	3.67387	5.34055	6.86439	8.18984	9.26645	10.7348	11.8769	12.6582	13.0549	13.0549	12.6582	11.8769	10.7348	9.26645	8.18984	6.86439	5.34055	3.67387	1.90953	0.0926716	-1.727	-3.4942	
-5.15322	-5.05835	-4.80977	-4.41506	-3.88619	-3.16045	-2.28664	-1.34335	-0.343105	0.693777	2.25171	3.74122	5.12039	6.34818	7.40434	8.26287	8.87034	9.20829	9.26645	9.69184	9.82276	9.65521	9.19429	8.45401	7.45686	6.23313	4.82002	3.26045	2.31572	1.30063	0.246022	-0.816063	-1.85335	-2.83433	-3.72918	-4.51073	
-5.15322	-5.05835	-4.80977	-4.41506	-3.88619	-3.16045	-2.28664	-1.31506	-0.285986	0.751777	2.31617	3.81719	5.20222	6.42919	7.46632	8.30287	8.8977	9.22218	9.26645	9.69184	9.82276	9.65521	9.19429	8.45401	7.45686	6.23313	4.82002	3.26045	2.30148	1.27259	0.205022	-0.86509	-1.89449	-2.86633	-3.75107	-4.52185	
-5.15322	-5.05835	-4.80977	-4.41506	-3.88619	-3.16045	-2.27242	-1.28061	-0.249877	0.788444	2.3572	3.85634	5.23831	6.46111	7.4931	8.3162	8.90682	9.22681	9.26645	9.69184	9.82276	9.65521	9.19429	8.45401	7.45686	6.23313	4.82002	3.26045	2.30148	1.27259	0.205022	-0.868772	-1.91163	-2.87966	-3.76019	-4.52648	
-5.15322	-5.05835	-4.80977	-4.41506	-3.88619	-3.16045	-2.25438	-1.26103	-0.22936	0.809277	2.37772	3.87592	5.25635	6.47707	7.50649	8.32287	8.91138	9.22913	9.26645	9.69184	9.82276	9.65521	9.19429	8.45401	7.45686	6.23313	4.82002	3.26045	2.28819	1.2599	0.193331	-0.879113	-1.9202	-2.88633	-3.76475	-4.52879	
-5.15322	-5.05835	-4.80977	-4.41506	-3.88619	-3.16045	-2.24356	-1.24928	-0.21705	0.821777	2.39003	3.88766	5.26717	6.48664	7.51453	8.32805	8.91412	9.23052	9.26645	9.69184	9.82276	9.65521	9.19429	8.45401	7.45686	6.23313	4.82002	3.26045	2.27588	1.24815	0.182505	-0.888689	-1.92534	-2.89033	-3.76749	-4.53018	
0.693777	-0.343105	-1.34335	-2.28664	-3.16045	-3.88619	-4.41506	-4.80977	-5.05835	-5.15322	-4.51073	-3.72918	-2.83433	-1.85335	-0.816063	0.246022	1.30063	2.31572	3.26045	4.82002	6.23313	7.45686	8.45401	9.19429	9.65521	9.82276	9.69184	9.26645	9.20829	8.87034	8.26287	7.40434	6.34818	5.12039	3.74122	2.25171	
0.693777	0.699826	0.68461	0.648593	0.592869	0.592869	0.648593	0.68461	0.699826	0.693777	1.24258	1.75362	2.21489	2.61294	2.9316	3.16119	3.29472	3.32815	3.26045	3.77709	4.17896	4.45386	4.59343	4.59343	4.45386	4.17896	3.77709	3.26045	3.32815	3.29472	3.16119	2.9316	2.61294	2.21489	1.75362	1.24258	
0.693777	0.699826	0.68461	0.656364	0.623002	0.6373	0.698823	0.739112	0.756944	0.751777	1.2997	1.815	2.27522	2.66631	2.97638	3.19602	3.31855	3.34025	3.26045	3.77709	4.17896	4.45386	4.59343	4.59343	4.45386	4.17896	3.77709	3.26045	3.30569	3.25255	3.11014	2.87798	2.56795	2.17989	1.7274	1.22927	
0.693777	0.699826	0.68461	0.674697	0.646571	0.665388	0.730577	0.773568	0.793054	0.788444	1.34067	1.85416	2.31131	2.69823	3.00317	3.21686	3.3328	3.34748	3.26045	3.77709	4.17896	4.45386	4.59343	4.59343	4.45386	4.17896	3.77709	3.26045	3.3043	3.24775	3.09252	2.84606	2.54116	2.15906	1.71555	1.22325	
0.693777	0.699826	0.689449	0.685114	0.659962	0.681347	0.748619	0.793145	0.813571	0.809277	1.36118	1.87373	2.32935	2.71419	3.01656	3.22727	3.33993	3.3511	3.26045	3.77709	4.17896	4.45386	4.59343	4.59343	4.45386	4.17896	3.77709	3.26045	3.29354	3.23507	3.08083	2.83299	2.52777	2.14864	1.70842	1.21963	
0.693777	0.699826	0.693724	0.691364	0.667997	0.690923	0.759444	0.804891	0.825881	0.821777	1.37349	1.88548	2.34017	2.72376	3.02459	3.23352	3.3442	3.35327	3.26045	3.77709	4.17896	4.45386	4.59343	4.59343	4.45386	4.17896	3.77709	3.26045	3.29354	3.22655	3.07001	2.82341	2.51974	2.14239	1.70415	1.21746	
0.751777	-0.285986	-1.31506	-2.28664	-3.16045	-3.88619	-4.41506	-4.80977	-5.05835	-5.15322	-4.52185	-3.75107	-2.86633	-1.89449	-0.86509	0.205022	1.27259	2.30148	3.26045	4.82002	6.23313	7.45686	8.45401	9.19429	9.65521	9.82276	9.69184	9.26645	9.22218	8.8977	8.30287	7.46632	6.42919	5.20222	3.81719	2.31617	
0.751777	0.756944	0.739112	0.698823	0.6373	0.623002	0.656364	0.68461	0.699826	0.693777	1.22927	1.7274	2.17989	2.56795	2.87798	3.11014	3.25255	3.30569	3.26045	3.77709	4.17896	4.45386	4.59343	4.59343	4.45386	4.17896	3.77709	3.26045	3.34025	3.31855	3.19602	2.97638	2.66631	2.27522	1.815	1.2997	
0.751777	0.756944	0.739112	0.698823	0.6373	0.6373	0.698823	0.739112	0.756944	0.751777	1.28852	1.79311	2.24322	2.62517	2.92736	3.15502	3.2905	3.32601	3.26045	3.77709	4.17896	4.45386	4.59343	4.59343	4.45386	4.17896	3.77709	3.26045	3.32601	3.2905	3.15502	2.92736	2.62517	2.24322	1.79311	1.28852	
0.751777	0.756944	0.739112	0.698823	0.646571	0.665388	0.730577	0.773568	0.793054	0.788444	1.32955	1.83227	2.27931	2.65709	2.95414	3.17586	3.30476	3.33324	3.26045	3.77709	4.17896	4.45386	4.59343	4.59343	4.45386	4.17896	3.77709	3.26045	3.32601	3.2905	3.15502	2.92368	2.60803	2.22989	1.78399	1.28389	
0.751777	0.756944	0.739112	0.698823	0.659962	0.681347	0.748619	0.793145	0.813571	0.809277	1.35007	1.85184	2.29735	2.67305	2.96753	3.18627	3.31188	3.33686	3.26045	3.77709	4.17896	4.45386	4.59343	4.59343	4.45386	4.17896	3.77709	3.26045	3.31271	3.27782	3.14333	2.91333	2.59946	2.22322	1.77943	1.28157	
0.751777	0.756944	0.739112	0.698823	0.667997	0.690923	0.759444	0.804891	0.825881	0.821777	1.36238	1.86359	2.30817	2.68262	2.97557	3.19252	3.31616	3.33903	3.26045	3.77709	4.17896	4.45386	4.59343	4.59343	4.45386	4.17896	3.77709	3.26045	3.30743	3.26607	3.13251	2.90376	2.59432	2.21922	1.7767	1.28019	
0.788444	-0.249877	-1.28061	-2.27242	-3.16045	-3.88619	-4.41506	-4.80977	-5.05835	-5.15322	-4.52648	-3.76019	-2.87966	-1.91163	-0.868772	0.205022	1.27259	2.30148	3.26045	4.82002	6.23313	7.45686	8.45401	9.19429	9.65521	9.82276	9.69184	9.26645	9.22681	8.90682	8.3162	7.4931	6.46111	5.23831	3.85634	2.3572	
0.788444	0.793054	0.773568	0.730577	0.665388	0.646571	0.674697	0.68461	0.699826	0.693777	1.22325	1.71555	2.15906	2.54116	2.84606	3.09252	3.24775	3.3043	3.26045	3.77709	4.17896	4.45386	4.59343	4.59343	4.45386	4.17896	3.77709	3.26045	3.34748	3.3328	3.21686	3.00317	2.69823	2.31131	1.85416	1.34067	
0.788444	0.793054	0.773568	0.730577	0.665388	0.646571	0.698823	0.739112	0.756944	0.751777	1.28389	1.78399	2.22989	2.60803	2.92368	3.15502	3.2905	3.32601	3.26045	3.77709	4.17896	4.45386	4.59343	4.59343	4.45386	4.17896	3.77709	3.26045	3.33324	3.30476	3.17586	2.95414	2.65709	2.27931	1.83227	1.32955	
0.788444	0.793054	0.773568	0.730577	0.665388	0.665388	0.730577	0.773568	0.793054	0.788444	1.32492	1.82315	2.26597	2.63995	2.95046	3.17586	3.30476	3.33324	3.26045	3.77709	4.17896	4.45386	4.59343	4.59343	4.45386	4.17896	3.77709	3.26045	3.33324	3.30476	3.17586	2.95046	2.63995	2.26597	1.82315	1.32492	
0.788444	0.793054	0.773568	0.730577	0.665388	0.681347	0.748619	0.793145	0.813571	0.809277	1.34544	1.84272	2.28401	2.65591	2.96385	3.18627	3.31188	3.33686	3.26045	3.77709	4.17896	4.45386	4.59343	4.59343	4.45386	4.17896	3.77709	3.26045	3.31995	3.29207	3.16416	2.94012	2.63138	2.25931	1.81859	1.32261	
0.788444	0.793054	0.773568	0.730577	0.667997	0.690923	0.759444	0.804891	0.825881	0.821777	1.35775	1.85447	2.29484	2.66548	2.97188	3.19252	3.31616	3.33903	3.26045	3.77709	4.17896	4.45386	4.59343	4.59343	4.45386	4.17896	3.77709	3.26045	3.31206	3.28032	3.15334	2.93054	2.62624	2.25531	1.81585	1.32122	
0.809277	-0.22936	-1.26103	-2.25438	-3.16045	-3.88619	-4.41506	-4.80977	-5.05835	-5.15322	-4.52879	-3.76475	-2.88633	-1.9202	-0.879113	0.193331	1.2599	2.28819	3.26045	4.82002	6.23313	7.45686	8.45401	9.19429	9.65521	9.82276	9.69184	9.26645	9.22913	8.91138	8.32287	7.50649	6.47707	5.25635	3.87592	2.37772	
0.809277	0.813571	0.793145	0.748619	0.681347	0.659962	0.685114	0.689449	0.699826	0.693777	1.21963	1.70842	2.14864	2.52777	2.83299	3.08083	3.23507	3.29354	3.26045	3.77709	4.17896	4.45386	4.59343	4.59343	4.45386	4.17896	3.77709	3.26045	3.3511	3.33993	3.22727	3.01656	2.71419	2.32935	1.87373	1.36118	
0.809277	0.813571	0.793145	0.748619	0.681347	0.659962	0.698823	0.739112	0.756944	0.751777	1.28157	1.77943	2.22322	2.59946	2.91333	3.14333	3.27782	3.31271	3.26045	3.77709	4.17896	4.45386	4.59343	4.59343	4.45386	4.17896	3.77709	3.26045	3.33686	3.31188	3.18627	2.96753	2.67305	2.29735	1.85184	1.35007	
0.809277	0.813571	0.793145	0.748619	0.681347	0.665388	0.730577	0.773568	0.793054	0.788444	1.32261	1.81859	2.25931	2.63138	2.94012	3.16416	3.29207	3.31995	3.26045	3.77709	4.17896	4.45386	4.59343	4.59343	4.45386	4.17896	3.77709	3.26045	3.33686	3.31188	3.18627	2.96385	2.65591	2.28401	1.84272	1.34544	
0.809277	0.813571	0.793145	0.748619	0.681347	0.681347	0.748619	0.793145	0.813571	0.809277	1.34312	1.83816	2.27735	2.64734	2.95351	3.17458	3.2992	3.32357	3.26045	3.77709	4.17896	4.45386	4.59343	4.59343	4.45386	4.17896	3.77709	3.26045	3.32357	3.2992	3.17458	2.95351	2.64734	2.27735	1.83816	1.34312	
0.809277	0.813571	0.793145	0.748619	0.681347	0.690923	0.759444	0.804891	0.825881	0.821777	1.35543	1.84991	2.28817	2.65691	2.96154	3.18083	3.30347	3.32574	3.26045	3.77709	4.17896	4.45386	4.59343	4.59343	4.45386	4.17896	3.77709	3.26045	3.31437	3.28745	3.16376	2.94393	2.6422	2.27335	1.83543	1.34174	
0.821777	-0.21705	-1.24928	-2.24356	-3.16045	-3.88619	-4.41506	-4.80977	-5.05835	-5.15322	-4.53018	-3.76749	-2.89033	-1.92534	-0.888689	0.182505	1.24815	2.27588	3.26045	4.82002	6.23313	7.45686	8.45401	9.19429	9.65521	9.82276	9.69184	9.26645	9.23052	8.91412	8.32805	7.51453	6.48664	5.26717	3.88766	2.39003	
0.821777	0.825881	0.804891	0.759444	0.690923	0.667997	0.691364	0.693724	0.699826	0.693777	1.21746	1.70415	2.14239	2.51974	2.82341	3.07001	3.22655	3.29354	3.26045	3.77709	4.17896	4.45386	4.59343	4.59343	4.45386	4.17896	3.77709	3.26045	3.35327	3.3442	3.23352	3.02459	2.72376	2.34017	1.88548	1.37349	
0.821777	0.825881	0.804891	0.759444	0.690923	0.667997	0.698823	0.739112	0.756944	0.751777	1.28019	1.7767	2.21922	2.59432	2.90376	3.13251	3.26607	3.30743	3.26045	3.77709	4.17896	4.45386	4.59343	4.59343	4.45386	4.17896	3.77709	3.26045	3.33903	3.31616	3.19252	2.97557	2.68262	2.30817	1.86359	1.36238	
0.821777	0.825881	0.804891	0.759444	0.690923	0.667997	0.730577	0.773568	0.793054	0.788444	1.32122	1.81585	2.25531	2.62624	2.93054	3.15334	3.28032	3.31206	3.26045	3.77709	4.17896	4.45386	4.59343	4.59343	4.45386	4.17896	3.77709	3.26045	3.33903	3.31616	3.19252	2.97188	2.66548	2.29484	1.85447	1.35775	
0.821777	0.825881	0.804891	0.759444	0.690923	0.681347	0.748619	0.793145	0.813571	0.809277	1.34174	1.83543	2.27335	2.6422	2.94393	3.16376	3.28745	3.31437	3.26045	3.77709	4.17896	4.45386	4.59343	4.59343	4.45386	4.17896	3.77709	3.26045	3.32574	3.30347	3.18083	2.96154	2.65691	2.28817	1.84991	1.35543	
0.821777	0.825881	0.804891	0.759444	0.690923	0.690923	0.759444	0.804891	0.825881	0.821777	1.35405	1.84717	2.28417	2.65177	2.95197	3.17001	3.29172	3.31576	3.26045	3.77709	4.17896	4.45386	4.59343	4.59343	4.45386	4.17896	3.77709	3.26045	3.31576	3.29172	3.17001	2.95197	2.65177	2.28417	1.84717	1.35405	
