0.0198643	0.0221057	0.0238028	0.0249138	0.0254113	0.0252832	0.0254113	0.0249138	0.0238028	0.0221057	0.0198643	0.0176445	0.0149902	0.0119668	0.00864876	0.00511774	0.00146071	-0.00223229	-0.00566637	-0.00882303	-0.0117624	-0.0139225	-0.0157397	-0.0171694	-0.0181763	-0.0187356	-0.0181763	-0.0171694	-0.0157397	-0.0139225	-0.0117624	-0.00882303	-0.00566637	-0.00223229	0.00146071	0.00511774	0.00864876	0.0119668	0.0149902	0.0176445	
0.0198643	0.0221057	0.0238028	0.0249138	0.0254113	0.0252832	0.0245324	0.0231776	0.0212521	0.0188033	0.0158915	0.0133909	0.0105607	0.00747042	0.00419619	0.000818639	-0.00257907	-0.00591328	-0.00910188	-0.0120664	-0.0147337	-0.0160423	-0.0169559	-0.017452	-0.0175183	-0.0171533	-0.016366	-0.0151756	-0.0136115	-0.0117123	-0.00952475	-0.00710262	-0.0045056	-0.0014622	0.00215994	0.00572889	0.00915678	0.0123592	0.0152573	0.0177797	
0.0198643	0.0221057	0.0238028	0.0249138	0.0254113	0.0252832	0.0245324	0.0231776	0.0212521	0.0188033	0.0158915	0.0133909	0.0105607	0.00747042	0.00419619	0.000818639	-0.00257907	-0.00591328	-0.00910188	-0.0120664	-0.0147337	-0.0160423	-0.0169559	-0.017452	-0.0175183	-0.0171533	-0.016366	-0.0151756	-0.0136115	-0.0117123	-0.00952475	-0.00710262	-0.0045056	-0.0014622	0.00215994	0.00572889	0.00915678	0.0123592	0.0152573	0.0177797	
0.0198643	0.0221057	0.0238028	0.0249138	0.0254113	0.0252832	0.0245324	0.0231776	0.0212521	0.0188033	0.0158915	0.0133909	0.0105607	0.00747042	0.00419619	0.000818639	-0.00257907	-0.00591328	-0.00910188	-0.0120664	-0.0147337	-0.0160423	-0.0169559	-0.017452	-0.0175183	-0.0171533	-0.016366	-0.0151756	-0.0136115	-0.0117123	-0.00952475	-0.00710262	-0.0045056	-0.0014622	0.00215994	0.00572889	0.00915678	0.0123592	0.0152573	0.0177797	
0.0198643	0.0221057	0.0238028	0.0249138	0.0254113	0.0252832	0.0245324	0.0231776	0.0212521	0.0188033	0.0158915	0.0133909	0.0105607	0.00747042	0.00419619	0.000818639	-0.00257907	-0.00591328	-0.00910188	-0.0120664	-0.0147337	-0.0160423	-0.0169559	-0.017452	-0.0175183	-0.0171533	-0.016366	-0.0151756	-0.0136115	-0.0117123	-0.00952475	-0.00710262	-0.0045056	-0.0014622	0.00215994	0.00572889	0.00915678	0.0123592	0.0152573	0.0177797	
0.0198643	0.0221057	0.0238028	0.0249138	0.0254113	0.0252832	0.0245324	0.0231776	0.0212521	0.0188033	0.0158915	0.0133909	0.0105607	0.00747042	0.00419619	0.000818639	-0.00257907	-0.00591328	-0.00910188	-0.0120664	-0.0147337	-0.0160423	-0.0169559	-0.017452	-0.0175183	-0.0171533	-0.016366	-0.0151756	-0.0136115	-0.0117123	-0.00952475	-0.00710262	-0.0045056	-0.0014622	0.00215994	0.00572889	0.00915678	0.0123592	0.0152573	0.0177797	
0.0158915	0.0188033	0.0212521	0.0231776	0.0245324	0.0252832	0.0254113	0.0249138	0.0238028	0.0221057	0.0198643	0.0177797	0.0152573	0.0123592	0.00915678	0.00572889	0.00215994	-0.0014622	-0.0045056	-0.00710262	-0.00952475	-0.0117123	-0.0136115	-0.0151756	-0.016366	-0.0171533	-0.0175183	-0.017452	-0.0169559	-0.0160423	-0.0147337	-0.0120664	-0.00910188	-0.00591328	-0.00257907	0.000818639	0.00419619	0.00747042	0.0105607	0.0133909	
0.0158915	0.0176846	0.0190423	0.019931	0.0203291	0.0202265	0.0203291	0.019931	0.0190423	0.0176846	0.0158915	0.014118	0.0119969	0.00958033	0.00692791	0.00410491	0.00118082	-0.00177234	-0.0045056	-0.00702987	-0.00938105	-0.0111056	-0.0125567	-0.0136986	-0.0145032	-0.0149507	-0.0145032	-0.0136986	-0.0125567	-0.0111056	-0.00938105	-0.00702987	-0.0045056	-0.00177234	0.00118082	0.00410491	0.00692791	0.00958033	0.0119969	0.014118	
0.0158915	0.0176846	0.0190423	0.019931	0.0203291	0.0202265	0.0203291	0.019931	0.0190423	0.0176846	0.0158915	0.014118	0.0119969	0.00958033	0.00692791	0.00410491	0.00118082	-0.00177234	-0.0045056	-0.00702987	-0.00938105	-0.0111056	-0.0125567	-0.0136986	-0.0145032	-0.0149507	-0.0145032	-0.0136986	-0.0125567	-0.0111056	-0.00938105	-0.00702987	-0.0045056	-0.00177234	0.00118082	0.00410491	0.00692791	0.00958033	0.0119969	0.014118	
0.0158915	0.0176846	0.0190423	0.019931	0.0203291	0.0202265	0.0203291	0.019931	0.0190423	0.0176846	0.0158915	0.014118	0.0119969	0.00958033	0.00692791	0.00410491	0.00118082	-0.00177234	-0.0045056	-0.00702987	-0.00938105	-0.0111056	-0.0125567	-0.0136986	-0.0145032	-0.0149507	-0.0145032	-0.0136986	-0.0125567	-0.0111056	-0.00938105	-0.00702987	-0.0045056	-0.00177234	0.00118082	0.00410491	0.00692791	0.00958033	0.0119969	0.014118	
0.0158915	0.0176846	0.0190423	0.019931	0.0203291	0.0202265	0.0203291	0.019931	0.0190423	0.0176846	0.0158915	0.014118	0.0119969	0.00958033	0.00692791	0.00410491	0.00118082	-0.00177234	-0.0045056	-0.00702987	-0.00938105	-0.0111056	-0.0125567	-0.0136986	-0.0145032	-0.0149507	-0.0145032	-0.0136986	-0.0125567	-0.0111056	-0.00938105	-0.00702987	-0.0045056	-0.00177234	0.00118082	0.00410491	0.00692791	0.00958033	0.0119969	0.014118	
0.0158915	0.0176846	0.0190423	0.019931	0.0203291	0.0202265	0.0203291	0.019931	0.0190423	0.0176846	0.0158915	0.014118	0.0119969	0.00958033	0.00692791	0.00410491	0.00118082	-0.00177234	-0.0045056	-0.00702987	-0.00938105	-0.0111056	-0.0125567	-0.0136986	-0.0145032	-0.0149507	-0.0145032	-0.0136986	-0.0125567	-0.0111056	-0.00938105	-0.00702987	-0.0045056	-0.00177234	0.00118082	0.00410491	0.00692791	0.00958033	0.0119969	0.014118	
0.0158915	0.0188033	0.0212521	0.0231776	0.0245324	0.0252832	0.0254113	0.0249138	0.0238028	0.0221057	0.0198643	0.0177797	0.0152573	0.0123592	0.00915678	0.00572889	0.00215994	-0.0014622	-0.0045056	-0.00710262	-0.00952475	-0.0117123	-0.0136115	-0.0151756	-0.016366	-0.0171533	-0.0175183	-0.017452	-0.0169559	-0.0160423	-0.0147337	-0.0120664	-0.00910188	-0.00591328	-0.00257907	0.000818639	0.00419619	0.00747042	0.0105607	0.0133909	
0.0158915	0.0176846	0.0190423	0.019931	0.0203291	0.0202265	0.0203291	0.019931	0.0190423	0.0176846	0.0158915	0.014118	0.0119969	0.00958033	0.00692791	0.00410491	0.00118082	-0.00177234	-0.0045056	-0.00702987	-0.00938105	-0.0111056	-0.0125567	-0.0136986	-0.0145032	-0.0149507	-0.0145032	-0.0136986	-0.0125567	-0.0111056	-0.00938105	-0.00702987	-0.0045056	-0.00177234	0.00118082	0.00410491	0.00692791	0.00958033	0.0119969	0.014118	
0.0158915	0.0176846	0.0190423	0.019931	0.0203291	0.0202265	0.0203291	0.019931	0.0190423	0.0176846	0.0158915	0.014118	0.0119969	0.00958033	0.00692791	0.00410491	0.00118082	-0.00177234	-0.0045056	-0.00702987	-0.00938105	-0.0111056	-0.0125567	-0.0136986	-0.0145032	-0.0149507	-0.0145032	-0.0136986	-0.0125567	-0.0111056	-0.00938105	-0.00702987	-0.0045056	-0.00177234	0.00118082	0.00410491	0.00692791	0.00958033	0.0119969	0.014118	
0.0158915	0.0176846	0.0190423	0.019931	0.0203291	0.0202265	0.0203291	0.019931	0.0190423	0.0176846	0.0158915	0.014118	0.0119969	0.00958033	0.00692791	0.00410491	0.00118082	-0.00177234	-0.0045056	-0.00702987	-0.00938105	-0.0111056	-0.0125567	-0.0136986	-0.0145032	-0.0149507	-0.0145032	-0.0136986	-0.0125567	-0.0111056	-0.00938105	-0.00702987	-0.0045056	-0.00177234	0.00118082	0.00410491	0.00692791	0.00958033	0.0119969	0.014118	
0.0158915	0.0176846	0.0190423	0.019931	0.0203291	0.0202265	0.0203291	0.019931	0.0190423	0.0176846	0.0158915	0.014118	0.0119969	0.00958033	0.00692791	0.00410491	0.00118082	-0.00177234	-0.0045056	-0.00702987	-0.00938105	-0.0111056	-0.0125567	-0.0136986	-0.0145032	-0.0149507	-0.0145032	-0.0136986	-0.0125567	-0.0111056	-0.00938105	-0.00702987	-0.0045056	-0.00177234	0.00118082	0.00410491	0.00692791	0.00958033	0.0119969	0.014118	
0.0158915	0.0176846	0.0190423	0.019931	0.0203291	0.0202265	0.0203291	0.019931	0.0190423	0.0176846	0.0158915	0.014118	0.0119969	0.00958033	0.00692791	0.00410491	0.00118082	-0.00177234	-0.0045056	-0.00702987	-0.00938105	-0.0111056	-0.0125567	-0.0136986	-0.0145032	-0.0149507	-0.0145032	-0.0136986	-0.0125567	-0.0111056	-0.00938105	-0.00702987	-0.0045056	-0.00177234	0.00118082	0.00410491	0.00692791	0.00958033	0.0119969	0.014118	
0.0158915	0.0188033	0.0212521	0.0231776	0.0245324	0.0252832	0.0254113	0.0249138	0.0238028	0.0221057	0.0198643	0.0177797	0.0152573	0.0123592	0.00915678	0.00572889	0.00215994	-0.0014622	-0.0045056	-0.00710262	-0.00952475	-0.0117123	-0.0136115	-0.0151756	-0.016366	-0.0171533	-0.0175183	-0.017452	-0.0169559	-0.0160423	-0.0147337	-0.0120664	-0.00910188	-0.00591328	-0.00257907	0.000818639	0.00419619	0.00747042	0.0105607	0.0133909	
0.0158915	0.0176846	0.0190423	0.019931	0.0203291	0.0202265	0.0203291	0.019931	0.0190423	0.0176846	0.0158915	0.014118	0.0119969	0.00958033	0.00692791	0.00410491	0.00118082	-0.00177234	-0.0045056	-0.00702987	-0.00938105	-0.0111056	-0.0125567	-0.0136986	-0.0145032	-0.0149507	-0.0145032	-0.0136986	-0.0125567	-0.0111056	-0.00938105	-0.00702987	-0.0045056	-0.00177234	0.00118082	0.00410491	0.00692791	0.00958033	0.0119969	0.014118	
0.0158915	0.0176846	0.0190423	0.019931	0.0203291	0.0202265	0.0203291	0.019931	0.0190423	0.0176846	0.0158915	0.014118	0.0119969	0.00958033	0.00692791	0.00410491	0.00118082	-0.00177234	-0.0045056	-0.00702987	-0.00938105	-0.0111056	-0.0125567	-0.0136986	-0.0145032	-0.0149507	-0.0145032	-0.0136986	-0.0125567	-0.0111056	-0.00938105	-0.00702987	-0.0045056	-0.00177234	0.00118082	0.00410491	0.00692791	0.00958033	0.0119969	0.014118	
0.0158915	0.0176846	0.0190423	0.019931	0.0203291	0.0202265	0.0203291	0.019931	0.0190423	0.0176846	0.0158915	0.014118	0.0119969	0.00958033	0.00692791	0.00410491	0.00118082	-0.00177234	-0.0045056	-0.00702987	-0.00938105	-0.0111056	-0.0125567	-0.0136986	-0.0145032	-0.0149507	-0.0145032	-0.0136986	-0.0125567	-0.0111056	-0.00938105	-0.00702987	-0.0045056	-0.00177234	0.00118082	0.00410491	0.00692791	0.00958033	0.0119969	0.014118	
0.0158915	0.0176846	0.0190423	0.019931	0.0203291	0.0202265	0.0203291	0.019931	0.0190423	0.0176846	0.0158915	0.014118	0.0119969	0.00958033	0.00692791	0.00410491	0.00118082	-0.00177234	-0.0045056	-0.00702987	-0.00938105	-0.0111056	-0.0125567	-0.0136986	-0.0145032	-0.0149507	-0.0145032	-0.0136986	-0.0125567	-0.0111056	-0.00938105	-0.00702987	-0.0045056	-0.00177234	0.00118082	0.00410491	0.00692791	0.00958033	0.0119969	0.014118	
0.0158915	0.0176846	0.0190423	0.019931	0.0203291	0.0202265	0.0203291	0.019931	0.0190423	0.0176846	0.0158915	0.014118	0.0119969	0.00958033	0.00692791	0.00410491	0.00118082	-0.00177234	-0.0045056	-0.00702987	-0.00938105	-0.0111056	-0.0125567	-0.0136986	-0.0145032	-0.0149507	-0.0145032	-0.0136986	-0.0125567	-0.0111056	-0.00938105	-0.00702987	-0.0045056	-0.00177234	0.00118082	0.00410491	0.00692791	0.00958033	0.0119969	0.014118	
0.0158915	0.0188033	0.0212521	0.0231776	0.0245324	0.0252832	0.0254113	0.0249138	0.0238028	0.0221057	0.0198643	0.0177797	0.0152573	0.0123592	0.00915678	0.00572889	0.00215994	-0.0014622	-0.0045056	-0.00710262	-0.00952475	-0.0117123	-0.0136115	-0.0151756	-0.016366	-0.0171533	-0.0175183	-0.017452	-0.0169559	-0.0160423	-0.0147337	-0.0120664	-0.00910188	-0.00591328	-0.00257907	0.000818639	0.00419619	0.00747042	0.0105607	0.0133909	
0.0158915	0.0176846	0.0190423	0.019931	0.0203291	0.0202265	0.0203291	0.019931	0.0190423	0.0176846	0.0158915	0.014118	0.0119969	0.00958033	0.00692791	0.00410491	0.00118082	-0.00177234	-0.0045056	-0.00702987	-0.00938105	-0.0111056	-0.0125567	-0.0136986	-0.0145032	-0.0149507	-0.0145032	-0.0136986	-0.0125567	-0.0111056	-0.00938105	-0.00702987	-0.0045056	-0.00177234	0.00118082	0.00410491	0.00692791	0.00958033	0.0119969	0.014118	
0.0158915	0.0176846	0.0190423	0.019931	0.0203291	0.0202265	0.0203291	0.019931	0.0190423	0.0176846	0.0158915	0.014118	0.0119969	0.00958033	0.00692791	0.00410491	0.00118082	-0.00177234	-0.0045056	-0.00702987	-0.00938105	-0.0111056	-0.0125567	-0.0136986	-0.0145032	-0.0149507	-0.0145032	-0.0136986	-0.0125567	-0.0111056	-0.00938105	-0.00702987	-0.0045056	-0.00177234	0.00118082	0.00410491	0.00692791	0.00958033	0.0119969	0.014118	
0.0158915	0.0176846	0.0190423	0.019931	0.0203291	0.0202265	0.0203291	0.019931	0.0190423	0.0176846	0.0158915	0.014118	0.0119969	0.00958033	0.00692791	0.00410491	0.00118082	-0.00177234	-0.0045056	-0.00702987	-0.00938105	-0.0111056	-0.0125567	-0.0136986	-0.0145032	-0.0149507	-0.0145032	-0.0136986	-0.0125567	-0.0111056	-0.00938105	-0.00702987	-0.0045056	-0.00177234	0.00118082	0.00410491	0.00692791	0.00958033	0.0119969	0.014118	
0.0158915	0.0176846	0.0190423	0.019931	0.0203291	0.0202265	0.0203291	0.019931	0.0190423	0.0176846	0.0158915	0.014118	0.0119969	0.00958033	0.00692791	0.00410491	0.00118082	-0.00177234	-0.0045056	-0.00702987	-0.00938105	-0.0111056	-0.0125567	-0.0136986	-0.0145032	-0.0149507	-0.0145032	-0.0136986	-0.0125567	-0.0111056	-0.00938105	-0.00702987	-0.0045056	-0.00177234	0.00118082	0.00410491	0.00692791	0.00958033	0.0119969	0.014118	
0.0158915	0.0176846	0.0190423	0.019931	0.0203291	0.0202265	0.0203291	0.019931	0.0190423	0.0176846	0.0158915	0.014118	0.0119969	0.00958033	0.00692791	0.00410491	0.00118082	-0.00177234	-0.0045056	-0.00702987	-0.00938105	-0.0111056	-0.0125567	-0.0136986	-0.0145032	-0.0149507	-0.0145032	-0.0136986	-0.0125567	-0.0111056	-0.00938105	-0.00702987	-0.0045056	-0.00177234	0.00118082	0.00410491	0.00692791	0.00958033	0.0119969	0.014118	
0.0158915	0.0188033	0.0212521	0.0231776	0.0245324	0.0252832	0.0254113	0.0249138	0.0238028	0.0221057	0.0198643	0.0177797	0.0152573	0.0123592	0.00915678	0.00572889	0.00215994	-0.0014622	-0.0045056	-0.00710262	-0.00952475	-0.0117123	-0.0136115	-0.0151756	-0.016366	-0.0171533	-0.0175183	-0.017452	-0.0169559	-0.0160423	-0.0147337	-0.0120664	-0.00910188	-0.00591328	-0.00257907	0.000818639	0.00419619	0.00747042	0.0105607	0.0133909	
0.0158915	0.0176846	0.0190423	0.019931	0.0203291	0.0202265	0.0203291	0.019931	0.0190423	0.0176846	0.0158915	0.014118	0.0119969	0.00958033	0.00692791	0.00410491	0.00118082	-0.00177234	-0.0045056	-0.00702987	-0.00938105	-0.0111056	-0.0125567	-0.0136986	-0.0145032	-0.0149507	-0.0145032	-0.0136986	-0.0125567	-0.0111056	-0.00938105	-0.00702987	-0.0045056	-0.00177234	0.00118082	0.00410491	0.00692791	0.00958033	0.0119969	0.014118	
0.0158915	0.0176846	0.0190423	0.019931	0.0203291	0.0202265	0.0203291	0.019931	0.0190423	0.0176846	0.0158915	0.014118	0.0119969	0.00958033	0.00692791	0.00410491	0.00118082	-0.00177234	-0.0045056	-0.00702987	-0.00938105	-0.0111056	-0.0125567	-0.0136986	-0.0145032	-0.0149507	-0.0145032	-0.0136986	-0.0125567	-0.0111056	-0.00938105	-0.00702987	-0.0045056	-0.00177234	0.00118082	0.00410491	0.00692791	0.00958033	0.0119969	0.014118	
0.0158915	0.0176846	0.0190423	0.019931	0.0203291	0.0202265	0.0203291	0.019931	0.0190423	0.0176846	0.0158915	0.014118	0.0119969	0.00958033	0.00692791	0.00410491	0.00118082	-0.00177234	-0.0045056	-0.00702987	-0.00938105	-0.0111056	-0.0125567	-0.0136986	-0.0145032	-0.0149507	-0.0145032	-0.0136986	-0.0125567	-0.0111056	-0.00938105	-0.00702987	-0.0045056	-0.00177234	0.00118082	0.00410491	0.00692791	0.00958033	0.0119969	0.014118	
0.0158915	0.0176846	0.0190423	0.019931	0.0203291	0.0202265	0.0203291	0.019931	0.0190423	0.0176846	0.0158915	0.014118	0.0119969	0.00958033	0.00692791	0.00410491	0.00118082	-0.00177234	-0.0045056	-0.00702987	-0.00938105	-0.0111056	-0.0125567	-0.0136986	-0.0145032	-0.0149507	-0.0145032	-0.0136986	-0.0125567	-0.0111056	-0.00938105	-0.00702987	-0.0045056	-0.00177234	0.00118082	0.00410491	0.00692791	0.00958033	0.0119969	0.014118	
0.0158915	0.0176846	0.0190423	0.019931	0.0203291	0.0202265	0.0203291	0.019931	0.0190423	0.0176846	0.0158915	0.014118	0.0119969	0.00958033	0.00692791	0.00410491	0.00118082	-0.00177234	-0.0045056	-0.00702987	-0.00938105	-0.0111056	-0.0125567	-0.0136986	-0.0145032	-0.0149507	-0.0145032	-0.0136986	-0.0125567	-0.0111056	-0.00938105	-0.00702987	-0.0045056	-0.00177234	0.00118082	0.00410491	0.00692791	0.00958033	0.0119969	0.014118	
