1.14937e-06	1.3315e-06	1.47316e-06	1.57007e-06	1.61927e-06	1.61927e-06	1.57007e-06	1.47316e-06	1.3315e-06	1.14937e-06	1.03129e-05	1.9163e-05	2.74309e-05	3.48654e-05	4.12404e-05	4.63624e-05	5.00757e-05	5.22675e-05	5.28711e-05	6.12488e-05	6.77656e-05	7.22233e-05	7.44865e-05	7.44865e-05	7.22233e-05	6.77656e-05	6.12488e-05	5.28711e-05	5.22675e-05	5.00757e-05	4.63624e-05	4.12404e-05	3.48654e-05	2.74309e-05	1.9163e-05	1.03129e-05	
1.14937e-06	0.0173661	0.0342034	0.0500015	0.0642803	0.076606	0.086604	0.0939706	0.098482	0.100001	0.098491	0.0939883	0.0866299	0.0766392	0.0643199	0.0500463	0.0342521	0.0174171	5.28711e-05	-0.00688468	-0.013613	-0.0199278	-0.025637	-0.0305673	-0.0345688	-0.0375199	-0.0393311	-0.0399471	-0.0393401	-0.0375377	-0.0345947	-0.0306006	-0.0256767	-0.0199727	-0.0136618	-0.00693573	
1.14937e-06	0.0243121	0.0478843	0.0700015	0.0899918	0.107248	0.121245	0.131558	0.137874	0.140001	0.137883	0.131576	0.121271	0.107281	0.0900314	0.0700463	0.0479329	0.024363	5.28711e-05	-0.0138306	-0.0272938	-0.0399278	-0.0513485	-0.0612091	-0.0692098	-0.0751076	-0.0787234	-0.0799471	-0.0787324	-0.0751254	-0.0692357	-0.0612424	-0.0513882	-0.0399727	-0.0273426	-0.0138817	
1.14937e-06	0.0306792	0.060425	0.0883348	0.113561	0.135336	0.152999	0.166014	0.173984	0.176668	0.173993	0.166031	0.153025	0.135369	0.1136	0.0883796	0.0604736	0.0307301	5.28711e-05	-0.0201977	-0.0398346	-0.0582611	-0.0749174	-0.0892974	-0.100964	-0.109563	-0.114833	-0.116614	-0.114842	-0.109581	-0.10099	-0.0893307	-0.0749571	-0.058306	-0.0398833	-0.0202488	
1.14937e-06	0.0342968	0.0675504	0.0987515	0.126952	0.151295	0.171041	0.185591	0.194501	0.197501	0.19451	0.185608	0.171067	0.151329	0.126992	0.0987963	0.067599	0.0343478	5.28711e-05	-0.0238154	-0.04696	-0.0686778	-0.0883088	-0.105257	-0.119006	-0.12914	-0.13535	-0.137447	-0.135359	-0.129158	-0.119032	-0.10529	-0.0883485	-0.0687227	-0.0470087	-0.0238664	
1.14937e-06	0.0364674	0.0718257	0.105002	0.134987	0.160871	0.181867	0.197337	0.206811	0.210001	0.20682	0.197355	0.181893	0.160904	0.135027	0.105046	0.0718743	0.0365184	5.28711e-05	-0.025986	-0.0512353	-0.0749278	-0.0963437	-0.114832	-0.129832	-0.140886	-0.14766	-0.149947	-0.147669	-0.140904	-0.129858	-0.114865	-0.0963834	-0.0749727	-0.051284	-0.026037	
0.100001	0.098482	0.0939706	0.086604	0.076606	0.0642803	0.0500015	0.0342034	0.0173661	1.14937e-06	-0.00693573	-0.0136618	-0.0199727	-0.0256767	-0.0306006	-0.0345947	-0.0375377	-0.0393401	-0.0399471	-0.0393311	-0.0375199	-0.0345688	-0.0305673	-0.025637	-0.0199278	-0.013613	-0.00688468	5.28711e-05	0.0174171	0.0342521	0.0500463	0.0643199	0.0766392	0.0866299	0.0939883	0.098491	
0.0711751	0.0706634	0.0700637	0.071963	0.0716757	0.0716757	0.071963	0.0700637	0.0706634	0.0711751	0.0695241	0.0657607	0.0599992	0.0524147	0.0432375	0.0327466	0.0217113	0.01105	5.28711e-05	6.12488e-05	6.77656e-05	7.22233e-05	7.44865e-05	7.44865e-05	7.22233e-05	6.77656e-05	6.12488e-05	5.28711e-05	0.01105	0.0217113	0.0327466	0.0432375	0.0524147	0.0599992	0.0657607	0.0695241	
0.060001	0.0729815	0.0837445	0.091963	0.0973872	0.0998524	0.0995944	0.108066	0.113254	0.115001	0.113263	0.108084	0.0996203	0.0881299	0.0739617	0.0575463	0.0393824	0.0200218	5.28711e-05	-0.00456937	-0.00905277	-0.0132611	-0.0170665	-0.0203534	-0.0230218	-0.0249907	-0.0262003	-0.0266138	-0.0198422	-0.0124677	-0.00471437	0.00318219	0.0109821	0.0184483	0.029039	0.0452068	
0.060001	0.0793486	0.0962853	0.110296	0.120956	0.127941	0.135679	0.14722	0.154288	0.156668	0.154297	0.147238	0.135705	0.120048	0.100745	0.0783796	0.0536332	0.0272571	5.28711e-05	-0.0115153	-0.0227336	-0.0332611	-0.042778	-0.0509951	-0.0576628	-0.0625784	-0.0655926	-0.0666138	-0.0586557	-0.0489153	-0.0376887	-0.025317	-0.012176	0.00133501	0.0164983	0.0388397	
0.060001	0.0829663	0.103411	0.120713	0.134347	0.1439	0.153721	0.166797	0.174805	0.177501	0.174814	0.166814	0.153747	0.136008	0.114136	0.0887963	0.0607586	0.0308748	5.28711e-05	-0.015133	-0.029859	-0.0436778	-0.0561694	-0.0669544	-0.075705	-0.0821553	-0.0861094	-0.0874471	-0.0791725	-0.0684923	-0.0557309	-0.0412762	-0.0255674	-0.00908165	0.00937284	0.035222	
0.060001	0.0851369	0.107686	0.126963	0.142382	0.153475	0.164546	0.178543	0.187115	0.190001	0.187124	0.178561	0.164572	0.145583	0.122171	0.0950463	0.0650339	0.0330454	5.28711e-05	-0.0173036	-0.0341342	-0.0499278	-0.0642043	-0.07653	-0.0865303	-0.0939015	-0.0984195	-0.0999471	-0.0914826	-0.0802384	-0.0665562	-0.0508518	-0.0336022	-0.0153317	0.00509759	0.0330514	
0.140001	0.137874	0.131558	0.121245	0.107248	0.0899918	0.0700015	0.0478843	0.0243121	1.14937e-06	-0.0138817	-0.0273426	-0.0399727	-0.0513882	-0.0612424	-0.0692357	-0.0751254	-0.0787324	-0.0799471	-0.0787234	-0.0751076	-0.0692098	-0.0612091	-0.0513485	-0.0399278	-0.0272938	-0.0138306	5.28711e-05	0.024363	0.0479329	0.0700463	0.0900314	0.107281	0.121271	0.131576	0.137883	
0.115001	0.113254	0.108066	0.0995944	0.0998524	0.0973872	0.091963	0.0837445	0.0729815	0.060001	0.0452068	0.029039	0.0184483	0.0109821	0.00318219	-0.00471437	-0.0124677	-0.0198422	-0.0266138	-0.0262003	-0.0249907	-0.0230218	-0.0203534	-0.0170665	-0.0132611	-0.00905277	-0.00456937	5.28711e-05	0.0200218	0.0393824	0.0575463	0.0739617	0.0881299	0.0996203	0.108084	0.113263	
0.0837486	0.0842036	0.0821001	0.0778816	0.0712967	0.0712967	0.0778816	0.0821001	0.0842036	0.0837486	0.080749	0.0752959	0.0675549	0.0577613	0.0462126	0.0332599	0.0192965	0.00493888	5.28711e-05	-0.00456937	-0.00905277	-0.0132611	-0.0170665	-0.0170665	-0.0132611	-0.00905277	-0.00456937	5.28711e-05	0.00493888	0.0192965	0.0332599	0.0462126	0.0577613	0.0675549	0.0752959	0.080749	
0.045001	0.0558941	0.0650889	0.0767823	0.0913004	0.103215	0.113966	0.121254	0.125237	0.125415	0.121783	0.11445	0.103639	0.0896798	0.0729955	0.0540932	0.0335473	0.0119821	-0.00994713	-0.0213634	-0.0249907	-0.0230218	-0.0203534	-0.0170665	-0.0132611	-0.00905277	-0.00456937	5.28711e-05	0.00504422	0.0098823	0.0144201	0.0185198	0.0220567	0.0249235	0.027033	0.03275	
0.045001	0.0595118	0.0722143	0.087199	0.104692	0.119174	0.132008	0.140831	0.145754	0.146249	0.142299	0.134027	0.121681	0.105639	0.0863869	0.0645099	0.0406727	0.0155998	-0.00994713	-0.024981	-0.0392559	-0.052338	-0.0638299	-0.0733823	-0.080705	-0.0855755	-0.0878459	-0.0874471	-0.0783043	-0.0667822	-0.0532309	-0.0380623	-0.0217371	-0.00475153	0.0123785	0.0291323	
0.045001	0.0619678	0.0820517	0.0996425	0.114206	0.12875	0.142833	0.152577	0.158064	0.158749	0.15461	0.145773	0.132507	0.115215	0.0944217	0.0707599	0.044948	0.0177704	-0.00994713	-0.0271516	-0.0435312	-0.058588	-0.0718647	-0.0829578	-0.0915303	-0.0973217	-0.100156	-0.0999471	-0.0906144	-0.0785283	-0.0640562	-0.0476378	-0.029772	-0.0110015	0.00810321	0.0269617	
0.176668	0.173984	0.166014	0.152999	0.135336	0.113561	0.0883348	0.060425	0.0306792	1.14937e-06	-0.0202488	-0.0398833	-0.058306	-0.0749571	-0.0893307	-0.10099	-0.109581	-0.114842	-0.116614	-0.114833	-0.109563	-0.100964	-0.0892974	-0.0749174	-0.0582611	-0.0398346	-0.0201977	5.28711e-05	0.0307301	0.0604736	0.0883796	0.1136	0.135369	0.153025	0.166031	0.173993	
0.156668	0.154288	0.14722	0.135679	0.127941	0.120956	0.110296	0.0962853	0.0793486	0.060001	0.0388397	0.0164983	0.00133501	-0.012176	-0.025317	-0.0376887	-0.0489153	-0.0586557	-0.0666138	-0.0655926	-0.0625784	-0.0576628	-0.0509951	-0.042778	-0.0332611	-0.0227336	-0.0115153	5.28711e-05	0.0272571	0.0536332	0.0783796	0.100745	0.120048	0.135705	0.147238	0.154297	
0.125415	0.125237	0.121254	0.113966	0.103215	0.0913004	0.0767823	0.0650889	0.0558941	0.045001	0.03275	0.027033	0.0249235	0.0220567	0.0185198	0.0144201	0.0098823	0.00504422	5.28711e-05	-0.00456937	-0.00905277	-0.0132611	-0.0170665	-0.0203534	-0.0230218	-0.0249907	-0.0213634	-0.00994713	0.0119821	0.0335473	0.0540932	0.0729955	0.0896798	0.103639	0.11445	0.121783	
0.0666678	0.0749164	0.0808887	0.0844032	0.0853532	0.0853532	0.0844032	0.0808887	0.0749164	0.0666678	0.0572133	0.0460204	0.0334291	0.0198222	0.0135531	0.0105567	0.0072396	0.00370249	5.28711e-05	6.12488e-05	6.77656e-05	7.22233e-05	7.44865e-05	7.44865e-05	7.22233e-05	6.77656e-05	6.12488e-05	5.28711e-05	0.00370249	0.0072396	0.0105567	0.0135531	0.0198222	0.0334291	0.0460204	0.0572133	
0.0533344	0.0677185	0.0800451	0.0899395	0.0971012	0.101312	0.102445	0.100466	0.0954332	0.0875011	0.0777301	0.0655973	0.0514713	0.0357814	0.0221236	0.0172234	0.0117999	0.0060178	5.28711e-05	-0.00297759	-0.00591759	-0.00867778	-0.0111743	-0.0133313	-0.0150832	-0.0163769	-0.0171729	-0.0174471	-0.0138318	-0.00979618	-0.00546292	-0.000963666	0.00356486	0.00798508	0.0202092	0.0373391	
0.0533344	0.0698891	0.0843203	0.0961895	0.105136	0.110888	0.113271	0.112212	0.107743	0.100001	0.0900402	0.0773434	0.0622966	0.045357	0.0272659	0.0212234	0.014536	0.00740698	5.28711e-05	-0.0051482	-0.0101928	-0.0149278	-0.0192091	-0.0229068	-0.0259085	-0.028123	-0.029483	-0.0299471	-0.0267976	-0.0228338	-0.0181762	-0.0129664	-0.00736252	-0.00153499	0.015934	0.0351685	
0.197501	0.194501	0.185591	0.171041	0.151295	0.126952	0.0987515	0.0675504	0.0342968	1.14937e-06	-0.0238664	-0.0470087	-0.0687227	-0.0883485	-0.10529	-0.119032	-0.129158	-0.135359	-0.137447	-0.13535	-0.12914	-0.119006	-0.105257	-0.0883088	-0.0686778	-0.04696	-0.0238154	5.28711e-05	0.0343478	0.067599	0.0987963	0.126992	0.151329	0.171067	0.185608	0.19451	
0.177501	0.174805	0.166797	0.153721	0.1439	0.134347	0.120713	0.103411	0.0829663	0.060001	0.035222	0.00937284	-0.00908165	-0.0255674	-0.0412762	-0.0557309	-0.0684923	-0.0791725	-0.0874471	-0.0861094	-0.0821553	-0.075705	-0.0669544	-0.0561694	-0.0436778	-0.029859	-0.015133	5.28711e-05	0.0308748	0.0607586	0.0887963	0.114136	0.136008	0.153747	0.166814	0.174814	
0.146249	0.145754	0.140831	0.132008	0.119174	0.104692	0.087199	0.0722143	0.0595118	0.045001	0.0291323	0.0123785	-0.00475153	-0.0217371	-0.0380623	-0.0532309	-0.0667822	-0.0783043	-0.0874471	-0.0878459	-0.0855755	-0.080705	-0.0733823	-0.0638299	-0.052338	-0.0392559	-0.024981	-0.00994713	0.0155998	0.0406727	0.0645099	0.0863869	0.105639	0.121681	0.134027	0.142299	
0.0875011	0.0954332	0.100466	0.102445	0.101312	0.0971012	0.0899395	0.0800451	0.0677185	0.0533344	0.0373391	0.0202092	0.00798508	0.00356486	-0.000963666	-0.00546292	-0.00979618	-0.0138318	-0.0174471	-0.0171729	-0.0163769	-0.0150832	-0.0133313	-0.0111743	-0.00867778	-0.00591759	-0.00297759	5.28711e-05	0.0060178	0.0117999	0.0172234	0.0221236	0.0357814	0.0514713	0.0655973	0.0777301	
0.0326268	0.0351608	0.0366264	0.0369792	0.0362084	0.0362084	0.0369792	0.0366264	0.0351608	0.0326268	0.0291015	0.0246919	0.0195321	0.0137788	0.00760684	0.00120375	-0.00523591	-0.00872658	-0.0119471	-0.0147953	-0.0171939	-0.0190701	-0.0203668	-0.0203668	-0.0190701	-0.0171939	-0.0147953	-0.0119471	-0.00872658	-0.00523591	0.00120375	0.00760684	0.0137788	0.0195321	0.0246919	0.0291015	
0.0505118	0.0598068	0.0672846	0.072718	0.075942	0.0770109	0.07574	0.0721677	0.0664027	0.05862	0.0490562	0.0380019	0.0264603	0.0199071	0.0127491	0.00520375	0.00299791	0.00154892	5.28711e-05	6.12488e-05	6.77656e-05	7.22233e-05	7.44865e-05	7.44865e-05	7.22233e-05	6.77656e-05	6.12488e-05	5.28711e-05	0.00329223	0.00643155	0.00937546	0.0120345	0.0143279	0.0161859	0.0276464	0.039682	
0.210001	0.206811	0.197337	0.181867	0.160871	0.134987	0.105002	0.0718257	0.0364674	1.14937e-06	-0.026037	-0.051284	-0.0749727	-0.0963834	-0.114865	-0.129858	-0.140904	-0.147669	-0.149947	-0.14766	-0.140886	-0.129832	-0.114832	-0.0963437	-0.0749278	-0.0512353	-0.025986	5.28711e-05	0.0365184	0.0718743	0.105046	0.135027	0.160904	0.181893	0.197355	0.20682	
0.190001	0.187115	0.178543	0.164546	0.153475	0.142382	0.126963	0.107686	0.0851369	0.060001	0.0330514	0.00509759	-0.0153317	-0.0336022	-0.0508518	-0.0665562	-0.0802384	-0.0914826	-0.0999471	-0.0984195	-0.0939015	-0.0865303	-0.07653	-0.0642043	-0.0499278	-0.0341342	-0.0173036	5.28711e-05	0.0330454	0.0650339	0.0950463	0.122171	0.145583	0.164572	0.178561	0.187124	
0.158749	0.158064	0.152577	0.142833	0.12875	0.114206	0.0996425	0.0820517	0.0619678	0.045001	0.0269617	0.00810321	-0.0110015	-0.029772	-0.0476378	-0.0640562	-0.0785283	-0.0906144	-0.0999471	-0.100156	-0.0973217	-0.0915303	-0.0829578	-0.0718647	-0.058588	-0.0435312	-0.0271516	-0.00994713	0.0177704	0.044948	0.0707599	0.0944217	0.115215	0.132507	0.145773	0.15461	
0.100001	0.107743	0.112212	0.113271	0.110888	0.105136	0.0961895	0.0843203	0.0698891	0.0533344	0.0351685	0.015934	-0.00153499	-0.00736252	-0.0129664	-0.0181762	-0.0228338	-0.0267976	-0.0299471	-0.029483	-0.028123	-0.0259085	-0.0229068	-0.0192091	-0.0149278	-0.0101928	-0.0051482	5.28711e-05	0.00740698	0.014536	0.0212234	0.0272659	0.045357	0.0622966	0.0773434	0.0900402	
0.05862	0.0664027	0.0721677	0.07574	0.0770109	0.075942	0.072718	0.0672846	0.0598068	0.0505118	0.039682	0.0276464	0.0161859	0.0143279	0.0120345	0.00937546	0.00643155	0.00329223	5.28711e-05	6.12488e-05	6.77656e-05	7.22233e-05	7.44865e-05	7.44865e-05	7.22233e-05	6.77656e-05	6.12488e-05	5.28711e-05	0.00154892	0.00299791	0.00520375	0.0127491	0.0199071	0.0264603	0.0380019	0.0490562	
0.0630118	0.0721169	0.0790308	0.0835434	0.0855175	0.0855175	0.0835434	0.0790308	0.0721169	0.0630118	0.0519921	0.0393926	0.0270112	0.0239034	0.0200693	0.0156255	0.0107068	0.00546283	5.28711e-05	6.12488e-05	6.77656e-05	7.22233e-05	7.44865e-05	7.44865e-05	7.22233e-05	6.77656e-05	6.12488e-05	5.28711e-05	0.00546283	0.0107068	0.0156255	0.0200693	0.0239034	0.0270112	0.0393926	0.0519921	
