0.00283342	0.00328239	0.00363163	0.00387052	0.00399181	0.00399181	0.00387052	0.00363163	0.00328239	0.00283342	0.0254232	0.0472405	0.0676225	0.0859497	0.101665	0.114292	0.123446	0.128849	0.130337	0.15099	0.167055	0.178044	0.183623	0.183623	0.178044	0.167055	0.15099	0.130337	0.128849	0.123446	0.114292	0.101665	0.0859497	0.0676225	0.0472405	0.0254232	
0.00283342	0.020598	0.0377367	0.0537289	0.0680884	0.0803792	0.0902277	0.0973346	0.101484	0.10255	0.123625	0.140944	0.15398	0.162337	0.165762	0.16415	0.157551	0.146165	0.130337	0.144044	0.153374	0.158044	0.157912	0.152982	0.143403	0.129467	0.111598	0.0903373	0.0894077	0.0857615	0.0795094	0.0708416	0.0600212	0.0473771	0.0332935	0.0181982	
0.00283342	0.0275439	0.0514175	0.0737289	0.0937999	0.111021	0.124869	0.134922	0.140876	0.14255	0.163017	0.178531	0.188621	0.192979	0.191474	0.18415	0.171232	0.153111	0.130337	0.137098	0.139693	0.138044	0.1322	0.12234	0.108762	0.0918796	0.0722054	0.0503373	0.0500154	0.0481738	0.0448684	0.0401998	0.0343097	0.0273771	0.0196127	0.0112523	
0.00283342	0.033911	0.0639583	0.0920622	0.117369	0.139109	0.156623	0.169378	0.176986	0.179217	0.199127	0.212987	0.220375	0.221067	0.215042	0.202484	0.183773	0.159478	0.130337	0.130731	0.127153	0.119711	0.108631	0.0942515	0.0770078	0.0574242	0.0360958	0.0136706	0.0139058	0.0137184	0.0131142	0.0121115	0.0107408	0.00904376	0.00707193	0.00488522	
0.00283342	0.0375287	0.0710837	0.102479	0.13076	0.155069	0.174665	0.188955	0.197503	0.20005	0.219644	0.232564	0.238417	0.237026	0.228434	0.2129	0.190898	0.163096	0.130337	0.127113	0.120027	0.109294	0.0952401	0.0782923	0.0589656	0.0378473	0.015579	-0.00716269	-0.00661105	-0.00585854	-0.00492803	-0.00384778	-0.00265061	-0.00137291	-5.34932e-05	0.00126755	
0.00283342	0.0396993	0.075359	0.108729	0.138795	0.164644	0.18549	0.200701	0.209813	0.21255	0.231954	0.24431	0.249242	0.246602	0.236469	0.21915	0.195173	0.165266	0.130337	0.124943	0.115752	0.103044	0.0872052	0.0687167	0.0481403	0.0261011	0.00326887	-0.0196627	-0.0189211	-0.0176047	-0.0157533	-0.0134233	-0.0106855	-0.00762291	-0.00432874	-0.000903053	
0.10255	0.101484	0.0973346	0.0902277	0.0803792	0.0680884	0.0537289	0.0377367	0.020598	0.00283342	0.0181982	0.0332935	0.0473771	0.0600212	0.0708416	0.0795094	0.0857615	0.0894077	0.0903373	0.111598	0.129467	0.143403	0.152982	0.157912	0.158044	0.153374	0.144044	0.130337	0.146165	0.157551	0.16415	0.165762	0.162337	0.15398	0.140944	0.123625	
0.10255	0.101484	0.0973346	0.0902277	0.0803792	0.0803792	0.0902277	0.0973346	0.101484	0.10255	0.123046	0.139803	0.152313	0.160195	0.163209	0.161264	0.154419	0.142882	0.130337	0.15099	0.167055	0.178044	0.183623	0.183623	0.178044	0.167055	0.15099	0.130337	0.142882	0.154419	0.161264	0.163209	0.160195	0.152313	0.139803	0.123046	
0.10255	0.101484	0.0973346	0.0955867	0.10116	0.111021	0.124869	0.134922	0.140876	0.14255	0.162438	0.177391	0.186954	0.190836	0.18892	0.181264	0.1681	0.149828	0.130337	0.15099	0.167055	0.178044	0.183623	0.183623	0.178044	0.167055	0.15099	0.130337	0.132273	0.13019	0.124166	0.123042	0.118179	0.11398	0.113582	0.109733	
0.10255	0.101484	0.0996493	0.11392	0.124729	0.139109	0.156623	0.169378	0.176986	0.179217	0.198548	0.211847	0.218708	0.218925	0.212489	0.199597	0.18064	0.156195	0.130337	0.15099	0.167055	0.178044	0.183623	0.183623	0.178044	0.167055	0.15099	0.130337	0.127064	0.119929	0.109717	0.101572	0.0937731	0.100646	0.104461	0.105102	
0.10255	0.101484	0.106775	0.124337	0.138121	0.155069	0.174665	0.188955	0.197503	0.20005	0.219065	0.231424	0.23675	0.234884	0.22588	0.210014	0.187766	0.159813	0.130337	0.15099	0.167055	0.178044	0.183623	0.183623	0.178044	0.167055	0.15099	0.130337	0.123591	0.113089	0.0991505	0.0856124	0.0852026	0.0939796	0.0999011	0.102787	
0.10255	0.101484	0.11105	0.130587	0.146156	0.164644	0.18549	0.200701	0.209813	0.21255	0.231375	0.24317	0.247576	0.244459	0.233915	0.216264	0.192041	0.161983	0.130337	0.15099	0.167055	0.178044	0.183623	0.183623	0.178044	0.167055	0.15099	0.130337	0.123591	0.113089	0.0991505	0.0821997	0.0787747	0.0889796	0.0964809	0.101051	
0.14255	0.140876	0.134922	0.124869	0.111021	0.0937999	0.0737289	0.0514175	0.0275439	0.00283342	0.0112523	0.0196127	0.0273771	0.0343097	0.0401998	0.0448684	0.0481738	0.0500154	0.0503373	0.0722054	0.0918796	0.108762	0.12234	0.1322	0.138044	0.139693	0.137098	0.130337	0.153111	0.171232	0.18415	0.191474	0.192979	0.188621	0.178531	0.163017	
0.14255	0.140876	0.134922	0.124869	0.111021	0.10116	0.0955867	0.0973346	0.101484	0.10255	0.109733	0.113582	0.11398	0.118179	0.123042	0.124166	0.13019	0.132273	0.130337	0.15099	0.167055	0.178044	0.183623	0.183623	0.178044	0.167055	0.15099	0.130337	0.149828	0.1681	0.181264	0.18892	0.190836	0.186954	0.177391	0.162438	
0.14255	0.140876	0.134922	0.124869	0.111021	0.111021	0.124869	0.134922	0.140876	0.14255	0.153467	0.15972	0.16197	0.1674	0.167743	0.16299	0.153285	0.140955	0.130337	0.15099	0.167055	0.178044	0.183623	0.183623	0.178044	0.167055	0.15099	0.130337	0.140955	0.153285	0.16299	0.167743	0.1674	0.16197	0.15972	0.153467	
0.14255	0.140876	0.134922	0.124869	0.124729	0.139109	0.156623	0.169378	0.176986	0.179217	0.185235	0.190773	0.198054	0.199318	0.194526	0.183824	0.167535	0.146157	0.130337	0.15099	0.167055	0.178044	0.183623	0.183623	0.178044	0.167055	0.15099	0.130337	0.140955	0.147291	0.14915	0.147316	0.150259	0.148637	0.145469	0.146231	
0.14255	0.140876	0.134922	0.124869	0.138121	0.155069	0.174665	0.188955	0.197503	0.20005	0.205752	0.21035	0.216097	0.215278	0.207918	0.19424	0.174661	0.149774	0.130337	0.15099	0.167055	0.178044	0.183623	0.183623	0.178044	0.167055	0.15099	0.130337	0.131405	0.130846	0.133995	0.137102	0.141688	0.14197	0.138344	0.142614	
0.14255	0.140876	0.134922	0.130587	0.146156	0.164644	0.18549	0.200701	0.209813	0.21255	0.218062	0.222096	0.226922	0.224853	0.215953	0.20049	0.178936	0.151945	0.130337	0.15099	0.167055	0.178044	0.183623	0.183623	0.178044	0.167055	0.15099	0.130337	0.131405	0.128479	0.12317	0.130973	0.136546	0.13797	0.135202	0.140443	
0.179217	0.176986	0.169378	0.156623	0.139109	0.117369	0.0920622	0.0639583	0.033911	0.00283342	0.00488522	0.00707193	0.00904376	0.0107408	0.0121115	0.0131142	0.0137184	0.0139058	0.0136706	0.0360958	0.0574242	0.0770078	0.0942515	0.108631	0.119711	0.127153	0.130731	0.130337	0.159478	0.183773	0.202484	0.215042	0.221067	0.220375	0.212987	0.199127	
0.179217	0.176986	0.169378	0.156623	0.139109	0.124729	0.11392	0.0996493	0.101484	0.10255	0.105102	0.104461	0.100646	0.0937731	0.101572	0.109717	0.119929	0.127064	0.130337	0.15099	0.167055	0.178044	0.183623	0.183623	0.178044	0.167055	0.15099	0.130337	0.156195	0.18064	0.199597	0.212489	0.218925	0.218708	0.211847	0.198548	
0.179217	0.176986	0.169378	0.156623	0.139109	0.124729	0.124869	0.134922	0.140876	0.14255	0.146231	0.145469	0.148637	0.150259	0.147316	0.14915	0.147291	0.140955	0.130337	0.15099	0.167055	0.178044	0.183623	0.183623	0.178044	0.167055	0.15099	0.130337	0.146157	0.167535	0.183824	0.194526	0.199318	0.198054	0.190773	0.185235	
0.179217	0.176986	0.169378	0.156623	0.139109	0.139109	0.156623	0.169378	0.176986	0.179217	0.180604	0.181652	0.184721	0.182177	0.174098	0.162484	0.156411	0.145586	0.130337	0.15099	0.167055	0.178044	0.183623	0.183623	0.178044	0.167055	0.15099	0.130337	0.145586	0.156411	0.162484	0.174098	0.182177	0.184721	0.181652	0.180604	
0.179217	0.176986	0.169378	0.156623	0.139109	0.155069	0.174665	0.188955	0.197503	0.20005	0.201121	0.201229	0.202763	0.198137	0.18749	0.171146	0.160971	0.147901	0.130337	0.15099	0.167055	0.178044	0.183623	0.183623	0.178044	0.167055	0.15099	0.130337	0.13864	0.14273	0.149183	0.163885	0.173607	0.178054	0.177092	0.178289	
0.179217	0.176986	0.169378	0.156623	0.146156	0.164644	0.18549	0.200701	0.209813	0.21255	0.213431	0.212975	0.213589	0.207712	0.195525	0.177396	0.163708	0.14929	0.130337	0.15099	0.167055	0.178044	0.183623	0.183623	0.178044	0.167055	0.15099	0.130337	0.13864	0.14273	0.142484	0.157756	0.168465	0.174054	0.174356	0.176553	
0.20005	0.197503	0.188955	0.174665	0.155069	0.13076	0.102479	0.0710837	0.0375287	0.00283342	0.00126755	-5.34932e-05	-0.00137291	-0.00265061	-0.00384778	-0.00492803	-0.00585854	-0.00661105	-0.00716269	0.015579	0.0378473	0.0589656	0.0782923	0.0952401	0.109294	0.120027	0.127113	0.130337	0.163096	0.190898	0.2129	0.228434	0.237026	0.238417	0.232564	0.219644	
0.20005	0.197503	0.188955	0.174665	0.155069	0.138121	0.124337	0.106775	0.101484	0.10255	0.102787	0.0999011	0.0939796	0.0852026	0.0856124	0.0991505	0.113089	0.123591	0.130337	0.15099	0.167055	0.178044	0.183623	0.183623	0.178044	0.167055	0.15099	0.130337	0.159813	0.187766	0.210014	0.22588	0.234884	0.23675	0.231424	0.219065	
0.20005	0.197503	0.188955	0.174665	0.155069	0.138121	0.124869	0.134922	0.140876	0.14255	0.142614	0.138344	0.14197	0.141688	0.137102	0.133995	0.130846	0.131405	0.130337	0.15099	0.167055	0.178044	0.183623	0.183623	0.178044	0.167055	0.15099	0.130337	0.149774	0.174661	0.19424	0.207918	0.215278	0.216097	0.21035	0.205752	
0.20005	0.197503	0.188955	0.174665	0.155069	0.139109	0.156623	0.169378	0.176986	0.179217	0.178289	0.177092	0.178054	0.173607	0.163885	0.149183	0.14273	0.13864	0.130337	0.15099	0.167055	0.178044	0.183623	0.183623	0.178044	0.167055	0.15099	0.130337	0.147901	0.160971	0.171146	0.18749	0.198137	0.202763	0.201229	0.201121	
0.20005	0.197503	0.188955	0.174665	0.155069	0.155069	0.174665	0.188955	0.197503	0.20005	0.198806	0.196669	0.196097	0.189566	0.177276	0.159599	0.149856	0.142258	0.130337	0.15099	0.167055	0.178044	0.183623	0.183623	0.178044	0.167055	0.15099	0.130337	0.142258	0.149856	0.159599	0.177276	0.189566	0.196097	0.196669	0.198806	
0.20005	0.197503	0.188955	0.174665	0.155069	0.164644	0.18549	0.200701	0.209813	0.21255	0.211116	0.208415	0.206922	0.199142	0.185311	0.165849	0.154131	0.144428	0.130337	0.15099	0.167055	0.178044	0.183623	0.183623	0.178044	0.167055	0.15099	0.130337	0.142258	0.149856	0.1529	0.171148	0.184424	0.192097	0.193933	0.197069	
0.21255	0.209813	0.200701	0.18549	0.164644	0.138795	0.108729	0.075359	0.0396993	0.00283342	-0.000903053	-0.00432874	-0.00762291	-0.0106855	-0.0134233	-0.0157533	-0.0176047	-0.0189211	-0.0196627	0.00326887	0.0261011	0.0481403	0.0687167	0.0872052	0.103044	0.115752	0.124943	0.130337	0.165266	0.195173	0.21915	0.236469	0.246602	0.249242	0.24431	0.231954	
0.21255	0.209813	0.200701	0.18549	0.164644	0.146156	0.130587	0.11105	0.101484	0.10255	0.101051	0.0964809	0.0889796	0.0787747	0.0821997	0.0991505	0.113089	0.123591	0.130337	0.15099	0.167055	0.178044	0.183623	0.183623	0.178044	0.167055	0.15099	0.130337	0.161983	0.192041	0.216264	0.233915	0.244459	0.247576	0.24317	0.231375	
0.21255	0.209813	0.200701	0.18549	0.164644	0.146156	0.130587	0.134922	0.140876	0.14255	0.140443	0.135202	0.13797	0.136546	0.130973	0.12317	0.128479	0.131405	0.130337	0.15099	0.167055	0.178044	0.183623	0.183623	0.178044	0.167055	0.15099	0.130337	0.151945	0.178936	0.20049	0.215953	0.224853	0.226922	0.222096	0.218062	
0.21255	0.209813	0.200701	0.18549	0.164644	0.146156	0.156623	0.169378	0.176986	0.179217	0.176553	0.174356	0.174054	0.168465	0.157756	0.142484	0.14273	0.13864	0.130337	0.15099	0.167055	0.178044	0.183623	0.183623	0.178044	0.167055	0.15099	0.130337	0.14929	0.163708	0.177396	0.195525	0.207712	0.213589	0.212975	0.213431	
0.21255	0.209813	0.200701	0.18549	0.164644	0.155069	0.174665	0.188955	0.197503	0.20005	0.197069	0.193933	0.192097	0.184424	0.171148	0.1529	0.149856	0.142258	0.130337	0.15099	0.167055	0.178044	0.183623	0.183623	0.178044	0.167055	0.15099	0.130337	0.144428	0.154131	0.165849	0.185311	0.199142	0.206922	0.208415	0.211116	
0.21255	0.209813	0.200701	0.18549	0.164644	0.164644	0.18549	0.200701	0.209813	0.21255	0.20938	0.205679	0.202922	0.193999	0.179182	0.15915	0.154131	0.144428	0.130337	0.15099	0.167055	0.178044	0.183623	0.183623	0.178044	0.167055	0.15099	0.130337	0.144428	0.154131	0.15915	0.179182	0.193999	0.202922	0.205679	0.20938	
