0.00691753	0.00801365	0.00886629	0.00944952	0.00974564	0.00974564	0.00944952	0.00886629	0.00801365	0.00691753	0.0620684	0.115333	0.165094	0.209838	0.248207	0.279034	0.301382	0.314573	0.318206	0.368628	0.407849	0.434678	0.448299	0.448299	0.434678	0.407849	0.368628	0.318206	0.314573	0.301382	0.279034	0.248207	0.209838	0.165094	0.115333	0.0620684	
0.00691753	0.0252583	0.0428317	0.0591036	0.0735797	0.0858202	0.095453	0.102186	0.105813	0.106226	0.159868	0.208653	0.251097	0.285913	0.312041	0.328688	0.335348	0.331818	0.318206	0.361682	0.394168	0.414678	0.422588	0.417658	0.400037	0.370261	0.329236	0.278206	0.275061	0.263558	0.244047	0.21712	0.183597	0.144495	0.101002	0.0544412	
0.00691753	0.0322043	0.0565125	0.0791036	0.0992913	0.116462	0.130094	0.139773	0.145205	0.146226	0.19926	0.24624	0.285738	0.316555	0.337752	0.348688	0.349028	0.338764	0.318206	0.354736	0.380488	0.394678	0.396876	0.387016	0.365396	0.332674	0.289843	0.238206	0.235669	0.22597	0.209406	0.186478	0.157885	0.124495	0.0873217	0.0474953	
0.00691753	0.0385714	0.0690533	0.097437	0.12286	0.14455	0.161848	0.174229	0.181315	0.182892	0.23537	0.280696	0.317493	0.344643	0.361321	0.367021	0.361569	0.345131	0.318206	0.348369	0.367947	0.376345	0.373307	0.358927	0.333642	0.298218	0.253734	0.20154	0.199559	0.191515	0.177651	0.15839	0.134316	0.106162	0.0747809	0.0411282	
0.00691753	0.042189	0.0761787	0.107854	0.136252	0.16051	0.17989	0.193806	0.201832	0.203726	0.255887	0.300273	0.335535	0.360602	0.374713	0.377438	0.368694	0.348749	0.318206	0.344751	0.360821	0.365928	0.359916	0.342968	0.315599	0.278641	0.233217	0.180706	0.179042	0.171938	0.159609	0.142431	0.120925	0.0957448	0.0676555	0.0375105	
0.00691753	0.0443596	0.0804539	0.114104	0.144286	0.170085	0.190716	0.205552	0.214142	0.216226	0.268197	0.312019	0.34636	0.370178	0.382747	0.383688	0.37297	0.350919	0.318206	0.342581	0.356546	0.359678	0.351881	0.333393	0.304774	0.266895	0.220907	0.168206	0.166732	0.160192	0.148784	0.132855	0.11289	0.0894948	0.0633803	0.0353399	
0.106226	0.105813	0.102186	0.095453	0.0858202	0.0735797	0.0591036	0.0428317	0.0252583	0.00691753	0.0544412	0.101002	0.144495	0.183597	0.21712	0.244047	0.263558	0.275061	0.278206	0.329236	0.370261	0.400037	0.417658	0.422588	0.414678	0.394168	0.361682	0.318206	0.331818	0.335348	0.328688	0.312041	0.285913	0.251097	0.208653	0.159868	
0.106226	0.105813	0.102186	0.095453	0.0858202	0.0858202	0.095453	0.102186	0.105813	0.106226	0.159289	0.207512	0.249431	0.28377	0.309487	0.325801	0.332215	0.328535	0.318206	0.368628	0.407849	0.434678	0.448299	0.448299	0.434678	0.407849	0.368628	0.318206	0.328535	0.332215	0.325801	0.309487	0.28377	0.249431	0.207512	0.159289	
0.106226	0.105813	0.102186	0.100812	0.106601	0.116462	0.130094	0.139773	0.145205	0.146226	0.198681	0.2451	0.284072	0.314412	0.335199	0.345801	0.345896	0.335481	0.318206	0.368628	0.407849	0.434678	0.448299	0.448299	0.434678	0.407849	0.368628	0.318206	0.317926	0.307986	0.288704	0.269321	0.241755	0.211097	0.181291	0.145976	
0.106226	0.105813	0.1045	0.119145	0.13017	0.14455	0.161848	0.174229	0.181315	0.182892	0.234791	0.279556	0.315826	0.3425	0.358768	0.364134	0.358437	0.341848	0.318206	0.368628	0.407849	0.434678	0.448299	0.448299	0.434678	0.407849	0.368628	0.318206	0.312717	0.297725	0.274254	0.24785	0.217349	0.197764	0.17217	0.141345	
0.106226	0.105813	0.111626	0.129562	0.143562	0.16051	0.17989	0.193806	0.201832	0.203726	0.255308	0.299133	0.333868	0.358459	0.372159	0.374551	0.365562	0.345466	0.318206	0.368628	0.407849	0.434678	0.448299	0.448299	0.434678	0.407849	0.368628	0.318206	0.309244	0.290885	0.263688	0.231891	0.208778	0.191097	0.16761	0.13903	
0.106226	0.105813	0.115901	0.135812	0.151597	0.170085	0.190716	0.205552	0.214142	0.216226	0.267618	0.310879	0.344694	0.368035	0.380194	0.380801	0.369837	0.347637	0.318206	0.368628	0.407849	0.434678	0.448299	0.448299	0.434678	0.407849	0.368628	0.318206	0.309244	0.290885	0.263688	0.228478	0.20235	0.186097	0.16419	0.137294	
0.146226	0.145205	0.139773	0.130094	0.116462	0.0992913	0.0791036	0.0565125	0.0322043	0.00691753	0.0474953	0.0873217	0.124495	0.157885	0.186478	0.209406	0.22597	0.235669	0.238206	0.289843	0.332674	0.365396	0.387016	0.396876	0.394678	0.380488	0.354736	0.318206	0.338764	0.349028	0.348688	0.337752	0.316555	0.285738	0.24624	0.19926	
0.146226	0.145205	0.139773	0.130094	0.116462	0.106601	0.100812	0.102186	0.105813	0.106226	0.145976	0.181291	0.211097	0.241755	0.269321	0.288704	0.307986	0.317926	0.318206	0.368628	0.407849	0.434678	0.448299	0.448299	0.434678	0.407849	0.368628	0.318206	0.335481	0.345896	0.345801	0.335199	0.314412	0.284072	0.2451	0.198681	
0.146226	0.145205	0.139773	0.130094	0.116462	0.116462	0.130094	0.139773	0.145205	0.146226	0.18971	0.227429	0.259088	0.290976	0.314022	0.327527	0.331081	0.326609	0.318206	0.368628	0.407849	0.434678	0.448299	0.448299	0.434678	0.407849	0.368628	0.318206	0.326609	0.331081	0.327527	0.314022	0.290976	0.259088	0.227429	0.18971	
0.146226	0.145205	0.139773	0.130094	0.13017	0.14455	0.161848	0.174229	0.181315	0.182892	0.221478	0.258482	0.295172	0.322894	0.340805	0.348361	0.345332	0.33181	0.318206	0.368628	0.407849	0.434678	0.448299	0.448299	0.434678	0.407849	0.368628	0.318206	0.326609	0.325087	0.313688	0.293594	0.273835	0.245754	0.213178	0.182474	
0.146226	0.145205	0.139773	0.130094	0.143562	0.16051	0.17989	0.193806	0.201832	0.203726	0.241995	0.278059	0.313214	0.338853	0.354196	0.358777	0.352457	0.335428	0.318206	0.368628	0.407849	0.434678	0.448299	0.448299	0.434678	0.407849	0.368628	0.318206	0.317058	0.308642	0.298532	0.28338	0.265264	0.239088	0.206053	0.178857	
0.146226	0.145205	0.139773	0.135812	0.151597	0.170085	0.190716	0.205552	0.214142	0.216226	0.254305	0.289805	0.32404	0.348429	0.362231	0.365027	0.356732	0.337598	0.318206	0.368628	0.407849	0.434678	0.448299	0.448299	0.434678	0.407849	0.368628	0.318206	0.317058	0.306276	0.287707	0.277252	0.260122	0.235088	0.202911	0.176686	
0.182892	0.181315	0.174229	0.161848	0.14455	0.12286	0.097437	0.0690533	0.0385714	0.00691753	0.0411282	0.0747809	0.106162	0.134316	0.15839	0.177651	0.191515	0.199559	0.20154	0.253734	0.298218	0.333642	0.358927	0.373307	0.376345	0.367947	0.348369	0.318206	0.345131	0.361569	0.367021	0.361321	0.344643	0.317493	0.280696	0.23537	
0.182892	0.181315	0.174229	0.161848	0.14455	0.13017	0.119145	0.1045	0.105813	0.106226	0.141345	0.17217	0.197764	0.217349	0.24785	0.274254	0.297725	0.312717	0.318206	0.368628	0.407849	0.434678	0.448299	0.448299	0.434678	0.407849	0.368628	0.318206	0.341848	0.358437	0.364134	0.358768	0.3425	0.315826	0.279556	0.234791	
0.182892	0.181315	0.174229	0.161848	0.14455	0.13017	0.130094	0.139773	0.145205	0.146226	0.182474	0.213178	0.245754	0.273835	0.293594	0.313688	0.325087	0.326609	0.318206	0.368628	0.407849	0.434678	0.448299	0.448299	0.434678	0.407849	0.368628	0.318206	0.33181	0.345332	0.348361	0.340805	0.322894	0.295172	0.258482	0.221478	
0.182892	0.181315	0.174229	0.161848	0.14455	0.14455	0.161848	0.174229	0.181315	0.182892	0.216847	0.249361	0.281839	0.305753	0.320377	0.327021	0.334207	0.331239	0.318206	0.368628	0.407849	0.434678	0.448299	0.448299	0.434678	0.407849	0.368628	0.318206	0.331239	0.334207	0.327021	0.320377	0.305753	0.281839	0.249361	0.216847	
0.182892	0.181315	0.174229	0.161848	0.14455	0.16051	0.17989	0.193806	0.201832	0.203726	0.237364	0.268938	0.299881	0.321712	0.333769	0.335683	0.338768	0.333554	0.318206	0.368628	0.407849	0.434678	0.448299	0.448299	0.434678	0.407849	0.368628	0.318206	0.324293	0.320527	0.31372	0.310163	0.297183	0.275172	0.244801	0.214532	
0.182892	0.181315	0.174229	0.161848	0.151597	0.170085	0.190716	0.205552	0.214142	0.216226	0.249674	0.280684	0.310706	0.331288	0.341803	0.341933	0.341504	0.334944	0.318206	0.368628	0.407849	0.434678	0.448299	0.448299	0.434678	0.407849	0.368628	0.318206	0.324293	0.320527	0.307021	0.304035	0.29204	0.271172	0.242065	0.212796	
0.203726	0.201832	0.193806	0.17989	0.16051	0.136252	0.107854	0.0761787	0.042189	0.00691753	0.0375105	0.0676555	0.0957448	0.120925	0.142431	0.159609	0.171938	0.179042	0.180706	0.233217	0.278641	0.315599	0.342968	0.359916	0.365928	0.360821	0.344751	0.318206	0.348749	0.368694	0.377438	0.374713	0.360602	0.335535	0.300273	0.255887	
0.203726	0.201832	0.193806	0.17989	0.16051	0.143562	0.129562	0.111626	0.105813	0.106226	0.13903	0.16761	0.191097	0.208778	0.231891	0.263688	0.290885	0.309244	0.318206	0.368628	0.407849	0.434678	0.448299	0.448299	0.434678	0.407849	0.368628	0.318206	0.345466	0.365562	0.374551	0.372159	0.358459	0.333868	0.299133	0.255308	
0.203726	0.201832	0.193806	0.17989	0.16051	0.143562	0.130094	0.139773	0.145205	0.146226	0.178857	0.206053	0.239088	0.265264	0.28338	0.298532	0.308642	0.317058	0.318206	0.368628	0.407849	0.434678	0.448299	0.448299	0.434678	0.407849	0.368628	0.318206	0.335428	0.352457	0.358777	0.354196	0.338853	0.313214	0.278059	0.241995	
0.203726	0.201832	0.193806	0.17989	0.16051	0.14455	0.161848	0.174229	0.181315	0.182892	0.214532	0.244801	0.275172	0.297183	0.310163	0.31372	0.320527	0.324293	0.318206	0.368628	0.407849	0.434678	0.448299	0.448299	0.434678	0.407849	0.368628	0.318206	0.333554	0.338768	0.335683	0.333769	0.321712	0.299881	0.268938	0.237364	
0.203726	0.201832	0.193806	0.17989	0.16051	0.16051	0.17989	0.193806	0.201832	0.203726	0.235049	0.264378	0.293214	0.313142	0.323555	0.324136	0.327652	0.327911	0.318206	0.368628	0.407849	0.434678	0.448299	0.448299	0.434678	0.407849	0.368628	0.318206	0.327911	0.327652	0.324136	0.323555	0.313142	0.293214	0.264378	0.235049	
0.203726	0.201832	0.193806	0.17989	0.16051	0.170085	0.190716	0.205552	0.214142	0.216226	0.247359	0.276124	0.30404	0.322717	0.331589	0.330386	0.331927	0.330081	0.318206	0.368628	0.407849	0.434678	0.448299	0.448299	0.434678	0.407849	0.368628	0.318206	0.327911	0.327652	0.317438	0.317426	0.308	0.289214	0.261642	0.233312	
0.216226	0.214142	0.205552	0.190716	0.170085	0.144286	0.114104	0.0804539	0.0443596	0.00691753	0.0353399	0.0633803	0.0894948	0.11289	0.132855	0.148784	0.160192	0.166732	0.168206	0.220907	0.266895	0.304774	0.333393	0.351881	0.359678	0.356546	0.342581	0.318206	0.350919	0.37297	0.383688	0.382747	0.370178	0.34636	0.312019	0.268197	
0.216226	0.214142	0.205552	0.190716	0.170085	0.151597	0.135812	0.115901	0.105813	0.106226	0.137294	0.16419	0.186097	0.20235	0.228478	0.263688	0.290885	0.309244	0.318206	0.368628	0.407849	0.434678	0.448299	0.448299	0.434678	0.407849	0.368628	0.318206	0.347637	0.369837	0.380801	0.380194	0.368035	0.344694	0.310879	0.267618	
0.216226	0.214142	0.205552	0.190716	0.170085	0.151597	0.135812	0.139773	0.145205	0.146226	0.176686	0.202911	0.235088	0.260122	0.277252	0.287707	0.306276	0.317058	0.318206	0.368628	0.407849	0.434678	0.448299	0.448299	0.434678	0.407849	0.368628	0.318206	0.337598	0.356732	0.365027	0.362231	0.348429	0.32404	0.289805	0.254305	
0.216226	0.214142	0.205552	0.190716	0.170085	0.151597	0.161848	0.174229	0.181315	0.182892	0.212796	0.242065	0.271172	0.29204	0.304035	0.307021	0.320527	0.324293	0.318206	0.368628	0.407849	0.434678	0.448299	0.448299	0.434678	0.407849	0.368628	0.318206	0.334944	0.341504	0.341933	0.341803	0.331288	0.310706	0.280684	0.249674	
0.216226	0.214142	0.205552	0.190716	0.170085	0.16051	0.17989	0.193806	0.201832	0.203726	0.233312	0.261642	0.289214	0.308	0.317426	0.317438	0.327652	0.327911	0.318206	0.368628	0.407849	0.434678	0.448299	0.448299	0.434678	0.407849	0.368628	0.318206	0.330081	0.331927	0.330386	0.331589	0.322717	0.30404	0.276124	0.247359	
0.216226	0.214142	0.205552	0.190716	0.170085	0.170085	0.190716	0.205552	0.214142	0.216226	0.245623	0.273388	0.30004	0.317575	0.325461	0.323688	0.331927	0.330081	0.318206	0.368628	0.407849	0.434678	0.448299	0.448299	0.434678	0.407849	0.368628	0.318206	0.330081	0.331927	0.323688	0.325461	0.317575	0.30004	0.273388	0.245623	
