0.0198643	0.0221057	0.0238028	0.0249138	0.0254114	0.0252832	0.0254114	0.0249138	0.0238028	0.0221057	0.0198643	0.0176955	0.0150909	0.0121147	0.00884021	0.00534805	0.00172421	-0.00194209	-0.00523887	-0.00837907	-0.011313	-0.0134108	-0.0151785	-0.0165725	-0.0175583	-0.0181118	-0.0175583	-0.0165725	-0.0151785	-0.0134108	-0.011313	-0.00837907	-0.00523887	-0.00194209	0.00172421	0.00534805	0.00884021	0.0121147	0.0150909	0.0176955	
0.0198643	0.0221057	0.0238028	0.0249138	0.0254114	0.0252832	0.0245324	0.0231776	0.0212521	0.0188033	0.0158915	0.0134586	0.0106944	0.00766686	0.00445052	0.0011246	-0.00222902	-0.00552775	-0.00869037	-0.011639	-0.014301	-0.0155365	-0.0163894	-0.0168387	-0.0168734	-0.0164926	-0.0157057	-0.0145321	-0.0130007	-0.0111491	-0.00902303	-0.00667476	-0.00416214	-0.00106169	0.00252359	0.00604674	0.009421	0.0125633	0.0153962	0.01785	
0.0198643	0.0221057	0.0238028	0.0249138	0.0254114	0.0252832	0.0245324	0.0231776	0.0212521	0.0188033	0.0158915	0.0134586	0.0106944	0.00766686	0.00445052	0.0011246	-0.00222902	-0.00552775	-0.00869037	-0.011639	-0.014301	-0.0155365	-0.0163894	-0.0168387	-0.0168734	-0.0164926	-0.0157057	-0.0145321	-0.0130007	-0.0111491	-0.00902303	-0.00667476	-0.00416214	-0.00106169	0.00252359	0.00604674	0.009421	0.0125633	0.0153962	0.01785	
0.0198643	0.0221057	0.0238028	0.0249138	0.0254114	0.0252832	0.0245324	0.0231776	0.0212521	0.0188033	0.0158915	0.0134586	0.0106944	0.00766686	0.00445052	0.0011246	-0.00222902	-0.00552775	-0.00869037	-0.011639	-0.014301	-0.0155365	-0.0163894	-0.0168387	-0.0168734	-0.0164926	-0.0157057	-0.0145321	-0.0130007	-0.0111491	-0.00902303	-0.00667476	-0.00416214	-0.00106169	0.00252359	0.00604674	0.009421	0.0125633	0.0153962	0.01785	
0.0198643	0.0221057	0.0238028	0.0249138	0.0254114	0.0252832	0.0245324	0.0231776	0.0212521	0.0188033	0.0158915	0.0134586	0.0106944	0.00766686	0.00445052	0.0011246	-0.00222902	-0.00552775	-0.00869037	-0.011639	-0.014301	-0.0155365	-0.0163894	-0.0168387	-0.0168734	-0.0164926	-0.0157057	-0.0145321	-0.0130007	-0.0111491	-0.00902303	-0.00667476	-0.00416214	-0.00106169	0.00252359	0.00604674	0.009421	0.0125633	0.0153962	0.01785	
0.0198643	0.0221057	0.0238028	0.0249138	0.0254114	0.0252832	0.0245324	0.0231776	0.0212521	0.0188033	0.0158915	0.0134586	0.0106944	0.00766686	0.00445052	0.0011246	-0.00222902	-0.00552775	-0.00869037	-0.011639	-0.014301	-0.0155365	-0.0163894	-0.0168387	-0.0168734	-0.0164926	-0.0157057	-0.0145321	-0.0130007	-0.0111491	-0.00902303	-0.00667476	-0.00416214	-0.00106169	0.00252359	0.00604674	0.009421	0.0125633	0.0153962	0.01785	
0.0158915	0.0188033	0.0212521	0.0231776	0.0245324	0.0252832	0.0254114	0.0249138	0.0238028	0.0221057	0.0198643	0.01785	0.0153962	0.0125633	0.009421	0.00604674	0.00252359	-0.00106169	-0.00416214	-0.00667476	-0.00902303	-0.0111491	-0.0130007	-0.0145321	-0.0157057	-0.0164926	-0.0168734	-0.0168387	-0.0163894	-0.0155365	-0.014301	-0.011639	-0.00869037	-0.00552775	-0.00222902	0.0011246	0.00445052	0.00766686	0.0106944	0.0134586	
0.0158915	0.0176846	0.0190423	0.0199311	0.0203291	0.0202265	0.0203291	0.0199311	0.0190423	0.0176846	0.0158915	0.0141764	0.0121122	0.00974981	0.00714734	0.00436887	0.00148283	-0.00143973	-0.00416214	-0.00667319	-0.00901992	-0.0106786	-0.0120743	-0.0131728	-0.0139469	-0.0143775	-0.0139469	-0.0131728	-0.0120743	-0.0106786	-0.00901992	-0.00667319	-0.00416214	-0.00143973	0.00148283	0.00436887	0.00714734	0.00974981	0.0121122	0.0141764	
0.0158915	0.0176846	0.0190423	0.0199311	0.0203291	0.0202265	0.0203291	0.0199311	0.0190423	0.0176846	0.0158915	0.0141764	0.0121122	0.00974981	0.00714734	0.00436887	0.00148283	-0.00143973	-0.00416214	-0.00667319	-0.00901992	-0.0106786	-0.0120743	-0.0131728	-0.0139469	-0.0143775	-0.0139469	-0.0131728	-0.0120743	-0.0106786	-0.00901992	-0.00667319	-0.00416214	-0.00143973	0.00148283	0.00436887	0.00714734	0.00974981	0.0121122	0.0141764	
0.0158915	0.0176846	0.0190423	0.0199311	0.0203291	0.0202265	0.0203291	0.0199311	0.0190423	0.0176846	0.0158915	0.0141764	0.0121122	0.00974981	0.00714734	0.00436887	0.00148283	-0.00143973	-0.00416214	-0.00667319	-0.00901992	-0.0106786	-0.0120743	-0.0131728	-0.0139469	-0.0143775	-0.0139469	-0.0131728	-0.0120743	-0.0106786	-0.00901992	-0.00667319	-0.00416214	-0.00143973	0.00148283	0.00436887	0.00714734	0.00974981	0.0121122	0.0141764	
0.0158915	0.0176846	0.0190423	0.0199311	0.0203291	0.0202265	0.0203291	0.0199311	0.0190423	0.0176846	0.0158915	0.0141764	0.0121122	0.00974981	0.00714734	0.00436887	0.00148283	-0.00143973	-0.00416214	-0.00667319	-0.00901992	-0.0106786	-0.0120743	-0.0131728	-0.0139469	-0.0143775	-0.0139469	-0.0131728	-0.0120743	-0.0106786	-0.00901992	-0.00667319	-0.00416214	-0.00143973	0.00148283	0.00436887	0.00714734	0.00974981	0.0121122	0.0141764	
0.0158915	0.0176846	0.0190423	0.0199311	0.0203291	0.0202265	0.0203291	0.0199311	0.0190423	0.0176846	0.0158915	0.0141764	0.0121122	0.00974981	0.00714734	0.00436887	0.00148283	-0.00143973	-0.00416214	-0.00667319	-0.00901992	-0.0106786	-0.0120743	-0.0131728	-0.0139469	-0.0143775	-0.0139469	-0.0131728	-0.0120743	-0.0106786	-0.00901992	-0.00667319	-0.00416214	-0.00143973	0.00148283	0.00436887	0.00714734	0.00974981	0.0121122	0.0141764	
0.0158915	0.0188033	0.0212521	0.0231776	0.0245324	0.0252832	0.0254114	0.0249138	0.0238028	0.0221057	0.0198643	0.01785	0.0153962	0.0125633	0.009421	0.00604674	0.00252359	-0.00106169	-0.00416214	-0.00667476	-0.00902303	-0.0111491	-0.0130007	-0.0145321	-0.0157057	-0.0164926	-0.0168734	-0.0168387	-0.0163894	-0.0155365	-0.014301	-0.011639	-0.00869037	-0.00552775	-0.00222902	0.0011246	0.00445052	0.00766686	0.0106944	0.0134586	
0.0158915	0.0176846	0.0190423	0.0199311	0.0203291	0.0202265	0.0203291	0.0199311	0.0190423	0.0176846	0.0158915	0.0141764	0.0121122	0.00974981	0.00714734	0.00436887	0.00148283	-0.00143973	-0.00416214	-0.00667319	-0.00901992	-0.0106786	-0.0120743	-0.0131728	-0.0139469	-0.0143775	-0.0139469	-0.0131728	-0.0120743	-0.0106786	-0.00901992	-0.00667319	-0.00416214	-0.00143973	0.00148283	0.00436887	0.00714734	0.00974981	0.0121122	0.0141764	
0.0158915	0.0176846	0.0190423	0.0199311	0.0203291	0.0202265	0.0203291	0.0199311	0.0190423	0.0176846	0.0158915	0.0141764	0.0121122	0.00974981	0.00714734	0.00436887	0.00148283	-0.00143973	-0.00416214	-0.00667319	-0.00901992	-0.0106786	-0.0120743	-0.0131728	-0.0139469	-0.0143775	-0.0139469	-0.0131728	-0.0120743	-0.0106786	-0.00901992	-0.00667319	-0.00416214	-0.00143973	0.00148283	0.00436887	0.00714734	0.00974981	0.0121122	0.0141764	
0.0158915	0.0176846	0.0190423	0.0199311	0.0203291	0.0202265	0.0203291	0.0199311	0.0190423	0.0176846	0.0158915	0.0141764	0.0121122	0.00974981	0.00714734	0.00436887	0.00148283	-0.00143973	-0.00416214	-0.00667319	-0.00901992	-0.0106786	-0.0120743	-0.0131728	-0.0139469	-0.0143775	-0.0139469	-0.0131728	-0.0120743	-0.0106786	-0.00901992	-0.00667319	-0.00416214	-0.00143973	0.00148283	0.00436887	0.00714734	0.00974981	0.0121122	0.0141764	
0.0158915	0.0176846	0.0190423	0.0199311	0.0203291	0.0202265	0.0203291	0.0199311	0.0190423	0.0176846	0.0158915	0.0141764	0.0121122	0.00974981	0.00714734	0.00436887	0.00148283	-0.00143973	-0.00416214	-0.00667319	-0.00901992	-0.0106786	-0.0120743	-0.0131728	-0.0139469	-0.0143775	-0.0139469	-0.0131728	-0.0120743	-0.0106786	-0.00901992	-0.00667319	-0.00416214	-0.00143973	0.00148283	0.00436887	0.00714734	0.00974981	0.0121122	0.0141764	
0.0158915	0.0176846	0.0190423	0.0199311	0.0203291	0.0202265	0.0203291	0.0199311	0.0190423	0.0176846	0.0158915	0.0141764	0.0121122	0.00974981	0.00714734	0.00436887	0.00148283	-0.00143973	-0.00416214	-0.00667319	-0.00901992	-0.0106786	-0.0120743	-0.0131728	-0.0139469	-0.0143775	-0.0139469	-0.0131728	-0.0120743	-0.0106786	-0.00901992	-0.00667319	-0.00416214	-0.00143973	0.00148283	0.00436887	0.00714734	0.00974981	0.0121122	0.0141764	
0.0158915	0.0188033	0.0212521	0.0231776	0.0245324	0.0252832	0.0254114	0.0249138	0.0238028	0.0221057	0.0198643	0.01785	0.0153962	0.0125633	0.009421	0.00604674	0.00252359	-0.00106169	-0.00416214	-0.00667476	-0.00902303	-0.0111491	-0.0130007	-0.0145321	-0.0157057	-0.0164926	-0.0168734	-0.0168387	-0.0163894	-0.0155365	-0.014301	-0.011639	-0.00869037	-0.00552775	-0.00222902	0.0011246	0.00445052	0.00766686	0.0106944	0.0134586	
0.0158915	0.0176846	0.0190423	0.0199311	0.0203291	0.0202265	0.0203291	0.0199311	0.0190423	0.0176846	0.0158915	0.0141764	0.0121122	0.00974981	0.00714734	0.00436887	0.00148283	-0.00143973	-0.00416214	-0.00667319	-0.00901992	-0.0106786	-0.0120743	-0.0131728	-0.0139469	-0.0143775	-0.0139469	-0.0131728	-0.0120743	-0.0106786	-0.00901992	-0.00667319	-0.00416214	-0.00143973	0.00148283	0.00436887	0.00714734	0.00974981	0.0121122	0.0141764	
0.0158915	0.0176846	0.0190423	0.0199311	0.0203291	0.0202265	0.0203291	0.0199311	0.0190423	0.0176846	0.0158915	0.0141764	0.0121122	0.00974981	0.00714734	0.00436887	0.00148283	-0.00143973	-0.00416214	-0.00667319	-0.00901992	-0.0106786	-0.0120743	-0.0131728	-0.0139469	-0.0143775	-0.0139469	-0.0131728	-0.0120743	-0.0106786	-0.00901992	-0.00667319	-0.00416214	-0.00143973	0.00148283	0.00436887	0.00714734	0.00974981	0.0121122	0.0141764	
0.0158915	0.0176846	0.0190423	0.0199311	0.0203291	0.0202265	0.0203291	0.0199311	0.0190423	0.0176846	0.0158915	0.0141764	0.0121122	0.00974981	0.00714734	0.00436887	0.00148283	-0.00143973	-0.00416214	-0.00667319	-0.00901992	-0.0106786	-0.0120743	-0.0131728	-0.0139469	-0.0143775	-0.0139469	-0.0131728	-0.0120743	-0.0106786	-0.00901992	-0.00667319	-0.00416214	-0.00143973	0.00148283	0.00436887	0.00714734	0.00974981	0.0121122	0.0141764	
0.0158915	0.0176846	0.0190423	0.0199311	0.0203291	0.0202265	0.0203291	0.0199311	0.0190423	0.0176846	0.0158915	0.0141764	0.0121122	0.00974981	0.00714734	0.00436887	0.00148283	-0.00143973	-0.00416214	-0.00667319	-0.00901992	-0.0106786	-0.0120743	-0.0131728	-0.0139469	-0.0143775	-0.0139469	-0.0131728	-0.0120743	-0.0106786	-0.00901992	-0.00667319	-0.00416214	-0.00143973	0.00148283	0.00436887	0.00714734	0.00974981	0.0121122	0.0141764	
0.0158915	0.0176846	0.0190423	0.0199311	0.0203291	0.0202265	0.0203291	0.0199311	0.0190423	0.0176846	0.0158915	0.0141764	0.0121122	0.00974981	0.00714734	0.00436887	0.00148283	-0.00143973	-0.00416214	-0.00667319	-0.00901992	-0.0106786	-0.0120743	-0.0131728	-0.0139469	-0.0143775	-0.0139469	-0.0131728	-0.0120743	-0.0106786	-0.00901992	-0.00667319	-0.00416214	-0.00143973	0.00148283	0.00436887	0.00714734	0.00974981	0.0121122	0.0141764	
0.0158915	0.0188033	0.0212521	0.0231776	0.0245324	0.0252832	0.0254114	0.0249138	0.0238028	0.0221057	0.0198643	0.01785	0.0153962	0.0125633	0.009421	0.00604674	0.00252359	-0.00106169	-0.00416214	-0.00667476	-0.00902303	-0.0111491	-0.0130007	-0.0145321	-0.0157057	-0.0164926	-0.0168734	-0.0168387	-0.0163894	-0.0155365	-0.014301	-0.011639	-0.00869037	-0.00552775	-0.00222902	0.0011246	0.00445052	0.00766686	0.0106944	0.0134586	
0.0158915	0.0176846	0.0190423	0.0199311	0.0203291	0.0202265	0.0203291	0.0199311	0.0190423	0.0176846	0.0158915	0.0141764	0.0121122	0.00974981	0.00714734	0.00436887	0.00148283	-0.00143973	-0.00416214	-0.00667319	-0.00901992	-0.0106786	-0.0120743	-0.0131728	-0.0139469	-0.0143775	-0.0139469	-0.0131728	-0.0120743	-0.0106786	-0.00901992	-0.00667319	-0.00416214	-0.00143973	0.00148283	0.00436887	0.00714734	0.00974981	0.0121122	0.0141764	
0.0158915	0.0176846	0.0190423	0.0199311	0.0203291	0.0202265	0.0203291	0.0199311	0.0190423	0.0176846	0.0158915	0.0141764	0.0121122	0.00974981	0.00714734	0.00436887	0.00148283	-0.00143973	-0.00416214	-0.00667319	-0.00901992	-0.0106786	-0.0120743	-0.0131728	-0.0139469	-0.0143775	-0.0139469	-0.0131728	-0.0120743	-0.0106786	-0.00901992	-0.00667319	-0.00416214	-0.00143973	0.00148283	0.00436887	0.00714734	0.00974981	0.0121122	0.0141764	
0.0158915	0.0176846	0.0190423	0.0199311	0.0203291	0.0202265	0.0203291	0.0199311	0.0190423	0.0176846	0.0158915	0.0141764	0.0121122	0.00974981	0.00714734	0.00436887	0.00148283	-0.00143973	-0.00416214	-0.00667319	-0.00901992	-0.0106786	-0.0120743	-0.0131728	-0.0139469	-0.0143775	-0.0139469	-0.0131728	-0.0120743	-0.0106786	-0.00901992	-0.00667319	-0.00416214	-0.00143973	0.00148283	0.00436887	0.00714734	0.00974981	0.0121122	0.0141764	
0.0158915	0.0176846	0.0190423	0.0199311	0.0203291	0.0202265	0.0203291	0.0199311	0.0190423	0.0176846	0.0158915	0.0141764	0.0121122	0.00974981	0.00714734	0.00436887	0.00148283	-0.00143973	-0.00416214	-0.00667319	-0.00901992	-0.0106786	-0.0120743	-0.0131728	-0.0139469	-0.0143775	-0.0139469	-0.0131728	-0.0120743	-0.0106786	-0.00901992	-0.00667319	-0.00416214	-0.00143973	0.00148283	0.00436887	0.00714734	0.00974981	0.0121122	0.0141764	
0.0158915	0.0176846	0.0190423	0.0199311	0.0203291	0.0202265	0.0203291	0.0199311	0.0190423	0.0176846	0.0158915	0.0141764	0.0121122	0.00974981	0.00714734	0.00436887	0.00148283	-0.00143973	-0.00416214	-0.00667319	-0.00901992	-0.0106786	-0.0120743	-0.0131728	-0.0139469	-0.0143775	-0.0139469	-0.0131728	-0.0120743	-0.0106786	-0.00901992	-0.00667319	-0.00416214	-0.00143973	0.00148283	0.00436887	0.00714734	0.00974981	0.0121122	0.0141764	
0.0158915	0.0188033	0.0212521	0.0231776	0.0245324	0.0252832	0.0254114	0.0249138	0.0238028	0.0221057	0.0198643	0.01785	0.0153962	0.0125633	0.009421	0.00604674	0.00252359	-0.00106169	-0.00416214	-0.00667476	-0.00902303	-0.0111491	-0.0130007	-0.0145321	-0.0157057	-0.0164926	-0.0168734	-0.0168387	-0.0163894	-0.0155365	-0.014301	-0.011639	-0.00869037	-0.00552775	-0.00222902	0.0011246	0.00445052	0.00766686	0.0106944	0.0134586	
0.0158915	0.0176846	0.0190423	0.0199311	0.0203291	0.0202265	0.0203291	0.0199311	0.0190423	0.0176846	0.0158915	0.0141764	0.0121122	0.00974981	0.00714734	0.00436887	0.00148283	-0.00143973	-0.00416214	-0.00667319	-0.00901992	-0.0106786	-0.0120743	-0.0131728	-0.0139469	-0.0143775	-0.0139469	-0.0131728	-0.0120743	-0.0106786	-0.00901992	-0.00667319	-0.00416214	-0.00143973	0.00148283	0.00436887	0.00714734	0.00974981	0.0121122	0.0141764	
0.0158915	0.0176846	0.0190423	0.0199311	0.0203291	0.0202265	0.0203291	0.0199311	0.0190423	0.0176846	0.0158915	0.0141764	0.0121122	0.00974981	0.00714734	0.00436887	0.00148283	-0.00143973	-0.00416214	-0.00667319	-0.00901992	-0.0106786	-0.0120743	-0.0131728	-0.0139469	-0.0143775	-0.0139469	-0.0131728	-0.0120743	-0.0106786	-0.00901992	-0.00667319	-0.00416214	-0.00143973	0.00148283	0.00436887	0.00714734	0.00974981	0.0121122	0.0141764	
0.0158915	0.0176846	0.0190423	0.0199311	0.0203291	0.0202265	0.0203291	0.0199311	0.0190423	0.0176846	0.0158915	0.0141764	0.0121122	0.00974981	0.00714734	0.00436887	0.00148283	-0.00143973	-0.00416214	-0.00667319	-0.00901992	-0.0106786	-0.0120743	-0.0131728	-0.0139469	-0.0143775	-0.0139469	-0.0131728	-0.0120743	-0.0106786	-0.00901992	-0.00667319	-0.00416214	-0.00143973	0.00148283	0.00436887	0.00714734	0.00974981	0.0121122	0.0141764	
0.0158915	0.0176846	0.0190423	0.0199311	0.0203291	0.0202265	0.0203291	0.0199311	0.0190423	0.0176846	0.0158915	0.0141764	0.0121122	0.00974981	0.00714734	0.00436887	0.00148283	-0.00143973	-0.00416214	-0.00667319	-0.00901992	-0.0106786	-0.0120743	-0.0131728	-0.0139469	-0.0143775	-0.0139469	-0.0131728	-0.0120743	-0.0106786	-0.00901992	-0.00667319	-0.00416214	-0.00143973	0.00148283	0.00436887	0.00714734	0.00974981	0.0121122	0.0141764	
0.0158915	0.0176846	0.0190423	0.0199311	0.0203291	0.0202265	0.0203291	0.0199311	0.0190423	0.0176846	0.0158915	0.0141764	0.0121122	0.00974981	0.00714734	0.00436887	0.00148283	-0.00143973	-0.00416214	-0.00667319	-0.00901992	-0.0106786	-0.0120743	-0.0131728	-0.0139469	-0.0143775	-0.0139469	-0.0131728	-0.0120743	-0.0106786	-0.00901992	-0.00667319	-0.00416214	-0.00143973	0.00148283	0.00436887	0.00714734	0.00974981	0.0121122	0.0141764	
