0.00181339	0.00210073	0.00232424	0.00247714	0.00255476	0.00255476	0.00247714	0.00232424	0.00210073	0.00181339	0.0162709	0.0302339	0.0432784	0.0550078	0.0650659	0.073147	0.0790055	0.0824635	0.0834159	0.0966336	0.106915	0.113948	0.117519	0.117519	0.113948	0.106915	0.0966336	0.0834159	0.0824635	0.0790055	0.073147	0.0650659	0.0550078	0.0432784	0.0302339	0.0162709	
0.00181339	0.0194341	0.0364642	0.0523865	0.066717	0.0790203	0.0889226	0.0961231	0.100403	0.101632	0.114573	0.124033	0.129724	0.131473	0.129228	0.123056	0.113145	0.0997968	0.0834159	0.0896877	0.0932344	0.0939482	0.0918075	0.0868772	0.0793072	0.0693275	0.0572413	0.0434159	0.0430397	0.0413558	0.0384153	0.0343076	0.0291574	0.0231213	0.0163827	0.00914634	
0.00181339	0.02638	0.050145	0.0723865	0.0924285	0.109662	0.123564	0.133711	0.139795	0.141632	0.153965	0.161621	0.164365	0.162115	0.15494	0.143056	0.126826	0.106743	0.0834159	0.0827418	0.0795536	0.0739482	0.066096	0.0562354	0.0446662	0.0317398	0.017849	0.00341588	0.00364739	0.00376807	0.00377427	0.00366578	0.00344591	0.00312134	0.00270193	0.00220042	
0.00181339	0.0327471	0.0626858	0.0907198	0.115997	0.13775	0.155318	0.168166	0.175905	0.178299	0.190075	0.196076	0.196119	0.190203	0.178508	0.16139	0.139367	0.11311	0.0834159	0.0763747	0.0670129	0.0556149	0.0425271	0.0281471	0.0129119	-0.00271561	-0.0182606	-0.0332508	-0.0324622	-0.0306873	-0.02798	-0.0244225	-0.020123	-0.015212	-0.00983881	-0.00416668	
0.00181339	0.0363648	0.0698112	0.101136	0.129389	0.15371	0.17336	0.187743	0.196422	0.199132	0.210592	0.215653	0.214161	0.206163	0.1919	0.171806	0.146492	0.116728	0.0834159	0.072757	0.0598874	0.0451982	0.0291357	0.0121879	-0.00513028	-0.0222925	-0.0387774	-0.0540841	-0.0529791	-0.0502643	-0.0460222	-0.0403818	-0.0335144	-0.0256287	-0.0169642	-0.00778435	
0.00181339	0.0385354	0.0740865	0.107386	0.137424	0.163285	0.184185	0.199489	0.208732	0.211632	0.222902	0.227399	0.224987	0.215738	0.199935	0.178056	0.150768	0.118898	0.0834159	0.0705864	0.0556122	0.0389482	0.0211008	0.0026123	-0.0159556	-0.0340387	-0.0510875	-0.0665841	-0.0652892	-0.0620104	-0.0568475	-0.0499573	-0.0415492	-0.0318787	-0.0212395	-0.00995496	
0.101632	0.100403	0.0961231	0.0889226	0.0790203	0.066717	0.0523865	0.0364642	0.0194341	0.00181339	0.00914634	0.0163827	0.0231213	0.0291574	0.0343076	0.0384153	0.0413558	0.0430397	0.0434159	0.0572413	0.0693275	0.0793072	0.0868772	0.0918075	0.0939482	0.0932344	0.0896877	0.0834159	0.0997968	0.113145	0.123056	0.129228	0.131473	0.129724	0.124033	0.114573	
0.101632	0.100403	0.0961231	0.0889226	0.0790203	0.0790203	0.0889226	0.0961231	0.100403	0.101632	0.113994	0.122893	0.128057	0.129331	0.126675	0.12017	0.110013	0.0965141	0.0834159	0.0966336	0.106915	0.113948	0.117519	0.117519	0.113948	0.106915	0.0966336	0.0834159	0.0965141	0.110013	0.12017	0.126675	0.129331	0.128057	0.122893	0.113994	
0.101632	0.100403	0.0961231	0.0942816	0.0998015	0.109662	0.123564	0.133711	0.139795	0.141632	0.153387	0.16048	0.162698	0.159973	0.152386	0.14017	0.123694	0.10346	0.0834159	0.0966336	0.106915	0.113948	0.117519	0.117519	0.113948	0.106915	0.0966336	0.0834159	0.0835897	0.0812236	0.0830723	0.0865081	0.0873154	0.0897239	0.0966712	0.100681	
0.0668619	0.0812696	0.0984377	0.112615	0.12337	0.13775	0.155318	0.168166	0.175905	0.178299	0.189496	0.194936	0.194452	0.188061	0.175955	0.158503	0.136235	0.109827	0.0834159	0.0966336	0.106915	0.113948	0.117519	0.117519	0.113948	0.106915	0.0966336	0.0834159	0.0806955	0.0755233	0.0680563	0.0585215	0.0605326	0.0646363	0.0667761	0.0668869	
0.061632	0.0848872	0.105563	0.123032	0.136762	0.15371	0.17336	0.187743	0.196422	0.199132	0.210013	0.214513	0.212495	0.20402	0.189346	0.16892	0.14336	0.113445	0.0834159	0.0966336	0.106915	0.113948	0.117519	0.117519	0.113948	0.106915	0.0966336	0.0834159	0.0720131	0.0590787	0.0529009	0.0451157	0.0359597	0.0383425	0.0424229	0.0513041	
0.061632	0.0870578	0.109838	0.129282	0.144797	0.163285	0.184185	0.199489	0.208732	0.211632	0.222323	0.226259	0.22332	0.213596	0.197381	0.17517	0.147635	0.115615	0.0834159	0.0966336	0.106915	0.113948	0.117519	0.117519	0.113948	0.106915	0.0966336	0.0834159	0.0720131	0.0584223	0.0430563	0.0355401	0.0279248	0.0320925	0.0381477	0.0491335	
0.141632	0.139795	0.133711	0.123564	0.109662	0.0924285	0.0723865	0.050145	0.02638	0.00181339	0.00220042	0.00270193	0.00312134	0.00344591	0.00366578	0.00377427	0.00376807	0.00364739	0.00341588	0.017849	0.0317398	0.0446662	0.0562354	0.066096	0.0739482	0.0795536	0.0827418	0.0834159	0.106743	0.126826	0.143056	0.15494	0.162115	0.164365	0.161621	0.153965	
0.141632	0.139795	0.133711	0.123564	0.109662	0.0998015	0.0942816	0.0961231	0.100403	0.101632	0.100681	0.0966712	0.0897239	0.0873154	0.0865081	0.0830723	0.0812236	0.0835897	0.0834159	0.0966336	0.106915	0.113948	0.117519	0.117519	0.113948	0.106915	0.0966336	0.0834159	0.10346	0.123694	0.14017	0.152386	0.159973	0.162698	0.16048	0.153387	
0.141632	0.139795	0.133711	0.123564	0.109662	0.109662	0.123564	0.133711	0.139795	0.141632	0.144415	0.142809	0.137714	0.136536	0.131209	0.121896	0.108879	0.0945874	0.0834159	0.0966336	0.106915	0.113948	0.117519	0.117519	0.113948	0.106915	0.0966336	0.0834159	0.0945874	0.108879	0.121896	0.131209	0.136536	0.137714	0.142809	0.144415	
0.116632	0.115803	0.112834	0.112615	0.12337	0.13775	0.155318	0.168166	0.175905	0.178299	0.176183	0.173862	0.173799	0.168455	0.157992	0.142729	0.12313	0.0997888	0.0834159	0.0966336	0.106915	0.113948	0.117519	0.117519	0.113948	0.106915	0.0966336	0.0834159	0.0945874	0.102885	0.108056	0.110782	0.119395	0.124381	0.125587	0.122978	
0.116632	0.115175	0.110218	0.123032	0.136762	0.15371	0.17336	0.187743	0.196422	0.199132	0.1967	0.193439	0.191841	0.184414	0.171384	0.153146	0.130255	0.103406	0.0834159	0.0966336	0.106915	0.113948	0.117519	0.117519	0.113948	0.106915	0.0966336	0.0834159	0.0850367	0.0864403	0.0929009	0.100568	0.110825	0.117714	0.121027	0.120663	
0.116632	0.115175	0.110218	0.129282	0.144797	0.163285	0.184185	0.199489	0.208732	0.211632	0.20901	0.205185	0.202666	0.193989	0.179419	0.159396	0.13453	0.105577	0.0834159	0.0966336	0.106915	0.113948	0.117519	0.117519	0.113948	0.106915	0.0966336	0.0834159	0.0850367	0.0840738	0.0820755	0.0944393	0.105682	0.113714	0.118291	0.119274	
0.178299	0.175905	0.168166	0.155318	0.13775	0.115997	0.0907198	0.0626858	0.0327471	0.00181339	-0.00416668	-0.00983881	-0.015212	-0.020123	-0.0244225	-0.02798	-0.0306873	-0.0324622	-0.0332508	-0.0182606	-0.00271561	0.0129119	0.0281471	0.0425271	0.0556149	0.0670129	0.0763747	0.0834159	0.11311	0.139367	0.16139	0.178508	0.190203	0.196119	0.196076	0.190075	
0.178299	0.175905	0.168166	0.155318	0.13775	0.12337	0.112615	0.0984377	0.0812696	0.0668619	0.0668869	0.0667761	0.0646363	0.0605326	0.0585215	0.0680563	0.0755233	0.0806955	0.0834159	0.0966336	0.106915	0.113948	0.117519	0.117519	0.113948	0.106915	0.0966336	0.0834159	0.109827	0.136235	0.158503	0.175955	0.188061	0.194452	0.194936	0.189496	
0.178299	0.175905	0.168166	0.155318	0.13775	0.12337	0.112615	0.112834	0.115803	0.116632	0.122978	0.125587	0.124381	0.119395	0.110782	0.108056	0.102885	0.0945874	0.0834159	0.0966336	0.106915	0.113948	0.117519	0.117519	0.113948	0.106915	0.0966336	0.0834159	0.0997888	0.12313	0.142729	0.157992	0.168455	0.173799	0.173862	0.176183	
0.158299	0.156209	0.149372	0.137997	0.130377	0.130377	0.137997	0.149372	0.156209	0.158299	0.164012	0.164741	0.160465	0.151314	0.137564	0.12139	0.112005	0.099218	0.0834159	0.0966336	0.106915	0.113948	0.117519	0.117519	0.113948	0.106915	0.0966336	0.0834159	0.099218	0.112005	0.12139	0.137564	0.151314	0.160465	0.164741	0.164012	
0.158299	0.156209	0.149372	0.137997	0.136762	0.146337	0.15604	0.168949	0.176726	0.179132	0.184529	0.184318	0.178508	0.167273	0.150956	0.130052	0.116566	0.101533	0.0834159	0.0966336	0.106915	0.113948	0.117519	0.117519	0.113948	0.106915	0.0966336	0.0834159	0.0922721	0.0983246	0.108088	0.127351	0.142743	0.153799	0.160181	0.161696	
0.158299	0.156209	0.149372	0.137997	0.144797	0.155912	0.166865	0.180695	0.189036	0.191632	0.196839	0.196064	0.189333	0.176848	0.158991	0.136302	0.119302	0.102922	0.0834159	0.0966336	0.106915	0.113948	0.117519	0.117519	0.113948	0.106915	0.0966336	0.0834159	0.0922721	0.0983246	0.10139	0.121222	0.137601	0.149799	0.157445	0.160307	
0.199132	0.196422	0.187743	0.17336	0.15371	0.129389	0.101136	0.0698112	0.0363648	0.00181339	-0.00778435	-0.0169642	-0.0256287	-0.0335144	-0.0403818	-0.0460222	-0.0502643	-0.0529791	-0.0540841	-0.0387774	-0.0222925	-0.00513028	0.0121879	0.0291357	0.0451982	0.0598874	0.072757	0.0834159	0.116728	0.146492	0.171806	0.1919	0.206163	0.214161	0.215653	0.210592	
0.199132	0.196422	0.187743	0.17336	0.15371	0.136762	0.123032	0.105563	0.0848872	0.061632	0.0513041	0.0424229	0.0383425	0.0359597	0.0451157	0.0529009	0.0590787	0.0720131	0.0834159	0.0966336	0.106915	0.113948	0.117519	0.117519	0.113948	0.106915	0.0966336	0.0834159	0.113445	0.14336	0.16892	0.189346	0.20402	0.212495	0.214513	0.210013	
0.199132	0.196422	0.187743	0.17336	0.15371	0.136762	0.123032	0.110218	0.115175	0.116632	0.120663	0.121027	0.117714	0.110825	0.100568	0.0929009	0.0864403	0.0850367	0.0834159	0.0966336	0.106915	0.113948	0.117519	0.117519	0.113948	0.106915	0.0966336	0.0834159	0.103406	0.130255	0.153146	0.171384	0.184414	0.191841	0.193439	0.1967	
0.179132	0.176726	0.168949	0.15604	0.146337	0.136762	0.137997	0.149372	0.156209	0.158299	0.161696	0.160181	0.153799	0.142743	0.127351	0.108088	0.0983246	0.0922721	0.0834159	0.0966336	0.106915	0.113948	0.117519	0.117519	0.113948	0.106915	0.0966336	0.0834159	0.101533	0.116566	0.130052	0.150956	0.167273	0.178508	0.184318	0.184529	
0.179132	0.176726	0.168949	0.15604	0.146337	0.146337	0.15604	0.168949	0.176726	0.179132	0.182213	0.179758	0.171841	0.158702	0.140742	0.118505	0.10545	0.0958897	0.0834159	0.0966336	0.106915	0.113948	0.117519	0.117519	0.113948	0.106915	0.0966336	0.0834159	0.0958897	0.10545	0.118505	0.140742	0.158702	0.171841	0.179758	0.182213	
0.179132	0.176726	0.168949	0.15604	0.146337	0.155912	0.166865	0.180695	0.189036	0.191632	0.194523	0.191504	0.182666	0.168278	0.148777	0.124755	0.109725	0.0980603	0.0834159	0.0966336	0.106915	0.113948	0.117519	0.117519	0.113948	0.106915	0.0966336	0.0834159	0.0958897	0.10545	0.111806	0.134614	0.15356	0.167841	0.177022	0.180824	
0.211632	0.208732	0.199489	0.184185	0.163285	0.137424	0.107386	0.0740865	0.0385354	0.00181339	-0.00995496	-0.0212395	-0.0318787	-0.0415492	-0.0499573	-0.0568475	-0.0620104	-0.0652892	-0.0665841	-0.0510875	-0.0340387	-0.0159556	0.0026123	0.0211008	0.0389482	0.0556122	0.0705864	0.0834159	0.118898	0.150768	0.178056	0.199935	0.215738	0.224987	0.227399	0.222902	
0.211632	0.208732	0.199489	0.184185	0.163285	0.144797	0.129282	0.109838	0.0870578	0.061632	0.0491335	0.0381477	0.0320925	0.0279248	0.0355401	0.0430563	0.0584223	0.0720131	0.0834159	0.0966336	0.106915	0.113948	0.117519	0.117519	0.113948	0.106915	0.0966336	0.0834159	0.115615	0.147635	0.17517	0.197381	0.213596	0.22332	0.226259	0.222323	
0.211632	0.208732	0.199489	0.184185	0.163285	0.144797	0.129282	0.110218	0.115175	0.116632	0.119274	0.118291	0.113714	0.105682	0.0944393	0.0820755	0.0840738	0.0850367	0.0834159	0.0966336	0.106915	0.113948	0.117519	0.117519	0.113948	0.106915	0.0966336	0.0834159	0.105577	0.13453	0.159396	0.179419	0.193989	0.202666	0.205185	0.20901	
0.191632	0.189036	0.180695	0.166865	0.155912	0.144797	0.137997	0.149372	0.156209	0.158299	0.160307	0.157445	0.149799	0.137601	0.121222	0.10139	0.0983246	0.0922721	0.0834159	0.0966336	0.106915	0.113948	0.117519	0.117519	0.113948	0.106915	0.0966336	0.0834159	0.102922	0.119302	0.136302	0.158991	0.176848	0.189333	0.196064	0.196839	
0.191632	0.189036	0.180695	0.166865	0.155912	0.146337	0.15604	0.168949	0.176726	0.179132	0.180824	0.177022	0.167841	0.15356	0.134614	0.111806	0.10545	0.0958897	0.0834159	0.0966336	0.106915	0.113948	0.117519	0.117519	0.113948	0.106915	0.0966336	0.0834159	0.0980603	0.109725	0.124755	0.148777	0.168278	0.182666	0.191504	0.194523	
0.191632	0.189036	0.180695	0.166865	0.155912	0.155912	0.166865	0.180695	0.189036	0.191632	0.193134	0.188768	0.178666	0.163136	0.142648	0.118056	0.109725	0.0980603	0.0834159	0.0966336	0.106915	0.113948	0.117519	0.117519	0.113948	0.106915	0.0966336	0.0834159	0.0980603	0.109725	0.118056	0.142648	0.163136	0.178666	0.188768	0.193134	
