5.10424e-05	5.91303e-05	6.54216e-05	6.97252e-05	7.19101e-05	7.19101e-05	6.97252e-05	6.54216e-05	5.91303e-05	5.10424e-05	0.000457984	0.00085101	0.00121818	0.00154833	0.00183144	0.0020589	0.00222381	0.00232114	0.00234795	0.00271999	0.0030094	0.00320736	0.00330786	0.00330786	0.00320736	0.0030094	0.00271999	0.00234795	0.00232114	0.00222381	0.0020589	0.00183144	0.00154833	0.00121818	0.00085101	0.000457984	
5.10424e-05	0.0174231	0.0342657	0.0500672	0.0643474	0.0766724	0.0866678	0.0940299	0.0985349	0.100046	0.0989337	0.0948155	0.0878163	0.0781489	0.0661069	0.0520564	0.0364241	0.0196851	0.00234795	-0.00422593	-0.0106714	-0.0167926	-0.0224036	-0.0273339	-0.0314337	-0.0345783	-0.0366723	-0.0376521	-0.0370721	-0.0353656	-0.0325847	-0.0288136	-0.0241671	-0.0187862	-0.0128346	-0.00649297	
5.10424e-05	0.024369	0.0479465	0.0700672	0.0900589	0.107314	0.121309	0.131618	0.137927	0.140046	0.138326	0.132403	0.122457	0.108791	0.0918184	0.0720564	0.0501049	0.026631	0.00234795	-0.0111719	-0.0243522	-0.0367926	-0.0481151	-0.0579757	-0.0660747	-0.072166	-0.0760646	-0.0776521	-0.0764644	-0.0729533	-0.0672257	-0.0594554	-0.0498786	-0.0387862	-0.0265154	-0.0134389	
5.10424e-05	0.0307361	0.0604872	0.0884005	0.113628	0.135403	0.153063	0.166073	0.174037	0.176713	0.174436	0.166859	0.154212	0.136879	0.115387	0.0903897	0.0626456	0.0329981	0.00234795	-0.017539	-0.036893	-0.055126	-0.071684	-0.086064	-0.0978289	-0.106621	-0.112174	-0.114319	-0.112574	-0.107409	-0.0989799	-0.0875437	-0.0734475	-0.0571196	-0.0390561	-0.019806	
5.10424e-05	0.0343538	0.0676127	0.0988172	0.127019	0.151362	0.171105	0.18565	0.194554	0.197546	0.194952	0.186436	0.172254	0.152838	0.128779	0.100806	0.069771	0.0366158	0.00234795	-0.0211566	-0.0440184	-0.0655426	-0.0850754	-0.102023	-0.115871	-0.126198	-0.132691	-0.135152	-0.133091	-0.126986	-0.117022	-0.103503	-0.0868389	-0.0675362	-0.0461816	-0.0234237	
5.10424e-05	0.0365244	0.0718879	0.105067	0.135054	0.160937	0.181931	0.197396	0.206864	0.210046	0.207263	0.198182	0.183079	0.162414	0.136814	0.107056	0.0740463	0.0387864	0.00234795	-0.0233272	-0.0482936	-0.0717926	-0.0931103	-0.111599	-0.126696	-0.137944	-0.145001	-0.147652	-0.145401	-0.138732	-0.127847	-0.113079	-0.0948737	-0.0737862	-0.0504568	-0.0255943	
0.100046	0.0985349	0.0940299	0.0866678	0.0766724	0.0643474	0.0500672	0.0342657	0.0174231	5.10424e-05	-0.00649297	-0.0128346	-0.0187862	-0.0241671	-0.0288136	-0.0325847	-0.0353656	-0.0370721	-0.0376521	-0.0366723	-0.0345783	-0.0314337	-0.0273339	-0.0224036	-0.0167926	-0.0106714	-0.00422593	0.00234795	0.0196851	0.0364241	0.0520564	0.0661069	0.0781489	0.0878163	0.0948155	0.0989337	
0.0744638	0.0735037	0.0703101	0.0720268	0.0717422	0.0717422	0.0720268	0.0703101	0.0735037	0.0744638	0.0731614	0.0696361	0.0639949	0.0564092	0.0471096	0.0363785	0.0245422	0.013318	0.00234795	0.00271999	0.0030094	0.00320736	0.00330786	0.00330786	0.00320736	0.0030094	0.00271999	0.00234795	0.013318	0.0245422	0.0363785	0.0471096	0.0564092	0.0639949	0.0696361	0.0731614	
0.0600459	0.0730344	0.0838038	0.0920268	0.0974537	0.0999194	0.0996582	0.108125	0.113307	0.115046	0.113706	0.108911	0.100807	0.0896395	0.0757487	0.0595564	0.0415544	0.0222898	0.00234795	-0.00191062	-0.00611114	-0.010126	-0.0138331	-0.01712	-0.0198867	-0.0220491	-0.0235415	-0.0243187	-0.0169954	-0.0091556	-0.00103766	0.00711181	0.0150452	0.0225214	0.0298662	0.0456496	
0.0600459	0.0794015	0.0963445	0.11036	0.121023	0.128008	0.135743	0.147279	0.154341	0.156713	0.15474	0.148065	0.136891	0.121558	0.102532	0.0803897	0.0558052	0.0295251	0.00234795	-0.00885655	-0.0197919	-0.030126	-0.0395446	-0.0477618	-0.0545277	-0.0596368	-0.0629339	-0.0643187	-0.0563877	-0.0467433	-0.0356787	-0.02353	-0.0106663	0.00252144	0.0173254	0.0392825	
0.0600459	0.0830192	0.10347	0.120777	0.134414	0.143967	0.153785	0.166856	0.174857	0.177546	0.175256	0.167642	0.154933	0.137517	0.115923	0.0908064	0.0629306	0.0331428	0.00234795	-0.0124742	-0.0269174	-0.0405426	-0.0529361	-0.063721	-0.0725699	-0.0792137	-0.0834507	-0.0851521	-0.0769045	-0.0663202	-0.0537209	-0.0394892	-0.0240577	-0.00789523	0.0102	0.0356648	
0.0600459	0.0851898	0.107745	0.127027	0.142449	0.153543	0.16461	0.178602	0.187168	0.190046	0.187566	0.179388	0.165759	0.147093	0.123958	0.0970564	0.0672059	0.0353134	0.00234795	-0.0146448	-0.0311926	-0.0467926	-0.0609709	-0.0732966	-0.0833952	-0.0909599	-0.0957608	-0.0976521	-0.0892146	-0.0780664	-0.0645462	-0.0490648	-0.0320926	-0.0141452	0.00592475	0.0334942	
0.140046	0.137927	0.131618	0.121309	0.107314	0.0900589	0.0700672	0.0479465	0.024369	5.10424e-05	-0.0134389	-0.0265154	-0.0387862	-0.0498786	-0.0594554	-0.0672257	-0.0729533	-0.0764644	-0.0776521	-0.0760646	-0.072166	-0.0660747	-0.0579757	-0.0481151	-0.0367926	-0.0243522	-0.0111719	0.00234795	0.026631	0.0501049	0.0720564	0.0918184	0.108791	0.122457	0.132403	0.138326	
0.115046	0.113307	0.108125	0.0996582	0.0999194	0.0974537	0.0920268	0.0838038	0.0730344	0.0600459	0.0456496	0.0298662	0.0225214	0.0150452	0.00711181	-0.00103766	-0.0091556	-0.0169954	-0.0243187	-0.0235415	-0.0220491	-0.0198867	-0.01712	-0.0138331	-0.010126	-0.00611114	-0.00191062	0.00234795	0.0222898	0.0415544	0.0595564	0.0757487	0.0896395	0.100807	0.108911	0.113706	
0.0856148	0.0856429	0.0830688	0.0779706	0.0713631	0.0713631	0.0779706	0.0830688	0.0856429	0.0856148	0.0829854	0.0778345	0.0703186	0.0606661	0.0491703	0.0361805	0.0220914	0.00746139	0.00234795	-0.00191062	-0.00611114	-0.010126	-0.0138331	-0.0138331	-0.010126	-0.00611114	-0.00191062	0.00234795	0.00746139	0.0220914	0.0361805	0.0491703	0.0606661	0.0703186	0.0778345	0.0829854	
0.0450459	0.055947	0.0651481	0.0773777	0.0913668	0.103282	0.114055	0.122223	0.126677	0.127281	0.124019	0.116988	0.106403	0.0925846	0.0759532	0.0570139	0.0363423	0.0145664	-0.00765205	-0.0187046	-0.0220491	-0.0198867	-0.01712	-0.0138331	-0.010126	-0.00611114	-0.00191062	0.00234795	0.00762849	0.0126772	0.0173408	0.0214775	0.0249616	0.0276872	0.0295716	0.0331928	
0.0450459	0.0595647	0.0722736	0.0877944	0.104758	0.119241	0.132097	0.1418	0.147193	0.148115	0.144536	0.136565	0.124445	0.108544	0.0893446	0.0674305	0.0434677	0.0181841	-0.00765205	-0.0223223	-0.0363143	-0.0492029	-0.0556961	-0.0602566	-0.0629862	-0.0638021	-0.0626793	-0.0596521	-0.0543957	-0.0474866	-0.0391347	-0.0295936	-0.0191534	-0.0035651	0.0132056	0.0295751	
0.0450459	0.0620207	0.0821109	0.0997063	0.114272	0.128816	0.142923	0.153546	0.159503	0.160615	0.156846	0.148311	0.13527	0.118119	0.0973794	0.0736805	0.0477429	0.0203547	-0.00765205	-0.0244929	-0.0405895	-0.0554529	-0.0686313	-0.0797245	-0.0883952	-0.0943801	-0.0974973	-0.0976521	-0.0883464	-0.0763563	-0.0620462	-0.0458508	-0.0282623	-0.0098151	0.00893037	0.0274045	
0.176713	0.174037	0.166073	0.153063	0.135403	0.113628	0.0884005	0.0604872	0.0307361	5.10424e-05	-0.019806	-0.0390561	-0.0571196	-0.0734475	-0.0875437	-0.0989799	-0.107409	-0.112574	-0.114319	-0.112174	-0.106621	-0.0978289	-0.086064	-0.071684	-0.055126	-0.036893	-0.017539	0.00234795	0.0329981	0.0626456	0.0903897	0.115387	0.136879	0.154212	0.166859	0.174436	
0.156713	0.154341	0.147279	0.135743	0.128008	0.121023	0.11036	0.0963445	0.0794015	0.0600459	0.0392825	0.0173254	0.00252144	-0.0106663	-0.02353	-0.0356787	-0.0467433	-0.0563877	-0.0643187	-0.0629339	-0.0596368	-0.0545277	-0.0477618	-0.0395446	-0.030126	-0.0197919	-0.00885655	0.00234795	0.0295251	0.0558052	0.0803897	0.102532	0.121558	0.136891	0.148065	0.15474	
0.127281	0.126677	0.122223	0.114055	0.103282	0.0913668	0.0773777	0.0651481	0.055947	0.0450459	0.0331928	0.0295716	0.0276872	0.0249616	0.0214775	0.0173408	0.0126772	0.00762849	0.00234795	-0.00191062	-0.00611114	-0.010126	-0.0138331	-0.01712	-0.0198867	-0.0220491	-0.0187046	-0.00765205	0.0145664	0.0363423	0.0570139	0.0759532	0.0925846	0.106403	0.116988	0.124019	
0.0667177	0.0749733	0.0809509	0.0844689	0.0854203	0.0854203	0.0844689	0.0809509	0.0749733	0.0667177	0.057661	0.0468522	0.0346199	0.0213356	0.0167394	0.0136553	0.0101562	0.00634851	0.00234795	0.00271999	0.0030094	0.00320736	0.00330786	0.00330786	0.00320736	0.0030094	0.00271999	0.00234795	0.00634851	0.0101562	0.0136553	0.0167394	0.0213356	0.0346199	0.0468522	0.057661	
0.0667177	0.0762757	0.0835161	0.0900033	0.0971676	0.10138	0.102511	0.100528	0.0954902	0.087551	0.0781778	0.0664291	0.0526621	0.0372949	0.0253099	0.0203219	0.0147164	0.00866382	0.00234795	-0.000318848	-0.00297596	-0.00554264	-0.00794092	-0.0100979	-0.0119481	-0.0134352	-0.0145141	-0.0151521	-0.0113034	-0.00711121	-0.002703	0.00178734	0.0127651	0.0279532	0.0422919	0.0553456	
0.0533793	0.069942	0.0883756	0.10548	0.119379	0.129651	0.135984	0.138185	0.136187	0.130051	0.120032	0.106366	0.0894681	0.0698518	0.048113	0.0249123	0.0174526	0.010053	0.00234795	0.00271999	0.0030094	0.00320736	0.00330786	0.00330786	0.00320736	0.0030094	0.00271999	0.00234795	0.00335179	0.00425378	0.00502653	0.00564655	0.006095	0.00635826	0.0167611	0.0356112	
0.197546	0.194554	0.18565	0.171105	0.151362	0.127019	0.0988172	0.0676127	0.0343538	5.10424e-05	-0.0234237	-0.0461816	-0.0675362	-0.0868389	-0.103503	-0.117022	-0.126986	-0.133091	-0.135152	-0.132691	-0.126198	-0.115871	-0.102023	-0.0850754	-0.0655426	-0.0440184	-0.0211566	0.00234795	0.0366158	0.069771	0.100806	0.128779	0.152838	0.172254	0.186436	0.194952	
0.177546	0.174857	0.166856	0.153785	0.143967	0.134414	0.120777	0.10347	0.0830192	0.0600459	0.0356648	0.0102	-0.00789523	-0.0240577	-0.0394892	-0.0537209	-0.0663202	-0.0769045	-0.0851521	-0.0834507	-0.0792137	-0.0725699	-0.063721	-0.0529361	-0.0405426	-0.0269174	-0.0124742	0.00234795	0.0331428	0.0629306	0.0908064	0.115923	0.137517	0.154933	0.167642	0.175256	
0.148115	0.147193	0.1418	0.132097	0.119241	0.104758	0.0877944	0.0722736	0.0595647	0.0450459	0.0295751	0.0132056	-0.0035651	-0.0191534	-0.0295936	-0.0391347	-0.0474866	-0.0543957	-0.0596521	-0.0626793	-0.0638021	-0.0629862	-0.0602566	-0.0556961	-0.0492029	-0.0363143	-0.0223223	-0.00765205	0.0181841	0.0434677	0.0674305	0.0893446	0.108544	0.124445	0.136565	0.144536	
0.087551	0.0954902	0.100528	0.102511	0.10138	0.0971676	0.0900033	0.0835161	0.0762757	0.0667177	0.0553456	0.0422919	0.0279532	0.0127651	0.00178734	-0.002703	-0.00711121	-0.0113034	-0.0151521	-0.0145141	-0.0134352	-0.0119481	-0.0100979	-0.00794092	-0.00554264	-0.00297596	-0.000318848	0.00234795	0.00866382	0.0147164	0.0203219	0.0253099	0.0372949	0.0526621	0.0664291	0.0781778	
0.087551	0.0967925	0.103093	0.106261	0.1062	0.1062	0.106261	0.103093	0.0967925	0.087551	0.0758625	0.0618689	0.0459954	0.0287244	0.0105806	0.00396367	0.00177827	0.00209494	0.00234795	0.00271999	0.0030094	0.00320736	0.00330786	0.00330786	0.00320736	0.0030094	0.00271999	0.00234795	0.00209494	0.00177827	0.00396367	0.0105806	0.0287244	0.0459954	0.0618689	0.0758625	
0.0608793	0.0773281	0.0914273	0.102749	0.110948	0.115776	0.117086	0.114839	0.109103	0.100051	0.0881726	0.073615	0.0568207	0.0382999	0.0186154	0.00796367	0.00605352	0.00426554	0.00234795	0.00271999	0.0030094	0.00320736	0.00330786	0.00330786	0.00320736	0.0030094	0.00271999	0.00234795	0.00696946	0.0113792	0.0154432	0.019038	0.0220543	0.0244005	0.0303226	0.0429973	
0.210046	0.206864	0.197396	0.181931	0.160937	0.135054	0.105067	0.0718879	0.0365244	5.10424e-05	-0.0255943	-0.0504568	-0.0737862	-0.0948737	-0.113079	-0.127847	-0.138732	-0.145401	-0.147652	-0.145001	-0.137944	-0.126696	-0.111599	-0.0931103	-0.0717926	-0.0482936	-0.0233272	0.00234795	0.0387864	0.0740463	0.107056	0.136814	0.162414	0.183079	0.198182	0.207263	
0.190046	0.187168	0.178602	0.16461	0.153543	0.142449	0.127027	0.107745	0.0851898	0.0600459	0.0334942	0.00592475	-0.0141452	-0.0320926	-0.0490648	-0.0645462	-0.0780664	-0.0892146	-0.0976521	-0.0957608	-0.0909599	-0.0833952	-0.0732966	-0.0609709	-0.0467926	-0.0311926	-0.0146448	0.00234795	0.0353134	0.0672059	0.0970564	0.123958	0.147093	0.165759	0.179388	0.187566	
0.160615	0.159503	0.153546	0.142923	0.128816	0.114272	0.0997063	0.0821109	0.0620207	0.0450459	0.0274045	0.00893037	-0.0098151	-0.0282623	-0.0458508	-0.0620462	-0.0763563	-0.0883464	-0.0976521	-0.0974973	-0.0943801	-0.0883952	-0.0797245	-0.0686313	-0.0554529	-0.0405895	-0.0244929	-0.00765205	0.0203547	0.0477429	0.0736805	0.0973794	0.118119	0.13527	0.148311	0.156846	
0.130051	0.136187	0.138185	0.135984	0.129651	0.119379	0.10548	0.0883756	0.069942	0.0533793	0.0356112	0.0167611	0.00635826	0.006095	0.00564655	0.00502653	0.00425378	0.00335179	0.00234795	0.00271999	0.0030094	0.00320736	0.00330786	0.00330786	0.00320736	0.0030094	0.00271999	0.00234795	0.010053	0.0174526	0.0249123	0.048113	0.0698518	0.0894681	0.106366	0.120032	
0.100051	0.109103	0.114839	0.117086	0.115776	0.110948	0.102749	0.0914273	0.0773281	0.0608793	0.0429973	0.0303226	0.0244005	0.0220543	0.019038	0.0154432	0.0113792	0.00696946	0.00234795	0.00271999	0.0030094	0.00320736	0.00330786	0.00330786	0.00320736	0.0030094	0.00271999	0.00234795	0.00426554	0.00605352	0.00796367	0.0186154	0.0382999	0.0568207	0.073615	0.0881726	
0.0650243	0.0737003	0.080137	0.0841387	0.085584	0.085584	0.0841387	0.080137	0.0737003	0.0650243	0.0543726	0.0420688	0.0352258	0.0316298	0.0270728	0.0216932	0.0156545	0.00914006	0.00234795	0.00271999	0.0030094	0.00320736	0.00330786	0.00330786	0.00320736	0.0030094	0.00271999	0.00234795	0.00914006	0.0156545	0.0216932	0.0270728	0.0316298	0.0352258	0.0420688	0.0543726	
