-5.09	-5.97323	-6.67497	-7.17389	-7.45484	-7.45484	-7.17389	-6.67497	-5.97323	-5.09	-1.30166	2.52823	6.2813	9.84351	13.1122	15.9963	18.4139	20.2822	21.5342	24.9464	27.6007	29.4163	30.3381	30.3381	29.4163	27.6007	24.9464	21.5342	20.2822	18.4139	15.9963	13.1122	9.84351	6.2813	2.52823	-1.30166	
-5.09	-4.9303	-4.62079	-4.17089	-3.59425	-2.86851	-2.04247	-1.15437	-0.21506	0.757	4.44424	7.99644	11.309	14.2822	16.8426	18.9187	20.4199	21.3006	21.5342	23.9035	25.5465	26.4133	26.4775	25.7372	24.2149	21.9569	19.0317	15.5282	14.4081	12.8502	10.9018	8.62222	6.08064	3.3543	0.526042	-2.3182	
-5.09	-4.9303	-4.62079	-4.17089	-3.59425	-2.86851	-2.04247	-1.12608	-0.157941	0.815	4.5087	8.07241	11.3908	14.3632	16.9046	18.9587	20.4472	21.3145	21.5342	23.9035	25.5465	26.4133	26.4775	25.7372	24.2149	21.9569	19.0317	15.5282	14.3938	12.8221	10.8608	8.57319	6.0395	3.3223	0.504153	-2.32931	
-5.09	-4.9303	-4.62079	-4.17089	-3.59425	-2.86851	-2.02826	-1.09163	-0.121831	0.851667	4.54974	8.11157	11.4269	14.3951	16.9314	18.972	20.4564	21.3192	21.5342	23.9035	25.5465	26.4133	26.4775	25.7372	24.2149	21.9569	19.0317	15.5282	14.3938	12.8221	10.8608	8.56951	6.02236	3.30897	0.495033	-2.33394	
-5.09	-4.9303	-4.62079	-4.17089	-3.59425	-2.86851	-2.01021	-1.07205	-0.101314	0.8725	4.57026	8.13115	11.445	14.4111	16.9448	18.9787	20.4609	21.3215	21.5342	23.9035	25.5465	26.4133	26.4775	25.7372	24.2149	21.9569	19.0317	15.5282	14.3805	12.8094	10.8491	8.55917	6.01379	3.3023	0.490472	-2.33626	
-5.09	-4.9303	-4.62079	-4.17089	-3.59425	-2.86851	-1.99939	-1.0603	-0.0890043	0.885	4.58257	8.14289	11.4558	14.4206	16.9528	18.9838	20.4637	21.3229	21.5342	23.9035	25.5465	26.4133	26.4775	25.7372	24.2149	21.9569	19.0317	15.5282	14.3682	12.7977	10.8383	8.54959	6.00864	3.2983	0.487736	-2.33765	
0.757	-0.21506	-1.15437	-2.04247	-2.86851	-3.59425	-4.17089	-4.62079	-4.9303	-5.09	-2.3182	0.526042	3.3543	6.08064	8.62222	10.9018	12.8502	14.4081	15.5282	19.0317	21.9569	24.2149	25.7372	26.4775	26.4133	25.5465	23.9035	21.5342	21.3006	20.4199	18.9187	16.8426	14.2822	11.309	7.99644	4.44424	
0.757	0.827871	0.873588	0.892761	0.884808	0.884808	0.892761	0.873588	0.827871	0.757	3.43511	6.00885	8.40352	10.5469	12.3699	13.817	14.8443	15.4205	15.5282	17.9887	19.9027	21.2119	21.8766	21.8766	21.2119	19.9027	17.9887	15.5282	15.4205	14.8443	13.817	12.3699	10.5469	8.40352	6.00885	3.43511	
0.757	0.827871	0.873588	0.900532	0.914941	0.929239	0.942991	0.92809	0.88499	0.815	3.49223	6.07023	8.46385	10.6003	12.4147	13.8518	14.8681	15.4326	15.5282	17.9887	19.9027	21.2119	21.8766	21.8766	21.2119	19.9027	17.9887	15.5282	15.398	14.8021	13.7659	12.3163	10.5019	8.36852	5.98263	3.4218	
0.757	0.827871	0.873588	0.918865	0.93851	0.957327	0.974745	0.962546	0.9211	0.851667	3.5332	6.10938	8.49993	10.6322	12.4414	13.8726	14.8823	15.4398	15.5282	17.9887	19.9027	21.2119	21.8766	21.8766	21.2119	19.9027	17.9887	15.5282	15.3967	14.7973	13.7483	12.2843	10.4752	8.34768	5.97077	3.41578	
0.757	0.827871	0.878426	0.929282	0.951901	0.973287	0.992787	0.982122	0.941617	0.8725	3.55372	6.12896	8.51798	10.6482	12.4548	13.8831	14.8895	15.4435	15.5282	17.9887	19.9027	21.2119	21.8766	21.8766	21.2119	19.9027	17.9887	15.5282	15.3859	14.7846	13.7366	12.2713	10.4618	8.33727	5.96365	3.41216	
0.757	0.827871	0.882702	0.935532	0.959936	0.982862	1.00361	0.993869	0.953927	0.885	3.56603	6.14071	8.5288	10.6578	12.4629	13.8893	14.8937	15.4456	15.5282	17.9887	19.9027	21.2119	21.8766	21.8766	21.2119	19.9027	17.9887	15.5282	15.3859	14.7761	13.7258	12.2617	10.4537	8.33102	5.95937	3.40999	
0.815	-0.157941	-1.12608	-2.04247	-2.86851	-3.59425	-4.17089	-4.62079	-4.9303	-5.09	-2.32931	0.504153	3.3223	6.0395	8.57319	10.8608	12.8221	14.3938	15.5282	19.0317	21.9569	24.2149	25.7372	26.4775	26.4133	25.5465	23.9035	21.5342	21.3145	20.4472	18.9587	16.9046	14.3632	11.3908	8.07241	4.5087	
0.815	0.88499	0.92809	0.942991	0.929239	0.914941	0.900532	0.873588	0.827871	0.757	3.4218	5.98263	8.36852	10.5019	12.3163	13.7659	14.8021	15.398	15.5282	17.9887	19.9027	21.2119	21.8766	21.8766	21.2119	19.9027	17.9887	15.5282	15.4326	14.8681	13.8518	12.4147	10.6003	8.46385	6.07023	3.49223	
0.815	0.88499	0.92809	0.942991	0.929239	0.929239	0.942991	0.92809	0.88499	0.815	3.48105	6.04834	8.43185	10.5592	12.3656	13.8108	14.84	15.4184	15.5282	17.9887	19.9027	21.2119	21.8766	21.8766	21.2119	19.9027	17.9887	15.5282	15.4184	14.84	13.8108	12.3656	10.5592	8.43185	6.04834	3.48105	
0.815	0.88499	0.92809	0.942991	0.93851	0.957327	0.974745	0.962546	0.9211	0.851667	3.52209	6.08749	8.46793	10.5911	12.3924	13.8316	14.8543	15.4256	15.5282	17.9887	19.9027	21.2119	21.8766	21.8766	21.2119	19.9027	17.9887	15.5282	15.4184	14.84	13.8108	12.362	10.542	8.41852	6.03922	3.47642	
0.815	0.88499	0.92809	0.942991	0.951901	0.973287	0.992787	0.982122	0.941617	0.8725	3.54261	6.10707	8.48598	10.607	12.4058	13.8421	14.8614	15.4292	15.5282	17.9887	19.9027	21.2119	21.8766	21.8766	21.2119	19.9027	17.9887	15.5282	15.4051	14.8274	13.7991	12.3516	10.5334	8.41185	6.03466	3.47411	
0.815	0.88499	0.92809	0.942991	0.959936	0.982862	1.00361	0.993869	0.953927	0.885	3.55492	6.11882	8.4968	10.6166	12.4138	13.8483	14.8657	15.4314	15.5282	17.9887	19.9027	21.2119	21.8766	21.8766	21.2119	19.9027	17.9887	15.5282	15.3998	14.8156	13.7883	12.342	10.5283	8.40785	6.03192	3.47272	
0.851667	-0.121831	-1.09163	-2.02826	-2.86851	-3.59425	-4.17089	-4.62079	-4.9303	-5.09	-2.33394	0.495033	3.30897	6.02236	8.56951	10.8608	12.8221	14.3938	15.5282	19.0317	21.9569	24.2149	25.7372	26.4775	26.4133	25.5465	23.9035	21.5342	21.3192	20.4564	18.972	16.9314	14.3951	11.4269	8.11157	4.54974	
0.851667	0.9211	0.962546	0.974745	0.957327	0.93851	0.918865	0.873588	0.827871	0.757	3.41578	5.97077	8.34768	10.4752	12.2843	13.7483	14.7973	15.3967	15.5282	17.9887	19.9027	21.2119	21.8766	21.8766	21.2119	19.9027	17.9887	15.5282	15.4398	14.8823	13.8726	12.4414	10.6322	8.49993	6.10938	3.5332	
0.851667	0.9211	0.962546	0.974745	0.957327	0.93851	0.942991	0.92809	0.88499	0.815	3.47642	6.03922	8.41852	10.542	12.362	13.8108	14.84	15.4184	15.5282	17.9887	19.9027	21.2119	21.8766	21.8766	21.2119	19.9027	17.9887	15.5282	15.4256	14.8543	13.8316	12.3924	10.5911	8.46793	6.08749	3.52209	
0.851667	0.9211	0.962546	0.974745	0.957327	0.957327	0.974745	0.962546	0.9211	0.851667	3.51746	6.07837	8.4546	10.5739	12.3887	13.8316	14.8543	15.4256	15.5282	17.9887	19.9027	21.2119	21.8766	21.8766	21.2119	19.9027	17.9887	15.5282	15.4256	14.8543	13.8316	12.3887	10.5739	8.4546	6.07837	3.51746	
0.851667	0.9211	0.962546	0.974745	0.957327	0.973287	0.992787	0.982122	0.941617	0.8725	3.53797	6.09795	8.47264	10.5899	12.4021	13.8421	14.8614	15.4292	15.5282	17.9887	19.9027	21.2119	21.8766	21.8766	21.2119	19.9027	17.9887	15.5282	15.4123	14.8416	13.82	12.3784	10.5654	8.44793	6.07381	3.51514	
0.851667	0.9211	0.962546	0.974745	0.959936	0.982862	1.00361	0.993869	0.953927	0.885	3.55028	6.1097	8.48347	10.5995	12.4102	13.8483	14.8657	15.4314	15.5282	17.9887	19.9027	21.2119	21.8766	21.8766	21.2119	19.9027	17.9887	15.5282	15.4044	14.8299	13.8091	12.3688	10.5602	8.44393	6.07108	3.51375	
0.8725	-0.101314	-1.07205	-2.01021	-2.86851	-3.59425	-4.17089	-4.62079	-4.9303	-5.09	-2.33626	0.490472	3.3023	6.01379	8.55917	10.8491	12.8094	14.3805	15.5282	19.0317	21.9569	24.2149	25.7372	26.4775	26.4133	25.5465	23.9035	21.5342	21.3215	20.4609	18.9787	16.9448	14.4111	11.445	8.13115	4.57026	
0.8725	0.941617	0.982122	0.992787	0.973287	0.951901	0.929282	0.878426	0.827871	0.757	3.41216	5.96365	8.33727	10.4618	12.2713	13.7366	14.7846	15.3859	15.5282	17.9887	19.9027	21.2119	21.8766	21.8766	21.2119	19.9027	17.9887	15.5282	15.4435	14.8895	13.8831	12.4548	10.6482	8.51798	6.12896	3.55372	
0.8725	0.941617	0.982122	0.992787	0.973287	0.951901	0.942991	0.92809	0.88499	0.815	3.47411	6.03466	8.41185	10.5334	12.3516	13.7991	14.8274	15.4051	15.5282	17.9887	19.9027	21.2119	21.8766	21.8766	21.2119	19.9027	17.9887	15.5282	15.4292	14.8614	13.8421	12.4058	10.607	8.48598	6.10707	3.54261	
0.8725	0.941617	0.982122	0.992787	0.973287	0.957327	0.974745	0.962546	0.9211	0.851667	3.51514	6.07381	8.44793	10.5654	12.3784	13.82	14.8416	15.4123	15.5282	17.9887	19.9027	21.2119	21.8766	21.8766	21.2119	19.9027	17.9887	15.5282	15.4292	14.8614	13.8421	12.4021	10.5899	8.47264	6.09795	3.53797	
0.8725	0.941617	0.982122	0.992787	0.973287	0.973287	0.992787	0.982122	0.941617	0.8725	3.53566	6.09339	8.46598	10.5813	12.3918	13.8304	14.8487	15.4159	15.5282	17.9887	19.9027	21.2119	21.8766	21.8766	21.2119	19.9027	17.9887	15.5282	15.4159	14.8487	13.8304	12.3918	10.5813	8.46598	6.09339	3.53566	
0.8725	0.941617	0.982122	0.992787	0.973287	0.982862	1.00361	0.993869	0.953927	0.885	3.54797	6.10514	8.4768	10.5909	12.3998	13.8366	14.853	15.4181	15.5282	17.9887	19.9027	21.2119	21.8766	21.8766	21.2119	19.9027	17.9887	15.5282	15.4067	14.837	13.8195	12.3822	10.5762	8.46198	6.09065	3.53427	
0.885	-0.0890043	-1.0603	-1.99939	-2.86851	-3.59425	-4.17089	-4.62079	-4.9303	-5.09	-2.33765	0.487736	3.2983	6.00864	8.54959	10.8383	12.7977	14.3682	15.5282	19.0317	21.9569	24.2149	25.7372	26.4775	26.4133	25.5465	23.9035	21.5342	21.3229	20.4637	18.9838	16.9528	14.4206	11.4558	8.14289	4.58257	
0.885	0.953927	0.993869	1.00361	0.982862	0.959936	0.935532	0.882702	0.827871	0.757	3.40999	5.95937	8.33102	10.4537	12.2617	13.7258	14.7761	15.3859	15.5282	17.9887	19.9027	21.2119	21.8766	21.8766	21.2119	19.9027	17.9887	15.5282	15.4456	14.8937	13.8893	12.4629	10.6578	8.5288	6.14071	3.56603	
0.885	0.953927	0.993869	1.00361	0.982862	0.959936	0.942991	0.92809	0.88499	0.815	3.47272	6.03192	8.40785	10.5283	12.342	13.7883	14.8156	15.3998	15.5282	17.9887	19.9027	21.2119	21.8766	21.8766	21.2119	19.9027	17.9887	15.5282	15.4314	14.8657	13.8483	12.4138	10.6166	8.4968	6.11882	3.55492	
0.885	0.953927	0.993869	1.00361	0.982862	0.959936	0.974745	0.962546	0.9211	0.851667	3.51375	6.07108	8.44393	10.5602	12.3688	13.8091	14.8299	15.4044	15.5282	17.9887	19.9027	21.2119	21.8766	21.8766	21.2119	19.9027	17.9887	15.5282	15.4314	14.8657	13.8483	12.4102	10.5995	8.48347	6.1097	3.55028	
0.885	0.953927	0.993869	1.00361	0.982862	0.973287	0.992787	0.982122	0.941617	0.8725	3.53427	6.09065	8.46198	10.5762	12.3822	13.8195	14.837	15.4067	15.5282	17.9887	19.9027	21.2119	21.8766	21.8766	21.2119	19.9027	17.9887	15.5282	15.4181	14.853	13.8366	12.3998	10.5909	8.4768	6.10514	3.54797	
0.885	0.953927	0.993869	1.00361	0.982862	0.982862	1.00361	0.993869	0.953927	0.885	3.54658	6.1024	8.4728	10.5858	12.3902	13.8258	14.8413	15.4081	15.5282	17.9887	19.9027	21.2119	21.8766	21.8766	21.2119	19.9027	17.9887	15.5282	15.4081	14.8413	13.8258	12.3902	10.5858	8.4728	6.1024	3.54658	
