-5.29944	-6.23636	-6.98378	-7.51901	-7.82424	-7.82424	-7.51901	-6.98378	-6.23636	-5.29944	-4.20151	-2.96705	-1.63768	-0.258556	1.12843	2.49594	3.79496	4.97867	6.01111	6.96361	7.70452	8.21133	8.46865	8.46865	8.21133	7.70452	6.96361	6.01111	4.97867	3.79496	2.49594	1.12843	-0.258556	-1.63768	-2.96705	-4.20151	
-5.17997	-5.10214	-4.86929	-4.48848	-3.96366	-3.23791	-2.35833	-1.40098	-0.401071	0.611029	1.60458	2.55307	3.43277	4.2157	4.89103	5.42844	5.80091	5.99712	6.01111	5.92068	5.65035	5.20833	4.60807	3.86779	3.00999	2.06073	1.04885	0.00511344	-0.894457	-1.76685	-2.58556	-3.3257	-3.9648	-4.48343	-4.86583	-5.10039	
-5.2256	-5.13599	-4.89032	-4.49606	-3.96366	-3.23791	-2.35833	-1.40098	-0.401071	0.611029	1.60886	2.57714	3.47187	4.26629	4.94245	5.46844	5.82827	6.01101	6.01111	5.92068	5.65035	5.20833	4.60807	3.86779	3.00999	2.06073	1.04885	0.00511344	-0.908696	-1.79489	-2.62656	-3.37841	-4.02762	-4.55444	-4.9306	-5.15644	
-5.24798	-5.15339	-4.90223	-4.50211	-3.96366	-3.23791	-2.35833	-1.40044	-0.384959	0.642222	1.64989	2.61629	3.50795	4.29302	4.95959	5.48177	5.83739	6.01564	6.01111	5.92068	5.65035	5.20833	4.60807	3.86779	3.00999	2.06073	1.04885	0.00511344	-0.908696	-1.79489	-2.62656	-3.37841	-4.02762	-4.55444	-4.94289	-5.18114	
-5.25917	-5.1621	-4.90818	-4.50513	-3.96366	-3.23791	-2.35533	-1.38087	-0.364442	0.663056	1.67041	2.63587	3.52599	4.30898	4.96816	5.48844	5.84195	6.01796	6.01111	5.92068	5.65035	5.20833	4.60807	3.86779	3.00999	2.06073	1.04885	0.00511344	-0.923332	-1.81022	-2.64211	-3.39372	-4.04221	-4.56788	-4.95476	-5.19109	
-5.26588	-5.16732	-4.91175	-4.50694	-3.96366	-3.23791	-2.34451	-1.36912	-0.352132	0.675556	1.68272	2.64761	3.53682	4.31856	4.97331	5.49244	5.84469	6.01935	6.01111	5.92068	5.65035	5.20833	4.60807	3.86779	3.00999	2.06073	1.04885	0.00511344	-0.93648	-1.82444	-2.65654	-3.40793	-4.05578	-4.58038	-4.96582	-5.20037	
0.611029	-0.401071	-1.40098	-2.35833	-3.23791	-3.96366	-4.48848	-4.86929	-5.10214	-5.17997	-5.10039	-4.86583	-4.48343	-3.9648	-3.3257	-2.58556	-1.76685	-0.894457	0.00511344	1.04885	2.06073	3.00999	3.86779	4.60807	5.20833	5.65035	5.92068	6.01111	5.99712	5.80091	5.42844	4.89103	4.2157	3.43277	2.55307	1.60458	
0.650363	0.640251	0.616954	0.574912	0.515401	0.515401	0.574912	0.616954	0.640251	0.650363	0.64137	0.61289	0.565787	0.501493	0.421962	0.32961	0.227242	0.11797	0.00511344	0.00592369	0.00655396	0.00698508	0.00720397	0.00720397	0.00698508	0.00655396	0.00592369	0.00511344	0.11797	0.227242	0.32961	0.421962	0.501493	0.565787	0.61289	0.64137	
0.611029	0.621022	0.612146	0.58467	0.545534	0.559831	0.625141	0.674898	0.708223	0.720029	0.709978	0.678355	0.62612	0.554861	0.466743	0.364443	0.25107	0.130068	0.00511344	0.00592369	0.00655396	0.00698508	0.00720397	0.00720397	0.00698508	0.00655396	0.00592369	0.00511344	0.0944696	0.184389	0.275087	0.357425	0.429862	0.490927	0.54165	0.582491	
0.611029	0.627389	0.624686	0.603003	0.569103	0.58792	0.657151	0.714052	0.749257	0.761696	0.751012	0.717509	0.662205	0.58678	0.493526	0.385276	0.26532	0.137303	0.00511344	0.00592369	0.00655396	0.00698508	0.00720397	0.00720397	0.00698508	0.00655396	0.00592369	0.00511344	0.0941223	0.180271	0.260943	0.333686	0.408681	0.47144	0.5274	0.576124	
0.611029	0.631007	0.631812	0.61342	0.582494	0.603879	0.675193	0.733629	0.769774	0.782529	0.771529	0.737086	0.680247	0.602739	0.506917	0.395693	0.272446	0.140921	0.00511344	0.00592369	0.00655396	0.00698508	0.00720397	0.00720397	0.00698508	0.00655396	0.00592369	0.00511344	0.081967	0.164943	0.245389	0.318378	0.39529	0.461023	0.520274	0.572506	
0.611029	0.633178	0.636087	0.61967	0.590529	0.613455	0.686018	0.745375	0.782084	0.795029	0.783839	0.748832	0.691072	0.612315	0.514952	0.401943	0.276721	0.143091	0.00511344	0.00592369	0.00655396	0.00698508	0.00720397	0.00720397	0.00698508	0.00655396	0.00592369	0.00511344	0.081967	0.15633	0.230955	0.30797	0.387255	0.454773	0.515999	0.570336	
0.611029	-0.401071	-1.40098	-2.35833	-3.23791	-3.96366	-4.49606	-4.89032	-5.13599	-5.2256	-5.15644	-4.9306	-4.55444	-4.02762	-3.37841	-2.62656	-1.79489	-0.908696	0.00511344	1.04885	2.06073	3.00999	3.86779	4.60807	5.20833	5.65035	5.92068	6.01111	6.01101	5.82827	5.46844	4.94245	4.26629	3.47187	2.57714	1.60886	
0.720029	0.708223	0.674898	0.625141	0.559831	0.545534	0.58467	0.612146	0.621022	0.611029	0.582491	0.54165	0.490927	0.429862	0.357425	0.275087	0.184389	0.0944696	0.00511344	0.00592369	0.00655396	0.00698508	0.00720397	0.00720397	0.00698508	0.00655396	0.00592369	0.00511344	0.130068	0.25107	0.364443	0.466743	0.554861	0.62612	0.678355	0.709978	
0.674396	0.674376	0.653866	0.613488	0.559831	0.559831	0.613488	0.653866	0.674376	0.674396	0.653925	0.613585	0.560209	0.492046	0.414034	0.323443	0.223024	0.115828	0.00511344	0.00592369	0.00655396	0.00698508	0.00720397	0.00720397	0.00698508	0.00655396	0.00592369	0.00511344	0.115828	0.223024	0.323443	0.414034	0.492046	0.560209	0.613585	0.653925	
0.65202	0.656971	0.64196	0.607443	0.569103	0.58792	0.649572	0.69302	0.71541	0.716063	0.694959	0.652739	0.591191	0.523964	0.440817	0.344276	0.237275	0.123064	0.00511344	0.00592369	0.00655396	0.00698508	0.00720397	0.00720397	0.00698508	0.00655396	0.00592369	0.00511344	0.115828	0.223024	0.323443	0.414034	0.492046	0.555106	0.6013	0.629224	
0.640832	0.648268	0.636007	0.61342	0.582494	0.603879	0.667614	0.712596	0.735927	0.736896	0.715476	0.672316	0.609233	0.539923	0.454209	0.354693	0.2444	0.126681	0.00511344	0.00592369	0.00655396	0.00698508	0.00720397	0.00720397	0.00698508	0.00655396	0.00592369	0.00511344	0.101192	0.207696	0.307889	0.398727	0.47745	0.541666	0.589423	0.619272	
0.63412	0.643047	0.636087	0.61967	0.590529	0.613455	0.67844	0.724343	0.748237	0.749396	0.727786	0.684062	0.620058	0.549499	0.462243	0.360943	0.248675	0.128852	0.00511344	0.00592369	0.00655396	0.00698508	0.00720397	0.00720397	0.00698508	0.00655396	0.00592369	0.00511344	0.0958588	0.193481	0.293455	0.384512	0.463886	0.529166	0.578366	0.609994	
0.642222	-0.384959	-1.40044	-2.35833	-3.23791	-3.96366	-4.50211	-4.90223	-5.15339	-5.24798	-5.18114	-4.94289	-4.55444	-4.02762	-3.37841	-2.62656	-1.79489	-0.908696	0.00511344	1.04885	2.06073	3.00999	3.86779	4.60807	5.20833	5.65035	5.92068	6.01111	6.01564	5.83739	5.48177	4.95959	4.29302	3.50795	2.61629	1.64989	
0.761696	0.749257	0.714052	0.657151	0.58792	0.569103	0.603003	0.624686	0.627389	0.611029	0.576124	0.5274	0.47144	0.408681	0.333686	0.260943	0.180271	0.0941223	0.00511344	0.00592369	0.00655396	0.00698508	0.00720397	0.00720397	0.00698508	0.00655396	0.00592369	0.00511344	0.137303	0.26532	0.385276	0.493526	0.58678	0.662205	0.717509	0.751012	
0.716063	0.71541	0.69302	0.649572	0.58792	0.569103	0.607443	0.64196	0.656971	0.65202	0.629224	0.6013	0.555106	0.492046	0.414034	0.323443	0.223024	0.115828	0.00511344	0.00592369	0.00655396	0.00698508	0.00720397	0.00720397	0.00698508	0.00655396	0.00592369	0.00511344	0.123064	0.237275	0.344276	0.440817	0.523964	0.591191	0.652739	0.694959	
0.693687	0.698005	0.681113	0.643527	0.58792	0.58792	0.643527	0.681113	0.698005	0.693687	0.670258	0.640454	0.591191	0.523964	0.440817	0.344276	0.237275	0.123064	0.00511344	0.00592369	0.00655396	0.00698508	0.00720397	0.00720397	0.00698508	0.00655396	0.00592369	0.00511344	0.123064	0.237275	0.344276	0.440817	0.523964	0.591191	0.640454	0.670258	
0.682499	0.689302	0.67516	0.640505	0.58792	0.603879	0.661569	0.70069	0.718521	0.71452	0.690775	0.660031	0.609233	0.539923	0.454209	0.354693	0.2444	0.126681	0.00511344	0.00592369	0.00655396	0.00698508	0.00720397	0.00720397	0.00698508	0.00655396	0.00592369	0.00511344	0.108427	0.221947	0.328722	0.42551	0.509368	0.57775	0.628577	0.660305	
0.675786	0.68408	0.671589	0.638691	0.590529	0.613455	0.672395	0.712437	0.730831	0.72702	0.703085	0.671777	0.620058	0.549499	0.462243	0.360943	0.248675	0.128852	0.00511344	0.00592369	0.00655396	0.00698508	0.00720397	0.00720397	0.00698508	0.00655396	0.00592369	0.00511344	0.100489	0.207732	0.314288	0.411295	0.495805	0.56525	0.61752	0.651027	
0.663056	-0.364442	-1.38087	-2.35533	-3.23791	-3.96366	-4.50513	-4.90818	-5.1621	-5.25917	-5.19109	-4.95476	-4.56788	-4.04221	-3.39372	-2.64211	-1.81022	-0.923332	0.00511344	1.04885	2.06073	3.00999	3.86779	4.60807	5.20833	5.65035	5.92068	6.01111	6.01796	5.84195	5.48844	4.96816	4.30898	3.52599	2.63587	1.67041	
0.782529	0.769774	0.733629	0.675193	0.603879	0.582494	0.61342	0.631812	0.631007	0.611029	0.572506	0.520274	0.461023	0.39529	0.318378	0.245389	0.164943	0.081967	0.00511344	0.00592369	0.00655396	0.00698508	0.00720397	0.00720397	0.00698508	0.00655396	0.00592369	0.00511344	0.140921	0.272446	0.395693	0.506917	0.602739	0.680247	0.737086	0.771529	
0.736896	0.735927	0.712596	0.667614	0.603879	0.582494	0.61342	0.636007	0.648268	0.640832	0.619272	0.589423	0.541666	0.47745	0.398727	0.307889	0.207696	0.101192	0.00511344	0.00592369	0.00655396	0.00698508	0.00720397	0.00720397	0.00698508	0.00655396	0.00592369	0.00511344	0.126681	0.2444	0.354693	0.454209	0.539923	0.609233	0.672316	0.715476	
0.71452	0.718521	0.70069	0.661569	0.603879	0.58792	0.640505	0.67516	0.689302	0.682499	0.660305	0.628577	0.57775	0.509368	0.42551	0.328722	0.221947	0.108427	0.00511344	0.00592369	0.00655396	0.00698508	0.00720397	0.00720397	0.00698508	0.00655396	0.00592369	0.00511344	0.126681	0.2444	0.354693	0.454209	0.539923	0.609233	0.660031	0.690775	
0.703332	0.709819	0.694737	0.658547	0.603879	0.603879	0.658547	0.694737	0.709819	0.703332	0.680822	0.648154	0.595792	0.525328	0.438901	0.339139	0.229072	0.112045	0.00511344	0.00592369	0.00655396	0.00698508	0.00720397	0.00720397	0.00698508	0.00655396	0.00592369	0.00511344	0.112045	0.229072	0.339139	0.438901	0.525328	0.595792	0.648154	0.680822	
0.69662	0.704597	0.691166	0.656734	0.603879	0.613455	0.669372	0.706484	0.722129	0.715832	0.693132	0.6599	0.606618	0.534903	0.446936	0.345389	0.233347	0.114216	0.00511344	0.00592369	0.00655396	0.00698508	0.00720397	0.00720397	0.00698508	0.00655396	0.00592369	0.00511344	0.102805	0.214858	0.324705	0.424687	0.511764	0.583292	0.637097	0.671544	
0.675556	-0.352132	-1.36912	-2.34451	-3.23791	-3.96366	-4.50694	-4.91175	-5.16732	-5.26588	-5.20037	-4.96582	-4.58038	-4.05578	-3.40793	-2.65654	-1.82444	-0.93648	0.00511344	1.04885	2.06073	3.00999	3.86779	4.60807	5.20833	5.65035	5.92068	6.01111	6.01935	5.84469	5.49244	4.97331	4.31856	3.53682	2.64761	1.68272	
0.795029	0.782084	0.745375	0.686018	0.613455	0.590529	0.61967	0.636087	0.633178	0.611029	0.570336	0.515999	0.454773	0.387255	0.30797	0.230955	0.15633	0.081967	0.00511344	0.00592369	0.00655396	0.00698508	0.00720397	0.00720397	0.00698508	0.00655396	0.00592369	0.00511344	0.143091	0.276721	0.401943	0.514952	0.612315	0.691072	0.748832	0.783839	
0.749396	0.748237	0.724343	0.67844	0.613455	0.590529	0.61967	0.636087	0.643047	0.63412	0.609994	0.578366	0.529166	0.463886	0.384512	0.293455	0.193481	0.0958588	0.00511344	0.00592369	0.00655396	0.00698508	0.00720397	0.00720397	0.00698508	0.00655396	0.00592369	0.00511344	0.128852	0.248675	0.360943	0.462243	0.549499	0.620058	0.684062	0.727786	
0.72702	0.730831	0.712437	0.672395	0.613455	0.590529	0.638691	0.671589	0.68408	0.675786	0.651027	0.61752	0.56525	0.495805	0.411295	0.314288	0.207732	0.100489	0.00511344	0.00592369	0.00655396	0.00698508	0.00720397	0.00720397	0.00698508	0.00655396	0.00592369	0.00511344	0.128852	0.248675	0.360943	0.462243	0.549499	0.620058	0.671777	0.703085	
0.715832	0.722129	0.706484	0.669372	0.613455	0.603879	0.656734	0.691166	0.704597	0.69662	0.671544	0.637097	0.583292	0.511764	0.424687	0.324705	0.214858	0.102805	0.00511344	0.00592369	0.00655396	0.00698508	0.00720397	0.00720397	0.00698508	0.00655396	0.00592369	0.00511344	0.114216	0.233347	0.345389	0.446936	0.534903	0.606618	0.6599	0.693132	
0.70912	0.716907	0.702912	0.667559	0.613455	0.613455	0.667559	0.702912	0.716907	0.70912	0.683854	0.648843	0.594118	0.52134	0.432721	0.330955	0.219133	0.104194	0.00511344	0.00592369	0.00655396	0.00698508	0.00720397	0.00720397	0.00698508	0.00655396	0.00592369	0.00511344	0.104194	0.219133	0.330955	0.432721	0.52134	0.594118	0.648843	0.683854	
