1.30822e-08	1.30003e-08	1.25233e-08	1.16658e-08	1.26089e-08	1.46423e-08	1.62308e-08	1.8089e-08	2.19134e-08	2.5072e-08	2.90135e-08	3.92252e-08	4.8245e-08	5.5799e-08	6.16575e-08	6.56426e-08	6.76331e-08	6.75687e-08	6.54512e-08	7.58224e-08	8.38897e-08	8.94081e-08	9.22098e-08	9.22098e-08	8.94081e-08	8.38897e-08	7.58224e-08	6.54512e-08	6.4704e-08	6.19907e-08	5.73939e-08	5.10532e-08	4.31612e-08	3.39579e-08	2.37227e-08	1.27667e-08	
1.24362e-08	0.0173648	0.034202	0.05	0.0642788	0.0766044	0.0866025	0.0939693	0.0984808	0.1	0.0984808	0.0939693	0.0866026	0.0766045	0.0642788	0.0500001	0.0342021	0.0173649	6.54512e-08	-0.00694585	-0.0136807	-0.0199999	-0.0257114	-0.0306417	-0.0346409	-0.0375876	-0.0393922	-0.0399999	-0.0393922	-0.0375876	-0.034641	-0.0306417	-0.0257115	-0.02	-0.0136808	-0.00694591	
1.24362e-08	0.0243107	0.0478828	0.07	0.0899903	0.107246	0.121244	0.131557	0.137873	0.14	0.137873	0.131557	0.121244	0.107246	0.0899903	0.0700001	0.0478829	0.0243108	6.54512e-08	-0.0138918	-0.0273615	-0.0399999	-0.0514229	-0.0612835	-0.0692819	-0.0751753	-0.0787845	-0.0799999	-0.0787846	-0.0751753	-0.069282	-0.0612835	-0.051423	-0.04	-0.0273616	-0.0138918	
1.24362e-08	0.0306778	0.0604236	0.0883333	0.113559	0.135335	0.152998	0.166012	0.173983	0.176667	0.173983	0.166012	0.152998	0.135335	0.113559	0.0883334	0.0604236	0.0306779	6.54512e-08	-0.0202589	-0.0399023	-0.0583332	-0.0749918	-0.0893718	-0.101036	-0.109631	-0.114894	-0.116667	-0.114894	-0.109631	-0.101036	-0.0893718	-0.0749918	-0.0583333	-0.0399023	-0.0202589	
1.24362e-08	0.0342955	0.067549	0.09875	0.126951	0.151294	0.17104	0.185589	0.1945	0.1975	0.1945	0.185589	0.17104	0.151294	0.126951	0.0987501	0.067549	0.0342956	6.54512e-08	-0.0238765	-0.0470277	-0.0687499	-0.0883832	-0.105331	-0.119078	-0.129208	-0.135411	-0.1375	-0.135411	-0.129208	-0.119078	-0.105331	-0.0883833	-0.06875	-0.0470277	-0.0238766	
1.24362e-08	0.0364661	0.0718242	0.105	0.134985	0.160869	0.181865	0.197335	0.20681	0.21	0.20681	0.197335	0.181865	0.160869	0.134985	0.105	0.0718243	0.0364662	6.54512e-08	-0.0260472	-0.0513029	-0.0749999	-0.096418	-0.114907	-0.129904	-0.140954	-0.147721	-0.15	-0.147721	-0.140954	-0.129904	-0.114907	-0.0964181	-0.075	-0.051303	-0.0260472	
0.1	0.0984808	0.0939693	0.0866025	0.0766045	0.0642788	0.05	0.034202	0.0173648	2.05855e-08	-0.0069459	-0.0136808	-0.02	-0.0257115	-0.0306417	-0.034641	-0.0375876	-0.0393922	-0.0399999	-0.0393922	-0.0375876	-0.0346409	-0.0306417	-0.0257114	-0.0199999	-0.0136807	-0.00694585	6.54512e-08	0.0173649	0.0342021	0.0500001	0.0642788	0.0766045	0.0866026	0.0939693	0.0984808	
0.0711544	0.0706523	0.0700624	0.0719615	0.0716742	0.0716742	0.0719615	0.0700624	0.0706523	0.0711544	0.0694946	0.0657233	0.0599549	0.0523649	0.0431838	0.0326905	0.0216613	0.0109978	6.54512e-08	7.58224e-08	8.38897e-08	8.94081e-08	9.22098e-08	9.22098e-08	8.94081e-08	8.38897e-08	7.58224e-08	6.54512e-08	0.0109978	0.0216613	0.0326905	0.0431838	0.0523649	0.0599549	0.0657233	0.0694946	
0.06	0.0729803	0.0837432	0.0919615	0.0973857	0.0998508	0.0995929	0.108065	0.113253	0.115	0.113253	0.108065	0.099593	0.0880952	0.0739206	0.0575001	0.0393324	0.0199696	6.54512e-08	-0.00463054	-0.00912045	-0.0133332	-0.0171409	-0.0204278	-0.0230939	-0.0250584	-0.0262615	-0.0266666	-0.0198944	-0.0125177	-0.00476062	0.00314108	0.0109473	0.018421	0.02902	0.0451966	
0.06	0.0793474	0.0962839	0.110295	0.120955	0.127939	0.135677	0.147219	0.154287	0.156667	0.154287	0.147219	0.135677	0.120014	0.100703	0.0783334	0.0535832	0.0272049	6.54512e-08	-0.0115765	-0.0228013	-0.0333332	-0.0428524	-0.0510695	-0.0577349	-0.0626461	-0.0656538	-0.0666666	-0.0587079	-0.0489653	-0.037735	-0.0253581	-0.0122107	0.00130772	0.0164792	0.0388295	
0.06	0.0829651	0.103409	0.120712	0.134346	0.143898	0.15372	0.166795	0.174803	0.1775	0.174803	0.166795	0.15372	0.135973	0.114095	0.0887501	0.0607086	0.0308226	6.54512e-08	-0.0151941	-0.0299267	-0.0437499	-0.0562438	-0.0670288	-0.0757771	-0.082223	-0.0861706	-0.0874999	-0.0792247	-0.0685422	-0.0557772	-0.0413173	-0.0256021	-0.00910895	0.00935381	0.0352119	
0.06	0.0851357	0.107685	0.126962	0.142381	0.153474	0.164545	0.178542	0.187113	0.19	0.187113	0.178542	0.164545	0.145548	0.12213	0.0950001	0.0649839	0.0329932	6.54512e-08	-0.0173647	-0.0342019	-0.0499999	-0.0642787	-0.0766044	-0.0866025	-0.0939692	-0.0984807	-0.0999999	-0.0915348	-0.0802884	-0.0666025	-0.0508929	-0.0336369	-0.015359	0.00507856	0.0330413	
0.14	0.137873	0.131557	0.121244	0.107246	0.0899903	0.07	0.0478828	0.0243108	2.05855e-08	-0.0138918	-0.0273616	-0.04	-0.051423	-0.0612835	-0.069282	-0.0751753	-0.0787846	-0.0799999	-0.0787845	-0.0751753	-0.0692819	-0.0612835	-0.0514229	-0.0399999	-0.0273615	-0.0138918	6.54512e-08	0.0243108	0.0478829	0.0700001	0.0899903	0.107246	0.121244	0.131557	0.137873	
0.115	0.113253	0.108065	0.0995929	0.0998508	0.0973857	0.0919615	0.0837432	0.0729803	0.06	0.0451966	0.02902	0.018421	0.0109473	0.00314108	-0.00476062	-0.0125177	-0.0198944	-0.0266666	-0.0262615	-0.0250584	-0.0230939	-0.0204278	-0.0171409	-0.0133332	-0.00912045	-0.00463054	6.54512e-08	0.0199696	0.0393324	0.0575001	0.0739206	0.0880952	0.099593	0.108065	0.113253	
0.083728	0.0841924	0.0820987	0.0778801	0.0712951	0.0712951	0.0778801	0.0820987	0.0841924	0.083728	0.0807195	0.0752584	0.0675106	0.0577115	0.0461589	0.0332038	0.0192398	0.00488329	6.54512e-08	-0.00463054	-0.00912045	-0.0133332	-0.0171409	-0.0171409	-0.0133332	-0.00912045	-0.00463054	6.54512e-08	0.00488329	0.0192398	0.0332038	0.0461589	0.0577115	0.0675106	0.0752584	0.0807195	
0.045	0.0558929	0.0650875	0.0767686	0.0912988	0.103214	0.113965	0.121253	0.125226	0.125395	0.121753	0.114412	0.103595	0.08963	0.0729417	0.0540371	0.0334906	0.0119265	-0.00999993	-0.0214245	-0.0250584	-0.0230939	-0.0204278	-0.0171409	-0.0133332	-0.00912045	-0.00463054	6.54512e-08	0.00498862	0.00982561	0.014364	0.018466	0.0220069	0.0248792	0.0269955	0.0327398	
0.045	0.0595106	0.0722129	0.0871853	0.10469	0.119173	0.132007	0.14083	0.145743	0.146228	0.14227	0.133989	0.121637	0.105589	0.0863331	0.0644538	0.040616	0.0155442	-0.00999993	-0.0250422	-0.0393236	-0.0524102	-0.0639043	-0.0734567	-0.0807771	-0.0856432	-0.0879071	-0.0874999	-0.0783564	-0.0668321	-0.0532772	-0.0381034	-0.0217719	-0.00477882	0.0123594	0.0291221	
0.045	0.0619666	0.0820503	0.099641	0.114204	0.128748	0.142832	0.152576	0.158053	0.158728	0.15458	0.145735	0.132462	0.115165	0.094368	0.0707038	0.0448913	0.0177148	-0.00999993	-0.0272128	-0.0435989	-0.0586602	-0.0719391	-0.0830322	-0.0916025	-0.0973894	-0.100217	-0.0999999	-0.0906665	-0.0785783	-0.0641025	-0.047679	-0.0298067	-0.0110288	0.00808418	0.0269515	
0.176667	0.173983	0.166012	0.152998	0.135335	0.113559	0.0883333	0.0604236	0.0306779	2.05855e-08	-0.0202589	-0.0399023	-0.0583333	-0.0749918	-0.0893718	-0.101036	-0.109631	-0.114894	-0.116667	-0.114894	-0.109631	-0.101036	-0.0893718	-0.0749918	-0.0583332	-0.0399023	-0.0202589	6.54512e-08	0.0306779	0.0604236	0.0883334	0.113559	0.135335	0.152998	0.166012	0.173983	
0.156667	0.154287	0.147219	0.135677	0.127939	0.120955	0.110295	0.0962839	0.0793474	0.06	0.0388295	0.0164792	0.00130772	-0.0122107	-0.0253581	-0.037735	-0.0489653	-0.0587079	-0.0666666	-0.0656538	-0.0626461	-0.0577349	-0.0510695	-0.0428524	-0.0333332	-0.0228013	-0.0115765	6.54512e-08	0.0272049	0.0535832	0.0783334	0.100703	0.120014	0.135677	0.147219	0.154287	
0.125395	0.125226	0.121253	0.113965	0.103214	0.0912988	0.0767686	0.0650875	0.0558929	0.045	0.0327398	0.0269955	0.0248792	0.0220069	0.018466	0.014364	0.00982561	0.00498862	6.54512e-08	-0.00463054	-0.00912045	-0.0133332	-0.0171409	-0.0204278	-0.0230939	-0.0250584	-0.0214245	-0.00999993	0.0119265	0.0334906	0.0540371	0.0729417	0.08963	0.103595	0.114412	0.121753	
0.0666667	0.0749151	0.0808873	0.0844017	0.0853516	0.0853516	0.0844017	0.0808873	0.0749151	0.0666667	0.057203	0.0460012	0.0334017	0.0197873	0.0134994	0.0105007	0.00718292	0.00364689	6.54512e-08	7.58224e-08	8.38897e-08	8.94081e-08	9.22098e-08	9.22098e-08	8.94081e-08	8.38897e-08	7.58224e-08	6.54512e-08	0.00364689	0.00718291	0.0105007	0.0134994	0.0197873	0.0334017	0.0460012	0.057203	
0.0533333	0.0677173	0.0800437	0.089938	0.0970996	0.101311	0.102444	0.100464	0.0954319	0.0875	0.0777198	0.0655782	0.0514439	0.0357466	0.0220699	0.0171674	0.0117432	0.0059622	6.54512e-08	-0.00303877	-0.00598527	-0.00874991	-0.0112487	-0.0134057	-0.0151554	-0.0164445	-0.0172341	-0.0174999	-0.0138918	-0.00986164	-0.0055318	-0.00103388	0.00349545	0.00791858	0.0201902	0.0373289	
0.0533333	0.0698879	0.084319	0.096188	0.105134	0.110886	0.113269	0.11221	0.107742	0.1	0.0900299	0.0773243	0.0622692	0.0453222	0.0272122	0.0211674	0.0144793	0.00735139	6.54512e-08	-0.00520937	-0.0102605	-0.0149999	-0.0192835	-0.0229812	-0.0259807	-0.0281907	-0.0295442	-0.0299999	-0.0268576	-0.0228992	-0.0182451	-0.0130366	-0.00743194	-0.00160149	0.0159149	0.0351583	
0.1975	0.1945	0.185589	0.17104	0.151294	0.126951	0.09875	0.067549	0.0342955	2.05855e-08	-0.0238766	-0.0470277	-0.06875	-0.0883833	-0.105331	-0.119078	-0.129208	-0.135411	-0.1375	-0.135411	-0.129208	-0.119078	-0.105331	-0.0883832	-0.0687499	-0.0470277	-0.0238765	6.54512e-08	0.0342956	0.067549	0.0987501	0.126951	0.151294	0.17104	0.185589	0.1945	
0.1775	0.174803	0.166795	0.15372	0.143898	0.134346	0.120712	0.103409	0.0829651	0.06	0.0352119	0.00935382	-0.00910895	-0.0256021	-0.0413173	-0.0557772	-0.0685422	-0.0792247	-0.0874999	-0.0861706	-0.082223	-0.0757771	-0.0670288	-0.0562438	-0.0437499	-0.0299267	-0.0151941	6.54512e-08	0.0308226	0.0607086	0.0887501	0.114095	0.135973	0.15372	0.166795	0.174803	
0.146228	0.145743	0.14083	0.132007	0.119173	0.10469	0.0871853	0.0722129	0.0595106	0.045	0.0291222	0.0123594	-0.00477882	-0.0217719	-0.0381034	-0.0532772	-0.0668321	-0.0783564	-0.0874999	-0.0879071	-0.0856432	-0.0807771	-0.0734567	-0.0639043	-0.0524102	-0.0393236	-0.0250422	-0.00999993	0.0155442	0.040616	0.0644538	0.0863331	0.105589	0.121637	0.133989	0.14227	
0.0875	0.0954319	0.100464	0.102444	0.101311	0.0970996	0.089938	0.0800437	0.0677173	0.0533334	0.0373289	0.0201902	0.00791858	0.00349546	-0.00103388	-0.0055318	-0.00986163	-0.0138918	-0.0174999	-0.0172341	-0.0164445	-0.0151554	-0.0134057	-0.0112487	-0.00874991	-0.00598527	-0.00303877	6.54512e-08	0.0059622	0.0117432	0.0171673	0.0220699	0.0357466	0.0514439	0.0655781	0.0777198	
0.0325805	0.0351244	0.036601	0.0369655	0.0362069	0.0362069	0.0369655	0.036601	0.0351244	0.0325805	0.0290467	0.0246303	0.0194656	0.0137094	0.00753662	0.00113487	-0.00529089	-0.00877878	-0.0119999	-0.0148565	-0.0172616	-0.0191422	-0.0204412	-0.0204412	-0.0191422	-0.0172616	-0.0148565	-0.0119999	-0.00877879	-0.0052909	0.00113487	0.00753662	0.0137094	0.0194656	0.0246303	0.0290467	
0.0504655	0.0597704	0.0672592	0.0727043	0.0759404	0.0769949	0.0757099	0.0721244	0.0663476	0.0585547	0.0489828	0.0379225	0.0263938	0.0198377	0.0126789	0.00513487	0.00292595	0.00148558	6.54512e-08	7.58224e-08	8.38897e-08	8.94081e-08	9.22098e-08	9.22098e-08	8.94081e-08	8.38897e-08	7.58224e-08	6.54512e-08	0.00321434	0.00633096	0.00925521	0.0118982	0.0141798	0.0160304	0.0275849	0.0396272	
0.21	0.20681	0.197335	0.181865	0.160869	0.134985	0.105	0.0718242	0.0364661	2.05855e-08	-0.0260472	-0.051303	-0.075	-0.0964181	-0.114907	-0.129904	-0.140954	-0.147721	-0.15	-0.147721	-0.140954	-0.129904	-0.114907	-0.096418	-0.0749999	-0.0513029	-0.0260472	6.54512e-08	0.0364662	0.0718243	0.105	0.134985	0.160869	0.181865	0.197335	0.20681	
0.19	0.187113	0.178542	0.164545	0.153474	0.142381	0.126962	0.107685	0.0851357	0.06	0.0330413	0.00507857	-0.015359	-0.0336369	-0.0508929	-0.0666025	-0.0802884	-0.0915348	-0.0999999	-0.0984807	-0.0939692	-0.0866025	-0.0766044	-0.0642787	-0.0499999	-0.0342019	-0.0173647	6.54512e-08	0.0329932	0.0649839	0.0950001	0.12213	0.145548	0.164545	0.178542	0.187113	
0.158728	0.158053	0.152576	0.142832	0.128748	0.114204	0.099641	0.0820503	0.0619666	0.045	0.0269516	0.00808418	-0.0110288	-0.0298067	-0.047679	-0.0641025	-0.0785783	-0.0906665	-0.0999999	-0.100217	-0.0973894	-0.0916025	-0.0830322	-0.0719391	-0.0586602	-0.0435989	-0.0272128	-0.00999993	0.0177148	0.0448913	0.0707038	0.094368	0.115165	0.132462	0.145735	0.15458	
0.1	0.107742	0.11221	0.113269	0.110886	0.105134	0.096188	0.084319	0.0698879	0.0533334	0.0351583	0.015915	-0.00160148	-0.00743193	-0.0130366	-0.0182451	-0.0228992	-0.0268576	-0.0299999	-0.0295442	-0.0281907	-0.0259807	-0.0229812	-0.0192835	-0.0149999	-0.0102605	-0.00520937	6.54512e-08	0.00735139	0.0144793	0.0211673	0.0272122	0.0453222	0.0622692	0.0773243	0.0900299	
0.0585547	0.0663476	0.0721244	0.0757099	0.0769949	0.0759404	0.0727043	0.0672592	0.0597704	0.0504655	0.0396272	0.0275849	0.0160304	0.0141797	0.0118982	0.0092552	0.00633095	0.00321434	6.54512e-08	7.58224e-08	8.38897e-08	8.94081e-08	9.22098e-08	9.22098e-08	8.94081e-08	8.38897e-08	7.58224e-08	6.54512e-08	0.00148558	0.00292595	0.00513487	0.0126789	0.0198377	0.0263938	0.0379225	0.0489828	
0.0629655	0.0720805	0.0790053	0.0835297	0.085516	0.085516	0.0835297	0.0790053	0.0720805	0.0629655	0.0519373	0.039331	0.0268557	0.0237553	0.0199331	0.0155052	0.0106062	0.00538494	6.54512e-08	7.58224e-08	8.38897e-08	8.94081e-08	9.22098e-08	9.22098e-08	8.94081e-08	8.38897e-08	7.58224e-08	6.54512e-08	0.00538495	0.0106062	0.0155052	0.0199331	0.0237553	0.0268557	0.039331	0.0519373	
