8.48087e-09	9.82471e-09	1.087e-08	1.15851e-08	1.19481e-08	1.19481e-08	1.15851e-08	1.087e-08	9.82471e-09	8.48087e-09	7.60956e-08	1.41398e-07	2.02405e-07	2.57261e-07	3.04301e-07	3.42094e-07	3.69493e-07	3.85666e-07	3.9012e-07	4.51937e-07	5.00022e-07	5.32914e-07	5.49613e-07	5.49613e-07	5.32914e-07	5.00022e-07	4.51937e-07	3.9012e-07	3.85666e-07	3.69493e-07	3.42094e-07	3.04301e-07	2.57261e-07	2.02405e-07	1.41398e-07	7.60956e-08	
8.48087e-09	0.0173648	0.034202	0.05	0.0642788	0.0766045	0.0866026	0.0939693	0.0984808	0.1	0.0984809	0.0939694	0.0866027	0.0766047	0.0642791	0.0500003	0.0342024	0.0173652	3.9012e-07	-0.00694548	-0.0136803	-0.0199995	-0.025711	-0.0306412	-0.0346405	-0.0375872	-0.0393919	-0.0399996	-0.0393919	-0.0375873	-0.0346407	-0.0306415	-0.0257112	-0.0199998	-0.0136807	-0.00694585	
8.48087e-09	0.0243108	0.0478828	0.07	0.0899903	0.107246	0.121244	0.131557	0.137873	0.14	0.137873	0.131557	0.121244	0.107246	0.0899906	0.0700003	0.0478832	0.0243111	3.9012e-07	-0.0138914	-0.0273611	-0.0399995	-0.0514225	-0.061283	-0.0692815	-0.0751749	-0.0787842	-0.0799996	-0.0787842	-0.075175	-0.0692817	-0.0612833	-0.0514228	-0.0399998	-0.0273615	-0.0138918	
8.48087e-09	0.0306779	0.0604236	0.0883333	0.113559	0.135335	0.152998	0.166012	0.173983	0.176667	0.173983	0.166013	0.152998	0.135335	0.113559	0.0883337	0.0604239	0.0306782	3.9012e-07	-0.0202585	-0.0399019	-0.0583328	-0.0749913	-0.0893713	-0.101036	-0.10963	-0.114894	-0.116666	-0.114894	-0.10963	-0.101036	-0.0893715	-0.0749916	-0.0583331	-0.0399022	-0.0202589	
8.48087e-09	0.0342955	0.067549	0.09875	0.126951	0.151294	0.17104	0.185589	0.1945	0.1975	0.1945	0.185589	0.17104	0.151294	0.126951	0.0987503	0.0675493	0.0342959	3.9012e-07	-0.0238762	-0.0470273	-0.0687495	-0.0883827	-0.105331	-0.119078	-0.129207	-0.135411	-0.1375	-0.135411	-0.129207	-0.119078	-0.105331	-0.088383	-0.0687498	-0.0470276	-0.0238765	
8.48087e-09	0.0364661	0.0718242	0.105	0.134985	0.160869	0.181865	0.197335	0.20681	0.21	0.20681	0.197336	0.181866	0.16087	0.134986	0.105	0.0718246	0.0364665	3.9012e-07	-0.0260468	-0.0513025	-0.0749995	-0.0964176	-0.114906	-0.129903	-0.140953	-0.147721	-0.15	-0.147721	-0.140954	-0.129903	-0.114906	-0.0964179	-0.0749998	-0.0513029	-0.0260472	
0.1	0.0984808	0.0939693	0.0866026	0.0766045	0.0642788	0.05	0.034202	0.0173648	8.48087e-09	-0.00694585	-0.0136807	-0.0199998	-0.0257112	-0.0306415	-0.0346407	-0.0375873	-0.0393919	-0.0399996	-0.0393919	-0.0375872	-0.0346405	-0.0306412	-0.025711	-0.0199995	-0.0136803	-0.00694548	3.9012e-07	0.0173652	0.0342024	0.0500003	0.0642791	0.0766047	0.0866027	0.0939694	0.0984809	
0.0711546	0.0706523	0.0700624	0.0719615	0.0716742	0.0716742	0.0719615	0.0700624	0.0706523	0.0711546	0.0694948	0.0657235	0.0599552	0.0523652	0.0431841	0.0326909	0.0216616	0.0109981	3.9012e-07	4.51937e-07	5.00022e-07	5.32914e-07	5.49613e-07	5.49613e-07	5.32914e-07	5.00022e-07	4.51937e-07	3.9012e-07	0.0109981	0.0216616	0.0326909	0.0431841	0.0523652	0.0599552	0.0657235	0.0694948	
0.06	0.0729803	0.0837432	0.0919615	0.0973857	0.0998508	0.0995929	0.108065	0.113253	0.115	0.113253	0.108065	0.0995931	0.0880954	0.0739209	0.0575003	0.0393327	0.0199699	3.9012e-07	-0.00463017	-0.00912004	-0.0133328	-0.0171405	-0.0204273	-0.0230935	-0.025058	-0.0262611	-0.0266663	-0.0198941	-0.0125174	-0.00476034	0.00314133	0.0109475	0.0184211	0.0290201	0.0451967	
0.06	0.0793474	0.0962839	0.110295	0.120955	0.127939	0.135677	0.147219	0.154287	0.156667	0.154287	0.147219	0.135678	0.120014	0.100704	0.0783337	0.0535835	0.0272053	3.9012e-07	-0.0115761	-0.0228008	-0.0333328	-0.042852	-0.0510691	-0.0577345	-0.0626457	-0.0656534	-0.0666663	-0.0587075	-0.048965	-0.0377347	-0.0253578	-0.0122105	0.00130788	0.0164793	0.0388296	
0.06	0.0829651	0.103409	0.120712	0.134346	0.143898	0.15372	0.166795	0.174803	0.1775	0.174803	0.166796	0.15372	0.135973	0.114095	0.0887503	0.0607089	0.0308229	3.9012e-07	-0.0151938	-0.0299263	-0.0437495	-0.0562434	-0.0670283	-0.0757767	-0.0822226	-0.0861702	-0.0874996	-0.0792244	-0.0685419	-0.0557769	-0.0413171	-0.0256019	-0.00910878	0.00935393	0.0352119	
0.06	0.0851357	0.107685	0.126962	0.142381	0.153474	0.164545	0.178542	0.187113	0.19	0.187114	0.178542	0.164545	0.145549	0.12213	0.0950003	0.0649842	0.0329935	3.9012e-07	-0.0173644	-0.0342015	-0.0499995	-0.0642782	-0.0766039	-0.086602	-0.0939688	-0.0984803	-0.0999996	-0.0915345	-0.0802881	-0.0666022	-0.0508926	-0.0336367	-0.0153588	0.00507868	0.0330413	
0.14	0.137873	0.131557	0.121244	0.107246	0.0899903	0.07	0.0478828	0.0243108	8.48087e-09	-0.0138918	-0.0273615	-0.0399998	-0.0514228	-0.0612833	-0.0692817	-0.075175	-0.0787842	-0.0799996	-0.0787842	-0.0751749	-0.0692815	-0.061283	-0.0514225	-0.0399995	-0.0273611	-0.0138914	3.9012e-07	0.0243111	0.0478832	0.0700003	0.0899906	0.107246	0.121244	0.131557	0.137873	
0.115	0.113253	0.108065	0.0995929	0.0998508	0.0973857	0.0919615	0.0837432	0.0729803	0.06	0.0451967	0.0290201	0.0184211	0.0109475	0.00314133	-0.00476034	-0.0125174	-0.0198941	-0.0266663	-0.0262611	-0.025058	-0.0230935	-0.0204273	-0.0171405	-0.0133328	-0.00912004	-0.00463017	3.9012e-07	0.0199699	0.0393327	0.0575003	0.0739209	0.0880954	0.0995931	0.108065	0.113253	
0.0837281	0.0841925	0.0820987	0.0778801	0.0712952	0.0712952	0.0778801	0.0820987	0.0841925	0.0837281	0.0807197	0.0752586	0.0675109	0.0577118	0.0461592	0.0332041	0.0192401	0.00488363	3.9012e-07	-0.00463017	-0.00912004	-0.0133328	-0.0171405	-0.0171405	-0.0133328	-0.00912004	-0.00463017	3.9012e-07	0.00488363	0.0192401	0.0332041	0.0461592	0.0577118	0.0675109	0.0752586	0.0807197	
0.045	0.0558929	0.0650875	0.0767687	0.0912988	0.103214	0.113965	0.121253	0.125226	0.125395	0.121753	0.114412	0.103595	0.0896303	0.0729421	0.0540375	0.033491	0.0119269	-0.00999961	-0.0214242	-0.025058	-0.0230935	-0.0204273	-0.0171405	-0.0133328	-0.00912004	-0.00463017	3.9012e-07	0.00498897	0.00982595	0.0143644	0.0184664	0.0220072	0.0248795	0.0269957	0.0327399	
0.045	0.0595106	0.0722129	0.0871854	0.10469	0.119173	0.132007	0.14083	0.145743	0.146228	0.14227	0.133989	0.121637	0.10559	0.0863335	0.0644541	0.0406164	0.0155445	-0.00999961	-0.0250418	-0.0393232	-0.0524097	-0.0639038	-0.0734562	-0.0807767	-0.0856428	-0.0879067	-0.0874996	-0.0783561	-0.0668318	-0.0532769	-0.0381031	-0.0217717	-0.00477866	0.0123595	0.0291222	
0.045	0.0619666	0.0820503	0.099641	0.114204	0.128748	0.142832	0.152576	0.158053	0.158728	0.15458	0.145736	0.132463	0.115165	0.0943683	0.0707041	0.0448916	0.0177152	-0.00999961	-0.0272124	-0.0435984	-0.0586597	-0.0719387	-0.0830318	-0.091602	-0.097389	-0.100217	-0.0999996	-0.0906662	-0.078578	-0.0641022	-0.0476787	-0.0298065	-0.0110287	0.00808429	0.0269516	
0.176667	0.173983	0.166012	0.152998	0.135335	0.113559	0.0883333	0.0604236	0.0306779	8.48087e-09	-0.0202589	-0.0399022	-0.0583331	-0.0749916	-0.0893715	-0.101036	-0.10963	-0.114894	-0.116666	-0.114894	-0.10963	-0.101036	-0.0893713	-0.0749913	-0.0583328	-0.0399019	-0.0202585	3.9012e-07	0.0306782	0.0604239	0.0883337	0.113559	0.135335	0.152998	0.166013	0.173983	
0.156667	0.154287	0.147219	0.135677	0.127939	0.120955	0.110295	0.0962839	0.0793474	0.06	0.0388296	0.0164793	0.00130788	-0.0122105	-0.0253578	-0.0377347	-0.048965	-0.0587075	-0.0666663	-0.0656534	-0.0626457	-0.0577345	-0.0510691	-0.042852	-0.0333328	-0.0228008	-0.0115761	3.9012e-07	0.0272053	0.0535835	0.0783337	0.100704	0.120014	0.135678	0.147219	0.154287	
0.125395	0.125226	0.121253	0.113965	0.103214	0.0912988	0.0767687	0.0650875	0.0558929	0.045	0.0327399	0.0269957	0.0248795	0.0220072	0.0184664	0.0143644	0.00982595	0.00498897	3.9012e-07	-0.00463017	-0.00912004	-0.0133328	-0.0171405	-0.0204273	-0.0230935	-0.025058	-0.0214242	-0.00999961	0.0119269	0.033491	0.0540375	0.0729421	0.0896303	0.103595	0.114412	0.121753	
0.0666667	0.0749151	0.0808873	0.0844017	0.0853516	0.0853516	0.0844017	0.0808873	0.0749151	0.0666667	0.057203	0.0460013	0.0334019	0.0197876	0.0134997	0.010501	0.00718326	0.00364724	3.9012e-07	4.51937e-07	5.00022e-07	5.32914e-07	5.49613e-07	5.49613e-07	5.32914e-07	5.00022e-07	4.51937e-07	3.9012e-07	0.00364724	0.00718326	0.010501	0.0134997	0.0197876	0.0334019	0.0460013	0.057203	
0.0533333	0.0677173	0.0800437	0.089938	0.0970996	0.101311	0.102444	0.100464	0.0954319	0.0875	0.0777199	0.0655783	0.0514441	0.0357468	0.0220702	0.0171677	0.0117435	0.00596254	3.9012e-07	-0.00303839	-0.00598485	-0.00874947	-0.0112482	-0.0134052	-0.0151549	-0.0164441	-0.0172337	-0.0174996	-0.0138915	-0.00986124	-0.00553138	-0.00103345	0.00349588	0.00791898	0.0201903	0.0373289	
0.0533333	0.0698879	0.084319	0.096188	0.105134	0.110886	0.113269	0.11221	0.107742	0.1	0.09003	0.0773244	0.0622694	0.0453224	0.0272125	0.0211677	0.0144797	0.00735173	3.9012e-07	-0.00520899	-0.0102601	-0.0149995	-0.0192831	-0.0229808	-0.0259802	-0.0281903	-0.0295438	-0.0299996	-0.0268572	-0.0228988	-0.0182447	-0.0130361	-0.00743151	-0.00160108	0.0159151	0.0351583	
0.1975	0.1945	0.185589	0.17104	0.151294	0.126951	0.09875	0.067549	0.0342955	8.48087e-09	-0.0238765	-0.0470276	-0.0687498	-0.088383	-0.105331	-0.119078	-0.129207	-0.135411	-0.1375	-0.135411	-0.129207	-0.119078	-0.105331	-0.0883827	-0.0687495	-0.0470273	-0.0238762	3.9012e-07	0.0342959	0.0675493	0.0987503	0.126951	0.151294	0.17104	0.185589	0.1945	
0.1775	0.174803	0.166795	0.15372	0.143898	0.134346	0.120712	0.103409	0.0829651	0.06	0.0352119	0.00935393	-0.00910878	-0.0256019	-0.0413171	-0.0557769	-0.0685419	-0.0792244	-0.0874996	-0.0861702	-0.0822226	-0.0757767	-0.0670283	-0.0562434	-0.0437495	-0.0299263	-0.0151938	3.9012e-07	0.0308229	0.0607089	0.0887503	0.114095	0.135973	0.15372	0.166796	0.174803	
0.146228	0.145743	0.14083	0.132007	0.119173	0.10469	0.0871854	0.0722129	0.0595106	0.045	0.0291222	0.0123595	-0.00477866	-0.0217717	-0.0381031	-0.0532769	-0.0668318	-0.0783561	-0.0874996	-0.0879067	-0.0856428	-0.0807767	-0.0734562	-0.0639038	-0.0524097	-0.0393232	-0.0250418	-0.00999961	0.0155445	0.0406164	0.0644541	0.0863335	0.10559	0.121637	0.133989	0.14227	
0.0875	0.0954319	0.100464	0.102444	0.101311	0.0970996	0.089938	0.0800437	0.0677173	0.0533333	0.0373289	0.0201903	0.00791898	0.00349588	-0.00103345	-0.00553138	-0.00986124	-0.0138915	-0.0174996	-0.0172337	-0.0164441	-0.0151549	-0.0134052	-0.0112482	-0.00874947	-0.00598485	-0.00303839	3.9012e-07	0.00596254	0.0117435	0.0171677	0.0220702	0.0357468	0.0514441	0.0655783	0.0777199	
0.0325808	0.0351246	0.0366011	0.0369656	0.0362069	0.0362069	0.0369656	0.0366011	0.0351246	0.0325808	0.029047	0.0246307	0.019466	0.0137098	0.00753705	0.00113529	-0.00529059	-0.00877846	-0.0119996	-0.0148561	-0.0172612	-0.0191418	-0.0204408	-0.0204408	-0.0191418	-0.0172612	-0.0148561	-0.0119996	-0.00877846	-0.00529059	0.00113529	0.00753705	0.0137098	0.019466	0.0246307	0.029047	
0.0504657	0.0597706	0.0672593	0.0727044	0.0759404	0.076995	0.07571	0.0721247	0.0663479	0.0585551	0.0489832	0.0379229	0.0263942	0.0198382	0.0126794	0.00513529	0.00292639	0.00148597	3.9012e-07	4.51937e-07	5.00022e-07	5.32914e-07	5.49613e-07	5.49613e-07	5.32914e-07	5.00022e-07	4.51937e-07	3.9012e-07	0.00321482	0.00633157	0.00925593	0.0118991	0.0141806	0.0160314	0.0275853	0.0396275	
0.21	0.20681	0.197335	0.181865	0.160869	0.134985	0.105	0.0718242	0.0364661	8.48087e-09	-0.0260472	-0.0513029	-0.0749998	-0.0964179	-0.114906	-0.129903	-0.140954	-0.147721	-0.15	-0.147721	-0.140953	-0.129903	-0.114906	-0.0964176	-0.0749995	-0.0513025	-0.0260468	3.9012e-07	0.0364665	0.0718246	0.105	0.134986	0.16087	0.181866	0.197336	0.20681	
0.19	0.187113	0.178542	0.164545	0.153474	0.142381	0.126962	0.107685	0.0851357	0.06	0.0330413	0.00507868	-0.0153588	-0.0336367	-0.0508926	-0.0666022	-0.0802881	-0.0915345	-0.0999996	-0.0984803	-0.0939688	-0.086602	-0.0766039	-0.0642782	-0.0499995	-0.0342015	-0.0173644	3.9012e-07	0.0329935	0.0649842	0.0950003	0.12213	0.145549	0.164545	0.178542	0.187114	
0.158728	0.158053	0.152576	0.142832	0.128748	0.114204	0.099641	0.0820503	0.0619666	0.045	0.0269516	0.00808429	-0.0110287	-0.0298065	-0.0476787	-0.0641022	-0.078578	-0.0906662	-0.0999996	-0.100217	-0.097389	-0.091602	-0.0830318	-0.0719387	-0.0586597	-0.0435984	-0.0272124	-0.00999961	0.0177152	0.0448916	0.0707041	0.0943683	0.115165	0.132463	0.145736	0.15458	
0.1	0.107742	0.11221	0.113269	0.110886	0.105134	0.096188	0.084319	0.0698879	0.0533333	0.0351583	0.0159151	-0.00160108	-0.00743151	-0.0130361	-0.0182447	-0.0228988	-0.0268572	-0.0299996	-0.0295438	-0.0281903	-0.0259802	-0.0229808	-0.0192831	-0.0149995	-0.0102601	-0.00520899	3.9012e-07	0.00735173	0.0144797	0.0211677	0.0272125	0.0453224	0.0622694	0.0773244	0.09003	
0.0585551	0.0663479	0.0721247	0.07571	0.076995	0.0759404	0.0727044	0.0672593	0.0597706	0.0504657	0.0396275	0.0275853	0.0160314	0.0141806	0.0118991	0.00925593	0.00633157	0.00321482	3.9012e-07	4.51937e-07	5.00022e-07	5.32914e-07	5.49613e-07	5.49613e-07	5.32914e-07	5.00022e-07	4.51937e-07	3.9012e-07	0.00148597	0.00292639	0.00513529	0.0126794	0.0198382	0.0263942	0.0379229	0.0489832	
0.0629657	0.0720807	0.0790055	0.0835297	0.085516	0.085516	0.0835297	0.0790055	0.0720807	0.0629657	0.0519376	0.0393314	0.0268567	0.0237562	0.0199339	0.0155059	0.0106068	0.00538542	3.9012e-07	4.51937e-07	5.00022e-07	5.32914e-07	5.49613e-07	5.49613e-07	5.32914e-07	5.00022e-07	4.51937e-07	3.9012e-07	0.00538542	0.0106068	0.0155059	0.0199339	0.0237562	0.0268567	0.0393314	0.0519376	
