-5.106	-6.00564	-6.72279	-7.23568	-7.52872	-7.52872	-7.23568	-6.72279	-6.00564	-5.106	-1.85653	1.45134	4.71512	7.83563	10.7236	13.2996	15.491	17.2219	18.4296	21.3498	23.6214	25.1752	25.9642	25.9642	25.1752	23.6214	21.3498	18.4296	17.2219	15.491	13.2996	10.7236	7.83563	4.71512	1.45134	-1.85653	
-5.106	-4.9627	-4.66862	-4.23268	-3.66814	-2.94239	-2.10426	-1.2022	-0.247465	0.741	3.88937	6.91956	9.74284	12.2743	14.454	16.222	17.497	18.2404	18.4296	20.3069	21.5672	22.1722	22.1036	21.3633	19.9739	17.9776	15.4351	12.4236	11.3478	9.92729	8.20512	6.23364	4.07276	1.78812	-0.550842	-2.87307	
-5.106	-4.9627	-4.66862	-4.23268	-3.66814	-2.94239	-2.10426	-1.17391	-0.190346	0.799	3.95383	6.99553	9.82467	12.3553	14.516	16.262	17.5244	18.2543	18.4296	20.3069	21.5672	22.1722	22.1036	21.3633	19.9739	17.9776	15.4351	12.4236	11.3336	9.89924	8.16412	6.18461	4.03162	1.75612	-0.572731	-2.88418	
-5.106	-4.9627	-4.66862	-4.23268	-3.66814	-2.94239	-2.09005	-1.13945	-0.154236	0.835667	3.99487	7.03468	9.86076	12.3872	14.5428	16.2753	17.5335	18.2589	18.4296	20.3069	21.5672	22.1722	22.1036	21.3633	19.9739	17.9776	15.4351	12.4236	11.3336	9.89924	8.16412	6.18093	4.01448	1.74279	-0.581852	-2.88881	
-5.106	-4.9627	-4.66862	-4.23268	-3.66814	-2.94239	-2.07201	-1.11988	-0.133719	0.8565	4.01538	7.05426	9.8788	12.4032	14.5562	16.282	17.538	18.2612	18.4296	20.3069	21.5672	22.1722	22.1036	21.3633	19.9739	17.9776	15.4351	12.4236	11.3203	9.88656	8.15243	6.17059	4.00591	1.73612	-0.586412	-2.89113	
-5.106	-4.9627	-4.66862	-4.23268	-3.66814	-2.94239	-2.06118	-1.10813	-0.121409	0.869	4.02769	7.06601	9.88962	12.4127	14.5642	16.2871	17.5408	18.2626	18.4296	20.3069	21.5672	22.1722	22.1036	21.3633	19.9739	17.9776	15.4351	12.4236	11.308	9.87481	8.1416	6.16101	4.00076	1.73212	-0.589148	-2.89252	
0.741	-0.247465	-1.2022	-2.10426	-2.94239	-3.66814	-4.23268	-4.66862	-4.9627	-5.106	-2.87307	-0.550842	1.78812	4.07276	6.23364	8.20512	9.92729	11.3478	12.4236	15.4351	17.9776	19.9739	21.3633	22.1036	22.1722	21.5672	20.3069	18.4296	18.2404	17.497	16.222	14.454	12.2743	9.74284	6.91956	3.88937	
0.741	0.795466	0.825763	0.830969	0.810926	0.810926	0.830969	0.825763	0.795466	0.741	2.88024	4.93197	6.83734	8.53905	9.98131	11.1203	11.9214	12.3603	12.4236	14.3921	15.9234	16.9709	17.5027	17.5027	16.9709	15.9234	14.3921	12.4236	12.3603	11.9214	11.1203	9.98131	8.53905	6.83734	4.93197	2.88024	
0.741	0.795466	0.825763	0.838739	0.841059	0.855357	0.881198	0.880265	0.852585	0.799	2.93736	4.99334	6.89767	8.59242	10.0261	11.1551	11.9452	12.3723	12.4236	14.3921	15.9234	16.9709	17.5027	17.5027	16.9709	15.9234	14.3921	12.4236	12.3378	11.8792	11.0692	9.92768	8.49405	6.80234	4.90575	2.86693	
0.741	0.795466	0.825763	0.857073	0.864628	0.883445	0.912953	0.91472	0.888695	0.835667	2.97833	5.0325	6.93376	8.62434	10.0529	11.176	11.9595	12.3796	12.4236	14.3921	15.9234	16.9709	17.5027	17.5027	16.9709	15.9234	14.3921	12.4236	12.3364	11.8744	11.0516	9.89576	8.46727	6.78151	4.89389	2.86091	
0.741	0.795466	0.830601	0.867489	0.878019	0.899404	0.930995	0.934297	0.909212	0.8565	2.99885	5.05208	6.9518	8.6403	10.0663	11.1864	11.9666	12.3832	12.4236	14.3921	15.9234	16.9709	17.5027	17.5027	16.9709	15.9234	14.3921	12.4236	12.3256	11.8617	11.0399	9.88269	8.45388	6.77109	4.88676	2.85729	
0.741	0.795466	0.834876	0.873739	0.886054	0.90898	0.94182	0.946043	0.921522	0.869	3.01116	5.06382	6.96262	8.64987	10.0743	11.1926	11.9709	12.3854	12.4236	14.3921	15.9234	16.9709	17.5027	17.5027	16.9709	15.9234	14.3921	12.4236	12.3256	11.8532	11.0291	9.87311	8.44585	6.76484	4.88249	2.85512	
0.799	-0.190346	-1.17391	-2.10426	-2.94239	-3.66814	-4.23268	-4.66862	-4.9627	-5.106	-2.88418	-0.572731	1.75612	4.03162	6.18461	8.16412	9.89924	11.3336	12.4236	15.4351	17.9776	19.9739	21.3633	22.1036	22.1722	21.5672	20.3069	18.4296	18.2543	17.5244	16.262	14.516	12.3553	9.82467	6.99553	3.95383	
0.799	0.852585	0.880265	0.881198	0.855357	0.841059	0.838739	0.825763	0.795466	0.741	2.86693	4.90575	6.80234	8.49405	9.92768	11.0692	11.8792	12.3378	12.4236	14.3921	15.9234	16.9709	17.5027	17.5027	16.9709	15.9234	14.3921	12.4236	12.3723	11.9452	11.1551	10.0261	8.59242	6.89767	4.99334	2.93736	
0.799	0.852585	0.880265	0.881198	0.855357	0.855357	0.881198	0.880265	0.852585	0.799	2.92618	4.97146	6.86567	8.55128	9.97706	11.1141	11.9172	12.3581	12.4236	14.3921	15.9234	16.9709	17.5027	17.5027	16.9709	15.9234	14.3921	12.4236	12.3581	11.9172	11.1141	9.97706	8.55128	6.86567	4.97146	2.92618	
0.799	0.852585	0.880265	0.881198	0.864628	0.883445	0.912953	0.91472	0.888695	0.835667	2.96722	5.01061	6.90176	8.5832	10.0038	11.135	11.9314	12.3653	12.4236	14.3921	15.9234	16.9709	17.5027	17.5027	16.9709	15.9234	14.3921	12.4236	12.3581	11.9172	11.1141	9.97338	8.53414	6.85234	4.96233	2.92155	
0.799	0.852585	0.880265	0.881198	0.878019	0.899404	0.930995	0.934297	0.909212	0.8565	2.98773	5.03019	6.9198	8.59916	10.0172	11.1454	11.9385	12.369	12.4236	14.3921	15.9234	16.9709	17.5027	17.5027	16.9709	15.9234	14.3921	12.4236	12.3448	11.9045	11.1024	9.96304	8.52557	6.84567	4.95777	2.91924	
0.799	0.852585	0.880265	0.881198	0.886054	0.90898	0.94182	0.946043	0.921522	0.869	3.00004	5.04193	6.93062	8.60873	10.0253	11.1516	11.9428	12.3711	12.4236	14.3921	15.9234	16.9709	17.5027	17.5027	16.9709	15.9234	14.3921	12.4236	12.3395	11.8927	11.0916	9.95346	8.52043	6.84167	4.95504	2.91785	
0.835667	-0.154236	-1.13945	-2.09005	-2.94239	-3.66814	-4.23268	-4.66862	-4.9627	-5.106	-2.88881	-0.581852	1.74279	4.01448	6.18093	8.16412	9.89924	11.3336	12.4236	15.4351	17.9776	19.9739	21.3633	22.1036	22.1722	21.5672	20.3069	18.4296	18.2589	17.5335	16.2753	14.5428	12.3872	9.86076	7.03468	3.99487	
0.835667	0.888695	0.91472	0.912953	0.883445	0.864628	0.857073	0.825763	0.795466	0.741	2.86091	4.89389	6.78151	8.46727	9.89576	11.0516	11.8744	12.3364	12.4236	14.3921	15.9234	16.9709	17.5027	17.5027	16.9709	15.9234	14.3921	12.4236	12.3796	11.9595	11.176	10.0529	8.62434	6.93376	5.0325	2.97833	
0.835667	0.888695	0.91472	0.912953	0.883445	0.864628	0.881198	0.880265	0.852585	0.799	2.92155	4.96233	6.85234	8.53414	9.97338	11.1141	11.9172	12.3581	12.4236	14.3921	15.9234	16.9709	17.5027	17.5027	16.9709	15.9234	14.3921	12.4236	12.3653	11.9314	11.135	10.0038	8.5832	6.90176	5.01061	2.96722	
0.835667	0.888695	0.91472	0.912953	0.883445	0.883445	0.912953	0.91472	0.888695	0.835667	2.96259	5.00149	6.88842	8.56606	10.0002	11.135	11.9314	12.3653	12.4236	14.3921	15.9234	16.9709	17.5027	17.5027	16.9709	15.9234	14.3921	12.4236	12.3653	11.9314	11.135	10.0002	8.56606	6.88842	5.00149	2.96259	
0.835667	0.888695	0.91472	0.912953	0.883445	0.899404	0.930995	0.934297	0.909212	0.8565	2.9831	5.02107	6.90647	8.58202	10.0136	11.1454	11.9385	12.369	12.4236	14.3921	15.9234	16.9709	17.5027	17.5027	16.9709	15.9234	14.3921	12.4236	12.352	11.9187	11.1233	9.98982	8.55749	6.88176	4.99693	2.96027	
0.835667	0.888695	0.91472	0.912953	0.886054	0.90898	0.94182	0.946043	0.921522	0.869	2.99541	5.03281	6.91729	8.59159	10.0216	11.1516	11.9428	12.3711	12.4236	14.3921	15.9234	16.9709	17.5027	17.5027	16.9709	15.9234	14.3921	12.4236	12.3442	11.907	11.1124	9.98024	8.55234	6.87776	4.99419	2.95888	
0.8565	-0.133719	-1.11988	-2.07201	-2.94239	-3.66814	-4.23268	-4.66862	-4.9627	-5.106	-2.89113	-0.586412	1.73612	4.00591	6.17059	8.15243	9.88656	11.3203	12.4236	15.4351	17.9776	19.9739	21.3633	22.1036	22.1722	21.5672	20.3069	18.4296	18.2612	17.538	16.282	14.5562	12.4032	9.8788	7.05426	4.01538	
0.8565	0.909212	0.934297	0.930995	0.899404	0.878019	0.867489	0.830601	0.795466	0.741	2.85729	4.88676	6.77109	8.45388	9.88269	11.0399	11.8617	12.3256	12.4236	14.3921	15.9234	16.9709	17.5027	17.5027	16.9709	15.9234	14.3921	12.4236	12.3832	11.9666	11.1864	10.0663	8.6403	6.9518	5.05208	2.99885	
0.8565	0.909212	0.934297	0.930995	0.899404	0.878019	0.881198	0.880265	0.852585	0.799	2.91924	4.95777	6.84567	8.52557	9.96304	11.1024	11.9045	12.3448	12.4236	14.3921	15.9234	16.9709	17.5027	17.5027	16.9709	15.9234	14.3921	12.4236	12.369	11.9385	11.1454	10.0172	8.59916	6.9198	5.03019	2.98773	
0.8565	0.909212	0.934297	0.930995	0.899404	0.883445	0.912953	0.91472	0.888695	0.835667	2.96027	4.99693	6.88176	8.55749	9.98982	11.1233	11.9187	12.352	12.4236	14.3921	15.9234	16.9709	17.5027	17.5027	16.9709	15.9234	14.3921	12.4236	12.369	11.9385	11.1454	10.0136	8.58202	6.90647	5.02107	2.9831	
0.8565	0.909212	0.934297	0.930995	0.899404	0.899404	0.930995	0.934297	0.909212	0.8565	2.98079	5.01651	6.8998	8.57345	10.0032	11.1337	11.9259	12.3557	12.4236	14.3921	15.9234	16.9709	17.5027	17.5027	16.9709	15.9234	14.3921	12.4236	12.3557	11.9259	11.1337	10.0032	8.57345	6.8998	5.01651	2.98079	
0.8565	0.909212	0.934297	0.930995	0.899404	0.90898	0.94182	0.946043	0.921522	0.869	2.9931	5.02825	6.91062	8.58302	10.0112	11.1399	11.9301	12.3578	12.4236	14.3921	15.9234	16.9709	17.5027	17.5027	16.9709	15.9234	14.3921	12.4236	12.3465	11.9141	11.1229	9.99364	8.5683	6.8958	5.01377	2.9794	
0.869	-0.121409	-1.10813	-2.06118	-2.94239	-3.66814	-4.23268	-4.66862	-4.9627	-5.106	-2.89252	-0.589148	1.73212	4.00076	6.16101	8.1416	9.87481	11.308	12.4236	15.4351	17.9776	19.9739	21.3633	22.1036	22.1722	21.5672	20.3069	18.4296	18.2626	17.5408	16.2871	14.5642	12.4127	9.88962	7.06601	4.02769	
0.869	0.921522	0.946043	0.94182	0.90898	0.886054	0.873739	0.834876	0.795466	0.741	2.85512	4.88249	6.76484	8.44585	9.87311	11.0291	11.8532	12.3256	12.4236	14.3921	15.9234	16.9709	17.5027	17.5027	16.9709	15.9234	14.3921	12.4236	12.3854	11.9709	11.1926	10.0743	8.64987	6.96262	5.06382	3.01116	
0.869	0.921522	0.946043	0.94182	0.90898	0.886054	0.881198	0.880265	0.852585	0.799	2.91785	4.95504	6.84167	8.52043	9.95346	11.0916	11.8927	12.3395	12.4236	14.3921	15.9234	16.9709	17.5027	17.5027	16.9709	15.9234	14.3921	12.4236	12.3711	11.9428	11.1516	10.0253	8.60873	6.93062	5.04193	3.00004	
0.869	0.921522	0.946043	0.94182	0.90898	0.886054	0.912953	0.91472	0.888695	0.835667	2.95888	4.99419	6.87776	8.55234	9.98024	11.1124	11.907	12.3442	12.4236	14.3921	15.9234	16.9709	17.5027	17.5027	16.9709	15.9234	14.3921	12.4236	12.3711	11.9428	11.1516	10.0216	8.59159	6.91729	5.03281	2.99541	
0.869	0.921522	0.946043	0.94182	0.90898	0.899404	0.930995	0.934297	0.909212	0.8565	2.9794	5.01377	6.8958	8.5683	9.99364	11.1229	11.9141	12.3465	12.4236	14.3921	15.9234	16.9709	17.5027	17.5027	16.9709	15.9234	14.3921	12.4236	12.3578	11.9301	11.1399	10.0112	8.58302	6.91062	5.02825	2.9931	
0.869	0.921522	0.946043	0.94182	0.90898	0.90898	0.94182	0.946043	0.921522	0.869	2.99171	5.02552	6.90662	8.57788	10.0017	11.1291	11.9184	12.3479	12.4236	14.3921	15.9234	16.9709	17.5027	17.5027	16.9709	15.9234	14.3921	12.4236	12.3479	11.9184	11.1291	10.0017	8.57788	6.90662	5.02552	2.99171	
