0.125829	0.145767	0.161277	0.171886	0.177272	0.177272	0.171886	0.161277	0.145767	0.125829	1.12902	2.0979	3.00304	3.81694	4.51485	5.07559	5.48211	5.72205	5.78814	6.7053	7.41873	7.90675	8.15452	8.15452	7.90675	7.41873	6.7053	5.78814	5.72205	5.48211	5.07559	4.51485	3.81694	3.00304	2.0979	1.12902	
0.125829	0.160947	0.191175	0.215594	0.233463	0.244237	0.247591	0.243422	0.231857	0.213246	1.21511	2.18005	3.07875	3.8839	4.57104	5.1193	5.51201	5.73723	5.78814	6.7053	7.41873	7.90675	8.15452	8.15452	7.90675	7.41873	6.7053	5.78814	5.68266	5.44452	5.04095	4.48421	3.79122	2.98304	2.08422	1.12207	
0.125829	0.167893	0.204856	0.235594	0.259174	0.274879	0.282232	0.28101	0.271249	0.253246	1.2545	2.21763	3.11339	3.91454	4.59676	5.1393	5.52569	5.74418	5.78814	6.7053	7.41873	7.90675	8.15452	8.15452	7.90675	7.41873	6.7053	5.78814	5.64327	5.40693	5.00631	4.45357	3.76551	2.96304	2.07054	1.11513	
0.125829	0.17426	0.217397	0.253928	0.282743	0.302968	0.313986	0.315465	0.307358	0.289913	1.29061	2.25209	3.14514	3.94263	4.62032	5.15763	5.53823	5.75055	5.78814	6.7053	7.41873	7.90675	8.15452	8.15452	7.90675	7.41873	6.7053	5.78814	5.60716	5.37248	4.97455	4.42548	3.74194	2.94471	2.058	1.10876	
0.125829	0.177878	0.224522	0.264344	0.296135	0.318927	0.332029	0.335042	0.327875	0.310746	1.31113	2.27167	3.16318	3.95859	4.63372	5.16805	5.54535	5.75417	5.78814	6.70227	7.41275	7.898	8.14327	8.14111	7.89159	7.40229	6.68807	5.77064	5.58664	5.3529	4.95651	4.40952	3.72855	2.93429	2.05087	1.10514	
0.125829	0.180049	0.228797	0.270594	0.304169	0.328502	0.342854	0.346788	0.340185	0.323246	1.32344	2.28341	3.17401	3.96817	4.64175	5.1743	5.54963	5.75634	5.78814	6.7001	7.40847	7.89175	8.13523	8.13154	7.88076	7.39054	6.67576	5.75814	5.57433	5.34115	4.94569	4.39995	3.72052	2.92804	2.0466	1.10297	
0.213246	0.231857	0.243422	0.247591	0.244237	0.233463	0.215594	0.191175	0.160947	0.125829	1.12207	2.08422	2.98304	3.79122	4.48421	5.04095	5.44452	5.68266	5.78814	6.7053	7.41873	7.90675	8.15452	8.15452	7.90675	7.41873	6.7053	5.78814	5.73723	5.51201	5.1193	4.57104	3.8839	3.07875	2.18005	1.21511	
0.213246	0.231857	0.243422	0.247591	0.244237	0.244237	0.247591	0.243422	0.231857	0.213246	1.21453	2.17891	3.07708	3.88176	4.56849	5.11641	5.50887	5.73395	5.78814	6.7053	7.41873	7.90675	8.15452	8.15452	7.90675	7.41873	6.7053	5.78814	5.73395	5.50887	5.11641	4.56849	3.88176	3.07708	2.17891	1.21453	
0.213246	0.231857	0.243422	0.25295	0.265019	0.274879	0.282232	0.28101	0.271249	0.253246	1.25392	2.21649	3.11172	3.9124	4.5942	5.13641	5.52255	5.7409	5.78814	6.7053	7.41873	7.90675	8.15452	8.15452	7.90675	7.41873	6.7053	5.78814	5.72334	5.48464	5.07932	4.52832	3.83974	3.03875	2.15268	1.20121	
0.213246	0.231857	0.245737	0.271284	0.288588	0.302968	0.313986	0.315465	0.307358	0.289913	1.29003	2.25095	3.14348	3.94049	4.61777	5.15475	5.5351	5.74726	5.78814	6.7053	7.41873	7.90675	8.15452	8.15452	7.90675	7.41873	6.7053	5.78814	5.71813	5.47438	5.06487	4.50685	3.81534	3.02541	2.14356	1.19658	
0.213246	0.231857	0.252862	0.2817	0.301979	0.318927	0.332029	0.335042	0.327875	0.310746	1.31055	2.27053	3.16152	3.95645	4.63116	5.16516	5.54222	5.75088	5.78814	6.7053	7.41873	7.90675	8.15452	8.15452	7.90675	7.41873	6.7053	5.78814	5.71466	5.46754	5.0543	4.49089	3.80677	3.01875	2.139	1.19427	
0.213246	0.231857	0.257137	0.28795	0.310014	0.328502	0.342854	0.346788	0.340185	0.323246	1.32286	2.28227	3.17234	3.96602	4.6392	5.17141	5.5465	5.75305	5.78814	6.7053	7.41873	7.90675	8.15452	8.15452	7.90675	7.41873	6.7053	5.78814	5.71466	5.46754	5.0543	4.48748	3.80034	3.01375	2.13558	1.19253	
0.253246	0.271249	0.28101	0.282232	0.274879	0.259174	0.235594	0.204856	0.167893	0.125829	1.11513	2.07054	2.96304	3.76551	4.45357	5.00631	5.40693	5.64327	5.78814	6.7053	7.41873	7.90675	8.15452	8.15452	7.90675	7.41873	6.7053	5.78814	5.74418	5.52569	5.1393	4.59676	3.91454	3.11339	2.21763	1.2545	
0.253246	0.271249	0.28101	0.282232	0.274879	0.265019	0.25295	0.243422	0.231857	0.213246	1.20121	2.15268	3.03875	3.83974	4.52832	5.07932	5.48464	5.72334	5.78814	6.7053	7.41873	7.90675	8.15452	8.15452	7.90675	7.41873	6.7053	5.78814	5.7409	5.52255	5.13641	4.5942	3.9124	3.11172	2.21649	1.25392	
0.253246	0.271249	0.28101	0.282232	0.274879	0.274879	0.282232	0.28101	0.271249	0.253246	1.24495	2.19882	3.08674	3.88896	4.57303	5.11814	5.50774	5.73203	5.78814	6.7053	7.41873	7.90675	8.15452	8.15452	7.90675	7.41873	6.7053	5.78814	5.73203	5.50774	5.11814	4.57303	3.88896	3.08674	2.19882	1.24495	
0.253246	0.271249	0.28101	0.282232	0.288588	0.302968	0.313986	0.315465	0.307358	0.289913	1.27672	2.22988	3.12282	3.92088	4.59981	5.13897	5.52199	5.73723	5.78814	6.7053	7.41873	7.90675	8.15452	8.15452	7.90675	7.41873	6.7053	5.78814	5.73203	5.50175	5.1043	4.5526	3.87182	3.0734	2.18457	1.23771	
0.253246	0.271249	0.28101	0.282232	0.301979	0.318927	0.332029	0.335042	0.327875	0.310746	1.29723	2.24945	3.14086	3.93684	4.6132	5.14939	5.52912	5.74084	5.78814	6.7053	7.41873	7.90675	8.15452	8.15452	7.90675	7.41873	6.7053	5.78814	5.72247	5.4853	5.08914	4.54238	3.86325	3.06674	2.17745	1.2341	
0.253246	0.271249	0.28101	0.28795	0.310014	0.328502	0.342854	0.346788	0.340185	0.323246	1.30954	2.2612	3.15169	3.94642	4.62123	5.15564	5.53339	5.74301	5.78814	6.7053	7.41873	7.90675	8.15452	8.15452	7.90675	7.41873	6.7053	5.78814	5.72247	5.48293	5.07832	4.53626	3.85811	3.06274	2.1743	1.23192	
0.289913	0.307358	0.315465	0.313986	0.302968	0.282743	0.253928	0.217397	0.17426	0.125829	1.10876	2.058	2.94471	3.74194	4.42548	4.97455	5.37248	5.60716	5.78814	6.7053	7.41873	7.90675	8.15452	8.15452	7.90675	7.41873	6.7053	5.78814	5.75055	5.53823	5.15763	4.62032	3.94263	3.14514	2.25209	1.29061	
0.289913	0.307358	0.315465	0.313986	0.302968	0.288588	0.271284	0.245737	0.231857	0.213246	1.19658	2.14356	3.02541	3.81534	4.50685	5.06487	5.47438	5.71813	5.78814	6.7053	7.41873	7.90675	8.15452	8.15452	7.90675	7.41873	6.7053	5.78814	5.74726	5.5351	5.15475	4.61777	3.94049	3.14348	2.25095	1.29003	
0.289913	0.307358	0.315465	0.313986	0.302968	0.288588	0.282232	0.28101	0.271249	0.253246	1.23771	2.18457	3.0734	3.87182	4.5526	5.1043	5.50175	5.73203	5.78814	6.7053	7.41873	7.90675	8.15452	8.15452	7.90675	7.41873	6.7053	5.78814	5.73723	5.52199	5.13897	4.59981	3.92088	3.12282	2.22988	1.27672	
0.289913	0.307358	0.315465	0.313986	0.302968	0.302968	0.313986	0.315465	0.307358	0.289913	1.27209	2.22075	3.10949	3.90374	4.57938	5.11763	5.51087	5.73666	5.78814	6.7053	7.41873	7.90675	8.15452	8.15452	7.90675	7.41873	6.7053	5.78814	5.73666	5.51087	5.11763	4.57938	3.90374	3.10949	2.22075	1.27209	
0.289913	0.307358	0.315465	0.313986	0.302968	0.318927	0.332029	0.335042	0.327875	0.310746	1.2926	2.24033	3.12753	3.9197	4.59277	5.12629	5.51543	5.73897	5.78814	6.7053	7.41873	7.90675	8.15452	8.15452	7.90675	7.41873	6.7053	5.78814	5.72971	5.49719	5.10433	4.56917	3.89517	3.10282	2.21619	1.26977	
0.289913	0.307358	0.315465	0.313986	0.310014	0.328502	0.342854	0.346788	0.340185	0.323246	1.30491	2.25208	3.13836	3.92928	4.60081	5.13254	5.51816	5.74036	5.78814	6.7053	7.41873	7.90675	8.15452	8.15452	7.90675	7.41873	6.7053	5.78814	5.72971	5.49719	5.09763	4.56304	3.89003	3.09882	2.21346	1.26803	
0.310746	0.327875	0.335042	0.332029	0.318927	0.296135	0.264344	0.224522	0.177878	0.125829	1.10514	2.05087	2.93429	3.72855	4.40952	4.95651	5.3529	5.58664	5.77064	6.68807	7.40229	7.89159	8.14111	8.14327	7.898	7.41275	6.70227	5.78814	5.75417	5.54535	5.16805	4.63372	3.95859	3.16318	2.27167	1.31113	
0.310746	0.327875	0.335042	0.332029	0.318927	0.301979	0.2817	0.252862	0.231857	0.213246	1.19427	2.139	3.01875	3.80677	4.49089	5.0543	5.46754	5.71466	5.78814	6.7053	7.41873	7.90675	8.15452	8.15452	7.90675	7.41873	6.7053	5.78814	5.75088	5.54222	5.16516	4.63116	3.95645	3.16152	2.27053	1.31055	
0.310746	0.327875	0.335042	0.332029	0.318927	0.301979	0.282232	0.28101	0.271249	0.253246	1.2341	2.17745	3.06674	3.86325	4.54238	5.08914	5.4853	5.72247	5.78814	6.7053	7.41873	7.90675	8.15452	8.15452	7.90675	7.41873	6.7053	5.78814	5.74084	5.52912	5.14939	4.6132	3.93684	3.14086	2.24945	1.29723	
0.310746	0.327875	0.335042	0.332029	0.318927	0.302968	0.313986	0.315465	0.307358	0.289913	1.26977	2.21619	3.10282	3.89517	4.56917	5.10433	5.49719	5.72971	5.78814	6.7053	7.41873	7.90675	8.15452	8.15452	7.90675	7.41873	6.7053	5.78814	5.73897	5.51543	5.12629	4.59277	3.9197	3.12753	2.24033	1.2926	
0.310746	0.327875	0.335042	0.332029	0.318927	0.318927	0.332029	0.335042	0.327875	0.310746	1.29029	2.23577	3.12086	3.91113	4.58256	5.11475	5.50431	5.73333	5.78814	6.7053	7.41873	7.90675	8.15452	8.15452	7.90675	7.41873	6.7053	5.78814	5.73333	5.50431	5.11475	4.58256	3.91113	3.12086	2.23577	1.29029	
0.310746	0.327875	0.335042	0.332029	0.318927	0.328502	0.342854	0.346788	0.340185	0.323246	1.3026	2.24752	3.13169	3.92071	4.59059	5.121	5.50859	5.7355	5.78814	6.7053	7.41873	7.90675	8.15452	8.15452	7.90675	7.41873	6.7053	5.78814	5.73333	5.50431	5.10805	4.57643	3.90599	3.11686	2.23304	1.28855	
0.323246	0.340185	0.346788	0.342854	0.328502	0.304169	0.270594	0.228797	0.180049	0.125829	1.10297	2.0466	2.92804	3.72052	4.39995	4.94569	5.34115	5.57433	5.75814	6.67576	7.39054	7.88076	8.13154	8.13523	7.89175	7.40847	6.7001	5.78814	5.75634	5.54963	5.1743	4.64175	3.96817	3.17401	2.28341	1.32344	
0.323246	0.340185	0.346788	0.342854	0.328502	0.310014	0.28795	0.257137	0.231857	0.213246	1.19253	2.13558	3.01375	3.80034	4.48748	5.0543	5.46754	5.71466	5.78814	6.7053	7.41873	7.90675	8.15452	8.15452	7.90675	7.41873	6.7053	5.78814	5.75305	5.5465	5.17141	4.6392	3.96602	3.17234	2.28227	1.32286	
0.323246	0.340185	0.346788	0.342854	0.328502	0.310014	0.28795	0.28101	0.271249	0.253246	1.23192	2.1743	3.06274	3.85811	4.53626	5.07832	5.48293	5.72247	5.78814	6.7053	7.41873	7.90675	8.15452	8.15452	7.90675	7.41873	6.7053	5.78814	5.74301	5.53339	5.15564	4.62123	3.94642	3.15169	2.2612	1.30954	
0.323246	0.340185	0.346788	0.342854	0.328502	0.310014	0.313986	0.315465	0.307358	0.289913	1.26803	2.21346	3.09882	3.89003	4.56304	5.09763	5.49719	5.72971	5.78814	6.7053	7.41873	7.90675	8.15452	8.15452	7.90675	7.41873	6.7053	5.78814	5.74036	5.51816	5.13254	4.60081	3.92928	3.13836	2.25208	1.30491	
0.323246	0.340185	0.346788	0.342854	0.328502	0.318927	0.332029	0.335042	0.327875	0.310746	1.28855	2.23304	3.11686	3.90599	4.57643	5.10805	5.50431	5.73333	5.78814	6.7053	7.41873	7.90675	8.15452	8.15452	7.90675	7.41873	6.7053	5.78814	5.7355	5.50859	5.121	4.59059	3.92071	3.13169	2.24752	1.3026	
0.323246	0.340185	0.346788	0.342854	0.328502	0.328502	0.342854	0.346788	0.340185	0.323246	1.30086	2.24478	3.12769	3.91556	4.58446	5.1143	5.50859	5.7355	5.78814	6.7053	7.41873	7.90675	8.15452	8.15452	7.90675	7.41873	6.7053	5.78814	5.7355	5.50859	5.1143	4.58446	3.91556	3.12769	2.24478	1.30086	
