0.0203116	0.0226035	0.0243388	0.0254748	0.0259835	0.0258525	0.0259835	0.0254748	0.0243388	0.0226035	0.0203116	0.371691	0.713918	1.03912	1.33905	1.60601	1.83342	2.01568	2.14832	2.22805	2.25293	2.57762	2.83885	3.03018	3.14689	3.18612	3.14689	3.03018	2.83885	2.57762	2.25293	2.22805	2.14832	2.01568	1.83342	1.60601	1.33905	1.03912	0.713918	0.371691	
0.0203116	0.0226035	0.0243388	0.0254748	0.0259835	0.0258525	0.0250848	0.0236995	0.0217306	0.0192267	0.0162493	0.367366	0.709437	1.03404	1.33318	1.59949	1.82642	2.00838	2.14088	2.2218	2.25293	2.57762	2.83885	3.03018	3.14689	3.18612	3.14689	3.03018	2.83885	2.57762	2.25293	2.22837	2.14894	2.01659	1.83459	1.60742	1.34067	1.0409	0.71551	0.372497	
0.0203116	0.0226035	0.0243388	0.0254748	0.0259835	0.0258525	0.0250848	0.0236995	0.0217306	0.0192267	0.0162493	0.367366	0.709437	1.03404	1.33318	1.59949	1.82642	2.00838	2.14088	2.22115	2.25293	2.57762	2.83885	3.03018	3.14689	3.18612	3.14689	3.03018	2.83885	2.57762	2.25293	2.22837	2.14894	2.01659	1.83459	1.60742	1.34067	1.0409	0.71551	0.372497	
0.0203116	0.0226035	0.0243388	0.0254748	0.0259835	0.0258525	0.0250848	0.0236995	0.0217306	0.0192267	0.0162493	0.367366	0.709437	1.03404	1.33318	1.59949	1.82642	2.00838	2.14088	2.22115	2.25293	2.57762	2.83885	3.03018	3.14689	3.18612	3.14689	3.03018	2.83885	2.57762	2.25293	2.22837	2.14894	2.01659	1.83459	1.60742	1.34067	1.0409	0.71551	0.372497	
0.0203116	0.0226035	0.0243388	0.0254748	0.0259835	0.0258525	0.0250848	0.0236995	0.0217306	0.0192267	0.0162493	0.367366	0.709437	1.03404	1.33318	1.59949	1.82642	2.00838	2.14088	2.22115	2.25293	2.57762	2.83885	3.03018	3.14689	3.18612	3.14689	3.03018	2.83885	2.57762	2.25293	2.22837	2.14894	2.01659	1.83459	1.60742	1.34067	1.0409	0.71551	0.372497	
0.0203116	0.0226035	0.0243388	0.0254748	0.0259835	0.0258525	0.0250848	0.0236995	0.0217306	0.0192267	0.0162493	0.367366	0.709437	1.03404	1.33318	1.59949	1.82642	2.00838	2.14088	2.22115	2.25293	2.57762	2.83885	3.03018	3.14689	3.18612	3.14689	3.03018	2.83885	2.57762	2.25293	2.22837	2.14894	2.01659	1.83459	1.60742	1.34067	1.0409	0.71551	0.372497	
0.0162493	0.0192267	0.0217306	0.0236995	0.0250848	0.0258525	0.0259835	0.0254748	0.0243388	0.0226035	0.0203116	0.372497	0.71551	1.0409	1.34067	1.60742	1.83459	2.01659	2.14894	2.22837	2.25293	2.57762	2.83885	3.03018	3.14689	3.18612	3.14689	3.03018	2.83885	2.57762	2.25293	2.2218	2.14088	2.00838	1.82642	1.59949	1.33318	1.03404	0.709437	0.367366	
0.0162493	0.018108	0.0195208	0.020453	0.0208815	0.0207958	0.0208815	0.020453	0.0195208	0.018108	0.0162493	0.368484	0.711646	1.03729	1.33738	1.60455	1.83221	2.01475	2.14768	2.22773	2.25293	2.57762	2.83885	3.03018	3.14689	3.18612	3.14689	3.03018	2.83885	2.57762	2.25293	2.22773	2.14768	2.01475	1.83221	1.60455	1.33738	1.03729	0.711646	0.368484	
0.0162493	0.018108	0.0195208	0.020453	0.0208815	0.0207958	0.0208815	0.020453	0.0195208	0.018108	0.0162493	0.368484	0.711646	1.03729	1.33738	1.60455	1.83221	2.01475	2.14768	2.22773	2.25293	2.57762	2.83885	3.03018	3.14689	3.18612	3.14689	3.03018	2.83885	2.57762	2.25293	2.22773	2.14768	2.01475	1.83221	1.60455	1.33738	1.03729	0.711646	0.368484	
0.0162493	0.018108	0.0195208	0.020453	0.0208815	0.0207958	0.0208815	0.020453	0.0195208	0.018108	0.0162493	0.368484	0.711646	1.03729	1.33738	1.60455	1.83221	2.01475	2.14768	2.22773	2.25293	2.57762	2.83885	3.03018	3.14689	3.18612	3.14689	3.03018	2.83885	2.57762	2.25293	2.22773	2.14768	2.01475	1.83221	1.60455	1.33738	1.03729	0.711646	0.368484	
0.0162493	0.018108	0.0195208	0.020453	0.0208815	0.0207958	0.0208815	0.020453	0.0195208	0.018108	0.0162493	0.368484	0.711646	1.03729	1.33738	1.60455	1.83221	2.01475	2.14768	2.22773	2.25293	2.57762	2.83885	3.03018	3.14689	3.18612	3.14689	3.03018	2.83885	2.57762	2.25293	2.22773	2.14768	2.01475	1.83221	1.60455	1.33738	1.03729	0.711646	0.368484	
0.0162493	0.018108	0.0195208	0.020453	0.0208815	0.0207958	0.0208815	0.020453	0.0195208	0.018108	0.0162493	0.368484	0.711646	1.03729	1.33738	1.60455	1.83221	2.01475	2.14768	2.22773	2.25293	2.57762	2.83885	3.03018	3.14689	3.18612	3.14689	3.03018	2.83885	2.57762	2.25293	2.22773	2.14768	2.01475	1.83221	1.60455	1.33738	1.03729	0.711646	0.368484	
0.0162493	0.0192267	0.0217306	0.0236995	0.0250848	0.0258525	0.0259835	0.0254748	0.0243388	0.0226035	0.0203116	0.372497	0.71551	1.0409	1.34067	1.60742	1.83459	2.01659	2.14894	2.22837	2.25293	2.57762	2.83885	3.03018	3.14689	3.18612	3.14689	3.03018	2.83885	2.57762	2.25293	2.22115	2.14088	2.00838	1.82642	1.59949	1.33318	1.03404	0.709437	0.367366	
0.0162493	0.018108	0.0195208	0.020453	0.0208815	0.0207958	0.0208815	0.020453	0.0195208	0.018108	0.0162493	0.368484	0.711646	1.03729	1.33738	1.60455	1.83221	2.01475	2.14768	2.22773	2.25293	2.57762	2.83885	3.03018	3.14689	3.18612	3.14689	3.03018	2.83885	2.57762	2.25293	2.22773	2.14768	2.01475	1.83221	1.60455	1.33738	1.03729	0.711646	0.368484	
0.0162493	0.018108	0.0195208	0.020453	0.0208815	0.0207958	0.0208815	0.020453	0.0195208	0.018108	0.0162493	0.368484	0.711646	1.03729	1.33738	1.60455	1.83221	2.01475	2.14768	2.22773	2.25293	2.57762	2.83885	3.03018	3.14689	3.18612	3.14689	3.03018	2.83885	2.57762	2.25293	2.22773	2.14768	2.01475	1.83221	1.60455	1.33738	1.03729	0.711646	0.368484	
0.0162493	0.018108	0.0195208	0.020453	0.0208815	0.0207958	0.0208815	0.020453	0.0195208	0.018108	0.0162493	0.368484	0.711646	1.03729	1.33738	1.60455	1.83221	2.01475	2.14768	2.22773	2.25293	2.57762	2.83885	3.03018	3.14689	3.18612	3.14689	3.03018	2.83885	2.57762	2.25293	2.22773	2.14768	2.01475	1.83221	1.60455	1.33738	1.03729	0.711646	0.368484	
0.0162493	0.018108	0.0195208	0.020453	0.0208815	0.0207958	0.0208815	0.020453	0.0195208	0.018108	0.0162493	0.368484	0.711646	1.03729	1.33738	1.60455	1.83221	2.01475	2.14768	2.22773	2.25293	2.57762	2.83885	3.03018	3.14689	3.18612	3.14689	3.03018	2.83885	2.57762	2.25293	2.22773	2.14768	2.01475	1.83221	1.60455	1.33738	1.03729	0.711646	0.368484	
0.0162493	0.018108	0.0195208	0.020453	0.0208815	0.0207958	0.0208815	0.020453	0.0195208	0.018108	0.0162493	0.368484	0.711646	1.03729	1.33738	1.60455	1.83221	2.01475	2.14768	2.22773	2.25293	2.57762	2.83885	3.03018	3.14689	3.18612	3.14689	3.03018	2.83885	2.57762	2.25293	2.22773	2.14768	2.01475	1.83221	1.60455	1.33738	1.03729	0.711646	0.368484	
0.0162493	0.0192267	0.0217306	0.0236995	0.0250848	0.0258525	0.0259835	0.0254748	0.0243388	0.0226035	0.0203116	0.372497	0.71551	1.0409	1.34067	1.60742	1.83459	2.01659	2.14894	2.22837	2.25293	2.57762	2.83885	3.03018	3.14689	3.18612	3.14689	3.03018	2.83885	2.57762	2.25293	2.22115	2.14088	2.00838	1.82642	1.59949	1.33318	1.03404	0.709437	0.367366	
0.0162493	0.018108	0.0195208	0.020453	0.0208815	0.0207958	0.0208815	0.020453	0.0195208	0.018108	0.0162493	0.368484	0.711646	1.03729	1.33738	1.60455	1.83221	2.01475	2.14768	2.22773	2.25293	2.57762	2.83885	3.03018	3.14689	3.18612	3.14689	3.03018	2.83885	2.57762	2.25293	2.22773	2.14768	2.01475	1.83221	1.60455	1.33738	1.03729	0.711646	0.368484	
0.0162493	0.018108	0.0195208	0.020453	0.0208815	0.0207958	0.0208815	0.020453	0.0195208	0.018108	0.0162493	0.368484	0.711646	1.03729	1.33738	1.60455	1.83221	2.01475	2.14768	2.22773	2.25293	2.57762	2.83885	3.03018	3.14689	3.18612	3.14689	3.03018	2.83885	2.57762	2.25293	2.22773	2.14768	2.01475	1.83221	1.60455	1.33738	1.03729	0.711646	0.368484	
0.0162493	0.018108	0.0195208	0.020453	0.0208815	0.0207958	0.0208815	0.020453	0.0195208	0.018108	0.0162493	0.368484	0.711646	1.03729	1.33738	1.60455	1.83221	2.01475	2.14768	2.22773	2.25293	2.57762	2.83885	3.03018	3.14689	3.18612	3.14689	3.03018	2.83885	2.57762	2.25293	2.22773	2.14768	2.01475	1.83221	1.60455	1.33738	1.03729	0.711646	0.368484	
0.0162493	0.018108	0.0195208	0.020453	0.0208815	0.0207958	0.0208815	0.020453	0.0195208	0.018108	0.0162493	0.368484	0.711646	1.03729	1.33738	1.60455	1.83221	2.01475	2.14768	2.22773	2.25293	2.57762	2.83885	3.03018	3.14689	3.18612	3.14689	3.03018	2.83885	2.57762	2.25293	2.22773	2.14768	2.01475	1.83221	1.60455	1.33738	1.03729	0.711646	0.368484	
0.0162493	0.018108	0.0195208	0.020453	0.0208815	0.0207958	0.0208815	0.020453	0.0195208	0.018108	0.0162493	0.368484	0.711646	1.03729	1.33738	1.60455	1.83221	2.01475	2.14768	2.22773	2.25293	2.57762	2.83885	3.03018	3.14689	3.18612	3.14689	3.03018	2.83885	2.57762	2.25293	2.22773	2.14768	2.01475	1.83221	1.60455	1.33738	1.03729	0.711646	0.368484	
0.0162493	0.0192267	0.0217306	0.0236995	0.0250848	0.0258525	0.0259835	0.0254748	0.0243388	0.0226035	0.0203116	0.372497	0.71551	1.0409	1.34067	1.60742	1.83459	2.01659	2.14894	2.22837	2.25293	2.57762	2.83885	3.03018	3.14689	3.18612	3.14689	3.03018	2.83885	2.57762	2.25293	2.22115	2.14088	2.00838	1.82642	1.59949	1.33318	1.03404	0.709437	0.367366	
0.0162493	0.018108	0.0195208	0.020453	0.0208815	0.0207958	0.0208815	0.020453	0.0195208	0.018108	0.0162493	0.368484	0.711646	1.03729	1.33738	1.60455	1.83221	2.01475	2.14768	2.22773	2.25293	2.57762	2.83885	3.03018	3.14689	3.18612	3.14689	3.03018	2.83885	2.57762	2.25293	2.22773	2.14768	2.01475	1.83221	1.60455	1.33738	1.03729	0.711646	0.368484	
0.0162493	0.018108	0.0195208	0.020453	0.0208815	0.0207958	0.0208815	0.020453	0.0195208	0.018108	0.0162493	0.368484	0.711646	1.03729	1.33738	1.60455	1.83221	2.01475	2.14768	2.22773	2.25293	2.57762	2.83885	3.03018	3.14689	3.18612	3.14689	3.03018	2.83885	2.57762	2.25293	2.22773	2.14768	2.01475	1.83221	1.60455	1.33738	1.03729	0.711646	0.368484	
0.0162493	0.018108	0.0195208	0.020453	0.0208815	0.0207958	0.0208815	0.020453	0.0195208	0.018108	0.0162493	0.368484	0.711646	1.03729	1.33738	1.60455	1.83221	2.01475	2.14768	2.22773	2.25293	2.57762	2.83885	3.03018	3.14689	3.18612	3.14689	3.03018	2.83885	2.57762	2.25293	2.22773	2.14768	2.01475	1.83221	1.60455	1.33738	1.03729	0.711646	0.368484	
0.0162493	0.018108	0.0195208	0.020453	0.0208815	0.0207958	0.0208815	0.020453	0.0195208	0.018108	0.0162493	0.368484	0.711646	1.03729	1.33738	1.60455	1.83221	2.01475	2.14768	2.22773	2.25293	2.57762	2.83885	3.03018	3.14689	3.18612	3.14689	3.03018	2.83885	2.57762	2.25293	2.22773	2.14768	2.01475	1.83221	1.60455	1.33738	1.03729	0.711646	0.368484	
0.0162493	0.018108	0.0195208	0.020453	0.0208815	0.0207958	0.0208815	0.020453	0.0195208	0.018108	0.0162493	0.368484	0.711646	1.03729	1.33738	1.60455	1.83221	2.01475	2.14768	2.22773	2.25293	2.57762	2.83885	3.03018	3.14689	3.18612	3.14689	3.03018	2.83885	2.57762	2.25293	2.22773	2.14768	2.01475	1.83221	1.60455	1.33738	1.03729	0.711646	0.368484	
0.0162493	0.0192267	0.0217306	0.0236995	0.0250848	0.0258525	0.0259835	0.0254748	0.0243388	0.0226035	0.0203116	0.372497	0.71551	1.0409	1.34067	1.60742	1.83459	2.01659	2.14894	2.22837	2.25293	2.57762	2.83885	3.03018	3.14689	3.18612	3.14689	3.03018	2.83885	2.57762	2.25293	2.22115	2.14088	2.00838	1.82642	1.59949	1.33318	1.03404	0.709437	0.367366	
0.0162493	0.018108	0.0195208	0.020453	0.0208815	0.0207958	0.0208815	0.020453	0.0195208	0.018108	0.0162493	0.368484	0.711646	1.03729	1.33738	1.60455	1.83221	2.01475	2.14768	2.22773	2.25293	2.57762	2.83885	3.03018	3.14689	3.18612	3.14689	3.03018	2.83885	2.57762	2.25293	2.22773	2.14768	2.01475	1.83221	1.60455	1.33738	1.03729	0.711646	0.368484	
0.0162493	0.018108	0.0195208	0.020453	0.0208815	0.0207958	0.0208815	0.020453	0.0195208	0.018108	0.0162493	0.368484	0.711646	1.03729	1.33738	1.60455	1.83221	2.01475	2.14768	2.22773	2.25293	2.57762	2.83885	3.03018	3.14689	3.18612	3.14689	3.03018	2.83885	2.57762	2.25293	2.22773	2.14768	2.01475	1.83221	1.60455	1.33738	1.03729	0.711646	0.368484	
0.0162493	0.018108	0.0195208	0.020453	0.0208815	0.0207958	0.0208815	0.020453	0.0195208	0.018108	0.0162493	0.368484	0.711646	1.03729	1.33738	1.60455	1.83221	2.01475	2.14768	2.22773	2.25293	2.57762	2.83885	3.03018	3.14689	3.18612	3.14689	3.03018	2.83885	2.57762	2.25293	2.22773	2.14768	2.01475	1.83221	1.60455	1.33738	1.03729	0.711646	0.368484	
0.0162493	0.018108	0.0195208	0.020453	0.0208815	0.0207958	0.0208815	0.020453	0.0195208	0.018108	0.0162493	0.368484	0.711646	1.03729	1.33738	1.60455	1.83221	2.01475	2.14768	2.22773	2.25293	2.57762	2.83885	3.03018	3.14689	3.18612	3.14689	3.03018	2.83885	2.57762	2.25293	2.22773	2.14768	2.01475	1.83221	1.60455	1.33738	1.03729	0.711646	0.368484	
0.0162493	0.018108	0.0195208	0.020453	0.0208815	0.0207958	0.0208815	0.020453	0.0195208	0.018108	0.0162493	0.368484	0.711646	1.03729	1.33738	1.60455	1.83221	2.01475	2.14768	2.22773	2.25293	2.57762	2.83885	3.03018	3.14689	3.18612	3.14689	3.03018	2.83885	2.57762	2.25293	2.22773	2.14768	2.01475	1.83221	1.60455	1.33738	1.03729	0.711646	0.368484	
