0.0198724	0.0221147	0.0238125	0.0249239	0.0254216	0.0252934	0.0254216	0.0249239	0.0238125	0.0221147	0.0198724	0.0251708	0.0298494	0.0343497	0.0383144	0.0413357	0.0433392	0.0442755	0.0441216	0.0428813	0.0405851	0.0464343	0.0511402	0.0545868	0.0566894	0.057396	0.0566894	0.0545868	0.0511402	0.0464343	0.0405851	0.0428813	0.0441216	0.0442755	0.0433392	0.0413357	0.0383144	0.0343497	0.0298494	0.0251708	
0.0198724	0.0221147	0.0238125	0.0249239	0.0254216	0.0252934	0.0245424	0.023187	0.0212607	0.0188109	0.0158979	0.0209324	0.0254515	0.0293438	0.0325137	0.0348829	0.0363932	0.0370074	0.0367103	0.0366239	0.0405851	0.0464343	0.0511402	0.0545868	0.0566894	0.057396	0.0566894	0.0545868	0.0511402	0.0464343	0.0405851	0.0431942	0.0447396	0.0451835	0.0445147	0.0427499	0.0399324	0.0361317	0.0314412	0.0259766	
0.0198724	0.0221147	0.0238125	0.0249239	0.0254216	0.0252934	0.0245424	0.023187	0.0212607	0.0188109	0.0158979	0.0209324	0.0254515	0.0293438	0.0325137	0.0348829	0.0363932	0.0370074	0.0367103	0.0359767	0.0405851	0.0464343	0.0511402	0.0545868	0.0566894	0.057396	0.0566894	0.0545868	0.0511402	0.0464343	0.0405851	0.0431942	0.0447396	0.0451835	0.0445147	0.0427499	0.0399324	0.0361317	0.0314412	0.0259766	
0.0198724	0.0221147	0.0238125	0.0249239	0.0254216	0.0252934	0.0245424	0.023187	0.0212607	0.0188109	0.0158979	0.0209324	0.0254515	0.0293438	0.0325137	0.0348829	0.0363932	0.0370074	0.0367103	0.0359767	0.0405851	0.0464343	0.0511402	0.0545868	0.0566894	0.057396	0.0566894	0.0545868	0.0511402	0.0464343	0.0405851	0.0431942	0.0447396	0.0451835	0.0445147	0.0427499	0.0399324	0.0361317	0.0314412	0.0259766	
0.0198724	0.0221147	0.0238125	0.0249239	0.0254216	0.0252934	0.0245424	0.023187	0.0212607	0.0188109	0.0158979	0.0209324	0.0254515	0.0293438	0.0325137	0.0348829	0.0363932	0.0370074	0.0367103	0.0359767	0.0405851	0.0464343	0.0511402	0.0545868	0.0566894	0.057396	0.0566894	0.0545868	0.0511402	0.0464343	0.0405851	0.0431942	0.0447396	0.0451835	0.0445147	0.0427499	0.0399324	0.0361317	0.0314412	0.0259766	
0.0198724	0.0221147	0.0238125	0.0249239	0.0254216	0.0252934	0.0245424	0.023187	0.0212607	0.0188109	0.0158979	0.0209324	0.0254515	0.0293438	0.0325137	0.0348829	0.0363932	0.0370074	0.0367103	0.0359767	0.0405851	0.0464343	0.0511402	0.0545868	0.0566894	0.057396	0.0566894	0.0545868	0.0511402	0.0464343	0.0405851	0.0431942	0.0447396	0.0451835	0.0445147	0.0427499	0.0399324	0.0361317	0.0314412	0.0259766	
0.0158979	0.0188109	0.0212607	0.023187	0.0245424	0.0252934	0.0254216	0.0249239	0.0238125	0.0221147	0.0198724	0.0259766	0.0314412	0.0361317	0.0399324	0.0427499	0.0445147	0.0451835	0.0447396	0.0431942	0.0405851	0.0464343	0.0511402	0.0545868	0.0566894	0.057396	0.0566894	0.0545868	0.0511402	0.0464343	0.0405851	0.0366239	0.0367103	0.0370074	0.0363932	0.0348829	0.0325137	0.0293438	0.0254515	0.0209324	
0.0158979	0.0176922	0.0190509	0.0199404	0.020339	0.0202368	0.020339	0.0199404	0.0190509	0.0176922	0.0158979	0.0220511	0.0276613	0.0325904	0.036717	0.0399395	0.0421786	0.0433791	0.0435114	0.0425724	0.0405851	0.0464343	0.0511402	0.0545868	0.0566894	0.057396	0.0566894	0.0545868	0.0511402	0.0464343	0.0405851	0.0425724	0.0435114	0.0433791	0.0421786	0.0399395	0.036717	0.0325904	0.0276613	0.0220511	
0.0158979	0.0176922	0.0190509	0.0199404	0.020339	0.0202368	0.020339	0.0199404	0.0190509	0.0176922	0.0158979	0.0220511	0.0276613	0.0325904	0.036717	0.0399395	0.0421786	0.0433791	0.0435114	0.0425724	0.0405851	0.0464343	0.0511402	0.0545868	0.0566894	0.057396	0.0566894	0.0545868	0.0511402	0.0464343	0.0405851	0.0425724	0.0435114	0.0433791	0.0421786	0.0399395	0.036717	0.0325904	0.0276613	0.0220511	
0.0158979	0.0176922	0.0190509	0.0199404	0.020339	0.0202368	0.020339	0.0199404	0.0190509	0.0176922	0.0158979	0.0220511	0.0276613	0.0325904	0.036717	0.0399395	0.0421786	0.0433791	0.0435114	0.0425724	0.0405851	0.0464343	0.0511402	0.0545868	0.0566894	0.057396	0.0566894	0.0545868	0.0511402	0.0464343	0.0405851	0.0425724	0.0435114	0.0433791	0.0421786	0.0399395	0.036717	0.0325904	0.0276613	0.0220511	
0.0158979	0.0176922	0.0190509	0.0199404	0.020339	0.0202368	0.020339	0.0199404	0.0190509	0.0176922	0.0158979	0.0220511	0.0276613	0.0325904	0.036717	0.0399395	0.0421786	0.0433791	0.0435114	0.0425724	0.0405851	0.0464343	0.0511402	0.0545868	0.0566894	0.057396	0.0566894	0.0545868	0.0511402	0.0464343	0.0405851	0.0425724	0.0435114	0.0433791	0.0421786	0.0399395	0.036717	0.0325904	0.0276613	0.0220511	
0.0158979	0.0176922	0.0190509	0.0199404	0.020339	0.0202368	0.020339	0.0199404	0.0190509	0.0176922	0.0158979	0.0220511	0.0276613	0.0325904	0.036717	0.0399395	0.0421786	0.0433791	0.0435114	0.0425724	0.0405851	0.0464343	0.0511402	0.0545868	0.0566894	0.057396	0.0566894	0.0545868	0.0511402	0.0464343	0.0405851	0.0425724	0.0435114	0.0433791	0.0421786	0.0399395	0.036717	0.0325904	0.0276613	0.0220511	
0.0158979	0.0188109	0.0212607	0.023187	0.0245424	0.0252934	0.0254216	0.0249239	0.0238125	0.0221147	0.0198724	0.0259766	0.0314412	0.0361317	0.0399324	0.0427499	0.0445147	0.0451835	0.0447396	0.0431942	0.0405851	0.0464343	0.0511402	0.0545868	0.0566894	0.057396	0.0566894	0.0545868	0.0511402	0.0464343	0.0405851	0.0359767	0.0367103	0.0370074	0.0363932	0.0348829	0.0325137	0.0293438	0.0254515	0.0209324	
0.0158979	0.0176922	0.0190509	0.0199404	0.020339	0.0202368	0.020339	0.0199404	0.0190509	0.0176922	0.0158979	0.0220511	0.0276613	0.0325904	0.036717	0.0399395	0.0421786	0.0433791	0.0435114	0.0425724	0.0405851	0.0464343	0.0511402	0.0545868	0.0566894	0.057396	0.0566894	0.0545868	0.0511402	0.0464343	0.0405851	0.0425724	0.0435114	0.0433791	0.0421786	0.0399395	0.036717	0.0325904	0.0276613	0.0220511	
0.0158979	0.0176922	0.0190509	0.0199404	0.020339	0.0202368	0.020339	0.0199404	0.0190509	0.0176922	0.0158979	0.0220511	0.0276613	0.0325904	0.036717	0.0399395	0.0421786	0.0433791	0.0435114	0.0425724	0.0405851	0.0464343	0.0511402	0.0545868	0.0566894	0.057396	0.0566894	0.0545868	0.0511402	0.0464343	0.0405851	0.0425724	0.0435114	0.0433791	0.0421786	0.0399395	0.036717	0.0325904	0.0276613	0.0220511	
0.0158979	0.0176922	0.0190509	0.0199404	0.020339	0.0202368	0.020339	0.0199404	0.0190509	0.0176922	0.0158979	0.0220511	0.0276613	0.0325904	0.036717	0.0399395	0.0421786	0.0433791	0.0435114	0.0425724	0.0405851	0.0464343	0.0511402	0.0545868	0.0566894	0.057396	0.0566894	0.0545868	0.0511402	0.0464343	0.0405851	0.0425724	0.0435114	0.0433791	0.0421786	0.0399395	0.036717	0.0325904	0.0276613	0.0220511	
0.0158979	0.0176922	0.0190509	0.0199404	0.020339	0.0202368	0.020339	0.0199404	0.0190509	0.0176922	0.0158979	0.0220511	0.0276613	0.0325904	0.036717	0.0399395	0.0421786	0.0433791	0.0435114	0.0425724	0.0405851	0.0464343	0.0511402	0.0545868	0.0566894	0.057396	0.0566894	0.0545868	0.0511402	0.0464343	0.0405851	0.0425724	0.0435114	0.0433791	0.0421786	0.0399395	0.036717	0.0325904	0.0276613	0.0220511	
0.0158979	0.0176922	0.0190509	0.0199404	0.020339	0.0202368	0.020339	0.0199404	0.0190509	0.0176922	0.0158979	0.0220511	0.0276613	0.0325904	0.036717	0.0399395	0.0421786	0.0433791	0.0435114	0.0425724	0.0405851	0.0464343	0.0511402	0.0545868	0.0566894	0.057396	0.0566894	0.0545868	0.0511402	0.0464343	0.0405851	0.0425724	0.0435114	0.0433791	0.0421786	0.0399395	0.036717	0.0325904	0.0276613	0.0220511	
0.0158979	0.0188109	0.0212607	0.023187	0.0245424	0.0252934	0.0254216	0.0249239	0.0238125	0.0221147	0.0198724	0.0259766	0.0314412	0.0361317	0.0399324	0.0427499	0.0445147	0.0451835	0.0447396	0.0431942	0.0405851	0.0464343	0.0511402	0.0545868	0.0566894	0.057396	0.0566894	0.0545868	0.0511402	0.0464343	0.0405851	0.0359767	0.0367103	0.0370074	0.0363932	0.0348829	0.0325137	0.0293438	0.0254515	0.0209324	
0.0158979	0.0176922	0.0190509	0.0199404	0.020339	0.0202368	0.020339	0.0199404	0.0190509	0.0176922	0.0158979	0.0220511	0.0276613	0.0325904	0.036717	0.0399395	0.0421786	0.0433791	0.0435114	0.0425724	0.0405851	0.0464343	0.0511402	0.0545868	0.0566894	0.057396	0.0566894	0.0545868	0.0511402	0.0464343	0.0405851	0.0425724	0.0435114	0.0433791	0.0421786	0.0399395	0.036717	0.0325904	0.0276613	0.0220511	
0.0158979	0.0176922	0.0190509	0.0199404	0.020339	0.0202368	0.020339	0.0199404	0.0190509	0.0176922	0.0158979	0.0220511	0.0276613	0.0325904	0.036717	0.0399395	0.0421786	0.0433791	0.0435114	0.0425724	0.0405851	0.0464343	0.0511402	0.0545868	0.0566894	0.057396	0.0566894	0.0545868	0.0511402	0.0464343	0.0405851	0.0425724	0.0435114	0.0433791	0.0421786	0.0399395	0.036717	0.0325904	0.0276613	0.0220511	
0.0158979	0.0176922	0.0190509	0.0199404	0.020339	0.0202368	0.020339	0.0199404	0.0190509	0.0176922	0.0158979	0.0220511	0.0276613	0.0325904	0.036717	0.0399395	0.0421786	0.0433791	0.0435114	0.0425724	0.0405851	0.0464343	0.0511402	0.0545868	0.0566894	0.057396	0.0566894	0.0545868	0.0511402	0.0464343	0.0405851	0.0425724	0.0435114	0.0433791	0.0421786	0.0399395	0.036717	0.0325904	0.0276613	0.0220511	
0.0158979	0.0176922	0.0190509	0.0199404	0.020339	0.0202368	0.020339	0.0199404	0.0190509	0.0176922	0.0158979	0.0220511	0.0276613	0.0325904	0.036717	0.0399395	0.0421786	0.0433791	0.0435114	0.0425724	0.0405851	0.0464343	0.0511402	0.0545868	0.0566894	0.057396	0.0566894	0.0545868	0.0511402	0.0464343	0.0405851	0.0425724	0.0435114	0.0433791	0.0421786	0.0399395	0.036717	0.0325904	0.0276613	0.0220511	
0.0158979	0.0176922	0.0190509	0.0199404	0.020339	0.0202368	0.020339	0.0199404	0.0190509	0.0176922	0.0158979	0.0220511	0.0276613	0.0325904	0.036717	0.0399395	0.0421786	0.0433791	0.0435114	0.0425724	0.0405851	0.0464343	0.0511402	0.0545868	0.0566894	0.057396	0.0566894	0.0545868	0.0511402	0.0464343	0.0405851	0.0425724	0.0435114	0.0433791	0.0421786	0.0399395	0.036717	0.0325904	0.0276613	0.0220511	
0.0158979	0.0188109	0.0212607	0.023187	0.0245424	0.0252934	0.0254216	0.0249239	0.0238125	0.0221147	0.0198724	0.0259766	0.0314412	0.0361317	0.0399324	0.0427499	0.0445147	0.0451835	0.0447396	0.0431942	0.0405851	0.0464343	0.0511402	0.0545868	0.0566894	0.057396	0.0566894	0.0545868	0.0511402	0.0464343	0.0405851	0.0359767	0.0367103	0.0370074	0.0363932	0.0348829	0.0325137	0.0293438	0.0254515	0.0209324	
0.0158979	0.0176922	0.0190509	0.0199404	0.020339	0.0202368	0.020339	0.0199404	0.0190509	0.0176922	0.0158979	0.0220511	0.0276613	0.0325904	0.036717	0.0399395	0.0421786	0.0433791	0.0435114	0.0425724	0.0405851	0.0464343	0.0511402	0.0545868	0.0566894	0.057396	0.0566894	0.0545868	0.0511402	0.0464343	0.0405851	0.0425724	0.0435114	0.0433791	0.0421786	0.0399395	0.036717	0.0325904	0.0276613	0.0220511	
0.0158979	0.0176922	0.0190509	0.0199404	0.020339	0.0202368	0.020339	0.0199404	0.0190509	0.0176922	0.0158979	0.0220511	0.0276613	0.0325904	0.036717	0.0399395	0.0421786	0.0433791	0.0435114	0.0425724	0.0405851	0.0464343	0.0511402	0.0545868	0.0566894	0.057396	0.0566894	0.0545868	0.0511402	0.0464343	0.0405851	0.0425724	0.0435114	0.0433791	0.0421786	0.0399395	0.036717	0.0325904	0.0276613	0.0220511	
0.0158979	0.0176922	0.0190509	0.0199404	0.020339	0.0202368	0.020339	0.0199404	0.0190509	0.0176922	0.0158979	0.0220511	0.0276613	0.0325904	0.036717	0.0399395	0.0421786	0.0433791	0.0435114	0.0425724	0.0405851	0.0464343	0.0511402	0.0545868	0.0566894	0.057396	0.0566894	0.0545868	0.0511402	0.0464343	0.0405851	0.0425724	0.0435114	0.0433791	0.0421786	0.0399395	0.036717	0.0325904	0.0276613	0.0220511	
0.0158979	0.0176922	0.0190509	0.0199404	0.020339	0.0202368	0.020339	0.0199404	0.0190509	0.0176922	0.0158979	0.0220511	0.0276613	0.0325904	0.036717	0.0399395	0.0421786	0.0433791	0.0435114	0.0425724	0.0405851	0.0464343	0.0511402	0.0545868	0.0566894	0.057396	0.0566894	0.0545868	0.0511402	0.0464343	0.0405851	0.0425724	0.0435114	0.0433791	0.0421786	0.0399395	0.036717	0.0325904	0.0276613	0.0220511	
0.0158979	0.0176922	0.0190509	0.0199404	0.020339	0.0202368	0.020339	0.0199404	0.0190509	0.0176922	0.0158979	0.0220511	0.0276613	0.0325904	0.036717	0.0399395	0.0421786	0.0433791	0.0435114	0.0425724	0.0405851	0.0464343	0.0511402	0.0545868	0.0566894	0.057396	0.0566894	0.0545868	0.0511402	0.0464343	0.0405851	0.0425724	0.0435114	0.0433791	0.0421786	0.0399395	0.036717	0.0325904	0.0276613	0.0220511	
0.0158979	0.0188109	0.0212607	0.023187	0.0245424	0.0252934	0.0254216	0.0249239	0.0238125	0.0221147	0.0198724	0.0259766	0.0314412	0.0361317	0.0399324	0.0427499	0.0445147	0.0451835	0.0447396	0.0431942	0.0405851	0.0464343	0.0511402	0.0545868	0.0566894	0.057396	0.0566894	0.0545868	0.0511402	0.0464343	0.0405851	0.0359767	0.0367103	0.0370074	0.0363932	0.0348829	0.0325137	0.0293438	0.0254515	0.0209324	
0.0158979	0.0176922	0.0190509	0.0199404	0.020339	0.0202368	0.020339	0.0199404	0.0190509	0.0176922	0.0158979	0.0220511	0.0276613	0.0325904	0.036717	0.0399395	0.0421786	0.0433791	0.0435114	0.0425724	0.0405851	0.0464343	0.0511402	0.0545868	0.0566894	0.057396	0.0566894	0.0545868	0.0511402	0.0464343	0.0405851	0.0425724	0.0435114	0.0433791	0.0421786	0.0399395	0.036717	0.0325904	0.0276613	0.0220511	
0.0158979	0.0176922	0.0190509	0.0199404	0.020339	0.0202368	0.020339	0.0199404	0.0190509	0.0176922	0.0158979	0.0220511	0.0276613	0.0325904	0.036717	0.0399395	0.0421786	0.0433791	0.0435114	0.0425724	0.0405851	0.0464343	0.0511402	0.0545868	0.0566894	0.057396	0.0566894	0.0545868	0.0511402	0.0464343	0.0405851	0.0425724	0.0435114	0.0433791	0.0421786	0.0399395	0.036717	0.0325904	0.0276613	0.0220511	
0.0158979	0.0176922	0.0190509	0.0199404	0.020339	0.0202368	0.020339	0.0199404	0.0190509	0.0176922	0.0158979	0.0220511	0.0276613	0.0325904	0.036717	0.0399395	0.0421786	0.0433791	0.0435114	0.0425724	0.0405851	0.0464343	0.0511402	0.0545868	0.0566894	0.057396	0.0566894	0.0545868	0.0511402	0.0464343	0.0405851	0.0425724	0.0435114	0.0433791	0.0421786	0.0399395	0.036717	0.0325904	0.0276613	0.0220511	
0.0158979	0.0176922	0.0190509	0.0199404	0.020339	0.0202368	0.020339	0.0199404	0.0190509	0.0176922	0.0158979	0.0220511	0.0276613	0.0325904	0.036717	0.0399395	0.0421786	0.0433791	0.0435114	0.0425724	0.0405851	0.0464343	0.0511402	0.0545868	0.0566894	0.057396	0.0566894	0.0545868	0.0511402	0.0464343	0.0405851	0.0425724	0.0435114	0.0433791	0.0421786	0.0399395	0.036717	0.0325904	0.0276613	0.0220511	
0.0158979	0.0176922	0.0190509	0.0199404	0.020339	0.0202368	0.020339	0.0199404	0.0190509	0.0176922	0.0158979	0.0220511	0.0276613	0.0325904	0.036717	0.0399395	0.0421786	0.0433791	0.0435114	0.0425724	0.0405851	0.0464343	0.0511402	0.0545868	0.0566894	0.057396	0.0566894	0.0545868	0.0511402	0.0464343	0.0405851	0.0425724	0.0435114	0.0433791	0.0421786	0.0399395	0.036717	0.0325904	0.0276613	0.0220511	
