-5.29954	-6.23643	-6.98383	-7.51904	-7.82425	-7.82425	-7.51904	-6.98383	-6.23643	-5.29954	-4.20162	-2.96717	-1.63782	-0.258695	1.12829	2.4958	3.79483	4.97855	6.01101	6.96349	7.70439	8.21119	8.4685	8.4685	8.21119	7.70439	6.96349	6.01101	4.97855	3.79483	2.4958	1.12829	-0.258695	-1.63782	-2.96717	-4.20162	
-5.18	-5.10217	-4.86932	-4.48851	-3.96366	-3.23792	-2.35836	-1.40101	-0.401099	0.611002	1.60454	2.55301	3.4327	4.21561	4.89089	5.4283	5.80078	5.997	6.01101	5.92056	5.65021	5.20819	4.60792	3.86764	3.00984	2.06059	1.04873	0.0050078	-0.894565	-1.76696	-2.58566	-3.3258	-3.96489	-4.48351	-4.86589	-5.10043	
-5.2257	-5.13606	-4.89037	-4.49609	-3.96366	-3.23792	-2.35836	-1.40101	-0.401099	0.611002	1.60875	2.57701	3.47173	4.26615	4.94231	5.4683	5.82814	6.01089	6.01101	5.92056	5.65021	5.20819	4.60792	3.86764	3.00984	2.06059	1.04873	0.0050078	-0.908805	-1.795	-2.62666	-3.37851	-4.02771	-4.55452	-4.93072	-5.15655	
-5.24807	-5.15347	-4.90228	-4.50213	-3.96366	-3.23792	-2.35836	-1.40049	-0.385031	0.64213	1.64978	2.61617	3.50782	4.29289	4.95945	5.48164	5.83726	6.01552	6.01101	5.92056	5.65021	5.20819	4.60792	3.86764	3.00984	2.06059	1.04873	0.0050078	-0.908805	-1.795	-2.62666	-3.37851	-4.02771	-4.55452	-4.94295	-5.18119	
-5.25926	-5.16217	-4.90823	-4.50516	-3.96366	-3.23792	-2.35536	-1.38092	-0.364514	0.662964	1.6703	2.63575	3.52586	4.30885	4.96802	5.4883	5.84182	6.01784	6.01101	5.92056	5.65021	5.20819	4.60792	3.86764	3.00984	2.06059	1.04873	0.0050078	-0.923452	-1.81035	-2.64225	-3.39386	-4.04235	-4.56802	-4.95488	-5.1912	
-5.26597	-5.16739	-4.9118	-4.50697	-3.96366	-3.23792	-2.34454	-1.36917	-0.352204	0.675464	1.68261	2.64749	3.53669	4.31842	4.97317	5.4923	5.84456	6.01923	6.01101	5.92056	5.65021	5.20819	4.60792	3.86764	3.00984	2.06059	1.04873	0.0050078	-0.936588	-1.82457	-2.65668	-3.40807	-4.05591	-4.58052	-4.96594	-5.20048	
0.611002	-0.401099	-1.40101	-2.35836	-3.23792	-3.96366	-4.48851	-4.86932	-5.10217	-5.18	-5.10043	-4.86589	-4.48351	-3.96489	-3.3258	-2.58566	-1.76696	-0.894565	0.0050078	1.04873	2.06059	3.00984	3.86764	4.60792	5.20819	5.65021	5.92056	6.01101	5.997	5.80078	5.4283	4.89089	4.21561	3.4327	2.55301	1.60454	
0.650335	0.640179	0.616904	0.574885	0.515398	0.515398	0.574885	0.616904	0.640179	0.650335	0.641325	0.612828	0.565711	0.501405	0.421864	0.329505	0.227134	0.117861	0.0050078	0.00580131	0.00641856	0.00684078	0.00705514	0.00705514	0.00684078	0.00641856	0.00580131	0.0050078	0.117861	0.227134	0.329505	0.421864	0.501405	0.565711	0.612828	0.641325	
0.611002	0.620995	0.612118	0.584643	0.545531	0.559829	0.625115	0.674871	0.708195	0.720002	0.709933	0.678293	0.626044	0.554772	0.466645	0.364338	0.250961	0.129959	0.0050078	0.00580131	0.00641856	0.00684078	0.00705514	0.00705514	0.00684078	0.00641856	0.00580131	0.0050078	0.0943609	0.184281	0.274981	0.357327	0.429724	0.490795	0.541589	0.582446	
0.611002	0.627362	0.624659	0.602977	0.5691	0.587917	0.657125	0.714024	0.749229	0.761669	0.750967	0.717447	0.662128	0.586691	0.493427	0.385171	0.265212	0.137194	0.0050078	0.00580131	0.00641856	0.00684078	0.00705514	0.00705514	0.00684078	0.00641856	0.00580131	0.0050078	0.0940136	0.180163	0.260838	0.333588	0.408592	0.471363	0.527338	0.576079	
0.611002	0.630979	0.631785	0.613393	0.582491	0.603876	0.675167	0.733601	0.769746	0.782502	0.771484	0.737024	0.680171	0.60265	0.506819	0.395588	0.272337	0.140812	0.0050078	0.00580131	0.00641856	0.00684078	0.00705514	0.00705514	0.00684078	0.00641856	0.00580131	0.0050078	0.0818582	0.164813	0.245252	0.318239	0.395201	0.460947	0.520213	0.572461	
0.611002	0.63315	0.63606	0.619643	0.590526	0.613452	0.685992	0.745348	0.782056	0.795002	0.783794	0.74877	0.690996	0.612226	0.514854	0.401838	0.276612	0.142982	0.0050078	0.00580131	0.00641856	0.00684078	0.00705514	0.00705514	0.00684078	0.00641856	0.00580131	0.0050078	0.0818582	0.156221	0.230818	0.307872	0.387166	0.454697	0.515937	0.570291	
0.611002	-0.401099	-1.40101	-2.35836	-3.23792	-3.96366	-4.49609	-4.89037	-5.13606	-5.2257	-5.15655	-4.93072	-4.55452	-4.02771	-3.37851	-2.62666	-1.795	-0.908805	0.0050078	1.04873	2.06059	3.00984	3.86764	4.60792	5.20819	5.65021	5.92056	6.01101	6.01089	5.82814	5.4683	4.94231	4.26615	3.47173	2.57701	1.60875	
0.720002	0.708195	0.674871	0.625115	0.559829	0.545531	0.584643	0.612118	0.620995	0.611002	0.582446	0.541589	0.490795	0.429724	0.357327	0.274981	0.184281	0.0943609	0.0050078	0.00580131	0.00641856	0.00684078	0.00705514	0.00705514	0.00684078	0.00641856	0.00580131	0.0050078	0.129959	0.250961	0.364338	0.466645	0.554772	0.626044	0.678293	0.709933	
0.674304	0.674304	0.653815	0.613461	0.559829	0.559829	0.613461	0.653815	0.674304	0.674304	0.653816	0.613462	0.560077	0.491957	0.413936	0.323338	0.222915	0.11572	0.0050078	0.00580131	0.00641856	0.00684078	0.00705514	0.00705514	0.00684078	0.00641856	0.00580131	0.0050078	0.11572	0.222915	0.323338	0.413936	0.491957	0.560077	0.613462	0.653816	
0.651928	0.656899	0.641909	0.607416	0.5691	0.587917	0.649545	0.692969	0.715338	0.715971	0.69485	0.652616	0.591114	0.523875	0.440719	0.344171	0.237166	0.122955	0.0050078	0.00580131	0.00641856	0.00684078	0.00705514	0.00705514	0.00684078	0.00641856	0.00580131	0.0050078	0.11572	0.222915	0.323338	0.413936	0.491957	0.55503	0.601239	0.629179	
0.64074	0.648196	0.635956	0.613393	0.582491	0.603876	0.667587	0.712546	0.735855	0.736804	0.715367	0.672193	0.609156	0.539835	0.45411	0.354588	0.244292	0.126573	0.0050078	0.00580131	0.00641856	0.00684078	0.00705514	0.00705514	0.00684078	0.00641856	0.00580131	0.0050078	0.101072	0.207565	0.307752	0.398587	0.477312	0.541534	0.589302	0.619163	
0.634028	0.642974	0.63606	0.619643	0.590526	0.613452	0.678413	0.724292	0.748165	0.749304	0.727677	0.683939	0.619982	0.54941	0.462145	0.360838	0.248567	0.128743	0.0050078	0.00580131	0.00641856	0.00684078	0.00705514	0.00705514	0.00684078	0.00641856	0.00580131	0.0050078	0.0957501	0.193351	0.293318	0.384373	0.463749	0.529034	0.578245	0.609886	
0.64213	-0.385031	-1.40049	-2.35836	-3.23792	-3.96366	-4.50213	-4.90228	-5.15347	-5.24807	-5.18119	-4.94295	-4.55452	-4.02771	-3.37851	-2.62666	-1.795	-0.908805	0.0050078	1.04873	2.06059	3.00984	3.86764	4.60792	5.20819	5.65021	5.92056	6.01101	6.01552	5.83726	5.48164	4.95945	4.29289	3.50782	2.61617	1.64978	
0.761669	0.749229	0.714024	0.657125	0.587917	0.5691	0.602977	0.624659	0.627362	0.611002	0.576079	0.527338	0.471363	0.408592	0.333588	0.260838	0.180163	0.0940136	0.0050078	0.00580131	0.00641856	0.00684078	0.00705514	0.00705514	0.00684078	0.00641856	0.00580131	0.0050078	0.137194	0.265212	0.385171	0.493427	0.586691	0.662128	0.717447	0.750967	
0.715971	0.715338	0.692969	0.649545	0.587917	0.5691	0.607416	0.641909	0.656899	0.651928	0.629179	0.601239	0.55503	0.491957	0.413936	0.323338	0.222915	0.11572	0.0050078	0.00580131	0.00641856	0.00684078	0.00705514	0.00705514	0.00684078	0.00641856	0.00580131	0.0050078	0.122955	0.237166	0.344171	0.440719	0.523875	0.591114	0.652616	0.69485	
0.693595	0.697932	0.681063	0.6435	0.587917	0.587917	0.6435	0.681063	0.697932	0.693595	0.670213	0.640392	0.591114	0.523875	0.440719	0.344171	0.237166	0.122955	0.0050078	0.00580131	0.00641856	0.00684078	0.00705514	0.00705514	0.00684078	0.00641856	0.00580131	0.0050078	0.122955	0.237166	0.344171	0.440719	0.523875	0.591114	0.640392	0.670213	
0.682407	0.68923	0.67511	0.640478	0.587917	0.603876	0.661543	0.70064	0.718449	0.714428	0.690729	0.659969	0.609156	0.539835	0.45411	0.354588	0.244292	0.126573	0.0050078	0.00580131	0.00641856	0.00684078	0.00705514	0.00705514	0.00684078	0.00641856	0.00580131	0.0050078	0.108307	0.221816	0.328585	0.42537	0.509231	0.577618	0.628455	0.660197	
0.675694	0.684008	0.671538	0.638665	0.590526	0.613452	0.672368	0.712386	0.730759	0.726928	0.703039	0.671715	0.619982	0.54941	0.462145	0.360838	0.248567	0.128743	0.0050078	0.00580131	0.00641856	0.00684078	0.00705514	0.00705514	0.00684078	0.00641856	0.00580131	0.0050078	0.100381	0.207602	0.314151	0.411156	0.495667	0.565118	0.617398	0.650919	
0.662964	-0.364514	-1.38092	-2.35536	-3.23792	-3.96366	-4.50516	-4.90823	-5.16217	-5.25926	-5.1912	-4.95488	-4.56802	-4.04235	-3.39386	-2.64225	-1.81035	-0.923452	0.0050078	1.04873	2.06059	3.00984	3.86764	4.60792	5.20819	5.65021	5.92056	6.01101	6.01784	5.84182	5.4883	4.96802	4.30885	3.52586	2.63575	1.6703	
0.782502	0.769746	0.733601	0.675167	0.603876	0.582491	0.613393	0.631785	0.630979	0.611002	0.572461	0.520213	0.460947	0.395201	0.318239	0.245252	0.164813	0.0818582	0.0050078	0.00580131	0.00641856	0.00684078	0.00705514	0.00705514	0.00684078	0.00641856	0.00580131	0.0050078	0.140812	0.272337	0.395588	0.506819	0.60265	0.680171	0.737024	0.771484	
0.736804	0.735855	0.712546	0.667587	0.603876	0.582491	0.613393	0.635956	0.648196	0.64074	0.619163	0.589302	0.541534	0.477312	0.398587	0.307752	0.207565	0.101072	0.0050078	0.00580131	0.00641856	0.00684078	0.00705514	0.00705514	0.00684078	0.00641856	0.00580131	0.0050078	0.126573	0.244292	0.354588	0.45411	0.539835	0.609156	0.672193	0.715367	
0.714428	0.718449	0.70064	0.661543	0.603876	0.587917	0.640478	0.67511	0.68923	0.682407	0.660197	0.628455	0.577618	0.509231	0.42537	0.328585	0.221816	0.108307	0.0050078	0.00580131	0.00641856	0.00684078	0.00705514	0.00705514	0.00684078	0.00641856	0.00580131	0.0050078	0.126573	0.244292	0.354588	0.45411	0.539835	0.609156	0.659969	0.690729	
0.70324	0.709746	0.694687	0.65852	0.603876	0.603876	0.65852	0.694687	0.709746	0.70324	0.680714	0.648032	0.595661	0.52519	0.438762	0.339002	0.228942	0.111925	0.0050078	0.00580131	0.00641856	0.00684078	0.00705514	0.00705514	0.00684078	0.00641856	0.00580131	0.0050078	0.111925	0.228942	0.339002	0.438762	0.52519	0.595661	0.648032	0.680714	
0.696528	0.704525	0.691115	0.656707	0.603876	0.613452	0.669345	0.706433	0.722057	0.71574	0.693024	0.659778	0.606486	0.534765	0.446796	0.345252	0.233217	0.114096	0.0050078	0.00580131	0.00641856	0.00684078	0.00705514	0.00705514	0.00684078	0.00641856	0.00580131	0.0050078	0.102696	0.214727	0.324568	0.424547	0.511627	0.583161	0.636975	0.671436	
0.675464	-0.352204	-1.36917	-2.34454	-3.23792	-3.96366	-4.50697	-4.9118	-5.16739	-5.26597	-5.20048	-4.96594	-4.58052	-4.05591	-3.40807	-2.65668	-1.82457	-0.936588	0.0050078	1.04873	2.06059	3.00984	3.86764	4.60792	5.20819	5.65021	5.92056	6.01101	6.01923	5.84456	5.4923	4.97317	4.31842	3.53669	2.64749	1.68261	
0.795002	0.782056	0.745348	0.685992	0.613452	0.590526	0.619643	0.63606	0.63315	0.611002	0.570291	0.515937	0.454697	0.387166	0.307872	0.230818	0.156221	0.0818582	0.0050078	0.00580131	0.00641856	0.00684078	0.00705514	0.00705514	0.00684078	0.00641856	0.00580131	0.0050078	0.142982	0.276612	0.401838	0.514854	0.612226	0.690996	0.74877	0.783794	
0.749304	0.748165	0.724292	0.678413	0.613452	0.590526	0.619643	0.63606	0.642974	0.634028	0.609886	0.578245	0.529034	0.463749	0.384373	0.293318	0.193351	0.0957501	0.0050078	0.00580131	0.00641856	0.00684078	0.00705514	0.00705514	0.00684078	0.00641856	0.00580131	0.0050078	0.128743	0.248567	0.360838	0.462145	0.54941	0.619982	0.683939	0.727677	
0.726928	0.730759	0.712386	0.672368	0.613452	0.590526	0.638665	0.671538	0.684008	0.675694	0.650919	0.617398	0.565118	0.495667	0.411156	0.314151	0.207602	0.100381	0.0050078	0.00580131	0.00641856	0.00684078	0.00705514	0.00705514	0.00684078	0.00641856	0.00580131	0.0050078	0.128743	0.248567	0.360838	0.462145	0.54941	0.619982	0.671715	0.703039	
0.71574	0.722057	0.706433	0.669345	0.613452	0.603876	0.656707	0.691115	0.704525	0.696528	0.671436	0.636975	0.583161	0.511627	0.424547	0.324568	0.214727	0.102696	0.0050078	0.00580131	0.00641856	0.00684078	0.00705514	0.00705514	0.00684078	0.00641856	0.00580131	0.0050078	0.114096	0.233217	0.345252	0.446796	0.534765	0.606486	0.659778	0.693024	
0.709028	0.716835	0.702862	0.667532	0.613452	0.613452	0.667532	0.702862	0.716835	0.709028	0.683746	0.648722	0.593986	0.521202	0.432582	0.330818	0.219002	0.104085	0.0050078	0.00580131	0.00641856	0.00684078	0.00705514	0.00705514	0.00684078	0.00641856	0.00580131	0.0050078	0.104085	0.219002	0.330818	0.432582	0.521202	0.593986	0.648722	0.683746	
