0.0198695	0.0221118	0.0238097	0.0249213	0.0254193	0.0252914	0.0254193	0.0249213	0.0238097	0.0221118	0.0198695	0.0238982	0.0273384	0.030662	0.033541	0.035594	0.0367706	0.0370418	0.036401	0.0348637	0.0324681	0.0371475	0.0409122	0.0436695	0.0453515	0.0459168	0.0453515	0.0436695	0.0409122	0.0371475	0.0324681	0.0348637	0.036401	0.0370418	0.0367706	0.035594	0.033541	0.030662	0.0273384	0.0238982	
0.0198695	0.0221118	0.0238097	0.0249213	0.0254193	0.0252914	0.0245407	0.0231857	0.0212598	0.0188104	0.0158979	0.0196626	0.0229432	0.0256588	0.0277426	0.0291433	0.0298264	0.029775	0.0289905	0.0286064	0.0324681	0.0371475	0.0409122	0.0436695	0.0453515	0.0459168	0.0453515	0.0436695	0.0409122	0.0371475	0.0324681	0.0351766	0.037019	0.0379498	0.0379462	0.0370082	0.035159	0.032444	0.0289302	0.024704	
0.0198695	0.0221118	0.0238097	0.0249213	0.0254193	0.0252914	0.0245407	0.0231857	0.0212598	0.0188104	0.0158979	0.0196626	0.0229432	0.0256588	0.0277426	0.0291433	0.0298264	0.029775	0.0289905	0.0279592	0.0273169	0.0320597	0.0360131	0.0390798	0.0411841	0.0422744	0.0423237	0.0413309	0.0393204	0.0363417	0.0324681	0.0351766	0.037019	0.0379498	0.0379462	0.0370082	0.035159	0.032444	0.0289302	0.024704	
0.0198695	0.0221118	0.0238097	0.0249213	0.0254193	0.0252914	0.0245407	0.0231857	0.0212598	0.0188104	0.0158979	0.0196626	0.0229432	0.0256588	0.0277426	0.0291433	0.0298264	0.029775	0.0289905	0.0279592	0.0273169	0.0320597	0.0360131	0.0390798	0.0411841	0.0422744	0.0423237	0.0413309	0.0393204	0.0363417	0.0324681	0.0351766	0.037019	0.0379498	0.0379462	0.0370082	0.035159	0.032444	0.0289302	0.024704	
0.0198695	0.0221118	0.0238097	0.0249213	0.0254193	0.0252914	0.0245407	0.0231857	0.0212598	0.0188104	0.0158979	0.0196626	0.0229432	0.0256588	0.0277426	0.0291433	0.0298264	0.029775	0.0289905	0.0279592	0.0273169	0.0320597	0.0360131	0.0390798	0.0411841	0.0422744	0.0423237	0.0413309	0.0393204	0.0363417	0.0324681	0.0351766	0.037019	0.0379498	0.0379462	0.0370082	0.035159	0.032444	0.0289302	0.024704	
0.0198695	0.0221118	0.0238097	0.0249213	0.0254193	0.0252914	0.0245407	0.0231857	0.0212598	0.0188104	0.0158979	0.0196626	0.0229432	0.0256588	0.0277426	0.0291433	0.0298264	0.029775	0.0289905	0.0279592	0.0273169	0.0320597	0.0360131	0.0390798	0.0411841	0.0422744	0.0423237	0.0413309	0.0393204	0.0363417	0.0324681	0.0351766	0.037019	0.0379498	0.0379462	0.0370082	0.035159	0.032444	0.0289302	0.024704	
0.0158979	0.0188104	0.0212598	0.0231857	0.0245407	0.0252914	0.0254193	0.0249213	0.0238097	0.0221118	0.0198695	0.024704	0.0289302	0.032444	0.035159	0.0370082	0.0379462	0.0379498	0.037019	0.0351766	0.0324681	0.0371475	0.0409122	0.0436695	0.0453515	0.0459168	0.0453515	0.0436695	0.0409122	0.0371475	0.0324681	0.0286064	0.0289905	0.029775	0.0298264	0.0291433	0.0277426	0.0256588	0.0229432	0.0196626	
0.0158979	0.0176918	0.01905	0.0199391	0.0203373	0.0202347	0.0203373	0.0199391	0.01905	0.0176918	0.0158979	0.0207813	0.025153	0.0289053	0.0319459	0.0341999	0.0356118	0.0361468	0.0357917	0.0345553	0.0324681	0.0371475	0.0409122	0.0436695	0.0453515	0.0459168	0.0453515	0.0436695	0.0409122	0.0371475	0.0324681	0.0345553	0.0357917	0.0361468	0.0356118	0.0341999	0.0319459	0.0289053	0.025153	0.0207813	
0.0158979	0.0176918	0.01905	0.0199391	0.0203373	0.0202347	0.0203373	0.0199391	0.01905	0.0176918	0.0158979	0.0207813	0.025153	0.0289053	0.0319459	0.0341999	0.0356118	0.0361468	0.0357917	0.0345553	0.0324681	0.0371475	0.0409122	0.0436695	0.0453515	0.0459168	0.0453515	0.0436695	0.0409122	0.0371475	0.0324681	0.0345553	0.0357917	0.0361468	0.0356118	0.0341999	0.0319459	0.0289053	0.025153	0.0207813	
0.0158979	0.0176918	0.01905	0.0199391	0.0203373	0.0202347	0.0203373	0.0199391	0.01905	0.0176918	0.0158979	0.0207813	0.025153	0.0289053	0.0319459	0.0341999	0.0356118	0.0361468	0.0357917	0.0345553	0.0324681	0.0371475	0.0409122	0.0436695	0.0453515	0.0459168	0.0453515	0.0436695	0.0409122	0.0371475	0.0324681	0.0345553	0.0357917	0.0361468	0.0356118	0.0341999	0.0319459	0.0289053	0.025153	0.0207813	
0.0158979	0.0176918	0.01905	0.0199391	0.0203373	0.0202347	0.0203373	0.0199391	0.01905	0.0176918	0.0158979	0.0207813	0.025153	0.0289053	0.0319459	0.0341999	0.0356118	0.0361468	0.0357917	0.0345553	0.0324681	0.0371475	0.0409122	0.0436695	0.0453515	0.0459168	0.0453515	0.0436695	0.0409122	0.0371475	0.0324681	0.0345553	0.0357917	0.0361468	0.0356118	0.0341999	0.0319459	0.0289053	0.025153	0.0207813	
0.0158979	0.0176918	0.01905	0.0199391	0.0203373	0.0202347	0.0203373	0.0199391	0.01905	0.0176918	0.0158979	0.0207813	0.025153	0.0289053	0.0319459	0.0341999	0.0356118	0.0361468	0.0357917	0.0345553	0.0324681	0.0371475	0.0409122	0.0436695	0.0453515	0.0459168	0.0453515	0.0436695	0.0409122	0.0371475	0.0324681	0.0345553	0.0357917	0.0361468	0.0356118	0.0341999	0.0319459	0.0289053	0.025153	0.0207813	
0.0158979	0.0188104	0.0212598	0.0231857	0.0245407	0.0252914	0.0254193	0.0249213	0.0238097	0.0221118	0.0198695	0.024704	0.0289302	0.032444	0.035159	0.0370082	0.0379462	0.0379498	0.037019	0.0351766	0.0324681	0.0363417	0.0393204	0.0413309	0.0423237	0.0422744	0.0411841	0.0390798	0.0360131	0.0320597	0.0273169	0.0279592	0.0289905	0.029775	0.0298264	0.0291433	0.0277426	0.0256588	0.0229432	0.0196626	
0.0158979	0.0176918	0.01905	0.0199391	0.0203373	0.0202347	0.0203373	0.0199391	0.01905	0.0176918	0.0158979	0.0207813	0.025153	0.0289053	0.0319459	0.0341999	0.0356118	0.0361468	0.0357917	0.0345553	0.0324681	0.0371475	0.0409122	0.0436695	0.0453515	0.0459168	0.0453515	0.0436695	0.0409122	0.0371475	0.0324681	0.0345553	0.0357917	0.0361468	0.0356118	0.0341999	0.0319459	0.0289053	0.025153	0.0207813	
0.0158979	0.0176918	0.01905	0.0199391	0.0203373	0.0202347	0.0203373	0.0199391	0.01905	0.0176918	0.0158979	0.0207813	0.025153	0.0289053	0.0319459	0.0341999	0.0356118	0.0361468	0.0357917	0.0345553	0.0324681	0.0371475	0.0409122	0.0436695	0.0453515	0.0459168	0.0453515	0.0436695	0.0409122	0.0371475	0.0324681	0.0345553	0.0357917	0.0361468	0.0356118	0.0341999	0.0319459	0.0289053	0.025153	0.0207813	
0.0158979	0.0176918	0.01905	0.0199391	0.0203373	0.0202347	0.0203373	0.0199391	0.01905	0.0176918	0.0158979	0.0207813	0.025153	0.0289053	0.0319459	0.0341999	0.0356118	0.0361468	0.0357917	0.0345553	0.0324681	0.0371475	0.0409122	0.0436695	0.0453515	0.0459168	0.0453515	0.0436695	0.0409122	0.0371475	0.0324681	0.0345553	0.0357917	0.0361468	0.0356118	0.0341999	0.0319459	0.0289053	0.025153	0.0207813	
0.0158979	0.0176918	0.01905	0.0199391	0.0203373	0.0202347	0.0203373	0.0199391	0.01905	0.0176918	0.0158979	0.0207813	0.025153	0.0289053	0.0319459	0.0341999	0.0356118	0.0361468	0.0357917	0.0345553	0.0324681	0.0371475	0.0409122	0.0436695	0.0453515	0.0459168	0.0453515	0.0436695	0.0409122	0.0371475	0.0324681	0.0345553	0.0357917	0.0361468	0.0356118	0.0341999	0.0319459	0.0289053	0.025153	0.0207813	
0.0158979	0.0176918	0.01905	0.0199391	0.0203373	0.0202347	0.0203373	0.0199391	0.01905	0.0176918	0.0158979	0.0207813	0.025153	0.0289053	0.0319459	0.0341999	0.0356118	0.0361468	0.0357917	0.0345553	0.0324681	0.0371475	0.0409122	0.0436695	0.0453515	0.0459168	0.0453515	0.0436695	0.0409122	0.0371475	0.0324681	0.0345553	0.0357917	0.0361468	0.0356118	0.0341999	0.0319459	0.0289053	0.025153	0.0207813	
0.0158979	0.0188104	0.0212598	0.0231857	0.0245407	0.0252914	0.0254193	0.0249213	0.0238097	0.0221118	0.0198695	0.024704	0.0289302	0.032444	0.035159	0.0370082	0.0379462	0.0379498	0.037019	0.0351766	0.0324681	0.0363417	0.0393204	0.0413309	0.0423237	0.0422744	0.0411841	0.0390798	0.0360131	0.0320597	0.0273169	0.0279592	0.0289905	0.029775	0.0298264	0.0291433	0.0277426	0.0256588	0.0229432	0.0196626	
0.0158979	0.0176918	0.01905	0.0199391	0.0203373	0.0202347	0.0203373	0.0199391	0.01905	0.0176918	0.0158979	0.0207813	0.025153	0.0289053	0.0319459	0.0341999	0.0356118	0.0361468	0.0357917	0.0345553	0.0324681	0.0371475	0.0409122	0.0436695	0.0453515	0.0459168	0.0453515	0.0436695	0.0409122	0.0371475	0.0324681	0.0345553	0.0357917	0.0361468	0.0356118	0.0341999	0.0319459	0.0289053	0.025153	0.0207813	
0.0158979	0.0176918	0.01905	0.0199391	0.0203373	0.0202347	0.0203373	0.0199391	0.01905	0.0176918	0.0158979	0.0207813	0.025153	0.0289053	0.0319459	0.0341999	0.0356118	0.0361468	0.0357917	0.0345553	0.0324681	0.0371475	0.0409122	0.0436695	0.0453515	0.0459168	0.0453515	0.0436695	0.0409122	0.0371475	0.0324681	0.0345553	0.0357917	0.0361468	0.0356118	0.0341999	0.0319459	0.0289053	0.025153	0.0207813	
0.0158979	0.0176918	0.01905	0.0199391	0.0203373	0.0202347	0.0203373	0.0199391	0.01905	0.0176918	0.0158979	0.0207813	0.025153	0.0289053	0.0319459	0.0341999	0.0356118	0.0361468	0.0357917	0.0345553	0.0324681	0.0371475	0.0409122	0.0436695	0.0453515	0.0459168	0.0453515	0.0436695	0.0409122	0.0371475	0.0324681	0.0345553	0.0357917	0.0361468	0.0356118	0.0341999	0.0319459	0.0289053	0.025153	0.0207813	
0.0158979	0.0176918	0.01905	0.0199391	0.0203373	0.0202347	0.0203373	0.0199391	0.01905	0.0176918	0.0158979	0.0207813	0.025153	0.0289053	0.0319459	0.0341999	0.0356118	0.0361468	0.0357917	0.0345553	0.0324681	0.0371475	0.0409122	0.0436695	0.0453515	0.0459168	0.0453515	0.0436695	0.0409122	0.0371475	0.0324681	0.0345553	0.0357917	0.0361468	0.0356118	0.0341999	0.0319459	0.0289053	0.025153	0.0207813	
0.0158979	0.0176918	0.01905	0.0199391	0.0203373	0.0202347	0.0203373	0.0199391	0.01905	0.0176918	0.0158979	0.0207813	0.025153	0.0289053	0.0319459	0.0341999	0.0356118	0.0361468	0.0357917	0.0345553	0.0324681	0.0371475	0.0409122	0.0436695	0.0453515	0.0459168	0.0453515	0.0436695	0.0409122	0.0371475	0.0324681	0.0345553	0.0357917	0.0361468	0.0356118	0.0341999	0.0319459	0.0289053	0.025153	0.0207813	
0.0158979	0.0188104	0.0212598	0.0231857	0.0245407	0.0252914	0.0254193	0.0249213	0.0238097	0.0221118	0.0198695	0.024704	0.0289302	0.032444	0.035159	0.0370082	0.0379462	0.0379498	0.037019	0.0351766	0.0324681	0.0363417	0.0393204	0.0413309	0.0423237	0.0422744	0.0411841	0.0390798	0.0360131	0.0320597	0.0273169	0.0279592	0.0289905	0.029775	0.0298264	0.0291433	0.0277426	0.0256588	0.0229432	0.0196626	
0.0158979	0.0176918	0.01905	0.0199391	0.0203373	0.0202347	0.0203373	0.0199391	0.01905	0.0176918	0.0158979	0.0207813	0.025153	0.0289053	0.0319459	0.0341999	0.0356118	0.0361468	0.0357917	0.0345553	0.0324681	0.0371475	0.0409122	0.0436695	0.0453515	0.0459168	0.0453515	0.0436695	0.0409122	0.0371475	0.0324681	0.0345553	0.0357917	0.0361468	0.0356118	0.0341999	0.0319459	0.0289053	0.025153	0.0207813	
0.0158979	0.0176918	0.01905	0.0199391	0.0203373	0.0202347	0.0203373	0.0199391	0.01905	0.0176918	0.0158979	0.0207813	0.025153	0.0289053	0.0319459	0.0341999	0.0356118	0.0361468	0.0357917	0.0345553	0.0324681	0.0371475	0.0409122	0.0436695	0.0453515	0.0459168	0.0453515	0.0436695	0.0409122	0.0371475	0.0324681	0.0345553	0.0357917	0.0361468	0.0356118	0.0341999	0.0319459	0.0289053	0.025153	0.0207813	
0.0158979	0.0176918	0.01905	0.0199391	0.0203373	0.0202347	0.0203373	0.0199391	0.01905	0.0176918	0.0158979	0.0207813	0.025153	0.0289053	0.0319459	0.0341999	0.0356118	0.0361468	0.0357917	0.0345553	0.0324681	0.0371475	0.0409122	0.0436695	0.0453515	0.0459168	0.0453515	0.0436695	0.0409122	0.0371475	0.0324681	0.0345553	0.0357917	0.0361468	0.0356118	0.0341999	0.0319459	0.0289053	0.025153	0.0207813	
0.0158979	0.0176918	0.01905	0.0199391	0.0203373	0.0202347	0.0203373	0.0199391	0.01905	0.0176918	0.0158979	0.0207813	0.025153	0.0289053	0.0319459	0.0341999	0.0356118	0.0361468	0.0357917	0.0345553	0.0324681	0.0371475	0.0409122	0.0436695	0.0453515	0.0459168	0.0453515	0.0436695	0.0409122	0.0371475	0.0324681	0.0345553	0.0357917	0.0361468	0.0356118	0.0341999	0.0319459	0.0289053	0.025153	0.0207813	
0.0158979	0.0176918	0.01905	0.0199391	0.0203373	0.0202347	0.0203373	0.0199391	0.01905	0.0176918	0.0158979	0.0207813	0.025153	0.0289053	0.0319459	0.0341999	0.0356118	0.0361468	0.0357917	0.0345553	0.0324681	0.0371475	0.0409122	0.0436695	0.0453515	0.0459168	0.0453515	0.0436695	0.0409122	0.0371475	0.0324681	0.0345553	0.0357917	0.0361468	0.0356118	0.0341999	0.0319459	0.0289053	0.025153	0.0207813	
0.0158979	0.0188104	0.0212598	0.0231857	0.0245407	0.0252914	0.0254193	0.0249213	0.0238097	0.0221118	0.0198695	0.024704	0.0289302	0.032444	0.035159	0.0370082	0.0379462	0.0379498	0.037019	0.0351766	0.0324681	0.0363417	0.0393204	0.0413309	0.0423237	0.0422744	0.0411841	0.0390798	0.0360131	0.0320597	0.0273169	0.0279592	0.0289905	0.029775	0.0298264	0.0291433	0.0277426	0.0256588	0.0229432	0.0196626	
0.0158979	0.0176918	0.01905	0.0199391	0.0203373	0.0202347	0.0203373	0.0199391	0.01905	0.0176918	0.0158979	0.0207813	0.025153	0.0289053	0.0319459	0.0341999	0.0356118	0.0361468	0.0357917	0.0345553	0.0324681	0.0371475	0.0409122	0.0436695	0.0453515	0.0459168	0.0453515	0.0436695	0.0409122	0.0371475	0.0324681	0.0345553	0.0357917	0.0361468	0.0356118	0.0341999	0.0319459	0.0289053	0.025153	0.0207813	
0.0158979	0.0176918	0.01905	0.0199391	0.0203373	0.0202347	0.0203373	0.0199391	0.01905	0.0176918	0.0158979	0.0207813	0.025153	0.0289053	0.0319459	0.0341999	0.0356118	0.0361468	0.0357917	0.0345553	0.0324681	0.0371475	0.0409122	0.0436695	0.0453515	0.0459168	0.0453515	0.0436695	0.0409122	0.0371475	0.0324681	0.0345553	0.0357917	0.0361468	0.0356118	0.0341999	0.0319459	0.0289053	0.025153	0.0207813	
0.0158979	0.0176918	0.01905	0.0199391	0.0203373	0.0202347	0.0203373	0.0199391	0.01905	0.0176918	0.0158979	0.0207813	0.025153	0.0289053	0.0319459	0.0341999	0.0356118	0.0361468	0.0357917	0.0345553	0.0324681	0.0371475	0.0409122	0.0436695	0.0453515	0.0459168	0.0453515	0.0436695	0.0409122	0.0371475	0.0324681	0.0345553	0.0357917	0.0361468	0.0356118	0.0341999	0.0319459	0.0289053	0.025153	0.0207813	
0.0158979	0.0176918	0.01905	0.0199391	0.0203373	0.0202347	0.0203373	0.0199391	0.01905	0.0176918	0.0158979	0.0207813	0.025153	0.0289053	0.0319459	0.0341999	0.0356118	0.0361468	0.0357917	0.0345553	0.0324681	0.0371475	0.0409122	0.0436695	0.0453515	0.0459168	0.0453515	0.0436695	0.0409122	0.0371475	0.0324681	0.0345553	0.0357917	0.0361468	0.0356118	0.0341999	0.0319459	0.0289053	0.025153	0.0207813	
0.0158979	0.0176918	0.01905	0.0199391	0.0203373	0.0202347	0.0203373	0.0199391	0.01905	0.0176918	0.0158979	0.0207813	0.025153	0.0289053	0.0319459	0.0341999	0.0356118	0.0361468	0.0357917	0.0345553	0.0324681	0.0371475	0.0409122	0.0436695	0.0453515	0.0459168	0.0453515	0.0436695	0.0409122	0.0371475	0.0324681	0.0345553	0.0357917	0.0361468	0.0356118	0.0341999	0.0319459	0.0289053	0.025153	0.0207813	
