0.0198644	0.0221058	0.0238029	0.0249139	0.0254114	0.0252832	0.0254114	0.0249139	0.0238029	0.0221058	0.0198644	0.017797	0.0152913	0.0124092	0.00922149	0.00580672	0.00224898	-0.00136414	-0.00479629	-0.00791945	-0.0108476	-0.0128498	-0.0145355	-0.0158633	-0.0168006	-0.0173241	-0.0168006	-0.0158633	-0.0145355	-0.0128498	-0.0108476	-0.00791945	-0.00479629	-0.00136414	0.00224898	0.00580672	0.00922149	0.0124092	0.0152913	0.017797	
0.0198644	0.0221058	0.0238029	0.0249139	0.0254114	0.0252832	0.0245325	0.0231776	0.0212521	0.0188033	0.0158915	0.0135601	0.0108949	0.00796135	0.0048318	0.00158327	-0.00170425	-0.0049498	-0.00807348	-0.0109984	-0.0136524	-0.0148167	-0.0156161	-0.016031	-0.0160511	-0.015676	-0.014915	-0.0137866	-0.0123188	-0.0105477	-0.00851684	-0.0061763	-0.00368369	-0.000647053	0.00290008	0.00637581	0.00969454	0.0127746	0.01554	0.0179229	
0.0198644	0.0221058	0.0238029	0.0249139	0.0254114	0.0252832	0.0245325	0.0231776	0.0212521	0.0188033	0.0158915	0.0135601	0.0108949	0.00796135	0.0048318	0.00158327	-0.00170425	-0.0049498	-0.00807348	-0.0109984	-0.0136524	-0.0148167	-0.0156161	-0.016031	-0.0160511	-0.015676	-0.014915	-0.0137866	-0.0123188	-0.0105477	-0.00851684	-0.0061763	-0.00368369	-0.000647053	0.00290008	0.00637581	0.00969454	0.0127746	0.01554	0.0179229	
0.0198644	0.0221058	0.0238029	0.0249139	0.0254114	0.0252832	0.0245325	0.0231776	0.0212521	0.0188033	0.0158915	0.0135601	0.0108949	0.00796135	0.0048318	0.00158327	-0.00170425	-0.0049498	-0.00807348	-0.0109984	-0.0136524	-0.0148167	-0.0156161	-0.016031	-0.0160511	-0.015676	-0.014915	-0.0137866	-0.0123188	-0.0105477	-0.00851684	-0.0061763	-0.00368369	-0.000647053	0.00290008	0.00637581	0.00969454	0.0127746	0.01554	0.0179229	
0.0198644	0.0221058	0.0238029	0.0249139	0.0254114	0.0252832	0.0245325	0.0231776	0.0212521	0.0188033	0.0158915	0.0135601	0.0108949	0.00796135	0.0048318	0.00158327	-0.00170425	-0.0049498	-0.00807348	-0.0109984	-0.0136524	-0.0148167	-0.0156161	-0.016031	-0.0160511	-0.015676	-0.014915	-0.0137866	-0.0123188	-0.0105477	-0.00851684	-0.0061763	-0.00368369	-0.000647053	0.00290008	0.00637581	0.00969454	0.0127746	0.01554	0.0179229	
0.0198644	0.0221058	0.0238029	0.0249139	0.0254114	0.0252832	0.0245325	0.0231776	0.0212521	0.0188033	0.0158915	0.0135601	0.0108949	0.00796135	0.0048318	0.00158327	-0.00170425	-0.0049498	-0.00807348	-0.0109984	-0.0136524	-0.0148167	-0.0156161	-0.016031	-0.0160511	-0.015676	-0.014915	-0.0137866	-0.0123188	-0.0105477	-0.00851684	-0.0061763	-0.00368369	-0.000647053	0.00290008	0.00637581	0.00969454	0.0127746	0.01554	0.0179229	
0.0158915	0.0188033	0.0212521	0.0231776	0.0245325	0.0252832	0.0254114	0.0249139	0.0238029	0.0221058	0.0198644	0.0179229	0.01554	0.0127746	0.00969454	0.00637581	0.00290008	-0.000647053	-0.00368369	-0.0061763	-0.00851684	-0.0105477	-0.0123188	-0.0137866	-0.014915	-0.015676	-0.0160511	-0.016031	-0.0156161	-0.0148167	-0.0136524	-0.0109984	-0.00807348	-0.0049498	-0.00170425	0.00158327	0.0048318	0.00796135	0.0108949	0.0135601	
0.0158915	0.0176846	0.0190423	0.0199311	0.0203291	0.0202266	0.0203291	0.0199311	0.0190423	0.0176846	0.0158915	0.0142492	0.012256	0.0099611	0.00742088	0.00469794	0.00185932	-0.00102509	-0.00368369	-0.0061763	-0.00851684	-0.0101089	-0.0114521	-0.0125133	-0.0132663	-0.0136927	-0.0132663	-0.0125133	-0.0114521	-0.0101089	-0.00851684	-0.0061763	-0.00368369	-0.00102509	0.00185932	0.00469794	0.00742088	0.0099611	0.012256	0.0142492	
0.0158915	0.0176846	0.0190423	0.0199311	0.0203291	0.0202266	0.0203291	0.0199311	0.0190423	0.0176846	0.0158915	0.0142492	0.012256	0.0099611	0.00742088	0.00469794	0.00185932	-0.00102509	-0.00368369	-0.0061763	-0.00851684	-0.0101089	-0.0114521	-0.0125133	-0.0132663	-0.0136927	-0.0132663	-0.0125133	-0.0114521	-0.0101089	-0.00851684	-0.0061763	-0.00368369	-0.00102509	0.00185932	0.00469794	0.00742088	0.0099611	0.012256	0.0142492	
0.0158915	0.0176846	0.0190423	0.0199311	0.0203291	0.0202266	0.0203291	0.0199311	0.0190423	0.0176846	0.0158915	0.0142492	0.012256	0.0099611	0.00742088	0.00469794	0.00185932	-0.00102509	-0.00368369	-0.0061763	-0.00851684	-0.0101089	-0.0114521	-0.0125133	-0.0132663	-0.0136927	-0.0132663	-0.0125133	-0.0114521	-0.0101089	-0.00851684	-0.0061763	-0.00368369	-0.00102509	0.00185932	0.00469794	0.00742088	0.0099611	0.012256	0.0142492	
0.0158915	0.0176846	0.0190423	0.0199311	0.0203291	0.0202266	0.0203291	0.0199311	0.0190423	0.0176846	0.0158915	0.0142492	0.012256	0.0099611	0.00742088	0.00469794	0.00185932	-0.00102509	-0.00368369	-0.0061763	-0.00851684	-0.0101089	-0.0114521	-0.0125133	-0.0132663	-0.0136927	-0.0132663	-0.0125133	-0.0114521	-0.0101089	-0.00851684	-0.0061763	-0.00368369	-0.00102509	0.00185932	0.00469794	0.00742088	0.0099611	0.012256	0.0142492	
0.0158915	0.0176846	0.0190423	0.0199311	0.0203291	0.0202266	0.0203291	0.0199311	0.0190423	0.0176846	0.0158915	0.0142492	0.012256	0.0099611	0.00742088	0.00469794	0.00185932	-0.00102509	-0.00368369	-0.0061763	-0.00851684	-0.0101089	-0.0114521	-0.0125133	-0.0132663	-0.0136927	-0.0132663	-0.0125133	-0.0114521	-0.0101089	-0.00851684	-0.0061763	-0.00368369	-0.00102509	0.00185932	0.00469794	0.00742088	0.0099611	0.012256	0.0142492	
0.0158915	0.0188033	0.0212521	0.0231776	0.0245325	0.0252832	0.0254114	0.0249139	0.0238029	0.0221058	0.0198644	0.0179229	0.01554	0.0127746	0.00969454	0.00637581	0.00290008	-0.000647053	-0.00368369	-0.0061763	-0.00851684	-0.0105477	-0.0123188	-0.0137866	-0.014915	-0.015676	-0.0160511	-0.016031	-0.0156161	-0.0148167	-0.0136524	-0.0109984	-0.00807348	-0.0049498	-0.00170425	0.00158327	0.0048318	0.00796135	0.0108949	0.0135601	
0.0158915	0.0176846	0.0190423	0.0199311	0.0203291	0.0202266	0.0203291	0.0199311	0.0190423	0.0176846	0.0158915	0.0142492	0.012256	0.0099611	0.00742088	0.00469794	0.00185932	-0.00102509	-0.00368369	-0.0061763	-0.00851684	-0.0101089	-0.0114521	-0.0125133	-0.0132663	-0.0136927	-0.0132663	-0.0125133	-0.0114521	-0.0101089	-0.00851684	-0.0061763	-0.00368369	-0.00102509	0.00185932	0.00469794	0.00742088	0.0099611	0.012256	0.0142492	
0.0158915	0.0176846	0.0190423	0.0199311	0.0203291	0.0202266	0.0203291	0.0199311	0.0190423	0.0176846	0.0158915	0.0142492	0.012256	0.0099611	0.00742088	0.00469794	0.00185932	-0.00102509	-0.00368369	-0.0061763	-0.00851684	-0.0101089	-0.0114521	-0.0125133	-0.0132663	-0.0136927	-0.0132663	-0.0125133	-0.0114521	-0.0101089	-0.00851684	-0.0061763	-0.00368369	-0.00102509	0.00185932	0.00469794	0.00742088	0.0099611	0.012256	0.0142492	
0.0158915	0.0176846	0.0190423	0.0199311	0.0203291	0.0202266	0.0203291	0.0199311	0.0190423	0.0176846	0.0158915	0.0142492	0.012256	0.0099611	0.00742088	0.00469794	0.00185932	-0.00102509	-0.00368369	-0.0061763	-0.00851684	-0.0101089	-0.0114521	-0.0125133	-0.0132663	-0.0136927	-0.0132663	-0.0125133	-0.0114521	-0.0101089	-0.00851684	-0.0061763	-0.00368369	-0.00102509	0.00185932	0.00469794	0.00742088	0.0099611	0.012256	0.0142492	
0.0158915	0.0176846	0.0190423	0.0199311	0.0203291	0.0202266	0.0203291	0.0199311	0.0190423	0.0176846	0.0158915	0.0142492	0.012256	0.0099611	0.00742088	0.00469794	0.00185932	-0.00102509	-0.00368369	-0.0061763	-0.00851684	-0.0101089	-0.0114521	-0.0125133	-0.0132663	-0.0136927	-0.0132663	-0.0125133	-0.0114521	-0.0101089	-0.00851684	-0.0061763	-0.00368369	-0.00102509	0.00185932	0.00469794	0.00742088	0.0099611	0.012256	0.0142492	
0.0158915	0.0176846	0.0190423	0.0199311	0.0203291	0.0202266	0.0203291	0.0199311	0.0190423	0.0176846	0.0158915	0.0142492	0.012256	0.0099611	0.00742088	0.00469794	0.00185932	-0.00102509	-0.00368369	-0.0061763	-0.00851684	-0.0101089	-0.0114521	-0.0125133	-0.0132663	-0.0136927	-0.0132663	-0.0125133	-0.0114521	-0.0101089	-0.00851684	-0.0061763	-0.00368369	-0.00102509	0.00185932	0.00469794	0.00742088	0.0099611	0.012256	0.0142492	
0.0158915	0.0188033	0.0212521	0.0231776	0.0245325	0.0252832	0.0254114	0.0249139	0.0238029	0.0221058	0.0198644	0.0179229	0.01554	0.0127746	0.00969454	0.00637581	0.00290008	-0.000647053	-0.00368369	-0.0061763	-0.00851684	-0.0105477	-0.0123188	-0.0137866	-0.014915	-0.015676	-0.0160511	-0.016031	-0.0156161	-0.0148167	-0.0136524	-0.0109984	-0.00807348	-0.0049498	-0.00170425	0.00158327	0.0048318	0.00796135	0.0108949	0.0135601	
0.0158915	0.0176846	0.0190423	0.0199311	0.0203291	0.0202266	0.0203291	0.0199311	0.0190423	0.0176846	0.0158915	0.0142492	0.012256	0.0099611	0.00742088	0.00469794	0.00185932	-0.00102509	-0.00368369	-0.0061763	-0.00851684	-0.0101089	-0.0114521	-0.0125133	-0.0132663	-0.0136927	-0.0132663	-0.0125133	-0.0114521	-0.0101089	-0.00851684	-0.0061763	-0.00368369	-0.00102509	0.00185932	0.00469794	0.00742088	0.0099611	0.012256	0.0142492	
0.0158915	0.0176846	0.0190423	0.0199311	0.0203291	0.0202266	0.0203291	0.0199311	0.0190423	0.0176846	0.0158915	0.0142492	0.012256	0.0099611	0.00742088	0.00469794	0.00185932	-0.00102509	-0.00368369	-0.0061763	-0.00851684	-0.0101089	-0.0114521	-0.0125133	-0.0132663	-0.0136927	-0.0132663	-0.0125133	-0.0114521	-0.0101089	-0.00851684	-0.0061763	-0.00368369	-0.00102509	0.00185932	0.00469794	0.00742088	0.0099611	0.012256	0.0142492	
0.0158915	0.0176846	0.0190423	0.0199311	0.0203291	0.0202266	0.0203291	0.0199311	0.0190423	0.0176846	0.0158915	0.0142492	0.012256	0.0099611	0.00742088	0.00469794	0.00185932	-0.00102509	-0.00368369	-0.0061763	-0.00851684	-0.0101089	-0.0114521	-0.0125133	-0.0132663	-0.0136927	-0.0132663	-0.0125133	-0.0114521	-0.0101089	-0.00851684	-0.0061763	-0.00368369	-0.00102509	0.00185932	0.00469794	0.00742088	0.0099611	0.012256	0.0142492	
0.0158915	0.0176846	0.0190423	0.0199311	0.0203291	0.0202266	0.0203291	0.0199311	0.0190423	0.0176846	0.0158915	0.0142492	0.012256	0.0099611	0.00742088	0.00469794	0.00185932	-0.00102509	-0.00368369	-0.0061763	-0.00851684	-0.0101089	-0.0114521	-0.0125133	-0.0132663	-0.0136927	-0.0132663	-0.0125133	-0.0114521	-0.0101089	-0.00851684	-0.0061763	-0.00368369	-0.00102509	0.00185932	0.00469794	0.00742088	0.0099611	0.012256	0.0142492	
0.0158915	0.0176846	0.0190423	0.0199311	0.0203291	0.0202266	0.0203291	0.0199311	0.0190423	0.0176846	0.0158915	0.0142492	0.012256	0.0099611	0.00742088	0.00469794	0.00185932	-0.00102509	-0.00368369	-0.0061763	-0.00851684	-0.0101089	-0.0114521	-0.0125133	-0.0132663	-0.0136927	-0.0132663	-0.0125133	-0.0114521	-0.0101089	-0.00851684	-0.0061763	-0.00368369	-0.00102509	0.00185932	0.00469794	0.00742088	0.0099611	0.012256	0.0142492	
0.0158915	0.0188033	0.0212521	0.0231776	0.0245325	0.0252832	0.0254114	0.0249139	0.0238029	0.0221058	0.0198644	0.0179229	0.01554	0.0127746	0.00969454	0.00637581	0.00290008	-0.000647053	-0.00368369	-0.0061763	-0.00851684	-0.0105477	-0.0123188	-0.0137866	-0.014915	-0.015676	-0.0160511	-0.016031	-0.0156161	-0.0148167	-0.0136524	-0.0109984	-0.00807348	-0.0049498	-0.00170425	0.00158327	0.0048318	0.00796135	0.0108949	0.0135601	
0.0158915	0.0176846	0.0190423	0.0199311	0.0203291	0.0202266	0.0203291	0.0199311	0.0190423	0.0176846	0.0158915	0.0142492	0.012256	0.0099611	0.00742088	0.00469794	0.00185932	-0.00102509	-0.00368369	-0.0061763	-0.00851684	-0.0101089	-0.0114521	-0.0125133	-0.0132663	-0.0136927	-0.0132663	-0.0125133	-0.0114521	-0.0101089	-0.00851684	-0.0061763	-0.00368369	-0.00102509	0.00185932	0.00469794	0.00742088	0.0099611	0.012256	0.0142492	
0.0158915	0.0176846	0.0190423	0.0199311	0.0203291	0.0202266	0.0203291	0.0199311	0.0190423	0.0176846	0.0158915	0.0142492	0.012256	0.0099611	0.00742088	0.00469794	0.00185932	-0.00102509	-0.00368369	-0.0061763	-0.00851684	-0.0101089	-0.0114521	-0.0125133	-0.0132663	-0.0136927	-0.0132663	-0.0125133	-0.0114521	-0.0101089	-0.00851684	-0.0061763	-0.00368369	-0.00102509	0.00185932	0.00469794	0.00742088	0.0099611	0.012256	0.0142492	
0.0158915	0.0176846	0.0190423	0.0199311	0.0203291	0.0202266	0.0203291	0.0199311	0.0190423	0.0176846	0.0158915	0.0142492	0.012256	0.0099611	0.00742088	0.00469794	0.00185932	-0.00102509	-0.00368369	-0.0061763	-0.00851684	-0.0101089	-0.0114521	-0.0125133	-0.0132663	-0.0136927	-0.0132663	-0.0125133	-0.0114521	-0.0101089	-0.00851684	-0.0061763	-0.00368369	-0.00102509	0.00185932	0.00469794	0.00742088	0.0099611	0.012256	0.0142492	
0.0158915	0.0176846	0.0190423	0.0199311	0.0203291	0.0202266	0.0203291	0.0199311	0.0190423	0.0176846	0.0158915	0.0142492	0.012256	0.0099611	0.00742088	0.00469794	0.00185932	-0.00102509	-0.00368369	-0.0061763	-0.00851684	-0.0101089	-0.0114521	-0.0125133	-0.0132663	-0.0136927	-0.0132663	-0.0125133	-0.0114521	-0.0101089	-0.00851684	-0.0061763	-0.00368369	-0.00102509	0.00185932	0.00469794	0.00742088	0.0099611	0.012256	0.0142492	
0.0158915	0.0176846	0.0190423	0.0199311	0.0203291	0.0202266	0.0203291	0.0199311	0.0190423	0.0176846	0.0158915	0.0142492	0.012256	0.0099611	0.00742088	0.00469794	0.00185932	-0.00102509	-0.00368369	-0.0061763	-0.00851684	-0.0101089	-0.0114521	-0.0125133	-0.0132663	-0.0136927	-0.0132663	-0.0125133	-0.0114521	-0.0101089	-0.00851684	-0.0061763	-0.00368369	-0.00102509	0.00185932	0.00469794	0.00742088	0.0099611	0.012256	0.0142492	
0.0158915	0.0188033	0.0212521	0.0231776	0.0245325	0.0252832	0.0254114	0.0249139	0.0238029	0.0221058	0.0198644	0.0179229	0.01554	0.0127746	0.00969454	0.00637581	0.00290008	-0.000647053	-0.00368369	-0.0061763	-0.00851684	-0.0105477	-0.0123188	-0.0137866	-0.014915	-0.015676	-0.0160511	-0.016031	-0.0156161	-0.0148167	-0.0136524	-0.0109984	-0.00807348	-0.0049498	-0.00170425	0.00158327	0.0048318	0.00796135	0.0108949	0.0135601	
0.0158915	0.0176846	0.0190423	0.0199311	0.0203291	0.0202266	0.0203291	0.0199311	0.0190423	0.0176846	0.0158915	0.0142492	0.012256	0.0099611	0.00742088	0.00469794	0.00185932	-0.00102509	-0.00368369	-0.0061763	-0.00851684	-0.0101089	-0.0114521	-0.0125133	-0.0132663	-0.0136927	-0.0132663	-0.0125133	-0.0114521	-0.0101089	-0.00851684	-0.0061763	-0.00368369	-0.00102509	0.00185932	0.00469794	0.00742088	0.0099611	0.012256	0.0142492	
0.0158915	0.0176846	0.0190423	0.0199311	0.0203291	0.0202266	0.0203291	0.0199311	0.0190423	0.0176846	0.0158915	0.0142492	0.012256	0.0099611	0.00742088	0.00469794	0.00185932	-0.00102509	-0.00368369	-0.0061763	-0.00851684	-0.0101089	-0.0114521	-0.0125133	-0.0132663	-0.0136927	-0.0132663	-0.0125133	-0.0114521	-0.0101089	-0.00851684	-0.0061763	-0.00368369	-0.00102509	0.00185932	0.00469794	0.00742088	0.0099611	0.012256	0.0142492	
0.0158915	0.0176846	0.0190423	0.0199311	0.0203291	0.0202266	0.0203291	0.0199311	0.0190423	0.0176846	0.0158915	0.0142492	0.012256	0.0099611	0.00742088	0.00469794	0.00185932	-0.00102509	-0.00368369	-0.0061763	-0.00851684	-0.0101089	-0.0114521	-0.0125133	-0.0132663	-0.0136927	-0.0132663	-0.0125133	-0.0114521	-0.0101089	-0.00851684	-0.0061763	-0.00368369	-0.00102509	0.00185932	0.00469794	0.00742088	0.0099611	0.012256	0.0142492	
0.0158915	0.0176846	0.0190423	0.0199311	0.0203291	0.0202266	0.0203291	0.0199311	0.0190423	0.0176846	0.0158915	0.0142492	0.012256	0.0099611	0.00742088	0.00469794	0.00185932	-0.00102509	-0.00368369	-0.0061763	-0.00851684	-0.0101089	-0.0114521	-0.0125133	-0.0132663	-0.0136927	-0.0132663	-0.0125133	-0.0114521	-0.0101089	-0.00851684	-0.0061763	-0.00368369	-0.00102509	0.00185932	0.00469794	0.00742088	0.0099611	0.012256	0.0142492	
0.0158915	0.0176846	0.0190423	0.0199311	0.0203291	0.0202266	0.0203291	0.0199311	0.0190423	0.0176846	0.0158915	0.0142492	0.012256	0.0099611	0.00742088	0.00469794	0.00185932	-0.00102509	-0.00368369	-0.0061763	-0.00851684	-0.0101089	-0.0114521	-0.0125133	-0.0132663	-0.0136927	-0.0132663	-0.0125133	-0.0114521	-0.0101089	-0.00851684	-0.0061763	-0.00368369	-0.00102509	0.00185932	0.00469794	0.00742088	0.0099611	0.012256	0.0142492	
