-5.21981	-6.17382	-6.94025	-7.4958	-7.82207	-7.82207	-7.4958	-6.94025	-6.17382	-5.21981	-4.10719	-2.86978	-1.53637	-0.150591	1.23977	2.59245	3.8858	5.07126	6.10263	7.06963	7.82182	8.33635	8.59758	8.59758	8.33635	7.82182	7.06963	6.10263	5.07126	3.8858	2.59245	1.23977	-0.150591	-1.53637	-2.86978	-4.10719	
-5.16953	-5.09137	-4.85851	-4.47803	-3.96148	-3.23574	-2.34961	-1.39209	-0.392266	0.619472	1.62879	2.59278	3.48642	4.2815	4.97023	5.51477	5.89175	6.08971	6.10263	6.0267	5.76765	5.33335	4.737	3.99672	3.135	2.17803	1.15488	0.0966328	-0.802862	-1.67796	-2.50208	-3.25017	-3.89951	-4.43036	-4.8266	-5.07618	
-5.17153	-5.09334	-4.86039	-4.47976	-3.96148	-3.23574	-2.34961	-1.39209	-0.363458	0.680192	1.70318	2.67441	3.57318	4.36907	5.03221	5.55477	5.91911	6.1036	6.10263	6.0267	5.76765	5.33335	4.737	3.99672	3.135	2.17803	1.15488	0.0966328	-0.817101	-1.70601	-2.54308	-3.2992	-3.94064	-4.46236	-4.84849	-5.08729	
-5.17153	-5.09334	-4.86039	-4.47976	-3.96148	-3.23574	-2.34961	-1.35691	-0.322424	0.721859	1.74421	2.71356	3.60926	4.40099	5.059	5.5681	5.92823	6.10823	6.10263	6.0267	5.76765	5.33335	4.737	3.99672	3.135	2.17803	1.15488	0.0966328	-0.817101	-1.70601	-2.54308	-3.30288	-3.95779	-4.47569	-4.85761	-5.09192	
-5.17953	-5.09956	-4.86465	-4.48192	-3.96148	-3.23574	-2.33213	-1.33733	-0.301907	0.742692	1.76473	2.73314	3.6273	4.41695	5.07239	5.57477	5.93279	6.11054	6.10263	6.0267	5.76765	5.33335	4.737	3.99672	3.135	2.17803	1.15488	0.0966328	-0.830396	-1.71869	-2.55477	-3.31322	-3.971	-4.48929	-4.86969	-5.10212	
-5.18624	-5.10478	-4.86822	-4.48374	-3.96148	-3.23574	-2.3213	-1.32559	-0.289597	0.755192	1.77704	2.74489	3.63813	4.42652	5.08042	5.57995	5.93553	6.11193	6.10263	6.0267	5.76765	5.33335	4.737	3.99672	3.135	2.17803	1.15488	0.0966328	-0.842706	-1.73044	-2.56559	-3.32279	-3.97903	-4.4991	-4.87873	-5.11012	
0.619472	-0.392266	-1.39209	-2.34961	-3.23574	-3.96148	-4.47803	-4.85851	-5.09137	-5.16953	-5.07618	-4.8266	-4.43036	-3.89951	-3.25017	-2.50208	-1.67796	-0.802862	0.0966328	1.15488	2.17803	3.135	3.99672	4.737	5.33335	5.76765	6.0267	6.10263	6.08971	5.89175	5.51477	4.97023	4.2815	3.48642	2.59278	1.62879	
0.677472	0.666803	0.635873	0.585623	0.517579	0.517579	0.585623	0.635873	0.666803	0.677472	0.67713	0.656213	0.618859	0.566789	0.497497	0.413089	0.31613	0.209565	0.0966328	0.111945	0.123855	0.132003	0.136139	0.136139	0.132003	0.123855	0.111945	0.0966328	0.209565	0.31613	0.413089	0.497497	0.566789	0.618859	0.656213	0.67713	
0.6594	0.652745	0.626257	0.593394	0.547712	0.562009	0.635852	0.690376	0.723922	0.735472	0.734249	0.71759	0.679192	0.620156	0.542278	0.447923	0.339957	0.221663	0.0966328	0.111945	0.123855	0.132003	0.136139	0.136139	0.132003	0.123855	0.111945	0.0966328	0.187107	0.273961	0.36204	0.443874	0.521794	0.583859	0.628184	0.653422	
0.64437	0.637191	0.633586	0.611727	0.57128	0.590098	0.667607	0.724831	0.760031	0.772139	0.775219	0.756744	0.715276	0.652075	0.569061	0.468756	0.354208	0.228898	0.0966328	0.111945	0.123855	0.132003	0.136139	0.136139	0.132003	0.123855	0.111945	0.0966328	0.185717	0.269159	0.344423	0.410754	0.483952	0.550523	0.600367	0.631969	
0.626888	0.639812	0.640712	0.622144	0.584672	0.606057	0.685649	0.744408	0.780548	0.792972	0.795736	0.776321	0.733318	0.668034	0.582452	0.479173	0.361334	0.232516	0.0966328	0.111945	0.123855	0.132003	0.136139	0.136139	0.132003	0.123855	0.111945	0.0966328	0.174951	0.256473	0.332731	0.398879	0.466871	0.526189	0.576815	0.611136	
0.619472	0.641983	0.644987	0.628394	0.592707	0.615632	0.696474	0.756154	0.792858	0.805472	0.808046	0.788067	0.744144	0.67761	0.590487	0.485423	0.365609	0.234686	0.0966328	0.111945	0.123855	0.132003	0.136139	0.136139	0.132003	0.123855	0.111945	0.0966328	0.174951	0.247954	0.321906	0.389304	0.453992	0.514461	0.562684	0.598636	
0.680192	-0.363458	-1.39209	-2.34961	-3.23574	-3.96148	-4.47976	-4.86039	-5.09334	-5.17153	-5.08729	-4.84849	-4.46236	-3.94064	-3.2992	-2.54308	-1.70601	-0.817101	0.0966328	1.15488	2.17803	3.135	3.99672	4.737	5.33335	5.76765	6.0267	6.10263	6.1036	5.91911	5.55477	5.03221	4.36907	3.57318	2.67441	1.70318	
0.735472	0.723922	0.690376	0.635852	0.562009	0.547712	0.593394	0.626257	0.652745	0.6594	0.653422	0.628184	0.583859	0.521794	0.443874	0.36204	0.273961	0.187107	0.0966328	0.111945	0.123855	0.132003	0.136139	0.136139	0.132003	0.123855	0.111945	0.0966328	0.221663	0.339957	0.447923	0.542278	0.620156	0.679192	0.71759	0.734249	
0.728472	0.717028	0.683885	0.632557	0.562009	0.562009	0.632557	0.683885	0.717028	0.728472	0.723072	0.695701	0.647192	0.579018	0.493251	0.406923	0.311912	0.207423	0.0966328	0.111945	0.123855	0.132003	0.136139	0.136139	0.132003	0.123855	0.111945	0.0966328	0.207423	0.311912	0.406923	0.493251	0.579018	0.647192	0.695701	0.723072	
0.728472	0.717028	0.683798	0.62979	0.57128	0.590098	0.665875	0.722952	0.758062	0.770139	0.764105	0.734855	0.683276	0.610937	0.520034	0.427756	0.326162	0.214659	0.0966328	0.111945	0.123855	0.132003	0.136139	0.136139	0.132003	0.123855	0.111945	0.0966328	0.207423	0.311912	0.406923	0.489569	0.561877	0.633859	0.686581	0.718441	
0.720469	0.710803	0.679539	0.627628	0.584672	0.606057	0.683917	0.742528	0.778579	0.790972	0.784622	0.754432	0.701318	0.626896	0.533425	0.438173	0.333288	0.218276	0.0966328	0.111945	0.123855	0.132003	0.136139	0.136139	0.132003	0.123855	0.111945	0.0966328	0.194129	0.299226	0.395231	0.479228	0.548663	0.620261	0.6745	0.708244	
0.713756	0.705581	0.675968	0.628394	0.592707	0.615632	0.694742	0.754275	0.790889	0.803472	0.796932	0.766178	0.712144	0.636471	0.54146	0.444423	0.337563	0.220447	0.0966328	0.111945	0.123855	0.132003	0.136139	0.136139	0.132003	0.123855	0.111945	0.0966328	0.188843	0.28748	0.384406	0.469652	0.540628	0.610448	0.665456	0.700244	
0.721859	-0.322424	-1.35691	-2.34961	-3.23574	-3.96148	-4.47976	-4.86039	-5.09334	-5.17153	-5.09192	-4.85761	-4.47569	-3.95779	-3.30288	-2.54308	-1.70601	-0.817101	0.0966328	1.15488	2.17803	3.135	3.99672	4.737	5.33335	5.76765	6.0267	6.10263	6.10823	5.92823	5.5681	5.059	4.40099	3.60926	2.71356	1.74421	
0.772139	0.760031	0.724831	0.667607	0.590098	0.57128	0.611727	0.633586	0.637191	0.64437	0.631969	0.600367	0.550523	0.483952	0.410754	0.344423	0.269159	0.185717	0.0966328	0.111945	0.123855	0.132003	0.136139	0.136139	0.132003	0.123855	0.111945	0.0966328	0.228898	0.354208	0.468756	0.569061	0.652075	0.715276	0.756744	0.775219	
0.770139	0.758062	0.722952	0.665875	0.590098	0.57128	0.62979	0.683798	0.717028	0.728472	0.718441	0.686581	0.633859	0.561877	0.489569	0.406923	0.311912	0.207423	0.0966328	0.111945	0.123855	0.132003	0.136139	0.136139	0.132003	0.123855	0.111945	0.0966328	0.214659	0.326162	0.427756	0.520034	0.610937	0.683276	0.734855	0.764105	
0.770139	0.758062	0.722952	0.665875	0.590098	0.590098	0.665875	0.722952	0.758062	0.770139	0.759475	0.725734	0.669943	0.593796	0.516352	0.427756	0.326162	0.214659	0.0966328	0.111945	0.123855	0.132003	0.136139	0.136139	0.132003	0.123855	0.111945	0.0966328	0.214659	0.326162	0.427756	0.516352	0.593796	0.669943	0.725734	0.759475	
0.762136	0.751837	0.718693	0.663713	0.590098	0.606057	0.683917	0.742528	0.778579	0.790972	0.779992	0.745311	0.687985	0.609755	0.529744	0.438173	0.333288	0.218276	0.0966328	0.111945	0.123855	0.132003	0.136139	0.136139	0.132003	0.123855	0.111945	0.0966328	0.201364	0.313477	0.416065	0.506011	0.580582	0.656345	0.713654	0.749278	
0.755423	0.746615	0.715121	0.661899	0.592707	0.615632	0.694742	0.754275	0.790889	0.803472	0.792302	0.757057	0.69881	0.61933	0.537778	0.444423	0.337563	0.220447	0.0966328	0.111945	0.123855	0.132003	0.136139	0.136139	0.132003	0.123855	0.111945	0.0966328	0.193474	0.30173	0.405239	0.496435	0.572547	0.646532	0.70461	0.741278	
0.742692	-0.301907	-1.33733	-2.33213	-3.23574	-3.96148	-4.48192	-4.86465	-5.09956	-5.17953	-5.10212	-4.86969	-4.48929	-3.971	-3.31322	-2.55477	-1.71869	-0.830396	0.0966328	1.15488	2.17803	3.135	3.99672	4.737	5.33335	5.76765	6.0267	6.10263	6.11054	5.93279	5.57477	5.07239	4.41695	3.6273	2.73314	1.76473	
0.792972	0.780548	0.744408	0.685649	0.606057	0.584672	0.622144	0.640712	0.639812	0.626888	0.611136	0.576815	0.526189	0.466871	0.398879	0.332731	0.256473	0.174951	0.0966328	0.111945	0.123855	0.132003	0.136139	0.136139	0.132003	0.123855	0.111945	0.0966328	0.232516	0.361334	0.479173	0.582452	0.668034	0.733318	0.776321	0.795736	
0.790972	0.778579	0.742528	0.683917	0.606057	0.584672	0.627628	0.679539	0.710803	0.720469	0.708244	0.6745	0.620261	0.548663	0.479228	0.395231	0.299226	0.194129	0.0966328	0.111945	0.123855	0.132003	0.136139	0.136139	0.132003	0.123855	0.111945	0.0966328	0.218276	0.333288	0.438173	0.533425	0.626896	0.701318	0.754432	0.784622	
0.790972	0.778579	0.742528	0.683917	0.606057	0.590098	0.663713	0.718693	0.751837	0.762136	0.749278	0.713654	0.656345	0.580582	0.506011	0.416065	0.313477	0.201364	0.0966328	0.111945	0.123855	0.132003	0.136139	0.136139	0.132003	0.123855	0.111945	0.0966328	0.218276	0.333288	0.438173	0.529744	0.609755	0.687985	0.745311	0.779992	
0.782969	0.772354	0.73827	0.681755	0.606057	0.606057	0.681755	0.73827	0.772354	0.782969	0.769795	0.733231	0.674388	0.596541	0.519402	0.426481	0.320602	0.204982	0.0966328	0.111945	0.123855	0.132003	0.136139	0.136139	0.132003	0.123855	0.111945	0.0966328	0.204982	0.320602	0.426481	0.519402	0.596541	0.674388	0.733231	0.769795	
0.776256	0.767132	0.734698	0.679941	0.606057	0.615632	0.69258	0.750016	0.784664	0.795469	0.782105	0.744977	0.685213	0.606117	0.527437	0.432731	0.324877	0.207152	0.0966328	0.111945	0.123855	0.132003	0.136139	0.136139	0.132003	0.123855	0.111945	0.0966328	0.195789	0.308856	0.415656	0.509826	0.588506	0.664574	0.724187	0.761795	
0.755192	-0.289597	-1.32559	-2.3213	-3.23574	-3.96148	-4.48374	-4.86822	-5.10478	-5.18624	-5.11012	-4.87873	-4.4991	-3.97903	-3.32279	-2.56559	-1.73044	-0.842706	0.0966328	1.15488	2.17803	3.135	3.99672	4.737	5.33335	5.76765	6.0267	6.10263	6.11193	5.93553	5.57995	5.08042	4.42652	3.63813	2.74489	1.77704	
0.805472	0.792858	0.756154	0.696474	0.615632	0.592707	0.628394	0.644987	0.641983	0.619472	0.598636	0.562684	0.514461	0.453992	0.389304	0.321906	0.247954	0.174951	0.0966328	0.111945	0.123855	0.132003	0.136139	0.136139	0.132003	0.123855	0.111945	0.0966328	0.234686	0.365609	0.485423	0.590487	0.67761	0.744144	0.788067	0.808046	
0.803472	0.790889	0.754275	0.694742	0.615632	0.592707	0.628394	0.675968	0.705581	0.713756	0.700244	0.665456	0.610448	0.540628	0.469652	0.384406	0.28748	0.188843	0.0966328	0.111945	0.123855	0.132003	0.136139	0.136139	0.132003	0.123855	0.111945	0.0966328	0.220447	0.337563	0.444423	0.54146	0.636471	0.712144	0.766178	0.796932	
0.803472	0.790889	0.754275	0.694742	0.615632	0.592707	0.661899	0.715121	0.746615	0.755423	0.741278	0.70461	0.646532	0.572547	0.496435	0.405239	0.30173	0.193474	0.0966328	0.111945	0.123855	0.132003	0.136139	0.136139	0.132003	0.123855	0.111945	0.0966328	0.220447	0.337563	0.444423	0.537778	0.61933	0.69881	0.757057	0.792302	
0.795469	0.784664	0.750016	0.69258	0.615632	0.606057	0.679941	0.734698	0.767132	0.776256	0.761795	0.724187	0.664574	0.588506	0.509826	0.415656	0.308856	0.195789	0.0966328	0.111945	0.123855	0.132003	0.136139	0.136139	0.132003	0.123855	0.111945	0.0966328	0.207152	0.324877	0.432731	0.527437	0.606117	0.685213	0.744977	0.782105	
0.788756	0.779442	0.746445	0.690767	0.615632	0.615632	0.690767	0.746445	0.779442	0.788756	0.774105	0.735933	0.6754	0.598082	0.517861	0.421906	0.313131	0.197178	0.0966328	0.111945	0.123855	0.132003	0.136139	0.136139	0.132003	0.123855	0.111945	0.0966328	0.197178	0.313131	0.421906	0.517861	0.598082	0.6754	0.735933	0.774105	
