0.0300349	0.0341398	0.0374042	0.0397475	0.0411121	0.0414644	0.0411121	0.0397475	0.0374042	0.0341398	0.0300349	10.0457	19.8139	29.0949	37.6597	45.2973	51.8195	57.0657	60.9067	63.248	64.032	73.2605	80.685	86.1228	89.44	90.5549	89.44	86.1228	80.685	73.2605	64.032	63.248	60.9067	57.0657	51.8195	45.2973	37.6597	29.0949	19.8139	10.0457	
0.0300349	0.0341398	0.0374042	0.0397475	0.0411121	0.0414644	0.0407957	0.0391224	0.0364859	0.0329509	0.0286046	10.0439	19.812	29.0922	37.656	45.2926	51.814	57.0595	60.9001	63.2418	64.032	73.2605	80.685	86.1228	89.44	90.5549	89.44	86.1228	80.685	73.2605	64.032	63.2484	60.9073	57.0666	51.8206	45.2987	37.6614	29.0967	19.8155	10.0465	
0.0300349	0.0341398	0.0374042	0.0397475	0.0411121	0.0414644	0.0407957	0.0391224	0.0364859	0.0329509	0.0286046	10.0439	19.812	29.0922	37.656	45.2926	51.814	57.0595	60.9001	63.2411	64.032	73.2605	80.685	86.1228	89.44	90.5549	89.44	86.1228	80.685	73.2605	64.032	63.2484	60.9073	57.0666	51.8206	45.2987	37.6614	29.0967	19.8155	10.0465	
0.0300349	0.0341398	0.0374042	0.0397475	0.0411121	0.0414644	0.0407957	0.0391224	0.0364859	0.0329509	0.0286046	10.0439	19.812	29.0922	37.656	45.2926	51.814	57.0595	60.9001	63.2411	64.032	73.2605	80.685	86.1228	89.44	90.5549	89.44	86.1228	80.685	73.2605	64.032	63.2484	60.9073	57.0666	51.8206	45.2987	37.6614	29.0967	19.8155	10.0465	
0.0300349	0.0341398	0.0374042	0.0397475	0.0411121	0.0414644	0.0407957	0.0391224	0.0364859	0.0329509	0.0286046	10.0439	19.812	29.0922	37.656	45.2926	51.814	57.0595	60.9001	63.2411	64.032	73.2605	80.685	86.1228	89.44	90.5549	89.44	86.1228	80.685	73.2605	64.032	63.2484	60.9073	57.0666	51.8206	45.2987	37.6614	29.0967	19.8155	10.0465	
0.0300349	0.0341398	0.0374042	0.0397475	0.0411121	0.0414644	0.0407957	0.0391224	0.0364859	0.0329509	0.0286046	10.0439	19.812	29.0922	37.656	45.2926	51.814	57.0595	60.9001	63.2411	64.032	73.2605	80.685	86.1228	89.44	90.5549	89.44	86.1228	80.685	73.2605	64.032	63.2484	60.9073	57.0666	51.8206	45.2987	37.6614	29.0967	19.8155	10.0465	
0.0286046	0.0329509	0.0364859	0.0391224	0.0407957	0.0414644	0.0411121	0.0397475	0.0374042	0.0341398	0.0300349	10.0465	19.8155	29.0967	37.6614	45.2987	51.8206	57.0666	60.9073	63.2484	64.032	73.2605	80.685	86.1228	89.44	90.5549	89.44	86.1228	80.685	73.2605	64.032	63.2418	60.9001	57.0595	51.814	45.2926	37.656	29.0922	19.812	10.0439	
0.0286046	0.0318322	0.0342761	0.0358759	0.0365923	0.0364077	0.0365923	0.0358759	0.0342761	0.0318322	0.0286046	10.0451	19.8142	29.0954	37.6602	45.2977	51.8198	57.0659	60.9069	63.2481	64.032	73.2605	80.685	86.1228	89.44	90.5549	89.44	86.1228	80.685	73.2605	64.032	63.2481	60.9069	57.0659	51.8198	45.2977	37.6602	29.0954	19.8142	10.0451	
0.0286046	0.0318322	0.0342761	0.0358759	0.0365923	0.0364077	0.0365923	0.0358759	0.0342761	0.0318322	0.0286046	10.0451	19.8142	29.0954	37.6602	45.2977	51.8198	57.0659	60.9069	63.2481	64.032	73.2605	80.685	86.1228	89.44	90.5549	89.44	86.1228	80.685	73.2605	64.032	63.2481	60.9069	57.0659	51.8198	45.2977	37.6602	29.0954	19.8142	10.0451	
0.0286046	0.0318322	0.0342761	0.0358759	0.0365923	0.0364077	0.0365923	0.0358759	0.0342761	0.0318322	0.0286046	10.0451	19.8142	29.0954	37.6602	45.2977	51.8198	57.0659	60.9069	63.2481	64.032	73.2605	80.685	86.1228	89.44	90.5549	89.44	86.1228	80.685	73.2605	64.032	63.2481	60.9069	57.0659	51.8198	45.2977	37.6602	29.0954	19.8142	10.0451	
0.0286046	0.0318322	0.0342761	0.0358759	0.0365923	0.0364077	0.0365923	0.0358759	0.0342761	0.0318322	0.0286046	10.0451	19.8142	29.0954	37.6602	45.2977	51.8198	57.0659	60.9069	63.2481	64.032	73.2605	80.685	86.1228	89.44	90.5549	89.44	86.1228	80.685	73.2605	64.032	63.2481	60.9069	57.0659	51.8198	45.2977	37.6602	29.0954	19.8142	10.0451	
0.0286046	0.0318322	0.0342761	0.0358759	0.0365923	0.0364077	0.0365923	0.0358759	0.0342761	0.0318322	0.0286046	10.0451	19.8142	29.0954	37.6602	45.2977	51.8198	57.0659	60.9069	63.2481	64.032	73.2605	80.685	86.1228	89.44	90.5549	89.44	86.1228	80.685	73.2605	64.032	63.2481	60.9069	57.0659	51.8198	45.2977	37.6602	29.0954	19.8142	10.0451	
0.0286046	0.0329509	0.0364859	0.0391224	0.0407957	0.0414644	0.0411121	0.0397475	0.0374042	0.0341398	0.0300349	10.0465	19.8155	29.0967	37.6614	45.2987	51.8206	57.0666	60.9073	63.2484	64.032	73.2605	80.685	86.1228	89.44	90.5549	89.44	86.1228	80.685	73.2605	64.032	63.2411	60.9001	57.0595	51.814	45.2926	37.656	29.0922	19.812	10.0439	
0.0286046	0.0318322	0.0342761	0.0358759	0.0365923	0.0364077	0.0365923	0.0358759	0.0342761	0.0318322	0.0286046	10.0451	19.8142	29.0954	37.6602	45.2977	51.8198	57.0659	60.9069	63.2481	64.032	73.2605	80.685	86.1228	89.44	90.5549	89.44	86.1228	80.685	73.2605	64.032	63.2481	60.9069	57.0659	51.8198	45.2977	37.6602	29.0954	19.8142	10.0451	
0.0286046	0.0318322	0.0342761	0.0358759	0.0365923	0.0364077	0.0365923	0.0358759	0.0342761	0.0318322	0.0286046	10.0451	19.8142	29.0954	37.6602	45.2977	51.8198	57.0659	60.9069	63.2481	64.032	73.2605	80.685	86.1228	89.44	90.5549	89.44	86.1228	80.685	73.2605	64.032	63.2481	60.9069	57.0659	51.8198	45.2977	37.6602	29.0954	19.8142	10.0451	
0.0286046	0.0318322	0.0342761	0.0358759	0.0365923	0.0364077	0.0365923	0.0358759	0.0342761	0.0318322	0.0286046	10.0451	19.8142	29.0954	37.6602	45.2977	51.8198	57.0659	60.9069	63.2481	64.032	73.2605	80.685	86.1228	89.44	90.5549	89.44	86.1228	80.685	73.2605	64.032	63.2481	60.9069	57.0659	51.8198	45.2977	37.6602	29.0954	19.8142	10.0451	
0.0286046	0.0318322	0.0342761	0.0358759	0.0365923	0.0364077	0.0365923	0.0358759	0.0342761	0.0318322	0.0286046	10.0451	19.8142	29.0954	37.6602	45.2977	51.8198	57.0659	60.9069	63.2481	64.032	73.2605	80.685	86.1228	89.44	90.5549	89.44	86.1228	80.685	73.2605	64.032	63.2481	60.9069	57.0659	51.8198	45.2977	37.6602	29.0954	19.8142	10.0451	
0.0286046	0.0318322	0.0342761	0.0358759	0.0365923	0.0364077	0.0365923	0.0358759	0.0342761	0.0318322	0.0286046	10.0451	19.8142	29.0954	37.6602	45.2977	51.8198	57.0659	60.9069	63.2481	64.032	73.2605	80.685	86.1228	89.44	90.5549	89.44	86.1228	80.685	73.2605	64.032	63.2481	60.9069	57.0659	51.8198	45.2977	37.6602	29.0954	19.8142	10.0451	
0.0286046	0.0329509	0.0364859	0.0391224	0.0407957	0.0414644	0.0411121	0.0397475	0.0374042	0.0341398	0.0300349	10.0465	19.8155	29.0967	37.6614	45.2987	51.8206	57.0666	60.9073	63.2484	64.032	73.2605	80.685	86.1228	89.44	90.5549	89.44	86.1228	80.685	73.2605	64.032	63.2411	60.9001	57.0595	51.814	45.2926	37.656	29.0922	19.812	10.0439	
0.0286046	0.0318322	0.0342761	0.0358759	0.0365923	0.0364077	0.0365923	0.0358759	0.0342761	0.0318322	0.0286046	10.0451	19.8142	29.0954	37.6602	45.2977	51.8198	57.0659	60.9069	63.2481	64.032	73.2605	80.685	86.1228	89.44	90.5549	89.44	86.1228	80.685	73.2605	64.032	63.2481	60.9069	57.0659	51.8198	45.2977	37.6602	29.0954	19.8142	10.0451	
0.0286046	0.0318322	0.0342761	0.0358759	0.0365923	0.0364077	0.0365923	0.0358759	0.0342761	0.0318322	0.0286046	10.0451	19.8142	29.0954	37.6602	45.2977	51.8198	57.0659	60.9069	63.2481	64.032	73.2605	80.685	86.1228	89.44	90.5549	89.44	86.1228	80.685	73.2605	64.032	63.2481	60.9069	57.0659	51.8198	45.2977	37.6602	29.0954	19.8142	10.0451	
0.0286046	0.0318322	0.0342761	0.0358759	0.0365923	0.0364077	0.0365923	0.0358759	0.0342761	0.0318322	0.0286046	10.0451	19.8142	29.0954	37.6602	45.2977	51.8198	57.0659	60.9069	63.2481	64.032	73.2605	80.685	86.1228	89.44	90.5549	89.44	86.1228	80.685	73.2605	64.032	63.2481	60.9069	57.0659	51.8198	45.2977	37.6602	29.0954	19.8142	10.0451	
0.0286046	0.0318322	0.0342761	0.0358759	0.0365923	0.0364077	0.0365923	0.0358759	0.0342761	0.0318322	0.0286046	10.0451	19.8142	29.0954	37.6602	45.2977	51.8198	57.0659	60.9069	63.2481	64.032	73.2605	80.685	86.1228	89.44	90.5549	89.44	86.1228	80.685	73.2605	64.032	63.2481	60.9069	57.0659	51.8198	45.2977	37.6602	29.0954	19.8142	10.0451	
0.0286046	0.0318322	0.0342761	0.0358759	0.0365923	0.0364077	0.0365923	0.0358759	0.0342761	0.0318322	0.0286046	10.0451	19.8142	29.0954	37.6602	45.2977	51.8198	57.0659	60.9069	63.2481	64.032	73.2605	80.685	86.1228	89.44	90.5549	89.44	86.1228	80.685	73.2605	64.032	63.2481	60.9069	57.0659	51.8198	45.2977	37.6602	29.0954	19.8142	10.0451	
0.0286046	0.0329509	0.0364859	0.0391224	0.0407957	0.0414644	0.0411121	0.0397475	0.0374042	0.0341398	0.0300349	10.0465	19.8155	29.0967	37.6614	45.2987	51.8206	57.0666	60.9073	63.2484	64.032	73.2605	80.685	86.1228	89.44	90.5549	89.44	86.1228	80.685	73.2605	64.032	63.2411	60.9001	57.0595	51.814	45.2926	37.656	29.0922	19.812	10.0439	
0.0286046	0.0318322	0.0342761	0.0358759	0.0365923	0.0364077	0.0365923	0.0358759	0.0342761	0.0318322	0.0286046	10.0451	19.8142	29.0954	37.6602	45.2977	51.8198	57.0659	60.9069	63.2481	64.032	73.2605	80.685	86.1228	89.44	90.5549	89.44	86.1228	80.685	73.2605	64.032	63.2481	60.9069	57.0659	51.8198	45.2977	37.6602	29.0954	19.8142	10.0451	
0.0286046	0.0318322	0.0342761	0.0358759	0.0365923	0.0364077	0.0365923	0.0358759	0.0342761	0.0318322	0.0286046	10.0451	19.8142	29.0954	37.6602	45.2977	51.8198	57.0659	60.9069	63.2481	64.032	73.2605	80.685	86.1228	89.44	90.5549	89.44	86.1228	80.685	73.2605	64.032	63.2481	60.9069	57.0659	51.8198	45.2977	37.6602	29.0954	19.8142	10.0451	
0.0286046	0.0318322	0.0342761	0.0358759	0.0365923	0.0364077	0.0365923	0.0358759	0.0342761	0.0318322	0.0286046	10.0451	19.8142	29.0954	37.6602	45.2977	51.8198	57.0659	60.9069	63.2481	64.032	73.2605	80.685	86.1228	89.44	90.5549	89.44	86.1228	80.685	73.2605	64.032	63.2481	60.9069	57.0659	51.8198	45.2977	37.6602	29.0954	19.8142	10.0451	
0.0286046	0.0318322	0.0342761	0.0358759	0.0365923	0.0364077	0.0365923	0.0358759	0.0342761	0.0318322	0.0286046	10.0451	19.8142	29.0954	37.6602	45.2977	51.8198	57.0659	60.9069	63.2481	64.032	73.2605	80.685	86.1228	89.44	90.5549	89.44	86.1228	80.685	73.2605	64.032	63.2481	60.9069	57.0659	51.8198	45.2977	37.6602	29.0954	19.8142	10.0451	
0.0286046	0.0318322	0.0342761	0.0358759	0.0365923	0.0364077	0.0365923	0.0358759	0.0342761	0.0318322	0.0286046	10.0451	19.8142	29.0954	37.6602	45.2977	51.8198	57.0659	60.9069	63.2481	64.032	73.2605	80.685	86.1228	89.44	90.5549	89.44	86.1228	80.685	73.2605	64.032	63.2481	60.9069	57.0659	51.8198	45.2977	37.6602	29.0954	19.8142	10.0451	
0.0286046	0.0329509	0.0364859	0.0391224	0.0407957	0.0414644	0.0411121	0.0397475	0.0374042	0.0341398	0.0300349	10.0465	19.8155	29.0967	37.6614	45.2987	51.8206	57.0666	60.9073	63.2484	64.032	73.2605	80.685	86.1228	89.44	90.5549	89.44	86.1228	80.685	73.2605	64.032	63.2411	60.9001	57.0595	51.814	45.2926	37.656	29.0922	19.812	10.0439	
0.0286046	0.0318322	0.0342761	0.0358759	0.0365923	0.0364077	0.0365923	0.0358759	0.0342761	0.0318322	0.0286046	10.0451	19.8142	29.0954	37.6602	45.2977	51.8198	57.0659	60.9069	63.2481	64.032	73.2605	80.685	86.1228	89.44	90.5549	89.44	86.1228	80.685	73.2605	64.032	63.2481	60.9069	57.0659	51.8198	45.2977	37.6602	29.0954	19.8142	10.0451	
0.0286046	0.0318322	0.0342761	0.0358759	0.0365923	0.0364077	0.0365923	0.0358759	0.0342761	0.0318322	0.0286046	10.0451	19.8142	29.0954	37.6602	45.2977	51.8198	57.0659	60.9069	63.2481	64.032	73.2605	80.685	86.1228	89.44	90.5549	89.44	86.1228	80.685	73.2605	64.032	63.2481	60.9069	57.0659	51.8198	45.2977	37.6602	29.0954	19.8142	10.0451	
0.0286046	0.0318322	0.0342761	0.0358759	0.0365923	0.0364077	0.0365923	0.0358759	0.0342761	0.0318322	0.0286046	10.0451	19.8142	29.0954	37.6602	45.2977	51.8198	57.0659	60.9069	63.2481	64.032	73.2605	80.685	86.1228	89.44	90.5549	89.44	86.1228	80.685	73.2605	64.032	63.2481	60.9069	57.0659	51.8198	45.2977	37.6602	29.0954	19.8142	10.0451	
0.0286046	0.0318322	0.0342761	0.0358759	0.0365923	0.0364077	0.0365923	0.0358759	0.0342761	0.0318322	0.0286046	10.0451	19.8142	29.0954	37.6602	45.2977	51.8198	57.0659	60.9069	63.2481	64.032	73.2605	80.685	86.1228	89.44	90.5549	89.44	86.1228	80.685	73.2605	64.032	63.2481	60.9069	57.0659	51.8198	45.2977	37.6602	29.0954	19.8142	10.0451	
0.0286046	0.0318322	0.0342761	0.0358759	0.0365923	0.0364077	0.0365923	0.0358759	0.0342761	0.0318322	0.0286046	10.0451	19.8142	29.0954	37.6602	45.2977	51.8198	57.0659	60.9069	63.2481	64.032	73.2605	80.685	86.1228	89.44	90.5549	89.44	86.1228	80.685	73.2605	64.032	63.2481	60.9069	57.0659	51.8198	45.2977	37.6602	29.0954	19.8142	10.0451	
