-5.29862	-6.23571	-6.98334	-7.51877	-7.82422	-7.82422	-7.51877	-6.98334	-6.23571	-5.29862	-4.20054	-2.96596	-1.6365	-0.257322	1.12968	2.49716	3.79612	4.97974	6.01206	6.9647	7.70573	8.21262	8.46998	8.46998	8.21262	7.70573	6.9647	6.01206	4.97974	3.79612	2.49716	1.12968	-0.257322	-1.6365	-2.96596	-4.20054	
-5.17973	-5.1019	-4.86905	-4.48825	-3.96364	-3.23789	-2.3581	-1.40074	-0.400824	0.611272	1.60499	2.55362	3.4335	4.21653	4.89227	5.42966	5.80207	5.99819	6.01206	5.92177	5.65156	5.20962	4.6094	3.86911	3.01127	2.06194	1.04995	0.00605645	-0.893486	-1.76588	-2.58462	-3.32483	-3.96401	-4.48275	-4.86528	-5.09998	
-5.22478	-5.13535	-4.88987	-4.49582	-3.96364	-3.23789	-2.3581	-1.40074	-0.400824	0.611272	1.60983	2.57823	3.47305	4.26752	4.9437	5.46966	5.82943	6.01208	6.01206	5.92177	5.65156	5.20962	4.6094	3.86911	3.01127	2.06194	1.04995	0.00605645	-0.907725	-1.79393	-2.62562	-3.37753	-4.02682	-4.55376	-4.92951	-5.15547	
-5.24716	-5.15275	-4.90178	-4.50187	-3.96364	-3.23789	-2.3581	-1.39999	-0.384315	0.643043	1.65086	2.61738	3.50913	4.29426	4.96084	5.483	5.83856	6.01671	6.01206	5.92177	5.65156	5.20962	4.6094	3.86911	3.01127	2.06194	1.04995	0.00605645	-0.907725	-1.79393	-2.62562	-3.37753	-4.02682	-4.55376	-4.94234	-5.18074	
-5.25835	-5.16145	-4.90773	-4.50489	-3.96364	-3.23789	-2.35509	-1.38042	-0.363798	0.663876	1.67138	2.63696	3.52718	4.31022	4.96941	5.48966	5.84312	6.01903	6.01206	5.92177	5.65156	5.20962	4.6094	3.86911	3.01127	2.06194	1.04995	0.00605645	-0.922262	-1.80906	-2.64089	-3.39247	-4.04098	-4.56671	-4.95368	-5.19013	
-5.26506	-5.16667	-4.9113	-4.5067	-3.96364	-3.23789	-2.34427	-1.36867	-0.351488	0.676376	1.68369	2.64871	3.538	4.31979	4.97455	5.49366	5.84585	6.02042	6.01206	5.92177	5.65156	5.20962	4.6094	3.86911	3.01127	2.06194	1.04995	0.00605645	-0.935509	-1.82327	-2.65532	-3.40669	-4.05455	-4.57921	-4.96473	-5.19941	
0.611272	-0.400824	-1.40074	-2.3581	-3.23789	-3.96364	-4.48825	-4.86905	-5.1019	-5.17973	-5.09998	-4.86528	-4.48275	-3.96401	-3.32483	-2.58462	-1.76588	-0.893486	0.00605645	1.04995	2.06194	3.01127	3.86911	4.6094	5.20962	5.65156	5.92177	6.01206	5.99819	5.80207	5.42966	4.89227	4.21653	3.4335	2.55362	1.60499	
0.650605	0.640895	0.617403	0.575151	0.515423	0.515423	0.575151	0.617403	0.640895	0.650605	0.641773	0.61344	0.566469	0.502285	0.42284	0.330548	0.228211	0.118941	0.00605645	0.00701614	0.00776263	0.00827327	0.00853253	0.00853253	0.00827327	0.00776263	0.00701614	0.00605645	0.118941	0.228211	0.330548	0.42284	0.502285	0.566469	0.61344	0.641773	
0.611272	0.621269	0.612389	0.584902	0.545556	0.559854	0.62538	0.675141	0.70847	0.720272	0.710381	0.678905	0.626802	0.555653	0.467621	0.365381	0.252039	0.131038	0.00605645	0.00701614	0.00776263	0.00827327	0.00853253	0.00853253	0.00827327	0.00776263	0.00701614	0.00605645	0.0954404	0.185359	0.276025	0.358304	0.431091	0.492102	0.54243	0.582894	
0.611272	0.627636	0.62493	0.603236	0.569125	0.587942	0.657383	0.714295	0.749503	0.761938	0.751415	0.718059	0.662886	0.587572	0.494404	0.386214	0.266289	0.138274	0.00605645	0.00701614	0.00776263	0.00827327	0.00853253	0.00853253	0.00827327	0.00776263	0.00701614	0.00605645	0.0950932	0.18124	0.261881	0.334564	0.40951	0.472163	0.52795	0.576527	
0.611272	0.631254	0.632055	0.613652	0.582516	0.603901	0.675426	0.733872	0.77002	0.782772	0.771931	0.737636	0.680928	0.603531	0.507796	0.396631	0.273415	0.141891	0.00605645	0.00701614	0.00776263	0.00827327	0.00853253	0.00853253	0.00827327	0.00776263	0.00701614	0.00605645	0.0829378	0.166107	0.246612	0.319623	0.396118	0.461746	0.520825	0.572909	
0.611272	0.633424	0.636331	0.619902	0.590551	0.613477	0.686251	0.745618	0.78233	0.795272	0.784241	0.749382	0.691754	0.613107	0.51583	0.402881	0.27769	0.144062	0.00605645	0.00701614	0.00776263	0.00827327	0.00853253	0.00853253	0.00827327	0.00776263	0.00701614	0.00605645	0.0829378	0.157299	0.232178	0.308879	0.388084	0.455496	0.516549	0.570738	
0.611272	-0.400824	-1.40074	-2.3581	-3.23789	-3.96364	-4.49582	-4.88987	-5.13535	-5.22478	-5.15547	-4.92951	-4.55376	-4.02682	-3.37753	-2.62562	-1.79393	-0.907725	0.00605645	1.04995	2.06194	3.01127	3.86911	4.6094	5.20962	5.65156	5.92177	6.01206	6.01208	5.82943	5.46966	4.9437	4.26752	3.47305	2.57823	1.60983	
0.720272	0.70847	0.675141	0.62538	0.559854	0.545556	0.584902	0.612389	0.621269	0.611272	0.582894	0.54243	0.492102	0.431091	0.358304	0.276025	0.185359	0.0954404	0.00605645	0.00701614	0.00776263	0.00827327	0.00853253	0.00853253	0.00827327	0.00776263	0.00701614	0.00605645	0.131038	0.252039	0.365381	0.467621	0.555653	0.626802	0.678905	0.710381	
0.675217	0.675021	0.654314	0.613727	0.559854	0.559854	0.613727	0.654314	0.675021	0.675217	0.654897	0.614678	0.561384	0.492838	0.414913	0.324381	0.223993	0.116799	0.00605645	0.00701614	0.00776263	0.00827327	0.00853253	0.00853253	0.00827327	0.00776263	0.00701614	0.00605645	0.116799	0.223993	0.324381	0.414913	0.492838	0.561384	0.614678	0.654897	
0.652841	0.657615	0.642408	0.607682	0.569125	0.587942	0.649811	0.693468	0.716054	0.716884	0.695931	0.653832	0.591872	0.524756	0.441696	0.345214	0.238244	0.124035	0.00605645	0.00701614	0.00776263	0.00827327	0.00853253	0.00853253	0.00827327	0.00776263	0.00701614	0.00605645	0.116799	0.223993	0.324381	0.414913	0.492838	0.555788	0.601851	0.629627	
0.641653	0.648912	0.636455	0.613652	0.582516	0.603901	0.667853	0.713045	0.736571	0.737717	0.716448	0.673409	0.609914	0.540715	0.455087	0.355631	0.245369	0.127652	0.00605645	0.00701614	0.00776263	0.00827327	0.00853253	0.00853253	0.00827327	0.00776263	0.00701614	0.00605645	0.102262	0.20886	0.309112	0.399972	0.478679	0.542841	0.59051	0.620236	
0.63494	0.643691	0.636331	0.619902	0.590551	0.613477	0.678679	0.724791	0.748881	0.750217	0.728758	0.685155	0.62074	0.550291	0.463122	0.361881	0.249645	0.129823	0.00605645	0.00701614	0.00776263	0.00827327	0.00853253	0.00853253	0.00827327	0.00776263	0.00701614	0.00605645	0.0968296	0.194646	0.294678	0.385757	0.465116	0.530341	0.579453	0.610958	
0.643043	-0.384315	-1.39999	-2.3581	-3.23789	-3.96364	-4.50187	-4.90178	-5.15275	-5.24716	-5.18074	-4.94234	-4.55376	-4.02682	-3.37753	-2.62562	-1.79393	-0.907725	0.00605645	1.04995	2.06194	3.01127	3.86911	4.6094	5.20962	5.65156	5.92177	6.01206	6.01671	5.83856	5.483	4.96084	4.29426	3.50913	2.61738	1.65086	
0.761938	0.749503	0.714295	0.657383	0.587942	0.569125	0.603236	0.62493	0.627636	0.611272	0.576527	0.52795	0.472163	0.40951	0.334564	0.261881	0.18124	0.0950932	0.00605645	0.00701614	0.00776263	0.00827327	0.00853253	0.00853253	0.00827327	0.00776263	0.00701614	0.00605645	0.138274	0.266289	0.386214	0.494404	0.587572	0.662886	0.718059	0.751415	
0.716884	0.716054	0.693468	0.649811	0.587942	0.569125	0.607682	0.642408	0.657615	0.652841	0.629627	0.601851	0.555788	0.492838	0.414913	0.324381	0.223993	0.116799	0.00605645	0.00701614	0.00776263	0.00827327	0.00853253	0.00853253	0.00827327	0.00776263	0.00701614	0.00605645	0.124035	0.238244	0.345214	0.441696	0.524756	0.591872	0.653832	0.695931	
0.694508	0.698649	0.681562	0.643766	0.587942	0.587942	0.643766	0.681562	0.698649	0.694508	0.67066	0.641005	0.591872	0.524756	0.441696	0.345214	0.238244	0.124035	0.00605645	0.00701614	0.00776263	0.00827327	0.00853253	0.00853253	0.00827327	0.00776263	0.00701614	0.00605645	0.124035	0.238244	0.345214	0.441696	0.524756	0.591872	0.641005	0.67066	
0.68332	0.689946	0.675609	0.640744	0.587942	0.603901	0.661809	0.701139	0.719166	0.715341	0.691177	0.660581	0.609914	0.540715	0.455087	0.355631	0.245369	0.127652	0.00605645	0.00701614	0.00776263	0.00827327	0.00853253	0.00853253	0.00827327	0.00776263	0.00701614	0.00605645	0.109497	0.223111	0.329945	0.426755	0.510597	0.578926	0.629664	0.66127	
0.676607	0.684725	0.672037	0.63893	0.590551	0.613477	0.672634	0.712885	0.731476	0.727841	0.703487	0.672328	0.62074	0.550291	0.463122	0.361881	0.249645	0.129823	0.00605645	0.00701614	0.00776263	0.00827327	0.00853253	0.00853253	0.00827327	0.00776263	0.00701614	0.00605645	0.10146	0.208896	0.315512	0.41254	0.497034	0.566426	0.618607	0.651992	
0.663876	-0.363798	-1.38042	-2.35509	-3.23789	-3.96364	-4.50489	-4.90773	-5.16145	-5.25835	-5.19013	-4.95368	-4.56671	-4.04098	-3.39247	-2.64089	-1.80906	-0.922262	0.00605645	1.04995	2.06194	3.01127	3.86911	4.6094	5.20962	5.65156	5.92177	6.01206	6.01903	5.84312	5.48966	4.96941	4.31022	3.52718	2.63696	1.67138	
0.782772	0.77002	0.733872	0.675426	0.603901	0.582516	0.613652	0.632055	0.631254	0.611272	0.572909	0.520825	0.461746	0.396118	0.319623	0.246612	0.166107	0.0829378	0.00605645	0.00701614	0.00776263	0.00827327	0.00853253	0.00853253	0.00827327	0.00776263	0.00701614	0.00605645	0.141891	0.273415	0.396631	0.507796	0.603531	0.680928	0.737636	0.771931	
0.737717	0.736571	0.713045	0.667853	0.603901	0.582516	0.613652	0.636455	0.648912	0.641653	0.620236	0.59051	0.542841	0.478679	0.399972	0.309112	0.20886	0.102262	0.00605645	0.00701614	0.00776263	0.00827327	0.00853253	0.00853253	0.00827327	0.00776263	0.00701614	0.00605645	0.127652	0.245369	0.355631	0.455087	0.540715	0.609914	0.673409	0.716448	
0.715341	0.719166	0.701139	0.661809	0.603901	0.587942	0.640744	0.675609	0.689946	0.68332	0.66127	0.629664	0.578926	0.510597	0.426755	0.329945	0.223111	0.109497	0.00605645	0.00701614	0.00776263	0.00827327	0.00853253	0.00853253	0.00827327	0.00776263	0.00701614	0.00605645	0.127652	0.245369	0.355631	0.455087	0.540715	0.609914	0.660581	0.691177	
0.704153	0.710463	0.695186	0.658786	0.603901	0.603901	0.658786	0.695186	0.710463	0.704153	0.681787	0.649241	0.596968	0.526557	0.440146	0.340362	0.230236	0.113115	0.00605645	0.00701614	0.00776263	0.00827327	0.00853253	0.00853253	0.00827327	0.00776263	0.00701614	0.00605645	0.113115	0.230236	0.340362	0.440146	0.526557	0.596968	0.649241	0.681787	
0.69744	0.705241	0.691614	0.656973	0.603901	0.613477	0.669611	0.706932	0.722773	0.716653	0.694097	0.660987	0.607793	0.536132	0.448181	0.346612	0.234512	0.115285	0.00605645	0.00701614	0.00776263	0.00827327	0.00853253	0.00853253	0.00827327	0.00776263	0.00701614	0.00605645	0.103776	0.216022	0.325928	0.425932	0.512993	0.584468	0.638184	0.672509	
0.676376	-0.351488	-1.36867	-2.34427	-3.23789	-3.96364	-4.5067	-4.9113	-5.16667	-5.26506	-5.19941	-4.96473	-4.57921	-4.05455	-3.40669	-2.65532	-1.82327	-0.935509	0.00605645	1.04995	2.06194	3.01127	3.86911	4.6094	5.20962	5.65156	5.92177	6.01206	6.02042	5.84585	5.49366	4.97455	4.31979	3.538	2.64871	1.68369	
0.795272	0.78233	0.745618	0.686251	0.613477	0.590551	0.619902	0.636331	0.633424	0.611272	0.570738	0.516549	0.455496	0.388084	0.308879	0.232178	0.157299	0.0829378	0.00605645	0.00701614	0.00776263	0.00827327	0.00853253	0.00853253	0.00827327	0.00776263	0.00701614	0.00605645	0.144062	0.27769	0.402881	0.51583	0.613107	0.691754	0.749382	0.784241	
0.750217	0.748881	0.724791	0.678679	0.613477	0.590551	0.619902	0.636331	0.643691	0.63494	0.610958	0.579453	0.530341	0.465116	0.385757	0.294678	0.194646	0.0968296	0.00605645	0.00701614	0.00776263	0.00827327	0.00853253	0.00853253	0.00827327	0.00776263	0.00701614	0.00605645	0.129823	0.249645	0.361881	0.463122	0.550291	0.62074	0.685155	0.728758	
0.727841	0.731476	0.712885	0.672634	0.613477	0.590551	0.63893	0.672037	0.684725	0.676607	0.651992	0.618607	0.566426	0.497034	0.41254	0.315512	0.208896	0.10146	0.00605645	0.00701614	0.00776263	0.00827327	0.00853253	0.00853253	0.00827327	0.00776263	0.00701614	0.00605645	0.129823	0.249645	0.361881	0.463122	0.550291	0.62074	0.672328	0.703487	
0.716653	0.722773	0.706932	0.669611	0.613477	0.603901	0.656973	0.691614	0.705241	0.69744	0.672509	0.638184	0.584468	0.512993	0.425932	0.325928	0.216022	0.103776	0.00605645	0.00701614	0.00776263	0.00827327	0.00853253	0.00853253	0.00827327	0.00776263	0.00701614	0.00605645	0.115285	0.234512	0.346612	0.448181	0.536132	0.607793	0.660987	0.694097	
0.70994	0.717551	0.70336	0.667798	0.613477	0.613477	0.667798	0.70336	0.717551	0.70994	0.684819	0.64993	0.595293	0.522569	0.433967	0.332178	0.220297	0.105165	0.00605645	0.00701614	0.00776263	0.00827327	0.00853253	0.00853253	0.00827327	0.00776263	0.00701614	0.00605645	0.105165	0.220297	0.332178	0.433967	0.522569	0.595293	0.64993	0.684819	
