3.01301e-07	3.49044e-07	3.86181e-07	4.11585e-07	4.24482e-07	4.24482e-07	4.11585e-07	3.86181e-07	3.49044e-07	3.01301e-07	2.70346e-06	5.02347e-06	7.19085e-06	9.13974e-06	1.08109e-05	1.21536e-05	1.3127e-05	1.37016e-05	1.38598e-05	1.6056e-05	1.77643e-05	1.89329e-05	1.95262e-05	1.95262e-05	1.89329e-05	1.77643e-05	1.6056e-05	1.38598e-05	1.37016e-05	1.3127e-05	1.21536e-05	1.08109e-05	9.13974e-06	7.19085e-06	5.02347e-06	2.70346e-06	
3.01301e-07	0.0173652	0.0342024	0.0500004	0.0642792	0.0766048	0.0866029	0.0939696	0.0984811	0.1	0.0984834	0.0939743	0.0866097	0.0766136	0.0642896	0.0500121	0.0342151	0.0173785	1.38598e-05	-0.00692987	-0.013663	-0.0199811	-0.025692	-0.0306223	-0.0346221	-0.0375699	-0.0393763	-0.0399861	-0.0393786	-0.0375746	-0.0346289	-0.030631	-0.0257024	-0.0199928	-0.0136758	-0.00694325	
3.01301e-07	0.0243111	0.0478832	0.0700004	0.0899907	0.107247	0.121244	0.131557	0.137873	0.14	0.137876	0.131562	0.121251	0.107255	0.0900011	0.0700121	0.0478959	0.0243244	1.38598e-05	-0.0138758	-0.0273438	-0.0399811	-0.0514035	-0.061264	-0.0692631	-0.0751576	-0.0787686	-0.0799861	-0.0787709	-0.0751623	-0.0692699	-0.0612728	-0.0514139	-0.0399928	-0.0273566	-0.0138892	
3.01301e-07	0.0306782	0.0604239	0.0883337	0.11356	0.135335	0.152998	0.166013	0.173983	0.176667	0.173985	0.166017	0.153005	0.135344	0.11357	0.0883455	0.0604367	0.0306915	1.38598e-05	-0.0202429	-0.0398846	-0.0583144	-0.0749724	-0.0893523	-0.101017	-0.109613	-0.114878	-0.116653	-0.114881	-0.109618	-0.101024	-0.0893611	-0.0749828	-0.0583262	-0.0398974	-0.0202563	
3.01301e-07	0.0342959	0.0675494	0.0987504	0.126951	0.151294	0.17104	0.18559	0.1945	0.1975	0.194502	0.185594	0.171047	0.151303	0.126961	0.0987621	0.0675621	0.0343092	1.38598e-05	-0.0238606	-0.04701	-0.0687311	-0.0883638	-0.105312	-0.11906	-0.12919	-0.135395	-0.137486	-0.135397	-0.129195	-0.119066	-0.10532	-0.0883742	-0.0687428	-0.0470228	-0.023874	
3.01301e-07	0.0364665	0.0718246	0.105	0.134986	0.16087	0.181866	0.197336	0.20681	0.21	0.206812	0.19734	0.181872	0.160878	0.134996	0.105012	0.0718373	0.0364798	1.38598e-05	-0.0260312	-0.0512853	-0.0749811	-0.0963986	-0.114887	-0.129885	-0.140936	-0.147705	-0.149986	-0.147707	-0.140941	-0.129892	-0.114896	-0.096409	-0.0749928	-0.051298	-0.0260446	
0.1	0.0984811	0.0939696	0.0866029	0.0766048	0.0642792	0.0500004	0.0342024	0.0173652	3.01301e-07	-0.00694325	-0.0136758	-0.0199928	-0.0257024	-0.030631	-0.0346289	-0.0375746	-0.0393786	-0.0399861	-0.0393763	-0.0375699	-0.0346221	-0.0306223	-0.025692	-0.0199811	-0.013663	-0.00692987	1.38598e-05	0.0173785	0.0342151	0.0500121	0.0642896	0.0766136	0.0866097	0.0939743	0.0984834	
0.0711598	0.0706552	0.0700627	0.0719619	0.0716746	0.0716746	0.0719619	0.0700627	0.0706552	0.0711598	0.0695023	0.065733	0.0599665	0.0523779	0.0431978	0.0327052	0.0216744	0.0110114	1.38598e-05	1.6056e-05	1.77643e-05	1.89329e-05	1.95262e-05	1.95262e-05	1.89329e-05	1.77643e-05	1.6056e-05	1.38598e-05	0.0110114	0.0216744	0.0327052	0.0431978	0.0523779	0.0599665	0.065733	0.0695023	
0.0600003	0.0729806	0.0837435	0.0919619	0.0973861	0.0998512	0.0995933	0.108065	0.113253	0.115	0.113256	0.10807	0.0996001	0.0881042	0.0739314	0.0575121	0.0393454	0.0199832	1.38598e-05	-0.00461456	-0.00910277	-0.0133144	-0.0171215	-0.0204083	-0.0230751	-0.0250407	-0.0262455	-0.0266528	-0.0198807	-0.0125046	-0.00474854	0.00315182	0.0109564	0.0184281	0.0290249	0.0451993	
0.0600003	0.0793477	0.0962843	0.110295	0.120955	0.12794	0.135678	0.147219	0.154287	0.156667	0.154289	0.147224	0.135684	0.120023	0.100714	0.0783455	0.0535963	0.0272186	1.38598e-05	-0.0115605	-0.0227836	-0.0333144	-0.042833	-0.0510501	-0.0577161	-0.0626284	-0.0656378	-0.0666528	-0.0586942	-0.0489523	-0.0377229	-0.0253473	-0.0122016	0.00131485	0.0164842	0.0388322	
0.0600003	0.0829654	0.10341	0.120712	0.134346	0.143899	0.15372	0.166796	0.174804	0.1775	0.174806	0.1668	0.153727	0.135982	0.114106	0.0887621	0.0607217	0.0308362	1.38598e-05	-0.0151782	-0.029909	-0.0437311	-0.0562244	-0.0670094	-0.0757583	-0.0822053	-0.0861546	-0.0874861	-0.0792111	-0.0685292	-0.0557651	-0.0413066	-0.025593	-0.00910182	0.00935878	0.0352145	
0.0600003	0.085136	0.107685	0.126962	0.142381	0.153474	0.164545	0.178542	0.187114	0.19	0.187116	0.178547	0.164552	0.145558	0.12214	0.0950121	0.0649969	0.0330069	1.38598e-05	-0.0173488	-0.0341842	-0.0499811	-0.0642592	-0.0765849	-0.0865836	-0.0939515	-0.0984647	-0.0999861	-0.0915212	-0.0802753	-0.0665904	-0.0508821	-0.0336279	-0.0153518	0.00508353	0.0330439	
0.14	0.137873	0.131557	0.121244	0.107247	0.0899907	0.0700004	0.0478832	0.0243111	3.01301e-07	-0.0138892	-0.0273566	-0.0399928	-0.0514139	-0.0612728	-0.0692699	-0.0751623	-0.0787709	-0.0799861	-0.0787686	-0.0751576	-0.0692631	-0.061264	-0.0514035	-0.0399811	-0.0273438	-0.0138758	1.38598e-05	0.0243244	0.0478959	0.0700121	0.0900011	0.107255	0.121251	0.131562	0.137876	
0.115	0.113253	0.108065	0.0995933	0.0998512	0.0973861	0.0919619	0.0837435	0.0729806	0.0600003	0.0451993	0.0290249	0.0184281	0.0109564	0.00315182	-0.00474854	-0.0125046	-0.0198807	-0.0266528	-0.0262455	-0.0250407	-0.0230751	-0.0204083	-0.0171215	-0.0133144	-0.00910277	-0.00461456	1.38598e-05	0.0199832	0.0393454	0.0575121	0.0739314	0.0881042	0.0996001	0.10807	0.113256	
0.0837334	0.0841953	0.0820991	0.0778805	0.0712955	0.0712955	0.0778805	0.0820991	0.0841953	0.0837334	0.0807272	0.0752682	0.0675222	0.0577245	0.0461729	0.0332184	0.0192546	0.00489781	1.38598e-05	-0.00461456	-0.00910277	-0.0133144	-0.0171215	-0.0171215	-0.0133144	-0.00910277	-0.00461456	1.38598e-05	0.00489781	0.0192546	0.0332184	0.0461729	0.0577245	0.0675222	0.0752682	0.0807272	
0.0450003	0.0558932	0.0650879	0.0767722	0.0912992	0.103214	0.113965	0.121253	0.125229	0.1254	0.121761	0.114422	0.103607	0.089643	0.0729558	0.0540518	0.0335054	0.0119411	-0.00998614	-0.0214086	-0.0250407	-0.0230751	-0.0204083	-0.0171215	-0.0133144	-0.00910277	-0.00461456	1.38598e-05	0.00500315	0.00984041	0.0143787	0.0184801	0.0220199	0.0248908	0.0270053	0.0327425	
0.0450003	0.0595109	0.0722133	0.0871889	0.104691	0.119173	0.132007	0.14083	0.145746	0.146233	0.142278	0.133999	0.121649	0.105602	0.0863472	0.0644684	0.0406309	0.0155587	-0.00998614	-0.0250262	-0.0393059	-0.0523913	-0.0638848	-0.0734372	-0.0807583	-0.0856255	-0.0878911	-0.0874861	-0.0783428	-0.0668191	-0.0532651	-0.0380927	-0.0217628	-0.00477169	0.0123644	0.0291248	
0.0450003	0.0619669	0.0820507	0.0996414	0.114205	0.128749	0.142832	0.152576	0.158056	0.158733	0.154588	0.145745	0.132474	0.115178	0.094382	0.0707184	0.0449061	0.0177293	-0.00998614	-0.0271968	-0.0435812	-0.0586413	-0.0719197	-0.0830128	-0.0915836	-0.0973717	-0.100201	-0.0999861	-0.0906529	-0.0785652	-0.0640904	-0.0476682	-0.0297976	-0.0110217	0.00808915	0.0269542	
0.176667	0.173983	0.166013	0.152998	0.135335	0.11356	0.0883337	0.0604239	0.0306782	3.01301e-07	-0.0202563	-0.0398974	-0.0583262	-0.0749828	-0.0893611	-0.101024	-0.109618	-0.114881	-0.116653	-0.114878	-0.109613	-0.101017	-0.0893523	-0.0749724	-0.0583144	-0.0398846	-0.0202429	1.38598e-05	0.0306915	0.0604367	0.0883455	0.11357	0.135344	0.153005	0.166017	0.173985	
0.156667	0.154287	0.147219	0.135678	0.12794	0.120955	0.110295	0.0962843	0.0793477	0.0600003	0.0388322	0.0164842	0.00131485	-0.0122016	-0.0253473	-0.0377229	-0.0489523	-0.0586942	-0.0666528	-0.0656378	-0.0626284	-0.0577161	-0.0510501	-0.042833	-0.0333144	-0.0227836	-0.0115605	1.38598e-05	0.0272186	0.0535963	0.0783455	0.100714	0.120023	0.135684	0.147224	0.154289	
0.1254	0.125229	0.121253	0.113965	0.103214	0.0912992	0.0767722	0.0650879	0.0558932	0.0450003	0.0327425	0.0270053	0.0248908	0.0220199	0.0184801	0.0143787	0.00984041	0.00500315	1.38598e-05	-0.00461456	-0.00910277	-0.0133144	-0.0171215	-0.0204083	-0.0230751	-0.0250407	-0.0214086	-0.00998614	0.0119411	0.0335054	0.0540518	0.0729558	0.089643	0.103607	0.114422	0.121761	
0.066667	0.0749154	0.0808876	0.0844021	0.085352	0.085352	0.0844021	0.0808876	0.0749154	0.066667	0.0572057	0.0460062	0.0334089	0.0197964	0.0135134	0.0105153	0.00719772	0.00366142	1.38598e-05	1.6056e-05	1.77643e-05	1.89329e-05	1.95262e-05	1.95262e-05	1.89329e-05	1.77643e-05	1.6056e-05	1.38598e-05	0.00366142	0.00719772	0.0105153	0.0135134	0.0197964	0.0334089	0.0460062	0.0572057	
0.0533336	0.0677176	0.0800441	0.0899384	0.0971	0.101311	0.102444	0.100465	0.0954323	0.0875003	0.0777225	0.0655831	0.0514511	0.0357557	0.0220839	0.017182	0.011758	0.00597672	1.38598e-05	-0.00302279	-0.00596759	-0.00873107	-0.0112293	-0.0133863	-0.0151365	-0.0164269	-0.0172181	-0.0174861	-0.0138761	-0.00984454	-0.00551381	-0.00101554	0.00351358	0.00793595	0.0201952	0.0373315	
0.0533336	0.0698882	0.0843193	0.0961884	0.105135	0.110887	0.11327	0.112211	0.107742	0.1	0.0900326	0.0773293	0.0622764	0.0453313	0.0272262	0.021182	0.0144942	0.00736591	1.38598e-05	-0.00519339	-0.0102428	-0.0149811	-0.0192641	-0.0229618	-0.0259618	-0.028173	-0.0295282	-0.0299861	-0.0268419	-0.0228821	-0.0182271	-0.0130182	-0.00741381	-0.00158412	0.0159199	0.0351609	
0.1975	0.1945	0.18559	0.17104	0.151294	0.126951	0.0987504	0.0675494	0.0342959	3.01301e-07	-0.023874	-0.0470228	-0.0687428	-0.0883742	-0.10532	-0.119066	-0.129195	-0.135397	-0.137486	-0.135395	-0.12919	-0.11906	-0.105312	-0.0883638	-0.0687311	-0.04701	-0.0238606	1.38598e-05	0.0343092	0.0675621	0.0987621	0.126961	0.151303	0.171047	0.185594	0.194502	
0.1775	0.174804	0.166796	0.15372	0.143899	0.134346	0.120712	0.10341	0.0829654	0.0600003	0.0352145	0.00935878	-0.00910182	-0.025593	-0.0413066	-0.0557651	-0.0685292	-0.0792111	-0.0874861	-0.0861546	-0.0822053	-0.0757583	-0.0670094	-0.0562244	-0.0437311	-0.029909	-0.0151782	1.38598e-05	0.0308362	0.0607217	0.0887621	0.114106	0.135982	0.153727	0.1668	0.174806	
0.146233	0.145746	0.14083	0.132007	0.119173	0.104691	0.0871889	0.0722133	0.0595109	0.0450003	0.0291248	0.0123644	-0.00477169	-0.0217628	-0.0380927	-0.0532651	-0.0668191	-0.0783428	-0.0874861	-0.0878911	-0.0856255	-0.0807583	-0.0734372	-0.0638848	-0.0523913	-0.0393059	-0.0250262	-0.00998614	0.0155587	0.0406309	0.0644684	0.0863472	0.105602	0.121649	0.133999	0.142278	
0.0875003	0.0954323	0.100465	0.102444	0.101311	0.0971	0.0899384	0.0800441	0.0677176	0.0533336	0.0373315	0.0201952	0.00793595	0.00351358	-0.00101554	-0.00551381	-0.00984454	-0.0138761	-0.0174861	-0.0172181	-0.0164269	-0.0151365	-0.0133863	-0.0112293	-0.00873107	-0.00596759	-0.00302279	1.38598e-05	0.00597672	0.011758	0.017182	0.0220839	0.0357557	0.0514511	0.0655831	0.0777225	
0.0325926	0.0351339	0.0366076	0.0369691	0.0362073	0.0362073	0.0369691	0.0366076	0.0351339	0.0325926	0.029061	0.0246464	0.019483	0.0137275	0.00755496	0.00115286	-0.00527783	-0.00876515	-0.0119861	-0.0148405	-0.0172439	-0.0191234	-0.0204218	-0.0204218	-0.0191234	-0.0172439	-0.0148405	-0.0119861	-0.00876515	-0.00527783	0.00115286	0.00755496	0.0137275	0.019483	0.0246464	0.029061	
0.0504776	0.0597799	0.0672658	0.0727079	0.0759408	0.0769991	0.0757177	0.0721357	0.066362	0.0585718	0.0490019	0.0379432	0.0264112	0.0198559	0.0126973	0.00515286	0.00294475	0.00150212	1.38598e-05	1.6056e-05	1.77643e-05	1.89329e-05	1.95262e-05	1.95262e-05	1.89329e-05	1.77643e-05	1.6056e-05	1.38598e-05	0.00323469	0.00635723	0.00928661	0.0119338	0.0142184	0.016071	0.027601	0.0396415	
0.21	0.20681	0.197336	0.181866	0.16087	0.134986	0.105	0.0718246	0.0364665	3.01301e-07	-0.0260446	-0.051298	-0.0749928	-0.096409	-0.114896	-0.129892	-0.140941	-0.147707	-0.149986	-0.147705	-0.140936	-0.129885	-0.114887	-0.0963986	-0.0749811	-0.0512853	-0.0260312	1.38598e-05	0.0364798	0.0718373	0.105012	0.134996	0.160878	0.181872	0.19734	0.206812	
0.19	0.187114	0.178542	0.164545	0.153474	0.142381	0.126962	0.107685	0.085136	0.0600003	0.0330439	0.00508353	-0.0153518	-0.0336279	-0.0508821	-0.0665904	-0.0802753	-0.0915212	-0.0999861	-0.0984647	-0.0939515	-0.0865836	-0.0765849	-0.0642592	-0.0499811	-0.0341842	-0.0173488	1.38598e-05	0.0330069	0.0649969	0.0950121	0.12214	0.145558	0.164552	0.178547	0.187116	
0.158733	0.158056	0.152576	0.142832	0.128749	0.114205	0.0996414	0.0820507	0.0619669	0.0450003	0.0269542	0.00808915	-0.0110217	-0.0297976	-0.0476682	-0.0640904	-0.0785652	-0.0906529	-0.0999861	-0.100201	-0.0973717	-0.0915836	-0.0830128	-0.0719197	-0.0586413	-0.0435812	-0.0271968	-0.00998614	0.0177293	0.0449061	0.0707184	0.094382	0.115178	0.132474	0.145745	0.154588	
0.1	0.107742	0.112211	0.11327	0.110887	0.105135	0.0961884	0.0843193	0.0698882	0.0533336	0.0351609	0.0159199	-0.00158412	-0.00741381	-0.0130182	-0.0182271	-0.0228821	-0.0268419	-0.0299861	-0.0295282	-0.028173	-0.0259618	-0.0229618	-0.0192641	-0.0149811	-0.0102428	-0.00519339	1.38598e-05	0.00736591	0.0144942	0.021182	0.0272262	0.0453313	0.0622764	0.0773293	0.0900326	
0.0585718	0.066362	0.0721357	0.0757177	0.0769991	0.0759408	0.0727079	0.0672658	0.0597799	0.0504776	0.0396415	0.027601	0.016071	0.0142184	0.0119338	0.00928661	0.00635723	0.00323469	1.38598e-05	1.6056e-05	1.77643e-05	1.89329e-05	1.95262e-05	1.95262e-05	1.89329e-05	1.77643e-05	1.6056e-05	1.38598e-05	0.00150212	0.00294475	0.00515286	0.0126973	0.0198559	0.0264112	0.0379432	0.0490019	
0.0629776	0.07209	0.079012	0.0835332	0.0855164	0.0855164	0.0835332	0.079012	0.07209	0.0629776	0.0519516	0.0393471	0.0268963	0.023794	0.0199687	0.0155366	0.0106325	0.00540529	1.38598e-05	1.6056e-05	1.77643e-05	1.89329e-05	1.95262e-05	1.95262e-05	1.89329e-05	1.77643e-05	1.6056e-05	1.38598e-05	0.00540529	0.0106325	0.0155366	0.0199687	0.023794	0.0268963	0.0393471	0.0519516	
