-5.29948	-6.23639	-6.9838	-7.51902	-7.82424	-7.82424	-7.51902	-6.9838	-6.23639	-5.29948	-4.20155	-2.9671	-1.63773	-0.25861	1.12837	2.49589	3.79491	4.97863	6.01107	6.96356	7.70447	8.21128	8.46859	8.46859	8.21128	7.70447	6.96356	6.01107	4.97863	3.79491	2.49589	1.12837	-0.25861	-1.63773	-2.9671	-4.20155	
-5.17998	-5.10215	-4.8693	-4.48849	-3.96366	-3.23792	-2.35834	-1.401	-0.401082	0.611019	1.60457	2.55305	3.43274	4.21566	4.89098	5.42839	5.80086	5.99707	6.01107	5.92063	5.6503	5.20828	4.60801	3.86773	3.00993	2.06067	1.04881	0.0050726	-0.894499	-1.76689	-2.5856	-3.32574	-3.96484	-4.48346	-4.86586	-5.1004	
-5.22564	-5.13602	-4.89034	-4.49607	-3.96366	-3.23792	-2.35834	-1.401	-0.401082	0.611019	1.60881	2.57709	3.47182	4.26624	4.9424	5.46839	5.82822	6.01097	6.01107	5.92063	5.6503	5.20828	4.60801	3.86773	3.00993	2.06067	1.04881	0.0050726	-0.908738	-1.79494	-2.6266	-3.37845	-4.02765	-4.55447	-4.93065	-5.15648	
-5.24802	-5.15342	-4.90225	-4.50212	-3.96366	-3.23792	-2.35834	-1.40046	-0.384987	0.642187	1.64985	2.61624	3.5079	4.29297	4.95954	5.48172	5.83734	6.0156	6.01107	5.92063	5.6503	5.20828	4.60801	3.86773	3.00993	2.06067	1.04881	0.0050726	-0.908738	-1.79494	-2.6266	-3.37845	-4.02765	-4.55447	-4.94291	-5.18116	
-5.2592	-5.16213	-4.9082	-4.50514	-3.96366	-3.23792	-2.35534	-1.38089	-0.36447	0.66302	1.67036	2.63582	3.52594	4.30893	4.96811	5.48839	5.8419	6.01791	6.01107	5.92063	5.6503	5.20828	4.60801	3.86773	3.00993	2.06067	1.04881	0.0050726	-0.923379	-1.81027	-2.64216	-3.39377	-4.04227	-4.56794	-4.95481	-5.19114	
-5.26592	-5.16735	-4.91177	-4.50695	-3.96366	-3.23792	-2.34452	-1.36914	-0.35216	0.67552	1.68267	2.64757	3.53677	4.31851	4.97325	5.49239	5.84464	6.0193	6.01107	5.92063	5.6503	5.20828	4.60801	3.86773	3.00993	2.06067	1.04881	0.0050726	-0.936522	-1.82449	-2.6566	-3.40799	-4.05583	-4.58044	-4.96587	-5.20041	
0.611019	-0.401082	-1.401	-2.35834	-3.23792	-3.96366	-4.48849	-4.8693	-5.10215	-5.17998	-5.1004	-4.86586	-4.48346	-3.96484	-3.32574	-2.5856	-1.76689	-0.894499	0.0050726	1.04881	2.06067	3.00993	3.86773	4.60801	5.20828	5.6503	5.92063	6.01107	5.99707	5.80086	5.42839	4.89098	4.21566	3.43274	2.55305	1.60457	
0.650352	0.640223	0.616935	0.574901	0.5154	0.5154	0.574901	0.616935	0.640223	0.650352	0.641353	0.612866	0.565758	0.501459	0.421924	0.329569	0.2272	0.117928	0.0050726	0.00587638	0.00650161	0.0069293	0.00714644	0.00714644	0.0069293	0.00650161	0.00587638	0.0050726	0.117928	0.2272	0.329569	0.421924	0.501459	0.565758	0.612866	0.641353	
0.611019	0.621011	0.612135	0.584659	0.545533	0.55983	0.625131	0.674887	0.708212	0.720019	0.709961	0.678331	0.626091	0.554827	0.466705	0.364402	0.251028	0.130025	0.0050726	0.00587638	0.00650161	0.0069293	0.00714644	0.00714644	0.0069293	0.00650161	0.00587638	0.0050726	0.0944276	0.184347	0.275046	0.357387	0.429808	0.490876	0.541627	0.582474	
0.611019	0.627379	0.624676	0.602993	0.569102	0.587919	0.657141	0.714041	0.749246	0.761685	0.750994	0.717485	0.662175	0.586745	0.493488	0.385236	0.265278	0.137261	0.0050726	0.00587638	0.00650161	0.0069293	0.00714644	0.00714644	0.0069293	0.00650161	0.00587638	0.0050726	0.0940803	0.180229	0.260902	0.333648	0.408647	0.47141	0.527376	0.576106	
0.611019	0.630996	0.631801	0.613409	0.582493	0.603878	0.675183	0.733618	0.769763	0.782519	0.771511	0.737062	0.680217	0.602705	0.506879	0.395652	0.272404	0.140878	0.0050726	0.00587638	0.00650161	0.0069293	0.00714644	0.00714644	0.0069293	0.00650161	0.00587638	0.0050726	0.0819249	0.164893	0.245336	0.318324	0.395255	0.460994	0.52025	0.572489	
0.611019	0.633167	0.636077	0.619659	0.590528	0.613454	0.686008	0.745364	0.782073	0.795019	0.783821	0.748808	0.691043	0.61228	0.514914	0.401902	0.276679	0.143049	0.0050726	0.00587638	0.00650161	0.0069293	0.00714644	0.00714644	0.0069293	0.00650161	0.00587638	0.0050726	0.0819249	0.156288	0.230902	0.307932	0.38722	0.454744	0.515975	0.570318	
0.611019	-0.401082	-1.401	-2.35834	-3.23792	-3.96366	-4.49607	-4.89034	-5.13602	-5.22564	-5.15648	-4.93065	-4.55447	-4.02765	-3.37845	-2.6266	-1.79494	-0.908738	0.0050726	1.04881	2.06067	3.00993	3.86773	4.60801	5.20828	5.6503	5.92063	6.01107	6.01097	5.82822	5.46839	4.9424	4.26624	3.47182	2.57709	1.60881	
0.720019	0.708212	0.674887	0.625131	0.55983	0.545533	0.584659	0.612135	0.621011	0.611019	0.582474	0.541627	0.490876	0.429808	0.357387	0.275046	0.184347	0.0944276	0.0050726	0.00587638	0.00650161	0.0069293	0.00714644	0.00714644	0.0069293	0.00650161	0.00587638	0.0050726	0.130025	0.251028	0.364402	0.466705	0.554827	0.626091	0.678331	0.709961	
0.674361	0.674348	0.653846	0.613477	0.55983	0.55983	0.613477	0.653846	0.674348	0.674361	0.653883	0.613538	0.560158	0.492011	0.413996	0.323402	0.222982	0.115786	0.0050726	0.00587638	0.00650161	0.0069293	0.00714644	0.00714644	0.0069293	0.00650161	0.00587638	0.0050726	0.115786	0.222982	0.323402	0.413996	0.492011	0.560158	0.613538	0.653883	
0.651985	0.656943	0.64194	0.607432	0.569102	0.587919	0.649562	0.693	0.715382	0.716027	0.694917	0.652691	0.591161	0.52393	0.440779	0.344236	0.237233	0.123022	0.0050726	0.00587638	0.00650161	0.0069293	0.00714644	0.00714644	0.0069293	0.00650161	0.00587638	0.0050726	0.115786	0.222982	0.323402	0.413996	0.492011	0.555077	0.601276	0.629207	
0.640797	0.64824	0.635987	0.613409	0.582493	0.603878	0.667604	0.712577	0.735899	0.736861	0.715434	0.672268	0.609203	0.539889	0.454171	0.354652	0.244358	0.126639	0.0050726	0.00587638	0.00650161	0.0069293	0.00714644	0.00714644	0.0069293	0.00650161	0.00587638	0.0050726	0.101146	0.207645	0.307836	0.398673	0.477397	0.541615	0.589376	0.61923	
0.634084	0.643019	0.636077	0.619659	0.590528	0.613454	0.678429	0.724323	0.748209	0.749361	0.727744	0.684014	0.620029	0.549465	0.462205	0.360902	0.248633	0.12881	0.0050726	0.00587638	0.00650161	0.0069293	0.00714644	0.00714644	0.0069293	0.00650161	0.00587638	0.0050726	0.0958168	0.193431	0.293402	0.384458	0.463833	0.529115	0.578319	0.609952	
0.642187	-0.384987	-1.40046	-2.35834	-3.23792	-3.96366	-4.50212	-4.90225	-5.15342	-5.24802	-5.18116	-4.94291	-4.55447	-4.02765	-3.37845	-2.6266	-1.79494	-0.908738	0.0050726	1.04881	2.06067	3.00993	3.86773	4.60801	5.20828	5.6503	5.92063	6.01107	6.0156	5.83734	5.48172	4.95954	4.29297	3.5079	2.61624	1.64985	
0.761685	0.749246	0.714041	0.657141	0.587919	0.569102	0.602993	0.624676	0.627379	0.611019	0.576106	0.527376	0.47141	0.408647	0.333648	0.260902	0.180229	0.0940803	0.0050726	0.00587638	0.00650161	0.0069293	0.00714644	0.00714644	0.0069293	0.00650161	0.00587638	0.0050726	0.137261	0.265278	0.385236	0.493488	0.586745	0.662175	0.717485	0.750994	
0.716027	0.715382	0.693	0.649562	0.587919	0.569102	0.607432	0.64194	0.656943	0.651985	0.629207	0.601276	0.555077	0.492011	0.413996	0.323402	0.222982	0.115786	0.0050726	0.00587638	0.00650161	0.0069293	0.00714644	0.00714644	0.0069293	0.00650161	0.00587638	0.0050726	0.123022	0.237233	0.344236	0.440779	0.52393	0.591161	0.652691	0.694917	
0.693651	0.697977	0.681094	0.643517	0.587919	0.587919	0.643517	0.681094	0.697977	0.693651	0.67024	0.64043	0.591161	0.52393	0.440779	0.344236	0.237233	0.123022	0.0050726	0.00587638	0.00650161	0.0069293	0.00714644	0.00714644	0.0069293	0.00650161	0.00587638	0.0050726	0.123022	0.237233	0.344236	0.440779	0.52393	0.591161	0.64043	0.67024	
0.682463	0.689274	0.675141	0.640494	0.587919	0.603878	0.661559	0.700671	0.718493	0.714485	0.690757	0.660007	0.609203	0.539889	0.454171	0.354652	0.244358	0.126639	0.0050726	0.00587638	0.00650161	0.0069293	0.00714644	0.00714644	0.0069293	0.00650161	0.00587638	0.0050726	0.108381	0.221896	0.328669	0.425456	0.509315	0.577699	0.62853	0.660263	
0.675751	0.684052	0.671569	0.638681	0.590528	0.613454	0.672384	0.712417	0.730804	0.726985	0.703067	0.671753	0.620029	0.549465	0.462205	0.360902	0.248633	0.12881	0.0050726	0.00587638	0.00650161	0.0069293	0.00714644	0.00714644	0.0069293	0.00650161	0.00587638	0.0050726	0.100447	0.207682	0.314235	0.411241	0.495752	0.565199	0.617473	0.650986	
0.66302	-0.36447	-1.38089	-2.35534	-3.23792	-3.96366	-4.50514	-4.9082	-5.16213	-5.2592	-5.19114	-4.95481	-4.56794	-4.04227	-3.39377	-2.64216	-1.81027	-0.923379	0.0050726	1.04881	2.06067	3.00993	3.86773	4.60801	5.20828	5.6503	5.92063	6.01107	6.01791	5.8419	5.48839	4.96811	4.30893	3.52594	2.63582	1.67036	
0.782519	0.769763	0.733618	0.675183	0.603878	0.582493	0.613409	0.631801	0.630996	0.611019	0.572489	0.52025	0.460994	0.395255	0.318324	0.245336	0.164893	0.0819249	0.0050726	0.00587638	0.00650161	0.0069293	0.00714644	0.00714644	0.0069293	0.00650161	0.00587638	0.0050726	0.140878	0.272404	0.395652	0.506879	0.602705	0.680217	0.737062	0.771511	
0.736861	0.735899	0.712577	0.667604	0.603878	0.582493	0.613409	0.635987	0.64824	0.640797	0.61923	0.589376	0.541615	0.477397	0.398673	0.307836	0.207645	0.101146	0.0050726	0.00587638	0.00650161	0.0069293	0.00714644	0.00714644	0.0069293	0.00650161	0.00587638	0.0050726	0.126639	0.244358	0.354652	0.454171	0.539889	0.609203	0.672268	0.715434	
0.714485	0.718493	0.700671	0.661559	0.603878	0.587919	0.640494	0.675141	0.689274	0.682463	0.660263	0.62853	0.577699	0.509315	0.425456	0.328669	0.221896	0.108381	0.0050726	0.00587638	0.00650161	0.0069293	0.00714644	0.00714644	0.0069293	0.00650161	0.00587638	0.0050726	0.126639	0.244358	0.354652	0.454171	0.539889	0.609203	0.660007	0.690757	
0.703297	0.709791	0.694718	0.658537	0.603878	0.603878	0.658537	0.694718	0.709791	0.703297	0.68078	0.648107	0.595741	0.525274	0.438847	0.339086	0.229022	0.111999	0.0050726	0.00587638	0.00650161	0.0069293	0.00714644	0.00714644	0.0069293	0.00650161	0.00587638	0.0050726	0.111999	0.229022	0.339086	0.438847	0.525274	0.595741	0.648107	0.68078	
0.696584	0.704569	0.691146	0.656723	0.603878	0.613454	0.669362	0.706464	0.722101	0.715797	0.69309	0.659853	0.606567	0.53485	0.446882	0.345336	0.233297	0.114169	0.0050726	0.00587638	0.00650161	0.0069293	0.00714644	0.00714644	0.0069293	0.00650161	0.00587638	0.0050726	0.102763	0.214807	0.324652	0.424633	0.511711	0.583241	0.63705	0.671502	
0.67552	-0.35216	-1.36914	-2.34452	-3.23792	-3.96366	-4.50695	-4.91177	-5.16735	-5.26592	-5.20041	-4.96587	-4.58044	-4.05583	-3.40799	-2.6566	-1.82449	-0.936522	0.0050726	1.04881	2.06067	3.00993	3.86773	4.60801	5.20828	5.6503	5.92063	6.01107	6.0193	5.84464	5.49239	4.97325	4.31851	3.53677	2.64757	1.68267	
0.795019	0.782073	0.745364	0.686008	0.613454	0.590528	0.619659	0.636077	0.633167	0.611019	0.570318	0.515975	0.454744	0.38722	0.307932	0.230902	0.156288	0.0819249	0.0050726	0.00587638	0.00650161	0.0069293	0.00714644	0.00714644	0.0069293	0.00650161	0.00587638	0.0050726	0.143049	0.276679	0.401902	0.514914	0.61228	0.691043	0.748808	0.783821	
0.749361	0.748209	0.724323	0.678429	0.613454	0.590528	0.619659	0.636077	0.643019	0.634084	0.609952	0.578319	0.529115	0.463833	0.384458	0.293402	0.193431	0.0958168	0.0050726	0.00587638	0.00650161	0.0069293	0.00714644	0.00714644	0.0069293	0.00650161	0.00587638	0.0050726	0.12881	0.248633	0.360902	0.462205	0.549465	0.620029	0.684014	0.727744	
0.726985	0.730804	0.712417	0.672384	0.613454	0.590528	0.638681	0.671569	0.684052	0.675751	0.650986	0.617473	0.565199	0.495752	0.411241	0.314235	0.207682	0.100447	0.0050726	0.00587638	0.00650161	0.0069293	0.00714644	0.00714644	0.0069293	0.00650161	0.00587638	0.0050726	0.12881	0.248633	0.360902	0.462205	0.549465	0.620029	0.671753	0.703067	
0.715797	0.722101	0.706464	0.669362	0.613454	0.603878	0.656723	0.691146	0.704569	0.696584	0.671502	0.63705	0.583241	0.511711	0.424633	0.324652	0.214807	0.102763	0.0050726	0.00587638	0.00650161	0.0069293	0.00714644	0.00714644	0.0069293	0.00650161	0.00587638	0.0050726	0.114169	0.233297	0.345336	0.446882	0.53485	0.606567	0.659853	0.69309	
0.709084	0.716879	0.702892	0.667548	0.613454	0.613454	0.667548	0.702892	0.716879	0.709084	0.683813	0.648796	0.594067	0.521287	0.432668	0.330902	0.219082	0.104152	0.0050726	0.00587638	0.00650161	0.0069293	0.00714644	0.00714644	0.0069293	0.00650161	0.00587638	0.0050726	0.104152	0.219082	0.330902	0.432668	0.521287	0.594067	0.648796	0.683813	
