-5.29917	-6.23614	-6.98363	-7.51893	-7.82424	-7.82424	-7.51893	-6.98363	-6.23614	-5.29917	-4.20118	-2.96668	-1.63728	-0.258138	1.12885	2.49635	3.79535	4.97904	6.01143	6.96398	7.70493	8.21177	8.4691	8.4691	8.21177	7.70493	6.96398	6.01143	4.97904	3.79535	2.49635	1.12885	-0.258138	-1.63728	-2.96668	-4.20118	
-5.17989	-5.10206	-4.86921	-4.4884	-3.96365	-3.23791	-2.35825	-1.4009	-0.400987	0.611111	1.60472	2.55326	3.433	4.21597	4.89145	5.42885	5.8013	5.99748	6.01143	5.92105	5.65076	5.20877	4.60852	3.86824	3.01042	2.06114	1.04922	0.00543272	-0.894128	-1.76652	-2.58524	-3.32541	-3.96453	-4.4832	-4.86565	-5.10025	
-5.22533	-5.13577	-4.89017	-4.49598	-3.96365	-3.23791	-2.35825	-1.4009	-0.400987	0.611111	1.60919	2.57751	3.47227	4.26671	4.94287	5.46885	5.82866	6.01137	6.01143	5.92105	5.65076	5.20877	4.60852	3.86824	3.01042	2.06114	1.04922	0.00543272	-0.908367	-1.79457	-2.62624	-3.37812	-4.02735	-4.55421	-4.93023	-5.15611	
-5.2477	-5.15318	-4.90207	-4.50203	-3.96365	-3.23791	-2.35825	-1.40029	-0.384741	0.6425	1.65022	2.61666	3.50835	4.29344	4.96001	5.48219	5.83779	6.01601	6.01143	5.92105	5.65076	5.20877	4.60852	3.86824	3.01042	2.06114	1.04922	0.00543272	-0.908367	-1.79457	-2.62624	-3.37812	-4.02735	-4.55421	-4.9427	-5.18101	
-5.25889	-5.16188	-4.90803	-4.50505	-3.96365	-3.23791	-2.35525	-1.38071	-0.364224	0.663333	1.67074	2.63624	3.52639	4.3094	4.96859	5.48885	5.84235	6.01832	6.01143	5.92105	5.65076	5.20877	4.60852	3.86824	3.01042	2.06114	1.04922	0.00543272	-0.92297	-1.80983	-2.6417	-3.3933	-4.0418	-4.56749	-4.9544	-5.19077	
-5.2656	-5.1671	-4.9116	-4.50686	-3.96365	-3.23791	-2.34443	-1.36897	-0.351914	0.675833	1.68305	2.64798	3.53722	4.31898	4.97373	5.49285	5.84508	6.01971	6.01143	5.92105	5.65076	5.20877	4.60852	3.86824	3.01042	2.06114	1.04922	0.00543272	-0.936151	-1.82404	-2.65613	-3.40751	-4.05536	-4.57999	-4.96545	-5.20005	
0.611111	-0.400987	-1.4009	-2.35825	-3.23791	-3.96365	-4.4884	-4.86921	-5.10206	-5.17989	-5.10025	-4.86565	-4.4832	-3.96453	-3.32541	-2.58524	-1.76652	-0.894128	0.00543272	1.04922	2.06114	3.01042	3.86824	4.60852	5.20877	5.65076	5.92105	6.01143	5.99748	5.8013	5.42885	4.89145	4.21597	3.433	2.55326	1.60472	
0.650445	0.640469	0.617106	0.574993	0.515408	0.515408	0.574993	0.617106	0.640469	0.650445	0.641506	0.613076	0.566018	0.501762	0.422259	0.329927	0.22757	0.118299	0.00543272	0.00629357	0.00696319	0.00742124	0.0076538	0.0076538	0.00742124	0.00696319	0.00629357	0.00543272	0.118299	0.22757	0.329927	0.422259	0.501762	0.566018	0.613076	0.641506	
0.611111	0.621106	0.612228	0.584748	0.545541	0.559839	0.625222	0.67498	0.708307	0.720111	0.710115	0.678541	0.626351	0.555129	0.46704	0.364761	0.251398	0.130396	0.00543272	0.00629357	0.00696319	0.00742124	0.0076538	0.0076538	0.00742124	0.00696319	0.00629357	0.00543272	0.0947983	0.184718	0.275404	0.357723	0.430278	0.491325	0.541837	0.582627	
0.611111	0.627473	0.624769	0.603082	0.56911	0.587927	0.657229	0.714134	0.74934	0.761778	0.751148	0.717695	0.662435	0.587048	0.493823	0.385594	0.265649	0.137632	0.00543272	0.00629357	0.00696319	0.00742124	0.0076538	0.0076538	0.00742124	0.00696319	0.00629357	0.00543272	0.094451	0.180599	0.261261	0.333983	0.408949	0.471671	0.527586	0.57626	
0.611111	0.63109	0.631894	0.613498	0.582502	0.603887	0.675272	0.733711	0.769857	0.782611	0.771665	0.737272	0.680478	0.603007	0.507215	0.396011	0.272774	0.141249	0.00543272	0.00629357	0.00696319	0.00742124	0.0076538	0.0076538	0.00742124	0.00696319	0.00629357	0.00543272	0.0822957	0.165337	0.245803	0.3188	0.395558	0.461254	0.520461	0.572643	
0.611111	0.633261	0.63617	0.619748	0.590536	0.613462	0.686097	0.745457	0.782167	0.795111	0.783975	0.749018	0.691303	0.612583	0.515249	0.402261	0.277049	0.14342	0.00543272	0.00629357	0.00696319	0.00742124	0.0076538	0.0076538	0.00742124	0.00696319	0.00629357	0.00543272	0.0822957	0.156658	0.231369	0.308267	0.387523	0.455004	0.516185	0.570472	
0.611111	-0.400987	-1.4009	-2.35825	-3.23791	-3.96365	-4.49598	-4.89017	-5.13577	-5.22533	-5.15611	-4.93023	-4.55421	-4.02735	-3.37812	-2.62624	-1.79457	-0.908367	0.00543272	1.04922	2.06114	3.01042	3.86824	4.60852	5.20877	5.65076	5.92105	6.01143	6.01137	5.82866	5.46885	4.94287	4.26671	3.47227	2.57751	1.60919	
0.720111	0.708307	0.67498	0.625222	0.559839	0.545541	0.584748	0.612228	0.621106	0.611111	0.582627	0.541837	0.491325	0.430278	0.357723	0.275404	0.184718	0.0947983	0.00543272	0.00629357	0.00696319	0.00742124	0.0076538	0.0076538	0.00742124	0.00696319	0.00629357	0.00543272	0.130396	0.251398	0.364761	0.46704	0.555129	0.626351	0.678541	0.710115	
0.674674	0.674594	0.654018	0.613569	0.559839	0.559839	0.613569	0.654018	0.674594	0.674674	0.654254	0.613955	0.560607	0.492314	0.414332	0.323761	0.223352	0.116157	0.00543272	0.00629357	0.00696319	0.00742124	0.0076538	0.0076538	0.00742124	0.00696319	0.00629357	0.00543272	0.116157	0.223352	0.323761	0.414332	0.492314	0.560607	0.613955	0.654254	
0.652298	0.657189	0.642112	0.607524	0.56911	0.587927	0.649653	0.693171	0.715628	0.716341	0.695288	0.653109	0.591421	0.524232	0.441115	0.344594	0.237603	0.123392	0.00543272	0.00629357	0.00696319	0.00742124	0.0076538	0.0076538	0.00742124	0.00696319	0.00629357	0.00543272	0.116157	0.223352	0.323761	0.414332	0.492314	0.555337	0.601487	0.62936	
0.64111	0.648486	0.636158	0.613498	0.582502	0.603887	0.667695	0.712748	0.736145	0.737174	0.715805	0.672686	0.609464	0.540191	0.454506	0.355011	0.244728	0.12701	0.00543272	0.00629357	0.00696319	0.00742124	0.0076538	0.0076538	0.00742124	0.00696319	0.00629357	0.00543272	0.101554	0.20809	0.308303	0.399148	0.477866	0.542064	0.589791	0.619598	
0.634397	0.643265	0.63617	0.619748	0.590536	0.613462	0.678521	0.724494	0.748455	0.749674	0.728115	0.684432	0.620289	0.549767	0.462541	0.361261	0.249004	0.129181	0.00543272	0.00629357	0.00696319	0.00742124	0.0076538	0.0076538	0.00742124	0.00696319	0.00629357	0.00543272	0.0961875	0.193875	0.293869	0.384934	0.464303	0.529564	0.578734	0.61032	
0.6425	-0.384741	-1.40029	-2.35825	-3.23791	-3.96365	-4.50203	-4.90207	-5.15318	-5.2477	-5.18101	-4.9427	-4.55421	-4.02735	-3.37812	-2.62624	-1.79457	-0.908367	0.00543272	1.04922	2.06114	3.01042	3.86824	4.60852	5.20877	5.65076	5.92105	6.01143	6.01601	5.83779	5.48219	4.96001	4.29344	3.50835	2.61666	1.65022	
0.761778	0.74934	0.714134	0.657229	0.587927	0.56911	0.603082	0.624769	0.627473	0.611111	0.57626	0.527586	0.471671	0.408949	0.333983	0.261261	0.180599	0.094451	0.00543272	0.00629357	0.00696319	0.00742124	0.0076538	0.0076538	0.00742124	0.00696319	0.00629357	0.00543272	0.137632	0.265649	0.385594	0.493823	0.587048	0.662435	0.717695	0.751148	
0.716341	0.715628	0.693171	0.649653	0.587927	0.56911	0.607524	0.642112	0.657189	0.652298	0.62936	0.601487	0.555337	0.492314	0.414332	0.323761	0.223352	0.116157	0.00543272	0.00629357	0.00696319	0.00742124	0.0076538	0.0076538	0.00742124	0.00696319	0.00629357	0.00543272	0.123392	0.237603	0.344594	0.441115	0.524232	0.591421	0.653109	0.695288	
0.693965	0.698223	0.681265	0.643608	0.587927	0.587927	0.643608	0.681265	0.698223	0.693965	0.670394	0.64064	0.591421	0.524232	0.441115	0.344594	0.237603	0.123392	0.00543272	0.00629357	0.00696319	0.00742124	0.0076538	0.0076538	0.00742124	0.00696319	0.00629357	0.00543272	0.123392	0.237603	0.344594	0.441115	0.524232	0.591421	0.64064	0.670394	
0.682777	0.68952	0.675312	0.640586	0.587927	0.603887	0.66165	0.700842	0.71874	0.714798	0.690911	0.660217	0.609464	0.540191	0.454506	0.355011	0.244728	0.12701	0.00543272	0.00629357	0.00696319	0.00742124	0.0076538	0.0076538	0.00742124	0.00696319	0.00629357	0.00543272	0.10879	0.222341	0.329136	0.425931	0.509784	0.578148	0.628945	0.660632	
0.676064	0.684298	0.671741	0.638772	0.590536	0.613462	0.672476	0.712588	0.73105	0.727298	0.703221	0.671964	0.620289	0.549767	0.462541	0.361261	0.249004	0.129181	0.00543272	0.00629357	0.00696319	0.00742124	0.0076538	0.0076538	0.00742124	0.00696319	0.00629357	0.00543272	0.100818	0.208126	0.314703	0.411717	0.496221	0.565648	0.617888	0.651354	
0.663333	-0.364224	-1.38071	-2.35525	-3.23791	-3.96365	-4.50505	-4.90803	-5.16188	-5.25889	-5.19077	-4.9544	-4.56749	-4.0418	-3.3933	-2.6417	-1.80983	-0.92297	0.00543272	1.04922	2.06114	3.01042	3.86824	4.60852	5.20877	5.65076	5.92105	6.01143	6.01832	5.84235	5.48885	4.96859	4.3094	3.52639	2.63624	1.67074	
0.782611	0.769857	0.733711	0.675272	0.603887	0.582502	0.613498	0.631894	0.63109	0.611111	0.572643	0.520461	0.461254	0.395558	0.3188	0.245803	0.165337	0.0822957	0.00543272	0.00629357	0.00696319	0.00742124	0.0076538	0.0076538	0.00742124	0.00696319	0.00629357	0.00543272	0.141249	0.272774	0.396011	0.507215	0.603007	0.680478	0.737272	0.771665	
0.737174	0.736145	0.712748	0.667695	0.603887	0.582502	0.613498	0.636158	0.648486	0.64111	0.619598	0.589791	0.542064	0.477866	0.399148	0.308303	0.20809	0.101554	0.00543272	0.00629357	0.00696319	0.00742124	0.0076538	0.0076538	0.00742124	0.00696319	0.00629357	0.00543272	0.12701	0.244728	0.355011	0.454506	0.540191	0.609464	0.672686	0.715805	
0.714798	0.71874	0.700842	0.66165	0.603887	0.587927	0.640586	0.675312	0.68952	0.682777	0.660632	0.628945	0.578148	0.509784	0.425931	0.329136	0.222341	0.10879	0.00543272	0.00629357	0.00696319	0.00742124	0.0076538	0.0076538	0.00742124	0.00696319	0.00629357	0.00543272	0.12701	0.244728	0.355011	0.454506	0.540191	0.609464	0.660217	0.690911	
0.70361	0.710037	0.694889	0.658628	0.603887	0.603887	0.658628	0.694889	0.710037	0.70361	0.681149	0.648522	0.59619	0.525744	0.439323	0.339553	0.229466	0.112407	0.00543272	0.00629357	0.00696319	0.00742124	0.0076538	0.0076538	0.00742124	0.00696319	0.00629357	0.00543272	0.112407	0.229466	0.339553	0.439323	0.525744	0.59619	0.648522	0.681149	
0.696897	0.704815	0.691317	0.656814	0.603887	0.613462	0.669453	0.706635	0.722347	0.71611	0.693459	0.660268	0.607016	0.535319	0.447357	0.345803	0.233741	0.114578	0.00543272	0.00629357	0.00696319	0.00742124	0.0076538	0.0076538	0.00742124	0.00696319	0.00629357	0.00543272	0.103133	0.215252	0.325119	0.425108	0.51218	0.58369	0.637465	0.671871	
0.675833	-0.351914	-1.36897	-2.34443	-3.23791	-3.96365	-4.50686	-4.9116	-5.1671	-5.2656	-5.20005	-4.96545	-4.57999	-4.05536	-3.40751	-2.65613	-1.82404	-0.936151	0.00543272	1.04922	2.06114	3.01042	3.86824	4.60852	5.20877	5.65076	5.92105	6.01143	6.01971	5.84508	5.49285	4.97373	4.31898	3.53722	2.64798	1.68305	
0.795111	0.782167	0.745457	0.686097	0.613462	0.590536	0.619748	0.63617	0.633261	0.611111	0.570472	0.516185	0.455004	0.387523	0.308267	0.231369	0.156658	0.0822957	0.00543272	0.00629357	0.00696319	0.00742124	0.0076538	0.0076538	0.00742124	0.00696319	0.00629357	0.00543272	0.14342	0.277049	0.402261	0.515249	0.612583	0.691303	0.749018	0.783975	
0.749674	0.748455	0.724494	0.678521	0.613462	0.590536	0.619748	0.63617	0.643265	0.634397	0.61032	0.578734	0.529564	0.464303	0.384934	0.293869	0.193875	0.0961875	0.00543272	0.00629357	0.00696319	0.00742124	0.0076538	0.0076538	0.00742124	0.00696319	0.00629357	0.00543272	0.129181	0.249004	0.361261	0.462541	0.549767	0.620289	0.684432	0.728115	
0.727298	0.73105	0.712588	0.672476	0.613462	0.590536	0.638772	0.671741	0.684298	0.676064	0.651354	0.617888	0.565648	0.496221	0.411717	0.314703	0.208126	0.100818	0.00543272	0.00629357	0.00696319	0.00742124	0.0076538	0.0076538	0.00742124	0.00696319	0.00629357	0.00543272	0.129181	0.249004	0.361261	0.462541	0.549767	0.620289	0.671964	0.703221	
0.71611	0.722347	0.706635	0.669453	0.613462	0.603887	0.656814	0.691317	0.704815	0.696897	0.671871	0.637465	0.58369	0.51218	0.425108	0.325119	0.215252	0.103133	0.00543272	0.00629357	0.00696319	0.00742124	0.0076538	0.0076538	0.00742124	0.00696319	0.00629357	0.00543272	0.114578	0.233741	0.345803	0.447357	0.535319	0.607016	0.660268	0.693459	
0.709397	0.717125	0.703064	0.66764	0.613462	0.613462	0.66764	0.703064	0.717125	0.709397	0.684181	0.649211	0.594516	0.521756	0.433143	0.331369	0.219527	0.104523	0.00543272	0.00629357	0.00696319	0.00742124	0.0076538	0.0076538	0.00742124	0.00696319	0.00629357	0.00543272	0.104523	0.219527	0.331369	0.433143	0.521756	0.594516	0.649211	0.684181	
