0.0108086	0.0125213	0.0138536	0.0147649	0.0152276	0.0152276	0.0147649	0.0138536	0.0125213	0.0108086	0.0969819	0.180208	0.257959	0.327872	0.387823	0.43599	0.470909	0.491521	0.497197	0.575981	0.637264	0.679184	0.700468	0.700468	0.679184	0.637264	0.575981	0.497197	0.491521	0.470909	0.43599	0.387823	0.327872	0.257959	0.180208	0.0969819	
0.0108086	0.0296985	0.0476859	0.0642244	0.0788116	0.091004	0.100431	0.106807	0.109938	0.109728	0.194398	0.273162	0.343626	0.403649	0.451407	0.485449	0.504742	0.508698	0.497197	0.569035	0.623583	0.659184	0.674756	0.669826	0.644543	0.599677	0.536589	0.457197	0.451941	0.432952	0.400808	0.356486	0.301333	0.237023	0.165512	0.0889715	
0.0108086	0.0366444	0.0613667	0.0842244	0.104523	0.121646	0.135072	0.144395	0.14933	0.149728	0.23379	0.31075	0.378267	0.43429	0.477118	0.505449	0.518423	0.515644	0.497197	0.562089	0.609903	0.639184	0.649045	0.639184	0.609902	0.562089	0.497197	0.417197	0.412548	0.395364	0.366167	0.325845	0.275621	0.217023	0.151831	0.0820256	
0.0108086	0.0430115	0.0739075	0.102558	0.128092	0.149734	0.166827	0.17885	0.18544	0.186394	0.2699	0.345205	0.410021	0.462379	0.500687	0.523783	0.530963	0.522011	0.497197	0.555722	0.597362	0.620851	0.625476	0.611096	0.578148	0.527633	0.461087	0.380531	0.376439	0.360909	0.334413	0.297756	0.252052	0.19869	0.13929	0.0756585	
0.0108086	0.0466292	0.0810329	0.112974	0.141483	0.165693	0.184869	0.198427	0.205956	0.207228	0.290417	0.364782	0.428063	0.478338	0.514079	0.534199	0.538089	0.525629	0.497197	0.552105	0.590236	0.610434	0.612084	0.595137	0.560106	0.508057	0.44057	0.359697	0.355922	0.341332	0.316371	0.281797	0.238661	0.188273	0.132165	0.0720408	
0.0108086	0.0487998	0.0853081	0.119224	0.149518	0.175269	0.195694	0.210173	0.218267	0.219728	0.302727	0.376528	0.438889	0.487914	0.522114	0.540449	0.542364	0.527799	0.497197	0.549934	0.585961	0.604184	0.604049	0.585561	0.54928	0.49631	0.42826	0.347197	0.343612	0.329586	0.305546	0.272222	0.230626	0.182023	0.12789	0.0698702	
0.109728	0.109938	0.106807	0.100431	0.091004	0.0788116	0.0642244	0.0476859	0.0296985	0.0108086	0.0889715	0.165512	0.237023	0.301333	0.356486	0.400808	0.432952	0.451941	0.457197	0.536589	0.599677	0.644543	0.669826	0.674756	0.659184	0.623583	0.569035	0.497197	0.508698	0.504742	0.485449	0.451407	0.403649	0.343626	0.273162	0.194398	
0.109728	0.109938	0.106807	0.100431	0.091004	0.091004	0.100431	0.106807	0.109938	0.109728	0.193819	0.272022	0.341959	0.401506	0.448853	0.482563	0.50161	0.505415	0.497197	0.575981	0.637264	0.679184	0.700468	0.700468	0.679184	0.637264	0.575981	0.497197	0.505415	0.50161	0.482563	0.448853	0.401506	0.341959	0.272022	0.193819	
0.109728	0.109938	0.106807	0.10579	0.111785	0.121646	0.135072	0.144395	0.14933	0.149728	0.233212	0.30961	0.3766	0.432148	0.474565	0.502563	0.51529	0.512361	0.497197	0.575981	0.637264	0.679184	0.700468	0.700468	0.679184	0.637264	0.575981	0.497197	0.494806	0.47738	0.445465	0.408687	0.359491	0.303626	0.2458	0.180506	
0.109728	0.109938	0.109122	0.124124	0.135354	0.149734	0.166827	0.17885	0.18544	0.186394	0.269321	0.344065	0.408354	0.460236	0.498134	0.520896	0.527831	0.518728	0.497197	0.575981	0.637264	0.679184	0.700468	0.700468	0.679184	0.637264	0.575981	0.497197	0.489597	0.46712	0.431016	0.387217	0.335085	0.290292	0.23668	0.175876	
0.109728	0.109938	0.116247	0.13454	0.148746	0.165693	0.184869	0.198427	0.205956	0.207228	0.289838	0.363642	0.426397	0.476195	0.511525	0.531313	0.534956	0.522346	0.497197	0.575981	0.637264	0.679184	0.700468	0.700468	0.679184	0.637264	0.575981	0.497197	0.486124	0.460279	0.420449	0.371257	0.326514	0.283626	0.232119	0.17356	
0.109728	0.109938	0.120522	0.14079	0.15678	0.175269	0.195694	0.210173	0.218267	0.219728	0.302148	0.375388	0.437222	0.485771	0.51956	0.537563	0.539232	0.524516	0.497197	0.575981	0.637264	0.679184	0.700468	0.700468	0.679184	0.637264	0.575981	0.497197	0.486124	0.460279	0.420449	0.367845	0.320086	0.278626	0.228699	0.171824	
0.149728	0.14933	0.144395	0.135072	0.121646	0.104523	0.0842244	0.0613667	0.0366444	0.0108086	0.0820256	0.151831	0.217023	0.275621	0.325845	0.366167	0.395364	0.412548	0.417197	0.497197	0.562089	0.609902	0.639184	0.649045	0.639184	0.609903	0.562089	0.497197	0.515644	0.518423	0.505449	0.477118	0.43429	0.378267	0.31075	0.23379	
0.149728	0.14933	0.144395	0.135072	0.121646	0.111785	0.10579	0.106807	0.109938	0.109728	0.180506	0.2458	0.303626	0.359491	0.408687	0.445465	0.47738	0.494806	0.497197	0.575981	0.637264	0.679184	0.700468	0.700468	0.679184	0.637264	0.575981	0.497197	0.512361	0.51529	0.502563	0.474565	0.432148	0.3766	0.30961	0.233212	
0.149728	0.14933	0.144395	0.135072	0.121646	0.121646	0.135072	0.144395	0.14933	0.149728	0.22424	0.291939	0.351616	0.408711	0.453388	0.484289	0.500475	0.503488	0.497197	0.575981	0.637264	0.679184	0.700468	0.700468	0.679184	0.637264	0.575981	0.497197	0.503488	0.500475	0.484289	0.453388	0.408711	0.351616	0.291939	0.22424	
0.149728	0.14933	0.144395	0.135072	0.135354	0.149734	0.166827	0.17885	0.18544	0.186394	0.256008	0.322991	0.387701	0.44063	0.480171	0.505123	0.514726	0.50869	0.497197	0.575981	0.637264	0.679184	0.700468	0.700468	0.679184	0.637264	0.575981	0.497197	0.503488	0.494481	0.470449	0.43296	0.39157	0.338283	0.277688	0.217005	
0.149728	0.14933	0.144395	0.135072	0.148746	0.165693	0.184869	0.198427	0.205956	0.207228	0.276525	0.342568	0.405743	0.456589	0.493563	0.515539	0.521851	0.512308	0.497197	0.575981	0.637264	0.679184	0.700468	0.700468	0.679184	0.637264	0.575981	0.497197	0.493938	0.478037	0.455294	0.422747	0.383	0.331616	0.270562	0.213387	
0.149728	0.14933	0.144395	0.14079	0.15678	0.175269	0.195694	0.210173	0.218267	0.219728	0.288835	0.354314	0.416568	0.466165	0.501597	0.521789	0.526127	0.514478	0.497197	0.575981	0.637264	0.679184	0.700468	0.700468	0.679184	0.637264	0.575981	0.497197	0.493938	0.47567	0.444469	0.416618	0.377858	0.327616	0.26742	0.211216	
0.186394	0.18544	0.17885	0.166827	0.149734	0.128092	0.102558	0.0739075	0.0430115	0.0108086	0.0756585	0.13929	0.19869	0.252052	0.297756	0.334413	0.360909	0.376439	0.380531	0.461087	0.527633	0.578148	0.611096	0.625476	0.620851	0.597362	0.555722	0.497197	0.522011	0.530963	0.523783	0.500687	0.462379	0.410021	0.345205	0.2699	
0.186394	0.18544	0.17885	0.166827	0.149734	0.135354	0.124124	0.109122	0.109938	0.109728	0.175876	0.23668	0.290292	0.335085	0.387217	0.431016	0.46712	0.489597	0.497197	0.575981	0.637264	0.679184	0.700468	0.700468	0.679184	0.637264	0.575981	0.497197	0.518728	0.527831	0.520896	0.498134	0.460236	0.408354	0.344065	0.269321	
0.186394	0.18544	0.17885	0.166827	0.149734	0.135354	0.135072	0.144395	0.14933	0.149728	0.217005	0.277688	0.338283	0.39157	0.43296	0.470449	0.494481	0.503488	0.497197	0.575981	0.637264	0.679184	0.700468	0.700468	0.679184	0.637264	0.575981	0.497197	0.50869	0.514726	0.505123	0.480171	0.44063	0.387701	0.322991	0.256008	
0.186394	0.18544	0.17885	0.166827	0.149734	0.149734	0.166827	0.17885	0.18544	0.186394	0.251378	0.31387	0.374367	0.423489	0.459743	0.483783	0.503602	0.508119	0.497197	0.575981	0.637264	0.679184	0.700468	0.700468	0.679184	0.637264	0.575981	0.497197	0.508119	0.503602	0.483783	0.459743	0.423489	0.374367	0.31387	0.251378	
0.186394	0.18544	0.17885	0.166827	0.149734	0.165693	0.184869	0.198427	0.205956	0.207228	0.271894	0.333447	0.392409	0.439448	0.473135	0.492445	0.508162	0.510434	0.497197	0.575981	0.637264	0.679184	0.700468	0.700468	0.679184	0.637264	0.575981	0.497197	0.501173	0.489921	0.470482	0.449529	0.414918	0.367701	0.30931	0.249062	
0.186394	0.18544	0.17885	0.166827	0.15678	0.175269	0.195694	0.210173	0.218267	0.219728	0.284205	0.345194	0.403235	0.449024	0.48117	0.498695	0.510898	0.511824	0.497197	0.575981	0.637264	0.679184	0.700468	0.700468	0.679184	0.637264	0.575981	0.497197	0.501173	0.489921	0.463783	0.443401	0.409776	0.363701	0.306574	0.247326	
0.207228	0.205956	0.198427	0.184869	0.165693	0.141483	0.112974	0.0810329	0.0466292	0.0108086	0.0720408	0.132165	0.188273	0.238661	0.281797	0.316371	0.341332	0.355922	0.359697	0.44057	0.508057	0.560106	0.595137	0.612084	0.610434	0.590236	0.552105	0.497197	0.525629	0.538089	0.534199	0.514079	0.478338	0.428063	0.364782	0.290417	
0.207228	0.205956	0.198427	0.184869	0.165693	0.148746	0.13454	0.116247	0.109938	0.109728	0.17356	0.232119	0.283626	0.326514	0.371257	0.420449	0.460279	0.486124	0.497197	0.575981	0.637264	0.679184	0.700468	0.700468	0.679184	0.637264	0.575981	0.497197	0.522346	0.534956	0.531313	0.511525	0.476195	0.426397	0.363642	0.289838	
0.207228	0.205956	0.198427	0.184869	0.165693	0.148746	0.135072	0.144395	0.14933	0.149728	0.213387	0.270562	0.331616	0.383	0.422747	0.455294	0.478037	0.493938	0.497197	0.575981	0.637264	0.679184	0.700468	0.700468	0.679184	0.637264	0.575981	0.497197	0.512308	0.521851	0.515539	0.493563	0.456589	0.405743	0.342568	0.276525	
0.207228	0.205956	0.198427	0.184869	0.165693	0.149734	0.166827	0.17885	0.18544	0.186394	0.249062	0.30931	0.367701	0.414918	0.449529	0.470482	0.489921	0.501173	0.497197	0.575981	0.637264	0.679184	0.700468	0.700468	0.679184	0.637264	0.575981	0.497197	0.510434	0.508162	0.492445	0.473135	0.439448	0.392409	0.333447	0.271894	
0.207228	0.205956	0.198427	0.184869	0.165693	0.165693	0.184869	0.198427	0.205956	0.207228	0.269579	0.328887	0.385743	0.430878	0.462921	0.480898	0.497046	0.504791	0.497197	0.575981	0.637264	0.679184	0.700468	0.700468	0.679184	0.637264	0.575981	0.497197	0.504791	0.497046	0.480898	0.462921	0.430878	0.385743	0.328887	0.269579	
0.207228	0.205956	0.198427	0.184869	0.165693	0.175269	0.195694	0.210173	0.218267	0.219728	0.281889	0.340633	0.396568	0.440453	0.470956	0.487148	0.501322	0.506961	0.497197	0.575981	0.637264	0.679184	0.700468	0.700468	0.679184	0.637264	0.575981	0.497197	0.504791	0.497046	0.474199	0.456792	0.425735	0.381743	0.326151	0.267843	
0.219728	0.218267	0.210173	0.195694	0.175269	0.149518	0.119224	0.0853081	0.0487998	0.0108086	0.0698702	0.12789	0.182023	0.230626	0.272222	0.305546	0.329586	0.343612	0.347197	0.42826	0.49631	0.54928	0.585561	0.604049	0.604184	0.585961	0.549934	0.497197	0.527799	0.542364	0.540449	0.522114	0.487914	0.438889	0.376528	0.302727	
0.219728	0.218267	0.210173	0.195694	0.175269	0.15678	0.14079	0.120522	0.109938	0.109728	0.171824	0.228699	0.278626	0.320086	0.367845	0.420449	0.460279	0.486124	0.497197	0.575981	0.637264	0.679184	0.700468	0.700468	0.679184	0.637264	0.575981	0.497197	0.524516	0.539232	0.537563	0.51956	0.485771	0.437222	0.375388	0.302148	
0.219728	0.218267	0.210173	0.195694	0.175269	0.15678	0.14079	0.144395	0.14933	0.149728	0.211216	0.26742	0.327616	0.377858	0.416618	0.444469	0.47567	0.493938	0.497197	0.575981	0.637264	0.679184	0.700468	0.700468	0.679184	0.637264	0.575981	0.497197	0.514478	0.526127	0.521789	0.501597	0.466165	0.416568	0.354314	0.288835	
0.219728	0.218267	0.210173	0.195694	0.175269	0.15678	0.166827	0.17885	0.18544	0.186394	0.247326	0.306574	0.363701	0.409776	0.443401	0.463783	0.489921	0.501173	0.497197	0.575981	0.637264	0.679184	0.700468	0.700468	0.679184	0.637264	0.575981	0.497197	0.511824	0.510898	0.498695	0.48117	0.449024	0.403235	0.345194	0.284205	
0.219728	0.218267	0.210173	0.195694	0.175269	0.165693	0.184869	0.198427	0.205956	0.207228	0.267843	0.326151	0.381743	0.425735	0.456792	0.474199	0.497046	0.504791	0.497197	0.575981	0.637264	0.679184	0.700468	0.700468	0.679184	0.637264	0.575981	0.497197	0.506961	0.501322	0.487148	0.470956	0.440453	0.396568	0.340633	0.281889	
0.219728	0.218267	0.210173	0.195694	0.175269	0.175269	0.195694	0.210173	0.218267	0.219728	0.280153	0.337897	0.392568	0.435311	0.464827	0.480449	0.501322	0.506961	0.497197	0.575981	0.637264	0.679184	0.700468	0.700468	0.679184	0.637264	0.575981	0.497197	0.506961	0.501322	0.480449	0.464827	0.435311	0.392568	0.337897	0.280153	
