0.100663	0.116614	0.129021	0.137509	0.141818	0.141818	0.137509	0.129021	0.116614	0.100663	0.903214	1.67832	2.40243	3.05355	3.61188	4.06047	4.38569	4.57764	4.63051	5.36424	5.93499	6.3254	6.52361	6.52361	6.3254	5.93499	5.36424	4.63051	4.57764	4.38569	4.06047	3.61188	3.05355	2.40243	1.67832	0.903214	
0.100663	0.132231	0.159781	0.182475	0.199626	0.210711	0.215393	0.213531	0.205181	0.190597	0.991781	1.76283	2.48032	3.12244	3.66969	4.10544	4.41645	4.59326	4.63051	5.3573	5.92131	6.3054	6.4979	6.49297	6.29076	5.8974	5.32485	4.59051	4.53825	4.3481	4.02583	3.58124	3.02784	2.38243	1.66464	0.896268	
0.100663	0.139177	0.173461	0.202475	0.225337	0.241353	0.250034	0.251119	0.244574	0.230597	1.03117	1.80042	2.51496	3.15308	3.6954	4.12544	4.43013	4.60021	4.63051	5.35035	5.90762	6.2854	6.47219	6.46233	6.25611	5.85981	5.28546	4.55051	4.49886	4.31051	3.99119	3.5506	3.00213	2.36243	1.65096	0.889322	
0.100663	0.145544	0.186002	0.220809	0.248906	0.269441	0.281789	0.285575	0.280683	0.267264	1.06728	1.83487	2.54671	3.18117	3.71897	4.14377	4.44267	4.60657	4.63051	5.34398	5.89508	6.26706	6.44862	6.43424	6.22436	5.82536	5.24935	4.51384	4.46275	4.27606	3.95944	3.52251	2.97856	2.3441	1.63842	0.882955	
0.100663	0.149162	0.193128	0.231225	0.262298	0.2854	0.299831	0.305151	0.3012	0.288097	1.0878	1.85445	2.56476	3.19713	3.73236	4.15419	4.44979	4.61019	4.63051	5.34037	5.88796	6.25665	6.43523	6.41828	6.20632	5.80578	5.22883	4.49301	4.44223	4.25648	3.94139	3.50655	2.96516	2.33368	1.63129	0.879337	
0.100663	0.151332	0.197403	0.237475	0.270333	0.294976	0.310656	0.316898	0.31351	0.300597	1.10011	1.8662	2.57558	3.20671	3.7404	4.16044	4.45407	4.61236	4.63051	5.3382	5.88368	6.2504	6.4272	6.40871	6.19549	5.79403	5.21652	4.48051	4.42992	4.24473	3.93057	3.49698	2.95713	2.32743	1.62702	0.877167	
0.190597	0.205181	0.213531	0.215393	0.210711	0.199626	0.182475	0.159781	0.132231	0.100663	0.896268	1.66464	2.38243	3.02784	3.58124	4.02583	4.3481	4.53825	4.59051	5.32485	5.8974	6.29076	6.49297	6.4979	6.3054	5.92131	5.3573	4.63051	4.59326	4.41645	4.10544	3.66969	3.12244	2.48032	1.76283	0.991781	
0.190597	0.205181	0.213531	0.215393	0.210711	0.210711	0.215393	0.213531	0.205181	0.190597	0.991202	1.76169	2.47865	3.1203	3.66714	4.10255	4.41331	4.58998	4.63051	5.36424	5.93499	6.3254	6.52361	6.52361	6.3254	5.93499	5.36424	4.63051	4.58998	4.41331	4.10255	3.66714	3.1203	2.47865	1.76169	0.991202	
0.190597	0.205181	0.213531	0.220752	0.231492	0.241353	0.250034	0.251119	0.244574	0.230597	1.03059	1.79928	2.51329	3.15094	3.69285	4.12255	4.42699	4.59692	4.63051	5.36424	5.93499	6.3254	6.52361	6.52361	6.3254	5.93499	5.36424	4.63051	4.57937	4.38908	4.06546	3.62697	3.07828	2.44032	1.73547	0.977889	
0.190597	0.205181	0.215846	0.239086	0.255061	0.269441	0.281789	0.285575	0.280683	0.267264	1.0667	1.83373	2.54505	3.17903	3.71642	4.14089	4.43953	4.60329	4.63051	5.36424	5.93499	6.3254	6.52361	6.52361	6.3254	5.93499	5.36424	4.63051	4.57416	4.37882	4.05101	3.6055	3.05388	2.42698	1.72635	0.973259	
0.190597	0.205181	0.222972	0.249502	0.268452	0.2854	0.299831	0.305151	0.3012	0.288097	1.08722	1.85331	2.56309	3.19499	3.72981	4.1513	4.44666	4.60691	4.63051	5.36424	5.93499	6.3254	6.52361	6.52361	6.3254	5.93499	5.36424	4.63051	4.57069	4.37198	4.04044	3.58954	3.04531	2.42032	1.72179	0.970943	
0.190597	0.205181	0.227247	0.255752	0.276487	0.294976	0.310656	0.316898	0.31351	0.300597	1.09953	1.86506	2.57391	3.20456	3.73784	4.15755	4.45094	4.60908	4.63051	5.36424	5.93499	6.3254	6.52361	6.52361	6.3254	5.93499	5.36424	4.63051	4.57069	4.37198	4.04044	3.58613	3.03888	2.41532	1.71837	0.969207	
0.230597	0.244574	0.251119	0.250034	0.241353	0.225337	0.202475	0.173461	0.139177	0.100663	0.889322	1.65096	2.36243	3.00213	3.5506	3.99119	4.31051	4.49886	4.55051	5.28546	5.85981	6.25611	6.46233	6.47219	6.2854	5.90762	5.35035	4.63051	4.60021	4.43013	4.12544	3.6954	3.15308	2.51496	1.80042	1.03117	
0.230597	0.244574	0.251119	0.250034	0.241353	0.231492	0.220752	0.213531	0.205181	0.190597	0.977889	1.73547	2.44032	3.07828	3.62697	4.06546	4.38908	4.57937	4.63051	5.36424	5.93499	6.3254	6.52361	6.52361	6.3254	5.93499	5.36424	4.63051	4.59692	4.42699	4.12255	3.69285	3.15094	2.51329	1.79928	1.03059	
0.230597	0.244574	0.251119	0.250034	0.241353	0.241353	0.250034	0.251119	0.244574	0.230597	1.02162	1.78161	2.48831	3.1275	3.67167	4.10428	4.41218	4.58805	4.63051	5.36424	5.93499	6.3254	6.52361	6.52361	6.3254	5.93499	5.36424	4.63051	4.58805	4.41218	4.10428	3.67167	3.1275	2.48831	1.78161	1.02162	
0.230597	0.244574	0.251119	0.250034	0.255061	0.269441	0.281789	0.285575	0.280683	0.267264	1.05339	1.81266	2.52439	3.15942	3.69846	4.12511	4.42643	4.59325	4.63051	5.36424	5.93499	6.3254	6.52361	6.52361	6.3254	5.93499	5.36424	4.63051	4.58805	4.40618	4.09044	3.65124	3.11036	2.47497	1.76736	1.01439	
0.230597	0.244574	0.251119	0.250034	0.268452	0.2854	0.299831	0.305151	0.3012	0.288097	1.07391	1.83224	2.54243	3.17538	3.71185	4.13553	4.43356	4.59687	4.63051	5.36424	5.93499	6.3254	6.52361	6.52361	6.3254	5.93499	5.36424	4.63051	4.5785	4.38974	4.07528	3.64103	3.10179	2.46831	1.76023	1.01077	
0.230597	0.244574	0.251119	0.255752	0.276487	0.294976	0.310656	0.316898	0.31351	0.300597	1.08622	1.84398	2.55326	3.18496	3.71988	4.14178	4.43783	4.59904	4.63051	5.36424	5.93499	6.3254	6.52361	6.52361	6.3254	5.93499	5.36424	4.63051	4.5785	4.38737	4.06446	3.6349	3.09665	2.46431	1.75709	1.0086	
0.267264	0.280683	0.285575	0.281789	0.269441	0.248906	0.220809	0.186002	0.145544	0.100663	0.882955	1.63842	2.3441	2.97856	3.52251	3.95944	4.27606	4.46275	4.51384	5.24935	5.82536	6.22436	6.43424	6.44862	6.26706	5.89508	5.34398	4.63051	4.60657	4.44267	4.14377	3.71897	3.18117	2.54671	1.83487	1.06728	
0.267264	0.280683	0.285575	0.281789	0.269441	0.255061	0.239086	0.215846	0.205181	0.190597	0.973259	1.72635	2.42698	3.05388	3.6055	4.05101	4.37882	4.57416	4.63051	5.36424	5.93499	6.3254	6.52361	6.52361	6.3254	5.93499	5.36424	4.63051	4.60329	4.43953	4.14089	3.71642	3.17903	2.54505	1.83373	1.0667	
0.267264	0.280683	0.285575	0.281789	0.269441	0.255061	0.250034	0.251119	0.244574	0.230597	1.01439	1.76736	2.47497	3.11036	3.65124	4.09044	4.40618	4.58805	4.63051	5.36424	5.93499	6.3254	6.52361	6.52361	6.3254	5.93499	5.36424	4.63051	4.59325	4.42643	4.12511	3.69846	3.15942	2.52439	1.81266	1.05339	
0.267264	0.280683	0.285575	0.281789	0.269441	0.269441	0.281789	0.285575	0.280683	0.267264	1.04876	1.80354	2.51106	3.14228	3.67803	4.10377	4.41531	4.59268	4.63051	5.36424	5.93499	6.3254	6.52361	6.52361	6.3254	5.93499	5.36424	4.63051	4.59268	4.41531	4.10377	3.67803	3.14228	2.51106	1.80354	1.04876	
0.267264	0.280683	0.285575	0.281789	0.269441	0.2854	0.299831	0.305151	0.3012	0.288097	1.06928	1.82312	2.5291	3.15824	3.69142	4.11243	4.41987	4.595	4.63051	5.36424	5.93499	6.3254	6.52361	6.52361	6.3254	5.93499	5.36424	4.63051	4.58574	4.40162	4.09047	3.66781	3.13371	2.50439	1.79898	1.04645	
0.267264	0.280683	0.285575	0.281789	0.276487	0.294976	0.310656	0.316898	0.31351	0.300597	1.08159	1.83486	2.53993	3.16782	3.69945	4.11868	4.4226	4.59639	4.63051	5.36424	5.93499	6.3254	6.52361	6.52361	6.3254	5.93499	5.36424	4.63051	4.58574	4.40162	4.08377	3.66169	3.12857	2.50039	1.79624	1.04471	
0.288097	0.3012	0.305151	0.299831	0.2854	0.262298	0.231225	0.193128	0.149162	0.100663	0.879337	1.63129	2.33368	2.96516	3.50655	3.94139	4.25648	4.44223	4.49301	5.22883	5.80578	6.20632	6.41828	6.43523	6.25665	5.88796	5.34037	4.63051	4.61019	4.44979	4.15419	3.73236	3.19713	2.56476	1.85445	1.0878	
0.288097	0.3012	0.305151	0.299831	0.2854	0.268452	0.249502	0.222972	0.205181	0.190597	0.970943	1.72179	2.42032	3.04531	3.58954	4.04044	4.37198	4.57069	4.63051	5.36424	5.93499	6.3254	6.52361	6.52361	6.3254	5.93499	5.36424	4.63051	4.60691	4.44666	4.1513	3.72981	3.19499	2.56309	1.85331	1.08722	
0.288097	0.3012	0.305151	0.299831	0.2854	0.268452	0.250034	0.251119	0.244574	0.230597	1.01077	1.76023	2.46831	3.10179	3.64103	4.07528	4.38974	4.5785	4.63051	5.36424	5.93499	6.3254	6.52361	6.52361	6.3254	5.93499	5.36424	4.63051	4.59687	4.43356	4.13553	3.71185	3.17538	2.54243	1.83224	1.07391	
0.288097	0.3012	0.305151	0.299831	0.2854	0.269441	0.281789	0.285575	0.280683	0.267264	1.04645	1.79898	2.50439	3.13371	3.66781	4.09047	4.40162	4.58574	4.63051	5.36424	5.93499	6.3254	6.52361	6.52361	6.3254	5.93499	5.36424	4.63051	4.595	4.41987	4.11243	3.69142	3.15824	2.5291	1.82312	1.06928	
0.288097	0.3012	0.305151	0.299831	0.2854	0.2854	0.299831	0.305151	0.3012	0.288097	1.06696	1.81856	2.52243	3.14967	3.6812	4.10089	4.40875	4.58935	4.63051	5.36424	5.93499	6.3254	6.52361	6.52361	6.3254	5.93499	5.36424	4.63051	4.58935	4.40875	4.10089	3.6812	3.14967	2.52243	1.81856	1.06696	
0.288097	0.3012	0.305151	0.299831	0.2854	0.294976	0.310656	0.316898	0.31351	0.300597	1.07927	1.8303	2.53326	3.15925	3.68924	4.10714	4.41303	4.59152	4.63051	5.36424	5.93499	6.3254	6.52361	6.52361	6.3254	5.93499	5.36424	4.63051	4.58935	4.40875	4.09419	3.67508	3.14453	2.51843	1.81582	1.06523	
0.300597	0.31351	0.316898	0.310656	0.294976	0.270333	0.237475	0.197403	0.151332	0.100663	0.877167	1.62702	2.32743	2.95713	3.49698	3.93057	4.24473	4.42992	4.48051	5.21652	5.79403	6.19549	6.40871	6.4272	6.2504	5.88368	5.3382	4.63051	4.61236	4.45407	4.16044	3.7404	3.20671	2.57558	1.8662	1.10011	
0.300597	0.31351	0.316898	0.310656	0.294976	0.276487	0.255752	0.227247	0.205181	0.190597	0.969207	1.71837	2.41532	3.03888	3.58613	4.04044	4.37198	4.57069	4.63051	5.36424	5.93499	6.3254	6.52361	6.52361	6.3254	5.93499	5.36424	4.63051	4.60908	4.45094	4.15755	3.73784	3.20456	2.57391	1.86506	1.09953	
0.300597	0.31351	0.316898	0.310656	0.294976	0.276487	0.255752	0.251119	0.244574	0.230597	1.0086	1.75709	2.46431	3.09665	3.6349	4.06446	4.38737	4.5785	4.63051	5.36424	5.93499	6.3254	6.52361	6.52361	6.3254	5.93499	5.36424	4.63051	4.59904	4.43783	4.14178	3.71988	3.18496	2.55326	1.84398	1.08622	
0.300597	0.31351	0.316898	0.310656	0.294976	0.276487	0.281789	0.285575	0.280683	0.267264	1.04471	1.79624	2.50039	3.12857	3.66169	4.08377	4.40162	4.58574	4.63051	5.36424	5.93499	6.3254	6.52361	6.52361	6.3254	5.93499	5.36424	4.63051	4.59639	4.4226	4.11868	3.69945	3.16782	2.53993	1.83486	1.08159	
0.300597	0.31351	0.316898	0.310656	0.294976	0.2854	0.299831	0.305151	0.3012	0.288097	1.06523	1.81582	2.51843	3.14453	3.67508	4.09419	4.40875	4.58935	4.63051	5.36424	5.93499	6.3254	6.52361	6.52361	6.3254	5.93499	5.36424	4.63051	4.59152	4.41303	4.10714	3.68924	3.15925	2.53326	1.8303	1.07927	
0.300597	0.31351	0.316898	0.310656	0.294976	0.294976	0.310656	0.316898	0.31351	0.300597	1.07754	1.82757	2.52926	3.1541	3.68311	4.10044	4.41303	4.59152	4.63051	5.36424	5.93499	6.3254	6.52361	6.52361	6.3254	5.93499	5.36424	4.63051	4.59152	4.41303	4.10044	3.68311	3.1541	2.52926	1.82757	1.07754	
