0.0515396	0.0597064	0.066059	0.0704044	0.0726107	0.0726107	0.0704044	0.066059	0.0597064	0.0515396	0.462446	0.8593	1.23005	1.56342	1.84928	2.07896	2.24547	2.34375	2.37082	2.74649	3.03871	3.2386	3.34009	3.34009	3.2386	3.03871	2.74649	2.37082	2.34375	2.24547	2.07896	1.84928	1.56342	1.23005	0.8593	0.462446	
0.0515396	0.0761762	0.0984982	0.117827	0.133577	0.145267	0.152543	0.155185	0.153111	0.146386	0.555851	0.948426	1.31218	1.63607	1.91025	2.12638	2.27791	2.36022	2.37082	2.73955	3.02503	3.2186	3.31438	3.30945	3.20396	3.00113	2.7071	2.33082	2.30347	2.20612	2.04174	1.81533	1.53376	1.20558	0.841515	0.453416	
0.0515396	0.0831221	0.112179	0.137827	0.159288	0.175909	0.187185	0.192773	0.192504	0.186386	0.595243	0.986014	1.34683	1.66671	1.93596	2.14638	2.29159	2.36717	2.37082	2.7326	3.01135	3.1986	3.28867	3.27881	3.16932	2.96354	2.66771	2.29082	2.26407	2.16853	2.0071	1.78469	1.50805	1.18558	0.827834	0.44647	
0.0515396	0.0894892	0.12472	0.156161	0.182857	0.203997	0.218939	0.227228	0.228613	0.223052	0.631353	1.02047	1.37858	1.6948	1.95953	2.16472	2.30413	2.37354	2.37082	2.72623	2.99881	3.18027	3.2651	3.25072	3.13757	2.92908	2.6316	2.25416	2.22796	2.13408	1.97535	1.7566	1.48448	1.16725	0.815294	0.440103	
0.0515396	0.0931069	0.131845	0.166577	0.196248	0.219956	0.236981	0.246805	0.24913	0.243886	0.651869	1.04005	1.39662	1.71076	1.97292	2.17513	2.31126	2.37715	2.37082	2.72262	2.99168	3.16985	3.25171	3.23476	3.11952	2.90951	2.61108	2.23332	2.20745	2.1145	1.95731	1.74064	1.47109	1.15683	0.808168	0.436485	
0.0515396	0.0952775	0.13612	0.172827	0.204283	0.229532	0.247806	0.258551	0.26144	0.256386	0.664179	1.05179	1.40745	1.72034	1.98096	2.18138	2.31553	2.37932	2.37082	2.72045	2.98741	3.1636	3.24367	3.22518	3.1087	2.89776	2.59877	2.22082	2.19514	2.10275	1.94648	1.73106	1.46305	1.15058	0.803893	0.434315	
0.146386	0.153111	0.155185	0.152543	0.145267	0.133577	0.117827	0.0984982	0.0761762	0.0515396	0.453416	0.841515	1.20558	1.53376	1.81533	2.04174	2.20612	2.30347	2.33082	2.7071	3.00113	3.20396	3.30945	3.31438	3.2186	3.02503	2.73955	2.37082	2.36022	2.27791	2.12638	1.91025	1.63607	1.31218	0.948426	0.555851	
0.146386	0.153111	0.155185	0.152543	0.145267	0.145267	0.152543	0.155185	0.153111	0.146386	0.555272	0.947286	1.31052	1.63393	1.9077	2.1235	2.27478	2.35694	2.37082	2.74649	3.03871	3.2386	3.34009	3.34009	3.2386	3.03871	2.74649	2.37082	2.35694	2.27478	2.1235	1.9077	1.63393	1.31052	0.947286	0.555272	
0.146386	0.153111	0.155185	0.157902	0.166048	0.175909	0.187185	0.192773	0.192504	0.186386	0.594664	0.984874	1.34516	1.66457	1.93341	2.1435	2.28846	2.36389	2.37082	2.74649	3.03871	3.2386	3.34009	3.34009	3.2386	3.03871	2.74649	2.37082	2.34633	2.25055	2.0864	1.86753	1.59191	1.27218	0.921065	0.541959	
0.146386	0.153111	0.1575	0.176236	0.189617	0.203997	0.218939	0.227228	0.228613	0.223052	0.630774	1.01933	1.37691	1.69266	1.95698	2.16183	2.301	2.37025	2.37082	2.74649	3.03871	3.2386	3.34009	3.34009	3.2386	3.03871	2.74649	2.37082	2.34112	2.24029	2.07195	1.84606	1.56751	1.25885	0.911944	0.537328	
0.146386	0.153111	0.164625	0.186652	0.203008	0.219956	0.236981	0.246805	0.24913	0.243886	0.651291	1.03891	1.39496	1.70862	1.97037	2.17225	2.30813	2.37387	2.37082	2.74649	3.03871	3.2386	3.34009	3.34009	3.2386	3.03871	2.74649	2.37082	2.33765	2.23345	2.06138	1.8301	1.55894	1.25218	0.907384	0.535013	
0.146386	0.153111	0.1689	0.192902	0.211043	0.229532	0.247806	0.258551	0.26144	0.256386	0.663601	1.05065	1.40578	1.7182	1.9784	2.1785	2.3124	2.37604	2.37082	2.74649	3.03871	3.2386	3.34009	3.34009	3.2386	3.03871	2.74649	2.37082	2.33765	2.23345	2.06138	1.82669	1.55251	1.24718	0.903964	0.533276	
0.186386	0.192504	0.192773	0.187185	0.175909	0.159288	0.137827	0.112179	0.0831221	0.0515396	0.44647	0.827834	1.18558	1.50805	1.78469	2.0071	2.16853	2.26407	2.29082	2.66771	2.96354	3.16932	3.27881	3.28867	3.1986	3.01135	2.7326	2.37082	2.36717	2.29159	2.14638	1.93596	1.66671	1.34683	0.986014	0.595243	
0.186386	0.192504	0.192773	0.187185	0.175909	0.166048	0.157902	0.155185	0.153111	0.146386	0.541959	0.921065	1.27218	1.59191	1.86753	2.0864	2.25055	2.34633	2.37082	2.74649	3.03871	3.2386	3.34009	3.34009	3.2386	3.03871	2.74649	2.37082	2.36389	2.28846	2.1435	1.93341	1.66457	1.34516	0.984874	0.594664	
0.186386	0.192504	0.192773	0.187185	0.175909	0.175909	0.187185	0.192773	0.192504	0.186386	0.585692	0.967203	1.32018	1.64114	1.91223	2.12522	2.27364	2.35501	2.37082	2.74649	3.03871	3.2386	3.34009	3.34009	3.2386	3.03871	2.74649	2.37082	2.35501	2.27364	2.12522	1.91223	1.64114	1.32018	0.967203	0.585692	
0.186386	0.192504	0.192773	0.187185	0.189617	0.203997	0.218939	0.227228	0.228613	0.223052	0.617461	0.998255	1.35626	1.67305	1.93901	2.14606	2.28789	2.36022	2.37082	2.74649	3.03871	3.2386	3.34009	3.34009	3.2386	3.03871	2.74649	2.37082	2.35501	2.26765	2.11138	1.8918	1.62399	1.30684	0.952952	0.578457	
0.186386	0.192504	0.192773	0.187185	0.203008	0.219956	0.236981	0.246805	0.24913	0.243886	0.637978	1.01783	1.3743	1.68901	1.95241	2.15647	2.29502	2.36383	2.37082	2.74649	3.03871	3.2386	3.34009	3.34009	3.2386	3.03871	2.74649	2.37082	2.34546	2.25121	2.09623	1.88159	1.61542	1.30018	0.945827	0.574839	
0.186386	0.192504	0.192773	0.192902	0.211043	0.229532	0.247806	0.258551	0.26144	0.256386	0.650288	1.02958	1.38513	1.69859	1.96044	2.16272	2.2993	2.366	2.37082	2.74649	3.03871	3.2386	3.34009	3.34009	3.2386	3.03871	2.74649	2.37082	2.34546	2.24884	2.0854	1.87546	1.61028	1.29618	0.942685	0.572669	
0.223052	0.228613	0.227228	0.218939	0.203997	0.182857	0.156161	0.12472	0.0894892	0.0515396	0.440103	0.815294	1.16725	1.48448	1.7566	1.97535	2.13408	2.22796	2.25416	2.6316	2.92908	3.13757	3.25072	3.2651	3.18027	2.99881	2.72623	2.37082	2.37354	2.30413	2.16472	1.95953	1.6948	1.37858	1.02047	0.631353	
0.223052	0.228613	0.227228	0.218939	0.203997	0.189617	0.176236	0.1575	0.153111	0.146386	0.537328	0.911944	1.25885	1.56751	1.84606	2.07195	2.24029	2.34112	2.37082	2.74649	3.03871	3.2386	3.34009	3.34009	3.2386	3.03871	2.74649	2.37082	2.37025	2.301	2.16183	1.95698	1.69266	1.37691	1.01933	0.630774	
0.223052	0.228613	0.227228	0.218939	0.203997	0.189617	0.187185	0.192773	0.192504	0.186386	0.578457	0.952952	1.30684	1.62399	1.8918	2.11138	2.26765	2.35501	2.37082	2.74649	3.03871	3.2386	3.34009	3.34009	3.2386	3.03871	2.74649	2.37082	2.36022	2.28789	2.14606	1.93901	1.67305	1.35626	0.998255	0.617461	
0.223052	0.228613	0.227228	0.218939	0.203997	0.203997	0.218939	0.227228	0.228613	0.223052	0.61283	0.989135	1.34293	1.65591	1.91859	2.12472	2.27677	2.35964	2.37082	2.74649	3.03871	3.2386	3.34009	3.34009	3.2386	3.03871	2.74649	2.37082	2.35964	2.27677	2.12472	1.91859	1.65591	1.34293	0.989135	0.61283	
0.223052	0.228613	0.227228	0.218939	0.203997	0.219956	0.236981	0.246805	0.24913	0.243886	0.633347	1.00871	1.36097	1.67187	1.93198	2.13338	2.28133	2.36196	2.37082	2.74649	3.03871	3.2386	3.34009	3.34009	3.2386	3.03871	2.74649	2.37082	2.3527	2.26309	2.11142	1.90837	1.64734	1.33626	0.984575	0.610515	
0.223052	0.228613	0.227228	0.218939	0.211043	0.229532	0.247806	0.258551	0.26144	0.256386	0.645657	1.02046	1.37179	1.68145	1.94001	2.13963	2.28407	2.36335	2.37082	2.74649	3.03871	3.2386	3.34009	3.34009	3.2386	3.03871	2.74649	2.37082	2.3527	2.26309	2.10472	1.90224	1.6422	1.33226	0.981838	0.608778	
0.243886	0.24913	0.246805	0.236981	0.219956	0.196248	0.166577	0.131845	0.0931069	0.0515396	0.436485	0.808168	1.15683	1.47109	1.74064	1.95731	2.1145	2.20745	2.23332	2.61108	2.90951	3.11952	3.23476	3.25171	3.16985	2.99168	2.72262	2.37082	2.37715	2.31126	2.17513	1.97292	1.71076	1.39662	1.04005	0.651869	
0.243886	0.24913	0.246805	0.236981	0.219956	0.203008	0.186652	0.164625	0.153111	0.146386	0.535013	0.907384	1.25218	1.55894	1.8301	2.06138	2.23345	2.33765	2.37082	2.74649	3.03871	3.2386	3.34009	3.34009	3.2386	3.03871	2.74649	2.37082	2.37387	2.30813	2.17225	1.97037	1.70862	1.39496	1.03891	0.651291	
0.243886	0.24913	0.246805	0.236981	0.219956	0.203008	0.187185	0.192773	0.192504	0.186386	0.574839	0.945827	1.30018	1.61542	1.88159	2.09623	2.25121	2.34546	2.37082	2.74649	3.03871	3.2386	3.34009	3.34009	3.2386	3.03871	2.74649	2.37082	2.36383	2.29502	2.15647	1.95241	1.68901	1.3743	1.01783	0.637978	
0.243886	0.24913	0.246805	0.236981	0.219956	0.203997	0.218939	0.227228	0.228613	0.223052	0.610515	0.984575	1.33626	1.64734	1.90837	2.11142	2.26309	2.3527	2.37082	2.74649	3.03871	3.2386	3.34009	3.34009	3.2386	3.03871	2.74649	2.37082	2.36196	2.28133	2.13338	1.93198	1.67187	1.36097	1.00871	0.633347	
0.243886	0.24913	0.246805	0.236981	0.219956	0.219956	0.236981	0.246805	0.24913	0.243886	0.631032	1.00415	1.3543	1.6633	1.92176	2.12183	2.27022	2.35632	2.37082	2.74649	3.03871	3.2386	3.34009	3.34009	3.2386	3.03871	2.74649	2.37082	2.35632	2.27022	2.12183	1.92176	1.6633	1.3543	1.00415	0.631032	
0.243886	0.24913	0.246805	0.236981	0.219956	0.229532	0.247806	0.258551	0.26144	0.256386	0.643342	1.0159	1.36513	1.67288	1.9298	2.12808	2.27449	2.35849	2.37082	2.74649	3.03871	3.2386	3.34009	3.34009	3.2386	3.03871	2.74649	2.37082	2.35632	2.27022	2.11513	1.91564	1.65816	1.3503	1.00142	0.629295	
0.256386	0.26144	0.258551	0.247806	0.229532	0.204283	0.172827	0.13612	0.0952775	0.0515396	0.434315	0.803893	1.15058	1.46305	1.73106	1.94648	2.10275	2.19514	2.22082	2.59877	2.89776	3.1087	3.22518	3.24367	3.1636	2.98741	2.72045	2.37082	2.37932	2.31553	2.18138	1.98096	1.72034	1.40745	1.05179	0.664179	
0.256386	0.26144	0.258551	0.247806	0.229532	0.211043	0.192902	0.1689	0.153111	0.146386	0.533276	0.903964	1.24718	1.55251	1.82669	2.06138	2.23345	2.33765	2.37082	2.74649	3.03871	3.2386	3.34009	3.34009	3.2386	3.03871	2.74649	2.37082	2.37604	2.3124	2.1785	1.9784	1.7182	1.40578	1.05065	0.663601	
0.256386	0.26144	0.258551	0.247806	0.229532	0.211043	0.192902	0.192773	0.192504	0.186386	0.572669	0.942685	1.29618	1.61028	1.87546	2.0854	2.24884	2.34546	2.37082	2.74649	3.03871	3.2386	3.34009	3.34009	3.2386	3.03871	2.74649	2.37082	2.366	2.2993	2.16272	1.96044	1.69859	1.38513	1.02958	0.650288	
0.256386	0.26144	0.258551	0.247806	0.229532	0.211043	0.218939	0.227228	0.228613	0.223052	0.608778	0.981838	1.33226	1.6422	1.90224	2.10472	2.26309	2.3527	2.37082	2.74649	3.03871	3.2386	3.34009	3.34009	3.2386	3.03871	2.74649	2.37082	2.36335	2.28407	2.13963	1.94001	1.68145	1.37179	1.02046	0.645657	
0.256386	0.26144	0.258551	0.247806	0.229532	0.219956	0.236981	0.246805	0.24913	0.243886	0.629295	1.00142	1.3503	1.65816	1.91564	2.11513	2.27022	2.35632	2.37082	2.74649	3.03871	3.2386	3.34009	3.34009	3.2386	3.03871	2.74649	2.37082	2.35849	2.27449	2.12808	1.9298	1.67288	1.36513	1.0159	0.643342	
0.256386	0.26144	0.258551	0.247806	0.229532	0.229532	0.247806	0.258551	0.26144	0.256386	0.641605	1.01316	1.36113	1.66774	1.92367	2.12138	2.27449	2.35849	2.37082	2.74649	3.03871	3.2386	3.34009	3.34009	3.2386	3.03871	2.74649	2.37082	2.35849	2.27449	2.12138	1.92367	1.66774	1.36113	1.01316	0.641605	
