-5.29907	-6.23607	-6.98358	-7.5189	-7.82423	-7.82423	-7.5189	-6.98358	-6.23607	-5.29907	-4.20107	-2.96655	-1.63715	-0.257997	1.12899	2.49649	3.79549	4.97916	6.01154	6.96411	7.70507	8.21192	8.46925	8.46925	8.21192	7.70507	6.96411	6.01154	4.97916	3.79549	2.49649	1.12899	-0.257997	-1.63715	-2.96655	-4.20107	
-5.17986	-5.10203	-4.86918	-4.48838	-3.96365	-3.2379	-2.35823	-1.40087	-0.400959	0.611139	1.60477	2.55332	3.43308	4.21606	4.89159	5.42899	5.80144	5.99761	6.01154	5.92117	5.6509	5.20892	4.60867	3.86839	3.01057	2.06127	1.04935	0.0055409	-0.894017	-1.76641	-2.58513	-3.32531	-3.96444	-4.48312	-4.86558	-5.1002	
-5.22523	-5.1357	-4.89012	-4.49595	-3.96365	-3.2379	-2.35823	-1.40087	-0.400959	0.611139	1.6093	2.57763	3.4724	4.26685	4.94302	5.46899	5.8288	6.0115	6.01154	5.92117	5.6509	5.20892	4.60867	3.86839	3.01057	2.06127	1.04935	0.0055409	-0.908256	-1.79446	-2.62613	-3.37801	-4.02726	-4.55413	-4.93011	-5.156	
-5.24761	-5.1531	-4.90202	-4.502	-3.96365	-3.2379	-2.35823	-1.40024	-0.384667	0.642594	1.65033	2.61679	3.50849	4.29358	4.96016	5.48233	5.83792	6.01613	6.01154	5.92117	5.6509	5.20892	4.60867	3.86839	3.01057	2.06127	1.04935	0.0055409	-0.908256	-1.79446	-2.62613	-3.37801	-4.02726	-4.55413	-4.94264	-5.18096	
-5.2588	-5.16181	-4.90798	-4.50502	-3.96365	-3.2379	-2.35523	-1.38066	-0.36415	0.663428	1.67085	2.63636	3.52653	4.30954	4.96873	5.48899	5.84248	6.01844	6.01154	5.92117	5.6509	5.20892	4.60867	3.86839	3.01057	2.06127	1.04935	0.0055409	-0.922847	-1.8097	-2.64156	-3.39316	-4.04166	-4.56735	-4.95427	-5.19066	
-5.26551	-5.16703	-4.91155	-4.50683	-3.96365	-3.2379	-2.3444	-1.36892	-0.35184	0.675928	1.68316	2.64811	3.53735	4.31912	4.97387	5.49299	5.84522	6.01983	6.01154	5.92117	5.6509	5.20892	4.60867	3.86839	3.01057	2.06127	1.04935	0.0055409	-0.93604	-1.82391	-2.65599	-3.40737	-4.05522	-4.57985	-4.96533	-5.19993	
0.611139	-0.400959	-1.40087	-2.35823	-3.2379	-3.96365	-4.48838	-4.86918	-5.10203	-5.17986	-5.1002	-4.86558	-4.48312	-3.96444	-3.32531	-2.58513	-1.76641	-0.894017	0.0055409	1.04935	2.06127	3.01057	3.86839	4.60867	5.20892	5.6509	5.92117	6.01154	5.99761	5.80144	5.42899	4.89159	4.21606	3.43308	2.55332	1.60477	
0.650472	0.640543	0.617158	0.57502	0.515411	0.515411	0.57502	0.617158	0.640543	0.650472	0.641553	0.613139	0.566096	0.501852	0.42236	0.330035	0.227681	0.11841	0.0055409	0.00641889	0.00710185	0.00756902	0.0078062	0.0078062	0.00756902	0.00710185	0.00641889	0.0055409	0.11841	0.227681	0.330035	0.42236	0.501852	0.566096	0.613139	0.641553	
0.611139	0.621134	0.612256	0.584775	0.545544	0.559842	0.62525	0.675008	0.708335	0.720139	0.710161	0.678605	0.626429	0.55522	0.467141	0.364868	0.251509	0.130508	0.0055409	0.00641889	0.00710185	0.00756902	0.0078062	0.0078062	0.00756902	0.00710185	0.00641889	0.0055409	0.0949097	0.184829	0.275512	0.357823	0.430419	0.491459	0.5419	0.582674	
0.611139	0.627501	0.624797	0.603108	0.569113	0.58793	0.657256	0.714162	0.749369	0.761806	0.751194	0.717758	0.662514	0.587139	0.493924	0.385701	0.26576	0.137743	0.0055409	0.00641889	0.00710185	0.00756902	0.0078062	0.0078062	0.00756902	0.00710185	0.00641889	0.0055409	0.0945624	0.180711	0.261368	0.334084	0.40904	0.471749	0.527649	0.576306	
0.611139	0.631119	0.631922	0.613525	0.582504	0.603889	0.675298	0.733739	0.769885	0.782639	0.771711	0.737335	0.680556	0.603098	0.507315	0.396118	0.272885	0.141361	0.0055409	0.00641889	0.00710185	0.00756902	0.0078062	0.0078062	0.00756902	0.00710185	0.00641889	0.0055409	0.082407	0.165471	0.245943	0.318943	0.395649	0.461332	0.520524	0.572689	
0.611139	0.633289	0.636197	0.619775	0.590539	0.613465	0.686124	0.745485	0.782195	0.795139	0.784021	0.749081	0.691381	0.612674	0.51535	0.402368	0.27716	0.143531	0.0055409	0.00641889	0.00710185	0.00756902	0.0078062	0.0078062	0.00756902	0.00710185	0.00641889	0.0055409	0.082407	0.156769	0.23151	0.308368	0.387614	0.455082	0.516249	0.570518	
0.611139	-0.400959	-1.40087	-2.35823	-3.2379	-3.96365	-4.49595	-4.89012	-5.1357	-5.22523	-5.156	-4.93011	-4.55413	-4.02726	-3.37801	-2.62613	-1.79446	-0.908256	0.0055409	1.04935	2.06127	3.01057	3.86839	4.60867	5.20892	5.6509	5.92117	6.01154	6.0115	5.8288	5.46899	4.94302	4.26685	3.4724	2.57763	1.6093	
0.720139	0.708335	0.675008	0.62525	0.559842	0.545544	0.584775	0.612256	0.621134	0.611139	0.582674	0.5419	0.491459	0.430419	0.357823	0.275512	0.184829	0.0949097	0.0055409	0.00641889	0.00710185	0.00756902	0.0078062	0.0078062	0.00756902	0.00710185	0.00641889	0.0055409	0.130508	0.251509	0.364868	0.467141	0.55522	0.626429	0.678605	0.710161	
0.674768	0.674668	0.654069	0.613596	0.559842	0.559842	0.613596	0.654069	0.674668	0.674768	0.654366	0.614081	0.560742	0.492405	0.414433	0.323868	0.223463	0.116268	0.0055409	0.00641889	0.00710185	0.00756902	0.0078062	0.0078062	0.00756902	0.00710185	0.00641889	0.0055409	0.116268	0.223463	0.323868	0.414433	0.492405	0.560742	0.614081	0.654366	
0.652392	0.657263	0.642163	0.607551	0.569113	0.58793	0.64968	0.693223	0.715702	0.716435	0.695399	0.653234	0.5915	0.524323	0.441215	0.344701	0.237714	0.123504	0.0055409	0.00641889	0.00710185	0.00756902	0.0078062	0.0078062	0.00756902	0.00710185	0.00641889	0.0055409	0.116268	0.223463	0.323868	0.414433	0.492405	0.555415	0.60155	0.629407	
0.641204	0.64856	0.63621	0.613525	0.582504	0.603889	0.667723	0.7128	0.736219	0.737268	0.715916	0.672811	0.609542	0.540282	0.454607	0.355118	0.244839	0.127121	0.0055409	0.00641889	0.00710185	0.00756902	0.0078062	0.0078062	0.00756902	0.00710185	0.00641889	0.0055409	0.101677	0.208223	0.308443	0.399291	0.478007	0.542199	0.589916	0.619709	
0.634492	0.643339	0.636197	0.619775	0.590539	0.613465	0.678548	0.724546	0.748529	0.749768	0.728226	0.684558	0.620367	0.549858	0.462642	0.361368	0.249115	0.129292	0.0055409	0.00641889	0.00710185	0.00756902	0.0078062	0.0078062	0.00756902	0.00710185	0.00641889	0.0055409	0.0962989	0.194009	0.29401	0.385077	0.464444	0.529699	0.578859	0.610431	
0.642594	-0.384667	-1.40024	-2.35823	-3.2379	-3.96365	-4.502	-4.90202	-5.1531	-5.24761	-5.18096	-4.94264	-4.55413	-4.02726	-3.37801	-2.62613	-1.79446	-0.908256	0.0055409	1.04935	2.06127	3.01057	3.86839	4.60867	5.20892	5.6509	5.92117	6.01154	6.01613	5.83792	5.48233	4.96016	4.29358	3.50849	2.61679	1.65033	
0.761806	0.749369	0.714162	0.657256	0.58793	0.569113	0.603108	0.624797	0.627501	0.611139	0.576306	0.527649	0.471749	0.40904	0.334084	0.261368	0.180711	0.0945624	0.0055409	0.00641889	0.00710185	0.00756902	0.0078062	0.0078062	0.00756902	0.00710185	0.00641889	0.0055409	0.137743	0.26576	0.385701	0.493924	0.587139	0.662514	0.717758	0.751194	
0.716435	0.715702	0.693223	0.64968	0.58793	0.569113	0.607551	0.642163	0.657263	0.652392	0.629407	0.60155	0.555415	0.492405	0.414433	0.323868	0.223463	0.116268	0.0055409	0.00641889	0.00710185	0.00756902	0.0078062	0.0078062	0.00756902	0.00710185	0.00641889	0.0055409	0.123504	0.237714	0.344701	0.441215	0.524323	0.5915	0.653234	0.695399	
0.694059	0.698297	0.681317	0.643636	0.58793	0.58793	0.643636	0.681317	0.698297	0.694059	0.67044	0.640704	0.5915	0.524323	0.441215	0.344701	0.237714	0.123504	0.0055409	0.00641889	0.00710185	0.00756902	0.0078062	0.0078062	0.00756902	0.00710185	0.00641889	0.0055409	0.123504	0.237714	0.344701	0.441215	0.524323	0.5915	0.640704	0.67044	
0.682871	0.689594	0.675364	0.640613	0.58793	0.603889	0.661678	0.700894	0.718813	0.714892	0.690957	0.660281	0.609542	0.540282	0.454607	0.355118	0.244839	0.127121	0.0055409	0.00641889	0.00710185	0.00756902	0.0078062	0.0078062	0.00756902	0.00710185	0.00641889	0.0055409	0.108912	0.222474	0.329277	0.426074	0.509925	0.578283	0.62907	0.660742	
0.676158	0.684372	0.671792	0.6388	0.590539	0.613465	0.672503	0.71264	0.731124	0.727392	0.703267	0.672027	0.620367	0.549858	0.462642	0.361368	0.249115	0.129292	0.0055409	0.00641889	0.00710185	0.00756902	0.0078062	0.0078062	0.00756902	0.00710185	0.00641889	0.0055409	0.10093	0.20826	0.314843	0.41186	0.496362	0.565783	0.618013	0.651465	
0.663428	-0.36415	-1.38066	-2.35523	-3.2379	-3.96365	-4.50502	-4.90798	-5.16181	-5.2588	-5.19066	-4.95427	-4.56735	-4.04166	-3.39316	-2.64156	-1.8097	-0.922847	0.0055409	1.04935	2.06127	3.01057	3.86839	4.60867	5.20892	5.6509	5.92117	6.01154	6.01844	5.84248	5.48899	4.96873	4.30954	3.52653	2.63636	1.67085	
0.782639	0.769885	0.733739	0.675298	0.603889	0.582504	0.613525	0.631922	0.631119	0.611139	0.572689	0.520524	0.461332	0.395649	0.318943	0.245943	0.165471	0.082407	0.0055409	0.00641889	0.00710185	0.00756902	0.0078062	0.0078062	0.00756902	0.00710185	0.00641889	0.0055409	0.141361	0.272885	0.396118	0.507315	0.603098	0.680556	0.737335	0.771711	
0.737268	0.736219	0.7128	0.667723	0.603889	0.582504	0.613525	0.63621	0.64856	0.641204	0.619709	0.589916	0.542199	0.478007	0.399291	0.308443	0.208223	0.101677	0.0055409	0.00641889	0.00710185	0.00756902	0.0078062	0.0078062	0.00756902	0.00710185	0.00641889	0.0055409	0.127121	0.244839	0.355118	0.454607	0.540282	0.609542	0.672811	0.715916	
0.714892	0.718813	0.700894	0.661678	0.603889	0.58793	0.640613	0.675364	0.689594	0.682871	0.660742	0.62907	0.578283	0.509925	0.426074	0.329277	0.222474	0.108912	0.0055409	0.00641889	0.00710185	0.00756902	0.0078062	0.0078062	0.00756902	0.00710185	0.00641889	0.0055409	0.127121	0.244839	0.355118	0.454607	0.540282	0.609542	0.660281	0.690957	
0.703704	0.710111	0.694941	0.658655	0.603889	0.603889	0.658655	0.694941	0.710111	0.703704	0.681259	0.648647	0.596325	0.525885	0.439465	0.339693	0.2296	0.11253	0.0055409	0.00641889	0.00710185	0.00756902	0.0078062	0.0078062	0.00756902	0.00710185	0.00641889	0.0055409	0.11253	0.2296	0.339693	0.439465	0.525885	0.596325	0.648647	0.681259	
0.696992	0.704889	0.691369	0.656842	0.603889	0.613465	0.669481	0.706687	0.722421	0.716204	0.693569	0.660393	0.60715	0.53546	0.4475	0.345943	0.233875	0.114701	0.0055409	0.00641889	0.00710185	0.00756902	0.0078062	0.0078062	0.00756902	0.00710185	0.00641889	0.0055409	0.103245	0.215385	0.32526	0.425251	0.512321	0.583825	0.63759	0.671981	
0.675928	-0.35184	-1.36892	-2.3444	-3.2379	-3.96365	-4.50683	-4.91155	-5.16703	-5.26551	-5.19993	-4.96533	-4.57985	-4.05522	-3.40737	-2.65599	-1.82391	-0.93604	0.0055409	1.04935	2.06127	3.01057	3.86839	4.60867	5.20892	5.6509	5.92117	6.01154	6.01983	5.84522	5.49299	4.97387	4.31912	3.53735	2.64811	1.68316	
0.795139	0.782195	0.745485	0.686124	0.613465	0.590539	0.619775	0.636197	0.633289	0.611139	0.570518	0.516249	0.455082	0.387614	0.308368	0.23151	0.156769	0.082407	0.0055409	0.00641889	0.00710185	0.00756902	0.0078062	0.0078062	0.00756902	0.00710185	0.00641889	0.0055409	0.143531	0.27716	0.402368	0.51535	0.612674	0.691381	0.749081	0.784021	
0.749768	0.748529	0.724546	0.678548	0.613465	0.590539	0.619775	0.636197	0.643339	0.634492	0.610431	0.578859	0.529699	0.464444	0.385077	0.29401	0.194009	0.0962989	0.0055409	0.00641889	0.00710185	0.00756902	0.0078062	0.0078062	0.00756902	0.00710185	0.00641889	0.0055409	0.129292	0.249115	0.361368	0.462642	0.549858	0.620367	0.684558	0.728226	
0.727392	0.731124	0.71264	0.672503	0.613465	0.590539	0.6388	0.671792	0.684372	0.676158	0.651465	0.618013	0.565783	0.496362	0.41186	0.314843	0.20826	0.10093	0.0055409	0.00641889	0.00710185	0.00756902	0.0078062	0.0078062	0.00756902	0.00710185	0.00641889	0.0055409	0.129292	0.249115	0.361368	0.462642	0.549858	0.620367	0.672027	0.703267	
0.716204	0.722421	0.706687	0.669481	0.613465	0.603889	0.656842	0.691369	0.704889	0.696992	0.671981	0.63759	0.583825	0.512321	0.425251	0.32526	0.215385	0.103245	0.0055409	0.00641889	0.00710185	0.00756902	0.0078062	0.0078062	0.00756902	0.00710185	0.00641889	0.0055409	0.114701	0.233875	0.345943	0.4475	0.53546	0.60715	0.660393	0.693569	
0.709492	0.717199	0.703115	0.667667	0.613465	0.613465	0.667667	0.703115	0.717199	0.709492	0.684292	0.649336	0.59465	0.521897	0.433286	0.33151	0.219661	0.104634	0.0055409	0.00641889	0.00710185	0.00756902	0.0078062	0.0078062	0.00756902	0.00710185	0.00641889	0.0055409	0.104634	0.219661	0.33151	0.433286	0.521897	0.59465	0.649336	0.684292	
