(46008)	5,5,3, | 0,0,0, | 
(46008)	5,5,3, | 0,0,0, | 
(46008)	5,5,3, | 0,0,0, | 
(46008)	5,5,3, | 0,0,0, | 
(46008)	5,5,3, | 0,0,0, | 
(213)	0,0,0, | 5,5,3, | 
(213)	0,0,0, | 5,5,3, | 
(213)	0,0,0, | 5,5,3, | 
(213)	0,0,0, | 5,5,3, | 
(213)	0,0,0, | 5,5,3, | 
(213)	0,0,0, | 5,5,3, | 
(25053)	3,1,1, | 5,5,3, | 
(7989)	1,0,0, | 5,5,3, | 
(39092)	5,0,0, | 5,5,2, | 
(31316)	4,0,0, | 5,5,2, | 
(41900)	5,2,1, | 5,5,2, | 
(41900)	5,2,1, | 5,5,2, | 
(41900)	5,2,1, | 5,5,2, | 
(7988)	1,0,0, | 5,5,2, | 
(7988)	1,0,0, | 5,5,2, | 
(42)	0,0,0, | 1,1,0, | 
(19530)	2,3,0, | 2,3,0, | 
(11922)	1,3,1, | 1,1,0, | 
(12019)	1,3,1, | 3,5,1, | 
(11922)	1,3,1, | 1,1,0, | 
(28878)	3,4,1, | 4,1,0, | 
(19776)	2,3,1, | 3,2,0, | 
(42907)	5,3,0, | 3,5,1, | 
(9114)	1,1,0, | 1,1,0, | 
(9222)	1,1,0, | 4,1,0, | 
(9272)	1,1,0, | 5,3,2, | 
(45828)	5,5,2, | 1,0,0, | 
(45828)	5,5,2, | 1,0,0, | 
(45828)	5,5,2, | 1,0,0, | 
(45985)	5,5,2, | 5,2,1, | 
(45828)	5,5,2, | 1,0,0, | 
(45864)	5,5,2, | 2,0,0, | 
(45828)	5,5,2, | 1,0,0, | 
(46080)	5,5,3, | 2,0,0, | 
(46044)	5,5,3, | 1,0,0, | 
(46008)	5,5,3, | 0,0,0, | 
(46008)	5,5,3, | 0,0,0, | 
(46008)	5,5,3, | 0,0,0, | 
(46008)	5,5,3, | 0,0,0, | 
(46008)	5,5,3, | 0,0,0, | 
(46008)	5,5,3, | 0,0,0, | 
(46008)	5,5,3, | 0,0,0, | 
(46008)	5,5,3, | 0,0,0, | 
(46008)	5,5,3, | 0,0,0, | 
(46008)	5,5,3, | 0,0,0, | 
(0)	0,0,0, | 0,0,0, | 
(19440)	2,3,0, | 0,0,0, | 
(29376)	3,4,4, | 0,0,0, | 
(18144)	2,2,0, | 0,0,0, | 
(19440)	2,3,0, | 0,0,0, | 
(11880)	1,3,1, | 0,0,0, | 
(36720)	4,4,2, | 0,0,0, | 
(33912)	4,2,1, | 0,0,0, | 
(30240)	3,5,2, | 0,0,0, | 
(7988)	1,0,0, | 5,5,2, | 
(42)	0,0,0, | 1,1,0, | 
(19494)	2,3,0, | 1,3,0, | 
(7843)	1,0,0, | 1,5,1, | 
(38922)	5,0,0, | 1,1,0, | 
(7818)	1,0,0, | 1,1,0, | 
(29875)	3,5,0, | 1,5,1, | 
(13470)	1,4,2, | 2,1,0, | 
(19723)	2,3,1, | 1,5,1, | 
(9163)	1,1,0, | 2,3,1, | 
(42)	0,0,0, | 1,1,0, | 
(67)	0,0,0, | 1,5,1, | 
(46051)	5,5,3, | 1,1,1, | 
(46051)	5,5,3, | 1,1,1, | 
(46051)	5,5,3, | 1,1,1, | 
(46078)	5,5,3, | 1,5,4, | 
(46051)	5,5,3, | 1,1,1, | 
(46051)	5,5,3, | 1,1,1, | 
(46058)	5,5,3, | 1,2,2, | 
(46078)	5,5,3, | 1,5,4, | 
(46051)	5,5,3, | 1,1,1, | 
(46008)	5,5,3, | 0,0,0, | 
(46008)	5,5,3, | 0,0,0, | 
(46008)	5,5,3, | 0,0,0, | 
(46008)	5,5,3, | 0,0,0, | 
(46008)	5,5,3, | 0,0,0, | 
(46008)	5,5,3, | 0,0,0, | 
(46008)	5,5,3, | 0,0,0, | 
(46008)	5,5,3, | 0,0,0, | 
(46008)	5,5,3, | 0,0,0, | 
(46008)	5,5,3, | 0,0,0, | 
(0)	0,0,0, | 0,0,0, | 
(19440)	2,3,0, | 0,0,0, | 
(29376)	3,4,4, | 0,0,0, | 
(18144)	2,2,0, | 0,0,0, | 
(19440)	2,3,0, | 0,0,0, | 
(11880)	1,3,1, | 0,0,0, | 
(36720)	4,4,2, | 0,0,0, | 
(33912)	4,2,1, | 0,0,0, | 
(30240)	3,5,2, | 0,0,0, | 
(7825)	1,0,0, | 1,2,1, | 
(42)	0,0,0, | 1,1,0, | 
(19494)	2,3,0, | 1,3,0, | 
(7843)	1,0,0, | 1,5,1, | 
(38922)	5,0,0, | 1,1,0, | 
(7818)	1,0,0, | 1,1,0, | 
(13303)	1,4,1, | 3,3,1, | 
(13339)	1,4,1, | 4,3,1, | 
(19723)	2,3,1, | 1,5,1, | 
(9163)	1,1,0, | 2,3,1, | 
(42)	0,0,0, | 1,1,0, | 
(67)	0,0,0, | 1,5,1, | 
(46195)	5,5,3, | 5,1,1, | 
(46107)	5,5,3, | 2,4,3, | 
(46107)	5,5,3, | 2,4,3, | 
(46078)	5,5,3, | 1,5,4, | 
(46136)	5,5,3, | 3,3,2, | 
(46107)	5,5,3, | 2,4,3, | 
(46058)	5,5,3, | 1,2,2, | 
(46078)	5,5,3, | 1,5,4, | 
(46107)	5,5,3, | 2,4,3, | 
(46008)	5,5,3, | 0,0,0, | 
(46008)	5,5,3, | 0,0,0, | 
(46008)	5,5,3, | 0,0,0, | 
(46008)	5,5,3, | 0,0,0, | 
(46008)	5,5,3, | 0,0,0, | 
(46008)	5,5,3, | 0,0,0, | 
(46008)	5,5,3, | 0,0,0, | 
(46008)	5,5,3, | 0,0,0, | 
(46008)	5,5,3, | 0,0,0, | 
(46008)	5,5,3, | 0,0,0, | 
(0)	0,0,0, | 0,0,0, | 
(19440)	2,3,0, | 0,0,0, | 
(29376)	3,4,4, | 0,0,0, | 
(18144)	2,2,0, | 0,0,0, | 
(19440)	2,3,0, | 0,0,0, | 
(11880)	1,3,1, | 0,0,0, | 
(36720)	4,4,2, | 0,0,0, | 
(33912)	4,2,1, | 0,0,0, | 
(30240)	3,5,2, | 0,0,0, | 
(7825)	1,0,0, | 1,2,1, | 
(42)	0,0,0, | 1,1,0, | 
(19494)	2,3,0, | 1,3,0, | 
(7843)	1,0,0, | 1,5,1, | 
(38922)	5,0,0, | 1,1,0, | 
(7818)	1,0,0, | 1,1,0, | 
(29875)	3,5,0, | 1,5,1, | 
(42966)	5,3,0, | 5,3,0, | 
(19578)	2,3,0, | 3,5,0, | 
(9163)	1,1,0, | 2,3,1, | 
(42)	0,0,0, | 1,1,0, | 
(67)	0,0,0, | 1,5,1, | 
(46123)	5,5,3, | 3,1,1, | 
(46107)	5,5,3, | 2,4,3, | 
(46107)	5,5,3, | 2,4,3, | 
(46078)	5,5,3, | 1,5,4, | 
(46123)	5,5,3, | 3,1,1, | 
(46107)	5,5,3, | 2,4,3, | 
(46058)	5,5,3, | 1,2,2, | 
(46078)	5,5,3, | 1,5,4, | 
(46107)	5,5,3, | 2,4,3, | 
(46008)	5,5,3, | 0,0,0, | 
(46008)	5,5,3, | 0,0,0, | 
(46008)	5,5,3, | 0,0,0, | 
(46008)	5,5,3, | 0,0,0, | 
(46008)	5,5,3, | 0,0,0, | 
(46008)	5,5,3, | 0,0,0, | 
(46008)	5,5,3, | 0,0,0, | 
(46008)	5,5,3, | 0,0,0, | 
(46008)	5,5,3, | 0,0,0, | 
(46008)	5,5,3, | 0,0,0, | 
(0)	0,0,0, | 0,0,0, | 
(19440)	2,3,0, | 0,0,0, | 
(29376)	3,4,4, | 0,0,0, | 
(18144)	2,2,0, | 0,0,0, | 
(19440)	2,3,0, | 0,0,0, | 
(11880)	1,3,1, | 0,0,0, | 
(36720)	4,4,2, | 0,0,0, | 
(33912)	4,2,1, | 0,0,0, | 
(30240)	3,5,2, | 0,0,0, | 
(7825)	1,0,0, | 1,2,1, | 
(42)	0,0,0, | 1,1,0, | 
(19494)	2,3,0, | 1,3,0, | 
(7843)	1,0,0, | 1,5,1, | 
(38922)	5,0,0, | 1,1,0, | 
(7818)	1,0,0, | 1,1,0, | 
(29875)	3,5,0, | 1,5,1, | 
(7818)	1,0,0, | 1,1,0, | 
(19578)	2,3,0, | 3,5,0, | 
(9163)	1,1,0, | 2,3,1, | 
(42)	0,0,0, | 1,1,0, | 
(67)	0,0,0, | 1,5,1, | 
(46123)	5,5,3, | 3,1,1, | 
(46107)	5,5,3, | 2,4,3, | 
(46107)	5,5,3, | 2,4,3, | 
(46078)	5,5,3, | 1,5,4, | 
(46123)	5,5,3, | 3,1,1, | 
(46107)	5,5,3, | 2,4,3, | 
(46058)	5,5,3, | 1,2,2, | 
(46078)	5,5,3, | 1,5,4, | 
(46107)	5,5,3, | 2,4,3, | 
(46008)	5,5,3, | 0,0,0, | 
(46008)	5,5,3, | 0,0,0, | 
(46008)	5,5,3, | 0,0,0, | 
(46008)	5,5,3, | 0,0,0, | 
(46008)	5,5,3, | 0,0,0, | 
(46008)	5,5,3, | 0,0,0, | 
(46008)	5,5,3, | 0,0,0, | 
(46008)	5,5,3, | 0,0,0, | 
(46008)	5,5,3, | 0,0,0, | 
(46008)	5,5,3, | 0,0,0, | 
(0)	0,0,0, | 0,0,0, | 
(19440)	2,3,0, | 0,0,0, | 
(29376)	3,4,4, | 0,0,0, | 
(18144)	2,2,0, | 0,0,0, | 
(19440)	2,3,0, | 0,0,0, | 
(11880)	1,3,1, | 0,0,0, | 
(36720)	4,4,2, | 0,0,0, | 
(33912)	4,2,1, | 0,0,0, | 
(30240)	3,5,2, | 0,0,0, | 
(7825)	1,0,0, | 1,2,1, | 
(42)	0,0,0, | 1,1,0, | 
(19494)	2,3,0, | 1,3,0, | 
(7843)	1,0,0, | 1,5,1, | 
(38922)	5,0,0, | 1,1,0, | 
(7818)	1,0,0, | 1,1,0, | 
(13388)	1,4,1, | 5,5,2, | 
(7818)	1,0,0, | 1,1,0, | 
(19578)	2,3,0, | 3,5,0, | 
(9163)	1,1,0, | 2,3,1, | 
(42)	0,0,0, | 1,1,0, | 
(67)	0,0,0, | 1,5,1, | 
(46123)	5,5,3, | 3,1,1, | 
(46107)	5,5,3, | 2,4,3, | 
(46107)	5,5,3, | 2,4,3, | 
(46078)	5,5,3, | 1,5,4, | 
(46123)	5,5,3, | 3,1,1, | 
(46107)	5,5,3, | 2,4,3, | 
(46058)	5,5,3, | 1,2,2, | 
(46078)	5,5,3, | 1,5,4, | 
(46107)	5,5,3, | 2,4,3, | 
(0)	0,0,0, | 0,0,0, | 
(213)	0,0,0, | 5,5,3, | 
(213)	0,0,0, | 5,5,3, | 
(213)	0,0,0, | 5,5,3, | 
(213)	0,0,0, | 5,5,3, | 
(213)	0,0,0, | 5,5,3, | 
(213)	0,0,0, | 5,5,3, | 
(213)	0,0,0, | 5,5,3, | 
(213)	0,0,0, | 5,5,3, | 
(213)	0,0,0, | 5,5,3, | 
(213)	0,0,0, | 5,5,3, | 
(9501)	1,1,1, | 5,5,3, | 
(11013)	1,2,2, | 5,5,3, | 
(31317)	4,0,0, | 5,5,3, | 
(31317)	4,0,0, | 5,5,3, | 
(9501)	1,1,1, | 5,5,3, | 
(9501)	1,1,1, | 5,5,3, | 
(32829)	4,1,1, | 5,5,3, | 
(9501)	1,1,1, | 5,5,3, | 
(12309)	1,3,2, | 5,5,3, | 
(36)	0,0,0, | 1,0,0, | 
(27500)	3,3,1, | 1,5,2, | 
(9156)	1,1,0, | 2,2,0, | 
(37891)	4,5,1, | 2,3,1, | 
(9211)	1,1,0, | 3,5,1, | 
(19764)	2,3,1, | 3,0,0, | 
(9108)	1,1,0, | 1,0,0, | 
(9114)	1,1,0, | 1,1,0, | 
(9114)	1,1,0, | 1,1,0, | 
(9162)	1,1,0, | 2,3,0, | 
(9272)	1,1,0, | 5,3,2, | 
(45828)	5,5,2, | 1,0,0, | 
(67)	0,0,0, | 1,5,1, | 
(177)	0,0,0, | 4,5,3, | 
(70)	0,0,0, | 1,5,4, | 
(42)	0,0,0, | 1,1,0, | 
(193)	0,0,0, | 5,2,1, | 
(61)	0,0,0, | 1,4,1, | 
(42)	0,0,0, | 1,1,0, | 
(70)	0,0,0, | 1,5,4, | 
(0)	0,0,0, | 0,0,0, | 
(0)	0,0,0, | 0,0,0, | 
(0)	0,0,0, | 0,0,0, | 
(0)	0,0,0, | 0,0,0, | 
(0)	0,0,0, | 0,0,0, | 
(0)	0,0,0, | 0,0,0, | 
(0)	0,0,0, | 0,0,0, | 
(0)	0,0,0, | 0,0,0, | 
(0)	0,0,0, | 0,0,0, | 
(0)	0,0,0, | 0,0,0, | 
(0)	0,0,0, | 0,0,0, | 
(45360)	5,5,0, | 0,0,0, | 
(10800)	1,2,2, | 0,0,0, | 
(28512)	3,4,0, | 0,0,0, | 
(21168)	2,4,2, | 0,0,0, | 
(36720)	4,4,2, | 0,0,0, | 
(9288)	1,1,1, | 0,0,0, | 
(32616)	4,1,1, | 0,0,0, | 
(44280)	5,4,1, | 0,0,0, | 
(12312)	1,3,3, | 0,0,0, | 
(36)	0,0,0, | 1,0,0, | 
(13454)	1,4,2, | 1,4,2, | 
(9156)	1,1,0, | 2,2,0, | 
(37868)	4,5,1, | 1,5,2, | 
(9330)	1,1,1, | 1,1,0, | 
(12166)	1,3,2, | 1,5,4, | 
(25017)	3,1,1, | 4,5,3, | 
(16903)	2,1,0, | 1,3,1, | 
(7880)	1,0,0, | 2,5,2, | 
(42)	0,0,0, | 1,1,0, | 
(67)	0,0,0, | 1,5,1, | 
(104)	0,0,0, | 2,5,2, | 
(67)	0,0,0, | 1,5,1, | 
(42)	0,0,0, | 1,1,0, | 
(61)	0,0,0, | 1,4,1, | 
(42)	0,0,0, | 1,1,0, | 
(61)	0,0,0, | 1,4,1, | 
(42)	0,0,0, | 1,1,0, | 
(61)	0,0,0, | 1,4,1, | 
(42)	0,0,0, | 1,1,0, | 
(0)	0,0,0, | 0,0,0, | 
(0)	0,0,0, | 0,0,0, | 
(0)	0,0,0, | 0,0,0, | 
(0)	0,0,0, | 0,0,0, | 
(0)	0,0,0, | 0,0,0, | 
(0)	0,0,0, | 0,0,0, | 
(0)	0,0,0, | 0,0,0, | 
(0)	0,0,0, | 0,0,0, | 
(0)	0,0,0, | 0,0,0, | 
(0)	0,0,0, | 0,0,0, | 
(0)	0,0,0, | 0,0,0, | 
(45360)	5,5,0, | 0,0,0, | 
(10800)	1,2,2, | 0,0,0, | 
(28512)	3,4,0, | 0,0,0, | 
(21168)	2,4,2, | 0,0,0, | 
(36720)	4,4,2, | 0,0,0, | 
(9288)	1,1,1, | 0,0,0, | 
(32616)	4,1,1, | 0,0,0, | 
(44280)	5,4,1, | 0,0,0, | 
(12312)	1,3,3, | 0,0,0, | 
(36)	0,0,0, | 1,0,0, | 
(13454)	1,4,2, | 1,4,2, | 
(9210)	1,1,0, | 3,5,0, | 
(21266)	2,4,2, | 2,4,2, | 
(9270)	1,1,0, | 5,3,0, | 
(12166)	1,3,2, | 1,5,4, | 
(18501)	2,2,1, | 3,5,3, | 
(16903)	2,1,0, | 1,3,1, | 
(7876)	1,0,0, | 2,4,4, | 
(42)	0,0,0, | 1,1,0, | 
(67)	0,0,0, | 1,5,1, | 
(135)	0,0,0, | 3,4,3, | 
(67)	0,0,0, | 1,5,1, | 
(42)	0,0,0, | 1,1,0, | 
(61)	0,0,0, | 1,4,1, | 
(42)	0,0,0, | 1,1,0, | 
(61)	0,0,0, | 1,4,1, | 
(42)	0,0,0, | 1,1,0, | 
(61)	0,0,0, | 1,4,1, | 
(42)	0,0,0, | 1,1,0, | 
(0)	0,0,0, | 0,0,0, | 
(0)	0,0,0, | 0,0,0, | 
(0)	0,0,0, | 0,0,0, | 
(0)	0,0,0, | 0,0,0, | 
(0)	0,0,0, | 0,0,0, | 
(0)	0,0,0, | 0,0,0, | 
(0)	0,0,0, | 0,0,0, | 
(0)	0,0,0, | 0,0,0, | 
(0)	0,0,0, | 0,0,0, | 
(0)	0,0,0, | 0,0,0, | 
(0)	0,0,0, | 0,0,0, | 
(45360)	5,5,0, | 0,0,0, | 
(10800)	1,2,2, | 0,0,0, | 
(28512)	3,4,0, | 0,0,0, | 
(21168)	2,4,2, | 0,0,0, | 
(36720)	4,4,2, | 0,0,0, | 
(9288)	1,1,1, | 0,0,0, | 
(32616)	4,1,1, | 0,0,0, | 
(44280)	5,4,1, | 0,0,0, | 
(12312)	1,3,3, | 0,0,0, | 
(36)	0,0,0, | 1,0,0, | 
(13454)	1,4,2, | 1,4,2, | 
(9228)	1,1,0, | 4,2,0, | 
(21266)	2,4,2, | 2,4,2, | 
(9330)	1,1,1, | 1,1,0, | 
(12166)	1,3,2, | 1,5,4, | 
(207)	0,0,0, | 5,4,3, | 
(16903)	2,1,0, | 1,3,1, | 
(7876)	1,0,0, | 2,4,4, | 
(42)	0,0,0, | 1,1,0, | 
(67)	0,0,0, | 1,5,1, | 
(115)	0,0,0, | 3,1,1, | 
(67)	0,0,0, | 1,5,1, | 
(42)	0,0,0, | 1,1,0, | 
(61)	0,0,0, | 1,4,1, | 
(42)	0,0,0, | 1,1,0, | 
(61)	0,0,0, | 1,4,1, | 
(42)	0,0,0, | 1,1,0, | 
(61)	0,0,0, | 1,4,1, | 
(42)	0,0,0, | 1,1,0, | 
(0)	0,0,0, | 0,0,0, | 
(0)	0,0,0, | 0,0,0, | 
(0)	0,0,0, | 0,0,0, | 
(0)	0,0,0, | 0,0,0, | 
(0)	0,0,0, | 0,0,0, | 
(0)	0,0,0, | 0,0,0, | 
(0)	0,0,0, | 0,0,0, | 
(0)	0,0,0, | 0,0,0, | 
(0)	0,0,0, | 0,0,0, | 
(0)	0,0,0, | 0,0,0, | 
(0)	0,0,0, | 0,0,0, | 
(45360)	5,5,0, | 0,0,0, | 
(10800)	1,2,2, | 0,0,0, | 
(28512)	3,4,0, | 0,0,0, | 
(21168)	2,4,2, | 0,0,0, | 
(36720)	4,4,2, | 0,0,0, | 
(9288)	1,1,1, | 0,0,0, | 
(32616)	4,1,1, | 0,0,0, | 
(44280)	5,4,1, | 0,0,0, | 
(12312)	1,3,3, | 0,0,0, | 
(36)	0,0,0, | 1,0,0, | 
(13454)	1,4,2, | 1,4,2, | 
(9324)	1,1,1, | 1,0,0, | 
(21266)	2,4,2, | 2,4,2, | 
(9330)	1,1,1, | 1,1,0, | 
(12166)	1,3,2, | 1,5,4, | 
(35407)	4,3,1, | 5,3,1, | 
(16903)	2,1,0, | 1,3,1, | 
(7876)	1,0,0, | 2,4,4, | 
(42)	0,0,0, | 1,1,0, | 
(67)	0,0,0, | 1,5,1, | 
(115)	0,0,0, | 3,1,1, | 
(67)	0,0,0, | 1,5,1, | 
(42)	0,0,0, | 1,1,0, | 
(61)	0,0,0, | 1,4,1, | 
(42)	0,0,0, | 1,1,0, | 
(61)	0,0,0, | 1,4,1, | 
(42)	0,0,0, | 1,1,0, | 
(61)	0,0,0, | 1,4,1, | 
(42)	0,0,0, | 1,1,0, | 
(0)	0,0,0, | 0,0,0, | 
(0)	0,0,0, | 0,0,0, | 
(0)	0,0,0, | 0,0,0, | 
(0)	0,0,0, | 0,0,0, | 
(0)	0,0,0, | 0,0,0, | 
(0)	0,0,0, | 0,0,0, | 
(0)	0,0,0, | 0,0,0, | 
(0)	0,0,0, | 0,0,0, | 
(0)	0,0,0, | 0,0,0, | 
(0)	0,0,0, | 0,0,0, | 
(0)	0,0,0, | 0,0,0, | 
(45360)	5,5,0, | 0,0,0, | 
(10800)	1,2,2, | 0,0,0, | 
(28512)	3,4,0, | 0,0,0, | 
(21168)	2,4,2, | 0,0,0, | 
(36720)	4,4,2, | 0,0,0, | 
(9288)	1,1,1, | 0,0,0, | 
(32616)	4,1,1, | 0,0,0, | 
(44280)	5,4,1, | 0,0,0, | 
(12312)	1,3,3, | 0,0,0, | 
(36)	0,0,0, | 1,0,0, | 
(13454)	1,4,2, | 1,4,2, | 
(9282)	1,1,0, | 5,5,0, | 
(21266)	2,4,2, | 2,4,2, | 
(9330)	1,1,1, | 1,1,0, | 
(12166)	1,3,2, | 1,5,4, | 
(7836)	1,0,0, | 1,4,0, | 
(16903)	2,1,0, | 1,3,1, | 
(7876)	1,0,0, | 2,4,4, | 
(42)	0,0,0, | 1,1,0, | 
(67)	0,0,0, | 1,5,1, | 
(115)	0,0,0, | 3,1,1, | 
(67)	0,0,0, | 1,5,1, | 
(42)	0,0,0, | 1,1,0, | 
(61)	0,0,0, | 1,4,1, | 
(42)	0,0,0, | 1,1,0, | 
(61)	0,0,0, | 1,4,1, | 
(42)	0,0,0, | 1,1,0, | 
(61)	0,0,0, | 1,4,1, | 
(42)	0,0,0, | 1,1,0, | 
(0)	0,0,0, | 0,0,0, | 
(213)	0,0,0, | 5,5,3, | 
(213)	0,0,0, | 5,5,3, | 
(213)	0,0,0, | 5,5,3, | 
(213)	0,0,0, | 5,5,3, | 
(213)	0,0,0, | 5,5,3, | 
(213)	0,0,0, | 5,5,3, | 
(213)	0,0,0, | 5,5,3, | 
(213)	0,0,0, | 5,5,3, | 
(213)	0,0,0, | 5,5,3, | 
(213)	0,0,0, | 5,5,3, | 
(9501)	1,1,1, | 5,5,3, | 
(11013)	1,2,2, | 5,5,3, | 
(9501)	1,1,1, | 5,5,3, | 
(9501)	1,1,1, | 5,5,3, | 
(9501)	1,1,1, | 5,5,3, | 
(9501)	1,1,1, | 5,5,3, | 
(9501)	1,1,1, | 5,5,3, | 
(9501)	1,1,1, | 5,5,3, | 
(12309)	1,3,2, | 5,5,3, | 
(36)	0,0,0, | 1,0,0, | 
(24693)	3,1,0, | 1,5,3, | 
(9156)	1,1,0, | 2,2,0, | 
(9164)	1,1,0, | 2,3,2, | 
(9211)	1,1,0, | 3,5,1, | 
(25992)	3,2,0, | 2,0,0, | 
(24744)	3,1,0, | 3,2,0, | 
(9114)	1,1,0, | 1,1,0, | 
(9114)	1,1,0, | 1,1,0, | 
(9162)	1,1,0, | 2,3,0, | 
(9272)	1,1,0, | 5,3,2, | 
(10620)	1,2,1, | 1,0,0, | 
(67)	0,0,0, | 1,5,1, | 
(177)	0,0,0, | 4,5,3, | 
(70)	0,0,0, | 1,5,4, | 
(42)	0,0,0, | 1,1,0, | 
(193)	0,0,0, | 5,2,1, | 
(61)	0,0,0, | 1,4,1, | 
(42)	0,0,0, | 1,1,0, | 
(70)	0,0,0, | 1,5,4, | 
(0)	0,0,0, | 0,0,0, | 
(0)	0,0,0, | 0,0,0, | 
(0)	0,0,0, | 0,0,0, | 
(0)	0,0,0, | 0,0,0, | 
(0)	0,0,0, | 0,0,0, | 
(0)	0,0,0, | 0,0,0, | 
(0)	0,0,0, | 0,0,0, | 
(0)	0,0,0, | 0,0,0, | 
(0)	0,0,0, | 0,0,0, | 
(0)	0,0,0, | 0,0,0, | 
(0)	0,0,0, | 0,0,0, | 
(9288)	1,1,1, | 0,0,0, | 
(10800)	1,2,2, | 0,0,0, | 
(21384)	2,4,3, | 0,0,0, | 
(21384)	2,4,3, | 0,0,0, | 
(21384)	2,4,3, | 0,0,0, | 
(9288)	1,1,1, | 0,0,0, | 
(21384)	2,4,3, | 0,0,0, | 
(21384)	2,4,3, | 0,0,0, | 
(12312)	1,3,3, | 0,0,0, | 
(36)	0,0,0, | 1,0,0, | 
(13454)	1,4,2, | 1,4,2, | 
(9156)	1,1,0, | 2,2,0, | 
(9142)	1,1,0, | 1,5,4, | 
(9330)	1,1,1, | 1,1,0, | 
(12166)	1,3,2, | 1,5,4, | 
(17241)	2,1,1, | 4,5,3, | 
(22639)	2,5,2, | 4,5,1, | 
(7880)	1,0,0, | 2,5,2, | 
(42)	0,0,0, | 1,1,0, | 
(67)	0,0,0, | 1,5,1, | 
(104)	0,0,0, | 2,5,2, | 
(67)	0,0,0, | 1,5,1, | 
(42)	0,0,0, | 1,1,0, | 
(61)	0,0,0, | 1,4,1, | 
(42)	0,0,0, | 1,1,0, | 
(61)	0,0,0, | 1,4,1, | 
(42)	0,0,0, | 1,1,0, | 
(61)	0,0,0, | 1,4,1, | 
(42)	0,0,0, | 1,1,0, | 
(0)	0,0,0, | 0,0,0, | 
(0)	0,0,0, | 0,0,0, | 
(0)	0,0,0, | 0,0,0, | 
(0)	0,0,0, | 0,0,0, | 
(0)	0,0,0, | 0,0,0, | 
(0)	0,0,0, | 0,0,0, | 
(0)	0,0,0, | 0,0,0, | 
(0)	0,0,0, | 0,0,0, | 
(0)	0,0,0, | 0,0,0, | 
(0)	0,0,0, | 0,0,0, | 
(0)	0,0,0, | 0,0,0, | 
(9288)	1,1,1, | 0,0,0, | 
(10800)	1,2,2, | 0,0,0, | 
(21384)	2,4,3, | 0,0,0, | 
(21384)	2,4,3, | 0,0,0, | 
(21384)	2,4,3, | 0,0,0, | 
(9288)	1,1,1, | 0,0,0, | 
(21384)	2,4,3, | 0,0,0, | 
(21384)	2,4,3, | 0,0,0, | 
(12312)	1,3,3, | 0,0,0, | 
(36)	0,0,0, | 1,0,0, | 
(13454)	1,4,2, | 1,4,2, | 
(9210)	1,1,0, | 3,5,0, | 
(9142)	1,1,0, | 1,5,4, | 
(9270)	1,1,0, | 5,3,0, | 
(12166)	1,3,2, | 1,5,4, | 
(17199)	2,1,1, | 3,4,3, | 
(23017)	2,5,4, | 3,2,1, | 
(7876)	1,0,0, | 2,4,4, | 
(42)	0,0,0, | 1,1,0, | 
(67)	0,0,0, | 1,5,1, | 
(135)	0,0,0, | 3,4,3, | 
(67)	0,0,0, | 1,5,1, | 
(42)	0,0,0, | 1,1,0, | 
(61)	0,0,0, | 1,4,1, | 
(42)	0,0,0, | 1,1,0, | 
(61)	0,0,0, | 1,4,1, | 
(42)	0,0,0, | 1,1,0, | 
(61)	0,0,0, | 1,4,1, | 
(42)	0,0,0, | 1,1,0, | 
(0)	0,0,0, | 0,0,0, | 
(0)	0,0,0, | 0,0,0, | 
(0)	0,0,0, | 0,0,0, | 
(0)	0,0,0, | 0,0,0, | 
(0)	0,0,0, | 0,0,0, | 
(0)	0,0,0, | 0,0,0, | 
(0)	0,0,0, | 0,0,0, | 
(0)	0,0,0, | 0,0,0, | 
(0)	0,0,0, | 0,0,0, | 
(0)	0,0,0, | 0,0,0, | 
(0)	0,0,0, | 0,0,0, | 
(9288)	1,1,1, | 0,0,0, | 
(10800)	1,2,2, | 0,0,0, | 
(21384)	2,4,3, | 0,0,0, | 
(21384)	2,4,3, | 0,0,0, | 
(21384)	2,4,3, | 0,0,0, | 
(9288)	1,1,1, | 0,0,0, | 
(21384)	2,4,3, | 0,0,0, | 
(21384)	2,4,3, | 0,0,0, | 
(12312)	1,3,3, | 0,0,0, | 
(36)	0,0,0, | 1,0,0, | 
(13454)	1,4,2, | 1,4,2, | 
(9228)	1,1,0, | 4,2,0, | 
(9142)	1,1,0, | 1,5,4, | 
(9330)	1,1,1, | 1,1,0, | 
(12166)	1,3,2, | 1,5,4, | 
(25047)	3,1,1, | 5,4,3, | 
(22820)	2,5,3, | 3,5,2, | 
(7876)	1,0,0, | 2,4,4, | 
(42)	0,0,0, | 1,1,0, | 
(67)	0,0,0, | 1,5,1, | 
(115)	0,0,0, | 3,1,1, | 
(67)	0,0,0, | 1,5,1, | 
(42)	0,0,0, | 1,1,0, | 
(61)	0,0,0, | 1,4,1, | 
(42)	0,0,0, | 1,1,0, | 
(61)	0,0,0, | 1,4,1, | 
(42)	0,0,0, | 1,1,0, | 
(61)	0,0,0, | 1,4,1, | 
(42)	0,0,0, | 1,1,0, | 
(0)	0,0,0, | 0,0,0, | 
(0)	0,0,0, | 0,0,0, | 
(0)	0,0,0, | 0,0,0, | 
(0)	0,0,0, | 0,0,0, | 
(0)	0,0,0, | 0,0,0, | 
(0)	0,0,0, | 0,0,0, | 
(0)	0,0,0, | 0,0,0, | 
(0)	0,0,0, | 0,0,0, | 
(0)	0,0,0, | 0,0,0, | 
(0)	0,0,0, | 0,0,0, | 
(0)	0,0,0, | 0,0,0, | 
(9288)	1,1,1, | 0,0,0, | 
(10800)	1,2,2, | 0,0,0, | 
(21384)	2,4,3, | 0,0,0, | 
(21384)	2,4,3, | 0,0,0, | 
(21384)	2,4,3, | 0,0,0, | 
(9288)	1,1,1, | 0,0,0, | 
(21384)	2,4,3, | 0,0,0, | 
(21384)	2,4,3, | 0,0,0, | 
(12312)	1,3,3, | 0,0,0, | 
(36)	0,0,0, | 1,0,0, | 
(13454)	1,4,2, | 1,4,2, | 
(9324)	1,1,1, | 1,0,0, | 
(9142)	1,1,0, | 1,5,4, | 
(9330)	1,1,1, | 1,1,0, | 
(12166)	1,3,2, | 1,5,4, | 
(25047)	3,1,1, | 5,4,3, | 
(22820)	2,5,3, | 3,5,2, | 
(7876)	1,0,0, | 2,4,4, | 
(42)	0,0,0, | 1,1,0, | 
(67)	0,0,0, | 1,5,1, | 
(115)	0,0,0, | 3,1,1, | 
(67)	0,0,0, | 1,5,1, | 
(42)	0,0,0, | 1,1,0, | 
(61)	0,0,0, | 1,4,1, | 
(42)	0,0,0, | 1,1,0, | 
(61)	0,0,0, | 1,4,1, | 
(42)	0,0,0, | 1,1,0, | 
(61)	0,0,0, | 1,4,1, | 
(42)	0,0,0, | 1,1,0, | 
(0)	0,0,0, | 0,0,0, | 
(0)	0,0,0, | 0,0,0, | 
(0)	0,0,0, | 0,0,0, | 
(0)	0,0,0, | 0,0,0, | 
(0)	0,0,0, | 0,0,0, | 
(0)	0,0,0, | 0,0,0, | 
(0)	0,0,0, | 0,0,0, | 
(0)	0,0,0, | 0,0,0, | 
(0)	0,0,0, | 0,0,0, | 
(0)	0,0,0, | 0,0,0, | 
(0)	0,0,0, | 0,0,0, | 
(9288)	1,1,1, | 0,0,0, | 
(10800)	1,2,2, | 0,0,0, | 
(21384)	2,4,3, | 0,0,0, | 
(21384)	2,4,3, | 0,0,0, | 
(21384)	2,4,3, | 0,0,0, | 
(9288)	1,1,1, | 0,0,0, | 
(21384)	2,4,3, | 0,0,0, | 
(21384)	2,4,3, | 0,0,0, | 
(12312)	1,3,3, | 0,0,0, | 
(36)	0,0,0, | 1,0,0, | 
(13454)	1,4,2, | 1,4,2, | 
(9282)	1,1,0, | 5,5,0, | 
(9142)	1,1,0, | 1,5,4, | 
(9330)	1,1,1, | 1,1,0, | 
(12166)	1,3,2, | 1,5,4, | 
(38373)	4,5,3, | 3,5,3, | 
(22820)	2,5,3, | 3,5,2, | 
(7876)	1,0,0, | 2,4,4, | 
(42)	0,0,0, | 1,1,0, | 
(67)	0,0,0, | 1,5,1, | 
(115)	0,0,0, | 3,1,1, | 
(67)	0,0,0, | 1,5,1, | 
(42)	0,0,0, | 1,1,0, | 
(61)	0,0,0, | 1,4,1, | 
(42)	0,0,0, | 1,1,0, | 
(61)	0,0,0, | 1,4,1, | 
(42)	0,0,0, | 1,1,0, | 
(61)	0,0,0, | 1,4,1, | 
(42)	0,0,0, | 1,1,0, | 
(0)	0,0,0, | 0,0,0, | 
(213)	0,0,0, | 5,5,3, | 
(213)	0,0,0, | 5,5,3, | 
(213)	0,0,0, | 5,5,3, | 
(213)	0,0,0, | 5,5,3, | 
(213)	0,0,0, | 5,5,3, | 
(213)	0,0,0, | 5,5,3, | 
(213)	0,0,0, | 5,5,3, | 
(213)	0,0,0, | 5,5,3, | 
(213)	0,0,0, | 5,5,3, | 
(213)	0,0,0, | 5,5,3, | 
(9501)	1,1,1, | 5,5,3, | 
(11013)	1,2,2, | 5,5,3, | 
(9501)	1,1,1, | 5,5,3, | 
(31317)	4,0,0, | 5,5,3, | 
(34341)	4,2,2, | 5,5,3, | 
(9501)	1,1,1, | 5,5,3, | 
(34341)	4,2,2, | 5,5,3, | 
(9501)	1,1,1, | 5,5,3, | 
(12309)	1,3,2, | 5,5,3, | 
(36)	0,0,0, | 1,0,0, | 
(38120)	4,5,2, | 2,5,2, | 
(27408)	3,3,0, | 5,2,0, | 
(9164)	1,1,0, | 2,3,2, | 
(9211)	1,1,0, | 3,5,1, | 
(25992)	3,2,0, | 2,0,0, | 
(36618)	4,4,1, | 3,1,0, | 
(9114)	1,1,0, | 1,1,0, | 
(9114)	1,1,0, | 1,1,0, | 
(9162)	1,1,0, | 2,3,0, | 
(9272)	1,1,0, | 5,3,2, | 
(10620)	1,2,1, | 1,0,0, | 
(67)	0,0,0, | 1,5,1, | 
(177)	0,0,0, | 4,5,3, | 
(70)	0,0,0, | 1,5,4, | 
(42)	0,0,0, | 1,1,0, | 
(193)	0,0,0, | 5,2,1, | 
(61)	0,0,0, | 1,4,1, | 
(42)	0,0,0, | 1,1,0, | 
(70)	0,0,0, | 1,5,4, | 
(0)	0,0,0, | 0,0,0, | 
(0)	0,0,0, | 0,0,0, | 
(0)	0,0,0, | 0,0,0, | 
(0)	0,0,0, | 0,0,0, | 
(0)	0,0,0, | 0,0,0, | 
(0)	0,0,0, | 0,0,0, | 
(0)	0,0,0, | 0,0,0, | 
(0)	0,0,0, | 0,0,0, | 
(0)	0,0,0, | 0,0,0, | 
(0)	0,0,0, | 0,0,0, | 
(0)	0,0,0, | 0,0,0, | 
(9288)	1,1,1, | 0,0,0, | 
(10800)	1,2,2, | 0,0,0, | 
(21384)	2,4,3, | 0,0,0, | 
(21384)	2,4,3, | 0,0,0, | 
(21384)	2,4,3, | 0,0,0, | 
(9288)	1,1,1, | 0,0,0, | 
(21384)	2,4,3, | 0,0,0, | 
(21384)	2,4,3, | 0,0,0, | 
(12312)	1,3,3, | 0,0,0, | 
(36)	0,0,0, | 1,0,0, | 
(13454)	1,4,2, | 1,4,2, | 
(9156)	1,1,0, | 2,2,0, | 
(9142)	1,1,0, | 1,5,4, | 
(9330)	1,1,1, | 1,1,0, | 
(12166)	1,3,2, | 1,5,4, | 
(17241)	2,1,1, | 4,5,3, | 
(22639)	2,5,2, | 4,5,1, | 
(7880)	1,0,0, | 2,5,2, | 
(42)	0,0,0, | 1,1,0, | 
(67)	0,0,0, | 1,5,1, | 
(104)	0,0,0, | 2,5,2, | 
(67)	0,0,0, | 1,5,1, | 
(42)	0,0,0, | 1,1,0, | 
(61)	0,0,0, | 1,4,1, | 
(42)	0,0,0, | 1,1,0, | 
(61)	0,0,0, | 1,4,1, | 
(42)	0,0,0, | 1,1,0, | 
(61)	0,0,0, | 1,4,1, | 
(42)	0,0,0, | 1,1,0, | 
(0)	0,0,0, | 0,0,0, | 
(0)	0,0,0, | 0,0,0, | 
(0)	0,0,0, | 0,0,0, | 
(0)	0,0,0, | 0,0,0, | 
(0)	0,0,0, | 0,0,0, | 
(0)	0,0,0, | 0,0,0, | 
(0)	0,0,0, | 0,0,0, | 
(0)	0,0,0, | 0,0,0, | 
(0)	0,0,0, | 0,0,0, | 
(0)	0,0,0, | 0,0,0, | 
(0)	0,0,0, | 0,0,0, | 
(9288)	1,1,1, | 0,0,0, | 
(10800)	1,2,2, | 0,0,0, | 
(21384)	2,4,3, | 0,0,0, | 
(21384)	2,4,3, | 0,0,0, | 
(21384)	2,4,3, | 0,0,0, | 
(9288)	1,1,1, | 0,0,0, | 
(21384)	2,4,3, | 0,0,0, | 
(21384)	2,4,3, | 0,0,0, | 
(12312)	1,3,3, | 0,0,0, | 
(36)	0,0,0, | 1,0,0, | 
(13454)	1,4,2, | 1,4,2, | 
(9210)	1,1,0, | 3,5,0, | 
(9142)	1,1,0, | 1,5,4, | 
(9270)	1,1,0, | 5,3,0, | 
(12166)	1,3,2, | 1,5,4, | 
(17199)	2,1,1, | 3,4,3, | 
(23017)	2,5,4, | 3,2,1, | 
(7876)	1,0,0, | 2,4,4, | 
(42)	0,0,0, | 1,1,0, | 
(67)	0,0,0, | 1,5,1, | 
(135)	0,0,0, | 3,4,3, | 
(67)	0,0,0, | 1,5,1, | 
(42)	0,0,0, | 1,1,0, | 
(61)	0,0,0, | 1,4,1, | 
(42)	0,0,0, | 1,1,0, | 
(61)	0,0,0, | 1,4,1, | 
(42)	0,0,0, | 1,1,0, | 
(61)	0,0,0, | 1,4,1, | 
(42)	0,0,0, | 1,1,0, | 
(0)	0,0,0, | 0,0,0, | 
(0)	0,0,0, | 0,0,0, | 
(0)	0,0,0, | 0,0,0, | 
(0)	0,0,0, | 0,0,0, | 
(0)	0,0,0, | 0,0,0, | 
(0)	0,0,0, | 0,0,0, | 
(0)	0,0,0, | 0,0,0, | 
(0)	0,0,0, | 0,0,0, | 
(0)	0,0,0, | 0,0,0, | 
(0)	0,0,0, | 0,0,0, | 
(0)	0,0,0, | 0,0,0, | 
(9288)	1,1,1, | 0,0,0, | 
(10800)	1,2,2, | 0,0,0, | 
(21384)	2,4,3, | 0,0,0, | 
(21384)	2,4,3, | 0,0,0, | 
(21384)	2,4,3, | 0,0,0, | 
(9288)	1,1,1, | 0,0,0, | 
(21384)	2,4,3, | 0,0,0, | 
(21384)	2,4,3, | 0,0,0, | 
(12312)	1,3,3, | 0,0,0, | 
(36)	0,0,0, | 1,0,0, | 
(13454)	1,4,2, | 1,4,2, | 
(9228)	1,1,0, | 4,2,0, | 
(32541)	4,1,0, | 3,5,3, | 
(9330)	1,1,1, | 1,1,0, | 
(12166)	1,3,2, | 1,5,4, | 
(23535)	3,0,0, | 5,4,3, | 
(22820)	2,5,3, | 3,5,2, | 
(7876)	1,0,0, | 2,4,4, | 
(42)	0,0,0, | 1,1,0, | 
(67)	0,0,0, | 1,5,1, | 
(115)	0,0,0, | 3,1,1, | 
(67)	0,0,0, | 1,5,1, | 
(42)	0,0,0, | 1,1,0, | 
(61)	0,0,0, | 1,4,1, | 
(42)	0,0,0, | 1,1,0, | 
(61)	0,0,0, | 1,4,1, | 
(42)	0,0,0, | 1,1,0, | 
(61)	0,0,0, | 1,4,1, | 
(42)	0,0,0, | 1,1,0, | 
(0)	0,0,0, | 0,0,0, | 
(0)	0,0,0, | 0,0,0, | 
(0)	0,0,0, | 0,0,0, | 
(0)	0,0,0, | 0,0,0, | 
(0)	0,0,0, | 0,0,0, | 
(0)	0,0,0, | 0,0,0, | 
(0)	0,0,0, | 0,0,0, | 
(0)	0,0,0, | 0,0,0, | 
(0)	0,0,0, | 0,0,0, | 
(0)	0,0,0, | 0,0,0, | 
(0)	0,0,0, | 0,0,0, | 
(9288)	1,1,1, | 0,0,0, | 
(10800)	1,2,2, | 0,0,0, | 
(21384)	2,4,3, | 0,0,0, | 
(21384)	2,4,3, | 0,0,0, | 
(21384)	2,4,3, | 0,0,0, | 
(9288)	1,1,1, | 0,0,0, | 
(21384)	2,4,3, | 0,0,0, | 
(21384)	2,4,3, | 0,0,0, | 
(12312)	1,3,3, | 0,0,0, | 
(36)	0,0,0, | 1,0,0, | 
(13454)	1,4,2, | 1,4,2, | 
(9324)	1,1,1, | 1,0,0, | 
(32541)	4,1,0, | 3,5,3, | 
(9330)	1,1,1, | 1,1,0, | 
(12166)	1,3,2, | 1,5,4, | 
(23535)	3,0,0, | 5,4,3, | 
(22820)	2,5,3, | 3,5,2, | 
(7876)	1,0,0, | 2,4,4, | 
(42)	0,0,0, | 1,1,0, | 
(67)	0,0,0, | 1,5,1, | 
(115)	0,0,0, | 3,1,1, | 
(67)	0,0,0, | 1,5,1, | 
(42)	0,0,0, | 1,1,0, | 
(61)	0,0,0, | 1,4,1, | 
(42)	0,0,0, | 1,1,0, | 
(61)	0,0,0, | 1,4,1, | 
(42)	0,0,0, | 1,1,0, | 
(61)	0,0,0, | 1,4,1, | 
(42)	0,0,0, | 1,1,0, | 
(0)	0,0,0, | 0,0,0, | 
(0)	0,0,0, | 0,0,0, | 
(0)	0,0,0, | 0,0,0, | 
(0)	0,0,0, | 0,0,0, | 
(0)	0,0,0, | 0,0,0, | 
(0)	0,0,0, | 0,0,0, | 
(0)	0,0,0, | 0,0,0, | 
(0)	0,0,0, | 0,0,0, | 
(0)	0,0,0, | 0,0,0, | 
(0)	0,0,0, | 0,0,0, | 
(0)	0,0,0, | 0,0,0, | 
(9288)	1,1,1, | 0,0,0, | 
(10800)	1,2,2, | 0,0,0, | 
(21384)	2,4,3, | 0,0,0, | 
(21384)	2,4,3, | 0,0,0, | 
(21384)	2,4,3, | 0,0,0, | 
(9288)	1,1,1, | 0,0,0, | 
(21384)	2,4,3, | 0,0,0, | 
(21384)	2,4,3, | 0,0,0, | 
(12312)	1,3,3, | 0,0,0, | 
(36)	0,0,0, | 1,0,0, | 
(13454)	1,4,2, | 1,4,2, | 
(9282)	1,1,0, | 5,5,0, | 
(32541)	4,1,0, | 3,5,3, | 
(9330)	1,1,1, | 1,1,0, | 
(12166)	1,3,2, | 1,5,4, | 
(46149)	5,5,3, | 3,5,3, | 
(22820)	2,5,3, | 3,5,2, | 
(7876)	1,0,0, | 2,4,4, | 
(42)	0,0,0, | 1,1,0, | 
(67)	0,0,0, | 1,5,1, | 
(115)	0,0,0, | 3,1,1, | 
(67)	0,0,0, | 1,5,1, | 
(42)	0,0,0, | 1,1,0, | 
(61)	0,0,0, | 1,4,1, | 
(42)	0,0,0, | 1,1,0, | 
(61)	0,0,0, | 1,4,1, | 
(42)	0,0,0, | 1,1,0, | 
(61)	0,0,0, | 1,4,1, | 
(42)	0,0,0, | 1,1,0, | 
(0)	0,0,0, | 0,0,0, | 
(213)	0,0,0, | 5,5,3, | 
(213)	0,0,0, | 5,5,3, | 
(213)	0,0,0, | 5,5,3, | 
(213)	0,0,0, | 5,5,3, | 
(213)	0,0,0, | 5,5,3, | 
(213)	0,0,0, | 5,5,3, | 
(213)	0,0,0, | 5,5,3, | 
(213)	0,0,0, | 5,5,3, | 
(213)	0,0,0, | 5,5,3, | 
(213)	0,0,0, | 5,5,3, | 
(9501)	1,1,1, | 5,5,3, | 
(11013)	1,2,2, | 5,5,3, | 
(9501)	1,1,1, | 5,5,3, | 
(9501)	1,1,1, | 5,5,3, | 
(9501)	1,1,1, | 5,5,3, | 
(9501)	1,1,1, | 5,5,3, | 
(9501)	1,1,1, | 5,5,3, | 
(9501)	1,1,1, | 5,5,3, | 
(12309)	1,3,2, | 5,5,3, | 
(36)	0,0,0, | 1,0,0, | 
(40351)	5,1,0, | 4,5,1, | 
(27408)	3,3,0, | 5,2,0, | 
(9164)	1,1,0, | 2,3,2, | 
(9211)	1,1,0, | 3,5,1, | 
(25992)	3,2,0, | 2,0,0, | 
(41605)	5,2,0, | 3,4,1, | 
(9114)	1,1,0, | 1,1,0, | 
(9114)	1,1,0, | 1,1,0, | 
(9162)	1,1,0, | 2,3,0, | 
(9272)	1,1,0, | 5,3,2, | 
(10620)	1,2,1, | 1,0,0, | 
(67)	0,0,0, | 1,5,1, | 
(177)	0,0,0, | 4,5,3, | 
(70)	0,0,0, | 1,5,4, | 
(42)	0,0,0, | 1,1,0, | 
(193)	0,0,0, | 5,2,1, | 
(61)	0,0,0, | 1,4,1, | 
(42)	0,0,0, | 1,1,0, | 
(70)	0,0,0, | 1,5,4, | 
(0)	0,0,0, | 0,0,0, | 
(0)	0,0,0, | 0,0,0, | 
(0)	0,0,0, | 0,0,0, | 
(0)	0,0,0, | 0,0,0, | 
(0)	0,0,0, | 0,0,0, | 
(0)	0,0,0, | 0,0,0, | 
(0)	0,0,0, | 0,0,0, | 
(0)	0,0,0, | 0,0,0, | 
(0)	0,0,0, | 0,0,0, | 
(0)	0,0,0, | 0,0,0, | 
(0)	0,0,0, | 0,0,0, | 
(9288)	1,1,1, | 0,0,0, | 
(10800)	1,2,2, | 0,0,0, | 
(21384)	2,4,3, | 0,0,0, | 
(21384)	2,4,3, | 0,0,0, | 
(21384)	2,4,3, | 0,0,0, | 
(9288)	1,1,1, | 0,0,0, | 
(21384)	2,4,3, | 0,0,0, | 
(21384)	2,4,3, | 0,0,0, | 
(12312)	1,3,3, | 0,0,0, | 
(36)	0,0,0, | 1,0,0, | 
(13454)	1,4,2, | 1,4,2, | 
(9156)	1,1,0, | 2,2,0, | 
(9142)	1,1,0, | 1,5,4, | 
(9330)	1,1,1, | 1,1,0, | 
(12166)	1,3,2, | 1,5,4, | 
(17241)	2,1,1, | 4,5,3, | 
(22639)	2,5,2, | 4,5,1, | 
(7880)	1,0,0, | 2,5,2, | 
(42)	0,0,0, | 1,1,0, | 
(67)	0,0,0, | 1,5,1, | 
(104)	0,0,0, | 2,5,2, | 
(67)	0,0,0, | 1,5,1, | 
(42)	0,0,0, | 1,1,0, | 
(61)	0,0,0, | 1,4,1, | 
(42)	0,0,0, | 1,1,0, | 
(61)	0,0,0, | 1,4,1, | 
(42)	0,0,0, | 1,1,0, | 
(61)	0,0,0, | 1,4,1, | 
(42)	0,0,0, | 1,1,0, | 
(0)	0,0,0, | 0,0,0, | 
(0)	0,0,0, | 0,0,0, | 
(0)	0,0,0, | 0,0,0, | 
(0)	0,0,0, | 0,0,0, | 
(0)	0,0,0, | 0,0,0, | 
(0)	0,0,0, | 0,0,0, | 
(0)	0,0,0, | 0,0,0, | 
(0)	0,0,0, | 0,0,0, | 
(0)	0,0,0, | 0,0,0, | 
(0)	0,0,0, | 0,0,0, | 
(0)	0,0,0, | 0,0,0, | 
(9288)	1,1,1, | 0,0,0, | 
(10800)	1,2,2, | 0,0,0, | 
(21384)	2,4,3, | 0,0,0, | 
(21384)	2,4,3, | 0,0,0, | 
(21384)	2,4,3, | 0,0,0, | 
(9288)	1,1,1, | 0,0,0, | 
(21384)	2,4,3, | 0,0,0, | 
(21384)	2,4,3, | 0,0,0, | 
(12312)	1,3,3, | 0,0,0, | 
(36)	0,0,0, | 1,0,0, | 
(13454)	1,4,2, | 1,4,2, | 
(9210)	1,1,0, | 3,5,0, | 
(9142)	1,1,0, | 1,5,4, | 
(9270)	1,1,0, | 5,3,0, | 
(12166)	1,3,2, | 1,5,4, | 
(17199)	2,1,1, | 3,4,3, | 
(23017)	2,5,4, | 3,2,1, | 
(7876)	1,0,0, | 2,4,4, | 
(42)	0,0,0, | 1,1,0, | 
(67)	0,0,0, | 1,5,1, | 
(135)	0,0,0, | 3,4,3, | 
(67)	0,0,0, | 1,5,1, | 
(42)	0,0,0, | 1,1,0, | 
(61)	0,0,0, | 1,4,1, | 
(42)	0,0,0, | 1,1,0, | 
(61)	0,0,0, | 1,4,1, | 
(42)	0,0,0, | 1,1,0, | 
(61)	0,0,0, | 1,4,1, | 
(42)	0,0,0, | 1,1,0, | 
(0)	0,0,0, | 0,0,0, | 
(0)	0,0,0, | 0,0,0, | 
(0)	0,0,0, | 0,0,0, | 
(0)	0,0,0, | 0,0,0, | 
(0)	0,0,0, | 0,0,0, | 
(0)	0,0,0, | 0,0,0, | 
(0)	0,0,0, | 0,0,0, | 
(0)	0,0,0, | 0,0,0, | 
(0)	0,0,0, | 0,0,0, | 
(0)	0,0,0, | 0,0,0, | 
(0)	0,0,0, | 0,0,0, | 
(9288)	1,1,1, | 0,0,0, | 
(10800)	1,2,2, | 0,0,0, | 
(21384)	2,4,3, | 0,0,0, | 
(21384)	2,4,3, | 0,0,0, | 
(21384)	2,4,3, | 0,0,0, | 
(9288)	1,1,1, | 0,0,0, | 
(21384)	2,4,3, | 0,0,0, | 
(21384)	2,4,3, | 0,0,0, | 
(12312)	1,3,3, | 0,0,0, | 
(36)	0,0,0, | 1,0,0, | 
(13454)	1,4,2, | 1,4,2, | 
(9228)	1,1,0, | 4,2,0, | 
(9142)	1,1,0, | 1,5,4, | 
(9330)	1,1,1, | 1,1,0, | 
(12166)	1,3,2, | 1,5,4, | 
(23535)	3,0,0, | 5,4,3, | 
(22820)	2,5,3, | 3,5,2, | 
(7876)	1,0,0, | 2,4,4, | 
(42)	0,0,0, | 1,1,0, | 
(67)	0,0,0, | 1,5,1, | 
(115)	0,0,0, | 3,1,1, | 
(67)	0,0,0, | 1,5,1, | 
(42)	0,0,0, | 1,1,0, | 
(61)	0,0,0, | 1,4,1, | 
(42)	0,0,0, | 1,1,0, | 
(61)	0,0,0, | 1,4,1, | 
(42)	0,0,0, | 1,1,0, | 
(61)	0,0,0, | 1,4,1, | 
(42)	0,0,0, | 1,1,0, | 
(0)	0,0,0, | 0,0,0, | 
(0)	0,0,0, | 0,0,0, | 
(0)	0,0,0, | 0,0,0, | 
(0)	0,0,0, | 0,0,0, | 
(0)	0,0,0, | 0,0,0, | 
(0)	0,0,0, | 0,0,0, | 
(0)	0,0,0, | 0,0,0, | 
(0)	0,0,0, | 0,0,0, | 
(0)	0,0,0, | 0,0,0, | 
(0)	0,0,0, | 0,0,0, | 
(0)	0,0,0, | 0,0,0, | 
(9288)	1,1,1, | 0,0,0, | 
(10800)	1,2,2, | 0,0,0, | 
(21384)	2,4,3, | 0,0,0, | 
(21384)	2,4,3, | 0,0,0, | 
(21384)	2,4,3, | 0,0,0, | 
(9288)	1,1,1, | 0,0,0, | 
(21384)	2,4,3, | 0,0,0, | 
(21384)	2,4,3, | 0,0,0, | 
(12312)	1,3,3, | 0,0,0, | 
(36)	0,0,0, | 1,0,0, | 
(13454)	1,4,2, | 1,4,2, | 
(9324)	1,1,1, | 1,0,0, | 
(9142)	1,1,0, | 1,5,4, | 
(9330)	1,1,1, | 1,1,0, | 
(12166)	1,3,2, | 1,5,4, | 
(23535)	3,0,0, | 5,4,3, | 
(22820)	2,5,3, | 3,5,2, | 
(7876)	1,0,0, | 2,4,4, | 
(42)	0,0,0, | 1,1,0, | 
(67)	0,0,0, | 1,5,1, | 
(115)	0,0,0, | 3,1,1, | 
(67)	0,0,0, | 1,5,1, | 
(42)	0,0,0, | 1,1,0, | 
(61)	0,0,0, | 1,4,1, | 
(42)	0,0,0, | 1,1,0, | 
(61)	0,0,0, | 1,4,1, | 
(42)	0,0,0, | 1,1,0, | 
(61)	0,0,0, | 1,4,1, | 
(42)	0,0,0, | 1,1,0, | 
(0)	0,0,0, | 0,0,0, | 
(0)	0,0,0, | 0,0,0, | 
(0)	0,0,0, | 0,0,0, | 
(0)	0,0,0, | 0,0,0, | 
(0)	0,0,0, | 0,0,0, | 
(0)	0,0,0, | 0,0,0, | 
(0)	0,0,0, | 0,0,0, | 
(0)	0,0,0, | 0,0,0, | 
(0)	0,0,0, | 0,0,0, | 
(0)	0,0,0, | 0,0,0, | 
(0)	0,0,0, | 0,0,0, | 
(9288)	1,1,1, | 0,0,0, | 
(10800)	1,2,2, | 0,0,0, | 
(21384)	2,4,3, | 0,0,0, | 
(21384)	2,4,3, | 0,0,0, | 
(21384)	2,4,3, | 0,0,0, | 
(9288)	1,1,1, | 0,0,0, | 
(21384)	2,4,3, | 0,0,0, | 
(21384)	2,4,3, | 0,0,0, | 
(12312)	1,3,3, | 0,0,0, | 
(36)	0,0,0, | 1,0,0, | 
(13454)	1,4,2, | 1,4,2, | 
(9282)	1,1,0, | 5,5,0, | 
(9142)	1,1,0, | 1,5,4, | 
(9330)	1,1,1, | 1,1,0, | 
(12166)	1,3,2, | 1,5,4, | 
(7836)	1,0,0, | 1,4,0, | 
(22820)	2,5,3, | 3,5,2, | 
(7876)	1,0,0, | 2,4,4, | 
(42)	0,0,0, | 1,1,0, | 
(67)	0,0,0, | 1,5,1, | 
(115)	0,0,0, | 3,1,1, | 
(67)	0,0,0, | 1,5,1, | 
(42)	0,0,0, | 1,1,0, | 
(61)	0,0,0, | 1,4,1, | 
(42)	0,0,0, | 1,1,0, | 
(61)	0,0,0, | 1,4,1, | 
(42)	0,0,0, | 1,1,0, | 
(61)	0,0,0, | 1,4,1, | 
(42)	0,0,0, | 1,1,0, | 
(0)	0,0,0, | 0,0,0, | 
(213)	0,0,0, | 5,5,3, | 
(213)	0,0,0, | 5,5,3, | 
(213)	0,0,0, | 5,5,3, | 
(213)	0,0,0, | 5,5,3, | 
(213)	0,0,0, | 5,5,3, | 
(213)	0,0,0, | 5,5,3, | 
(213)	0,0,0, | 5,5,3, | 
(213)	0,0,0, | 5,5,3, | 
(213)	0,0,0, | 5,5,3, | 
(213)	0,0,0, | 5,5,3, | 
(9501)	1,1,1, | 5,5,3, | 
(11013)	1,2,2, | 5,5,3, | 
(9501)	1,1,1, | 5,5,3, | 
(9501)	1,1,1, | 5,5,3, | 
(9501)	1,1,1, | 5,5,3, | 
(9501)	1,1,1, | 5,5,3, | 
(9501)	1,1,1, | 5,5,3, | 
(9501)	1,1,1, | 5,5,3, | 
(12309)	1,3,2, | 5,5,3, | 
(36)	0,0,0, | 1,0,0, | 
(40274)	5,1,0, | 2,4,2, | 
(27408)	3,3,0, | 5,2,0, | 
(40346)	5,1,0, | 4,4,2, | 
(9211)	1,1,0, | 3,5,1, | 
(25992)	3,2,0, | 2,0,0, | 
(9108)	1,1,0, | 1,0,0, | 
(9114)	1,1,0, | 1,1,0, | 
(9114)	1,1,0, | 1,1,0, | 
(9162)	1,1,0, | 2,3,0, | 
(9272)	1,1,0, | 5,3,2, | 
(10620)	1,2,1, | 1,0,0, | 
(67)	0,0,0, | 1,5,1, | 
(177)	0,0,0, | 4,5,3, | 
(70)	0,0,0, | 1,5,4, | 
(42)	0,0,0, | 1,1,0, | 
(193)	0,0,0, | 5,2,1, | 
(61)	0,0,0, | 1,4,1, | 
(42)	0,0,0, | 1,1,0, | 
(70)	0,0,0, | 1,5,4, | 
(0)	0,0,0, | 0,0,0, | 
(0)	0,0,0, | 0,0,0, | 
(0)	0,0,0, | 0,0,0, | 
(0)	0,0,0, | 0,0,0, | 
(0)	0,0,0, | 0,0,0, | 
(0)	0,0,0, | 0,0,0, | 
(0)	0,0,0, | 0,0,0, | 
(0)	0,0,0, | 0,0,0, | 
(0)	0,0,0, | 0,0,0, | 
(0)	0,0,0, | 0,0,0, | 
(0)	0,0,0, | 0,0,0, | 
(9288)	1,1,1, | 0,0,0, | 
(10800)	1,2,2, | 0,0,0, | 
(21384)	2,4,3, | 0,0,0, | 
(21384)	2,4,3, | 0,0,0, | 
(21384)	2,4,3, | 0,0,0, | 
(9288)	1,1,1, | 0,0,0, | 
(21384)	2,4,3, | 0,0,0, | 
(21384)	2,4,3, | 0,0,0, | 
(12312)	1,3,3, | 0,0,0, | 
(36)	0,0,0, | 1,0,0, | 
(13454)	1,4,2, | 1,4,2, | 
(9156)	1,1,0, | 2,2,0, | 
(40238)	5,1,0, | 1,4,2, | 
(9330)	1,1,1, | 1,1,0, | 
(12166)	1,3,2, | 1,5,4, | 
(17241)	2,1,1, | 4,5,3, | 
(22639)	2,5,2, | 4,5,1, | 
(7880)	1,0,0, | 2,5,2, | 
(42)	0,0,0, | 1,1,0, | 
(67)	0,0,0, | 1,5,1, | 
(104)	0,0,0, | 2,5,2, | 
(67)	0,0,0, | 1,5,1, | 
(42)	0,0,0, | 1,1,0, | 
(61)	0,0,0, | 1,4,1, | 
(42)	0,0,0, | 1,1,0, | 
(61)	0,0,0, | 1,4,1, | 
(42)	0,0,0, | 1,1,0, | 
(61)	0,0,0, | 1,4,1, | 
(42)	0,0,0, | 1,1,0, | 
(0)	0,0,0, | 0,0,0, | 
(0)	0,0,0, | 0,0,0, | 
(0)	0,0,0, | 0,0,0, | 
(0)	0,0,0, | 0,0,0, | 
(0)	0,0,0, | 0,0,0, | 
(0)	0,0,0, | 0,0,0, | 
(0)	0,0,0, | 0,0,0, | 
(0)	0,0,0, | 0,0,0, | 
(0)	0,0,0, | 0,0,0, | 
(0)	0,0,0, | 0,0,0, | 
(0)	0,0,0, | 0,0,0, | 
(9288)	1,1,1, | 0,0,0, | 
(10800)	1,2,2, | 0,0,0, | 
(21384)	2,4,3, | 0,0,0, | 
(21384)	2,4,3, | 0,0,0, | 
(21384)	2,4,3, | 0,0,0, | 
(9288)	1,1,1, | 0,0,0, | 
(21384)	2,4,3, | 0,0,0, | 
(21384)	2,4,3, | 0,0,0, | 
(12312)	1,3,3, | 0,0,0, | 
(36)	0,0,0, | 1,0,0, | 
(13454)	1,4,2, | 1,4,2, | 
(9210)	1,1,0, | 3,5,0, | 
(40238)	5,1,0, | 1,4,2, | 
(9270)	1,1,0, | 5,3,0, | 
(12166)	1,3,2, | 1,5,4, | 
(17199)	2,1,1, | 3,4,3, | 
(23017)	2,5,4, | 3,2,1, | 
(7876)	1,0,0, | 2,4,4, | 
(42)	0,0,0, | 1,1,0, | 
(67)	0,0,0, | 1,5,1, | 
(135)	0,0,0, | 3,4,3, | 
(67)	0,0,0, | 1,5,1, | 
(42)	0,0,0, | 1,1,0, | 
(61)	0,0,0, | 1,4,1, | 
(42)	0,0,0, | 1,1,0, | 
(61)	0,0,0, | 1,4,1, | 
(42)	0,0,0, | 1,1,0, | 
(61)	0,0,0, | 1,4,1, | 
(42)	0,0,0, | 1,1,0, | 
(0)	0,0,0, | 0,0,0, | 
(0)	0,0,0, | 0,0,0, | 
(0)	0,0,0, | 0,0,0, | 
(0)	0,0,0, | 0,0,0, | 
(0)	0,0,0, | 0,0,0, | 
(0)	0,0,0, | 0,0,0, | 
(0)	0,0,0, | 0,0,0, | 
(0)	0,0,0, | 0,0,0, | 
(0)	0,0,0, | 0,0,0, | 
(0)	0,0,0, | 0,0,0, | 
(0)	0,0,0, | 0,0,0, | 
(9288)	1,1,1, | 0,0,0, | 
(10800)	1,2,2, | 0,0,0, | 
(21384)	2,4,3, | 0,0,0, | 
(21384)	2,4,3, | 0,0,0, | 
(21384)	2,4,3, | 0,0,0, | 
(9288)	1,1,1, | 0,0,0, | 
(21384)	2,4,3, | 0,0,0, | 
(21384)	2,4,3, | 0,0,0, | 
(12312)	1,3,3, | 0,0,0, | 
(36)	0,0,0, | 1,0,0, | 
(13454)	1,4,2, | 1,4,2, | 
(9228)	1,1,0, | 4,2,0, | 
(40238)	5,1,0, | 1,4,2, | 
(9330)	1,1,1, | 1,1,0, | 
(12166)	1,3,2, | 1,5,4, | 
(23535)	3,0,0, | 5,4,3, | 
(22820)	2,5,3, | 3,5,2, | 
(7876)	1,0,0, | 2,4,4, | 
(42)	0,0,0, | 1,1,0, | 
(67)	0,0,0, | 1,5,1, | 
(115)	0,0,0, | 3,1,1, | 
(67)	0,0,0, | 1,5,1, | 
(42)	0,0,0, | 1,1,0, | 
(61)	0,0,0, | 1,4,1, | 
(42)	0,0,0, | 1,1,0, | 
(61)	0,0,0, | 1,4,1, | 
(42)	0,0,0, | 1,1,0, | 
(61)	0,0,0, | 1,4,1, | 
(42)	0,0,0, | 1,1,0, | 
(0)	0,0,0, | 0,0,0, | 
(0)	0,0,0, | 0,0,0, | 
(0)	0,0,0, | 0,0,0, | 
(0)	0,0,0, | 0,0,0, | 
(0)	0,0,0, | 0,0,0, | 
(0)	0,0,0, | 0,0,0, | 
(0)	0,0,0, | 0,0,0, | 
(0)	0,0,0, | 0,0,0, | 
(0)	0,0,0, | 0,0,0, | 
(0)	0,0,0, | 0,0,0, | 
(0)	0,0,0, | 0,0,0, | 
(9288)	1,1,1, | 0,0,0, | 
(10800)	1,2,2, | 0,0,0, | 
(21384)	2,4,3, | 0,0,0, | 
(21384)	2,4,3, | 0,0,0, | 
(21384)	2,4,3, | 0,0,0, | 
(9288)	1,1,1, | 0,0,0, | 
(21384)	2,4,3, | 0,0,0, | 
(21384)	2,4,3, | 0,0,0, | 
(12312)	1,3,3, | 0,0,0, | 
(36)	0,0,0, | 1,0,0, | 
(13454)	1,4,2, | 1,4,2, | 
(9324)	1,1,1, | 1,0,0, | 
(40238)	5,1,0, | 1,4,2, | 
(9330)	1,1,1, | 1,1,0, | 
(12166)	1,3,2, | 1,5,4, | 
(23535)	3,0,0, | 5,4,3, | 
(22820)	2,5,3, | 3,5,2, | 
(7876)	1,0,0, | 2,4,4, | 
(42)	0,0,0, | 1,1,0, | 
(67)	0,0,0, | 1,5,1, | 
(115)	0,0,0, | 3,1,1, | 
(67)	0,0,0, | 1,5,1, | 
(42)	0,0,0, | 1,1,0, | 
(61)	0,0,0, | 1,4,1, | 
(42)	0,0,0, | 1,1,0, | 
(61)	0,0,0, | 1,4,1, | 
(42)	0,0,0, | 1,1,0, | 
(61)	0,0,0, | 1,4,1, | 
(42)	0,0,0, | 1,1,0, | 
(0)	0,0,0, | 0,0,0, | 
(0)	0,0,0, | 0,0,0, | 
(0)	0,0,0, | 0,0,0, | 
(0)	0,0,0, | 0,0,0, | 
(0)	0,0,0, | 0,0,0, | 
(0)	0,0,0, | 0,0,0, | 
(0)	0,0,0, | 0,0,0, | 
(0)	0,0,0, | 0,0,0, | 
(0)	0,0,0, | 0,0,0, | 
(0)	0,0,0, | 0,0,0, | 
(0)	0,0,0, | 0,0,0, | 
(9288)	1,1,1, | 0,0,0, | 
(10800)	1,2,2, | 0,0,0, | 
(21384)	2,4,3, | 0,0,0, | 
(21384)	2,4,3, | 0,0,0, | 
(21384)	2,4,3, | 0,0,0, | 
(9288)	1,1,1, | 0,0,0, | 
(21384)	2,4,3, | 0,0,0, | 
(21384)	2,4,3, | 0,0,0, | 
(12312)	1,3,3, | 0,0,0, | 
(36)	0,0,0, | 1,0,0, | 
(13454)	1,4,2, | 1,4,2, | 
(9282)	1,1,0, | 5,5,0, | 
(40238)	5,1,0, | 1,4,2, | 
(9330)	1,1,1, | 1,1,0, | 
(12166)	1,3,2, | 1,5,4, | 
(45847)	5,5,2, | 1,3,1, | 
(22820)	2,5,3, | 3,5,2, | 
(7876)	1,0,0, | 2,4,4, | 
(42)	0,0,0, | 1,1,0, | 
(67)	0,0,0, | 1,5,1, | 
(115)	0,0,0, | 3,1,1, | 
(67)	0,0,0, | 1,5,1, | 
(42)	0,0,0, | 1,1,0, | 
(61)	0,0,0, | 1,4,1, | 
(42)	0,0,0, | 1,1,0, | 
(61)	0,0,0, | 1,4,1, | 
(42)	0,0,0, | 1,1,0, | 
(61)	0,0,0, | 1,4,1, | 
(42)	0,0,0, | 1,1,0, | 
