(37)	0,0,0, | 1,0,1, | 
(0)	0,0,0, | 0,0,0, | 
(0)	0,0,0, | 0,0,0, | 
(0)	0,0,0, | 0,0,0, | 
(0)	0,0,0, | 0,0,0, | 
(0)	0,0,0, | 0,0,0, | 
(0)	0,0,0, | 0,0,0, | 
(0)	0,0,0, | 0,0,0, | 
(0)	0,0,0, | 0,0,0, | 
(7776)	1,0,0, | 0,0,0, | 
(7776)	1,0,0, | 0,0,0, | 
(7776)	1,0,0, | 0,0,0, | 
(7776)	1,0,0, | 0,0,0, | 
(7776)	1,0,0, | 0,0,0, | 
(7776)	1,0,0, | 0,0,0, | 
(0)	0,0,0, | 0,0,0, | 
(0)	0,0,0, | 0,0,0, | 
(7776)	1,0,0, | 0,0,0, | 
(0)	0,0,0, | 0,0,0, | 
(36)	0,0,0, | 1,0,0, | 
(7776)	1,0,0, | 0,0,0, | 
(7776)	1,0,0, | 0,0,0, | 
(36)	0,0,0, | 1,0,0, | 
(7776)	1,0,0, | 0,0,0, | 
(36)	0,0,0, | 1,0,0, | 
(36)	0,0,0, | 1,0,0, | 
(7776)	1,0,0, | 0,0,0, | 
(0)	0,0,0, | 0,0,0, | 
(36)	0,0,0, | 1,0,0, | 
(36)	0,0,0, | 1,0,0, | 
(0)	0,0,0, | 0,0,0, | 
(0)	0,0,0, | 0,0,0, | 
(0)	0,0,0, | 0,0,0, | 
(0)	0,0,0, | 0,0,0, | 
(36)	0,0,0, | 1,0,0, | 
(0)	0,0,0, | 0,0,0, | 
(37)	0,0,0, | 1,0,1, | 
(49)	0,0,0, | 1,2,1, | 
(49)	0,0,0, | 1,2,1, | 
(49)	0,0,0, | 1,2,1, | 
(49)	0,0,0, | 1,2,1, | 
(49)	0,0,0, | 1,2,1, | 
(49)	0,0,0, | 1,2,1, | 
(49)	0,0,0, | 1,2,1, | 
(49)	0,0,0, | 1,2,1, | 
(49)	0,0,0, | 1,2,1, | 
(49)	0,0,0, | 1,2,1, | 
(49)	0,0,0, | 1,2,1, | 
(49)	0,0,0, | 1,2,1, | 
(49)	0,0,0, | 1,2,1, | 
(49)	0,0,0, | 1,2,1, | 
(49)	0,0,0, | 1,2,1, | 
(49)	0,0,0, | 1,2,1, | 
(49)	0,0,0, | 1,2,1, | 
(36)	0,0,0, | 1,0,0, | 
(7789)	1,0,0, | 0,2,1, | 
(7789)	1,0,0, | 0,2,1, | 
(7789)	1,0,0, | 0,2,1, | 
(7789)	1,0,0, | 0,2,1, | 
(7789)	1,0,0, | 0,2,1, | 
(7789)	1,0,0, | 0,2,1, | 
(7789)	1,0,0, | 0,2,1, | 
(7789)	1,0,0, | 0,2,1, | 
(7789)	1,0,0, | 0,2,1, | 
(7789)	1,0,0, | 0,2,1, | 
(7789)	1,0,0, | 0,2,1, | 
(7789)	1,0,0, | 0,2,1, | 
(7789)	1,0,0, | 0,2,1, | 
(7789)	1,0,0, | 0,2,1, | 
(7789)	1,0,0, | 0,2,1, | 
(7789)	1,0,0, | 0,2,1, | 
(7789)	1,0,0, | 0,2,1, | 
(85)	0,0,0, | 2,2,1, | 
(62)	0,0,0, | 1,4,2, | 
(62)	0,0,0, | 1,4,2, | 
(62)	0,0,0, | 1,4,2, | 
(62)	0,0,0, | 1,4,2, | 
(62)	0,0,0, | 1,4,2, | 
(62)	0,0,0, | 1,4,2, | 
(62)	0,0,0, | 1,4,2, | 
(62)	0,0,0, | 1,4,2, | 
(62)	0,0,0, | 1,4,2, | 
(62)	0,0,0, | 1,4,2, | 
(62)	0,0,0, | 1,4,2, | 
(62)	0,0,0, | 1,4,2, | 
(62)	0,0,0, | 1,4,2, | 
(62)	0,0,0, | 1,4,2, | 
(62)	0,0,0, | 1,4,2, | 
(62)	0,0,0, | 1,4,2, | 
(62)	0,0,0, | 1,4,2, | 
(49)	0,0,0, | 1,2,1, | 
(7802)	1,0,0, | 0,4,2, | 
(7802)	1,0,0, | 0,4,2, | 
(7802)	1,0,0, | 0,4,2, | 
(7802)	1,0,0, | 0,4,2, | 
(7802)	1,0,0, | 0,4,2, | 
(7802)	1,0,0, | 0,4,2, | 
(7802)	1,0,0, | 0,4,2, | 
(7802)	1,0,0, | 0,4,2, | 
(7802)	1,0,0, | 0,4,2, | 
(7802)	1,0,0, | 0,4,2, | 
(7802)	1,0,0, | 0,4,2, | 
(7802)	1,0,0, | 0,4,2, | 
(7802)	1,0,0, | 0,4,2, | 
(7802)	1,0,0, | 0,4,2, | 
(7802)	1,0,0, | 0,4,2, | 
(7802)	1,0,0, | 0,4,2, | 
(7802)	1,0,0, | 0,4,2, | 
(105)	0,0,0, | 2,5,3, | 
(69)	0,0,0, | 1,5,3, | 
(69)	0,0,0, | 1,5,3, | 
(69)	0,0,0, | 1,5,3, | 
(69)	0,0,0, | 1,5,3, | 
(69)	0,0,0, | 1,5,3, | 
(69)	0,0,0, | 1,5,3, | 
(69)	0,0,0, | 1,5,3, | 
(69)	0,0,0, | 1,5,3, | 
(69)	0,0,0, | 1,5,3, | 
(69)	0,0,0, | 1,5,3, | 
(69)	0,0,0, | 1,5,3, | 
(69)	0,0,0, | 1,5,3, | 
(69)	0,0,0, | 1,5,3, | 
(69)	0,0,0, | 1,5,3, | 
(69)	0,0,0, | 1,5,3, | 
(69)	0,0,0, | 1,5,3, | 
(69)	0,0,0, | 1,5,3, | 
(49)	0,0,0, | 1,2,1, | 
(7809)	1,0,0, | 0,5,3, | 
(7809)	1,0,0, | 0,5,3, | 
(7809)	1,0,0, | 0,5,3, | 
(7809)	1,0,0, | 0,5,3, | 
(7809)	1,0,0, | 0,5,3, | 
(7809)	1,0,0, | 0,5,3, | 
(7809)	1,0,0, | 0,5,3, | 
(7809)	1,0,0, | 0,5,3, | 
(7809)	1,0,0, | 0,5,3, | 
(7809)	1,0,0, | 0,5,3, | 
(7809)	1,0,0, | 0,5,3, | 
(7809)	1,0,0, | 0,5,3, | 
(7809)	1,0,0, | 0,5,3, | 
(7809)	1,0,0, | 0,5,3, | 
(7809)	1,0,0, | 0,5,3, | 
(7809)	1,0,0, | 0,5,3, | 
(7809)	1,0,0, | 0,5,3, | 
(105)	0,0,0, | 2,5,3, | 
(69)	0,0,0, | 1,5,3, | 
(69)	0,0,0, | 1,5,3, | 
(69)	0,0,0, | 1,5,3, | 
(69)	0,0,0, | 1,5,3, | 
(69)	0,0,0, | 1,5,3, | 
(69)	0,0,0, | 1,5,3, | 
(69)	0,0,0, | 1,5,3, | 
(69)	0,0,0, | 1,5,3, | 
(69)	0,0,0, | 1,5,3, | 
(69)	0,0,0, | 1,5,3, | 
(69)	0,0,0, | 1,5,3, | 
(69)	0,0,0, | 1,5,3, | 
(69)	0,0,0, | 1,5,3, | 
(69)	0,0,0, | 1,5,3, | 
(69)	0,0,0, | 1,5,3, | 
(69)	0,0,0, | 1,5,3, | 
(69)	0,0,0, | 1,5,3, | 
(56)	0,0,0, | 1,3,2, | 
(7809)	1,0,0, | 0,5,3, | 
(7809)	1,0,0, | 0,5,3, | 
(7809)	1,0,0, | 0,5,3, | 
(7809)	1,0,0, | 0,5,3, | 
(7809)	1,0,0, | 0,5,3, | 
(7809)	1,0,0, | 0,5,3, | 
(7809)	1,0,0, | 0,5,3, | 
(7809)	1,0,0, | 0,5,3, | 
(7809)	1,0,0, | 0,5,3, | 
(7809)	1,0,0, | 0,5,3, | 
(7809)	1,0,0, | 0,5,3, | 
(7809)	1,0,0, | 0,5,3, | 
(7809)	1,0,0, | 0,5,3, | 
(7809)	1,0,0, | 0,5,3, | 
(7809)	1,0,0, | 0,5,3, | 
(7809)	1,0,0, | 0,5,3, | 
(7809)	1,0,0, | 0,5,3, | 
(105)	0,0,0, | 2,5,3, | 
(69)	0,0,0, | 1,5,3, | 
(69)	0,0,0, | 1,5,3, | 
(69)	0,0,0, | 1,5,3, | 
(69)	0,0,0, | 1,5,3, | 
(69)	0,0,0, | 1,5,3, | 
(69)	0,0,0, | 1,5,3, | 
(69)	0,0,0, | 1,5,3, | 
(69)	0,0,0, | 1,5,3, | 
(69)	0,0,0, | 1,5,3, | 
(69)	0,0,0, | 1,5,3, | 
(69)	0,0,0, | 1,5,3, | 
(69)	0,0,0, | 1,5,3, | 
(69)	0,0,0, | 1,5,3, | 
(69)	0,0,0, | 1,5,3, | 
(69)	0,0,0, | 1,5,3, | 
(69)	0,0,0, | 1,5,3, | 
(69)	0,0,0, | 1,5,3, | 
(62)	0,0,0, | 1,4,2, | 
(7809)	1,0,0, | 0,5,3, | 
(7809)	1,0,0, | 0,5,3, | 
(7809)	1,0,0, | 0,5,3, | 
(7809)	1,0,0, | 0,5,3, | 
(7809)	1,0,0, | 0,5,3, | 
(7809)	1,0,0, | 0,5,3, | 
(7809)	1,0,0, | 0,5,3, | 
(7809)	1,0,0, | 0,5,3, | 
(7809)	1,0,0, | 0,5,3, | 
(7809)	1,0,0, | 0,5,3, | 
(7809)	1,0,0, | 0,5,3, | 
(7809)	1,0,0, | 0,5,3, | 
(7809)	1,0,0, | 0,5,3, | 
(7809)	1,0,0, | 0,5,3, | 
(7809)	1,0,0, | 0,5,3, | 
(7809)	1,0,0, | 0,5,3, | 
(7809)	1,0,0, | 0,5,3, | 
(10584)	1,2,1, | 0,0,0, | 
(10584)	1,2,1, | 0,0,0, | 
(10584)	1,2,1, | 0,0,0, | 
(10584)	1,2,1, | 0,0,0, | 
(10584)	1,2,1, | 0,0,0, | 
(10584)	1,2,1, | 0,0,0, | 
(10584)	1,2,1, | 0,0,0, | 
(10584)	1,2,1, | 0,0,0, | 
(10584)	1,2,1, | 0,0,0, | 
(9288)	1,1,1, | 0,0,0, | 
(2844)	0,2,1, | 1,0,0, | 
(2844)	0,2,1, | 1,0,0, | 
(2844)	0,2,1, | 1,0,0, | 
(2844)	0,2,1, | 1,0,0, | 
(2844)	0,2,1, | 1,0,0, | 
(2844)	0,2,1, | 1,0,0, | 
(2844)	0,2,1, | 1,0,0, | 
(2844)	0,2,1, | 1,0,0, | 
(2844)	0,2,1, | 1,0,0, | 
(2844)	0,2,1, | 1,0,0, | 
(2844)	0,2,1, | 1,0,0, | 
(2844)	0,2,1, | 1,0,0, | 
(2844)	0,2,1, | 1,0,0, | 
(2844)	0,2,1, | 1,0,0, | 
(2844)	0,2,1, | 1,0,0, | 
(2844)	0,2,1, | 1,0,0, | 
(2844)	0,2,1, | 1,0,0, | 
(7776)	1,0,0, | 0,0,0, | 
(10584)	1,2,1, | 0,0,0, | 
(10584)	1,2,1, | 0,0,0, | 
(10584)	1,2,1, | 0,0,0, | 
(10584)	1,2,1, | 0,0,0, | 
(10584)	1,2,1, | 0,0,0, | 
(10584)	1,2,1, | 0,0,0, | 
(10584)	1,2,1, | 0,0,0, | 
(10584)	1,2,1, | 0,0,0, | 
(10584)	1,2,1, | 0,0,0, | 
(10584)	1,2,1, | 0,0,0, | 
(10584)	1,2,1, | 0,0,0, | 
(10584)	1,2,1, | 0,0,0, | 
(10584)	1,2,1, | 0,0,0, | 
(49)	0,0,0, | 1,2,1, | 
(49)	0,0,0, | 1,2,1, | 
(49)	0,0,0, | 1,2,1, | 
(49)	0,0,0, | 1,2,1, | 
(49)	0,0,0, | 1,2,1, | 
(49)	0,0,0, | 1,2,1, | 
(49)	0,0,0, | 1,2,1, | 
(49)	0,0,0, | 1,2,1, | 
(49)	0,0,0, | 1,2,1, | 
(49)	0,0,0, | 1,2,1, | 
(49)	0,0,0, | 1,2,1, | 
(49)	0,0,0, | 1,2,1, | 
(49)	0,0,0, | 1,2,1, | 
(7831)	1,0,0, | 1,3,1, | 
(9114)	1,1,0, | 1,1,0, | 
(9127)	1,1,0, | 1,3,1, | 
(9114)	1,1,0, | 1,1,0, | 
(9114)	1,1,0, | 1,1,0, | 
(9127)	1,1,0, | 1,3,1, | 
(9127)	1,1,0, | 1,3,1, | 
(9114)	1,1,0, | 1,1,0, | 
(9114)	1,1,0, | 1,1,0, | 
(11916)	1,3,1, | 1,0,0, | 
(10584)	1,2,1, | 0,0,0, | 
(10584)	1,2,1, | 0,0,0, | 
(10584)	1,2,1, | 0,0,0, | 
(10584)	1,2,1, | 0,0,0, | 
(10584)	1,2,1, | 0,0,0, | 
(10584)	1,2,1, | 0,0,0, | 
(10584)	1,2,1, | 0,0,0, | 
(10584)	1,2,1, | 0,0,0, | 
(8018)	1,0,1, | 0,4,2, | 
(7802)	1,0,0, | 0,4,2, | 
(7802)	1,0,0, | 0,4,2, | 
(7802)	1,0,0, | 0,4,2, | 
(7802)	1,0,0, | 0,4,2, | 
(62)	0,0,0, | 1,4,2, | 
(62)	0,0,0, | 1,4,2, | 
(62)	0,0,0, | 1,4,2, | 
(62)	0,0,0, | 1,4,2, | 
(62)	0,0,0, | 1,4,2, | 
(62)	0,0,0, | 1,4,2, | 
(62)	0,0,0, | 1,4,2, | 
(62)	0,0,0, | 1,4,2, | 
(62)	0,0,0, | 1,4,2, | 
(62)	0,0,0, | 1,4,2, | 
(62)	0,0,0, | 1,4,2, | 
(62)	0,0,0, | 1,4,2, | 
(62)	0,0,0, | 1,4,2, | 
(7831)	1,0,0, | 1,3,1, | 
(9127)	1,1,0, | 1,3,1, | 
(9133)	1,1,0, | 1,4,1, | 
(16903)	2,1,0, | 1,3,1, | 
(16916)	2,1,0, | 1,5,2, | 
(9133)	1,1,0, | 1,4,1, | 
(9163)	1,1,0, | 2,3,1, | 
(11929)	1,3,1, | 1,2,1, | 
(11929)	1,3,1, | 1,2,1, | 
(11929)	1,3,1, | 1,2,1, | 
(9091)	1,1,0, | 0,3,1, | 
(9091)	1,1,0, | 0,3,1, | 
(9104)	1,1,0, | 0,5,2, | 
(9091)	1,1,0, | 0,3,1, | 
(9091)	1,1,0, | 0,3,1, | 
(9091)	1,1,0, | 0,3,1, | 
(7802)	1,0,0, | 0,4,2, | 
(7802)	1,0,0, | 0,4,2, | 
(8025)	1,0,1, | 0,5,3, | 
(7809)	1,0,0, | 0,5,3, | 
(7809)	1,0,0, | 0,5,3, | 
(7809)	1,0,0, | 0,5,3, | 
(7809)	1,0,0, | 0,5,3, | 
(69)	0,0,0, | 1,5,3, | 
(69)	0,0,0, | 1,5,3, | 
(69)	0,0,0, | 1,5,3, | 
(69)	0,0,0, | 1,5,3, | 
(69)	0,0,0, | 1,5,3, | 
(69)	0,0,0, | 1,5,3, | 
(69)	0,0,0, | 1,5,3, | 
(69)	0,0,0, | 1,5,3, | 
(69)	0,0,0, | 1,5,3, | 
(69)	0,0,0, | 1,5,3, | 
(69)	0,0,0, | 1,5,3, | 
(69)	0,0,0, | 1,5,3, | 
(69)	0,0,0, | 1,5,3, | 
(7844)	1,0,0, | 1,5,2, | 
(9140)	1,1,0, | 1,5,2, | 
(9140)	1,1,0, | 1,5,2, | 
(9176)	1,1,0, | 2,5,2, | 
(16916)	2,1,0, | 1,5,2, | 
(9127)	1,1,0, | 1,3,1, | 
(9176)	1,1,0, | 2,5,2, | 
(9140)	1,1,0, | 1,5,2, | 
(9127)	1,1,0, | 1,3,1, | 
(9127)	1,1,0, | 1,3,1, | 
(9104)	1,1,0, | 0,5,2, | 
(9104)	1,1,0, | 0,5,2, | 
(9104)	1,1,0, | 0,5,2, | 
(9104)	1,1,0, | 0,5,2, | 
(9104)	1,1,0, | 0,5,2, | 
(9104)	1,1,0, | 0,5,2, | 
(7809)	1,0,0, | 0,5,3, | 
(7809)	1,0,0, | 0,5,3, | 
(8025)	1,0,1, | 0,5,3, | 
(7809)	1,0,0, | 0,5,3, | 
(7809)	1,0,0, | 0,5,3, | 
(7809)	1,0,0, | 0,5,3, | 
(7809)	1,0,0, | 0,5,3, | 
(69)	0,0,0, | 1,5,3, | 
(69)	0,0,0, | 1,5,3, | 
(69)	0,0,0, | 1,5,3, | 
(69)	0,0,0, | 1,5,3, | 
(69)	0,0,0, | 1,5,3, | 
(69)	0,0,0, | 1,5,3, | 
(69)	0,0,0, | 1,5,3, | 
(69)	0,0,0, | 1,5,3, | 
(69)	0,0,0, | 1,5,3, | 
(69)	0,0,0, | 1,5,3, | 
(69)	0,0,0, | 1,5,3, | 
(69)	0,0,0, | 1,5,3, | 
(69)	0,0,0, | 1,5,3, | 
(7844)	1,0,0, | 1,5,2, | 
(9140)	1,1,0, | 1,5,2, | 
(9140)	1,1,0, | 1,5,2, | 
(9176)	1,1,0, | 2,5,2, | 
(16916)	2,1,0, | 1,5,2, | 
(9140)	1,1,0, | 1,5,2, | 
(9176)	1,1,0, | 2,5,2, | 
(9140)	1,1,0, | 1,5,2, | 
(9140)	1,1,0, | 1,5,2, | 
(9104)	1,1,0, | 0,5,2, | 
(9104)	1,1,0, | 0,5,2, | 
(9104)	1,1,0, | 0,5,2, | 
(9104)	1,1,0, | 0,5,2, | 
(9104)	1,1,0, | 0,5,2, | 
(9104)	1,1,0, | 0,5,2, | 
(9104)	1,1,0, | 0,5,2, | 
(7809)	1,0,0, | 0,5,3, | 
(7809)	1,0,0, | 0,5,3, | 
(8025)	1,0,1, | 0,5,3, | 
(7809)	1,0,0, | 0,5,3, | 
(7809)	1,0,0, | 0,5,3, | 
(7809)	1,0,0, | 0,5,3, | 
(7809)	1,0,0, | 0,5,3, | 
(69)	0,0,0, | 1,5,3, | 
(69)	0,0,0, | 1,5,3, | 
(69)	0,0,0, | 1,5,3, | 
(69)	0,0,0, | 1,5,3, | 
(69)	0,0,0, | 1,5,3, | 
(69)	0,0,0, | 1,5,3, | 
(69)	0,0,0, | 1,5,3, | 
(69)	0,0,0, | 1,5,3, | 
(69)	0,0,0, | 1,5,3, | 
(69)	0,0,0, | 1,5,3, | 
(69)	0,0,0, | 1,5,3, | 
(69)	0,0,0, | 1,5,3, | 
(69)	0,0,0, | 1,5,3, | 
(7844)	1,0,0, | 1,5,2, | 
(9140)	1,1,0, | 1,5,2, | 
(9140)	1,1,0, | 1,5,2, | 
(9176)	1,1,0, | 2,5,2, | 
(16916)	2,1,0, | 1,5,2, | 
(9140)	1,1,0, | 1,5,2, | 
(9176)	1,1,0, | 2,5,2, | 
(9176)	1,1,0, | 2,5,2, | 
(9140)	1,1,0, | 1,5,2, | 
(9104)	1,1,0, | 0,5,2, | 
(9104)	1,1,0, | 0,5,2, | 
(9104)	1,1,0, | 0,5,2, | 
(9104)	1,1,0, | 0,5,2, | 
(9104)	1,1,0, | 0,5,2, | 
(9104)	1,1,0, | 0,5,2, | 
(9104)	1,1,0, | 0,5,2, | 
(7809)	1,0,0, | 0,5,3, | 
(7809)	1,0,0, | 0,5,3, | 
(13392)	1,4,2, | 0,0,0, | 
(13392)	1,4,2, | 0,0,0, | 
(13392)	1,4,2, | 0,0,0, | 
(13392)	1,4,2, | 0,0,0, | 
(13392)	1,4,2, | 0,0,0, | 
(13392)	1,4,2, | 0,0,0, | 
(13392)	1,4,2, | 0,0,0, | 
(13392)	1,4,2, | 0,0,0, | 
(13392)	1,4,2, | 0,0,0, | 
(12096)	1,3,2, | 0,0,0, | 
(5652)	0,4,2, | 1,0,0, | 
(5652)	0,4,2, | 1,0,0, | 
(5652)	0,4,2, | 1,0,0, | 
(5652)	0,4,2, | 1,0,0, | 
(5652)	0,4,2, | 1,0,0, | 
(5652)	0,4,2, | 1,0,0, | 
(5652)	0,4,2, | 1,0,0, | 
(5652)	0,4,2, | 1,0,0, | 
(5652)	0,4,2, | 1,0,0, | 
(5652)	0,4,2, | 1,0,0, | 
(5652)	0,4,2, | 1,0,0, | 
(5652)	0,4,2, | 1,0,0, | 
(5652)	0,4,2, | 1,0,0, | 
(5652)	0,4,2, | 1,0,0, | 
(5652)	0,4,2, | 1,0,0, | 
(5652)	0,4,2, | 1,0,0, | 
(5652)	0,4,2, | 1,0,0, | 
(10584)	1,2,1, | 0,0,0, | 
(13392)	1,4,2, | 0,0,0, | 
(13392)	1,4,2, | 0,0,0, | 
(13392)	1,4,2, | 0,0,0, | 
(13392)	1,4,2, | 0,0,0, | 
(13392)	1,4,2, | 0,0,0, | 
(13392)	1,4,2, | 0,0,0, | 
(13392)	1,4,2, | 0,0,0, | 
(13392)	1,4,2, | 0,0,0, | 
(13392)	1,4,2, | 0,0,0, | 
(13392)	1,4,2, | 0,0,0, | 
(13392)	1,4,2, | 0,0,0, | 
(13392)	1,4,2, | 0,0,0, | 
(13392)	1,4,2, | 0,0,0, | 
(5652)	0,4,2, | 1,0,0, | 
(5652)	0,4,2, | 1,0,0, | 
(5652)	0,4,2, | 1,0,0, | 
(5652)	0,4,2, | 1,0,0, | 
(5652)	0,4,2, | 1,0,0, | 
(5652)	0,4,2, | 1,0,0, | 
(5652)	0,4,2, | 1,0,0, | 
(4146)	0,3,1, | 1,1,0, | 
(6954)	0,5,2, | 1,1,0, | 
(4146)	0,3,1, | 1,1,0, | 
(4146)	0,3,1, | 1,1,0, | 
(4146)	0,3,1, | 1,1,0, | 
(4146)	0,3,1, | 1,1,0, | 
(10639)	1,2,1, | 1,3,1, | 
(10639)	1,2,1, | 1,3,1, | 
(10639)	1,2,1, | 1,3,1, | 
(11958)	1,3,1, | 2,1,0, | 
(13218)	1,4,1, | 1,1,0, | 
(11958)	1,3,1, | 2,1,0, | 
(14766)	1,5,2, | 2,1,0, | 
(13218)	1,4,1, | 1,1,0, | 
(11922)	1,3,1, | 1,1,0, | 
(11916)	1,3,1, | 1,0,0, | 
(13392)	1,4,2, | 0,0,0, | 
(13392)	1,4,2, | 0,0,0, | 
(13392)	1,4,2, | 0,0,0, | 
(13392)	1,4,2, | 0,0,0, | 
(13392)	1,4,2, | 0,0,0, | 
(13392)	1,4,2, | 0,0,0, | 
(13392)	1,4,2, | 0,0,0, | 
(13392)	1,4,2, | 0,0,0, | 
(14724)	1,5,2, | 1,0,0, | 
(14724)	1,5,2, | 1,0,0, | 
(14724)	1,5,2, | 1,0,0, | 
(14724)	1,5,2, | 1,0,0, | 
(14724)	1,5,2, | 1,0,0, | 
(7844)	1,0,0, | 1,5,2, | 
(7844)	1,0,0, | 1,5,2, | 
(7844)	1,0,0, | 1,5,2, | 
(7844)	1,0,0, | 1,5,2, | 
(7844)	1,0,0, | 1,5,2, | 
(7844)	1,0,0, | 1,5,2, | 
(7844)	1,0,0, | 1,5,2, | 
(7844)	1,0,0, | 1,5,2, | 
(7844)	1,0,0, | 1,5,2, | 
(7844)	1,0,0, | 1,5,2, | 
(7844)	1,0,0, | 1,5,2, | 
(7844)	1,0,0, | 1,5,2, | 
(9133)	1,1,0, | 1,4,1, | 
(9133)	1,1,0, | 1,4,1, | 
(9133)	1,1,0, | 1,4,1, | 
(9133)	1,1,0, | 1,4,1, | 
(9133)	1,1,0, | 1,4,1, | 
(9133)	1,1,0, | 1,4,1, | 
(13218)	1,4,1, | 1,1,0, | 
(13218)	1,4,1, | 1,1,0, | 
(13218)	1,4,1, | 1,1,0, | 
(13218)	1,4,1, | 1,1,0, | 
(13218)	1,4,1, | 1,1,0, | 
(13218)	1,4,1, | 1,1,0, | 
(14724)	1,5,2, | 1,0,0, | 
(14724)	1,5,2, | 1,0,0, | 
(14724)	1,5,2, | 1,0,0, | 
(14724)	1,5,2, | 1,0,0, | 
(14724)	1,5,2, | 1,0,0, | 
(14724)	1,5,2, | 1,0,0, | 
(14724)	1,5,2, | 1,0,0, | 
(9104)	1,1,0, | 0,5,2, | 
(9104)	1,1,0, | 0,5,2, | 
(7844)	1,0,0, | 1,5,2, | 
(7844)	1,0,0, | 1,5,2, | 
(7844)	1,0,0, | 1,5,2, | 
(7844)	1,0,0, | 1,5,2, | 
(7844)	1,0,0, | 1,5,2, | 
(7844)	1,0,0, | 1,5,2, | 
(7844)	1,0,0, | 1,5,2, | 
(7844)	1,0,0, | 1,5,2, | 
(7844)	1,0,0, | 1,5,2, | 
(7844)	1,0,0, | 1,5,2, | 
(7844)	1,0,0, | 1,5,2, | 
(7844)	1,0,0, | 1,5,2, | 
(7844)	1,0,0, | 1,5,2, | 
(7844)	1,0,0, | 1,5,2, | 
(7844)	1,0,0, | 1,5,2, | 
(7844)	1,0,0, | 1,5,2, | 
(9133)	1,1,0, | 1,4,1, | 
(13237)	1,4,1, | 1,4,1, | 
(13237)	1,4,1, | 1,4,1, | 
(13237)	1,4,1, | 1,4,1, | 
(13237)	1,4,1, | 1,4,1, | 
(13237)	1,4,1, | 1,4,1, | 
(13237)	1,4,1, | 1,4,1, | 
(13237)	1,4,1, | 1,4,1, | 
(13237)	1,4,1, | 1,4,1, | 
(13218)	1,4,1, | 1,1,0, | 
(13218)	1,4,1, | 1,1,0, | 
(13218)	1,4,1, | 1,1,0, | 
(13218)	1,4,1, | 1,1,0, | 
(13218)	1,4,1, | 1,1,0, | 
(13218)	1,4,1, | 1,1,0, | 
(13218)	1,4,1, | 1,1,0, | 
(13218)	1,4,1, | 1,1,0, | 
(13218)	1,4,1, | 1,1,0, | 
(9104)	1,1,0, | 0,5,2, | 
(10616)	1,2,1, | 0,5,2, | 
(10616)	1,2,1, | 0,5,2, | 
(10616)	1,2,1, | 0,5,2, | 
(7844)	1,0,0, | 1,5,2, | 
(7844)	1,0,0, | 1,5,2, | 
(7844)	1,0,0, | 1,5,2, | 
(7844)	1,0,0, | 1,5,2, | 
(7844)	1,0,0, | 1,5,2, | 
(7844)	1,0,0, | 1,5,2, | 
(7844)	1,0,0, | 1,5,2, | 
(7844)	1,0,0, | 1,5,2, | 
(7844)	1,0,0, | 1,5,2, | 
(7844)	1,0,0, | 1,5,2, | 
(7844)	1,0,0, | 1,5,2, | 
(7844)	1,0,0, | 1,5,2, | 
(7844)	1,0,0, | 1,5,2, | 
(7844)	1,0,0, | 1,5,2, | 
(13237)	1,4,1, | 1,4,1, | 
(13237)	1,4,1, | 1,4,1, | 
(13237)	1,4,1, | 1,4,1, | 
(13237)	1,4,1, | 1,4,1, | 
(13237)	1,4,1, | 1,4,1, | 
(13237)	1,4,1, | 1,4,1, | 
(13237)	1,4,1, | 1,4,1, | 
(13237)	1,4,1, | 1,4,1, | 
(13237)	1,4,1, | 1,4,1, | 
(13218)	1,4,1, | 1,1,0, | 
(13218)	1,4,1, | 1,1,0, | 
(13218)	1,4,1, | 1,1,0, | 
(13218)	1,4,1, | 1,1,0, | 
(13218)	1,4,1, | 1,1,0, | 
(13218)	1,4,1, | 1,1,0, | 
(13218)	1,4,1, | 1,1,0, | 
(13218)	1,4,1, | 1,1,0, | 
(9104)	1,1,0, | 0,5,2, | 
(9104)	1,1,0, | 0,5,2, | 
(10616)	1,2,1, | 0,5,2, | 
(10616)	1,2,1, | 0,5,2, | 
(10616)	1,2,1, | 0,5,2, | 
(7844)	1,0,0, | 1,5,2, | 
(7844)	1,0,0, | 1,5,2, | 
(7844)	1,0,0, | 1,5,2, | 
(7844)	1,0,0, | 1,5,2, | 
(7844)	1,0,0, | 1,5,2, | 
(7844)	1,0,0, | 1,5,2, | 
(7844)	1,0,0, | 1,5,2, | 
(7844)	1,0,0, | 1,5,2, | 
(7844)	1,0,0, | 1,5,2, | 
(7844)	1,0,0, | 1,5,2, | 
(7844)	1,0,0, | 1,5,2, | 
(7844)	1,0,0, | 1,5,2, | 
(7844)	1,0,0, | 1,5,2, | 
(7844)	1,0,0, | 1,5,2, | 
(13237)	1,4,1, | 1,4,1, | 
(13237)	1,4,1, | 1,4,1, | 
(13237)	1,4,1, | 1,4,1, | 
(13237)	1,4,1, | 1,4,1, | 
(13237)	1,4,1, | 1,4,1, | 
(13237)	1,4,1, | 1,4,1, | 
(13237)	1,4,1, | 1,4,1, | 
(13237)	1,4,1, | 1,4,1, | 
(13237)	1,4,1, | 1,4,1, | 
(13237)	1,4,1, | 1,4,1, | 
(13237)	1,4,1, | 1,4,1, | 
(13237)	1,4,1, | 1,4,1, | 
(13237)	1,4,1, | 1,4,1, | 
(13237)	1,4,1, | 1,4,1, | 
(13237)	1,4,1, | 1,4,1, | 
(9104)	1,1,0, | 0,5,2, | 
(9104)	1,1,0, | 0,5,2, | 
(9104)	1,1,0, | 0,5,2, | 
(14904)	1,5,3, | 0,0,0, | 
(14904)	1,5,3, | 0,0,0, | 
(14904)	1,5,3, | 0,0,0, | 
(14904)	1,5,3, | 0,0,0, | 
(14904)	1,5,3, | 0,0,0, | 
(14904)	1,5,3, | 0,0,0, | 
(14904)	1,5,3, | 0,0,0, | 
(14904)	1,5,3, | 0,0,0, | 
(14904)	1,5,3, | 0,0,0, | 
(13608)	1,4,3, | 0,0,0, | 
(7164)	0,5,3, | 1,0,0, | 
(7164)	0,5,3, | 1,0,0, | 
(7164)	0,5,3, | 1,0,0, | 
(7164)	0,5,3, | 1,0,0, | 
(7164)	0,5,3, | 1,0,0, | 
(7164)	0,5,3, | 1,0,0, | 
(7164)	0,5,3, | 1,0,0, | 
(7164)	0,5,3, | 1,0,0, | 
(7164)	0,5,3, | 1,0,0, | 
(7164)	0,5,3, | 1,0,0, | 
(7164)	0,5,3, | 1,0,0, | 
(7164)	0,5,3, | 1,0,0, | 
(7164)	0,5,3, | 1,0,0, | 
(7164)	0,5,3, | 1,0,0, | 
(7164)	0,5,3, | 1,0,0, | 
(7164)	0,5,3, | 1,0,0, | 
(7164)	0,5,3, | 1,0,0, | 
(10584)	1,2,1, | 0,0,0, | 
(14904)	1,5,3, | 0,0,0, | 
(14904)	1,5,3, | 0,0,0, | 
(14904)	1,5,3, | 0,0,0, | 
(14904)	1,5,3, | 0,0,0, | 
(14904)	1,5,3, | 0,0,0, | 
(14904)	1,5,3, | 0,0,0, | 
(14904)	1,5,3, | 0,0,0, | 
(14904)	1,5,3, | 0,0,0, | 
(14904)	1,5,3, | 0,0,0, | 
(14904)	1,5,3, | 0,0,0, | 
(14904)	1,5,3, | 0,0,0, | 
(14904)	1,5,3, | 0,0,0, | 
(14904)	1,5,3, | 0,0,0, | 
(7164)	0,5,3, | 1,0,0, | 
(7164)	0,5,3, | 1,0,0, | 
(7164)	0,5,3, | 1,0,0, | 
(7164)	0,5,3, | 1,0,0, | 
(7164)	0,5,3, | 1,0,0, | 
(7164)	0,5,3, | 1,0,0, | 
(7164)	0,5,3, | 1,0,0, | 
(6954)	0,5,2, | 1,1,0, | 
(6954)	0,5,2, | 1,1,0, | 
(6954)	0,5,2, | 1,1,0, | 
(6954)	0,5,2, | 1,1,0, | 
(6954)	0,5,2, | 1,1,0, | 
(6954)	0,5,2, | 1,1,0, | 
(11922)	1,3,1, | 1,1,0, | 
(14766)	1,5,2, | 2,1,0, | 
(14766)	1,5,2, | 2,1,0, | 
(22506)	2,5,2, | 1,1,0, | 
(22506)	2,5,2, | 1,1,0, | 
(14766)	1,5,2, | 2,1,0, | 
(14766)	1,5,2, | 2,1,0, | 
(14730)	1,5,2, | 1,1,0, | 
(11922)	1,3,1, | 1,1,0, | 
(14724)	1,5,2, | 1,0,0, | 
(14904)	1,5,3, | 0,0,0, | 
(14904)	1,5,3, | 0,0,0, | 
(14904)	1,5,3, | 0,0,0, | 
(14904)	1,5,3, | 0,0,0, | 
(14904)	1,5,3, | 0,0,0, | 
(14904)	1,5,3, | 0,0,0, | 
(14904)	1,5,3, | 0,0,0, | 
(14904)	1,5,3, | 0,0,0, | 
(14724)	1,5,2, | 1,0,0, | 
(14724)	1,5,2, | 1,0,0, | 
(14724)	1,5,2, | 1,0,0, | 
(14724)	1,5,2, | 1,0,0, | 
(14724)	1,5,2, | 1,0,0, | 
(14724)	1,5,2, | 1,0,0, | 
(14724)	1,5,2, | 1,0,0, | 
(14724)	1,5,2, | 1,0,0, | 
(6954)	0,5,2, | 1,1,0, | 
(6954)	0,5,2, | 1,1,0, | 
(9133)	1,1,0, | 1,4,1, | 
(9133)	1,1,0, | 1,4,1, | 
(9133)	1,1,0, | 1,4,1, | 
(9133)	1,1,0, | 1,4,1, | 
(9133)	1,1,0, | 1,4,1, | 
(9133)	1,1,0, | 1,4,1, | 
(9133)	1,1,0, | 1,4,1, | 
(9133)	1,1,0, | 1,4,1, | 
(9133)	1,1,0, | 1,4,1, | 
(13237)	1,4,1, | 1,4,1, | 
(13237)	1,4,1, | 1,4,1, | 
(13237)	1,4,1, | 1,4,1, | 
(13237)	1,4,1, | 1,4,1, | 
(13237)	1,4,1, | 1,4,1, | 
(13237)	1,4,1, | 1,4,1, | 
(13237)	1,4,1, | 1,4,1, | 
(13237)	1,4,1, | 1,4,1, | 
(13218)	1,4,1, | 1,1,0, | 
(14724)	1,5,2, | 1,0,0, | 
(14724)	1,5,2, | 1,0,0, | 
(14724)	1,5,2, | 1,0,0, | 
(14724)	1,5,2, | 1,0,0, | 
(14724)	1,5,2, | 1,0,0, | 
(14724)	1,5,2, | 1,0,0, | 
(14724)	1,5,2, | 1,0,0, | 
(14724)	1,5,2, | 1,0,0, | 
(14743)	1,5,2, | 1,3,1, | 
(14743)	1,5,2, | 1,3,1, | 
(6967)	0,5,2, | 1,3,1, | 
(6967)	0,5,2, | 1,3,1, | 
(6967)	0,5,2, | 1,3,1, | 
(11912)	1,3,1, | 0,5,2, | 
(11912)	1,3,1, | 0,5,2, | 
(11912)	1,3,1, | 0,5,2, | 
(11948)	1,3,1, | 1,5,2, | 
(11948)	1,3,1, | 1,5,2, | 
(9133)	1,1,0, | 1,4,1, | 
(9133)	1,1,0, | 1,4,1, | 
(9133)	1,1,0, | 1,4,1, | 
(9133)	1,1,0, | 1,4,1, | 
(9133)	1,1,0, | 1,4,1, | 
(9133)	1,1,0, | 1,4,1, | 
(9133)	1,1,0, | 1,4,1, | 
(9133)	1,1,0, | 1,4,1, | 
(9133)	1,1,0, | 1,4,1, | 
(13273)	1,4,1, | 2,4,1, | 
(13273)	1,4,1, | 2,4,1, | 
(13237)	1,4,1, | 1,4,1, | 
(21013)	2,4,1, | 1,4,1, | 
(21013)	2,4,1, | 1,4,1, | 
(13273)	1,4,1, | 2,4,1, | 
(13237)	1,4,1, | 1,4,1, | 
(13237)	1,4,1, | 1,4,1, | 
(13218)	1,4,1, | 1,1,0, | 
(13218)	1,4,1, | 1,1,0, | 
(13218)	1,4,1, | 1,1,0, | 
(13218)	1,4,1, | 1,1,0, | 
(13218)	1,4,1, | 1,1,0, | 
(13218)	1,4,1, | 1,1,0, | 
(13218)	1,4,1, | 1,1,0, | 
(13218)	1,4,1, | 1,1,0, | 
(13218)	1,4,1, | 1,1,0, | 
(6967)	0,5,2, | 1,3,1, | 
(6967)	0,5,2, | 1,3,1, | 
(10616)	1,2,1, | 0,5,2, | 
(10616)	1,2,1, | 0,5,2, | 
(10616)	1,2,1, | 0,5,2, | 
(10616)	1,2,1, | 0,5,2, | 
(10616)	1,2,1, | 0,5,2, | 
(10616)	1,2,1, | 0,5,2, | 
(10616)	1,2,1, | 0,5,2, | 
(10616)	1,2,1, | 0,5,2, | 
(10616)	1,2,1, | 0,5,2, | 
(10616)	1,2,1, | 0,5,2, | 
(10616)	1,2,1, | 0,5,2, | 
(10616)	1,2,1, | 0,5,2, | 
(10616)	1,2,1, | 0,5,2, | 
(13237)	1,4,1, | 1,4,1, | 
(13237)	1,4,1, | 1,4,1, | 
(13237)	1,4,1, | 1,4,1, | 
(13237)	1,4,1, | 1,4,1, | 
(14533)	1,5,1, | 1,4,1, | 
(14533)	1,5,1, | 1,4,1, | 
(14533)	1,5,1, | 1,4,1, | 
(14533)	1,5,1, | 1,4,1, | 
(14533)	1,5,1, | 1,4,1, | 
(14533)	1,5,1, | 1,4,1, | 
(14533)	1,5,1, | 1,4,1, | 
(14533)	1,5,1, | 1,4,1, | 
(14533)	1,5,1, | 1,4,1, | 
(14533)	1,5,1, | 1,4,1, | 
(14533)	1,5,1, | 1,4,1, | 
(14533)	1,5,1, | 1,4,1, | 
(13237)	1,4,1, | 1,4,1, | 
(14743)	1,5,2, | 1,3,1, | 
(14743)	1,5,2, | 1,3,1, | 
(14743)	1,5,2, | 1,3,1, | 
(6967)	0,5,2, | 1,3,1, | 
(11912)	1,3,1, | 0,5,2, | 
(11912)	1,3,1, | 0,5,2, | 
(10616)	1,2,1, | 0,5,2, | 
(10616)	1,2,1, | 0,5,2, | 
(10616)	1,2,1, | 0,5,2, | 
(10616)	1,2,1, | 0,5,2, | 
(10616)	1,2,1, | 0,5,2, | 
(10616)	1,2,1, | 0,5,2, | 
(10616)	1,2,1, | 0,5,2, | 
(10616)	1,2,1, | 0,5,2, | 
(10616)	1,2,1, | 0,5,2, | 
(10652)	1,2,1, | 1,5,2, | 
(10652)	1,2,1, | 1,5,2, | 
(10652)	1,2,1, | 1,5,2, | 
(10652)	1,2,1, | 1,5,2, | 
(10652)	1,2,1, | 1,5,2, | 
(13237)	1,4,1, | 1,4,1, | 
(13237)	1,4,1, | 1,4,1, | 
(13237)	1,4,1, | 1,4,1, | 
(14533)	1,5,1, | 1,4,1, | 
(14533)	1,5,1, | 1,4,1, | 
(14533)	1,5,1, | 1,4,1, | 
(14533)	1,5,1, | 1,4,1, | 
(14533)	1,5,1, | 1,4,1, | 
(14533)	1,5,1, | 1,4,1, | 
(14533)	1,5,1, | 1,4,1, | 
(14533)	1,5,1, | 1,4,1, | 
(14533)	1,5,1, | 1,4,1, | 
(14533)	1,5,1, | 1,4,1, | 
(14533)	1,5,1, | 1,4,1, | 
(14533)	1,5,1, | 1,4,1, | 
(14533)	1,5,1, | 1,4,1, | 
(14533)	1,5,1, | 1,4,1, | 
(14533)	1,5,1, | 1,4,1, | 
(11912)	1,3,1, | 0,5,2, | 
(11912)	1,3,1, | 0,5,2, | 
(14904)	1,5,3, | 0,0,0, | 
(14904)	1,5,3, | 0,0,0, | 
(14904)	1,5,3, | 0,0,0, | 
(14904)	1,5,3, | 0,0,0, | 
(14904)	1,5,3, | 0,0,0, | 
(14904)	1,5,3, | 0,0,0, | 
(14904)	1,5,3, | 0,0,0, | 
(14904)	1,5,3, | 0,0,0, | 
(14904)	1,5,3, | 0,0,0, | 
(12096)	1,3,2, | 0,0,0, | 
(7164)	0,5,3, | 1,0,0, | 
(7164)	0,5,3, | 1,0,0, | 
(7164)	0,5,3, | 1,0,0, | 
(7164)	0,5,3, | 1,0,0, | 
(7164)	0,5,3, | 1,0,0, | 
(7164)	0,5,3, | 1,0,0, | 
(7164)	0,5,3, | 1,0,0, | 
(7164)	0,5,3, | 1,0,0, | 
(7164)	0,5,3, | 1,0,0, | 
(7164)	0,5,3, | 1,0,0, | 
(7164)	0,5,3, | 1,0,0, | 
(7164)	0,5,3, | 1,0,0, | 
(7164)	0,5,3, | 1,0,0, | 
(7164)	0,5,3, | 1,0,0, | 
(7164)	0,5,3, | 1,0,0, | 
(7164)	0,5,3, | 1,0,0, | 
(7164)	0,5,3, | 1,0,0, | 
(12096)	1,3,2, | 0,0,0, | 
(14904)	1,5,3, | 0,0,0, | 
(14904)	1,5,3, | 0,0,0, | 
(14904)	1,5,3, | 0,0,0, | 
(14904)	1,5,3, | 0,0,0, | 
(14904)	1,5,3, | 0,0,0, | 
(14904)	1,5,3, | 0,0,0, | 
(14904)	1,5,3, | 0,0,0, | 
(14904)	1,5,3, | 0,0,0, | 
(14904)	1,5,3, | 0,0,0, | 
(14904)	1,5,3, | 0,0,0, | 
(14904)	1,5,3, | 0,0,0, | 
(14904)	1,5,3, | 0,0,0, | 
(14904)	1,5,3, | 0,0,0, | 
(7164)	0,5,3, | 1,0,0, | 
(7164)	0,5,3, | 1,0,0, | 
(7164)	0,5,3, | 1,0,0, | 
(7164)	0,5,3, | 1,0,0, | 
(7164)	0,5,3, | 1,0,0, | 
(7164)	0,5,3, | 1,0,0, | 
(7164)	0,5,3, | 1,0,0, | 
(6954)	0,5,2, | 1,1,0, | 
(6954)	0,5,2, | 1,1,0, | 
(6954)	0,5,2, | 1,1,0, | 
(6954)	0,5,2, | 1,1,0, | 
(6954)	0,5,2, | 1,1,0, | 
(6954)	0,5,2, | 1,1,0, | 
(6954)	0,5,2, | 1,1,0, | 
(14730)	1,5,2, | 1,1,0, | 
(14730)	1,5,2, | 1,1,0, | 
(22506)	2,5,2, | 1,1,0, | 
(14730)	1,5,2, | 1,1,0, | 
(14766)	1,5,2, | 2,1,0, | 
(14766)	1,5,2, | 2,1,0, | 
(14730)	1,5,2, | 1,1,0, | 
(14730)	1,5,2, | 1,1,0, | 
(14724)	1,5,2, | 1,0,0, | 
(14904)	1,5,3, | 0,0,0, | 
(14904)	1,5,3, | 0,0,0, | 
(14904)	1,5,3, | 0,0,0, | 
(14904)	1,5,3, | 0,0,0, | 
(14904)	1,5,3, | 0,0,0, | 
(14904)	1,5,3, | 0,0,0, | 
(14904)	1,5,3, | 0,0,0, | 
(14904)	1,5,3, | 0,0,0, | 
(14724)	1,5,2, | 1,0,0, | 
(14724)	1,5,2, | 1,0,0, | 
(14724)	1,5,2, | 1,0,0, | 
(14724)	1,5,2, | 1,0,0, | 
(14724)	1,5,2, | 1,0,0, | 
(14724)	1,5,2, | 1,0,0, | 
(6961)	0,5,2, | 1,2,1, | 
(6961)	0,5,2, | 1,2,1, | 
(6961)	0,5,2, | 1,2,1, | 
(6954)	0,5,2, | 1,1,0, | 
(6954)	0,5,2, | 1,1,0, | 
(9133)	1,1,0, | 1,4,1, | 
(9133)	1,1,0, | 1,4,1, | 
(9133)	1,1,0, | 1,4,1, | 
(9133)	1,1,0, | 1,4,1, | 
(9133)	1,1,0, | 1,4,1, | 
(9133)	1,1,0, | 1,4,1, | 
(9133)	1,1,0, | 1,4,1, | 
(9133)	1,1,0, | 1,4,1, | 
(13237)	1,4,1, | 1,4,1, | 
(13237)	1,4,1, | 1,4,1, | 
(13237)	1,4,1, | 1,4,1, | 
(13237)	1,4,1, | 1,4,1, | 
(13237)	1,4,1, | 1,4,1, | 
(13237)	1,4,1, | 1,4,1, | 
(13237)	1,4,1, | 1,4,1, | 
(13237)	1,4,1, | 1,4,1, | 
(13237)	1,4,1, | 1,4,1, | 
(14724)	1,5,2, | 1,0,0, | 
(14724)	1,5,2, | 1,0,0, | 
(14724)	1,5,2, | 1,0,0, | 
(14724)	1,5,2, | 1,0,0, | 
(14724)	1,5,2, | 1,0,0, | 
(14724)	1,5,2, | 1,0,0, | 
(14724)	1,5,2, | 1,0,0, | 
(14724)	1,5,2, | 1,0,0, | 
(6961)	0,5,2, | 1,2,1, | 
(6961)	0,5,2, | 1,2,1, | 
(6961)	0,5,2, | 1,2,1, | 
(6961)	0,5,2, | 1,2,1, | 
(6961)	0,5,2, | 1,2,1, | 
(6961)	0,5,2, | 1,2,1, | 
(6961)	0,5,2, | 1,2,1, | 
(6961)	0,5,2, | 1,2,1, | 
(11912)	1,3,1, | 0,5,2, | 
(11912)	1,3,1, | 0,5,2, | 
(11912)	1,3,1, | 0,5,2, | 
(11948)	1,3,1, | 1,5,2, | 
(11948)	1,3,1, | 1,5,2, | 
(11948)	1,3,1, | 1,5,2, | 
(13237)	1,4,1, | 1,4,1, | 
(13243)	1,4,1, | 1,5,1, | 
(13243)	1,4,1, | 1,5,1, | 
(13243)	1,4,1, | 1,5,1, | 
(13243)	1,4,1, | 1,5,1, | 
(13243)	1,4,1, | 1,5,1, | 
(13243)	1,4,1, | 1,5,1, | 
(13243)	1,4,1, | 1,5,1, | 
(13243)	1,4,1, | 1,5,1, | 
(13243)	1,4,1, | 1,5,1, | 
(13243)	1,4,1, | 1,5,1, | 
(13243)	1,4,1, | 1,5,1, | 
(13243)	1,4,1, | 1,5,1, | 
(13237)	1,4,1, | 1,4,1, | 
(13237)	1,4,1, | 1,4,1, | 
(13237)	1,4,1, | 1,4,1, | 
(13237)	1,4,1, | 1,4,1, | 
(6961)	0,5,2, | 1,2,1, | 
(6961)	0,5,2, | 1,2,1, | 
(6961)	0,5,2, | 1,2,1, | 
(6961)	0,5,2, | 1,2,1, | 
(6961)	0,5,2, | 1,2,1, | 
(6967)	0,5,2, | 1,3,1, | 
(6967)	0,5,2, | 1,3,1, | 
(6967)	0,5,2, | 1,3,1, | 
(6967)	0,5,2, | 1,3,1, | 
(6967)	0,5,2, | 1,3,1, | 
(11912)	1,3,1, | 0,5,2, | 
(11912)	1,3,1, | 0,5,2, | 
(11912)	1,3,1, | 0,5,2, | 
(11912)	1,3,1, | 0,5,2, | 
(11912)	1,3,1, | 0,5,2, | 
(11912)	1,3,1, | 0,5,2, | 
(11948)	1,3,1, | 1,5,2, | 
(11948)	1,3,1, | 1,5,2, | 
(11948)	1,3,1, | 1,5,2, | 
(13243)	1,4,1, | 1,5,1, | 
(13243)	1,4,1, | 1,5,1, | 
(13243)	1,4,1, | 1,5,1, | 
(13243)	1,4,1, | 1,5,1, | 
(13243)	1,4,1, | 1,5,1, | 
(14539)	1,5,1, | 1,5,1, | 
(14539)	1,5,1, | 1,5,1, | 
(14539)	1,5,1, | 1,5,1, | 
(14539)	1,5,1, | 1,5,1, | 
(14539)	1,5,1, | 1,5,1, | 
(14539)	1,5,1, | 1,5,1, | 
(14539)	1,5,1, | 1,5,1, | 
(14539)	1,5,1, | 1,5,1, | 
(14533)	1,5,1, | 1,4,1, | 
(14533)	1,5,1, | 1,4,1, | 
(14533)	1,5,1, | 1,4,1, | 
(14533)	1,5,1, | 1,4,1, | 
(14533)	1,5,1, | 1,4,1, | 
(14743)	1,5,2, | 1,3,1, | 
(14743)	1,5,2, | 1,3,1, | 
(14743)	1,5,2, | 1,3,1, | 
(6967)	0,5,2, | 1,3,1, | 
(11912)	1,3,1, | 0,5,2, | 
(11912)	1,3,1, | 0,5,2, | 
(11912)	1,3,1, | 0,5,2, | 
(11912)	1,3,1, | 0,5,2, | 
(11912)	1,3,1, | 0,5,2, | 
(11912)	1,3,1, | 0,5,2, | 
(11912)	1,3,1, | 0,5,2, | 
(11912)	1,3,1, | 0,5,2, | 
(11912)	1,3,1, | 0,5,2, | 
(11912)	1,3,1, | 0,5,2, | 
(11912)	1,3,1, | 0,5,2, | 
(11948)	1,3,1, | 1,5,2, | 
(11948)	1,3,1, | 1,5,2, | 
(11948)	1,3,1, | 1,5,2, | 
(13243)	1,4,1, | 1,5,1, | 
(13243)	1,4,1, | 1,5,1, | 
(13243)	1,4,1, | 1,5,1, | 
(13243)	1,4,1, | 1,5,1, | 
(13243)	1,4,1, | 1,5,1, | 
(14539)	1,5,1, | 1,5,1, | 
(14539)	1,5,1, | 1,5,1, | 
(14539)	1,5,1, | 1,5,1, | 
(14539)	1,5,1, | 1,5,1, | 
(14539)	1,5,1, | 1,5,1, | 
(14539)	1,5,1, | 1,5,1, | 
(14539)	1,5,1, | 1,5,1, | 
(14539)	1,5,1, | 1,5,1, | 
(14539)	1,5,1, | 1,5,1, | 
(14533)	1,5,1, | 1,4,1, | 
(14533)	1,5,1, | 1,4,1, | 
(14533)	1,5,1, | 1,4,1, | 
(14533)	1,5,1, | 1,4,1, | 
(14533)	1,5,1, | 1,4,1, | 
(14533)	1,5,1, | 1,4,1, | 
(14756)	1,5,2, | 1,5,2, | 
(14756)	1,5,2, | 1,5,2, | 
(14904)	1,5,3, | 0,0,0, | 
(14904)	1,5,3, | 0,0,0, | 
(14904)	1,5,3, | 0,0,0, | 
(14904)	1,5,3, | 0,0,0, | 
(14904)	1,5,3, | 0,0,0, | 
(14904)	1,5,3, | 0,0,0, | 
(14904)	1,5,3, | 0,0,0, | 
(14904)	1,5,3, | 0,0,0, | 
(14904)	1,5,3, | 0,0,0, | 
(14904)	1,5,3, | 0,0,0, | 
(7164)	0,5,3, | 1,0,0, | 
(7164)	0,5,3, | 1,0,0, | 
(7164)	0,5,3, | 1,0,0, | 
(7164)	0,5,3, | 1,0,0, | 
(7164)	0,5,3, | 1,0,0, | 
(7164)	0,5,3, | 1,0,0, | 
(7164)	0,5,3, | 1,0,0, | 
(7164)	0,5,3, | 1,0,0, | 
(7164)	0,5,3, | 1,0,0, | 
(7164)	0,5,3, | 1,0,0, | 
(7164)	0,5,3, | 1,0,0, | 
(7164)	0,5,3, | 1,0,0, | 
(7164)	0,5,3, | 1,0,0, | 
(7164)	0,5,3, | 1,0,0, | 
(7164)	0,5,3, | 1,0,0, | 
(7164)	0,5,3, | 1,0,0, | 
(7164)	0,5,3, | 1,0,0, | 
(13392)	1,4,2, | 0,0,0, | 
(14904)	1,5,3, | 0,0,0, | 
(14904)	1,5,3, | 0,0,0, | 
(14904)	1,5,3, | 0,0,0, | 
(14904)	1,5,3, | 0,0,0, | 
(14904)	1,5,3, | 0,0,0, | 
(14904)	1,5,3, | 0,0,0, | 
(14904)	1,5,3, | 0,0,0, | 
(14904)	1,5,3, | 0,0,0, | 
(14904)	1,5,3, | 0,0,0, | 
(14904)	1,5,3, | 0,0,0, | 
(14904)	1,5,3, | 0,0,0, | 
(14904)	1,5,3, | 0,0,0, | 
(14904)	1,5,3, | 0,0,0, | 
(7164)	0,5,3, | 1,0,0, | 
(7164)	0,5,3, | 1,0,0, | 
(7164)	0,5,3, | 1,0,0, | 
(7164)	0,5,3, | 1,0,0, | 
(7164)	0,5,3, | 1,0,0, | 
(7164)	0,5,3, | 1,0,0, | 
(7164)	0,5,3, | 1,0,0, | 
(6954)	0,5,2, | 1,1,0, | 
(6954)	0,5,2, | 1,1,0, | 
(6954)	0,5,2, | 1,1,0, | 
(6954)	0,5,2, | 1,1,0, | 
(6954)	0,5,2, | 1,1,0, | 
(6954)	0,5,2, | 1,1,0, | 
(6954)	0,5,2, | 1,1,0, | 
(14730)	1,5,2, | 1,1,0, | 
(14766)	1,5,2, | 2,1,0, | 
(22506)	2,5,2, | 1,1,0, | 
(14730)	1,5,2, | 1,1,0, | 
(14766)	1,5,2, | 2,1,0, | 
(14766)	1,5,2, | 2,1,0, | 
(14730)	1,5,2, | 1,1,0, | 
(14730)	1,5,2, | 1,1,0, | 
(14724)	1,5,2, | 1,0,0, | 
(14904)	1,5,3, | 0,0,0, | 
(14904)	1,5,3, | 0,0,0, | 
(14904)	1,5,3, | 0,0,0, | 
(14904)	1,5,3, | 0,0,0, | 
(14904)	1,5,3, | 0,0,0, | 
(14904)	1,5,3, | 0,0,0, | 
(14904)	1,5,3, | 0,0,0, | 
(14904)	1,5,3, | 0,0,0, | 
(14724)	1,5,2, | 1,0,0, | 
(14724)	1,5,2, | 1,0,0, | 
(14724)	1,5,2, | 1,0,0, | 
(14724)	1,5,2, | 1,0,0, | 
(14724)	1,5,2, | 1,0,0, | 
(14724)	1,5,2, | 1,0,0, | 
(6961)	0,5,2, | 1,2,1, | 
(6961)	0,5,2, | 1,2,1, | 
(6961)	0,5,2, | 1,2,1, | 
(6954)	0,5,2, | 1,1,0, | 
(6954)	0,5,2, | 1,1,0, | 
(6954)	0,5,2, | 1,1,0, | 
(6954)	0,5,2, | 1,1,0, | 
(13237)	1,4,1, | 1,4,1, | 
(13237)	1,4,1, | 1,4,1, | 
(13237)	1,4,1, | 1,4,1, | 
(13237)	1,4,1, | 1,4,1, | 
(13237)	1,4,1, | 1,4,1, | 
(13237)	1,4,1, | 1,4,1, | 
(13237)	1,4,1, | 1,4,1, | 
(13237)	1,4,1, | 1,4,1, | 
(13237)	1,4,1, | 1,4,1, | 
(13237)	1,4,1, | 1,4,1, | 
(13237)	1,4,1, | 1,4,1, | 
(13237)	1,4,1, | 1,4,1, | 
(13237)	1,4,1, | 1,4,1, | 
(13237)	1,4,1, | 1,4,1, | 
(13237)	1,4,1, | 1,4,1, | 
(14724)	1,5,2, | 1,0,0, | 
(14724)	1,5,2, | 1,0,0, | 
(14724)	1,5,2, | 1,0,0, | 
(14724)	1,5,2, | 1,0,0, | 
(14724)	1,5,2, | 1,0,0, | 
(14724)	1,5,2, | 1,0,0, | 
(14724)	1,5,2, | 1,0,0, | 
(14724)	1,5,2, | 1,0,0, | 
(6961)	0,5,2, | 1,2,1, | 
(6961)	0,5,2, | 1,2,1, | 
(6961)	0,5,2, | 1,2,1, | 
(6961)	0,5,2, | 1,2,1, | 
(6961)	0,5,2, | 1,2,1, | 
(6961)	0,5,2, | 1,2,1, | 
(6961)	0,5,2, | 1,2,1, | 
(6961)	0,5,2, | 1,2,1, | 
(6967)	0,5,2, | 1,3,1, | 
(6967)	0,5,2, | 1,3,1, | 
(6967)	0,5,2, | 1,3,1, | 
(6967)	0,5,2, | 1,3,1, | 
(13243)	1,4,1, | 1,5,1, | 
(13243)	1,4,1, | 1,5,1, | 
(13243)	1,4,1, | 1,5,1, | 
(13243)	1,4,1, | 1,5,1, | 
(13243)	1,4,1, | 1,5,1, | 
(13243)	1,4,1, | 1,5,1, | 
(13243)	1,4,1, | 1,5,1, | 
(13243)	1,4,1, | 1,5,1, | 
(13243)	1,4,1, | 1,5,1, | 
(13243)	1,4,1, | 1,5,1, | 
(13243)	1,4,1, | 1,5,1, | 
(13243)	1,4,1, | 1,5,1, | 
(13243)	1,4,1, | 1,5,1, | 
(13243)	1,4,1, | 1,5,1, | 
(13243)	1,4,1, | 1,5,1, | 
(13237)	1,4,1, | 1,4,1, | 
(13237)	1,4,1, | 1,4,1, | 
(13237)	1,4,1, | 1,4,1, | 
(14737)	1,5,2, | 1,2,1, | 
(14737)	1,5,2, | 1,2,1, | 
(14737)	1,5,2, | 1,2,1, | 
(14737)	1,5,2, | 1,2,1, | 
(14737)	1,5,2, | 1,2,1, | 
(6961)	0,5,2, | 1,2,1, | 
(6967)	0,5,2, | 1,3,1, | 
(6967)	0,5,2, | 1,3,1, | 
(6967)	0,5,2, | 1,3,1, | 
(6967)	0,5,2, | 1,3,1, | 
(6967)	0,5,2, | 1,3,1, | 
(6967)	0,5,2, | 1,3,1, | 
(6967)	0,5,2, | 1,3,1, | 
(6967)	0,5,2, | 1,3,1, | 
(6967)	0,5,2, | 1,3,1, | 
(6967)	0,5,2, | 1,3,1, | 
(14756)	1,5,2, | 1,5,2, | 
(14756)	1,5,2, | 1,5,2, | 
(13243)	1,4,1, | 1,5,1, | 
(13243)	1,4,1, | 1,5,1, | 
(13243)	1,4,1, | 1,5,1, | 
(13243)	1,4,1, | 1,5,1, | 
(13243)	1,4,1, | 1,5,1, | 
(13243)	1,4,1, | 1,5,1, | 
(14539)	1,5,1, | 1,5,1, | 
(14539)	1,5,1, | 1,5,1, | 
(14539)	1,5,1, | 1,5,1, | 
(14539)	1,5,1, | 1,5,1, | 
(14539)	1,5,1, | 1,5,1, | 
(14539)	1,5,1, | 1,5,1, | 
(14539)	1,5,1, | 1,5,1, | 
(14539)	1,5,1, | 1,5,1, | 
(14539)	1,5,1, | 1,5,1, | 
(14533)	1,5,1, | 1,4,1, | 
(14533)	1,5,1, | 1,4,1, | 
(14533)	1,5,1, | 1,4,1, | 
(14533)	1,5,1, | 1,4,1, | 
(14533)	1,5,1, | 1,4,1, | 
(14743)	1,5,2, | 1,3,1, | 
(14743)	1,5,2, | 1,3,1, | 
(14743)	1,5,2, | 1,3,1, | 
(6967)	0,5,2, | 1,3,1, | 
(14756)	1,5,2, | 1,5,2, | 
(14756)	1,5,2, | 1,5,2, | 
(14756)	1,5,2, | 1,5,2, | 
(14756)	1,5,2, | 1,5,2, | 
(14756)	1,5,2, | 1,5,2, | 
(14756)	1,5,2, | 1,5,2, | 
(14756)	1,5,2, | 1,5,2, | 
(14756)	1,5,2, | 1,5,2, | 
(14756)	1,5,2, | 1,5,2, | 
(14756)	1,5,2, | 1,5,2, | 
(14756)	1,5,2, | 1,5,2, | 
(14756)	1,5,2, | 1,5,2, | 
(13243)	1,4,1, | 1,5,1, | 
(13243)	1,4,1, | 1,5,1, | 
(13243)	1,4,1, | 1,5,1, | 
(13243)	1,4,1, | 1,5,1, | 
(13243)	1,4,1, | 1,5,1, | 
(13243)	1,4,1, | 1,5,1, | 
(14539)	1,5,1, | 1,5,1, | 
(11731)	1,3,0, | 1,5,1, | 
(14526)	1,5,1, | 1,3,0, | 
(11731)	1,3,0, | 1,5,1, | 
(22315)	2,5,1, | 1,5,1, | 
(14575)	1,5,1, | 2,5,1, | 
(14526)	1,5,1, | 1,3,0, | 
(14526)	1,5,1, | 1,3,0, | 
(14539)	1,5,1, | 1,5,1, | 
(14539)	1,5,1, | 1,5,1, | 
(14533)	1,5,1, | 1,4,1, | 
(14533)	1,5,1, | 1,4,1, | 
(14533)	1,5,1, | 1,4,1, | 
(14533)	1,5,1, | 1,4,1, | 
(14533)	1,5,1, | 1,4,1, | 
(14533)	1,5,1, | 1,4,1, | 
(14756)	1,5,2, | 1,5,2, | 
(14756)	1,5,2, | 1,5,2, | 
