(46008)	5,5,3, | 0,0,0, | 
(46008)	5,5,3, | 0,0,0, | 
(46008)	5,5,3, | 0,0,0, | 
(46008)	5,5,3, | 0,0,0, | 
(46008)	5,5,3, | 0,0,0, | 
(213)	0,0,0, | 5,5,3, | 
(213)	0,0,0, | 5,5,3, | 
(213)	0,0,0, | 5,5,3, | 
(213)	0,0,0, | 5,5,3, | 
(213)	0,0,0, | 5,5,3, | 
(213)	0,0,0, | 5,5,3, | 
(11013)	1,2,2, | 5,5,3, | 
(12309)	1,3,2, | 5,5,3, | 
(7988)	1,0,0, | 5,5,2, | 
(40604)	5,1,1, | 5,5,2, | 
(9500)	1,1,1, | 5,5,2, | 
(9500)	1,1,1, | 5,5,2, | 
(9500)	1,1,1, | 5,5,2, | 
(13604)	1,4,2, | 5,5,2, | 
(9500)	1,1,1, | 5,5,2, | 
(42)	0,0,0, | 1,1,0, | 
(13056)	1,4,0, | 2,4,0, | 
(9175)	1,1,0, | 2,5,1, | 
(9211)	1,1,0, | 3,5,1, | 
(13279)	1,4,1, | 2,5,1, | 
(9228)	1,1,0, | 4,2,0, | 
(9114)	1,1,0, | 1,1,0, | 
(13164)	1,4,0, | 5,4,0, | 
(9132)	1,1,0, | 1,4,0, | 
(10470)	1,2,0, | 2,5,0, | 
(9072)	1,1,0, | 0,0,0, | 
(45854)	5,5,2, | 1,4,2, | 
(45828)	5,5,2, | 1,0,0, | 
(45854)	5,5,2, | 1,4,2, | 
(45841)	5,5,2, | 1,2,1, | 
(45828)	5,5,2, | 1,0,0, | 
(45854)	5,5,2, | 1,4,2, | 
(45828)	5,5,2, | 1,0,0, | 
(46080)	5,5,3, | 2,0,0, | 
(46080)	5,5,3, | 2,0,0, | 
(46008)	5,5,3, | 0,0,0, | 
(46008)	5,5,3, | 0,0,0, | 
(46008)	5,5,3, | 0,0,0, | 
(46008)	5,5,3, | 0,0,0, | 
(46008)	5,5,3, | 0,0,0, | 
(46008)	5,5,3, | 0,0,0, | 
(46008)	5,5,3, | 0,0,0, | 
(46008)	5,5,3, | 0,0,0, | 
(46008)	5,5,3, | 0,0,0, | 
(46008)	5,5,3, | 0,0,0, | 
(0)	0,0,0, | 0,0,0, | 
(10368)	1,2,0, | 0,0,0, | 
(17064)	2,1,1, | 0,0,0, | 
(12960)	1,4,0, | 0,0,0, | 
(13824)	1,4,4, | 0,0,0, | 
(0)	0,0,0, | 0,0,0, | 
(10800)	1,2,2, | 0,0,0, | 
(12960)	1,4,0, | 0,0,0, | 
(0)	0,0,0, | 0,0,0, | 
(9500)	1,1,1, | 5,5,2, | 
(42)	0,0,0, | 1,1,0, | 
(13128)	1,4,0, | 4,4,0, | 
(10554)	1,2,0, | 5,1,0, | 
(9175)	1,1,0, | 2,5,1, | 
(13279)	1,4,1, | 2,5,1, | 
(7844)	1,0,0, | 1,5,2, | 
(7836)	1,0,0, | 1,4,0, | 
(26083)	3,2,0, | 4,3,1, | 
(163)	0,0,0, | 4,3,1, | 
(10470)	1,2,0, | 2,5,0, | 
(0)	0,0,0, | 0,0,0, | 
(46087)	5,5,3, | 2,1,1, | 
(46107)	5,5,3, | 2,4,3, | 
(46058)	5,5,3, | 1,2,2, | 
(46071)	5,5,3, | 1,4,3, | 
(46044)	5,5,3, | 1,0,0, | 
(46087)	5,5,3, | 2,1,1, | 
(46051)	5,5,3, | 1,1,1, | 
(46044)	5,5,3, | 1,0,0, | 
(46071)	5,5,3, | 1,4,3, | 
(46008)	5,5,3, | 0,0,0, | 
(46008)	5,5,3, | 0,0,0, | 
(46008)	5,5,3, | 0,0,0, | 
(46008)	5,5,3, | 0,0,0, | 
(46008)	5,5,3, | 0,0,0, | 
(46008)	5,5,3, | 0,0,0, | 
(46008)	5,5,3, | 0,0,0, | 
(46008)	5,5,3, | 0,0,0, | 
(46008)	5,5,3, | 0,0,0, | 
(46008)	5,5,3, | 0,0,0, | 
(0)	0,0,0, | 0,0,0, | 
(10368)	1,2,0, | 0,0,0, | 
(17064)	2,1,1, | 0,0,0, | 
(12960)	1,4,0, | 0,0,0, | 
(13824)	1,4,4, | 0,0,0, | 
(0)	0,0,0, | 0,0,0, | 
(10800)	1,2,2, | 0,0,0, | 
(12960)	1,4,0, | 0,0,0, | 
(0)	0,0,0, | 0,0,0, | 
(12145)	1,3,2, | 1,2,1, | 
(42)	0,0,0, | 1,1,0, | 
(13056)	1,4,0, | 2,4,0, | 
(9283)	1,1,0, | 5,5,1, | 
(9247)	1,1,0, | 4,5,1, | 
(13476)	1,4,2, | 2,2,0, | 
(7844)	1,0,0, | 1,5,2, | 
(186)	0,0,0, | 5,1,0, | 
(32599)	4,1,0, | 5,3,1, | 
(7860)	1,0,0, | 2,2,0, | 
(10717)	1,2,1, | 3,4,1, | 
(0)	0,0,0, | 0,0,0, | 
(46058)	5,5,3, | 1,2,2, | 
(46087)	5,5,3, | 2,1,1, | 
(46058)	5,5,3, | 1,2,2, | 
(46071)	5,5,3, | 1,4,3, | 
(46044)	5,5,3, | 1,0,0, | 
(46166)	5,5,3, | 4,2,2, | 
(46051)	5,5,3, | 1,1,1, | 
(46166)	5,5,3, | 4,2,2, | 
(46071)	5,5,3, | 1,4,3, | 
(46008)	5,5,3, | 0,0,0, | 
(46008)	5,5,3, | 0,0,0, | 
(46008)	5,5,3, | 0,0,0, | 
(46008)	5,5,3, | 0,0,0, | 
(46008)	5,5,3, | 0,0,0, | 
(46008)	5,5,3, | 0,0,0, | 
(46008)	5,5,3, | 0,0,0, | 
(46008)	5,5,3, | 0,0,0, | 
(46008)	5,5,3, | 0,0,0, | 
(46008)	5,5,3, | 0,0,0, | 
(0)	0,0,0, | 0,0,0, | 
(10368)	1,2,0, | 0,0,0, | 
(17064)	2,1,1, | 0,0,0, | 
(12960)	1,4,0, | 0,0,0, | 
(13824)	1,4,4, | 0,0,0, | 
(0)	0,0,0, | 0,0,0, | 
(10800)	1,2,2, | 0,0,0, | 
(12960)	1,4,0, | 0,0,0, | 
(0)	0,0,0, | 0,0,0, | 
(12145)	1,3,2, | 1,2,1, | 
(42)	0,0,0, | 1,1,0, | 
(13056)	1,4,0, | 2,4,0, | 
(10446)	1,2,0, | 2,1,0, | 
(13266)	1,4,1, | 2,3,0, | 
(13476)	1,4,2, | 2,2,0, | 
(7844)	1,0,0, | 1,5,2, | 
(132)	0,0,0, | 3,4,0, | 
(33828)	4,2,0, | 3,4,0, | 
(7860)	1,0,0, | 2,2,0, | 
(10500)	1,2,0, | 3,4,0, | 
(0)	0,0,0, | 0,0,0, | 
(46188)	5,5,3, | 5,0,0, | 
(46087)	5,5,3, | 2,1,1, | 
(46058)	5,5,3, | 1,2,2, | 
(46071)	5,5,3, | 1,4,3, | 
(46044)	5,5,3, | 1,0,0, | 
(46188)	5,5,3, | 5,0,0, | 
(46051)	5,5,3, | 1,1,1, | 
(46172)	5,5,3, | 4,3,2, | 
(46071)	5,5,3, | 1,4,3, | 
(46008)	5,5,3, | 0,0,0, | 
(46008)	5,5,3, | 0,0,0, | 
(46008)	5,5,3, | 0,0,0, | 
(46008)	5,5,3, | 0,0,0, | 
(46008)	5,5,3, | 0,0,0, | 
(46008)	5,5,3, | 0,0,0, | 
(46008)	5,5,3, | 0,0,0, | 
(46008)	5,5,3, | 0,0,0, | 
(46008)	5,5,3, | 0,0,0, | 
(46008)	5,5,3, | 0,0,0, | 
(0)	0,0,0, | 0,0,0, | 
(10368)	1,2,0, | 0,0,0, | 
(17064)	2,1,1, | 0,0,0, | 
(12960)	1,4,0, | 0,0,0, | 
(13824)	1,4,4, | 0,0,0, | 
(0)	0,0,0, | 0,0,0, | 
(10800)	1,2,2, | 0,0,0, | 
(12960)	1,4,0, | 0,0,0, | 
(0)	0,0,0, | 0,0,0, | 
(12145)	1,3,2, | 1,2,1, | 
(42)	0,0,0, | 1,1,0, | 
(13056)	1,4,0, | 2,4,0, | 
(10446)	1,2,0, | 2,1,0, | 
(13266)	1,4,1, | 2,3,0, | 
(13476)	1,4,2, | 2,2,0, | 
(7844)	1,0,0, | 1,5,2, | 
(132)	0,0,0, | 3,4,0, | 
(33828)	4,2,0, | 3,4,0, | 
(7860)	1,0,0, | 2,2,0, | 
(10500)	1,2,0, | 3,4,0, | 
(0)	0,0,0, | 0,0,0, | 
(46058)	5,5,3, | 1,2,2, | 
(46087)	5,5,3, | 2,1,1, | 
(46058)	5,5,3, | 1,2,2, | 
(46071)	5,5,3, | 1,4,3, | 
(46044)	5,5,3, | 1,0,0, | 
(46058)	5,5,3, | 1,2,2, | 
(46051)	5,5,3, | 1,1,1, | 
(46044)	5,5,3, | 1,0,0, | 
(46071)	5,5,3, | 1,4,3, | 
(46008)	5,5,3, | 0,0,0, | 
(46008)	5,5,3, | 0,0,0, | 
(46008)	5,5,3, | 0,0,0, | 
(46008)	5,5,3, | 0,0,0, | 
(46008)	5,5,3, | 0,0,0, | 
(46008)	5,5,3, | 0,0,0, | 
(46008)	5,5,3, | 0,0,0, | 
(46008)	5,5,3, | 0,0,0, | 
(46008)	5,5,3, | 0,0,0, | 
(46008)	5,5,3, | 0,0,0, | 
(0)	0,0,0, | 0,0,0, | 
(10368)	1,2,0, | 0,0,0, | 
(17064)	2,1,1, | 0,0,0, | 
(12960)	1,4,0, | 0,0,0, | 
(13824)	1,4,4, | 0,0,0, | 
(0)	0,0,0, | 0,0,0, | 
(10800)	1,2,2, | 0,0,0, | 
(12960)	1,4,0, | 0,0,0, | 
(0)	0,0,0, | 0,0,0, | 
(12145)	1,3,2, | 1,2,1, | 
(42)	0,0,0, | 1,1,0, | 
(13056)	1,4,0, | 2,4,0, | 
(10446)	1,2,0, | 2,1,0, | 
(13266)	1,4,1, | 2,3,0, | 
(13476)	1,4,2, | 2,2,0, | 
(7844)	1,0,0, | 1,5,2, | 
(132)	0,0,0, | 3,4,0, | 
(33828)	4,2,0, | 3,4,0, | 
(7860)	1,0,0, | 2,2,0, | 
(10500)	1,2,0, | 3,4,0, | 
(0)	0,0,0, | 0,0,0, | 
(46058)	5,5,3, | 1,2,2, | 
(46087)	5,5,3, | 2,1,1, | 
(46058)	5,5,3, | 1,2,2, | 
(46071)	5,5,3, | 1,4,3, | 
(46044)	5,5,3, | 1,0,0, | 
(46058)	5,5,3, | 1,2,2, | 
(46051)	5,5,3, | 1,1,1, | 
(46195)	5,5,3, | 5,1,1, | 
(46071)	5,5,3, | 1,4,3, | 
(0)	0,0,0, | 0,0,0, | 
(213)	0,0,0, | 5,5,3, | 
(213)	0,0,0, | 5,5,3, | 
(213)	0,0,0, | 5,5,3, | 
(213)	0,0,0, | 5,5,3, | 
(213)	0,0,0, | 5,5,3, | 
(213)	0,0,0, | 5,5,3, | 
(213)	0,0,0, | 5,5,3, | 
(213)	0,0,0, | 5,5,3, | 
(213)	0,0,0, | 5,5,3, | 
(213)	0,0,0, | 5,5,3, | 
(12309)	1,3,2, | 5,5,3, | 
(23541)	3,0,0, | 5,5,3, | 
(11013)	1,2,2, | 5,5,3, | 
(23541)	3,0,0, | 5,5,3, | 
(7989)	1,0,0, | 5,5,3, | 
(9501)	1,1,1, | 5,5,3, | 
(13821)	1,4,3, | 5,5,3, | 
(13821)	1,4,3, | 5,5,3, | 
(13821)	1,4,3, | 5,5,3, | 
(36)	0,0,0, | 1,0,0, | 
(40237)	5,1,0, | 1,4,1, | 
(10472)	1,2,0, | 2,5,2, | 
(9186)	1,1,0, | 3,1,0, | 
(9072)	1,1,0, | 0,0,0, | 
(10554)	1,2,0, | 5,1,0, | 
(9108)	1,1,0, | 1,0,0, | 
(27276)	3,3,0, | 1,4,0, | 
(9132)	1,1,0, | 1,4,0, | 
(10508)	1,2,0, | 3,5,2, | 
(9072)	1,1,0, | 0,0,0, | 
(45854)	5,5,2, | 1,4,2, | 
(48)	0,0,0, | 1,2,0, | 
(42)	0,0,0, | 1,1,0, | 
(106)	0,0,0, | 2,5,4, | 
(193)	0,0,0, | 5,2,1, | 
(64)	0,0,0, | 1,4,4, | 
(69)	0,0,0, | 1,5,3, | 
(48)	0,0,0, | 1,2,0, | 
(69)	0,0,0, | 1,5,3, | 
(0)	0,0,0, | 0,0,0, | 
(0)	0,0,0, | 0,0,0, | 
(0)	0,0,0, | 0,0,0, | 
(0)	0,0,0, | 0,0,0, | 
(0)	0,0,0, | 0,0,0, | 
(0)	0,0,0, | 0,0,0, | 
(0)	0,0,0, | 0,0,0, | 
(0)	0,0,0, | 0,0,0, | 
(0)	0,0,0, | 0,0,0, | 
(0)	0,0,0, | 0,0,0, | 
(0)	0,0,0, | 0,0,0, | 
(9072)	1,1,0, | 0,0,0, | 
(15120)	1,5,4, | 0,0,0, | 
(9072)	1,1,0, | 0,0,0, | 
(15120)	1,5,4, | 0,0,0, | 
(28944)	3,4,2, | 0,0,0, | 
(9072)	1,1,0, | 0,0,0, | 
(9072)	1,1,0, | 0,0,0, | 
(10368)	1,2,0, | 0,0,0, | 
(9072)	1,1,0, | 0,0,0, | 
(36)	0,0,0, | 1,0,0, | 
(23074)	2,5,4, | 4,5,4, | 
(9247)	1,1,0, | 4,5,1, | 
(9235)	1,1,0, | 4,3,1, | 
(63)	0,0,0, | 1,4,3, | 
(9114)	1,1,0, | 1,1,0, | 
(7836)	1,0,0, | 1,4,0, | 
(22345)	2,5,1, | 2,4,1, | 
(79)	0,0,0, | 2,1,1, | 
(7876)	1,0,0, | 2,4,4, | 
(0)	0,0,0, | 0,0,0, | 
(79)	0,0,0, | 2,1,1, | 
(62)	0,0,0, | 1,4,2, | 
(79)	0,0,0, | 2,1,1, | 
(60)	0,0,0, | 1,4,0, | 
(36)	0,0,0, | 1,0,0, | 
(169)	0,0,0, | 4,4,1, | 
(42)	0,0,0, | 1,1,0, | 
(103)	0,0,0, | 2,5,1, | 
(62)	0,0,0, | 1,4,2, | 
(0)	0,0,0, | 0,0,0, | 
(0)	0,0,0, | 0,0,0, | 
(0)	0,0,0, | 0,0,0, | 
(0)	0,0,0, | 0,0,0, | 
(0)	0,0,0, | 0,0,0, | 
(0)	0,0,0, | 0,0,0, | 
(0)	0,0,0, | 0,0,0, | 
(0)	0,0,0, | 0,0,0, | 
(0)	0,0,0, | 0,0,0, | 
(0)	0,0,0, | 0,0,0, | 
(0)	0,0,0, | 0,0,0, | 
(9072)	1,1,0, | 0,0,0, | 
(15120)	1,5,4, | 0,0,0, | 
(9072)	1,1,0, | 0,0,0, | 
(15120)	1,5,4, | 0,0,0, | 
(28944)	3,4,2, | 0,0,0, | 
(9072)	1,1,0, | 0,0,0, | 
(9072)	1,1,0, | 0,0,0, | 
(10368)	1,2,0, | 0,0,0, | 
(9072)	1,1,0, | 0,0,0, | 
(36)	0,0,0, | 1,0,0, | 
(23074)	2,5,4, | 4,5,4, | 
(9283)	1,1,0, | 5,5,1, | 
(9163)	1,1,0, | 2,3,1, | 
(63)	0,0,0, | 1,4,3, | 
(7897)	1,0,0, | 3,2,1, | 
(186)	0,0,0, | 5,1,0, | 
(22320)	2,5,1, | 2,0,0, | 
(7840)	1,0,0, | 1,4,4, | 
(7862)	1,0,0, | 2,2,2, | 
(0)	0,0,0, | 0,0,0, | 
(79)	0,0,0, | 2,1,1, | 
(62)	0,0,0, | 1,4,2, | 
(72)	0,0,0, | 2,0,0, | 
(60)	0,0,0, | 1,4,0, | 
(36)	0,0,0, | 1,0,0, | 
(158)	0,0,0, | 4,2,2, | 
(42)	0,0,0, | 1,1,0, | 
(84)	0,0,0, | 2,2,0, | 
(62)	0,0,0, | 1,4,2, | 
(0)	0,0,0, | 0,0,0, | 
(0)	0,0,0, | 0,0,0, | 
(0)	0,0,0, | 0,0,0, | 
(0)	0,0,0, | 0,0,0, | 
(0)	0,0,0, | 0,0,0, | 
(0)	0,0,0, | 0,0,0, | 
(0)	0,0,0, | 0,0,0, | 
(0)	0,0,0, | 0,0,0, | 
(0)	0,0,0, | 0,0,0, | 
(0)	0,0,0, | 0,0,0, | 
(0)	0,0,0, | 0,0,0, | 
(9072)	1,1,0, | 0,0,0, | 
(15120)	1,5,4, | 0,0,0, | 
(9072)	1,1,0, | 0,0,0, | 
(15120)	1,5,4, | 0,0,0, | 
(28944)	3,4,2, | 0,0,0, | 
(9072)	1,1,0, | 0,0,0, | 
(9072)	1,1,0, | 0,0,0, | 
(10368)	1,2,0, | 0,0,0, | 
(9072)	1,1,0, | 0,0,0, | 
(36)	0,0,0, | 1,0,0, | 
(40237)	5,1,0, | 1,4,1, | 
(10554)	1,2,0, | 5,1,0, | 
(9163)	1,1,0, | 2,3,1, | 
(63)	0,0,0, | 1,4,3, | 
(9114)	1,1,0, | 1,1,0, | 
(132)	0,0,0, | 3,4,0, | 
(19615)	2,3,0, | 4,5,1, | 
(170)	0,0,0, | 4,4,2, | 
(7862)	1,0,0, | 2,2,2, | 
(0)	0,0,0, | 0,0,0, | 
(79)	0,0,0, | 2,1,1, | 
(62)	0,0,0, | 1,4,2, | 
(72)	0,0,0, | 2,0,0, | 
(60)	0,0,0, | 1,4,0, | 
(193)	0,0,0, | 5,2,1, | 
(193)	0,0,0, | 5,2,1, | 
(177)	0,0,0, | 4,5,3, | 
(84)	0,0,0, | 2,2,0, | 
(62)	0,0,0, | 1,4,2, | 
(0)	0,0,0, | 0,0,0, | 
(0)	0,0,0, | 0,0,0, | 
(0)	0,0,0, | 0,0,0, | 
(0)	0,0,0, | 0,0,0, | 
(0)	0,0,0, | 0,0,0, | 
(0)	0,0,0, | 0,0,0, | 
(0)	0,0,0, | 0,0,0, | 
(0)	0,0,0, | 0,0,0, | 
(0)	0,0,0, | 0,0,0, | 
(0)	0,0,0, | 0,0,0, | 
(0)	0,0,0, | 0,0,0, | 
(9072)	1,1,0, | 0,0,0, | 
(15120)	1,5,4, | 0,0,0, | 
(9072)	1,1,0, | 0,0,0, | 
(15120)	1,5,4, | 0,0,0, | 
(28944)	3,4,2, | 0,0,0, | 
(9072)	1,1,0, | 0,0,0, | 
(9072)	1,1,0, | 0,0,0, | 
(10368)	1,2,0, | 0,0,0, | 
(9072)	1,1,0, | 0,0,0, | 
(36)	0,0,0, | 1,0,0, | 
(40237)	5,1,0, | 1,4,1, | 
(11803)	1,3,0, | 3,5,1, | 
(9163)	1,1,0, | 2,3,1, | 
(63)	0,0,0, | 1,4,3, | 
(9114)	1,1,0, | 1,1,0, | 
(132)	0,0,0, | 3,4,0, | 
(22320)	2,5,1, | 2,0,0, | 
(7840)	1,0,0, | 1,4,4, | 
(7862)	1,0,0, | 2,2,2, | 
(0)	0,0,0, | 0,0,0, | 
(79)	0,0,0, | 2,1,1, | 
(62)	0,0,0, | 1,4,2, | 
(72)	0,0,0, | 2,0,0, | 
(60)	0,0,0, | 1,4,0, | 
(36)	0,0,0, | 1,0,0, | 
(50)	0,0,0, | 1,2,2, | 
(42)	0,0,0, | 1,1,0, | 
(84)	0,0,0, | 2,2,0, | 
(62)	0,0,0, | 1,4,2, | 
(0)	0,0,0, | 0,0,0, | 
(0)	0,0,0, | 0,0,0, | 
(0)	0,0,0, | 0,0,0, | 
(0)	0,0,0, | 0,0,0, | 
(0)	0,0,0, | 0,0,0, | 
(0)	0,0,0, | 0,0,0, | 
(0)	0,0,0, | 0,0,0, | 
(0)	0,0,0, | 0,0,0, | 
(0)	0,0,0, | 0,0,0, | 
(0)	0,0,0, | 0,0,0, | 
(0)	0,0,0, | 0,0,0, | 
(9072)	1,1,0, | 0,0,0, | 
(15120)	1,5,4, | 0,0,0, | 
(9072)	1,1,0, | 0,0,0, | 
(15120)	1,5,4, | 0,0,0, | 
(28944)	3,4,2, | 0,0,0, | 
(9072)	1,1,0, | 0,0,0, | 
(9072)	1,1,0, | 0,0,0, | 
(10368)	1,2,0, | 0,0,0, | 
(9072)	1,1,0, | 0,0,0, | 
(36)	0,0,0, | 1,0,0, | 
(40237)	5,1,0, | 1,4,1, | 
(11803)	1,3,0, | 3,5,1, | 
(9163)	1,1,0, | 2,3,1, | 
(33908)	4,2,0, | 5,5,2, | 
(9114)	1,1,0, | 1,1,0, | 
(132)	0,0,0, | 3,4,0, | 
(22320)	2,5,1, | 2,0,0, | 
(7840)	1,0,0, | 1,4,4, | 
(7862)	1,0,0, | 2,2,2, | 
(0)	0,0,0, | 0,0,0, | 
(79)	0,0,0, | 2,1,1, | 
(62)	0,0,0, | 1,4,2, | 
(72)	0,0,0, | 2,0,0, | 
(60)	0,0,0, | 1,4,0, | 
(36)	0,0,0, | 1,0,0, | 
(50)	0,0,0, | 1,2,2, | 
(42)	0,0,0, | 1,1,0, | 
(84)	0,0,0, | 2,2,0, | 
(62)	0,0,0, | 1,4,2, | 
(0)	0,0,0, | 0,0,0, | 
(213)	0,0,0, | 5,5,3, | 
(213)	0,0,0, | 5,5,3, | 
(213)	0,0,0, | 5,5,3, | 
(213)	0,0,0, | 5,5,3, | 
(213)	0,0,0, | 5,5,3, | 
(213)	0,0,0, | 5,5,3, | 
(213)	0,0,0, | 5,5,3, | 
(213)	0,0,0, | 5,5,3, | 
(213)	0,0,0, | 5,5,3, | 
(213)	0,0,0, | 5,5,3, | 
(38661)	4,5,4, | 5,5,3, | 
(18789)	2,2,2, | 5,5,3, | 
(11013)	1,2,2, | 5,5,3, | 
(18789)	2,2,2, | 5,5,3, | 
(7989)	1,0,0, | 5,5,3, | 
(9501)	1,1,1, | 5,5,3, | 
(13821)	1,4,3, | 5,5,3, | 
(13821)	1,4,3, | 5,5,3, | 
(18789)	2,2,2, | 5,5,3, | 
(36)	0,0,0, | 1,0,0, | 
(18198)	2,2,0, | 1,3,0, | 
(10472)	1,2,0, | 2,5,2, | 
(9186)	1,1,0, | 3,1,0, | 
(9072)	1,1,0, | 0,0,0, | 
(10554)	1,2,0, | 5,1,0, | 
(9108)	1,1,0, | 1,0,0, | 
(9199)	1,1,0, | 3,3,1, | 
(9132)	1,1,0, | 1,4,0, | 
(10508)	1,2,0, | 3,5,2, | 
(9072)	1,1,0, | 0,0,0, | 
(10634)	1,2,1, | 1,2,2, | 
(48)	0,0,0, | 1,2,0, | 
(42)	0,0,0, | 1,1,0, | 
(106)	0,0,0, | 2,5,4, | 
(193)	0,0,0, | 5,2,1, | 
(64)	0,0,0, | 1,4,4, | 
(69)	0,0,0, | 1,5,3, | 
(48)	0,0,0, | 1,2,0, | 
(69)	0,0,0, | 1,5,3, | 
(0)	0,0,0, | 0,0,0, | 
(0)	0,0,0, | 0,0,0, | 
(0)	0,0,0, | 0,0,0, | 
(0)	0,0,0, | 0,0,0, | 
(0)	0,0,0, | 0,0,0, | 
(0)	0,0,0, | 0,0,0, | 
(0)	0,0,0, | 0,0,0, | 
(0)	0,0,0, | 0,0,0, | 
(0)	0,0,0, | 0,0,0, | 
(0)	0,0,0, | 0,0,0, | 
(0)	0,0,0, | 0,0,0, | 
(18576)	2,2,2, | 0,0,0, | 
(15120)	1,5,4, | 0,0,0, | 
(27216)	3,3,0, | 0,0,0, | 
(15120)	1,5,4, | 0,0,0, | 
(27648)	3,3,2, | 0,0,0, | 
(9072)	1,1,0, | 0,0,0, | 
(38664)	4,5,5, | 0,0,0, | 
(10368)	1,2,0, | 0,0,0, | 
(18576)	2,2,2, | 0,0,0, | 
(36)	0,0,0, | 1,0,0, | 
(18210)	2,2,0, | 1,5,0, | 
(9247)	1,1,0, | 4,5,1, | 
(9235)	1,1,0, | 4,3,1, | 
(63)	0,0,0, | 1,4,3, | 
(9114)	1,1,0, | 1,1,0, | 
(7836)	1,0,0, | 1,4,0, | 
(18242)	2,2,0, | 2,4,2, | 
(79)	0,0,0, | 2,1,1, | 
(7876)	1,0,0, | 2,4,4, | 
(0)	0,0,0, | 0,0,0, | 
(79)	0,0,0, | 2,1,1, | 
(62)	0,0,0, | 1,4,2, | 
(79)	0,0,0, | 2,1,1, | 
(60)	0,0,0, | 1,4,0, | 
(36)	0,0,0, | 1,0,0, | 
(169)	0,0,0, | 4,4,1, | 
(42)	0,0,0, | 1,1,0, | 
(103)	0,0,0, | 2,5,1, | 
(62)	0,0,0, | 1,4,2, | 
(0)	0,0,0, | 0,0,0, | 
(0)	0,0,0, | 0,0,0, | 
(0)	0,0,0, | 0,0,0, | 
(0)	0,0,0, | 0,0,0, | 
(0)	0,0,0, | 0,0,0, | 
(0)	0,0,0, | 0,0,0, | 
(0)	0,0,0, | 0,0,0, | 
(0)	0,0,0, | 0,0,0, | 
(0)	0,0,0, | 0,0,0, | 
(0)	0,0,0, | 0,0,0, | 
(0)	0,0,0, | 0,0,0, | 
(18576)	2,2,2, | 0,0,0, | 
(15120)	1,5,4, | 0,0,0, | 
(27216)	3,3,0, | 0,0,0, | 
(15120)	1,5,4, | 0,0,0, | 
(27648)	3,3,2, | 0,0,0, | 
(9072)	1,1,0, | 0,0,0, | 
(38664)	4,5,5, | 0,0,0, | 
(10368)	1,2,0, | 0,0,0, | 
(18576)	2,2,2, | 0,0,0, | 
(36)	0,0,0, | 1,0,0, | 
(18210)	2,2,0, | 1,5,0, | 
(9283)	1,1,0, | 5,5,1, | 
(9163)	1,1,0, | 2,3,1, | 
(63)	0,0,0, | 1,4,3, | 
(7897)	1,0,0, | 3,2,1, | 
(186)	0,0,0, | 5,1,0, | 
(18216)	2,2,0, | 2,0,0, | 
(7840)	1,0,0, | 1,4,4, | 
(7862)	1,0,0, | 2,2,2, | 
(0)	0,0,0, | 0,0,0, | 
(79)	0,0,0, | 2,1,1, | 
(62)	0,0,0, | 1,4,2, | 
(72)	0,0,0, | 2,0,0, | 
(60)	0,0,0, | 1,4,0, | 
(36)	0,0,0, | 1,0,0, | 
(158)	0,0,0, | 4,2,2, | 
(42)	0,0,0, | 1,1,0, | 
(84)	0,0,0, | 2,2,0, | 
(62)	0,0,0, | 1,4,2, | 
(0)	0,0,0, | 0,0,0, | 
(0)	0,0,0, | 0,0,0, | 
(0)	0,0,0, | 0,0,0, | 
(0)	0,0,0, | 0,0,0, | 
(0)	0,0,0, | 0,0,0, | 
(0)	0,0,0, | 0,0,0, | 
(0)	0,0,0, | 0,0,0, | 
(0)	0,0,0, | 0,0,0, | 
(0)	0,0,0, | 0,0,0, | 
(0)	0,0,0, | 0,0,0, | 
(0)	0,0,0, | 0,0,0, | 
(18576)	2,2,2, | 0,0,0, | 
(15120)	1,5,4, | 0,0,0, | 
(27216)	3,3,0, | 0,0,0, | 
(15120)	1,5,4, | 0,0,0, | 
(27648)	3,3,2, | 0,0,0, | 
(9072)	1,1,0, | 0,0,0, | 
(38664)	4,5,5, | 0,0,0, | 
(10368)	1,2,0, | 0,0,0, | 
(18576)	2,2,2, | 0,0,0, | 
(36)	0,0,0, | 1,0,0, | 
(18210)	2,2,0, | 1,5,0, | 
(10554)	1,2,0, | 5,1,0, | 
(9163)	1,1,0, | 2,3,1, | 
(36637)	4,4,1, | 3,4,1, | 
(9114)	1,1,0, | 1,1,0, | 
(132)	0,0,0, | 3,4,0, | 
(18216)	2,2,0, | 2,0,0, | 
(170)	0,0,0, | 4,4,2, | 
(7862)	1,0,0, | 2,2,2, | 
(0)	0,0,0, | 0,0,0, | 
(79)	0,0,0, | 2,1,1, | 
(62)	0,0,0, | 1,4,2, | 
(72)	0,0,0, | 2,0,0, | 
(60)	0,0,0, | 1,4,0, | 
(193)	0,0,0, | 5,2,1, | 
(193)	0,0,0, | 5,2,1, | 
(177)	0,0,0, | 4,5,3, | 
(84)	0,0,0, | 2,2,0, | 
(62)	0,0,0, | 1,4,2, | 
(0)	0,0,0, | 0,0,0, | 
(0)	0,0,0, | 0,0,0, | 
(0)	0,0,0, | 0,0,0, | 
(0)	0,0,0, | 0,0,0, | 
(0)	0,0,0, | 0,0,0, | 
(0)	0,0,0, | 0,0,0, | 
(0)	0,0,0, | 0,0,0, | 
(0)	0,0,0, | 0,0,0, | 
(0)	0,0,0, | 0,0,0, | 
(0)	0,0,0, | 0,0,0, | 
(0)	0,0,0, | 0,0,0, | 
(18576)	2,2,2, | 0,0,0, | 
(15120)	1,5,4, | 0,0,0, | 
(27216)	3,3,0, | 0,0,0, | 
(15120)	1,5,4, | 0,0,0, | 
(27648)	3,3,2, | 0,0,0, | 
(9072)	1,1,0, | 0,0,0, | 
(38664)	4,5,5, | 0,0,0, | 
(10368)	1,2,0, | 0,0,0, | 
(18576)	2,2,2, | 0,0,0, | 
(36)	0,0,0, | 1,0,0, | 
(18210)	2,2,0, | 1,5,0, | 
(11803)	1,3,0, | 3,5,1, | 
(9163)	1,1,0, | 2,3,1, | 
(36637)	4,4,1, | 3,4,1, | 
(9114)	1,1,0, | 1,1,0, | 
(132)	0,0,0, | 3,4,0, | 
(18216)	2,2,0, | 2,0,0, | 
(7840)	1,0,0, | 1,4,4, | 
(7862)	1,0,0, | 2,2,2, | 
(0)	0,0,0, | 0,0,0, | 
(79)	0,0,0, | 2,1,1, | 
(62)	0,0,0, | 1,4,2, | 
(72)	0,0,0, | 2,0,0, | 
(60)	0,0,0, | 1,4,0, | 
(36)	0,0,0, | 1,0,0, | 
(50)	0,0,0, | 1,2,2, | 
(42)	0,0,0, | 1,1,0, | 
(84)	0,0,0, | 2,2,0, | 
(62)	0,0,0, | 1,4,2, | 
(0)	0,0,0, | 0,0,0, | 
(0)	0,0,0, | 0,0,0, | 
(0)	0,0,0, | 0,0,0, | 
(0)	0,0,0, | 0,0,0, | 
(0)	0,0,0, | 0,0,0, | 
(0)	0,0,0, | 0,0,0, | 
(0)	0,0,0, | 0,0,0, | 
(0)	0,0,0, | 0,0,0, | 
(0)	0,0,0, | 0,0,0, | 
(0)	0,0,0, | 0,0,0, | 
(0)	0,0,0, | 0,0,0, | 
(18576)	2,2,2, | 0,0,0, | 
(15120)	1,5,4, | 0,0,0, | 
(27216)	3,3,0, | 0,0,0, | 
(15120)	1,5,4, | 0,0,0, | 
(27648)	3,3,2, | 0,0,0, | 
(9072)	1,1,0, | 0,0,0, | 
(38664)	4,5,5, | 0,0,0, | 
(10368)	1,2,0, | 0,0,0, | 
(18576)	2,2,2, | 0,0,0, | 
(36)	0,0,0, | 1,0,0, | 
(18210)	2,2,0, | 1,5,0, | 
(11803)	1,3,0, | 3,5,1, | 
(9163)	1,1,0, | 2,3,1, | 
(36637)	4,4,1, | 3,4,1, | 
(9114)	1,1,0, | 1,1,0, | 
(132)	0,0,0, | 3,4,0, | 
(18216)	2,2,0, | 2,0,0, | 
(7840)	1,0,0, | 1,4,4, | 
(7862)	1,0,0, | 2,2,2, | 
(0)	0,0,0, | 0,0,0, | 
(79)	0,0,0, | 2,1,1, | 
(62)	0,0,0, | 1,4,2, | 
(72)	0,0,0, | 2,0,0, | 
(60)	0,0,0, | 1,4,0, | 
(36)	0,0,0, | 1,0,0, | 
(50)	0,0,0, | 1,2,2, | 
(42)	0,0,0, | 1,1,0, | 
(84)	0,0,0, | 2,2,0, | 
(62)	0,0,0, | 1,4,2, | 
(0)	0,0,0, | 0,0,0, | 
(213)	0,0,0, | 5,5,3, | 
(213)	0,0,0, | 5,5,3, | 
(213)	0,0,0, | 5,5,3, | 
(213)	0,0,0, | 5,5,3, | 
(213)	0,0,0, | 5,5,3, | 
(213)	0,0,0, | 5,5,3, | 
(213)	0,0,0, | 5,5,3, | 
(213)	0,0,0, | 5,5,3, | 
(213)	0,0,0, | 5,5,3, | 
(213)	0,0,0, | 5,5,3, | 
(18789)	2,2,2, | 5,5,3, | 
(18789)	2,2,2, | 5,5,3, | 
(11013)	1,2,2, | 5,5,3, | 
(18789)	2,2,2, | 5,5,3, | 
(35637)	4,3,2, | 5,5,3, | 
(9501)	1,1,1, | 5,5,3, | 
(13821)	1,4,3, | 5,5,3, | 
(13821)	1,4,3, | 5,5,3, | 
(18789)	2,2,2, | 5,5,3, | 
(36)	0,0,0, | 1,0,0, | 
(18198)	2,2,0, | 1,3,0, | 
(10472)	1,2,0, | 2,5,2, | 
(9186)	1,1,0, | 3,1,0, | 
(9072)	1,1,0, | 0,0,0, | 
(10554)	1,2,0, | 5,1,0, | 
(9108)	1,1,0, | 1,0,0, | 
(35052)	4,3,0, | 1,4,0, | 
(9132)	1,1,0, | 1,4,0, | 
(10508)	1,2,0, | 3,5,2, | 
(9072)	1,1,0, | 0,0,0, | 
(10634)	1,2,1, | 1,2,2, | 
(48)	0,0,0, | 1,2,0, | 
(42)	0,0,0, | 1,1,0, | 
(106)	0,0,0, | 2,5,4, | 
(193)	0,0,0, | 5,2,1, | 
(64)	0,0,0, | 1,4,4, | 
(69)	0,0,0, | 1,5,3, | 
(48)	0,0,0, | 1,2,0, | 
(69)	0,0,0, | 1,5,3, | 
(0)	0,0,0, | 0,0,0, | 
(0)	0,0,0, | 0,0,0, | 
(0)	0,0,0, | 0,0,0, | 
(0)	0,0,0, | 0,0,0, | 
(0)	0,0,0, | 0,0,0, | 
(0)	0,0,0, | 0,0,0, | 
(0)	0,0,0, | 0,0,0, | 
(0)	0,0,0, | 0,0,0, | 
(0)	0,0,0, | 0,0,0, | 
(0)	0,0,0, | 0,0,0, | 
(0)	0,0,0, | 0,0,0, | 
(18576)	2,2,2, | 0,0,0, | 
(15120)	1,5,4, | 0,0,0, | 
(9072)	1,1,0, | 0,0,0, | 
(15120)	1,5,4, | 0,0,0, | 
(35640)	4,3,3, | 0,0,0, | 
(9072)	1,1,0, | 0,0,0, | 
(32616)	4,1,1, | 0,0,0, | 
(10368)	1,2,0, | 0,0,0, | 
(18576)	2,2,2, | 0,0,0, | 
(36)	0,0,0, | 1,0,0, | 
(18210)	2,2,0, | 1,5,0, | 
(9247)	1,1,0, | 4,5,1, | 
(9235)	1,1,0, | 4,3,1, | 
(32678)	4,1,1, | 1,4,2, | 
(9114)	1,1,0, | 1,1,0, | 
(7836)	1,0,0, | 1,4,0, | 
(18242)	2,2,0, | 2,4,2, | 
(79)	0,0,0, | 2,1,1, | 
(7876)	1,0,0, | 2,4,4, | 
(0)	0,0,0, | 0,0,0, | 
(79)	0,0,0, | 2,1,1, | 
(62)	0,0,0, | 1,4,2, | 
(79)	0,0,0, | 2,1,1, | 
(60)	0,0,0, | 1,4,0, | 
(36)	0,0,0, | 1,0,0, | 
(169)	0,0,0, | 4,4,1, | 
(42)	0,0,0, | 1,1,0, | 
(103)	0,0,0, | 2,5,1, | 
(62)	0,0,0, | 1,4,2, | 
(0)	0,0,0, | 0,0,0, | 
(0)	0,0,0, | 0,0,0, | 
(0)	0,0,0, | 0,0,0, | 
(0)	0,0,0, | 0,0,0, | 
(0)	0,0,0, | 0,0,0, | 
(0)	0,0,0, | 0,0,0, | 
(0)	0,0,0, | 0,0,0, | 
(0)	0,0,0, | 0,0,0, | 
(0)	0,0,0, | 0,0,0, | 
(0)	0,0,0, | 0,0,0, | 
(0)	0,0,0, | 0,0,0, | 
(18576)	2,2,2, | 0,0,0, | 
(15120)	1,5,4, | 0,0,0, | 
(9072)	1,1,0, | 0,0,0, | 
(15120)	1,5,4, | 0,0,0, | 
(35640)	4,3,3, | 0,0,0, | 
(9072)	1,1,0, | 0,0,0, | 
(32616)	4,1,1, | 0,0,0, | 
(10368)	1,2,0, | 0,0,0, | 
(18576)	2,2,2, | 0,0,0, | 
(36)	0,0,0, | 1,0,0, | 
(18210)	2,2,0, | 1,5,0, | 
(9283)	1,1,0, | 5,5,1, | 
(9163)	1,1,0, | 2,3,1, | 
(32484)	4,1,0, | 2,2,0, | 
(7897)	1,0,0, | 3,2,1, | 
(186)	0,0,0, | 5,1,0, | 
(18216)	2,2,0, | 2,0,0, | 
(7840)	1,0,0, | 1,4,4, | 
(7862)	1,0,0, | 2,2,2, | 
(0)	0,0,0, | 0,0,0, | 
(79)	0,0,0, | 2,1,1, | 
(62)	0,0,0, | 1,4,2, | 
(72)	0,0,0, | 2,0,0, | 
(60)	0,0,0, | 1,4,0, | 
(36)	0,0,0, | 1,0,0, | 
(158)	0,0,0, | 4,2,2, | 
(42)	0,0,0, | 1,1,0, | 
(84)	0,0,0, | 2,2,0, | 
(62)	0,0,0, | 1,4,2, | 
(0)	0,0,0, | 0,0,0, | 
(0)	0,0,0, | 0,0,0, | 
(0)	0,0,0, | 0,0,0, | 
(0)	0,0,0, | 0,0,0, | 
(0)	0,0,0, | 0,0,0, | 
(0)	0,0,0, | 0,0,0, | 
(0)	0,0,0, | 0,0,0, | 
(0)	0,0,0, | 0,0,0, | 
(0)	0,0,0, | 0,0,0, | 
(0)	0,0,0, | 0,0,0, | 
(0)	0,0,0, | 0,0,0, | 
(18576)	2,2,2, | 0,0,0, | 
(15120)	1,5,4, | 0,0,0, | 
(9072)	1,1,0, | 0,0,0, | 
(15120)	1,5,4, | 0,0,0, | 
(35640)	4,3,3, | 0,0,0, | 
(9072)	1,1,0, | 0,0,0, | 
(32616)	4,1,1, | 0,0,0, | 
(10368)	1,2,0, | 0,0,0, | 
(18576)	2,2,2, | 0,0,0, | 
(36)	0,0,0, | 1,0,0, | 
(18210)	2,2,0, | 1,5,0, | 
(10554)	1,2,0, | 5,1,0, | 
(9163)	1,1,0, | 2,3,1, | 
(32484)	4,1,0, | 2,2,0, | 
(9114)	1,1,0, | 1,1,0, | 
(132)	0,0,0, | 3,4,0, | 
(18216)	2,2,0, | 2,0,0, | 
(170)	0,0,0, | 4,4,2, | 
(7862)	1,0,0, | 2,2,2, | 
(0)	0,0,0, | 0,0,0, | 
(79)	0,0,0, | 2,1,1, | 
(62)	0,0,0, | 1,4,2, | 
(72)	0,0,0, | 2,0,0, | 
(60)	0,0,0, | 1,4,0, | 
(193)	0,0,0, | 5,2,1, | 
(193)	0,0,0, | 5,2,1, | 
(177)	0,0,0, | 4,5,3, | 
(84)	0,0,0, | 2,2,0, | 
(62)	0,0,0, | 1,4,2, | 
(0)	0,0,0, | 0,0,0, | 
(0)	0,0,0, | 0,0,0, | 
(0)	0,0,0, | 0,0,0, | 
(0)	0,0,0, | 0,0,0, | 
(0)	0,0,0, | 0,0,0, | 
(0)	0,0,0, | 0,0,0, | 
(0)	0,0,0, | 0,0,0, | 
(0)	0,0,0, | 0,0,0, | 
(0)	0,0,0, | 0,0,0, | 
(0)	0,0,0, | 0,0,0, | 
(0)	0,0,0, | 0,0,0, | 
(18576)	2,2,2, | 0,0,0, | 
(15120)	1,5,4, | 0,0,0, | 
(9072)	1,1,0, | 0,0,0, | 
(15120)	1,5,4, | 0,0,0, | 
(35640)	4,3,3, | 0,0,0, | 
(9072)	1,1,0, | 0,0,0, | 
(32616)	4,1,1, | 0,0,0, | 
(10368)	1,2,0, | 0,0,0, | 
(18576)	2,2,2, | 0,0,0, | 
(36)	0,0,0, | 1,0,0, | 
(18210)	2,2,0, | 1,5,0, | 
(11803)	1,3,0, | 3,5,1, | 
(9163)	1,1,0, | 2,3,1, | 
(32484)	4,1,0, | 2,2,0, | 
(9114)	1,1,0, | 1,1,0, | 
(132)	0,0,0, | 3,4,0, | 
(18216)	2,2,0, | 2,0,0, | 
(7840)	1,0,0, | 1,4,4, | 
(7862)	1,0,0, | 2,2,2, | 
(0)	0,0,0, | 0,0,0, | 
(79)	0,0,0, | 2,1,1, | 
(62)	0,0,0, | 1,4,2, | 
(72)	0,0,0, | 2,0,0, | 
(60)	0,0,0, | 1,4,0, | 
(36)	0,0,0, | 1,0,0, | 
(50)	0,0,0, | 1,2,2, | 
(42)	0,0,0, | 1,1,0, | 
(84)	0,0,0, | 2,2,0, | 
(62)	0,0,0, | 1,4,2, | 
(0)	0,0,0, | 0,0,0, | 
(0)	0,0,0, | 0,0,0, | 
(0)	0,0,0, | 0,0,0, | 
(0)	0,0,0, | 0,0,0, | 
(0)	0,0,0, | 0,0,0, | 
(0)	0,0,0, | 0,0,0, | 
(0)	0,0,0, | 0,0,0, | 
(0)	0,0,0, | 0,0,0, | 
(0)	0,0,0, | 0,0,0, | 
(0)	0,0,0, | 0,0,0, | 
(0)	0,0,0, | 0,0,0, | 
(18576)	2,2,2, | 0,0,0, | 
(15120)	1,5,4, | 0,0,0, | 
(9072)	1,1,0, | 0,0,0, | 
(15120)	1,5,4, | 0,0,0, | 
(35640)	4,3,3, | 0,0,0, | 
(9072)	1,1,0, | 0,0,0, | 
(32616)	4,1,1, | 0,0,0, | 
(10368)	1,2,0, | 0,0,0, | 
(18576)	2,2,2, | 0,0,0, | 
(36)	0,0,0, | 1,0,0, | 
(18210)	2,2,0, | 1,5,0, | 
(11803)	1,3,0, | 3,5,1, | 
(9163)	1,1,0, | 2,3,1, | 
(32484)	4,1,0, | 2,2,0, | 
(9114)	1,1,0, | 1,1,0, | 
(132)	0,0,0, | 3,4,0, | 
(18216)	2,2,0, | 2,0,0, | 
(7840)	1,0,0, | 1,4,4, | 
(7862)	1,0,0, | 2,2,2, | 
(0)	0,0,0, | 0,0,0, | 
(79)	0,0,0, | 2,1,1, | 
(62)	0,0,0, | 1,4,2, | 
(72)	0,0,0, | 2,0,0, | 
(60)	0,0,0, | 1,4,0, | 
(36)	0,0,0, | 1,0,0, | 
(50)	0,0,0, | 1,2,2, | 
(42)	0,0,0, | 1,1,0, | 
(84)	0,0,0, | 2,2,0, | 
(62)	0,0,0, | 1,4,2, | 
(0)	0,0,0, | 0,0,0, | 
(213)	0,0,0, | 5,5,3, | 
(213)	0,0,0, | 5,5,3, | 
(213)	0,0,0, | 5,5,3, | 
(213)	0,0,0, | 5,5,3, | 
(213)	0,0,0, | 5,5,3, | 
(213)	0,0,0, | 5,5,3, | 
(213)	0,0,0, | 5,5,3, | 
(213)	0,0,0, | 5,5,3, | 
(213)	0,0,0, | 5,5,3, | 
(213)	0,0,0, | 5,5,3, | 
(34341)	4,2,2, | 5,5,3, | 
(18789)	2,2,2, | 5,5,3, | 
(11013)	1,2,2, | 5,5,3, | 
(18789)	2,2,2, | 5,5,3, | 
(7989)	1,0,0, | 5,5,3, | 
(9501)	1,1,1, | 5,5,3, | 
(13821)	1,4,3, | 5,5,3, | 
(13821)	1,4,3, | 5,5,3, | 
(18789)	2,2,2, | 5,5,3, | 
(36)	0,0,0, | 1,0,0, | 
(18198)	2,2,0, | 1,3,0, | 
(10472)	1,2,0, | 2,5,2, | 
(9186)	1,1,0, | 3,1,0, | 
(38058)	4,5,2, | 1,1,0, | 
(10554)	1,2,0, | 5,1,0, | 
(9108)	1,1,0, | 1,0,0, | 
(9199)	1,1,0, | 3,3,1, | 
(9132)	1,1,0, | 1,4,0, | 
(10508)	1,2,0, | 3,5,2, | 
(9072)	1,1,0, | 0,0,0, | 
(10634)	1,2,1, | 1,2,2, | 
(48)	0,0,0, | 1,2,0, | 
(42)	0,0,0, | 1,1,0, | 
(106)	0,0,0, | 2,5,4, | 
(193)	0,0,0, | 5,2,1, | 
(64)	0,0,0, | 1,4,4, | 
(69)	0,0,0, | 1,5,3, | 
(48)	0,0,0, | 1,2,0, | 
(69)	0,0,0, | 1,5,3, | 
(0)	0,0,0, | 0,0,0, | 
(0)	0,0,0, | 0,0,0, | 
(0)	0,0,0, | 0,0,0, | 
(0)	0,0,0, | 0,0,0, | 
(0)	0,0,0, | 0,0,0, | 
(0)	0,0,0, | 0,0,0, | 
(0)	0,0,0, | 0,0,0, | 
(0)	0,0,0, | 0,0,0, | 
(0)	0,0,0, | 0,0,0, | 
(0)	0,0,0, | 0,0,0, | 
(0)	0,0,0, | 0,0,0, | 
(18576)	2,2,2, | 0,0,0, | 
(15120)	1,5,4, | 0,0,0, | 
(9072)	1,1,0, | 0,0,0, | 
(15120)	1,5,4, | 0,0,0, | 
(7776)	1,0,0, | 0,0,0, | 
(9072)	1,1,0, | 0,0,0, | 
(9072)	1,1,0, | 0,0,0, | 
(10368)	1,2,0, | 0,0,0, | 
(18576)	2,2,2, | 0,0,0, | 
(36)	0,0,0, | 1,0,0, | 
(18210)	2,2,0, | 1,5,0, | 
(9247)	1,1,0, | 4,5,1, | 
(9235)	1,1,0, | 4,3,1, | 
(63)	0,0,0, | 1,4,3, | 
(9114)	1,1,0, | 1,1,0, | 
(7836)	1,0,0, | 1,4,0, | 
(18242)	2,2,0, | 2,4,2, | 
(79)	0,0,0, | 2,1,1, | 
(7876)	1,0,0, | 2,4,4, | 
(0)	0,0,0, | 0,0,0, | 
(79)	0,0,0, | 2,1,1, | 
(62)	0,0,0, | 1,4,2, | 
(79)	0,0,0, | 2,1,1, | 
(60)	0,0,0, | 1,4,0, | 
(36)	0,0,0, | 1,0,0, | 
(169)	0,0,0, | 4,4,1, | 
(42)	0,0,0, | 1,1,0, | 
(103)	0,0,0, | 2,5,1, | 
(62)	0,0,0, | 1,4,2, | 
(0)	0,0,0, | 0,0,0, | 
(0)	0,0,0, | 0,0,0, | 
(0)	0,0,0, | 0,0,0, | 
(0)	0,0,0, | 0,0,0, | 
(0)	0,0,0, | 0,0,0, | 
(0)	0,0,0, | 0,0,0, | 
(0)	0,0,0, | 0,0,0, | 
(0)	0,0,0, | 0,0,0, | 
(0)	0,0,0, | 0,0,0, | 
(0)	0,0,0, | 0,0,0, | 
(0)	0,0,0, | 0,0,0, | 
(18576)	2,2,2, | 0,0,0, | 
(15120)	1,5,4, | 0,0,0, | 
(9072)	1,1,0, | 0,0,0, | 
(15120)	1,5,4, | 0,0,0, | 
(7776)	1,0,0, | 0,0,0, | 
(9072)	1,1,0, | 0,0,0, | 
(9072)	1,1,0, | 0,0,0, | 
(10368)	1,2,0, | 0,0,0, | 
(18576)	2,2,2, | 0,0,0, | 
(36)	0,0,0, | 1,0,0, | 
(18210)	2,2,0, | 1,5,0, | 
(9283)	1,1,0, | 5,5,1, | 
(9163)	1,1,0, | 2,3,1, | 
(63)	0,0,0, | 1,4,3, | 
(7897)	1,0,0, | 3,2,1, | 
(186)	0,0,0, | 5,1,0, | 
(18216)	2,2,0, | 2,0,0, | 
(7840)	1,0,0, | 1,4,4, | 
(7862)	1,0,0, | 2,2,2, | 
(0)	0,0,0, | 0,0,0, | 
(79)	0,0,0, | 2,1,1, | 
(62)	0,0,0, | 1,4,2, | 
(72)	0,0,0, | 2,0,0, | 
(60)	0,0,0, | 1,4,0, | 
(36)	0,0,0, | 1,0,0, | 
(158)	0,0,0, | 4,2,2, | 
(42)	0,0,0, | 1,1,0, | 
(84)	0,0,0, | 2,2,0, | 
(62)	0,0,0, | 1,4,2, | 
(0)	0,0,0, | 0,0,0, | 
(0)	0,0,0, | 0,0,0, | 
(0)	0,0,0, | 0,0,0, | 
(0)	0,0,0, | 0,0,0, | 
(0)	0,0,0, | 0,0,0, | 
(0)	0,0,0, | 0,0,0, | 
(0)	0,0,0, | 0,0,0, | 
(0)	0,0,0, | 0,0,0, | 
(0)	0,0,0, | 0,0,0, | 
(0)	0,0,0, | 0,0,0, | 
(0)	0,0,0, | 0,0,0, | 
(18576)	2,2,2, | 0,0,0, | 
(15120)	1,5,4, | 0,0,0, | 
(9072)	1,1,0, | 0,0,0, | 
(15120)	1,5,4, | 0,0,0, | 
(7776)	1,0,0, | 0,0,0, | 
(9072)	1,1,0, | 0,0,0, | 
(9072)	1,1,0, | 0,0,0, | 
(10368)	1,2,0, | 0,0,0, | 
(18576)	2,2,2, | 0,0,0, | 
(36)	0,0,0, | 1,0,0, | 
(18210)	2,2,0, | 1,5,0, | 
(10554)	1,2,0, | 5,1,0, | 
(9163)	1,1,0, | 2,3,1, | 
(63)	0,0,0, | 1,4,3, | 
(9114)	1,1,0, | 1,1,0, | 
(132)	0,0,0, | 3,4,0, | 
(18216)	2,2,0, | 2,0,0, | 
(170)	0,0,0, | 4,4,2, | 
(7862)	1,0,0, | 2,2,2, | 
(0)	0,0,0, | 0,0,0, | 
(79)	0,0,0, | 2,1,1, | 
(62)	0,0,0, | 1,4,2, | 
(72)	0,0,0, | 2,0,0, | 
(60)	0,0,0, | 1,4,0, | 
(193)	0,0,0, | 5,2,1, | 
(193)	0,0,0, | 5,2,1, | 
(177)	0,0,0, | 4,5,3, | 
(84)	0,0,0, | 2,2,0, | 
(62)	0,0,0, | 1,4,2, | 
(0)	0,0,0, | 0,0,0, | 
(0)	0,0,0, | 0,0,0, | 
(0)	0,0,0, | 0,0,0, | 
(0)	0,0,0, | 0,0,0, | 
(0)	0,0,0, | 0,0,0, | 
(0)	0,0,0, | 0,0,0, | 
(0)	0,0,0, | 0,0,0, | 
(0)	0,0,0, | 0,0,0, | 
(0)	0,0,0, | 0,0,0, | 
(0)	0,0,0, | 0,0,0, | 
(0)	0,0,0, | 0,0,0, | 
(18576)	2,2,2, | 0,0,0, | 
(15120)	1,5,4, | 0,0,0, | 
(9072)	1,1,0, | 0,0,0, | 
(15120)	1,5,4, | 0,0,0, | 
(7776)	1,0,0, | 0,0,0, | 
(9072)	1,1,0, | 0,0,0, | 
(9072)	1,1,0, | 0,0,0, | 
(10368)	1,2,0, | 0,0,0, | 
(18576)	2,2,2, | 0,0,0, | 
(36)	0,0,0, | 1,0,0, | 
(18210)	2,2,0, | 1,5,0, | 
(11803)	1,3,0, | 3,5,1, | 
(9163)	1,1,0, | 2,3,1, | 
(63)	0,0,0, | 1,4,3, | 
(9114)	1,1,0, | 1,1,0, | 
(132)	0,0,0, | 3,4,0, | 
(18216)	2,2,0, | 2,0,0, | 
(7840)	1,0,0, | 1,4,4, | 
(7862)	1,0,0, | 2,2,2, | 
(0)	0,0,0, | 0,0,0, | 
(79)	0,0,0, | 2,1,1, | 
(62)	0,0,0, | 1,4,2, | 
(72)	0,0,0, | 2,0,0, | 
(60)	0,0,0, | 1,4,0, | 
(36)	0,0,0, | 1,0,0, | 
(50)	0,0,0, | 1,2,2, | 
(42)	0,0,0, | 1,1,0, | 
(84)	0,0,0, | 2,2,0, | 
(62)	0,0,0, | 1,4,2, | 
(0)	0,0,0, | 0,0,0, | 
(0)	0,0,0, | 0,0,0, | 
(0)	0,0,0, | 0,0,0, | 
(0)	0,0,0, | 0,0,0, | 
(0)	0,0,0, | 0,0,0, | 
(0)	0,0,0, | 0,0,0, | 
(0)	0,0,0, | 0,0,0, | 
(0)	0,0,0, | 0,0,0, | 
(0)	0,0,0, | 0,0,0, | 
(0)	0,0,0, | 0,0,0, | 
(0)	0,0,0, | 0,0,0, | 
(18576)	2,2,2, | 0,0,0, | 
(15120)	1,5,4, | 0,0,0, | 
(9072)	1,1,0, | 0,0,0, | 
(15120)	1,5,4, | 0,0,0, | 
(7776)	1,0,0, | 0,0,0, | 
(9072)	1,1,0, | 0,0,0, | 
(9072)	1,1,0, | 0,0,0, | 
(10368)	1,2,0, | 0,0,0, | 
(18576)	2,2,2, | 0,0,0, | 
(36)	0,0,0, | 1,0,0, | 
(18210)	2,2,0, | 1,5,0, | 
(11803)	1,3,0, | 3,5,1, | 
(9163)	1,1,0, | 2,3,1, | 
(63)	0,0,0, | 1,4,3, | 
(9114)	1,1,0, | 1,1,0, | 
(132)	0,0,0, | 3,4,0, | 
(18216)	2,2,0, | 2,0,0, | 
(7840)	1,0,0, | 1,4,4, | 
(7862)	1,0,0, | 2,2,2, | 
(0)	0,0,0, | 0,0,0, | 
(79)	0,0,0, | 2,1,1, | 
(62)	0,0,0, | 1,4,2, | 
(72)	0,0,0, | 2,0,0, | 
(60)	0,0,0, | 1,4,0, | 
(36)	0,0,0, | 1,0,0, | 
(50)	0,0,0, | 1,2,2, | 
(42)	0,0,0, | 1,1,0, | 
(84)	0,0,0, | 2,2,0, | 
(62)	0,0,0, | 1,4,2, | 
(0)	0,0,0, | 0,0,0, | 
(213)	0,0,0, | 5,5,3, | 
(213)	0,0,0, | 5,5,3, | 
(213)	0,0,0, | 5,5,3, | 
(213)	0,0,0, | 5,5,3, | 
(213)	0,0,0, | 5,5,3, | 
(213)	0,0,0, | 5,5,3, | 
(213)	0,0,0, | 5,5,3, | 
(213)	0,0,0, | 5,5,3, | 
(213)	0,0,0, | 5,5,3, | 
(213)	0,0,0, | 5,5,3, | 
(34341)	4,2,2, | 5,5,3, | 
(18789)	2,2,2, | 5,5,3, | 
(11013)	1,2,2, | 5,5,3, | 
(18789)	2,2,2, | 5,5,3, | 
(7989)	1,0,0, | 5,5,3, | 
(9501)	1,1,1, | 5,5,3, | 
(13821)	1,4,3, | 5,5,3, | 
(13821)	1,4,3, | 5,5,3, | 
(18789)	2,2,2, | 5,5,3, | 
(36)	0,0,0, | 1,0,0, | 
(18198)	2,2,0, | 1,3,0, | 
(10472)	1,2,0, | 2,5,2, | 
(9186)	1,1,0, | 3,1,0, | 
(38058)	4,5,2, | 1,1,0, | 
(10554)	1,2,0, | 5,1,0, | 
(9108)	1,1,0, | 1,0,0, | 
(9199)	1,1,0, | 3,3,1, | 
(9132)	1,1,0, | 1,4,0, | 
(10508)	1,2,0, | 3,5,2, | 
(9072)	1,1,0, | 0,0,0, | 
(10634)	1,2,1, | 1,2,2, | 
(48)	0,0,0, | 1,2,0, | 
(42)	0,0,0, | 1,1,0, | 
(106)	0,0,0, | 2,5,4, | 
(193)	0,0,0, | 5,2,1, | 
(64)	0,0,0, | 1,4,4, | 
(69)	0,0,0, | 1,5,3, | 
(48)	0,0,0, | 1,2,0, | 
(69)	0,0,0, | 1,5,3, | 
(0)	0,0,0, | 0,0,0, | 
(0)	0,0,0, | 0,0,0, | 
(0)	0,0,0, | 0,0,0, | 
(0)	0,0,0, | 0,0,0, | 
(0)	0,0,0, | 0,0,0, | 
(0)	0,0,0, | 0,0,0, | 
(0)	0,0,0, | 0,0,0, | 
(0)	0,0,0, | 0,0,0, | 
(0)	0,0,0, | 0,0,0, | 
(0)	0,0,0, | 0,0,0, | 
(0)	0,0,0, | 0,0,0, | 
(18576)	2,2,2, | 0,0,0, | 
(15120)	1,5,4, | 0,0,0, | 
(9072)	1,1,0, | 0,0,0, | 
(15120)	1,5,4, | 0,0,0, | 
(7776)	1,0,0, | 0,0,0, | 
(9072)	1,1,0, | 0,0,0, | 
(9072)	1,1,0, | 0,0,0, | 
(10368)	1,2,0, | 0,0,0, | 
(18576)	2,2,2, | 0,0,0, | 
(36)	0,0,0, | 1,0,0, | 
(18210)	2,2,0, | 1,5,0, | 
(9247)	1,1,0, | 4,5,1, | 
(9235)	1,1,0, | 4,3,1, | 
(63)	0,0,0, | 1,4,3, | 
(9114)	1,1,0, | 1,1,0, | 
(7836)	1,0,0, | 1,4,0, | 
(18242)	2,2,0, | 2,4,2, | 
(79)	0,0,0, | 2,1,1, | 
(7876)	1,0,0, | 2,4,4, | 
(0)	0,0,0, | 0,0,0, | 
(79)	0,0,0, | 2,1,1, | 
(62)	0,0,0, | 1,4,2, | 
(79)	0,0,0, | 2,1,1, | 
(60)	0,0,0, | 1,4,0, | 
(36)	0,0,0, | 1,0,0, | 
(169)	0,0,0, | 4,4,1, | 
(42)	0,0,0, | 1,1,0, | 
(103)	0,0,0, | 2,5,1, | 
(62)	0,0,0, | 1,4,2, | 
(0)	0,0,0, | 0,0,0, | 
(0)	0,0,0, | 0,0,0, | 
(0)	0,0,0, | 0,0,0, | 
(0)	0,0,0, | 0,0,0, | 
(0)	0,0,0, | 0,0,0, | 
(0)	0,0,0, | 0,0,0, | 
(0)	0,0,0, | 0,0,0, | 
(0)	0,0,0, | 0,0,0, | 
(0)	0,0,0, | 0,0,0, | 
(0)	0,0,0, | 0,0,0, | 
(0)	0,0,0, | 0,0,0, | 
(18576)	2,2,2, | 0,0,0, | 
(15120)	1,5,4, | 0,0,0, | 
(9072)	1,1,0, | 0,0,0, | 
(15120)	1,5,4, | 0,0,0, | 
(7776)	1,0,0, | 0,0,0, | 
(9072)	1,1,0, | 0,0,0, | 
(9072)	1,1,0, | 0,0,0, | 
(10368)	1,2,0, | 0,0,0, | 
(18576)	2,2,2, | 0,0,0, | 
(36)	0,0,0, | 1,0,0, | 
(18210)	2,2,0, | 1,5,0, | 
(9283)	1,1,0, | 5,5,1, | 
(9163)	1,1,0, | 2,3,1, | 
(63)	0,0,0, | 1,4,3, | 
(7897)	1,0,0, | 3,2,1, | 
(186)	0,0,0, | 5,1,0, | 
(18216)	2,2,0, | 2,0,0, | 
(7840)	1,0,0, | 1,4,4, | 
(7862)	1,0,0, | 2,2,2, | 
(0)	0,0,0, | 0,0,0, | 
(79)	0,0,0, | 2,1,1, | 
(62)	0,0,0, | 1,4,2, | 
(72)	0,0,0, | 2,0,0, | 
(60)	0,0,0, | 1,4,0, | 
(36)	0,0,0, | 1,0,0, | 
(158)	0,0,0, | 4,2,2, | 
(42)	0,0,0, | 1,1,0, | 
(84)	0,0,0, | 2,2,0, | 
(62)	0,0,0, | 1,4,2, | 
(0)	0,0,0, | 0,0,0, | 
(0)	0,0,0, | 0,0,0, | 
(0)	0,0,0, | 0,0,0, | 
(0)	0,0,0, | 0,0,0, | 
(0)	0,0,0, | 0,0,0, | 
(0)	0,0,0, | 0,0,0, | 
(0)	0,0,0, | 0,0,0, | 
(0)	0,0,0, | 0,0,0, | 
(0)	0,0,0, | 0,0,0, | 
(0)	0,0,0, | 0,0,0, | 
(0)	0,0,0, | 0,0,0, | 
(18576)	2,2,2, | 0,0,0, | 
(15120)	1,5,4, | 0,0,0, | 
(9072)	1,1,0, | 0,0,0, | 
(15120)	1,5,4, | 0,0,0, | 
(7776)	1,0,0, | 0,0,0, | 
(9072)	1,1,0, | 0,0,0, | 
(9072)	1,1,0, | 0,0,0, | 
(10368)	1,2,0, | 0,0,0, | 
(18576)	2,2,2, | 0,0,0, | 
(36)	0,0,0, | 1,0,0, | 
(18210)	2,2,0, | 1,5,0, | 
(10554)	1,2,0, | 5,1,0, | 
(9163)	1,1,0, | 2,3,1, | 
(63)	0,0,0, | 1,4,3, | 
(9114)	1,1,0, | 1,1,0, | 
(132)	0,0,0, | 3,4,0, | 
(18216)	2,2,0, | 2,0,0, | 
(170)	0,0,0, | 4,4,2, | 
(7862)	1,0,0, | 2,2,2, | 
(0)	0,0,0, | 0,0,0, | 
(79)	0,0,0, | 2,1,1, | 
(62)	0,0,0, | 1,4,2, | 
(72)	0,0,0, | 2,0,0, | 
(60)	0,0,0, | 1,4,0, | 
(193)	0,0,0, | 5,2,1, | 
(193)	0,0,0, | 5,2,1, | 
(177)	0,0,0, | 4,5,3, | 
(84)	0,0,0, | 2,2,0, | 
(62)	0,0,0, | 1,4,2, | 
(0)	0,0,0, | 0,0,0, | 
(0)	0,0,0, | 0,0,0, | 
(0)	0,0,0, | 0,0,0, | 
(0)	0,0,0, | 0,0,0, | 
(0)	0,0,0, | 0,0,0, | 
(0)	0,0,0, | 0,0,0, | 
(0)	0,0,0, | 0,0,0, | 
(0)	0,0,0, | 0,0,0, | 
(0)	0,0,0, | 0,0,0, | 
(0)	0,0,0, | 0,0,0, | 
(0)	0,0,0, | 0,0,0, | 
(18576)	2,2,2, | 0,0,0, | 
(15120)	1,5,4, | 0,0,0, | 
(9072)	1,1,0, | 0,0,0, | 
(15120)	1,5,4, | 0,0,0, | 
(7776)	1,0,0, | 0,0,0, | 
(9072)	1,1,0, | 0,0,0, | 
(9072)	1,1,0, | 0,0,0, | 
(10368)	1,2,0, | 0,0,0, | 
(18576)	2,2,2, | 0,0,0, | 
(36)	0,0,0, | 1,0,0, | 
(18210)	2,2,0, | 1,5,0, | 
(11803)	1,3,0, | 3,5,1, | 
(9163)	1,1,0, | 2,3,1, | 
(63)	0,0,0, | 1,4,3, | 
(9114)	1,1,0, | 1,1,0, | 
(132)	0,0,0, | 3,4,0, | 
(18216)	2,2,0, | 2,0,0, | 
(7840)	1,0,0, | 1,4,4, | 
(7862)	1,0,0, | 2,2,2, | 
(0)	0,0,0, | 0,0,0, | 
(79)	0,0,0, | 2,1,1, | 
(62)	0,0,0, | 1,4,2, | 
(72)	0,0,0, | 2,0,0, | 
(60)	0,0,0, | 1,4,0, | 
(36)	0,0,0, | 1,0,0, | 
(50)	0,0,0, | 1,2,2, | 
(42)	0,0,0, | 1,1,0, | 
(84)	0,0,0, | 2,2,0, | 
(62)	0,0,0, | 1,4,2, | 
(0)	0,0,0, | 0,0,0, | 
(0)	0,0,0, | 0,0,0, | 
(0)	0,0,0, | 0,0,0, | 
(0)	0,0,0, | 0,0,0, | 
(0)	0,0,0, | 0,0,0, | 
(0)	0,0,0, | 0,0,0, | 
(0)	0,0,0, | 0,0,0, | 
(0)	0,0,0, | 0,0,0, | 
(0)	0,0,0, | 0,0,0, | 
(0)	0,0,0, | 0,0,0, | 
(0)	0,0,0, | 0,0,0, | 
(18576)	2,2,2, | 0,0,0, | 
(15120)	1,5,4, | 0,0,0, | 
(9072)	1,1,0, | 0,0,0, | 
(15120)	1,5,4, | 0,0,0, | 
(7776)	1,0,0, | 0,0,0, | 
(9072)	1,1,0, | 0,0,0, | 
(9072)	1,1,0, | 0,0,0, | 
(10368)	1,2,0, | 0,0,0, | 
(18576)	2,2,2, | 0,0,0, | 
(36)	0,0,0, | 1,0,0, | 
(18210)	2,2,0, | 1,5,0, | 
(11803)	1,3,0, | 3,5,1, | 
(9163)	1,1,0, | 2,3,1, | 
(63)	0,0,0, | 1,4,3, | 
(9114)	1,1,0, | 1,1,0, | 
(132)	0,0,0, | 3,4,0, | 
(18216)	2,2,0, | 2,0,0, | 
(7840)	1,0,0, | 1,4,4, | 
(7862)	1,0,0, | 2,2,2, | 
(0)	0,0,0, | 0,0,0, | 
(79)	0,0,0, | 2,1,1, | 
(62)	0,0,0, | 1,4,2, | 
(72)	0,0,0, | 2,0,0, | 
(60)	0,0,0, | 1,4,0, | 
(36)	0,0,0, | 1,0,0, | 
(50)	0,0,0, | 1,2,2, | 
(42)	0,0,0, | 1,1,0, | 
(84)	0,0,0, | 2,2,0, | 
(62)	0,0,0, | 1,4,2, | 
