(46044)	5,5,3, | 1,0,0, | 
(46008)	5,5,3, | 0,0,0, | 
(46008)	5,5,3, | 0,0,0, | 
(46008)	5,5,3, | 0,0,0, | 
(46008)	5,5,3, | 0,0,0, | 
(213)	0,0,0, | 5,5,3, | 
(213)	0,0,0, | 5,5,3, | 
(213)	0,0,0, | 5,5,3, | 
(213)	0,0,0, | 5,5,3, | 
(213)	0,0,0, | 5,5,3, | 
(213)	0,0,0, | 5,5,3, | 
(7989)	1,0,0, | 5,5,3, | 
(7989)	1,0,0, | 5,5,3, | 
(7989)	1,0,0, | 5,5,3, | 
(7989)	1,0,0, | 5,5,3, | 
(7989)	1,0,0, | 5,5,3, | 
(7989)	1,0,0, | 5,5,3, | 
(7988)	1,0,0, | 5,5,2, | 
(7988)	1,0,0, | 5,5,2, | 
(7988)	1,0,0, | 5,5,2, | 
(176)	0,0,0, | 4,5,2, | 
(127)	0,0,0, | 3,3,1, | 
(127)	0,0,0, | 3,3,1, | 
(127)	0,0,0, | 3,3,1, | 
(7867)	1,0,0, | 2,3,1, | 
(212)	0,0,0, | 5,5,2, | 
(45792)	5,5,2, | 0,0,0, | 
(19692)	2,3,1, | 1,0,0, | 
(19692)	2,3,1, | 1,0,0, | 
(19692)	2,3,1, | 1,0,0, | 
(19692)	2,3,1, | 1,0,0, | 
(45828)	5,5,2, | 1,0,0, | 
(45828)	5,5,2, | 1,0,0, | 
(45828)	5,5,2, | 1,0,0, | 
(46044)	5,5,3, | 1,0,0, | 
(46044)	5,5,3, | 1,0,0, | 
(46044)	5,5,3, | 1,0,0, | 
(46044)	5,5,3, | 1,0,0, | 
(46044)	5,5,3, | 1,0,0, | 
(46044)	5,5,3, | 1,0,0, | 
(46044)	5,5,3, | 1,0,0, | 
(46008)	5,5,3, | 0,0,0, | 
(46008)	5,5,3, | 0,0,0, | 
(46008)	5,5,3, | 0,0,0, | 
(46008)	5,5,3, | 0,0,0, | 
(46008)	5,5,3, | 0,0,0, | 
(46008)	5,5,3, | 0,0,0, | 
(46008)	5,5,3, | 0,0,0, | 
(46009)	5,5,3, | 0,0,1, | 
(46009)	5,5,3, | 0,0,1, | 
(0)	0,0,0, | 0,0,0, | 
(10585)	1,2,1, | 0,0,1, | 
(10584)	1,2,1, | 0,0,0, | 
(0)	0,0,0, | 0,0,0, | 
(19872)	2,3,2, | 0,0,0, | 
(0)	0,0,0, | 0,0,0, | 
(0)	0,0,0, | 0,0,0, | 
(7776)	1,0,0, | 0,0,0, | 
(0)	0,0,0, | 0,0,0, | 
(7825)	1,0,0, | 1,2,1, | 
(7952)	1,0,0, | 4,5,2, | 
(7952)	1,0,0, | 4,5,2, | 
(7952)	1,0,0, | 4,5,2, | 
(7952)	1,0,0, | 4,5,2, | 
(7952)	1,0,0, | 4,5,2, | 
(7952)	1,0,0, | 4,5,2, | 
(7952)	1,0,0, | 4,5,2, | 
(7952)	1,0,0, | 4,5,2, | 
(7952)	1,0,0, | 4,5,2, | 
(7952)	1,0,0, | 4,5,2, | 
(49)	0,0,0, | 1,2,1, | 
(121)	0,0,0, | 3,2,1, | 
(134)	0,0,0, | 3,4,2, | 
(49)	0,0,0, | 1,2,1, | 
(85)	0,0,0, | 2,2,1, | 
(134)	0,0,0, | 3,4,2, | 
(46044)	5,5,3, | 1,0,0, | 
(46044)	5,5,3, | 1,0,0, | 
(46044)	5,5,3, | 1,0,0, | 
(46044)	5,5,3, | 1,0,0, | 
(46044)	5,5,3, | 1,0,0, | 
(46008)	5,5,3, | 0,0,0, | 
(46008)	5,5,3, | 0,0,0, | 
(46008)	5,5,3, | 0,0,0, | 
(46008)	5,5,3, | 0,0,0, | 
(46008)	5,5,3, | 0,0,0, | 
(46008)	5,5,3, | 0,0,0, | 
(46008)	5,5,3, | 0,0,0, | 
(46009)	5,5,3, | 0,0,1, | 
(46009)	5,5,3, | 0,0,1, | 
(0)	0,0,0, | 0,0,0, | 
(10585)	1,2,1, | 0,0,1, | 
(10584)	1,2,1, | 0,0,0, | 
(0)	0,0,0, | 0,0,0, | 
(19872)	2,3,2, | 0,0,0, | 
(0)	0,0,0, | 0,0,0, | 
(0)	0,0,0, | 0,0,0, | 
(7776)	1,0,0, | 0,0,0, | 
(0)	0,0,0, | 0,0,0, | 
(7825)	1,0,0, | 1,2,1, | 
(7825)	1,0,0, | 1,2,1, | 
(7825)	1,0,0, | 1,2,1, | 
(49)	0,0,0, | 1,2,1, | 
(7825)	1,0,0, | 1,2,1, | 
(7825)	1,0,0, | 1,2,1, | 
(49)	0,0,0, | 1,2,1, | 
(49)	0,0,0, | 1,2,1, | 
(7825)	1,0,0, | 1,2,1, | 
(49)	0,0,0, | 1,2,1, | 
(7825)	1,0,0, | 1,2,1, | 
(49)	0,0,0, | 1,2,1, | 
(36)	0,0,0, | 1,0,0, | 
(49)	0,0,0, | 1,2,1, | 
(49)	0,0,0, | 1,2,1, | 
(36)	0,0,0, | 1,0,0, | 
(36)	0,0,0, | 1,0,0, | 
(46044)	5,5,3, | 1,0,0, | 
(46044)	5,5,3, | 1,0,0, | 
(46044)	5,5,3, | 1,0,0, | 
(46044)	5,5,3, | 1,0,0, | 
(46044)	5,5,3, | 1,0,0, | 
(46008)	5,5,3, | 0,0,0, | 
(46008)	5,5,3, | 0,0,0, | 
(46008)	5,5,3, | 0,0,0, | 
(46008)	5,5,3, | 0,0,0, | 
(46008)	5,5,3, | 0,0,0, | 
(46008)	5,5,3, | 0,0,0, | 
(46008)	5,5,3, | 0,0,0, | 
(46009)	5,5,3, | 0,0,1, | 
(46009)	5,5,3, | 0,0,1, | 
(0)	0,0,0, | 0,0,0, | 
(10585)	1,2,1, | 0,0,1, | 
(10584)	1,2,1, | 0,0,0, | 
(0)	0,0,0, | 0,0,0, | 
(19872)	2,3,2, | 0,0,0, | 
(0)	0,0,0, | 0,0,0, | 
(0)	0,0,0, | 0,0,0, | 
(7776)	1,0,0, | 0,0,0, | 
(0)	0,0,0, | 0,0,0, | 
(7825)	1,0,0, | 1,2,1, | 
(7825)	1,0,0, | 1,2,1, | 
(7825)	1,0,0, | 1,2,1, | 
(49)	0,0,0, | 1,2,1, | 
(7825)	1,0,0, | 1,2,1, | 
(7825)	1,0,0, | 1,2,1, | 
(49)	0,0,0, | 1,2,1, | 
(49)	0,0,0, | 1,2,1, | 
(7825)	1,0,0, | 1,2,1, | 
(49)	0,0,0, | 1,2,1, | 
(7825)	1,0,0, | 1,2,1, | 
(49)	0,0,0, | 1,2,1, | 
(36)	0,0,0, | 1,0,0, | 
(49)	0,0,0, | 1,2,1, | 
(49)	0,0,0, | 1,2,1, | 
(36)	0,0,0, | 1,0,0, | 
(36)	0,0,0, | 1,0,0, | 
(46044)	5,5,3, | 1,0,0, | 
(46044)	5,5,3, | 1,0,0, | 
(46044)	5,5,3, | 1,0,0, | 
(46044)	5,5,3, | 1,0,0, | 
(46044)	5,5,3, | 1,0,0, | 
(46008)	5,5,3, | 0,0,0, | 
(46008)	5,5,3, | 0,0,0, | 
(46008)	5,5,3, | 0,0,0, | 
(46008)	5,5,3, | 0,0,0, | 
(46008)	5,5,3, | 0,0,0, | 
(46008)	5,5,3, | 0,0,0, | 
(46008)	5,5,3, | 0,0,0, | 
(46009)	5,5,3, | 0,0,1, | 
(46009)	5,5,3, | 0,0,1, | 
(0)	0,0,0, | 0,0,0, | 
(10585)	1,2,1, | 0,0,1, | 
(10584)	1,2,1, | 0,0,0, | 
(0)	0,0,0, | 0,0,0, | 
(19872)	2,3,2, | 0,0,0, | 
(0)	0,0,0, | 0,0,0, | 
(0)	0,0,0, | 0,0,0, | 
(7776)	1,0,0, | 0,0,0, | 
(0)	0,0,0, | 0,0,0, | 
(7825)	1,0,0, | 1,2,1, | 
(7825)	1,0,0, | 1,2,1, | 
(7825)	1,0,0, | 1,2,1, | 
(49)	0,0,0, | 1,2,1, | 
(7825)	1,0,0, | 1,2,1, | 
(7825)	1,0,0, | 1,2,1, | 
(49)	0,0,0, | 1,2,1, | 
(49)	0,0,0, | 1,2,1, | 
(7825)	1,0,0, | 1,2,1, | 
(49)	0,0,0, | 1,2,1, | 
(7825)	1,0,0, | 1,2,1, | 
(49)	0,0,0, | 1,2,1, | 
(36)	0,0,0, | 1,0,0, | 
(49)	0,0,0, | 1,2,1, | 
(49)	0,0,0, | 1,2,1, | 
(36)	0,0,0, | 1,0,0, | 
(36)	0,0,0, | 1,0,0, | 
(46044)	5,5,3, | 1,0,0, | 
(46044)	5,5,3, | 1,0,0, | 
(46044)	5,5,3, | 1,0,0, | 
(46044)	5,5,3, | 1,0,0, | 
(46044)	5,5,3, | 1,0,0, | 
(46008)	5,5,3, | 0,0,0, | 
(46008)	5,5,3, | 0,0,0, | 
(46008)	5,5,3, | 0,0,0, | 
(46008)	5,5,3, | 0,0,0, | 
(46008)	5,5,3, | 0,0,0, | 
(46008)	5,5,3, | 0,0,0, | 
(46008)	5,5,3, | 0,0,0, | 
(46009)	5,5,3, | 0,0,1, | 
(46009)	5,5,3, | 0,0,1, | 
(0)	0,0,0, | 0,0,0, | 
(10585)	1,2,1, | 0,0,1, | 
(10584)	1,2,1, | 0,0,0, | 
(0)	0,0,0, | 0,0,0, | 
(19872)	2,3,2, | 0,0,0, | 
(0)	0,0,0, | 0,0,0, | 
(0)	0,0,0, | 0,0,0, | 
(7776)	1,0,0, | 0,0,0, | 
(0)	0,0,0, | 0,0,0, | 
(7825)	1,0,0, | 1,2,1, | 
(7825)	1,0,0, | 1,2,1, | 
(7825)	1,0,0, | 1,2,1, | 
(49)	0,0,0, | 1,2,1, | 
(7825)	1,0,0, | 1,2,1, | 
(7825)	1,0,0, | 1,2,1, | 
(49)	0,0,0, | 1,2,1, | 
(49)	0,0,0, | 1,2,1, | 
(7825)	1,0,0, | 1,2,1, | 
(49)	0,0,0, | 1,2,1, | 
(7825)	1,0,0, | 1,2,1, | 
(49)	0,0,0, | 1,2,1, | 
(36)	0,0,0, | 1,0,0, | 
(49)	0,0,0, | 1,2,1, | 
(49)	0,0,0, | 1,2,1, | 
(36)	0,0,0, | 1,0,0, | 
(36)	0,0,0, | 1,0,0, | 
(46044)	5,5,3, | 1,0,0, | 
(46044)	5,5,3, | 1,0,0, | 
(46044)	5,5,3, | 1,0,0, | 
(46044)	5,5,3, | 1,0,0, | 
(0)	0,0,0, | 0,0,0, | 
(213)	0,0,0, | 5,5,3, | 
(213)	0,0,0, | 5,5,3, | 
(213)	0,0,0, | 5,5,3, | 
(213)	0,0,0, | 5,5,3, | 
(213)	0,0,0, | 5,5,3, | 
(213)	0,0,0, | 5,5,3, | 
(213)	0,0,0, | 5,5,3, | 
(213)	0,0,0, | 5,5,3, | 
(213)	0,0,0, | 5,5,3, | 
(213)	0,0,0, | 5,5,3, | 
(7989)	1,0,0, | 5,5,3, | 
(7989)	1,0,0, | 5,5,3, | 
(7989)	1,0,0, | 5,5,3, | 
(7989)	1,0,0, | 5,5,3, | 
(18360)	2,2,1, | 0,0,0, | 
(7776)	1,0,0, | 0,0,0, | 
(26136)	3,2,1, | 0,0,0, | 
(7776)	1,0,0, | 0,0,0, | 
(10584)	1,2,1, | 0,0,0, | 
(49)	0,0,0, | 1,2,1, | 
(45828)	5,5,2, | 1,0,0, | 
(38052)	4,5,2, | 1,0,0, | 
(38052)	4,5,2, | 1,0,0, | 
(38052)	4,5,2, | 1,0,0, | 
(45828)	5,5,2, | 1,0,0, | 
(38052)	4,5,2, | 1,0,0, | 
(38052)	4,5,2, | 1,0,0, | 
(38052)	4,5,2, | 1,0,0, | 
(38052)	4,5,2, | 1,0,0, | 
(38052)	4,5,2, | 1,0,0, | 
(10620)	1,2,1, | 1,0,0, | 
(0)	0,0,0, | 0,0,0, | 
(0)	0,0,0, | 0,0,0, | 
(36)	0,0,0, | 1,0,0, | 
(0)	0,0,0, | 0,0,0, | 
(85)	0,0,0, | 2,2,1, | 
(49)	0,0,0, | 1,2,1, | 
(0)	0,0,0, | 0,0,0, | 
(49)	0,0,0, | 1,2,1, | 
(0)	0,0,0, | 0,0,0, | 
(0)	0,0,0, | 0,0,0, | 
(0)	0,0,0, | 0,0,0, | 
(0)	0,0,0, | 0,0,0, | 
(0)	0,0,0, | 0,0,0, | 
(0)	0,0,0, | 0,0,0, | 
(0)	0,0,0, | 0,0,0, | 
(0)	0,0,0, | 0,0,0, | 
(0)	0,0,0, | 0,0,0, | 
(0)	0,0,0, | 0,0,0, | 
(0)	0,0,0, | 0,0,0, | 
(10585)	1,2,1, | 0,0,1, | 
(7776)	1,0,0, | 0,0,0, | 
(7776)	1,0,0, | 0,0,0, | 
(7776)	1,0,0, | 0,0,0, | 
(18360)	2,2,1, | 0,0,0, | 
(7776)	1,0,0, | 0,0,0, | 
(26136)	3,2,1, | 0,0,0, | 
(7776)	1,0,0, | 0,0,0, | 
(10584)	1,2,1, | 0,0,0, | 
(49)	0,0,0, | 1,2,1, | 
(7812)	1,0,0, | 1,0,0, | 
(0)	0,0,0, | 0,0,0, | 
(10584)	1,2,1, | 0,0,0, | 
(7812)	1,0,0, | 1,0,0, | 
(0)	0,0,0, | 0,0,0, | 
(0)	0,0,0, | 0,0,0, | 
(0)	0,0,0, | 0,0,0, | 
(0)	0,0,0, | 0,0,0, | 
(49)	0,0,0, | 1,2,1, | 
(49)	0,0,0, | 1,2,1, | 
(121)	0,0,0, | 3,2,1, | 
(134)	0,0,0, | 3,4,2, | 
(49)	0,0,0, | 1,2,1, | 
(85)	0,0,0, | 2,2,1, | 
(134)	0,0,0, | 3,4,2, | 
(85)	0,0,0, | 2,2,1, | 
(134)	0,0,0, | 3,4,2, | 
(36)	0,0,0, | 1,0,0, | 
(36)	0,0,0, | 1,0,0, | 
(0)	0,0,0, | 0,0,0, | 
(0)	0,0,0, | 0,0,0, | 
(0)	0,0,0, | 0,0,0, | 
(0)	0,0,0, | 0,0,0, | 
(0)	0,0,0, | 0,0,0, | 
(0)	0,0,0, | 0,0,0, | 
(0)	0,0,0, | 0,0,0, | 
(0)	0,0,0, | 0,0,0, | 
(0)	0,0,0, | 0,0,0, | 
(0)	0,0,0, | 0,0,0, | 
(0)	0,0,0, | 0,0,0, | 
(10585)	1,2,1, | 0,0,1, | 
(7776)	1,0,0, | 0,0,0, | 
(7776)	1,0,0, | 0,0,0, | 
(7776)	1,0,0, | 0,0,0, | 
(18360)	2,2,1, | 0,0,0, | 
(7776)	1,0,0, | 0,0,0, | 
(26136)	3,2,1, | 0,0,0, | 
(7776)	1,0,0, | 0,0,0, | 
(10584)	1,2,1, | 0,0,0, | 
(49)	0,0,0, | 1,2,1, | 
(7812)	1,0,0, | 1,0,0, | 
(0)	0,0,0, | 0,0,0, | 
(10584)	1,2,1, | 0,0,0, | 
(7812)	1,0,0, | 1,0,0, | 
(0)	0,0,0, | 0,0,0, | 
(0)	0,0,0, | 0,0,0, | 
(0)	0,0,0, | 0,0,0, | 
(0)	0,0,0, | 0,0,0, | 
(49)	0,0,0, | 1,2,1, | 
(49)	0,0,0, | 1,2,1, | 
(36)	0,0,0, | 1,0,0, | 
(49)	0,0,0, | 1,2,1, | 
(49)	0,0,0, | 1,2,1, | 
(36)	0,0,0, | 1,0,0, | 
(36)	0,0,0, | 1,0,0, | 
(36)	0,0,0, | 1,0,0, | 
(36)	0,0,0, | 1,0,0, | 
(36)	0,0,0, | 1,0,0, | 
(36)	0,0,0, | 1,0,0, | 
(0)	0,0,0, | 0,0,0, | 
(0)	0,0,0, | 0,0,0, | 
(0)	0,0,0, | 0,0,0, | 
(0)	0,0,0, | 0,0,0, | 
(0)	0,0,0, | 0,0,0, | 
(0)	0,0,0, | 0,0,0, | 
(0)	0,0,0, | 0,0,0, | 
(0)	0,0,0, | 0,0,0, | 
(0)	0,0,0, | 0,0,0, | 
(0)	0,0,0, | 0,0,0, | 
(0)	0,0,0, | 0,0,0, | 
(10585)	1,2,1, | 0,0,1, | 
(7776)	1,0,0, | 0,0,0, | 
(7776)	1,0,0, | 0,0,0, | 
(7776)	1,0,0, | 0,0,0, | 
(18360)	2,2,1, | 0,0,0, | 
(7776)	1,0,0, | 0,0,0, | 
(26136)	3,2,1, | 0,0,0, | 
(7776)	1,0,0, | 0,0,0, | 
(10584)	1,2,1, | 0,0,0, | 
(49)	0,0,0, | 1,2,1, | 
(7812)	1,0,0, | 1,0,0, | 
(0)	0,0,0, | 0,0,0, | 
(10584)	1,2,1, | 0,0,0, | 
(7812)	1,0,0, | 1,0,0, | 
(0)	0,0,0, | 0,0,0, | 
(0)	0,0,0, | 0,0,0, | 
(0)	0,0,0, | 0,0,0, | 
(0)	0,0,0, | 0,0,0, | 
(49)	0,0,0, | 1,2,1, | 
(49)	0,0,0, | 1,2,1, | 
(36)	0,0,0, | 1,0,0, | 
(49)	0,0,0, | 1,2,1, | 
(49)	0,0,0, | 1,2,1, | 
(36)	0,0,0, | 1,0,0, | 
(36)	0,0,0, | 1,0,0, | 
(36)	0,0,0, | 1,0,0, | 
(36)	0,0,0, | 1,0,0, | 
(36)	0,0,0, | 1,0,0, | 
(36)	0,0,0, | 1,0,0, | 
(0)	0,0,0, | 0,0,0, | 
(0)	0,0,0, | 0,0,0, | 
(0)	0,0,0, | 0,0,0, | 
(0)	0,0,0, | 0,0,0, | 
(0)	0,0,0, | 0,0,0, | 
(0)	0,0,0, | 0,0,0, | 
(0)	0,0,0, | 0,0,0, | 
(0)	0,0,0, | 0,0,0, | 
(0)	0,0,0, | 0,0,0, | 
(0)	0,0,0, | 0,0,0, | 
(0)	0,0,0, | 0,0,0, | 
(10585)	1,2,1, | 0,0,1, | 
(7776)	1,0,0, | 0,0,0, | 
(7776)	1,0,0, | 0,0,0, | 
(7776)	1,0,0, | 0,0,0, | 
(18360)	2,2,1, | 0,0,0, | 
(7776)	1,0,0, | 0,0,0, | 
(26136)	3,2,1, | 0,0,0, | 
(7776)	1,0,0, | 0,0,0, | 
(10584)	1,2,1, | 0,0,0, | 
(49)	0,0,0, | 1,2,1, | 
(7812)	1,0,0, | 1,0,0, | 
(0)	0,0,0, | 0,0,0, | 
(10584)	1,2,1, | 0,0,0, | 
(7812)	1,0,0, | 1,0,0, | 
(0)	0,0,0, | 0,0,0, | 
(0)	0,0,0, | 0,0,0, | 
(0)	0,0,0, | 0,0,0, | 
(0)	0,0,0, | 0,0,0, | 
(49)	0,0,0, | 1,2,1, | 
(49)	0,0,0, | 1,2,1, | 
(36)	0,0,0, | 1,0,0, | 
(49)	0,0,0, | 1,2,1, | 
(49)	0,0,0, | 1,2,1, | 
(36)	0,0,0, | 1,0,0, | 
(36)	0,0,0, | 1,0,0, | 
(36)	0,0,0, | 1,0,0, | 
(36)	0,0,0, | 1,0,0, | 
(36)	0,0,0, | 1,0,0, | 
(36)	0,0,0, | 1,0,0, | 
(0)	0,0,0, | 0,0,0, | 
(0)	0,0,0, | 0,0,0, | 
(0)	0,0,0, | 0,0,0, | 
(0)	0,0,0, | 0,0,0, | 
(0)	0,0,0, | 0,0,0, | 
(0)	0,0,0, | 0,0,0, | 
(0)	0,0,0, | 0,0,0, | 
(0)	0,0,0, | 0,0,0, | 
(0)	0,0,0, | 0,0,0, | 
(0)	0,0,0, | 0,0,0, | 
(0)	0,0,0, | 0,0,0, | 
(10585)	1,2,1, | 0,0,1, | 
(7776)	1,0,0, | 0,0,0, | 
(7776)	1,0,0, | 0,0,0, | 
(7776)	1,0,0, | 0,0,0, | 
(18360)	2,2,1, | 0,0,0, | 
(7776)	1,0,0, | 0,0,0, | 
(26136)	3,2,1, | 0,0,0, | 
(7776)	1,0,0, | 0,0,0, | 
(10584)	1,2,1, | 0,0,0, | 
(49)	0,0,0, | 1,2,1, | 
(7812)	1,0,0, | 1,0,0, | 
(0)	0,0,0, | 0,0,0, | 
(10584)	1,2,1, | 0,0,0, | 
(7812)	1,0,0, | 1,0,0, | 
(0)	0,0,0, | 0,0,0, | 
(0)	0,0,0, | 0,0,0, | 
(0)	0,0,0, | 0,0,0, | 
(0)	0,0,0, | 0,0,0, | 
(49)	0,0,0, | 1,2,1, | 
(49)	0,0,0, | 1,2,1, | 
(36)	0,0,0, | 1,0,0, | 
(49)	0,0,0, | 1,2,1, | 
(49)	0,0,0, | 1,2,1, | 
(36)	0,0,0, | 1,0,0, | 
(36)	0,0,0, | 1,0,0, | 
(36)	0,0,0, | 1,0,0, | 
(36)	0,0,0, | 1,0,0, | 
(36)	0,0,0, | 1,0,0, | 
(36)	0,0,0, | 1,0,0, | 
(0)	0,0,0, | 0,0,0, | 
(213)	0,0,0, | 5,5,3, | 
(213)	0,0,0, | 5,5,3, | 
(213)	0,0,0, | 5,5,3, | 
(213)	0,0,0, | 5,5,3, | 
(213)	0,0,0, | 5,5,3, | 
(213)	0,0,0, | 5,5,3, | 
(213)	0,0,0, | 5,5,3, | 
(213)	0,0,0, | 5,5,3, | 
(213)	0,0,0, | 5,5,3, | 
(213)	0,0,0, | 5,5,3, | 
(7989)	1,0,0, | 5,5,3, | 
(7989)	1,0,0, | 5,5,3, | 
(7989)	1,0,0, | 5,5,3, | 
(7989)	1,0,0, | 5,5,3, | 
(7776)	1,0,0, | 0,0,0, | 
(7776)	1,0,0, | 0,0,0, | 
(7776)	1,0,0, | 0,0,0, | 
(7776)	1,0,0, | 0,0,0, | 
(10584)	1,2,1, | 0,0,0, | 
(49)	0,0,0, | 1,2,1, | 
(10584)	1,2,1, | 0,0,0, | 
(10620)	1,2,1, | 1,0,0, | 
(10584)	1,2,1, | 0,0,0, | 
(10584)	1,2,1, | 0,0,0, | 
(10584)	1,2,1, | 0,0,0, | 
(10584)	1,2,1, | 0,0,0, | 
(10620)	1,2,1, | 1,0,0, | 
(10584)	1,2,1, | 0,0,0, | 
(10620)	1,2,1, | 1,0,0, | 
(10620)	1,2,1, | 1,0,0, | 
(10620)	1,2,1, | 1,0,0, | 
(0)	0,0,0, | 0,0,0, | 
(0)	0,0,0, | 0,0,0, | 
(36)	0,0,0, | 1,0,0, | 
(0)	0,0,0, | 0,0,0, | 
(85)	0,0,0, | 2,2,1, | 
(49)	0,0,0, | 1,2,1, | 
(0)	0,0,0, | 0,0,0, | 
(49)	0,0,0, | 1,2,1, | 
(0)	0,0,0, | 0,0,0, | 
(0)	0,0,0, | 0,0,0, | 
(0)	0,0,0, | 0,0,0, | 
(0)	0,0,0, | 0,0,0, | 
(0)	0,0,0, | 0,0,0, | 
(0)	0,0,0, | 0,0,0, | 
(0)	0,0,0, | 0,0,0, | 
(0)	0,0,0, | 0,0,0, | 
(0)	0,0,0, | 0,0,0, | 
(0)	0,0,0, | 0,0,0, | 
(0)	0,0,0, | 0,0,0, | 
(10585)	1,2,1, | 0,0,1, | 
(7776)	1,0,0, | 0,0,0, | 
(7776)	1,0,0, | 0,0,0, | 
(7776)	1,0,0, | 0,0,0, | 
(7776)	1,0,0, | 0,0,0, | 
(7776)	1,0,0, | 0,0,0, | 
(7776)	1,0,0, | 0,0,0, | 
(7776)	1,0,0, | 0,0,0, | 
(10584)	1,2,1, | 0,0,0, | 
(49)	0,0,0, | 1,2,1, | 
(7812)	1,0,0, | 1,0,0, | 
(0)	0,0,0, | 0,0,0, | 
(10584)	1,2,1, | 0,0,0, | 
(7812)	1,0,0, | 1,0,0, | 
(0)	0,0,0, | 0,0,0, | 
(0)	0,0,0, | 0,0,0, | 
(0)	0,0,0, | 0,0,0, | 
(0)	0,0,0, | 0,0,0, | 
(49)	0,0,0, | 1,2,1, | 
(49)	0,0,0, | 1,2,1, | 
(121)	0,0,0, | 3,2,1, | 
(134)	0,0,0, | 3,4,2, | 
(49)	0,0,0, | 1,2,1, | 
(85)	0,0,0, | 2,2,1, | 
(134)	0,0,0, | 3,4,2, | 
(85)	0,0,0, | 2,2,1, | 
(134)	0,0,0, | 3,4,2, | 
(36)	0,0,0, | 1,0,0, | 
(36)	0,0,0, | 1,0,0, | 
(0)	0,0,0, | 0,0,0, | 
(0)	0,0,0, | 0,0,0, | 
(0)	0,0,0, | 0,0,0, | 
(0)	0,0,0, | 0,0,0, | 
(0)	0,0,0, | 0,0,0, | 
(0)	0,0,0, | 0,0,0, | 
(0)	0,0,0, | 0,0,0, | 
(0)	0,0,0, | 0,0,0, | 
(0)	0,0,0, | 0,0,0, | 
(0)	0,0,0, | 0,0,0, | 
(0)	0,0,0, | 0,0,0, | 
(10585)	1,2,1, | 0,0,1, | 
(7776)	1,0,0, | 0,0,0, | 
(7776)	1,0,0, | 0,0,0, | 
(7776)	1,0,0, | 0,0,0, | 
(7776)	1,0,0, | 0,0,0, | 
(7776)	1,0,0, | 0,0,0, | 
(7776)	1,0,0, | 0,0,0, | 
(7776)	1,0,0, | 0,0,0, | 
(10584)	1,2,1, | 0,0,0, | 
(49)	0,0,0, | 1,2,1, | 
(7812)	1,0,0, | 1,0,0, | 
(0)	0,0,0, | 0,0,0, | 
(10584)	1,2,1, | 0,0,0, | 
(7812)	1,0,0, | 1,0,0, | 
(0)	0,0,0, | 0,0,0, | 
(0)	0,0,0, | 0,0,0, | 
(0)	0,0,0, | 0,0,0, | 
(0)	0,0,0, | 0,0,0, | 
(49)	0,0,0, | 1,2,1, | 
(49)	0,0,0, | 1,2,1, | 
(36)	0,0,0, | 1,0,0, | 
(49)	0,0,0, | 1,2,1, | 
(49)	0,0,0, | 1,2,1, | 
(36)	0,0,0, | 1,0,0, | 
(36)	0,0,0, | 1,0,0, | 
(36)	0,0,0, | 1,0,0, | 
(36)	0,0,0, | 1,0,0, | 
(36)	0,0,0, | 1,0,0, | 
(36)	0,0,0, | 1,0,0, | 
(0)	0,0,0, | 0,0,0, | 
(0)	0,0,0, | 0,0,0, | 
(0)	0,0,0, | 0,0,0, | 
(0)	0,0,0, | 0,0,0, | 
(0)	0,0,0, | 0,0,0, | 
(0)	0,0,0, | 0,0,0, | 
(0)	0,0,0, | 0,0,0, | 
(0)	0,0,0, | 0,0,0, | 
(0)	0,0,0, | 0,0,0, | 
(0)	0,0,0, | 0,0,0, | 
(0)	0,0,0, | 0,0,0, | 
(10585)	1,2,1, | 0,0,1, | 
(7776)	1,0,0, | 0,0,0, | 
(7776)	1,0,0, | 0,0,0, | 
(7776)	1,0,0, | 0,0,0, | 
(7776)	1,0,0, | 0,0,0, | 
(7776)	1,0,0, | 0,0,0, | 
(7776)	1,0,0, | 0,0,0, | 
(7776)	1,0,0, | 0,0,0, | 
(10584)	1,2,1, | 0,0,0, | 
(49)	0,0,0, | 1,2,1, | 
(7812)	1,0,0, | 1,0,0, | 
(0)	0,0,0, | 0,0,0, | 
(10584)	1,2,1, | 0,0,0, | 
(7812)	1,0,0, | 1,0,0, | 
(0)	0,0,0, | 0,0,0, | 
(0)	0,0,0, | 0,0,0, | 
(0)	0,0,0, | 0,0,0, | 
(0)	0,0,0, | 0,0,0, | 
(49)	0,0,0, | 1,2,1, | 
(49)	0,0,0, | 1,2,1, | 
(36)	0,0,0, | 1,0,0, | 
(49)	0,0,0, | 1,2,1, | 
(49)	0,0,0, | 1,2,1, | 
(36)	0,0,0, | 1,0,0, | 
(36)	0,0,0, | 1,0,0, | 
(36)	0,0,0, | 1,0,0, | 
(36)	0,0,0, | 1,0,0, | 
(36)	0,0,0, | 1,0,0, | 
(36)	0,0,0, | 1,0,0, | 
(0)	0,0,0, | 0,0,0, | 
(0)	0,0,0, | 0,0,0, | 
(0)	0,0,0, | 0,0,0, | 
(0)	0,0,0, | 0,0,0, | 
(0)	0,0,0, | 0,0,0, | 
(0)	0,0,0, | 0,0,0, | 
(0)	0,0,0, | 0,0,0, | 
(0)	0,0,0, | 0,0,0, | 
(0)	0,0,0, | 0,0,0, | 
(0)	0,0,0, | 0,0,0, | 
(0)	0,0,0, | 0,0,0, | 
(10585)	1,2,1, | 0,0,1, | 
(7776)	1,0,0, | 0,0,0, | 
(7776)	1,0,0, | 0,0,0, | 
(7776)	1,0,0, | 0,0,0, | 
(7776)	1,0,0, | 0,0,0, | 
(7776)	1,0,0, | 0,0,0, | 
(7776)	1,0,0, | 0,0,0, | 
(7776)	1,0,0, | 0,0,0, | 
(10584)	1,2,1, | 0,0,0, | 
(49)	0,0,0, | 1,2,1, | 
(7812)	1,0,0, | 1,0,0, | 
(0)	0,0,0, | 0,0,0, | 
(10584)	1,2,1, | 0,0,0, | 
(7812)	1,0,0, | 1,0,0, | 
(0)	0,0,0, | 0,0,0, | 
(0)	0,0,0, | 0,0,0, | 
(0)	0,0,0, | 0,0,0, | 
(0)	0,0,0, | 0,0,0, | 
(49)	0,0,0, | 1,2,1, | 
(49)	0,0,0, | 1,2,1, | 
(36)	0,0,0, | 1,0,0, | 
(49)	0,0,0, | 1,2,1, | 
(49)	0,0,0, | 1,2,1, | 
(36)	0,0,0, | 1,0,0, | 
(36)	0,0,0, | 1,0,0, | 
(36)	0,0,0, | 1,0,0, | 
(36)	0,0,0, | 1,0,0, | 
(36)	0,0,0, | 1,0,0, | 
(36)	0,0,0, | 1,0,0, | 
(0)	0,0,0, | 0,0,0, | 
(0)	0,0,0, | 0,0,0, | 
(0)	0,0,0, | 0,0,0, | 
(0)	0,0,0, | 0,0,0, | 
(0)	0,0,0, | 0,0,0, | 
(0)	0,0,0, | 0,0,0, | 
(0)	0,0,0, | 0,0,0, | 
(0)	0,0,0, | 0,0,0, | 
(0)	0,0,0, | 0,0,0, | 
(0)	0,0,0, | 0,0,0, | 
(0)	0,0,0, | 0,0,0, | 
(10585)	1,2,1, | 0,0,1, | 
(7776)	1,0,0, | 0,0,0, | 
(7776)	1,0,0, | 0,0,0, | 
(7776)	1,0,0, | 0,0,0, | 
(7776)	1,0,0, | 0,0,0, | 
(7776)	1,0,0, | 0,0,0, | 
(7776)	1,0,0, | 0,0,0, | 
(7776)	1,0,0, | 0,0,0, | 
(10584)	1,2,1, | 0,0,0, | 
(49)	0,0,0, | 1,2,1, | 
(7812)	1,0,0, | 1,0,0, | 
(0)	0,0,0, | 0,0,0, | 
(10584)	1,2,1, | 0,0,0, | 
(7812)	1,0,0, | 1,0,0, | 
(0)	0,0,0, | 0,0,0, | 
(0)	0,0,0, | 0,0,0, | 
(0)	0,0,0, | 0,0,0, | 
(0)	0,0,0, | 0,0,0, | 
(49)	0,0,0, | 1,2,1, | 
(49)	0,0,0, | 1,2,1, | 
(36)	0,0,0, | 1,0,0, | 
(49)	0,0,0, | 1,2,1, | 
(49)	0,0,0, | 1,2,1, | 
(36)	0,0,0, | 1,0,0, | 
(36)	0,0,0, | 1,0,0, | 
(36)	0,0,0, | 1,0,0, | 
(36)	0,0,0, | 1,0,0, | 
(36)	0,0,0, | 1,0,0, | 
(36)	0,0,0, | 1,0,0, | 
(0)	0,0,0, | 0,0,0, | 
(213)	0,0,0, | 5,5,3, | 
(213)	0,0,0, | 5,5,3, | 
(213)	0,0,0, | 5,5,3, | 
(213)	0,0,0, | 5,5,3, | 
(213)	0,0,0, | 5,5,3, | 
(213)	0,0,0, | 5,5,3, | 
(213)	0,0,0, | 5,5,3, | 
(213)	0,0,0, | 5,5,3, | 
(213)	0,0,0, | 5,5,3, | 
(213)	0,0,0, | 5,5,3, | 
(7989)	1,0,0, | 5,5,3, | 
(7989)	1,0,0, | 5,5,3, | 
(7989)	1,0,0, | 5,5,3, | 
(7989)	1,0,0, | 5,5,3, | 
(7776)	1,0,0, | 0,0,0, | 
(7776)	1,0,0, | 0,0,0, | 
(7776)	1,0,0, | 0,0,0, | 
(7776)	1,0,0, | 0,0,0, | 
(10584)	1,2,1, | 0,0,0, | 
(49)	0,0,0, | 1,2,1, | 
(10584)	1,2,1, | 0,0,0, | 
(10620)	1,2,1, | 1,0,0, | 
(10584)	1,2,1, | 0,0,0, | 
(10584)	1,2,1, | 0,0,0, | 
(10584)	1,2,1, | 0,0,0, | 
(10584)	1,2,1, | 0,0,0, | 
(10620)	1,2,1, | 1,0,0, | 
(10584)	1,2,1, | 0,0,0, | 
(10620)	1,2,1, | 1,0,0, | 
(10620)	1,2,1, | 1,0,0, | 
(10620)	1,2,1, | 1,0,0, | 
(0)	0,0,0, | 0,0,0, | 
(0)	0,0,0, | 0,0,0, | 
(36)	0,0,0, | 1,0,0, | 
(0)	0,0,0, | 0,0,0, | 
(85)	0,0,0, | 2,2,1, | 
(49)	0,0,0, | 1,2,1, | 
(0)	0,0,0, | 0,0,0, | 
(49)	0,0,0, | 1,2,1, | 
(0)	0,0,0, | 0,0,0, | 
(0)	0,0,0, | 0,0,0, | 
(0)	0,0,0, | 0,0,0, | 
(0)	0,0,0, | 0,0,0, | 
(0)	0,0,0, | 0,0,0, | 
(0)	0,0,0, | 0,0,0, | 
(0)	0,0,0, | 0,0,0, | 
(0)	0,0,0, | 0,0,0, | 
(0)	0,0,0, | 0,0,0, | 
(0)	0,0,0, | 0,0,0, | 
(0)	0,0,0, | 0,0,0, | 
(10585)	1,2,1, | 0,0,1, | 
(7776)	1,0,0, | 0,0,0, | 
(7776)	1,0,0, | 0,0,0, | 
(7776)	1,0,0, | 0,0,0, | 
(7776)	1,0,0, | 0,0,0, | 
(7776)	1,0,0, | 0,0,0, | 
(7776)	1,0,0, | 0,0,0, | 
(7776)	1,0,0, | 0,0,0, | 
(10584)	1,2,1, | 0,0,0, | 
(49)	0,0,0, | 1,2,1, | 
(7812)	1,0,0, | 1,0,0, | 
(0)	0,0,0, | 0,0,0, | 
(10584)	1,2,1, | 0,0,0, | 
(7812)	1,0,0, | 1,0,0, | 
(0)	0,0,0, | 0,0,0, | 
(0)	0,0,0, | 0,0,0, | 
(0)	0,0,0, | 0,0,0, | 
(0)	0,0,0, | 0,0,0, | 
(49)	0,0,0, | 1,2,1, | 
(49)	0,0,0, | 1,2,1, | 
(121)	0,0,0, | 3,2,1, | 
(134)	0,0,0, | 3,4,2, | 
(49)	0,0,0, | 1,2,1, | 
(85)	0,0,0, | 2,2,1, | 
(134)	0,0,0, | 3,4,2, | 
(85)	0,0,0, | 2,2,1, | 
(134)	0,0,0, | 3,4,2, | 
(36)	0,0,0, | 1,0,0, | 
(36)	0,0,0, | 1,0,0, | 
(0)	0,0,0, | 0,0,0, | 
(0)	0,0,0, | 0,0,0, | 
(0)	0,0,0, | 0,0,0, | 
(0)	0,0,0, | 0,0,0, | 
(0)	0,0,0, | 0,0,0, | 
(0)	0,0,0, | 0,0,0, | 
(0)	0,0,0, | 0,0,0, | 
(0)	0,0,0, | 0,0,0, | 
(0)	0,0,0, | 0,0,0, | 
(0)	0,0,0, | 0,0,0, | 
(0)	0,0,0, | 0,0,0, | 
(10585)	1,2,1, | 0,0,1, | 
(7776)	1,0,0, | 0,0,0, | 
(7776)	1,0,0, | 0,0,0, | 
(7776)	1,0,0, | 0,0,0, | 
(7776)	1,0,0, | 0,0,0, | 
(7776)	1,0,0, | 0,0,0, | 
(7776)	1,0,0, | 0,0,0, | 
(7776)	1,0,0, | 0,0,0, | 
(10584)	1,2,1, | 0,0,0, | 
(49)	0,0,0, | 1,2,1, | 
(7812)	1,0,0, | 1,0,0, | 
(0)	0,0,0, | 0,0,0, | 
(10584)	1,2,1, | 0,0,0, | 
(7812)	1,0,0, | 1,0,0, | 
(0)	0,0,0, | 0,0,0, | 
(0)	0,0,0, | 0,0,0, | 
(0)	0,0,0, | 0,0,0, | 
(0)	0,0,0, | 0,0,0, | 
(49)	0,0,0, | 1,2,1, | 
(49)	0,0,0, | 1,2,1, | 
(36)	0,0,0, | 1,0,0, | 
(49)	0,0,0, | 1,2,1, | 
(49)	0,0,0, | 1,2,1, | 
(36)	0,0,0, | 1,0,0, | 
(36)	0,0,0, | 1,0,0, | 
(36)	0,0,0, | 1,0,0, | 
(36)	0,0,0, | 1,0,0, | 
(36)	0,0,0, | 1,0,0, | 
(36)	0,0,0, | 1,0,0, | 
(0)	0,0,0, | 0,0,0, | 
(0)	0,0,0, | 0,0,0, | 
(0)	0,0,0, | 0,0,0, | 
(0)	0,0,0, | 0,0,0, | 
(0)	0,0,0, | 0,0,0, | 
(0)	0,0,0, | 0,0,0, | 
(0)	0,0,0, | 0,0,0, | 
(0)	0,0,0, | 0,0,0, | 
(0)	0,0,0, | 0,0,0, | 
(0)	0,0,0, | 0,0,0, | 
(0)	0,0,0, | 0,0,0, | 
(10585)	1,2,1, | 0,0,1, | 
(7776)	1,0,0, | 0,0,0, | 
(7776)	1,0,0, | 0,0,0, | 
(7776)	1,0,0, | 0,0,0, | 
(7776)	1,0,0, | 0,0,0, | 
(7776)	1,0,0, | 0,0,0, | 
(7776)	1,0,0, | 0,0,0, | 
(7776)	1,0,0, | 0,0,0, | 
(10584)	1,2,1, | 0,0,0, | 
(49)	0,0,0, | 1,2,1, | 
(7812)	1,0,0, | 1,0,0, | 
(0)	0,0,0, | 0,0,0, | 
(10584)	1,2,1, | 0,0,0, | 
(7812)	1,0,0, | 1,0,0, | 
(0)	0,0,0, | 0,0,0, | 
(0)	0,0,0, | 0,0,0, | 
(0)	0,0,0, | 0,0,0, | 
(0)	0,0,0, | 0,0,0, | 
(49)	0,0,0, | 1,2,1, | 
(49)	0,0,0, | 1,2,1, | 
(36)	0,0,0, | 1,0,0, | 
(49)	0,0,0, | 1,2,1, | 
(49)	0,0,0, | 1,2,1, | 
(36)	0,0,0, | 1,0,0, | 
(36)	0,0,0, | 1,0,0, | 
(36)	0,0,0, | 1,0,0, | 
(36)	0,0,0, | 1,0,0, | 
(36)	0,0,0, | 1,0,0, | 
(36)	0,0,0, | 1,0,0, | 
(0)	0,0,0, | 0,0,0, | 
(0)	0,0,0, | 0,0,0, | 
(0)	0,0,0, | 0,0,0, | 
(0)	0,0,0, | 0,0,0, | 
(0)	0,0,0, | 0,0,0, | 
(0)	0,0,0, | 0,0,0, | 
(0)	0,0,0, | 0,0,0, | 
(0)	0,0,0, | 0,0,0, | 
(0)	0,0,0, | 0,0,0, | 
(0)	0,0,0, | 0,0,0, | 
(0)	0,0,0, | 0,0,0, | 
(10585)	1,2,1, | 0,0,1, | 
(7776)	1,0,0, | 0,0,0, | 
(7776)	1,0,0, | 0,0,0, | 
(7776)	1,0,0, | 0,0,0, | 
(7776)	1,0,0, | 0,0,0, | 
(7776)	1,0,0, | 0,0,0, | 
(7776)	1,0,0, | 0,0,0, | 
(7776)	1,0,0, | 0,0,0, | 
(10584)	1,2,1, | 0,0,0, | 
(49)	0,0,0, | 1,2,1, | 
(7812)	1,0,0, | 1,0,0, | 
(0)	0,0,0, | 0,0,0, | 
(10584)	1,2,1, | 0,0,0, | 
(7812)	1,0,0, | 1,0,0, | 
(0)	0,0,0, | 0,0,0, | 
(0)	0,0,0, | 0,0,0, | 
(0)	0,0,0, | 0,0,0, | 
(0)	0,0,0, | 0,0,0, | 
(49)	0,0,0, | 1,2,1, | 
(49)	0,0,0, | 1,2,1, | 
(36)	0,0,0, | 1,0,0, | 
(49)	0,0,0, | 1,2,1, | 
(49)	0,0,0, | 1,2,1, | 
(36)	0,0,0, | 1,0,0, | 
(36)	0,0,0, | 1,0,0, | 
(36)	0,0,0, | 1,0,0, | 
(36)	0,0,0, | 1,0,0, | 
(36)	0,0,0, | 1,0,0, | 
(36)	0,0,0, | 1,0,0, | 
(0)	0,0,0, | 0,0,0, | 
(0)	0,0,0, | 0,0,0, | 
(0)	0,0,0, | 0,0,0, | 
(0)	0,0,0, | 0,0,0, | 
(0)	0,0,0, | 0,0,0, | 
(0)	0,0,0, | 0,0,0, | 
(0)	0,0,0, | 0,0,0, | 
(0)	0,0,0, | 0,0,0, | 
(0)	0,0,0, | 0,0,0, | 
(0)	0,0,0, | 0,0,0, | 
(0)	0,0,0, | 0,0,0, | 
(10585)	1,2,1, | 0,0,1, | 
(7776)	1,0,0, | 0,0,0, | 
(7776)	1,0,0, | 0,0,0, | 
(7776)	1,0,0, | 0,0,0, | 
(7776)	1,0,0, | 0,0,0, | 
(7776)	1,0,0, | 0,0,0, | 
(7776)	1,0,0, | 0,0,0, | 
(7776)	1,0,0, | 0,0,0, | 
(10584)	1,2,1, | 0,0,0, | 
(49)	0,0,0, | 1,2,1, | 
(7812)	1,0,0, | 1,0,0, | 
(0)	0,0,0, | 0,0,0, | 
(10584)	1,2,1, | 0,0,0, | 
(7812)	1,0,0, | 1,0,0, | 
(0)	0,0,0, | 0,0,0, | 
(0)	0,0,0, | 0,0,0, | 
(0)	0,0,0, | 0,0,0, | 
(0)	0,0,0, | 0,0,0, | 
(49)	0,0,0, | 1,2,1, | 
(49)	0,0,0, | 1,2,1, | 
(36)	0,0,0, | 1,0,0, | 
(49)	0,0,0, | 1,2,1, | 
(49)	0,0,0, | 1,2,1, | 
(36)	0,0,0, | 1,0,0, | 
(36)	0,0,0, | 1,0,0, | 
(36)	0,0,0, | 1,0,0, | 
(36)	0,0,0, | 1,0,0, | 
(36)	0,0,0, | 1,0,0, | 
(36)	0,0,0, | 1,0,0, | 
(0)	0,0,0, | 0,0,0, | 
(213)	0,0,0, | 5,5,3, | 
(213)	0,0,0, | 5,5,3, | 
(213)	0,0,0, | 5,5,3, | 
(213)	0,0,0, | 5,5,3, | 
(213)	0,0,0, | 5,5,3, | 
(213)	0,0,0, | 5,5,3, | 
(213)	0,0,0, | 5,5,3, | 
(213)	0,0,0, | 5,5,3, | 
(213)	0,0,0, | 5,5,3, | 
(213)	0,0,0, | 5,5,3, | 
(7989)	1,0,0, | 5,5,3, | 
(7989)	1,0,0, | 5,5,3, | 
(7989)	1,0,0, | 5,5,3, | 
(7989)	1,0,0, | 5,5,3, | 
(7776)	1,0,0, | 0,0,0, | 
(7776)	1,0,0, | 0,0,0, | 
(7776)	1,0,0, | 0,0,0, | 
(7776)	1,0,0, | 0,0,0, | 
(10584)	1,2,1, | 0,0,0, | 
(49)	0,0,0, | 1,2,1, | 
(10584)	1,2,1, | 0,0,0, | 
(10620)	1,2,1, | 1,0,0, | 
(10584)	1,2,1, | 0,0,0, | 
(10584)	1,2,1, | 0,0,0, | 
(10584)	1,2,1, | 0,0,0, | 
(10584)	1,2,1, | 0,0,0, | 
(10620)	1,2,1, | 1,0,0, | 
(10584)	1,2,1, | 0,0,0, | 
(10620)	1,2,1, | 1,0,0, | 
(10620)	1,2,1, | 1,0,0, | 
(10620)	1,2,1, | 1,0,0, | 
(0)	0,0,0, | 0,0,0, | 
(0)	0,0,0, | 0,0,0, | 
(36)	0,0,0, | 1,0,0, | 
(0)	0,0,0, | 0,0,0, | 
(85)	0,0,0, | 2,2,1, | 
(49)	0,0,0, | 1,2,1, | 
(0)	0,0,0, | 0,0,0, | 
(49)	0,0,0, | 1,2,1, | 
(0)	0,0,0, | 0,0,0, | 
(0)	0,0,0, | 0,0,0, | 
(0)	0,0,0, | 0,0,0, | 
(0)	0,0,0, | 0,0,0, | 
(0)	0,0,0, | 0,0,0, | 
(0)	0,0,0, | 0,0,0, | 
(0)	0,0,0, | 0,0,0, | 
(0)	0,0,0, | 0,0,0, | 
(0)	0,0,0, | 0,0,0, | 
(0)	0,0,0, | 0,0,0, | 
(0)	0,0,0, | 0,0,0, | 
(10585)	1,2,1, | 0,0,1, | 
(7776)	1,0,0, | 0,0,0, | 
(7776)	1,0,0, | 0,0,0, | 
(7776)	1,0,0, | 0,0,0, | 
(7776)	1,0,0, | 0,0,0, | 
(7776)	1,0,0, | 0,0,0, | 
(7776)	1,0,0, | 0,0,0, | 
(7776)	1,0,0, | 0,0,0, | 
(10584)	1,2,1, | 0,0,0, | 
(49)	0,0,0, | 1,2,1, | 
(7812)	1,0,0, | 1,0,0, | 
(0)	0,0,0, | 0,0,0, | 
(10584)	1,2,1, | 0,0,0, | 
(7812)	1,0,0, | 1,0,0, | 
(0)	0,0,0, | 0,0,0, | 
(0)	0,0,0, | 0,0,0, | 
(0)	0,0,0, | 0,0,0, | 
(0)	0,0,0, | 0,0,0, | 
(49)	0,0,0, | 1,2,1, | 
(49)	0,0,0, | 1,2,1, | 
(121)	0,0,0, | 3,2,1, | 
(134)	0,0,0, | 3,4,2, | 
(49)	0,0,0, | 1,2,1, | 
(85)	0,0,0, | 2,2,1, | 
(134)	0,0,0, | 3,4,2, | 
(85)	0,0,0, | 2,2,1, | 
(134)	0,0,0, | 3,4,2, | 
(36)	0,0,0, | 1,0,0, | 
(36)	0,0,0, | 1,0,0, | 
(0)	0,0,0, | 0,0,0, | 
(0)	0,0,0, | 0,0,0, | 
(0)	0,0,0, | 0,0,0, | 
(0)	0,0,0, | 0,0,0, | 
(0)	0,0,0, | 0,0,0, | 
(0)	0,0,0, | 0,0,0, | 
(0)	0,0,0, | 0,0,0, | 
(0)	0,0,0, | 0,0,0, | 
(0)	0,0,0, | 0,0,0, | 
(0)	0,0,0, | 0,0,0, | 
(0)	0,0,0, | 0,0,0, | 
(10585)	1,2,1, | 0,0,1, | 
(7776)	1,0,0, | 0,0,0, | 
(7776)	1,0,0, | 0,0,0, | 
(7776)	1,0,0, | 0,0,0, | 
(7776)	1,0,0, | 0,0,0, | 
(7776)	1,0,0, | 0,0,0, | 
(7776)	1,0,0, | 0,0,0, | 
(7776)	1,0,0, | 0,0,0, | 
(10584)	1,2,1, | 0,0,0, | 
(49)	0,0,0, | 1,2,1, | 
(7812)	1,0,0, | 1,0,0, | 
(0)	0,0,0, | 0,0,0, | 
(10584)	1,2,1, | 0,0,0, | 
(7812)	1,0,0, | 1,0,0, | 
(0)	0,0,0, | 0,0,0, | 
(0)	0,0,0, | 0,0,0, | 
(0)	0,0,0, | 0,0,0, | 
(0)	0,0,0, | 0,0,0, | 
(49)	0,0,0, | 1,2,1, | 
(49)	0,0,0, | 1,2,1, | 
(36)	0,0,0, | 1,0,0, | 
(49)	0,0,0, | 1,2,1, | 
(49)	0,0,0, | 1,2,1, | 
(36)	0,0,0, | 1,0,0, | 
(36)	0,0,0, | 1,0,0, | 
(36)	0,0,0, | 1,0,0, | 
(36)	0,0,0, | 1,0,0, | 
(36)	0,0,0, | 1,0,0, | 
(36)	0,0,0, | 1,0,0, | 
(0)	0,0,0, | 0,0,0, | 
(0)	0,0,0, | 0,0,0, | 
(0)	0,0,0, | 0,0,0, | 
(0)	0,0,0, | 0,0,0, | 
(0)	0,0,0, | 0,0,0, | 
(0)	0,0,0, | 0,0,0, | 
(0)	0,0,0, | 0,0,0, | 
(0)	0,0,0, | 0,0,0, | 
(0)	0,0,0, | 0,0,0, | 
(0)	0,0,0, | 0,0,0, | 
(0)	0,0,0, | 0,0,0, | 
(10585)	1,2,1, | 0,0,1, | 
(7776)	1,0,0, | 0,0,0, | 
(7776)	1,0,0, | 0,0,0, | 
(7776)	1,0,0, | 0,0,0, | 
(7776)	1,0,0, | 0,0,0, | 
(7776)	1,0,0, | 0,0,0, | 
(7776)	1,0,0, | 0,0,0, | 
(7776)	1,0,0, | 0,0,0, | 
(10584)	1,2,1, | 0,0,0, | 
(49)	0,0,0, | 1,2,1, | 
(7812)	1,0,0, | 1,0,0, | 
(0)	0,0,0, | 0,0,0, | 
(10584)	1,2,1, | 0,0,0, | 
(7812)	1,0,0, | 1,0,0, | 
(0)	0,0,0, | 0,0,0, | 
(0)	0,0,0, | 0,0,0, | 
(0)	0,0,0, | 0,0,0, | 
(0)	0,0,0, | 0,0,0, | 
(49)	0,0,0, | 1,2,1, | 
(49)	0,0,0, | 1,2,1, | 
(36)	0,0,0, | 1,0,0, | 
(49)	0,0,0, | 1,2,1, | 
(49)	0,0,0, | 1,2,1, | 
(36)	0,0,0, | 1,0,0, | 
(36)	0,0,0, | 1,0,0, | 
(36)	0,0,0, | 1,0,0, | 
(36)	0,0,0, | 1,0,0, | 
(36)	0,0,0, | 1,0,0, | 
(36)	0,0,0, | 1,0,0, | 
(0)	0,0,0, | 0,0,0, | 
(0)	0,0,0, | 0,0,0, | 
(0)	0,0,0, | 0,0,0, | 
(0)	0,0,0, | 0,0,0, | 
(0)	0,0,0, | 0,0,0, | 
(0)	0,0,0, | 0,0,0, | 
(0)	0,0,0, | 0,0,0, | 
(0)	0,0,0, | 0,0,0, | 
(0)	0,0,0, | 0,0,0, | 
(0)	0,0,0, | 0,0,0, | 
(0)	0,0,0, | 0,0,0, | 
(10585)	1,2,1, | 0,0,1, | 
(7776)	1,0,0, | 0,0,0, | 
(7776)	1,0,0, | 0,0,0, | 
(7776)	1,0,0, | 0,0,0, | 
(7776)	1,0,0, | 0,0,0, | 
(7776)	1,0,0, | 0,0,0, | 
(7776)	1,0,0, | 0,0,0, | 
(7776)	1,0,0, | 0,0,0, | 
(10584)	1,2,1, | 0,0,0, | 
(49)	0,0,0, | 1,2,1, | 
(7812)	1,0,0, | 1,0,0, | 
(0)	0,0,0, | 0,0,0, | 
(10584)	1,2,1, | 0,0,0, | 
(7812)	1,0,0, | 1,0,0, | 
(0)	0,0,0, | 0,0,0, | 
(0)	0,0,0, | 0,0,0, | 
(0)	0,0,0, | 0,0,0, | 
(0)	0,0,0, | 0,0,0, | 
(49)	0,0,0, | 1,2,1, | 
(49)	0,0,0, | 1,2,1, | 
(36)	0,0,0, | 1,0,0, | 
(49)	0,0,0, | 1,2,1, | 
(49)	0,0,0, | 1,2,1, | 
(36)	0,0,0, | 1,0,0, | 
(36)	0,0,0, | 1,0,0, | 
(36)	0,0,0, | 1,0,0, | 
(36)	0,0,0, | 1,0,0, | 
(36)	0,0,0, | 1,0,0, | 
(36)	0,0,0, | 1,0,0, | 
(0)	0,0,0, | 0,0,0, | 
(0)	0,0,0, | 0,0,0, | 
(0)	0,0,0, | 0,0,0, | 
(0)	0,0,0, | 0,0,0, | 
(0)	0,0,0, | 0,0,0, | 
(0)	0,0,0, | 0,0,0, | 
(0)	0,0,0, | 0,0,0, | 
(0)	0,0,0, | 0,0,0, | 
(0)	0,0,0, | 0,0,0, | 
(0)	0,0,0, | 0,0,0, | 
(0)	0,0,0, | 0,0,0, | 
(10585)	1,2,1, | 0,0,1, | 
(7776)	1,0,0, | 0,0,0, | 
(7776)	1,0,0, | 0,0,0, | 
(7776)	1,0,0, | 0,0,0, | 
(7776)	1,0,0, | 0,0,0, | 
(7776)	1,0,0, | 0,0,0, | 
(7776)	1,0,0, | 0,0,0, | 
(7776)	1,0,0, | 0,0,0, | 
(10584)	1,2,1, | 0,0,0, | 
(49)	0,0,0, | 1,2,1, | 
(7812)	1,0,0, | 1,0,0, | 
(0)	0,0,0, | 0,0,0, | 
(10584)	1,2,1, | 0,0,0, | 
(7812)	1,0,0, | 1,0,0, | 
(0)	0,0,0, | 0,0,0, | 
(0)	0,0,0, | 0,0,0, | 
(0)	0,0,0, | 0,0,0, | 
(0)	0,0,0, | 0,0,0, | 
(49)	0,0,0, | 1,2,1, | 
(49)	0,0,0, | 1,2,1, | 
(36)	0,0,0, | 1,0,0, | 
(49)	0,0,0, | 1,2,1, | 
(49)	0,0,0, | 1,2,1, | 
(36)	0,0,0, | 1,0,0, | 
(36)	0,0,0, | 1,0,0, | 
(36)	0,0,0, | 1,0,0, | 
(36)	0,0,0, | 1,0,0, | 
(36)	0,0,0, | 1,0,0, | 
(36)	0,0,0, | 1,0,0, | 
(0)	0,0,0, | 0,0,0, | 
(213)	0,0,0, | 5,5,3, | 
(213)	0,0,0, | 5,5,3, | 
(213)	0,0,0, | 5,5,3, | 
(213)	0,0,0, | 5,5,3, | 
(213)	0,0,0, | 5,5,3, | 
(213)	0,0,0, | 5,5,3, | 
(213)	0,0,0, | 5,5,3, | 
(213)	0,0,0, | 5,5,3, | 
(213)	0,0,0, | 5,5,3, | 
(213)	0,0,0, | 5,5,3, | 
(7989)	1,0,0, | 5,5,3, | 
(7989)	1,0,0, | 5,5,3, | 
(7989)	1,0,0, | 5,5,3, | 
(7989)	1,0,0, | 5,5,3, | 
(7776)	1,0,0, | 0,0,0, | 
(7776)	1,0,0, | 0,0,0, | 
(7776)	1,0,0, | 0,0,0, | 
(7776)	1,0,0, | 0,0,0, | 
(10584)	1,2,1, | 0,0,0, | 
(49)	0,0,0, | 1,2,1, | 
(10584)	1,2,1, | 0,0,0, | 
(10620)	1,2,1, | 1,0,0, | 
(10584)	1,2,1, | 0,0,0, | 
(10584)	1,2,1, | 0,0,0, | 
(10584)	1,2,1, | 0,0,0, | 
(10584)	1,2,1, | 0,0,0, | 
(10620)	1,2,1, | 1,0,0, | 
(10584)	1,2,1, | 0,0,0, | 
(10620)	1,2,1, | 1,0,0, | 
(10620)	1,2,1, | 1,0,0, | 
(10620)	1,2,1, | 1,0,0, | 
(0)	0,0,0, | 0,0,0, | 
(0)	0,0,0, | 0,0,0, | 
(36)	0,0,0, | 1,0,0, | 
(0)	0,0,0, | 0,0,0, | 
(85)	0,0,0, | 2,2,1, | 
(49)	0,0,0, | 1,2,1, | 
(0)	0,0,0, | 0,0,0, | 
(49)	0,0,0, | 1,2,1, | 
(0)	0,0,0, | 0,0,0, | 
(0)	0,0,0, | 0,0,0, | 
(0)	0,0,0, | 0,0,0, | 
(0)	0,0,0, | 0,0,0, | 
(0)	0,0,0, | 0,0,0, | 
(0)	0,0,0, | 0,0,0, | 
(0)	0,0,0, | 0,0,0, | 
(0)	0,0,0, | 0,0,0, | 
(0)	0,0,0, | 0,0,0, | 
(0)	0,0,0, | 0,0,0, | 
(0)	0,0,0, | 0,0,0, | 
(10585)	1,2,1, | 0,0,1, | 
(7776)	1,0,0, | 0,0,0, | 
(7776)	1,0,0, | 0,0,0, | 
(7776)	1,0,0, | 0,0,0, | 
(7776)	1,0,0, | 0,0,0, | 
(7776)	1,0,0, | 0,0,0, | 
(7776)	1,0,0, | 0,0,0, | 
(7776)	1,0,0, | 0,0,0, | 
(10584)	1,2,1, | 0,0,0, | 
(49)	0,0,0, | 1,2,1, | 
(7812)	1,0,0, | 1,0,0, | 
(0)	0,0,0, | 0,0,0, | 
(10584)	1,2,1, | 0,0,0, | 
(7812)	1,0,0, | 1,0,0, | 
(0)	0,0,0, | 0,0,0, | 
(0)	0,0,0, | 0,0,0, | 
(0)	0,0,0, | 0,0,0, | 
(0)	0,0,0, | 0,0,0, | 
(49)	0,0,0, | 1,2,1, | 
(49)	0,0,0, | 1,2,1, | 
(121)	0,0,0, | 3,2,1, | 
(134)	0,0,0, | 3,4,2, | 
(49)	0,0,0, | 1,2,1, | 
(85)	0,0,0, | 2,2,1, | 
(134)	0,0,0, | 3,4,2, | 
(85)	0,0,0, | 2,2,1, | 
(134)	0,0,0, | 3,4,2, | 
(36)	0,0,0, | 1,0,0, | 
(36)	0,0,0, | 1,0,0, | 
(0)	0,0,0, | 0,0,0, | 
(0)	0,0,0, | 0,0,0, | 
(0)	0,0,0, | 0,0,0, | 
(0)	0,0,0, | 0,0,0, | 
(0)	0,0,0, | 0,0,0, | 
(0)	0,0,0, | 0,0,0, | 
(0)	0,0,0, | 0,0,0, | 
(0)	0,0,0, | 0,0,0, | 
(0)	0,0,0, | 0,0,0, | 
(0)	0,0,0, | 0,0,0, | 
(0)	0,0,0, | 0,0,0, | 
(10585)	1,2,1, | 0,0,1, | 
(7776)	1,0,0, | 0,0,0, | 
(7776)	1,0,0, | 0,0,0, | 
(7776)	1,0,0, | 0,0,0, | 
(7776)	1,0,0, | 0,0,0, | 
(7776)	1,0,0, | 0,0,0, | 
(7776)	1,0,0, | 0,0,0, | 
(7776)	1,0,0, | 0,0,0, | 
(10584)	1,2,1, | 0,0,0, | 
(49)	0,0,0, | 1,2,1, | 
(7812)	1,0,0, | 1,0,0, | 
(0)	0,0,0, | 0,0,0, | 
(10584)	1,2,1, | 0,0,0, | 
(7812)	1,0,0, | 1,0,0, | 
(0)	0,0,0, | 0,0,0, | 
(0)	0,0,0, | 0,0,0, | 
(0)	0,0,0, | 0,0,0, | 
(0)	0,0,0, | 0,0,0, | 
(49)	0,0,0, | 1,2,1, | 
(49)	0,0,0, | 1,2,1, | 
(36)	0,0,0, | 1,0,0, | 
(49)	0,0,0, | 1,2,1, | 
(49)	0,0,0, | 1,2,1, | 
(36)	0,0,0, | 1,0,0, | 
(36)	0,0,0, | 1,0,0, | 
(36)	0,0,0, | 1,0,0, | 
(36)	0,0,0, | 1,0,0, | 
(36)	0,0,0, | 1,0,0, | 
(36)	0,0,0, | 1,0,0, | 
(0)	0,0,0, | 0,0,0, | 
(0)	0,0,0, | 0,0,0, | 
(0)	0,0,0, | 0,0,0, | 
(0)	0,0,0, | 0,0,0, | 
(0)	0,0,0, | 0,0,0, | 
(0)	0,0,0, | 0,0,0, | 
(0)	0,0,0, | 0,0,0, | 
(0)	0,0,0, | 0,0,0, | 
(0)	0,0,0, | 0,0,0, | 
(0)	0,0,0, | 0,0,0, | 
(0)	0,0,0, | 0,0,0, | 
(10585)	1,2,1, | 0,0,1, | 
(7776)	1,0,0, | 0,0,0, | 
(7776)	1,0,0, | 0,0,0, | 
(7776)	1,0,0, | 0,0,0, | 
(7776)	1,0,0, | 0,0,0, | 
(7776)	1,0,0, | 0,0,0, | 
(7776)	1,0,0, | 0,0,0, | 
(7776)	1,0,0, | 0,0,0, | 
(10584)	1,2,1, | 0,0,0, | 
(49)	0,0,0, | 1,2,1, | 
(7812)	1,0,0, | 1,0,0, | 
(0)	0,0,0, | 0,0,0, | 
(10584)	1,2,1, | 0,0,0, | 
(7812)	1,0,0, | 1,0,0, | 
(0)	0,0,0, | 0,0,0, | 
(0)	0,0,0, | 0,0,0, | 
(0)	0,0,0, | 0,0,0, | 
(0)	0,0,0, | 0,0,0, | 
(49)	0,0,0, | 1,2,1, | 
(49)	0,0,0, | 1,2,1, | 
(36)	0,0,0, | 1,0,0, | 
(49)	0,0,0, | 1,2,1, | 
(49)	0,0,0, | 1,2,1, | 
(36)	0,0,0, | 1,0,0, | 
(36)	0,0,0, | 1,0,0, | 
(36)	0,0,0, | 1,0,0, | 
(36)	0,0,0, | 1,0,0, | 
(36)	0,0,0, | 1,0,0, | 
(36)	0,0,0, | 1,0,0, | 
(0)	0,0,0, | 0,0,0, | 
(0)	0,0,0, | 0,0,0, | 
(0)	0,0,0, | 0,0,0, | 
(0)	0,0,0, | 0,0,0, | 
(0)	0,0,0, | 0,0,0, | 
(0)	0,0,0, | 0,0,0, | 
(0)	0,0,0, | 0,0,0, | 
(0)	0,0,0, | 0,0,0, | 
(0)	0,0,0, | 0,0,0, | 
(0)	0,0,0, | 0,0,0, | 
(0)	0,0,0, | 0,0,0, | 
(10585)	1,2,1, | 0,0,1, | 
(7776)	1,0,0, | 0,0,0, | 
(7776)	1,0,0, | 0,0,0, | 
(7776)	1,0,0, | 0,0,0, | 
(7776)	1,0,0, | 0,0,0, | 
(7776)	1,0,0, | 0,0,0, | 
(7776)	1,0,0, | 0,0,0, | 
(7776)	1,0,0, | 0,0,0, | 
(10584)	1,2,1, | 0,0,0, | 
(49)	0,0,0, | 1,2,1, | 
(7812)	1,0,0, | 1,0,0, | 
(0)	0,0,0, | 0,0,0, | 
(10584)	1,2,1, | 0,0,0, | 
(7812)	1,0,0, | 1,0,0, | 
(0)	0,0,0, | 0,0,0, | 
(0)	0,0,0, | 0,0,0, | 
(0)	0,0,0, | 0,0,0, | 
(0)	0,0,0, | 0,0,0, | 
(49)	0,0,0, | 1,2,1, | 
(49)	0,0,0, | 1,2,1, | 
(36)	0,0,0, | 1,0,0, | 
(49)	0,0,0, | 1,2,1, | 
(49)	0,0,0, | 1,2,1, | 
(36)	0,0,0, | 1,0,0, | 
(36)	0,0,0, | 1,0,0, | 
(36)	0,0,0, | 1,0,0, | 
(36)	0,0,0, | 1,0,0, | 
(36)	0,0,0, | 1,0,0, | 
(36)	0,0,0, | 1,0,0, | 
(0)	0,0,0, | 0,0,0, | 
(0)	0,0,0, | 0,0,0, | 
(0)	0,0,0, | 0,0,0, | 
(0)	0,0,0, | 0,0,0, | 
(0)	0,0,0, | 0,0,0, | 
(0)	0,0,0, | 0,0,0, | 
(0)	0,0,0, | 0,0,0, | 
(0)	0,0,0, | 0,0,0, | 
(0)	0,0,0, | 0,0,0, | 
(0)	0,0,0, | 0,0,0, | 
(0)	0,0,0, | 0,0,0, | 
(10585)	1,2,1, | 0,0,1, | 
(7776)	1,0,0, | 0,0,0, | 
(7776)	1,0,0, | 0,0,0, | 
(7776)	1,0,0, | 0,0,0, | 
(7776)	1,0,0, | 0,0,0, | 
(7776)	1,0,0, | 0,0,0, | 
(7776)	1,0,0, | 0,0,0, | 
(7776)	1,0,0, | 0,0,0, | 
(10584)	1,2,1, | 0,0,0, | 
(49)	0,0,0, | 1,2,1, | 
(7812)	1,0,0, | 1,0,0, | 
(0)	0,0,0, | 0,0,0, | 
(10584)	1,2,1, | 0,0,0, | 
(7812)	1,0,0, | 1,0,0, | 
(0)	0,0,0, | 0,0,0, | 
(0)	0,0,0, | 0,0,0, | 
(0)	0,0,0, | 0,0,0, | 
(0)	0,0,0, | 0,0,0, | 
(49)	0,0,0, | 1,2,1, | 
(49)	0,0,0, | 1,2,1, | 
(36)	0,0,0, | 1,0,0, | 
(49)	0,0,0, | 1,2,1, | 
(49)	0,0,0, | 1,2,1, | 
(36)	0,0,0, | 1,0,0, | 
(36)	0,0,0, | 1,0,0, | 
(36)	0,0,0, | 1,0,0, | 
(36)	0,0,0, | 1,0,0, | 
(36)	0,0,0, | 1,0,0, | 
(36)	0,0,0, | 1,0,0, | 
