(36)	0,0,0, | 1,0,0, | 
(0)	0,0,0, | 0,0,0, | 
(216)	0,0,1, | 0,0,0, | 
(0)	0,0,0, | 0,0,0, | 
(0)	0,0,0, | 0,0,0, | 
(216)	0,0,1, | 0,0,0, | 
(0)	0,0,0, | 0,0,0, | 
(216)	0,0,1, | 0,0,0, | 
(216)	0,0,1, | 0,0,0, | 
(7992)	1,0,1, | 0,0,0, | 
(7992)	1,0,1, | 0,0,0, | 
(7776)	1,0,0, | 0,0,0, | 
(7776)	1,0,0, | 0,0,0, | 
(7776)	1,0,0, | 0,0,0, | 
(7776)	1,0,0, | 0,0,0, | 
(7776)	1,0,0, | 0,0,0, | 
(7776)	1,0,0, | 0,0,0, | 
(7776)	1,0,0, | 0,0,0, | 
(7776)	1,0,0, | 0,0,0, | 
(7776)	1,0,0, | 0,0,0, | 
(7776)	1,0,0, | 0,0,0, | 
(7776)	1,0,0, | 0,0,0, | 
(7776)	1,0,0, | 0,0,0, | 
(36)	0,0,0, | 1,0,0, | 
(36)	0,0,0, | 1,0,0, | 
(36)	0,0,0, | 1,0,0, | 
(36)	0,0,0, | 1,0,0, | 
(36)	0,0,0, | 1,0,0, | 
(36)	0,0,0, | 1,0,0, | 
(36)	0,0,0, | 1,0,0, | 
(36)	0,0,0, | 1,0,0, | 
(0)	0,0,0, | 0,0,0, | 
(0)	0,0,0, | 0,0,0, | 
(36)	0,0,0, | 1,0,0, | 
(36)	0,0,0, | 1,0,0, | 
(0)	0,0,0, | 0,0,0, | 
(55)	0,0,0, | 1,3,1, | 
(49)	0,0,0, | 1,2,1, | 
(49)	0,0,0, | 1,2,1, | 
(49)	0,0,0, | 1,2,1, | 
(49)	0,0,0, | 1,2,1, | 
(49)	0,0,0, | 1,2,1, | 
(49)	0,0,0, | 1,2,1, | 
(49)	0,0,0, | 1,2,1, | 
(49)	0,0,0, | 1,2,1, | 
(49)	0,0,0, | 1,2,1, | 
(49)	0,0,0, | 1,2,1, | 
(49)	0,0,0, | 1,2,1, | 
(49)	0,0,0, | 1,2,1, | 
(49)	0,0,0, | 1,2,1, | 
(49)	0,0,0, | 1,2,1, | 
(49)	0,0,0, | 1,2,1, | 
(49)	0,0,0, | 1,2,1, | 
(49)	0,0,0, | 1,2,1, | 
(7789)	1,0,0, | 0,2,1, | 
(7789)	1,0,0, | 0,2,1, | 
(7825)	1,0,0, | 1,2,1, | 
(7825)	1,0,0, | 1,2,1, | 
(7825)	1,0,0, | 1,2,1, | 
(7796)	1,0,0, | 0,3,2, | 
(7832)	1,0,0, | 1,3,2, | 
(7832)	1,0,0, | 1,3,2, | 
(7825)	1,0,0, | 1,2,1, | 
(7789)	1,0,0, | 0,2,1, | 
(7789)	1,0,0, | 0,2,1, | 
(7789)	1,0,0, | 0,2,1, | 
(7796)	1,0,0, | 0,3,2, | 
(7796)	1,0,0, | 0,3,2, | 
(7789)	1,0,0, | 0,2,1, | 
(7796)	1,0,0, | 0,3,2, | 
(7796)	1,0,0, | 0,3,2, | 
(7789)	1,0,0, | 0,2,1, | 
(104)	0,0,0, | 2,5,2, | 
(62)	0,0,0, | 1,4,2, | 
(62)	0,0,0, | 1,4,2, | 
(62)	0,0,0, | 1,4,2, | 
(62)	0,0,0, | 1,4,2, | 
(62)	0,0,0, | 1,4,2, | 
(62)	0,0,0, | 1,4,2, | 
(62)	0,0,0, | 1,4,2, | 
(62)	0,0,0, | 1,4,2, | 
(62)	0,0,0, | 1,4,2, | 
(62)	0,0,0, | 1,4,2, | 
(62)	0,0,0, | 1,4,2, | 
(62)	0,0,0, | 1,4,2, | 
(62)	0,0,0, | 1,4,2, | 
(62)	0,0,0, | 1,4,2, | 
(62)	0,0,0, | 1,4,2, | 
(62)	0,0,0, | 1,4,2, | 
(62)	0,0,0, | 1,4,2, | 
(7796)	1,0,0, | 0,3,2, | 
(7845)	1,0,0, | 1,5,3, | 
(7809)	1,0,0, | 0,5,3, | 
(7796)	1,0,0, | 0,3,2, | 
(7796)	1,0,0, | 0,3,2, | 
(7845)	1,0,0, | 1,5,3, | 
(7809)	1,0,0, | 0,5,3, | 
(7796)	1,0,0, | 0,3,2, | 
(7796)	1,0,0, | 0,3,2, | 
(7796)	1,0,0, | 0,3,2, | 
(7796)	1,0,0, | 0,3,2, | 
(7796)	1,0,0, | 0,3,2, | 
(7796)	1,0,0, | 0,3,2, | 
(7796)	1,0,0, | 0,3,2, | 
(7802)	1,0,0, | 0,4,2, | 
(7796)	1,0,0, | 0,3,2, | 
(7796)	1,0,0, | 0,3,2, | 
(7796)	1,0,0, | 0,3,2, | 
(104)	0,0,0, | 2,5,2, | 
(69)	0,0,0, | 1,5,3, | 
(69)	0,0,0, | 1,5,3, | 
(69)	0,0,0, | 1,5,3, | 
(69)	0,0,0, | 1,5,3, | 
(69)	0,0,0, | 1,5,3, | 
(69)	0,0,0, | 1,5,3, | 
(69)	0,0,0, | 1,5,3, | 
(69)	0,0,0, | 1,5,3, | 
(69)	0,0,0, | 1,5,3, | 
(69)	0,0,0, | 1,5,3, | 
(69)	0,0,0, | 1,5,3, | 
(69)	0,0,0, | 1,5,3, | 
(69)	0,0,0, | 1,5,3, | 
(69)	0,0,0, | 1,5,3, | 
(69)	0,0,0, | 1,5,3, | 
(69)	0,0,0, | 1,5,3, | 
(69)	0,0,0, | 1,5,3, | 
(7802)	1,0,0, | 0,4,2, | 
(7845)	1,0,0, | 1,5,3, | 
(7802)	1,0,0, | 0,4,2, | 
(7802)	1,0,0, | 0,4,2, | 
(7845)	1,0,0, | 1,5,3, | 
(7802)	1,0,0, | 0,4,2, | 
(7802)	1,0,0, | 0,4,2, | 
(7802)	1,0,0, | 0,4,2, | 
(7809)	1,0,0, | 0,5,3, | 
(7802)	1,0,0, | 0,4,2, | 
(7802)	1,0,0, | 0,4,2, | 
(7802)	1,0,0, | 0,4,2, | 
(7802)	1,0,0, | 0,4,2, | 
(7802)	1,0,0, | 0,4,2, | 
(7809)	1,0,0, | 0,5,3, | 
(7802)	1,0,0, | 0,4,2, | 
(7802)	1,0,0, | 0,4,2, | 
(7802)	1,0,0, | 0,4,2, | 
(98)	0,0,0, | 2,4,2, | 
(69)	0,0,0, | 1,5,3, | 
(69)	0,0,0, | 1,5,3, | 
(69)	0,0,0, | 1,5,3, | 
(69)	0,0,0, | 1,5,3, | 
(69)	0,0,0, | 1,5,3, | 
(69)	0,0,0, | 1,5,3, | 
(69)	0,0,0, | 1,5,3, | 
(69)	0,0,0, | 1,5,3, | 
(69)	0,0,0, | 1,5,3, | 
(69)	0,0,0, | 1,5,3, | 
(69)	0,0,0, | 1,5,3, | 
(69)	0,0,0, | 1,5,3, | 
(69)	0,0,0, | 1,5,3, | 
(69)	0,0,0, | 1,5,3, | 
(69)	0,0,0, | 1,5,3, | 
(69)	0,0,0, | 1,5,3, | 
(69)	0,0,0, | 1,5,3, | 
(7802)	1,0,0, | 0,4,2, | 
(7838)	1,0,0, | 1,4,2, | 
(7838)	1,0,0, | 1,4,2, | 
(7845)	1,0,0, | 1,5,3, | 
(7802)	1,0,0, | 0,4,2, | 
(7809)	1,0,0, | 0,5,3, | 
(7802)	1,0,0, | 0,4,2, | 
(7802)	1,0,0, | 0,4,2, | 
(7802)	1,0,0, | 0,4,2, | 
(7809)	1,0,0, | 0,5,3, | 
(7809)	1,0,0, | 0,5,3, | 
(7802)	1,0,0, | 0,4,2, | 
(7802)	1,0,0, | 0,4,2, | 
(7802)	1,0,0, | 0,4,2, | 
(7802)	1,0,0, | 0,4,2, | 
(7802)	1,0,0, | 0,4,2, | 
(7802)	1,0,0, | 0,4,2, | 
(7809)	1,0,0, | 0,5,3, | 
(98)	0,0,0, | 2,4,2, | 
(69)	0,0,0, | 1,5,3, | 
(69)	0,0,0, | 1,5,3, | 
(69)	0,0,0, | 1,5,3, | 
(69)	0,0,0, | 1,5,3, | 
(69)	0,0,0, | 1,5,3, | 
(69)	0,0,0, | 1,5,3, | 
(69)	0,0,0, | 1,5,3, | 
(69)	0,0,0, | 1,5,3, | 
(69)	0,0,0, | 1,5,3, | 
(69)	0,0,0, | 1,5,3, | 
(69)	0,0,0, | 1,5,3, | 
(69)	0,0,0, | 1,5,3, | 
(69)	0,0,0, | 1,5,3, | 
(69)	0,0,0, | 1,5,3, | 
(69)	0,0,0, | 1,5,3, | 
(69)	0,0,0, | 1,5,3, | 
(69)	0,0,0, | 1,5,3, | 
(7809)	1,0,0, | 0,5,3, | 
(7809)	1,0,0, | 0,5,3, | 
(7809)	1,0,0, | 0,5,3, | 
(7845)	1,0,0, | 1,5,3, | 
(7809)	1,0,0, | 0,5,3, | 
(7809)	1,0,0, | 0,5,3, | 
(7809)	1,0,0, | 0,5,3, | 
(7845)	1,0,0, | 1,5,3, | 
(7809)	1,0,0, | 0,5,3, | 
(7809)	1,0,0, | 0,5,3, | 
(7809)	1,0,0, | 0,5,3, | 
(7809)	1,0,0, | 0,5,3, | 
(7809)	1,0,0, | 0,5,3, | 
(7809)	1,0,0, | 0,5,3, | 
(7809)	1,0,0, | 0,5,3, | 
(7809)	1,0,0, | 0,5,3, | 
(7809)	1,0,0, | 0,5,3, | 
(7809)	1,0,0, | 0,5,3, | 
(10584)	1,2,1, | 0,0,0, | 
(10584)	1,2,1, | 0,0,0, | 
(10585)	1,2,1, | 0,0,1, | 
(10584)	1,2,1, | 0,0,0, | 
(10585)	1,2,1, | 0,0,1, | 
(10585)	1,2,1, | 0,0,1, | 
(10584)	1,2,1, | 0,0,0, | 
(10584)	1,2,1, | 0,0,0, | 
(10585)	1,2,1, | 0,0,1, | 
(7992)	1,0,1, | 0,0,0, | 
(2844)	0,2,1, | 1,0,0, | 
(2844)	0,2,1, | 1,0,0, | 
(4356)	0,3,2, | 1,0,0, | 
(4356)	0,3,2, | 1,0,0, | 
(2844)	0,2,1, | 1,0,0, | 
(4356)	0,3,2, | 1,0,0, | 
(4356)	0,3,2, | 1,0,0, | 
(2844)	0,2,1, | 1,0,0, | 
(2844)	0,2,1, | 1,0,0, | 
(2844)	0,2,1, | 1,0,0, | 
(2844)	0,2,1, | 1,0,0, | 
(10620)	1,2,1, | 1,0,0, | 
(10620)	1,2,1, | 1,0,0, | 
(2844)	0,2,1, | 1,0,0, | 
(2844)	0,2,1, | 1,0,0, | 
(2844)	0,2,1, | 1,0,0, | 
(2844)	0,2,1, | 1,0,0, | 
(2844)	0,2,1, | 1,0,0, | 
(10584)	1,2,1, | 0,0,0, | 
(10584)	1,2,1, | 0,0,0, | 
(10584)	1,2,1, | 0,0,0, | 
(10584)	1,2,1, | 0,0,0, | 
(10584)	1,2,1, | 0,0,0, | 
(10584)	1,2,1, | 0,0,0, | 
(10584)	1,2,1, | 0,0,0, | 
(10584)	1,2,1, | 0,0,0, | 
(10584)	1,2,1, | 0,0,0, | 
(10585)	1,2,1, | 0,0,1, | 
(10585)	1,2,1, | 0,0,1, | 
(10584)	1,2,1, | 0,0,0, | 
(10585)	1,2,1, | 0,0,1, | 
(49)	0,0,0, | 1,2,1, | 
(49)	0,0,0, | 1,2,1, | 
(49)	0,0,0, | 1,2,1, | 
(49)	0,0,0, | 1,2,1, | 
(49)	0,0,0, | 1,2,1, | 
(49)	0,0,0, | 1,2,1, | 
(49)	0,0,0, | 1,2,1, | 
(49)	0,0,0, | 1,2,1, | 
(49)	0,0,0, | 1,2,1, | 
(49)	0,0,0, | 1,2,1, | 
(49)	0,0,0, | 1,2,1, | 
(49)	0,0,0, | 1,2,1, | 
(49)	0,0,0, | 1,2,1, | 
(10626)	1,2,1, | 1,1,0, | 
(9150)	1,1,0, | 2,1,0, | 
(9114)	1,1,0, | 1,1,0, | 
(16890)	2,1,0, | 1,1,0, | 
(11958)	1,3,1, | 2,1,0, | 
(16903)	2,1,0, | 1,3,1, | 
(9150)	1,1,0, | 2,1,0, | 
(9114)	1,1,0, | 1,1,0, | 
(9150)	1,1,0, | 2,1,0, | 
(9121)	1,1,0, | 1,2,1, | 
(10584)	1,2,1, | 0,0,0, | 
(10591)	1,2,1, | 0,1,1, | 
(10584)	1,2,1, | 0,0,0, | 
(10584)	1,2,1, | 0,0,0, | 
(10584)	1,2,1, | 0,0,0, | 
(10584)	1,2,1, | 0,0,0, | 
(10584)	1,2,1, | 0,0,0, | 
(10591)	1,2,1, | 0,1,1, | 
(8012)	1,0,1, | 0,3,2, | 
(7802)	1,0,0, | 0,4,2, | 
(7802)	1,0,0, | 0,4,2, | 
(7802)	1,0,0, | 0,4,2, | 
(7802)	1,0,0, | 0,4,2, | 
(62)	0,0,0, | 1,4,2, | 
(62)	0,0,0, | 1,4,2, | 
(62)	0,0,0, | 1,4,2, | 
(62)	0,0,0, | 1,4,2, | 
(62)	0,0,0, | 1,4,2, | 
(62)	0,0,0, | 1,4,2, | 
(62)	0,0,0, | 1,4,2, | 
(62)	0,0,0, | 1,4,2, | 
(62)	0,0,0, | 1,4,2, | 
(62)	0,0,0, | 1,4,2, | 
(62)	0,0,0, | 1,4,2, | 
(62)	0,0,0, | 1,4,2, | 
(62)	0,0,0, | 1,4,2, | 
(10639)	1,2,1, | 1,3,1, | 
(11935)	1,3,1, | 1,3,1, | 
(11935)	1,3,1, | 1,3,1, | 
(11935)	1,3,1, | 1,3,1, | 
(11935)	1,3,1, | 1,3,1, | 
(11922)	1,3,1, | 1,1,0, | 
(11922)	1,3,1, | 1,1,0, | 
(11948)	1,3,1, | 1,5,2, | 
(11948)	1,3,1, | 1,5,2, | 
(11923)	1,3,1, | 1,1,1, | 
(11916)	1,3,1, | 1,0,0, | 
(11916)	1,3,1, | 1,0,0, | 
(11916)	1,3,1, | 1,0,0, | 
(11916)	1,3,1, | 1,0,0, | 
(11916)	1,3,1, | 1,0,0, | 
(11916)	1,3,1, | 1,0,0, | 
(11916)	1,3,1, | 1,0,0, | 
(7796)	1,0,0, | 0,3,2, | 
(8018)	1,0,1, | 0,4,2, | 
(7809)	1,0,0, | 0,5,3, | 
(7809)	1,0,0, | 0,5,3, | 
(7809)	1,0,0, | 0,5,3, | 
(7809)	1,0,0, | 0,5,3, | 
(69)	0,0,0, | 1,5,3, | 
(69)	0,0,0, | 1,5,3, | 
(69)	0,0,0, | 1,5,3, | 
(69)	0,0,0, | 1,5,3, | 
(69)	0,0,0, | 1,5,3, | 
(69)	0,0,0, | 1,5,3, | 
(69)	0,0,0, | 1,5,3, | 
(69)	0,0,0, | 1,5,3, | 
(69)	0,0,0, | 1,5,3, | 
(1581)	0,1,1, | 1,5,3, | 
(69)	0,0,0, | 1,5,3, | 
(69)	0,0,0, | 1,5,3, | 
(69)	0,0,0, | 1,5,3, | 
(10429)	1,2,0, | 1,4,1, | 
(10429)	1,2,0, | 1,4,1, | 
(10429)	1,2,0, | 1,4,1, | 
(10429)	1,2,0, | 1,4,1, | 
(10429)	1,2,0, | 1,4,1, | 
(10429)	1,2,0, | 1,4,1, | 
(10429)	1,2,0, | 1,4,1, | 
(10429)	1,2,0, | 1,4,1, | 
(10429)	1,2,0, | 1,4,1, | 
(10429)	1,2,0, | 1,4,1, | 
(10393)	1,2,0, | 0,4,1, | 
(10393)	1,2,0, | 0,4,1, | 
(10393)	1,2,0, | 0,4,1, | 
(10393)	1,2,0, | 0,4,1, | 
(10393)	1,2,0, | 0,4,1, | 
(9104)	1,1,0, | 0,5,2, | 
(7802)	1,0,0, | 0,4,2, | 
(7802)	1,0,0, | 0,4,2, | 
(8018)	1,0,1, | 0,4,2, | 
(7809)	1,0,0, | 0,5,3, | 
(7809)	1,0,0, | 0,5,3, | 
(7809)	1,0,0, | 0,5,3, | 
(7809)	1,0,0, | 0,5,3, | 
(69)	0,0,0, | 1,5,3, | 
(69)	0,0,0, | 1,5,3, | 
(69)	0,0,0, | 1,5,3, | 
(69)	0,0,0, | 1,5,3, | 
(69)	0,0,0, | 1,5,3, | 
(69)	0,0,0, | 1,5,3, | 
(69)	0,0,0, | 1,5,3, | 
(69)	0,0,0, | 1,5,3, | 
(69)	0,0,0, | 1,5,3, | 
(1581)	0,1,1, | 1,5,3, | 
(69)	0,0,0, | 1,5,3, | 
(69)	0,0,0, | 1,5,3, | 
(69)	0,0,0, | 1,5,3, | 
(10429)	1,2,0, | 1,4,1, | 
(10429)	1,2,0, | 1,4,1, | 
(10429)	1,2,0, | 1,4,1, | 
(10429)	1,2,0, | 1,4,1, | 
(10429)	1,2,0, | 1,4,1, | 
(10436)	1,2,0, | 1,5,2, | 
(10429)	1,2,0, | 1,4,1, | 
(10429)	1,2,0, | 1,4,1, | 
(10429)	1,2,0, | 1,4,1, | 
(10393)	1,2,0, | 0,4,1, | 
(10393)	1,2,0, | 0,4,1, | 
(10393)	1,2,0, | 0,4,1, | 
(10393)	1,2,0, | 0,4,1, | 
(10393)	1,2,0, | 0,4,1, | 
(10393)	1,2,0, | 0,4,1, | 
(9104)	1,1,0, | 0,5,2, | 
(7802)	1,0,0, | 0,4,2, | 
(7809)	1,0,0, | 0,5,3, | 
(8025)	1,0,1, | 0,5,3, | 
(7809)	1,0,0, | 0,5,3, | 
(7809)	1,0,0, | 0,5,3, | 
(7809)	1,0,0, | 0,5,3, | 
(7809)	1,0,0, | 0,5,3, | 
(69)	0,0,0, | 1,5,3, | 
(69)	0,0,0, | 1,5,3, | 
(69)	0,0,0, | 1,5,3, | 
(69)	0,0,0, | 1,5,3, | 
(69)	0,0,0, | 1,5,3, | 
(69)	0,0,0, | 1,5,3, | 
(69)	0,0,0, | 1,5,3, | 
(69)	0,0,0, | 1,5,3, | 
(69)	0,0,0, | 1,5,3, | 
(69)	0,0,0, | 1,5,3, | 
(69)	0,0,0, | 1,5,3, | 
(69)	0,0,0, | 1,5,3, | 
(69)	0,0,0, | 1,5,3, | 
(10436)	1,2,0, | 1,5,2, | 
(10436)	1,2,0, | 1,5,2, | 
(10436)	1,2,0, | 1,5,2, | 
(10436)	1,2,0, | 1,5,2, | 
(10436)	1,2,0, | 1,5,2, | 
(10436)	1,2,0, | 1,5,2, | 
(10436)	1,2,0, | 1,5,2, | 
(10436)	1,2,0, | 1,5,2, | 
(10436)	1,2,0, | 1,5,2, | 
(10436)	1,2,0, | 1,5,2, | 
(10436)	1,2,0, | 1,5,2, | 
(10436)	1,2,0, | 1,5,2, | 
(10436)	1,2,0, | 1,5,2, | 
(10436)	1,2,0, | 1,5,2, | 
(9104)	1,1,0, | 0,5,2, | 
(9104)	1,1,0, | 0,5,2, | 
(7809)	1,0,0, | 0,5,3, | 
(7809)	1,0,0, | 0,5,3, | 
(13392)	1,4,2, | 0,0,0, | 
(13392)	1,4,2, | 0,0,0, | 
(13392)	1,4,2, | 0,0,0, | 
(13392)	1,4,2, | 0,0,0, | 
(13393)	1,4,2, | 0,0,1, | 
(13392)	1,4,2, | 0,0,0, | 
(13392)	1,4,2, | 0,0,0, | 
(13392)	1,4,2, | 0,0,0, | 
(13393)	1,4,2, | 0,0,1, | 
(12096)	1,3,2, | 0,0,0, | 
(7164)	0,5,3, | 1,0,0, | 
(4356)	0,3,2, | 1,0,0, | 
(4356)	0,3,2, | 1,0,0, | 
(7164)	0,5,3, | 1,0,0, | 
(4356)	0,3,2, | 1,0,0, | 
(7164)	0,5,3, | 1,0,0, | 
(4356)	0,3,2, | 1,0,0, | 
(4356)	0,3,2, | 1,0,0, | 
(4356)	0,3,2, | 1,0,0, | 
(7164)	0,5,3, | 1,0,0, | 
(4356)	0,3,2, | 1,0,0, | 
(4356)	0,3,2, | 1,0,0, | 
(7164)	0,5,3, | 1,0,0, | 
(12132)	1,3,2, | 1,0,0, | 
(4356)	0,3,2, | 1,0,0, | 
(4356)	0,3,2, | 1,0,0, | 
(4356)	0,3,2, | 1,0,0, | 
(4356)	0,3,2, | 1,0,0, | 
(13392)	1,4,2, | 0,0,0, | 
(13392)	1,4,2, | 0,0,0, | 
(13392)	1,4,2, | 0,0,0, | 
(13392)	1,4,2, | 0,0,0, | 
(13392)	1,4,2, | 0,0,0, | 
(13392)	1,4,2, | 0,0,0, | 
(13392)	1,4,2, | 0,0,0, | 
(13392)	1,4,2, | 0,0,0, | 
(13392)	1,4,2, | 0,0,0, | 
(13392)	1,4,2, | 0,0,0, | 
(13392)	1,4,2, | 0,0,0, | 
(13392)	1,4,2, | 0,0,0, | 
(13393)	1,4,2, | 0,0,1, | 
(5652)	0,4,2, | 1,0,0, | 
(5652)	0,4,2, | 1,0,0, | 
(5652)	0,4,2, | 1,0,0, | 
(5652)	0,4,2, | 1,0,0, | 
(4356)	0,3,2, | 1,0,0, | 
(7164)	0,5,3, | 1,0,0, | 
(7831)	1,0,0, | 1,3,1, | 
(7831)	1,0,0, | 1,3,1, | 
(7831)	1,0,0, | 1,3,1, | 
(7831)	1,0,0, | 1,3,1, | 
(7831)	1,0,0, | 1,3,1, | 
(7831)	1,0,0, | 1,3,1, | 
(7831)	1,0,0, | 1,3,1, | 
(9343)	1,1,1, | 1,3,1, | 
(14743)	1,5,2, | 1,3,1, | 
(14743)	1,5,2, | 1,3,1, | 
(9127)	1,1,0, | 1,3,1, | 
(11935)	1,3,1, | 1,3,1, | 
(9127)	1,1,0, | 1,3,1, | 
(9127)	1,1,0, | 1,3,1, | 
(11935)	1,3,1, | 1,3,1, | 
(14743)	1,5,2, | 1,3,1, | 
(11929)	1,3,1, | 1,2,1, | 
(13392)	1,4,2, | 0,0,0, | 
(13392)	1,4,2, | 0,0,0, | 
(13392)	1,4,2, | 0,0,0, | 
(13392)	1,4,2, | 0,0,0, | 
(13399)	1,4,2, | 0,1,1, | 
(13392)	1,4,2, | 0,0,0, | 
(13392)	1,4,2, | 0,0,0, | 
(13392)	1,4,2, | 0,0,0, | 
(14688)	1,5,2, | 0,0,0, | 
(14689)	1,5,2, | 0,0,1, | 
(14689)	1,5,2, | 0,0,1, | 
(14689)	1,5,2, | 0,0,1, | 
(5652)	0,4,2, | 1,0,0, | 
(7802)	1,0,0, | 0,4,2, | 
(68)	0,0,0, | 1,5,2, | 
(68)	0,0,0, | 1,5,2, | 
(68)	0,0,0, | 1,5,2, | 
(68)	0,0,0, | 1,5,2, | 
(68)	0,0,0, | 1,5,2, | 
(68)	0,0,0, | 1,5,2, | 
(68)	0,0,0, | 1,5,2, | 
(68)	0,0,0, | 1,5,2, | 
(68)	0,0,0, | 1,5,2, | 
(68)	0,0,0, | 1,5,2, | 
(68)	0,0,0, | 1,5,2, | 
(7837)	1,0,0, | 1,4,1, | 
(9133)	1,1,0, | 1,4,1, | 
(10429)	1,2,0, | 1,4,1, | 
(13237)	1,4,1, | 1,4,1, | 
(10416)	1,2,0, | 1,2,0, | 
(10416)	1,2,0, | 1,2,0, | 
(13224)	1,4,1, | 1,2,0, | 
(10416)	1,2,0, | 1,2,0, | 
(10416)	1,2,0, | 1,2,0, | 
(10416)	1,2,0, | 1,2,0, | 
(10416)	1,2,0, | 1,2,0, | 
(13212)	1,4,1, | 1,0,0, | 
(14688)	1,5,2, | 0,0,0, | 
(14695)	1,5,2, | 0,1,1, | 
(14688)	1,5,2, | 0,0,0, | 
(14688)	1,5,2, | 0,0,0, | 
(14688)	1,5,2, | 0,0,0, | 
(14688)	1,5,2, | 0,0,0, | 
(14688)	1,5,2, | 0,0,0, | 
(14725)	1,5,2, | 1,0,1, | 
(14724)	1,5,2, | 1,0,0, | 
(7802)	1,0,0, | 0,4,2, | 
(7802)	1,0,0, | 0,4,2, | 
(7802)	1,0,0, | 0,4,2, | 
(7802)	1,0,0, | 0,4,2, | 
(68)	0,0,0, | 1,5,2, | 
(68)	0,0,0, | 1,5,2, | 
(68)	0,0,0, | 1,5,2, | 
(68)	0,0,0, | 1,5,2, | 
(68)	0,0,0, | 1,5,2, | 
(68)	0,0,0, | 1,5,2, | 
(68)	0,0,0, | 1,5,2, | 
(68)	0,0,0, | 1,5,2, | 
(68)	0,0,0, | 1,5,2, | 
(68)	0,0,0, | 1,5,2, | 
(68)	0,0,0, | 1,5,2, | 
(68)	0,0,0, | 1,5,2, | 
(9133)	1,1,0, | 1,4,1, | 
(13224)	1,4,1, | 1,2,0, | 
(13273)	1,4,1, | 2,4,1, | 
(13237)	1,4,1, | 1,4,1, | 
(13273)	1,4,1, | 2,4,1, | 
(13237)	1,4,1, | 1,4,1, | 
(13273)	1,4,1, | 2,4,1, | 
(21013)	2,4,1, | 1,4,1, | 
(13273)	1,4,1, | 2,4,1, | 
(13218)	1,4,1, | 1,1,0, | 
(13212)	1,4,1, | 1,0,0, | 
(13212)	1,4,1, | 1,0,0, | 
(13212)	1,4,1, | 1,0,0, | 
(13212)	1,4,1, | 1,0,0, | 
(13212)	1,4,1, | 1,0,0, | 
(13212)	1,4,1, | 1,0,0, | 
(14724)	1,5,2, | 1,0,0, | 
(14724)	1,5,2, | 1,0,0, | 
(14724)	1,5,2, | 1,0,0, | 
(7802)	1,0,0, | 0,4,2, | 
(7802)	1,0,0, | 0,4,2, | 
(7802)	1,0,0, | 0,4,2, | 
(7802)	1,0,0, | 0,4,2, | 
(68)	0,0,0, | 1,5,2, | 
(68)	0,0,0, | 1,5,2, | 
(68)	0,0,0, | 1,5,2, | 
(68)	0,0,0, | 1,5,2, | 
(68)	0,0,0, | 1,5,2, | 
(68)	0,0,0, | 1,5,2, | 
(68)	0,0,0, | 1,5,2, | 
(68)	0,0,0, | 1,5,2, | 
(68)	0,0,0, | 1,5,2, | 
(1580)	0,1,1, | 1,5,2, | 
(68)	0,0,0, | 1,5,2, | 
(68)	0,0,0, | 1,5,2, | 
(68)	0,0,0, | 1,5,2, | 
(9133)	1,1,0, | 1,4,1, | 
(13224)	1,4,1, | 1,2,0, | 
(13273)	1,4,1, | 2,4,1, | 
(13224)	1,4,1, | 1,2,0, | 
(13273)	1,4,1, | 2,4,1, | 
(13273)	1,4,1, | 2,4,1, | 
(13273)	1,4,1, | 2,4,1, | 
(13273)	1,4,1, | 2,4,1, | 
(13273)	1,4,1, | 2,4,1, | 
(13218)	1,4,1, | 1,1,0, | 
(13218)	1,4,1, | 1,1,0, | 
(13218)	1,4,1, | 1,1,0, | 
(13218)	1,4,1, | 1,1,0, | 
(13218)	1,4,1, | 1,1,0, | 
(14724)	1,5,2, | 1,0,0, | 
(14724)	1,5,2, | 1,0,0, | 
(14724)	1,5,2, | 1,0,0, | 
(14724)	1,5,2, | 1,0,0, | 
(9104)	1,1,0, | 0,5,2, | 
(7844)	1,0,0, | 1,5,2, | 
(7844)	1,0,0, | 1,5,2, | 
(7844)	1,0,0, | 1,5,2, | 
(68)	0,0,0, | 1,5,2, | 
(68)	0,0,0, | 1,5,2, | 
(68)	0,0,0, | 1,5,2, | 
(68)	0,0,0, | 1,5,2, | 
(68)	0,0,0, | 1,5,2, | 
(68)	0,0,0, | 1,5,2, | 
(68)	0,0,0, | 1,5,2, | 
(68)	0,0,0, | 1,5,2, | 
(68)	0,0,0, | 1,5,2, | 
(68)	0,0,0, | 1,5,2, | 
(68)	0,0,0, | 1,5,2, | 
(68)	0,0,0, | 1,5,2, | 
(68)	0,0,0, | 1,5,2, | 
(68)	0,0,0, | 1,5,2, | 
(9133)	1,1,0, | 1,4,1, | 
(14533)	1,5,1, | 1,4,1, | 
(14533)	1,5,1, | 1,4,1, | 
(14533)	1,5,1, | 1,4,1, | 
(14533)	1,5,1, | 1,4,1, | 
(14533)	1,5,1, | 1,4,1, | 
(14533)	1,5,1, | 1,4,1, | 
(14533)	1,5,1, | 1,4,1, | 
(14533)	1,5,1, | 1,4,1, | 
(14533)	1,5,1, | 1,4,1, | 
(14533)	1,5,1, | 1,4,1, | 
(14533)	1,5,1, | 1,4,1, | 
(14533)	1,5,1, | 1,4,1, | 
(13218)	1,4,1, | 1,1,0, | 
(13218)	1,4,1, | 1,1,0, | 
(13218)	1,4,1, | 1,1,0, | 
(13218)	1,4,1, | 1,1,0, | 
(9104)	1,1,0, | 0,5,2, | 
(14904)	1,5,3, | 0,0,0, | 
(14904)	1,5,3, | 0,0,0, | 
(14904)	1,5,3, | 0,0,0, | 
(14904)	1,5,3, | 0,0,0, | 
(14904)	1,5,3, | 0,0,0, | 
(14904)	1,5,3, | 0,0,0, | 
(14904)	1,5,3, | 0,0,0, | 
(14904)	1,5,3, | 0,0,0, | 
(14904)	1,5,3, | 0,0,0, | 
(11880)	1,3,1, | 0,0,0, | 
(5652)	0,4,2, | 1,0,0, | 
(5652)	0,4,2, | 1,0,0, | 
(5652)	0,4,2, | 1,0,0, | 
(5652)	0,4,2, | 1,0,0, | 
(5652)	0,4,2, | 1,0,0, | 
(5652)	0,4,2, | 1,0,0, | 
(5652)	0,4,2, | 1,0,0, | 
(7164)	0,5,3, | 1,0,0, | 
(5652)	0,4,2, | 1,0,0, | 
(5652)	0,4,2, | 1,0,0, | 
(5652)	0,4,2, | 1,0,0, | 
(7164)	0,5,3, | 1,0,0, | 
(5652)	0,4,2, | 1,0,0, | 
(7164)	0,5,3, | 1,0,0, | 
(5652)	0,4,2, | 1,0,0, | 
(5652)	0,4,2, | 1,0,0, | 
(5652)	0,4,2, | 1,0,0, | 
(5652)	0,4,2, | 1,0,0, | 
(14904)	1,5,3, | 0,0,0, | 
(14904)	1,5,3, | 0,0,0, | 
(14904)	1,5,3, | 0,0,0, | 
(14904)	1,5,3, | 0,0,0, | 
(14904)	1,5,3, | 0,0,0, | 
(14904)	1,5,3, | 0,0,0, | 
(14904)	1,5,3, | 0,0,0, | 
(14904)	1,5,3, | 0,0,0, | 
(14904)	1,5,3, | 0,0,0, | 
(14904)	1,5,3, | 0,0,0, | 
(14904)	1,5,3, | 0,0,0, | 
(14904)	1,5,3, | 0,0,0, | 
(14904)	1,5,3, | 0,0,0, | 
(7164)	0,5,3, | 1,0,0, | 
(7164)	0,5,3, | 1,0,0, | 
(7164)	0,5,3, | 1,0,0, | 
(7164)	0,5,3, | 1,0,0, | 
(5652)	0,4,2, | 1,0,0, | 
(5652)	0,4,2, | 1,0,0, | 
(5652)	0,4,2, | 1,0,0, | 
(6954)	0,5,2, | 1,1,0, | 
(5448)	0,4,1, | 1,2,0, | 
(5448)	0,4,1, | 1,2,0, | 
(5448)	0,4,1, | 1,2,0, | 
(5448)	0,4,1, | 1,2,0, | 
(5448)	0,4,1, | 1,2,0, | 
(13224)	1,4,1, | 1,2,0, | 
(14736)	1,5,2, | 1,2,0, | 
(13224)	1,4,1, | 1,2,0, | 
(13224)	1,4,1, | 1,2,0, | 
(13224)	1,4,1, | 1,2,0, | 
(13224)	1,4,1, | 1,2,0, | 
(13224)	1,4,1, | 1,2,0, | 
(13224)	1,4,1, | 1,2,0, | 
(13224)	1,4,1, | 1,2,0, | 
(11958)	1,3,1, | 2,1,0, | 
(14904)	1,5,3, | 0,0,0, | 
(14904)	1,5,3, | 0,0,0, | 
(14904)	1,5,3, | 0,0,0, | 
(14904)	1,5,3, | 0,0,0, | 
(14911)	1,5,3, | 0,1,1, | 
(14904)	1,5,3, | 0,0,0, | 
(14904)	1,5,3, | 0,0,0, | 
(14904)	1,5,3, | 0,0,0, | 
(14688)	1,5,2, | 0,0,0, | 
(14688)	1,5,2, | 0,0,0, | 
(14688)	1,5,2, | 0,0,0, | 
(14689)	1,5,2, | 0,0,1, | 
(5652)	0,4,2, | 1,0,0, | 
(5652)	0,4,2, | 1,0,0, | 
(5652)	0,4,2, | 1,0,0, | 
(5652)	0,4,2, | 1,0,0, | 
(7844)	1,0,0, | 1,5,2, | 
(7844)	1,0,0, | 1,5,2, | 
(7844)	1,0,0, | 1,5,2, | 
(7844)	1,0,0, | 1,5,2, | 
(7837)	1,0,0, | 1,4,1, | 
(7837)	1,0,0, | 1,4,1, | 
(7837)	1,0,0, | 1,4,1, | 
(7837)	1,0,0, | 1,4,1, | 
(7837)	1,0,0, | 1,4,1, | 
(7837)	1,0,0, | 1,4,1, | 
(9133)	1,1,0, | 1,4,1, | 
(21013)	2,4,1, | 1,4,1, | 
(21013)	2,4,1, | 1,4,1, | 
(21013)	2,4,1, | 1,4,1, | 
(21013)	2,4,1, | 1,4,1, | 
(21013)	2,4,1, | 1,4,1, | 
(13273)	1,4,1, | 2,4,1, | 
(13237)	1,4,1, | 1,4,1, | 
(13237)	1,4,1, | 1,4,1, | 
(13218)	1,4,1, | 1,1,0, | 
(14695)	1,5,2, | 0,1,1, | 
(14688)	1,5,2, | 0,0,0, | 
(14688)	1,5,2, | 0,0,0, | 
(14688)	1,5,2, | 0,0,0, | 
(14688)	1,5,2, | 0,0,0, | 
(14688)	1,5,2, | 0,0,0, | 
(14688)	1,5,2, | 0,0,0, | 
(14688)	1,5,2, | 0,0,0, | 
(14725)	1,5,2, | 1,0,1, | 
(14724)	1,5,2, | 1,0,0, | 
(14724)	1,5,2, | 1,0,0, | 
(14724)	1,5,2, | 1,0,0, | 
(14724)	1,5,2, | 1,0,0, | 
(7844)	1,0,0, | 1,5,2, | 
(7844)	1,0,0, | 1,5,2, | 
(7844)	1,0,0, | 1,5,2, | 
(7844)	1,0,0, | 1,5,2, | 
(7844)	1,0,0, | 1,5,2, | 
(7844)	1,0,0, | 1,5,2, | 
(7844)	1,0,0, | 1,5,2, | 
(7844)	1,0,0, | 1,5,2, | 
(7844)	1,0,0, | 1,5,2, | 
(1357)	0,1,0, | 1,4,1, | 
(1357)	0,1,0, | 1,4,1, | 
(1357)	0,1,0, | 1,4,1, | 
(1357)	0,1,0, | 1,4,1, | 
(9133)	1,1,0, | 1,4,1, | 
(13243)	1,4,1, | 1,5,1, | 
(13243)	1,4,1, | 1,5,1, | 
(13243)	1,4,1, | 1,5,1, | 
(14533)	1,5,1, | 1,4,1, | 
(14533)	1,5,1, | 1,4,1, | 
(13273)	1,4,1, | 2,4,1, | 
(14533)	1,5,1, | 1,4,1, | 
(13273)	1,4,1, | 2,4,1, | 
(13218)	1,4,1, | 1,1,0, | 
(13182)	1,4,1, | 0,1,0, | 
(13182)	1,4,1, | 0,1,0, | 
(13182)	1,4,1, | 0,1,0, | 
(13182)	1,4,1, | 0,1,0, | 
(14724)	1,5,2, | 1,0,0, | 
(14724)	1,5,2, | 1,0,0, | 
(14724)	1,5,2, | 1,0,0, | 
(14724)	1,5,2, | 1,0,0, | 
(14724)	1,5,2, | 1,0,0, | 
(14724)	1,5,2, | 1,0,0, | 
(14724)	1,5,2, | 1,0,0, | 
(14724)	1,5,2, | 1,0,0, | 
(10616)	1,2,1, | 0,5,2, | 
(7844)	1,0,0, | 1,5,2, | 
(7844)	1,0,0, | 1,5,2, | 
(7844)	1,0,0, | 1,5,2, | 
(7844)	1,0,0, | 1,5,2, | 
(7844)	1,0,0, | 1,5,2, | 
(7844)	1,0,0, | 1,5,2, | 
(7844)	1,0,0, | 1,5,2, | 
(7844)	1,0,0, | 1,5,2, | 
(7844)	1,0,0, | 1,5,2, | 
(7844)	1,0,0, | 1,5,2, | 
(1357)	0,1,0, | 1,4,1, | 
(1357)	0,1,0, | 1,4,1, | 
(1357)	0,1,0, | 1,4,1, | 
(9133)	1,1,0, | 1,4,1, | 
(11731)	1,3,0, | 1,5,1, | 
(11731)	1,3,0, | 1,5,1, | 
(11731)	1,3,0, | 1,5,1, | 
(14569)	1,5,1, | 2,4,1, | 
(22309)	2,5,1, | 1,4,1, | 
(14569)	1,5,1, | 2,4,1, | 
(11731)	1,3,0, | 1,5,1, | 
(11731)	1,3,0, | 1,5,1, | 
(11731)	1,3,0, | 1,5,1, | 
(14520)	1,5,1, | 1,2,0, | 
(14520)	1,5,1, | 1,2,0, | 
(13218)	1,4,1, | 1,1,0, | 
(14724)	1,5,2, | 1,0,0, | 
(14724)	1,5,2, | 1,0,0, | 
(14724)	1,5,2, | 1,0,0, | 
(14724)	1,5,2, | 1,0,0, | 
(14724)	1,5,2, | 1,0,0, | 
(14724)	1,5,2, | 1,0,0, | 
(14724)	1,5,2, | 1,0,0, | 
(14724)	1,5,2, | 1,0,0, | 
(14724)	1,5,2, | 1,0,0, | 
(10616)	1,2,1, | 0,5,2, | 
(7844)	1,0,0, | 1,5,2, | 
(7844)	1,0,0, | 1,5,2, | 
(7844)	1,0,0, | 1,5,2, | 
(7844)	1,0,0, | 1,5,2, | 
(7844)	1,0,0, | 1,5,2, | 
(7844)	1,0,0, | 1,5,2, | 
(7844)	1,0,0, | 1,5,2, | 
(7844)	1,0,0, | 1,5,2, | 
(7844)	1,0,0, | 1,5,2, | 
(7844)	1,0,0, | 1,5,2, | 
(1357)	0,1,0, | 1,4,1, | 
(1357)	0,1,0, | 1,4,1, | 
(1357)	0,1,0, | 1,4,1, | 
(9133)	1,1,0, | 1,4,1, | 
(11731)	1,3,0, | 1,5,1, | 
(11731)	1,3,0, | 1,5,1, | 
(11731)	1,3,0, | 1,5,1, | 
(22309)	2,5,1, | 1,4,1, | 
(14526)	1,5,1, | 1,3,0, | 
(14569)	1,5,1, | 2,4,1, | 
(11731)	1,3,0, | 1,5,1, | 
(14526)	1,5,1, | 1,3,0, | 
(14526)	1,5,1, | 1,3,0, | 
(14533)	1,5,1, | 1,4,1, | 
(14533)	1,5,1, | 1,4,1, | 
(14533)	1,5,1, | 1,4,1, | 
(14724)	1,5,2, | 1,0,0, | 
(14724)	1,5,2, | 1,0,0, | 
(14724)	1,5,2, | 1,0,0, | 
(14724)	1,5,2, | 1,0,0, | 
(14724)	1,5,2, | 1,0,0, | 
(14904)	1,5,3, | 0,0,0, | 
(14904)	1,5,3, | 0,0,0, | 
(14904)	1,5,3, | 0,0,0, | 
(14904)	1,5,3, | 0,0,0, | 
(14904)	1,5,3, | 0,0,0, | 
(14904)	1,5,3, | 0,0,0, | 
(14904)	1,5,3, | 0,0,0, | 
(14904)	1,5,3, | 0,0,0, | 
(14904)	1,5,3, | 0,0,0, | 
(12096)	1,3,2, | 0,0,0, | 
(5652)	0,4,2, | 1,0,0, | 
(5652)	0,4,2, | 1,0,0, | 
(5652)	0,4,2, | 1,0,0, | 
(5652)	0,4,2, | 1,0,0, | 
(5652)	0,4,2, | 1,0,0, | 
(5652)	0,4,2, | 1,0,0, | 
(5652)	0,4,2, | 1,0,0, | 
(5652)	0,4,2, | 1,0,0, | 
(7164)	0,5,3, | 1,0,0, | 
(7164)	0,5,3, | 1,0,0, | 
(5652)	0,4,2, | 1,0,0, | 
(13428)	1,4,2, | 1,0,0, | 
(5652)	0,4,2, | 1,0,0, | 
(5652)	0,4,2, | 1,0,0, | 
(13428)	1,4,2, | 1,0,0, | 
(13428)	1,4,2, | 1,0,0, | 
(5652)	0,4,2, | 1,0,0, | 
(5652)	0,4,2, | 1,0,0, | 
(14904)	1,5,3, | 0,0,0, | 
(14904)	1,5,3, | 0,0,0, | 
(14904)	1,5,3, | 0,0,0, | 
(14904)	1,5,3, | 0,0,0, | 
(14904)	1,5,3, | 0,0,0, | 
(14904)	1,5,3, | 0,0,0, | 
(14904)	1,5,3, | 0,0,0, | 
(14904)	1,5,3, | 0,0,0, | 
(14904)	1,5,3, | 0,0,0, | 
(14904)	1,5,3, | 0,0,0, | 
(14904)	1,5,3, | 0,0,0, | 
(14904)	1,5,3, | 0,0,0, | 
(14904)	1,5,3, | 0,0,0, | 
(7164)	0,5,3, | 1,0,0, | 
(7164)	0,5,3, | 1,0,0, | 
(7164)	0,5,3, | 1,0,0, | 
(7164)	0,5,3, | 1,0,0, | 
(5652)	0,4,2, | 1,0,0, | 
(5652)	0,4,2, | 1,0,0, | 
(5652)	0,4,2, | 1,0,0, | 
(6954)	0,5,2, | 1,1,0, | 
(5448)	0,4,1, | 1,2,0, | 
(5448)	0,4,1, | 1,2,0, | 
(5448)	0,4,1, | 1,2,0, | 
(5448)	0,4,1, | 1,2,0, | 
(5448)	0,4,1, | 1,2,0, | 
(5448)	0,4,1, | 1,2,0, | 
(14736)	1,5,2, | 1,2,0, | 
(13224)	1,4,1, | 1,2,0, | 
(13224)	1,4,1, | 1,2,0, | 
(13224)	1,4,1, | 1,2,0, | 
(13224)	1,4,1, | 1,2,0, | 
(13224)	1,4,1, | 1,2,0, | 
(13224)	1,4,1, | 1,2,0, | 
(13224)	1,4,1, | 1,2,0, | 
(13224)	1,4,1, | 1,2,0, | 
(14904)	1,5,3, | 0,0,0, | 
(14904)	1,5,3, | 0,0,0, | 
(14904)	1,5,3, | 0,0,0, | 
(14904)	1,5,3, | 0,0,0, | 
(14911)	1,5,3, | 0,1,1, | 
(14904)	1,5,3, | 0,0,0, | 
(14904)	1,5,3, | 0,0,0, | 
(14904)	1,5,3, | 0,0,0, | 
(14688)	1,5,2, | 0,0,0, | 
(14688)	1,5,2, | 0,0,0, | 
(14688)	1,5,2, | 0,0,0, | 
(14688)	1,5,2, | 0,0,0, | 
(14688)	1,5,2, | 0,0,0, | 
(5652)	0,4,2, | 1,0,0, | 
(5652)	0,4,2, | 1,0,0, | 
(5652)	0,4,2, | 1,0,0, | 
(5652)	0,4,2, | 1,0,0, | 
(7844)	1,0,0, | 1,5,2, | 
(7844)	1,0,0, | 1,5,2, | 
(7844)	1,0,0, | 1,5,2, | 
(7844)	1,0,0, | 1,5,2, | 
(7844)	1,0,0, | 1,5,2, | 
(9133)	1,1,0, | 1,4,1, | 
(9133)	1,1,0, | 1,4,1, | 
(9133)	1,1,0, | 1,4,1, | 
(9133)	1,1,0, | 1,4,1, | 
(9133)	1,1,0, | 1,4,1, | 
(21013)	2,4,1, | 1,4,1, | 
(21013)	2,4,1, | 1,4,1, | 
(10429)	1,2,0, | 1,4,1, | 
(21013)	2,4,1, | 1,4,1, | 
(21013)	2,4,1, | 1,4,1, | 
(21013)	2,4,1, | 1,4,1, | 
(13237)	1,4,1, | 1,4,1, | 
(13237)	1,4,1, | 1,4,1, | 
(13218)	1,4,1, | 1,1,0, | 
(14695)	1,5,2, | 0,1,1, | 
(14695)	1,5,2, | 0,1,1, | 
(14695)	1,5,2, | 0,1,1, | 
(14688)	1,5,2, | 0,0,0, | 
(14688)	1,5,2, | 0,0,0, | 
(14688)	1,5,2, | 0,0,0, | 
(14688)	1,5,2, | 0,0,0, | 
(14688)	1,5,2, | 0,0,0, | 
(14724)	1,5,2, | 1,0,0, | 
(14724)	1,5,2, | 1,0,0, | 
(14724)	1,5,2, | 1,0,0, | 
(14724)	1,5,2, | 1,0,0, | 
(14724)	1,5,2, | 1,0,0, | 
(6961)	0,5,2, | 1,2,1, | 
(7844)	1,0,0, | 1,5,2, | 
(7844)	1,0,0, | 1,5,2, | 
(7844)	1,0,0, | 1,5,2, | 
(7844)	1,0,0, | 1,5,2, | 
(7844)	1,0,0, | 1,5,2, | 
(7844)	1,0,0, | 1,5,2, | 
(7844)	1,0,0, | 1,5,2, | 
(7844)	1,0,0, | 1,5,2, | 
(7844)	1,0,0, | 1,5,2, | 
(9133)	1,1,0, | 1,4,1, | 
(10435)	1,2,0, | 1,5,1, | 
(10435)	1,2,0, | 1,5,1, | 
(13243)	1,4,1, | 1,5,1, | 
(14539)	1,5,1, | 1,5,1, | 
(14526)	1,5,1, | 1,3,0, | 
(14539)	1,5,1, | 1,5,1, | 
(14526)	1,5,1, | 1,3,0, | 
(13279)	1,4,1, | 2,5,1, | 
(13279)	1,4,1, | 2,5,1, | 
(13279)	1,4,1, | 2,5,1, | 
(14526)	1,5,1, | 1,3,0, | 
(13218)	1,4,1, | 1,1,0, | 
(13182)	1,4,1, | 0,1,0, | 
(13182)	1,4,1, | 0,1,0, | 
(13182)	1,4,1, | 0,1,0, | 
(14724)	1,5,2, | 1,0,0, | 
(14724)	1,5,2, | 1,0,0, | 
(14724)	1,5,2, | 1,0,0, | 
(14724)	1,5,2, | 1,0,0, | 
(14724)	1,5,2, | 1,0,0, | 
(14724)	1,5,2, | 1,0,0, | 
(14724)	1,5,2, | 1,0,0, | 
(14724)	1,5,2, | 1,0,0, | 
(14724)	1,5,2, | 1,0,0, | 
(6961)	0,5,2, | 1,2,1, | 
(10616)	1,2,1, | 0,5,2, | 
(7844)	1,0,0, | 1,5,2, | 
(7844)	1,0,0, | 1,5,2, | 
(7844)	1,0,0, | 1,5,2, | 
(7844)	1,0,0, | 1,5,2, | 
(7844)	1,0,0, | 1,5,2, | 
(7844)	1,0,0, | 1,5,2, | 
(7844)	1,0,0, | 1,5,2, | 
(7844)	1,0,0, | 1,5,2, | 
(7844)	1,0,0, | 1,5,2, | 
(9133)	1,1,0, | 1,4,1, | 
(10435)	1,2,0, | 1,5,1, | 
(10435)	1,2,0, | 1,5,1, | 
(11731)	1,3,0, | 1,5,1, | 
(11731)	1,3,0, | 1,5,1, | 
(14526)	1,5,1, | 1,3,0, | 
(11731)	1,3,0, | 1,5,1, | 
(11731)	1,3,0, | 1,5,1, | 
(11731)	1,3,0, | 1,5,1, | 
(14526)	1,5,1, | 1,3,0, | 
(11731)	1,3,0, | 1,5,1, | 
(11731)	1,3,0, | 1,5,1, | 
(14526)	1,5,1, | 1,3,0, | 
(14520)	1,5,1, | 1,2,0, | 
(14520)	1,5,1, | 1,2,0, | 
(13218)	1,4,1, | 1,1,0, | 
(14724)	1,5,2, | 1,0,0, | 
(14724)	1,5,2, | 1,0,0, | 
(14724)	1,5,2, | 1,0,0, | 
(14724)	1,5,2, | 1,0,0, | 
(14724)	1,5,2, | 1,0,0, | 
(14724)	1,5,2, | 1,0,0, | 
(14724)	1,5,2, | 1,0,0, | 
(14724)	1,5,2, | 1,0,0, | 
(14724)	1,5,2, | 1,0,0, | 
(10616)	1,2,1, | 0,5,2, | 
(10616)	1,2,1, | 0,5,2, | 
(7844)	1,0,0, | 1,5,2, | 
(7844)	1,0,0, | 1,5,2, | 
(7844)	1,0,0, | 1,5,2, | 
(7844)	1,0,0, | 1,5,2, | 
(7844)	1,0,0, | 1,5,2, | 
(7844)	1,0,0, | 1,5,2, | 
(7844)	1,0,0, | 1,5,2, | 
(7844)	1,0,0, | 1,5,2, | 
(7844)	1,0,0, | 1,5,2, | 
(7844)	1,0,0, | 1,5,2, | 
(10435)	1,2,0, | 1,5,1, | 
(10435)	1,2,0, | 1,5,1, | 
(11731)	1,3,0, | 1,5,1, | 
(11731)	1,3,0, | 1,5,1, | 
(14526)	1,5,1, | 1,3,0, | 
(11731)	1,3,0, | 1,5,1, | 
(14526)	1,5,1, | 1,3,0, | 
(14526)	1,5,1, | 1,3,0, | 
(14526)	1,5,1, | 1,3,0, | 
(14526)	1,5,1, | 1,3,0, | 
(14526)	1,5,1, | 1,3,0, | 
(14526)	1,5,1, | 1,3,0, | 
(14533)	1,5,1, | 1,4,1, | 
(14533)	1,5,1, | 1,4,1, | 
(14533)	1,5,1, | 1,4,1, | 
(14724)	1,5,2, | 1,0,0, | 
(14724)	1,5,2, | 1,0,0, | 
(14724)	1,5,2, | 1,0,0, | 
(14724)	1,5,2, | 1,0,0, | 
(14724)	1,5,2, | 1,0,0, | 
(14904)	1,5,3, | 0,0,0, | 
(14904)	1,5,3, | 0,0,0, | 
(14904)	1,5,3, | 0,0,0, | 
(14904)	1,5,3, | 0,0,0, | 
(14904)	1,5,3, | 0,0,0, | 
(14904)	1,5,3, | 0,0,0, | 
(14904)	1,5,3, | 0,0,0, | 
(14904)	1,5,3, | 0,0,0, | 
(14904)	1,5,3, | 0,0,0, | 
(12096)	1,3,2, | 0,0,0, | 
(7164)	0,5,3, | 1,0,0, | 
(7164)	0,5,3, | 1,0,0, | 
(7164)	0,5,3, | 1,0,0, | 
(7164)	0,5,3, | 1,0,0, | 
(7164)	0,5,3, | 1,0,0, | 
(7164)	0,5,3, | 1,0,0, | 
(7164)	0,5,3, | 1,0,0, | 
(7164)	0,5,3, | 1,0,0, | 
(7164)	0,5,3, | 1,0,0, | 
(7164)	0,5,3, | 1,0,0, | 
(7164)	0,5,3, | 1,0,0, | 
(7164)	0,5,3, | 1,0,0, | 
(7164)	0,5,3, | 1,0,0, | 
(14940)	1,5,3, | 1,0,0, | 
(7164)	0,5,3, | 1,0,0, | 
(7164)	0,5,3, | 1,0,0, | 
(7164)	0,5,3, | 1,0,0, | 
(7164)	0,5,3, | 1,0,0, | 
(14904)	1,5,3, | 0,0,0, | 
(14904)	1,5,3, | 0,0,0, | 
(14904)	1,5,3, | 0,0,0, | 
(14904)	1,5,3, | 0,0,0, | 
(14904)	1,5,3, | 0,0,0, | 
(14904)	1,5,3, | 0,0,0, | 
(14904)	1,5,3, | 0,0,0, | 
(14904)	1,5,3, | 0,0,0, | 
(14904)	1,5,3, | 0,0,0, | 
(14904)	1,5,3, | 0,0,0, | 
(14904)	1,5,3, | 0,0,0, | 
(14904)	1,5,3, | 0,0,0, | 
(14904)	1,5,3, | 0,0,0, | 
(7164)	0,5,3, | 1,0,0, | 
(7164)	0,5,3, | 1,0,0, | 
(7164)	0,5,3, | 1,0,0, | 
(7164)	0,5,3, | 1,0,0, | 
(7164)	0,5,3, | 1,0,0, | 
(7164)	0,5,3, | 1,0,0, | 
(7164)	0,5,3, | 1,0,0, | 
(6954)	0,5,2, | 1,1,0, | 
(6954)	0,5,2, | 1,1,0, | 
(14736)	1,5,2, | 1,2,0, | 
(14736)	1,5,2, | 1,2,0, | 
(14736)	1,5,2, | 1,2,0, | 
(14736)	1,5,2, | 1,2,0, | 
(14736)	1,5,2, | 1,2,0, | 
(14736)	1,5,2, | 1,2,0, | 
(14736)	1,5,2, | 1,2,0, | 
(14736)	1,5,2, | 1,2,0, | 
(14736)	1,5,2, | 1,2,0, | 
(14736)	1,5,2, | 1,2,0, | 
(14736)	1,5,2, | 1,2,0, | 
(14736)	1,5,2, | 1,2,0, | 
(14736)	1,5,2, | 1,2,0, | 
(14736)	1,5,2, | 1,2,0, | 
(14904)	1,5,3, | 0,0,0, | 
(14904)	1,5,3, | 0,0,0, | 
(14904)	1,5,3, | 0,0,0, | 
(14904)	1,5,3, | 0,0,0, | 
(14904)	1,5,3, | 0,0,0, | 
(14904)	1,5,3, | 0,0,0, | 
(14904)	1,5,3, | 0,0,0, | 
(14904)	1,5,3, | 0,0,0, | 
(14688)	1,5,2, | 0,0,0, | 
(14689)	1,5,2, | 0,0,1, | 
(14688)	1,5,2, | 0,0,0, | 
(14688)	1,5,2, | 0,0,0, | 
(14689)	1,5,2, | 0,0,1, | 
(14689)	1,5,2, | 0,0,1, | 
(14724)	1,5,2, | 1,0,0, | 
(14724)	1,5,2, | 1,0,0, | 
(14724)	1,5,2, | 1,0,0, | 
(6954)	0,5,2, | 1,1,0, | 
(6954)	0,5,2, | 1,1,0, | 
(9133)	1,1,0, | 1,4,1, | 
(9133)	1,1,0, | 1,4,1, | 
(9133)	1,1,0, | 1,4,1, | 
(9133)	1,1,0, | 1,4,1, | 
(13243)	1,4,1, | 1,5,1, | 
(13243)	1,4,1, | 1,5,1, | 
(13243)	1,4,1, | 1,5,1, | 
(13243)	1,4,1, | 1,5,1, | 
(13243)	1,4,1, | 1,5,1, | 
(13243)	1,4,1, | 1,5,1, | 
(13243)	1,4,1, | 1,5,1, | 
(13243)	1,4,1, | 1,5,1, | 
(13243)	1,4,1, | 1,5,1, | 
(13243)	1,4,1, | 1,5,1, | 
(13243)	1,4,1, | 1,5,1, | 
(13243)	1,4,1, | 1,5,1, | 
(13218)	1,4,1, | 1,1,0, | 
(14695)	1,5,2, | 0,1,1, | 
(14688)	1,5,2, | 0,0,0, | 
(14688)	1,5,2, | 0,0,0, | 
(14688)	1,5,2, | 0,0,0, | 
(14695)	1,5,2, | 0,1,1, | 
(14688)	1,5,2, | 0,0,0, | 
(14688)	1,5,2, | 0,0,0, | 
(14688)	1,5,2, | 0,0,0, | 
(14724)	1,5,2, | 1,0,0, | 
(14724)	1,5,2, | 1,0,0, | 
(14724)	1,5,2, | 1,0,0, | 
(14724)	1,5,2, | 1,0,0, | 
(14724)	1,5,2, | 1,0,0, | 
(6961)	0,5,2, | 1,2,1, | 
(7844)	1,0,0, | 1,5,2, | 
(7844)	1,0,0, | 1,5,2, | 
(7844)	1,0,0, | 1,5,2, | 
(7844)	1,0,0, | 1,5,2, | 
(7844)	1,0,0, | 1,5,2, | 
(7844)	1,0,0, | 1,5,2, | 
(7844)	1,0,0, | 1,5,2, | 
(7844)	1,0,0, | 1,5,2, | 
(7844)	1,0,0, | 1,5,2, | 
(13243)	1,4,1, | 1,5,1, | 
(13243)	1,4,1, | 1,5,1, | 
(13243)	1,4,1, | 1,5,1, | 
(11731)	1,3,0, | 1,5,1, | 
(11731)	1,3,0, | 1,5,1, | 
(11731)	1,3,0, | 1,5,1, | 
(11731)	1,3,0, | 1,5,1, | 
(11731)	1,3,0, | 1,5,1, | 
(11731)	1,3,0, | 1,5,1, | 
(11731)	1,3,0, | 1,5,1, | 
(14526)	1,5,1, | 1,3,0, | 
(14539)	1,5,1, | 1,5,1, | 
(11731)	1,3,0, | 1,5,1, | 
(13182)	1,4,1, | 0,1,0, | 
(13182)	1,4,1, | 0,1,0, | 
(13182)	1,4,1, | 0,1,0, | 
(14724)	1,5,2, | 1,0,0, | 
(14724)	1,5,2, | 1,0,0, | 
(14724)	1,5,2, | 1,0,0, | 
(14724)	1,5,2, | 1,0,0, | 
(14724)	1,5,2, | 1,0,0, | 
(14724)	1,5,2, | 1,0,0, | 
(14724)	1,5,2, | 1,0,0, | 
(14724)	1,5,2, | 1,0,0, | 
(14724)	1,5,2, | 1,0,0, | 
(6961)	0,5,2, | 1,2,1, | 
(6961)	0,5,2, | 1,2,1, | 
(7844)	1,0,0, | 1,5,2, | 
(7844)	1,0,0, | 1,5,2, | 
(7844)	1,0,0, | 1,5,2, | 
(7844)	1,0,0, | 1,5,2, | 
(7844)	1,0,0, | 1,5,2, | 
(7844)	1,0,0, | 1,5,2, | 
(7844)	1,0,0, | 1,5,2, | 
(7844)	1,0,0, | 1,5,2, | 
(7844)	1,0,0, | 1,5,2, | 
(13243)	1,4,1, | 1,5,1, | 
(13243)	1,4,1, | 1,5,1, | 
(13243)	1,4,1, | 1,5,1, | 
(11731)	1,3,0, | 1,5,1, | 
(22315)	2,5,1, | 1,5,1, | 
(22315)	2,5,1, | 1,5,1, | 
(11731)	1,3,0, | 1,5,1, | 
(22315)	2,5,1, | 1,5,1, | 
(14575)	1,5,1, | 2,5,1, | 
(14575)	1,5,1, | 2,5,1, | 
(14539)	1,5,1, | 1,5,1, | 
(11731)	1,3,0, | 1,5,1, | 
(14526)	1,5,1, | 1,3,0, | 
(14520)	1,5,1, | 1,2,0, | 
(14520)	1,5,1, | 1,2,0, | 
(14724)	1,5,2, | 1,0,0, | 
(14724)	1,5,2, | 1,0,0, | 
(14724)	1,5,2, | 1,0,0, | 
(14724)	1,5,2, | 1,0,0, | 
(14724)	1,5,2, | 1,0,0, | 
(14724)	1,5,2, | 1,0,0, | 
(14724)	1,5,2, | 1,0,0, | 
(14724)	1,5,2, | 1,0,0, | 
(14724)	1,5,2, | 1,0,0, | 
(14724)	1,5,2, | 1,0,0, | 
(14724)	1,5,2, | 1,0,0, | 
(7844)	1,0,0, | 1,5,2, | 
(7844)	1,0,0, | 1,5,2, | 
(7844)	1,0,0, | 1,5,2, | 
(7844)	1,0,0, | 1,5,2, | 
(7844)	1,0,0, | 1,5,2, | 
(7844)	1,0,0, | 1,5,2, | 
(7844)	1,0,0, | 1,5,2, | 
(7844)	1,0,0, | 1,5,2, | 
(7844)	1,0,0, | 1,5,2, | 
(7844)	1,0,0, | 1,5,2, | 
(13243)	1,4,1, | 1,5,1, | 
(13243)	1,4,1, | 1,5,1, | 
(13243)	1,4,1, | 1,5,1, | 
(11731)	1,3,0, | 1,5,1, | 
(11731)	1,3,0, | 1,5,1, | 
(22315)	2,5,1, | 1,5,1, | 
(11731)	1,3,0, | 1,5,1, | 
(22315)	2,5,1, | 1,5,1, | 
(14562)	1,5,1, | 2,3,0, | 
(14526)	1,5,1, | 1,3,0, | 
(14575)	1,5,1, | 2,5,1, | 
(14526)	1,5,1, | 1,3,0, | 
(14526)	1,5,1, | 1,3,0, | 
(14533)	1,5,1, | 1,4,1, | 
(14533)	1,5,1, | 1,4,1, | 
(14533)	1,5,1, | 1,4,1, | 
(14724)	1,5,2, | 1,0,0, | 
(14724)	1,5,2, | 1,0,0, | 
(14724)	1,5,2, | 1,0,0, | 
(14724)	1,5,2, | 1,0,0, | 
(14724)	1,5,2, | 1,0,0, | 
