(0)	0,0,0, | 0,0,0, | 
(1)	0,0,0, | 0,0,1, | 
(0)	0,0,0, | 0,0,0, | 
(0)	0,0,0, | 0,0,0, | 
(0)	0,0,0, | 0,0,0, | 
(0)	0,0,0, | 0,0,0, | 
(0)	0,0,0, | 0,0,0, | 
(0)	0,0,0, | 0,0,0, | 
(0)	0,0,0, | 0,0,0, | 
(0)	0,0,0, | 0,0,0, | 
(7776)	1,0,0, | 0,0,0, | 
(7776)	1,0,0, | 0,0,0, | 
(7776)	1,0,0, | 0,0,0, | 
(7776)	1,0,0, | 0,0,0, | 
(7776)	1,0,0, | 0,0,0, | 
(0)	0,0,0, | 0,0,0, | 
(0)	0,0,0, | 0,0,0, | 
(0)	0,0,0, | 0,0,0, | 
(7776)	1,0,0, | 0,0,0, | 
(7776)	1,0,0, | 0,0,0, | 
(36)	0,0,0, | 1,0,0, | 
(36)	0,0,0, | 1,0,0, | 
(7776)	1,0,0, | 0,0,0, | 
(36)	0,0,0, | 1,0,0, | 
(36)	0,0,0, | 1,0,0, | 
(36)	0,0,0, | 1,0,0, | 
(0)	0,0,0, | 0,0,0, | 
(36)	0,0,0, | 1,0,0, | 
(36)	0,0,0, | 1,0,0, | 
(36)	0,0,0, | 1,0,0, | 
(36)	0,0,0, | 1,0,0, | 
(0)	0,0,0, | 0,0,0, | 
(0)	0,0,0, | 0,0,0, | 
(36)	0,0,0, | 1,0,0, | 
(36)	0,0,0, | 1,0,0, | 
(0)	0,0,0, | 0,0,0, | 
(73)	0,0,0, | 2,0,1, | 
(49)	0,0,0, | 1,2,1, | 
(49)	0,0,0, | 1,2,1, | 
(49)	0,0,0, | 1,2,1, | 
(49)	0,0,0, | 1,2,1, | 
(49)	0,0,0, | 1,2,1, | 
(49)	0,0,0, | 1,2,1, | 
(49)	0,0,0, | 1,2,1, | 
(49)	0,0,0, | 1,2,1, | 
(49)	0,0,0, | 1,2,1, | 
(49)	0,0,0, | 1,2,1, | 
(49)	0,0,0, | 1,2,1, | 
(49)	0,0,0, | 1,2,1, | 
(49)	0,0,0, | 1,2,1, | 
(49)	0,0,0, | 1,2,1, | 
(49)	0,0,0, | 1,2,1, | 
(49)	0,0,0, | 1,2,1, | 
(49)	0,0,0, | 1,2,1, | 
(7789)	1,0,0, | 0,2,1, | 
(7832)	1,0,0, | 1,3,2, | 
(7825)	1,0,0, | 1,2,1, | 
(7832)	1,0,0, | 1,3,2, | 
(7825)	1,0,0, | 1,2,1, | 
(7789)	1,0,0, | 0,2,1, | 
(7825)	1,0,0, | 1,2,1, | 
(7832)	1,0,0, | 1,3,2, | 
(7825)	1,0,0, | 1,2,1, | 
(7789)	1,0,0, | 0,2,1, | 
(7789)	1,0,0, | 0,2,1, | 
(7789)	1,0,0, | 0,2,1, | 
(7789)	1,0,0, | 0,2,1, | 
(7825)	1,0,0, | 1,2,1, | 
(7825)	1,0,0, | 1,2,1, | 
(7796)	1,0,0, | 0,3,2, | 
(7789)	1,0,0, | 0,2,1, | 
(7789)	1,0,0, | 0,2,1, | 
(92)	0,0,0, | 2,3,2, | 
(62)	0,0,0, | 1,4,2, | 
(62)	0,0,0, | 1,4,2, | 
(62)	0,0,0, | 1,4,2, | 
(62)	0,0,0, | 1,4,2, | 
(62)	0,0,0, | 1,4,2, | 
(62)	0,0,0, | 1,4,2, | 
(62)	0,0,0, | 1,4,2, | 
(62)	0,0,0, | 1,4,2, | 
(62)	0,0,0, | 1,4,2, | 
(62)	0,0,0, | 1,4,2, | 
(62)	0,0,0, | 1,4,2, | 
(62)	0,0,0, | 1,4,2, | 
(62)	0,0,0, | 1,4,2, | 
(62)	0,0,0, | 1,4,2, | 
(62)	0,0,0, | 1,4,2, | 
(62)	0,0,0, | 1,4,2, | 
(62)	0,0,0, | 1,4,2, | 
(7789)	1,0,0, | 0,2,1, | 
(7844)	1,0,0, | 1,5,2, | 
(7789)	1,0,0, | 0,2,1, | 
(7789)	1,0,0, | 0,2,1, | 
(7796)	1,0,0, | 0,3,2, | 
(7844)	1,0,0, | 1,5,2, | 
(7844)	1,0,0, | 1,5,2, | 
(7789)	1,0,0, | 0,2,1, | 
(7796)	1,0,0, | 0,3,2, | 
(7844)	1,0,0, | 1,5,2, | 
(7789)	1,0,0, | 0,2,1, | 
(7796)	1,0,0, | 0,3,2, | 
(7789)	1,0,0, | 0,2,1, | 
(7789)	1,0,0, | 0,2,1, | 
(7789)	1,0,0, | 0,2,1, | 
(7796)	1,0,0, | 0,3,2, | 
(7802)	1,0,0, | 0,4,2, | 
(7796)	1,0,0, | 0,3,2, | 
(99)	0,0,0, | 2,4,3, | 
(69)	0,0,0, | 1,5,3, | 
(69)	0,0,0, | 1,5,3, | 
(69)	0,0,0, | 1,5,3, | 
(69)	0,0,0, | 1,5,3, | 
(69)	0,0,0, | 1,5,3, | 
(69)	0,0,0, | 1,5,3, | 
(69)	0,0,0, | 1,5,3, | 
(69)	0,0,0, | 1,5,3, | 
(69)	0,0,0, | 1,5,3, | 
(69)	0,0,0, | 1,5,3, | 
(69)	0,0,0, | 1,5,3, | 
(69)	0,0,0, | 1,5,3, | 
(69)	0,0,0, | 1,5,3, | 
(69)	0,0,0, | 1,5,3, | 
(69)	0,0,0, | 1,5,3, | 
(69)	0,0,0, | 1,5,3, | 
(69)	0,0,0, | 1,5,3, | 
(7802)	1,0,0, | 0,4,2, | 
(7802)	1,0,0, | 0,4,2, | 
(7838)	1,0,0, | 1,4,2, | 
(7802)	1,0,0, | 0,4,2, | 
(7808)	1,0,0, | 0,5,2, | 
(7802)	1,0,0, | 0,4,2, | 
(7802)	1,0,0, | 0,4,2, | 
(7802)	1,0,0, | 0,4,2, | 
(7802)	1,0,0, | 0,4,2, | 
(7802)	1,0,0, | 0,4,2, | 
(7802)	1,0,0, | 0,4,2, | 
(7802)	1,0,0, | 0,4,2, | 
(7802)	1,0,0, | 0,4,2, | 
(7802)	1,0,0, | 0,4,2, | 
(7809)	1,0,0, | 0,5,3, | 
(7802)	1,0,0, | 0,4,2, | 
(7809)	1,0,0, | 0,5,3, | 
(7809)	1,0,0, | 0,5,3, | 
(62)	0,0,0, | 1,4,2, | 
(69)	0,0,0, | 1,5,3, | 
(69)	0,0,0, | 1,5,3, | 
(69)	0,0,0, | 1,5,3, | 
(69)	0,0,0, | 1,5,3, | 
(69)	0,0,0, | 1,5,3, | 
(69)	0,0,0, | 1,5,3, | 
(69)	0,0,0, | 1,5,3, | 
(69)	0,0,0, | 1,5,3, | 
(69)	0,0,0, | 1,5,3, | 
(69)	0,0,0, | 1,5,3, | 
(69)	0,0,0, | 1,5,3, | 
(69)	0,0,0, | 1,5,3, | 
(69)	0,0,0, | 1,5,3, | 
(69)	0,0,0, | 1,5,3, | 
(69)	0,0,0, | 1,5,3, | 
(69)	0,0,0, | 1,5,3, | 
(69)	0,0,0, | 1,5,3, | 
(7802)	1,0,0, | 0,4,2, | 
(7802)	1,0,0, | 0,4,2, | 
(7802)	1,0,0, | 0,4,2, | 
(7802)	1,0,0, | 0,4,2, | 
(7808)	1,0,0, | 0,5,2, | 
(7809)	1,0,0, | 0,5,3, | 
(7808)	1,0,0, | 0,5,2, | 
(7809)	1,0,0, | 0,5,3, | 
(7808)	1,0,0, | 0,5,2, | 
(7809)	1,0,0, | 0,5,3, | 
(7809)	1,0,0, | 0,5,3, | 
(7845)	1,0,0, | 1,5,3, | 
(7802)	1,0,0, | 0,4,2, | 
(7802)	1,0,0, | 0,4,2, | 
(7802)	1,0,0, | 0,4,2, | 
(7808)	1,0,0, | 0,5,2, | 
(7809)	1,0,0, | 0,5,3, | 
(7809)	1,0,0, | 0,5,3, | 
(105)	0,0,0, | 2,5,3, | 
(69)	0,0,0, | 1,5,3, | 
(69)	0,0,0, | 1,5,3, | 
(69)	0,0,0, | 1,5,3, | 
(69)	0,0,0, | 1,5,3, | 
(69)	0,0,0, | 1,5,3, | 
(69)	0,0,0, | 1,5,3, | 
(69)	0,0,0, | 1,5,3, | 
(69)	0,0,0, | 1,5,3, | 
(69)	0,0,0, | 1,5,3, | 
(69)	0,0,0, | 1,5,3, | 
(69)	0,0,0, | 1,5,3, | 
(69)	0,0,0, | 1,5,3, | 
(69)	0,0,0, | 1,5,3, | 
(69)	0,0,0, | 1,5,3, | 
(69)	0,0,0, | 1,5,3, | 
(69)	0,0,0, | 1,5,3, | 
(69)	0,0,0, | 1,5,3, | 
(7802)	1,0,0, | 0,4,2, | 
(7802)	1,0,0, | 0,4,2, | 
(7802)	1,0,0, | 0,4,2, | 
(7802)	1,0,0, | 0,4,2, | 
(7802)	1,0,0, | 0,4,2, | 
(7802)	1,0,0, | 0,4,2, | 
(7802)	1,0,0, | 0,4,2, | 
(7802)	1,0,0, | 0,4,2, | 
(7802)	1,0,0, | 0,4,2, | 
(7802)	1,0,0, | 0,4,2, | 
(7809)	1,0,0, | 0,5,3, | 
(7802)	1,0,0, | 0,4,2, | 
(7809)	1,0,0, | 0,5,3, | 
(7802)	1,0,0, | 0,4,2, | 
(7845)	1,0,0, | 1,5,3, | 
(7802)	1,0,0, | 0,4,2, | 
(7802)	1,0,0, | 0,4,2, | 
(7809)	1,0,0, | 0,5,3, | 
(10584)	1,2,1, | 0,0,0, | 
(10585)	1,2,1, | 0,0,1, | 
(10585)	1,2,1, | 0,0,1, | 
(10585)	1,2,1, | 0,0,1, | 
(10585)	1,2,1, | 0,0,1, | 
(10585)	1,2,1, | 0,0,1, | 
(10584)	1,2,1, | 0,0,0, | 
(10584)	1,2,1, | 0,0,0, | 
(10585)	1,2,1, | 0,0,1, | 
(15552)	2,0,0, | 0,0,0, | 
(10620)	1,2,1, | 1,0,0, | 
(10620)	1,2,1, | 1,0,0, | 
(10620)	1,2,1, | 1,0,0, | 
(10620)	1,2,1, | 1,0,0, | 
(10620)	1,2,1, | 1,0,0, | 
(10620)	1,2,1, | 1,0,0, | 
(10620)	1,2,1, | 1,0,0, | 
(10620)	1,2,1, | 1,0,0, | 
(2844)	0,2,1, | 1,0,0, | 
(10620)	1,2,1, | 1,0,0, | 
(10620)	1,2,1, | 1,0,0, | 
(2844)	0,2,1, | 1,0,0, | 
(2844)	0,2,1, | 1,0,0, | 
(2844)	0,2,1, | 1,0,0, | 
(2844)	0,2,1, | 1,0,0, | 
(10620)	1,2,1, | 1,0,0, | 
(2844)	0,2,1, | 1,0,0, | 
(2844)	0,2,1, | 1,0,0, | 
(10584)	1,2,1, | 0,0,0, | 
(10584)	1,2,1, | 0,0,0, | 
(10584)	1,2,1, | 0,0,0, | 
(10584)	1,2,1, | 0,0,0, | 
(10584)	1,2,1, | 0,0,0, | 
(10584)	1,2,1, | 0,0,0, | 
(10584)	1,2,1, | 0,0,0, | 
(10584)	1,2,1, | 0,0,0, | 
(10584)	1,2,1, | 0,0,0, | 
(10585)	1,2,1, | 0,0,1, | 
(10585)	1,2,1, | 0,0,1, | 
(10585)	1,2,1, | 0,0,1, | 
(10585)	1,2,1, | 0,0,1, | 
(49)	0,0,0, | 1,2,1, | 
(49)	0,0,0, | 1,2,1, | 
(49)	0,0,0, | 1,2,1, | 
(49)	0,0,0, | 1,2,1, | 
(49)	0,0,0, | 1,2,1, | 
(49)	0,0,0, | 1,2,1, | 
(49)	0,0,0, | 1,2,1, | 
(1561)	0,1,1, | 1,2,1, | 
(49)	0,0,0, | 1,2,1, | 
(49)	0,0,0, | 1,2,1, | 
(49)	0,0,0, | 1,2,1, | 
(49)	0,0,0, | 1,2,1, | 
(49)	0,0,0, | 1,2,1, | 
(15607)	2,0,0, | 1,3,1, | 
(11958)	1,3,1, | 2,1,0, | 
(16890)	2,1,0, | 1,1,0, | 
(11935)	1,3,1, | 1,3,1, | 
(11935)	1,3,1, | 1,3,1, | 
(9150)	1,1,0, | 2,1,0, | 
(11935)	1,3,1, | 1,3,1, | 
(9150)	1,1,0, | 2,1,0, | 
(9150)	1,1,0, | 2,1,0, | 
(11952)	1,3,1, | 2,0,0, | 
(10584)	1,2,1, | 0,0,0, | 
(10591)	1,2,1, | 0,1,1, | 
(10584)	1,2,1, | 0,0,0, | 
(10584)	1,2,1, | 0,0,0, | 
(10584)	1,2,1, | 0,0,0, | 
(10584)	1,2,1, | 0,0,0, | 
(10584)	1,2,1, | 0,0,0, | 
(10584)	1,2,1, | 0,0,0, | 
(8005)	1,0,1, | 0,2,1, | 
(7802)	1,0,0, | 0,4,2, | 
(7802)	1,0,0, | 0,4,2, | 
(7802)	1,0,0, | 0,4,2, | 
(7802)	1,0,0, | 0,4,2, | 
(62)	0,0,0, | 1,4,2, | 
(62)	0,0,0, | 1,4,2, | 
(62)	0,0,0, | 1,4,2, | 
(62)	0,0,0, | 1,4,2, | 
(62)	0,0,0, | 1,4,2, | 
(62)	0,0,0, | 1,4,2, | 
(62)	0,0,0, | 1,4,2, | 
(1574)	0,1,1, | 1,4,2, | 
(62)	0,0,0, | 1,4,2, | 
(62)	0,0,0, | 1,4,2, | 
(62)	0,0,0, | 1,4,2, | 
(62)	0,0,0, | 1,4,2, | 
(62)	0,0,0, | 1,4,2, | 
(10429)	1,2,0, | 1,4,1, | 
(10429)	1,2,0, | 1,4,1, | 
(10429)	1,2,0, | 1,4,1, | 
(10429)	1,2,0, | 1,4,1, | 
(10429)	1,2,0, | 1,4,1, | 
(10429)	1,2,0, | 1,4,1, | 
(10429)	1,2,0, | 1,4,1, | 
(10410)	1,2,0, | 1,1,0, | 
(10429)	1,2,0, | 1,4,1, | 
(10393)	1,2,0, | 0,4,1, | 
(10393)	1,2,0, | 0,4,1, | 
(10393)	1,2,0, | 0,4,1, | 
(11916)	1,3,1, | 1,0,0, | 
(11916)	1,3,1, | 1,0,0, | 
(11916)	1,3,1, | 1,0,0, | 
(11916)	1,3,1, | 1,0,0, | 
(11916)	1,3,1, | 1,0,0, | 
(7789)	1,0,0, | 0,2,1, | 
(8018)	1,0,1, | 0,4,2, | 
(7809)	1,0,0, | 0,5,3, | 
(7809)	1,0,0, | 0,5,3, | 
(7809)	1,0,0, | 0,5,3, | 
(7809)	1,0,0, | 0,5,3, | 
(69)	0,0,0, | 1,5,3, | 
(69)	0,0,0, | 1,5,3, | 
(69)	0,0,0, | 1,5,3, | 
(69)	0,0,0, | 1,5,3, | 
(69)	0,0,0, | 1,5,3, | 
(69)	0,0,0, | 1,5,3, | 
(69)	0,0,0, | 1,5,3, | 
(69)	0,0,0, | 1,5,3, | 
(69)	0,0,0, | 1,5,3, | 
(69)	0,0,0, | 1,5,3, | 
(69)	0,0,0, | 1,5,3, | 
(69)	0,0,0, | 1,5,3, | 
(69)	0,0,0, | 1,5,3, | 
(10429)	1,2,0, | 1,4,1, | 
(10429)	1,2,0, | 1,4,1, | 
(10435)	1,2,0, | 1,5,1, | 
(10429)	1,2,0, | 1,4,1, | 
(10435)	1,2,0, | 1,5,1, | 
(10435)	1,2,0, | 1,5,1, | 
(10435)	1,2,0, | 1,5,1, | 
(10435)	1,2,0, | 1,5,1, | 
(10435)	1,2,0, | 1,5,1, | 
(10435)	1,2,0, | 1,5,1, | 
(10393)	1,2,0, | 0,4,1, | 
(10393)	1,2,0, | 0,4,1, | 
(10393)	1,2,0, | 0,4,1, | 
(10393)	1,2,0, | 0,4,1, | 
(10393)	1,2,0, | 0,4,1, | 
(9140)	1,1,0, | 1,5,2, | 
(7809)	1,0,0, | 0,5,3, | 
(7809)	1,0,0, | 0,5,3, | 
(8018)	1,0,1, | 0,4,2, | 
(7809)	1,0,0, | 0,5,3, | 
(7809)	1,0,0, | 0,5,3, | 
(7809)	1,0,0, | 0,5,3, | 
(7809)	1,0,0, | 0,5,3, | 
(69)	0,0,0, | 1,5,3, | 
(69)	0,0,0, | 1,5,3, | 
(69)	0,0,0, | 1,5,3, | 
(69)	0,0,0, | 1,5,3, | 
(69)	0,0,0, | 1,5,3, | 
(69)	0,0,0, | 1,5,3, | 
(69)	0,0,0, | 1,5,3, | 
(69)	0,0,0, | 1,5,3, | 
(69)	0,0,0, | 1,5,3, | 
(69)	0,0,0, | 1,5,3, | 
(69)	0,0,0, | 1,5,3, | 
(69)	0,0,0, | 1,5,3, | 
(69)	0,0,0, | 1,5,3, | 
(10429)	1,2,0, | 1,4,1, | 
(10435)	1,2,0, | 1,5,1, | 
(10435)	1,2,0, | 1,5,1, | 
(10429)	1,2,0, | 1,4,1, | 
(10435)	1,2,0, | 1,5,1, | 
(10435)	1,2,0, | 1,5,1, | 
(10435)	1,2,0, | 1,5,1, | 
(10435)	1,2,0, | 1,5,1, | 
(10435)	1,2,0, | 1,5,1, | 
(10435)	1,2,0, | 1,5,1, | 
(10393)	1,2,0, | 0,4,1, | 
(10393)	1,2,0, | 0,4,1, | 
(10393)	1,2,0, | 0,4,1, | 
(10393)	1,2,0, | 0,4,1, | 
(10393)	1,2,0, | 0,4,1, | 
(9140)	1,1,0, | 1,5,2, | 
(7809)	1,0,0, | 0,5,3, | 
(7845)	1,0,0, | 1,5,3, | 
(8018)	1,0,1, | 0,4,2, | 
(7809)	1,0,0, | 0,5,3, | 
(7809)	1,0,0, | 0,5,3, | 
(7809)	1,0,0, | 0,5,3, | 
(7809)	1,0,0, | 0,5,3, | 
(69)	0,0,0, | 1,5,3, | 
(69)	0,0,0, | 1,5,3, | 
(69)	0,0,0, | 1,5,3, | 
(69)	0,0,0, | 1,5,3, | 
(69)	0,0,0, | 1,5,3, | 
(69)	0,0,0, | 1,5,3, | 
(69)	0,0,0, | 1,5,3, | 
(69)	0,0,0, | 1,5,3, | 
(69)	0,0,0, | 1,5,3, | 
(69)	0,0,0, | 1,5,3, | 
(69)	0,0,0, | 1,5,3, | 
(69)	0,0,0, | 1,5,3, | 
(69)	0,0,0, | 1,5,3, | 
(10429)	1,2,0, | 1,4,1, | 
(10429)	1,2,0, | 1,4,1, | 
(10435)	1,2,0, | 1,5,1, | 
(10435)	1,2,0, | 1,5,1, | 
(10435)	1,2,0, | 1,5,1, | 
(10435)	1,2,0, | 1,5,1, | 
(10435)	1,2,0, | 1,5,1, | 
(10435)	1,2,0, | 1,5,1, | 
(10435)	1,2,0, | 1,5,1, | 
(10435)	1,2,0, | 1,5,1, | 
(10393)	1,2,0, | 0,4,1, | 
(10393)	1,2,0, | 0,4,1, | 
(10393)	1,2,0, | 0,4,1, | 
(10393)	1,2,0, | 0,4,1, | 
(10393)	1,2,0, | 0,4,1, | 
(9140)	1,1,0, | 1,5,2, | 
(7802)	1,0,0, | 0,4,2, | 
(7845)	1,0,0, | 1,5,3, | 
(13392)	1,4,2, | 0,0,0, | 
(13392)	1,4,2, | 0,0,0, | 
(13392)	1,4,2, | 0,0,0, | 
(13393)	1,4,2, | 0,0,1, | 
(13393)	1,4,2, | 0,0,1, | 
(13393)	1,4,2, | 0,0,1, | 
(13392)	1,4,2, | 0,0,0, | 
(13392)	1,4,2, | 0,0,0, | 
(13393)	1,4,2, | 0,0,1, | 
(19656)	2,3,1, | 0,0,0, | 
(13428)	1,4,2, | 1,0,0, | 
(13428)	1,4,2, | 1,0,0, | 
(13428)	1,4,2, | 1,0,0, | 
(13428)	1,4,2, | 1,0,0, | 
(13428)	1,4,2, | 1,0,0, | 
(13428)	1,4,2, | 1,0,0, | 
(13428)	1,4,2, | 1,0,0, | 
(13428)	1,4,2, | 1,0,0, | 
(14724)	1,5,2, | 1,0,0, | 
(12132)	1,3,2, | 1,0,0, | 
(2844)	0,2,1, | 1,0,0, | 
(2844)	0,2,1, | 1,0,0, | 
(2844)	0,2,1, | 1,0,0, | 
(2844)	0,2,1, | 1,0,0, | 
(2844)	0,2,1, | 1,0,0, | 
(2844)	0,2,1, | 1,0,0, | 
(4356)	0,3,2, | 1,0,0, | 
(2844)	0,2,1, | 1,0,0, | 
(13392)	1,4,2, | 0,0,0, | 
(13392)	1,4,2, | 0,0,0, | 
(13392)	1,4,2, | 0,0,0, | 
(13392)	1,4,2, | 0,0,0, | 
(13392)	1,4,2, | 0,0,0, | 
(13392)	1,4,2, | 0,0,0, | 
(13392)	1,4,2, | 0,0,0, | 
(13392)	1,4,2, | 0,0,0, | 
(13392)	1,4,2, | 0,0,0, | 
(13392)	1,4,2, | 0,0,0, | 
(13392)	1,4,2, | 0,0,0, | 
(13393)	1,4,2, | 0,0,1, | 
(13393)	1,4,2, | 0,0,1, | 
(5652)	0,4,2, | 1,0,0, | 
(5652)	0,4,2, | 1,0,0, | 
(5652)	0,4,2, | 1,0,0, | 
(5652)	0,4,2, | 1,0,0, | 
(13428)	1,4,2, | 1,0,0, | 
(13428)	1,4,2, | 1,0,0, | 
(7831)	1,0,0, | 1,3,1, | 
(7831)	1,0,0, | 1,3,1, | 
(7831)	1,0,0, | 1,3,1, | 
(7831)	1,0,0, | 1,3,1, | 
(7831)	1,0,0, | 1,3,1, | 
(5448)	0,4,1, | 1,2,0, | 
(5448)	0,4,1, | 1,2,0, | 
(5448)	0,4,1, | 1,2,0, | 
(13224)	1,4,1, | 1,2,0, | 
(9120)	1,1,0, | 1,2,0, | 
(9120)	1,1,0, | 1,2,0, | 
(13224)	1,4,1, | 1,2,0, | 
(9120)	1,1,0, | 1,2,0, | 
(13224)	1,4,1, | 1,2,0, | 
(9120)	1,1,0, | 1,2,0, | 
(13224)	1,4,1, | 1,2,0, | 
(11952)	1,3,1, | 2,0,0, | 
(13392)	1,4,2, | 0,0,0, | 
(13392)	1,4,2, | 0,0,0, | 
(13392)	1,4,2, | 0,0,0, | 
(13392)	1,4,2, | 0,0,0, | 
(13392)	1,4,2, | 0,0,0, | 
(13392)	1,4,2, | 0,0,0, | 
(13399)	1,4,2, | 0,1,1, | 
(13392)	1,4,2, | 0,0,0, | 
(14688)	1,5,2, | 0,0,0, | 
(14688)	1,5,2, | 0,0,0, | 
(14689)	1,5,2, | 0,0,1, | 
(14689)	1,5,2, | 0,0,1, | 
(5652)	0,4,2, | 1,0,0, | 
(7802)	1,0,0, | 0,4,2, | 
(68)	0,0,0, | 1,5,2, | 
(68)	0,0,0, | 1,5,2, | 
(68)	0,0,0, | 1,5,2, | 
(68)	0,0,0, | 1,5,2, | 
(68)	0,0,0, | 1,5,2, | 
(1580)	0,1,1, | 1,5,2, | 
(1580)	0,1,1, | 1,5,2, | 
(68)	0,0,0, | 1,5,2, | 
(1580)	0,1,1, | 1,5,2, | 
(1580)	0,1,1, | 1,5,2, | 
(68)	0,0,0, | 1,5,2, | 
(7837)	1,0,0, | 1,4,1, | 
(61)	0,0,0, | 1,4,1, | 
(13224)	1,4,1, | 1,2,0, | 
(10429)	1,2,0, | 1,4,1, | 
(10416)	1,2,0, | 1,2,0, | 
(10416)	1,2,0, | 1,2,0, | 
(13224)	1,4,1, | 1,2,0, | 
(13224)	1,4,1, | 1,2,0, | 
(10416)	1,2,0, | 1,2,0, | 
(10416)	1,2,0, | 1,2,0, | 
(10393)	1,2,0, | 0,4,1, | 
(13176)	1,4,1, | 0,0,0, | 
(14688)	1,5,2, | 0,0,0, | 
(14688)	1,5,2, | 0,0,0, | 
(14688)	1,5,2, | 0,0,0, | 
(14695)	1,5,2, | 0,1,1, | 
(14688)	1,5,2, | 0,0,0, | 
(14695)	1,5,2, | 0,1,1, | 
(14688)	1,5,2, | 0,0,0, | 
(14725)	1,5,2, | 1,0,1, | 
(14724)	1,5,2, | 1,0,0, | 
(7802)	1,0,0, | 0,4,2, | 
(7802)	1,0,0, | 0,4,2, | 
(7802)	1,0,0, | 0,4,2, | 
(7802)	1,0,0, | 0,4,2, | 
(68)	0,0,0, | 1,5,2, | 
(68)	0,0,0, | 1,5,2, | 
(68)	0,0,0, | 1,5,2, | 
(68)	0,0,0, | 1,5,2, | 
(68)	0,0,0, | 1,5,2, | 
(68)	0,0,0, | 1,5,2, | 
(68)	0,0,0, | 1,5,2, | 
(68)	0,0,0, | 1,5,2, | 
(1580)	0,1,1, | 1,5,2, | 
(1580)	0,1,1, | 1,5,2, | 
(68)	0,0,0, | 1,5,2, | 
(1580)	0,1,1, | 1,5,2, | 
(1357)	0,1,0, | 1,4,1, | 
(13260)	1,4,1, | 2,2,0, | 
(21000)	2,4,1, | 1,2,0, | 
(14520)	1,5,1, | 1,2,0, | 
(13260)	1,4,1, | 2,2,0, | 
(13260)	1,4,1, | 2,2,0, | 
(13273)	1,4,1, | 2,4,1, | 
(13260)	1,4,1, | 2,2,0, | 
(13224)	1,4,1, | 1,2,0, | 
(13176)	1,4,1, | 0,0,0, | 
(13176)	1,4,1, | 0,0,0, | 
(13176)	1,4,1, | 0,0,0, | 
(13176)	1,4,1, | 0,0,0, | 
(13183)	1,4,1, | 0,1,1, | 
(13176)	1,4,1, | 0,0,0, | 
(13176)	1,4,1, | 0,0,0, | 
(14724)	1,5,2, | 1,0,0, | 
(14724)	1,5,2, | 1,0,0, | 
(14724)	1,5,2, | 1,0,0, | 
(7802)	1,0,0, | 0,4,2, | 
(7802)	1,0,0, | 0,4,2, | 
(7802)	1,0,0, | 0,4,2, | 
(7802)	1,0,0, | 0,4,2, | 
(68)	0,0,0, | 1,5,2, | 
(68)	0,0,0, | 1,5,2, | 
(68)	0,0,0, | 1,5,2, | 
(68)	0,0,0, | 1,5,2, | 
(68)	0,0,0, | 1,5,2, | 
(68)	0,0,0, | 1,5,2, | 
(68)	0,0,0, | 1,5,2, | 
(1580)	0,1,1, | 1,5,2, | 
(68)	0,0,0, | 1,5,2, | 
(68)	0,0,0, | 1,5,2, | 
(68)	0,0,0, | 1,5,2, | 
(68)	0,0,0, | 1,5,2, | 
(68)	0,0,0, | 1,5,2, | 
(1357)	0,1,0, | 1,4,1, | 
(14533)	1,5,1, | 1,4,1, | 
(14533)	1,5,1, | 1,4,1, | 
(14533)	1,5,1, | 1,4,1, | 
(14533)	1,5,1, | 1,4,1, | 
(14533)	1,5,1, | 1,4,1, | 
(14533)	1,5,1, | 1,4,1, | 
(14533)	1,5,1, | 1,4,1, | 
(14533)	1,5,1, | 1,4,1, | 
(14514)	1,5,1, | 1,1,0, | 
(14514)	1,5,1, | 1,1,0, | 
(13176)	1,4,1, | 0,0,0, | 
(13183)	1,4,1, | 0,1,1, | 
(13176)	1,4,1, | 0,0,0, | 
(13176)	1,4,1, | 0,0,0, | 
(13176)	1,4,1, | 0,0,0, | 
(13176)	1,4,1, | 0,0,0, | 
(13176)	1,4,1, | 0,0,0, | 
(14725)	1,5,2, | 1,0,1, | 
(7845)	1,0,0, | 1,5,3, | 
(7808)	1,0,0, | 0,5,2, | 
(7808)	1,0,0, | 0,5,2, | 
(7845)	1,0,0, | 1,5,3, | 
(68)	0,0,0, | 1,5,2, | 
(68)	0,0,0, | 1,5,2, | 
(68)	0,0,0, | 1,5,2, | 
(68)	0,0,0, | 1,5,2, | 
(68)	0,0,0, | 1,5,2, | 
(68)	0,0,0, | 1,5,2, | 
(68)	0,0,0, | 1,5,2, | 
(1580)	0,1,1, | 1,5,2, | 
(68)	0,0,0, | 1,5,2, | 
(68)	0,0,0, | 1,5,2, | 
(68)	0,0,0, | 1,5,2, | 
(68)	0,0,0, | 1,5,2, | 
(1580)	0,1,1, | 1,5,2, | 
(1357)	0,1,0, | 1,4,1, | 
(14533)	1,5,1, | 1,4,1, | 
(11731)	1,3,0, | 1,5,1, | 
(11731)	1,3,0, | 1,5,1, | 
(11731)	1,3,0, | 1,5,1, | 
(14533)	1,5,1, | 1,4,1, | 
(11731)	1,3,0, | 1,5,1, | 
(14520)	1,5,1, | 1,2,0, | 
(11731)	1,3,0, | 1,5,1, | 
(11731)	1,3,0, | 1,5,1, | 
(14491)	1,5,1, | 0,3,1, | 
(14491)	1,5,1, | 0,3,1, | 
(14491)	1,5,1, | 0,3,1, | 
(14491)	1,5,1, | 0,3,1, | 
(14724)	1,5,2, | 1,0,0, | 
(14724)	1,5,2, | 1,0,0, | 
(14724)	1,5,2, | 1,0,0, | 
(14724)	1,5,2, | 1,0,0, | 
(14904)	1,5,3, | 0,0,0, | 
(14904)	1,5,3, | 0,0,0, | 
(14904)	1,5,3, | 0,0,0, | 
(14904)	1,5,3, | 0,0,0, | 
(14904)	1,5,3, | 0,0,0, | 
(14904)	1,5,3, | 0,0,0, | 
(14904)	1,5,3, | 0,0,0, | 
(14904)	1,5,3, | 0,0,0, | 
(14904)	1,5,3, | 0,0,0, | 
(19872)	2,3,2, | 0,0,0, | 
(14940)	1,5,3, | 1,0,0, | 
(14940)	1,5,3, | 1,0,0, | 
(14940)	1,5,3, | 1,0,0, | 
(14940)	1,5,3, | 1,0,0, | 
(14940)	1,5,3, | 1,0,0, | 
(14940)	1,5,3, | 1,0,0, | 
(14940)	1,5,3, | 1,0,0, | 
(5652)	0,4,2, | 1,0,0, | 
(5652)	0,4,2, | 1,0,0, | 
(5652)	0,4,2, | 1,0,0, | 
(5652)	0,4,2, | 1,0,0, | 
(6948)	0,5,2, | 1,0,0, | 
(5652)	0,4,2, | 1,0,0, | 
(7164)	0,5,3, | 1,0,0, | 
(7164)	0,5,3, | 1,0,0, | 
(5652)	0,4,2, | 1,0,0, | 
(5652)	0,4,2, | 1,0,0, | 
(5652)	0,4,2, | 1,0,0, | 
(14904)	1,5,3, | 0,0,0, | 
(14904)	1,5,3, | 0,0,0, | 
(14904)	1,5,3, | 0,0,0, | 
(14904)	1,5,3, | 0,0,0, | 
(14904)	1,5,3, | 0,0,0, | 
(14904)	1,5,3, | 0,0,0, | 
(14904)	1,5,3, | 0,0,0, | 
(14904)	1,5,3, | 0,0,0, | 
(14904)	1,5,3, | 0,0,0, | 
(14904)	1,5,3, | 0,0,0, | 
(14904)	1,5,3, | 0,0,0, | 
(14904)	1,5,3, | 0,0,0, | 
(14904)	1,5,3, | 0,0,0, | 
(7164)	0,5,3, | 1,0,0, | 
(7164)	0,5,3, | 1,0,0, | 
(7164)	0,5,3, | 1,0,0, | 
(7164)	0,5,3, | 1,0,0, | 
(14940)	1,5,3, | 1,0,0, | 
(14940)	1,5,3, | 1,0,0, | 
(14940)	1,5,3, | 1,0,0, | 
(14730)	1,5,2, | 1,1,0, | 
(5448)	0,4,1, | 1,2,0, | 
(5448)	0,4,1, | 1,2,0, | 
(5448)	0,4,1, | 1,2,0, | 
(5448)	0,4,1, | 1,2,0, | 
(5448)	0,4,1, | 1,2,0, | 
(14520)	1,5,1, | 1,2,0, | 
(14520)	1,5,1, | 1,2,0, | 
(14520)	1,5,1, | 1,2,0, | 
(14520)	1,5,1, | 1,2,0, | 
(14520)	1,5,1, | 1,2,0, | 
(14520)	1,5,1, | 1,2,0, | 
(14520)	1,5,1, | 1,2,0, | 
(14520)	1,5,1, | 1,2,0, | 
(14520)	1,5,1, | 1,2,0, | 
(13224)	1,4,1, | 1,2,0, | 
(14904)	1,5,3, | 0,0,0, | 
(14904)	1,5,3, | 0,0,0, | 
(14904)	1,5,3, | 0,0,0, | 
(14904)	1,5,3, | 0,0,0, | 
(14904)	1,5,3, | 0,0,0, | 
(14904)	1,5,3, | 0,0,0, | 
(14904)	1,5,3, | 0,0,0, | 
(14904)	1,5,3, | 0,0,0, | 
(14688)	1,5,2, | 0,0,0, | 
(14688)	1,5,2, | 0,0,0, | 
(14689)	1,5,2, | 0,0,1, | 
(14689)	1,5,2, | 0,0,1, | 
(5652)	0,4,2, | 1,0,0, | 
(5652)	0,4,2, | 1,0,0, | 
(5652)	0,4,2, | 1,0,0, | 
(5652)	0,4,2, | 1,0,0, | 
(7844)	1,0,0, | 1,5,2, | 
(7844)	1,0,0, | 1,5,2, | 
(7844)	1,0,0, | 1,5,2, | 
(7844)	1,0,0, | 1,5,2, | 
(7837)	1,0,0, | 1,4,1, | 
(7837)	1,0,0, | 1,4,1, | 
(7837)	1,0,0, | 1,4,1, | 
(7837)	1,0,0, | 1,4,1, | 
(7837)	1,0,0, | 1,4,1, | 
(7837)	1,0,0, | 1,4,1, | 
(61)	0,0,0, | 1,4,1, | 
(18205)	2,2,0, | 1,4,1, | 
(18205)	2,2,0, | 1,4,1, | 
(21013)	2,4,1, | 1,4,1, | 
(18205)	2,2,0, | 1,4,1, | 
(18205)	2,2,0, | 1,4,1, | 
(10465)	1,2,0, | 2,4,1, | 
(10465)	1,2,0, | 2,4,1, | 
(10465)	1,2,0, | 2,4,1, | 
(10393)	1,2,0, | 0,4,1, | 
(14688)	1,5,2, | 0,0,0, | 
(14688)	1,5,2, | 0,0,0, | 
(14695)	1,5,2, | 0,1,1, | 
(14688)	1,5,2, | 0,0,0, | 
(14695)	1,5,2, | 0,1,1, | 
(14688)	1,5,2, | 0,0,0, | 
(14688)	1,5,2, | 0,0,0, | 
(14688)	1,5,2, | 0,0,0, | 
(14724)	1,5,2, | 1,0,0, | 
(14724)	1,5,2, | 1,0,0, | 
(14724)	1,5,2, | 1,0,0, | 
(14724)	1,5,2, | 1,0,0, | 
(6948)	0,5,2, | 1,0,0, | 
(7808)	1,0,0, | 0,5,2, | 
(7844)	1,0,0, | 1,5,2, | 
(7844)	1,0,0, | 1,5,2, | 
(7844)	1,0,0, | 1,5,2, | 
(7844)	1,0,0, | 1,5,2, | 
(7844)	1,0,0, | 1,5,2, | 
(7844)	1,0,0, | 1,5,2, | 
(7844)	1,0,0, | 1,5,2, | 
(7844)	1,0,0, | 1,5,2, | 
(7837)	1,0,0, | 1,4,1, | 
(7837)	1,0,0, | 1,4,1, | 
(7837)	1,0,0, | 1,4,1, | 
(7837)	1,0,0, | 1,4,1, | 
(1357)	0,1,0, | 1,4,1, | 
(13243)	1,4,1, | 1,5,1, | 
(13243)	1,4,1, | 1,5,1, | 
(14539)	1,5,1, | 1,5,1, | 
(21013)	2,4,1, | 1,4,1, | 
(13243)	1,4,1, | 1,5,1, | 
(13273)	1,4,1, | 2,4,1, | 
(14533)	1,5,1, | 1,4,1, | 
(13273)	1,4,1, | 2,4,1, | 
(13182)	1,4,1, | 0,1,0, | 
(13189)	1,4,1, | 0,2,1, | 
(13189)	1,4,1, | 0,2,1, | 
(13212)	1,4,1, | 1,0,0, | 
(13189)	1,4,1, | 0,2,1, | 
(14724)	1,5,2, | 1,0,0, | 
(14724)	1,5,2, | 1,0,0, | 
(14724)	1,5,2, | 1,0,0, | 
(14724)	1,5,2, | 1,0,0, | 
(14724)	1,5,2, | 1,0,0, | 
(14724)	1,5,2, | 1,0,0, | 
(14724)	1,5,2, | 1,0,0, | 
(6948)	0,5,2, | 1,0,0, | 
(7808)	1,0,0, | 0,5,2, | 
(7808)	1,0,0, | 0,5,2, | 
(7844)	1,0,0, | 1,5,2, | 
(7844)	1,0,0, | 1,5,2, | 
(7844)	1,0,0, | 1,5,2, | 
(7844)	1,0,0, | 1,5,2, | 
(7844)	1,0,0, | 1,5,2, | 
(7844)	1,0,0, | 1,5,2, | 
(7844)	1,0,0, | 1,5,2, | 
(7844)	1,0,0, | 1,5,2, | 
(2869)	0,2,1, | 1,4,1, | 
(2869)	0,2,1, | 1,4,1, | 
(2869)	0,2,1, | 1,4,1, | 
(2869)	0,2,1, | 1,4,1, | 
(11731)	1,3,0, | 1,5,1, | 
(11731)	1,3,0, | 1,5,1, | 
(11731)	1,3,0, | 1,5,1, | 
(14539)	1,5,1, | 1,5,1, | 
(14539)	1,5,1, | 1,5,1, | 
(14569)	1,5,1, | 2,4,1, | 
(14526)	1,5,1, | 1,3,0, | 
(11731)	1,3,0, | 1,5,1, | 
(14526)	1,5,1, | 1,3,0, | 
(14526)	1,5,1, | 1,3,0, | 
(14514)	1,5,1, | 1,1,0, | 
(14514)	1,5,1, | 1,1,0, | 
(14514)	1,5,1, | 1,1,0, | 
(14724)	1,5,2, | 1,0,0, | 
(14724)	1,5,2, | 1,0,0, | 
(14724)	1,5,2, | 1,0,0, | 
(14724)	1,5,2, | 1,0,0, | 
(14724)	1,5,2, | 1,0,0, | 
(14725)	1,5,2, | 1,0,1, | 
(14724)	1,5,2, | 1,0,0, | 
(14724)	1,5,2, | 1,0,0, | 
(7808)	1,0,0, | 0,5,2, | 
(7808)	1,0,0, | 0,5,2, | 
(7808)	1,0,0, | 0,5,2, | 
(7844)	1,0,0, | 1,5,2, | 
(7844)	1,0,0, | 1,5,2, | 
(7844)	1,0,0, | 1,5,2, | 
(7844)	1,0,0, | 1,5,2, | 
(7844)	1,0,0, | 1,5,2, | 
(7844)	1,0,0, | 1,5,2, | 
(7844)	1,0,0, | 1,5,2, | 
(7844)	1,0,0, | 1,5,2, | 
(7844)	1,0,0, | 1,5,2, | 
(10645)	1,2,1, | 1,4,1, | 
(10645)	1,2,1, | 1,4,1, | 
(10645)	1,2,1, | 1,4,1, | 
(11731)	1,3,0, | 1,5,1, | 
(22315)	2,5,1, | 1,5,1, | 
(11731)	1,3,0, | 1,5,1, | 
(11731)	1,3,0, | 1,5,1, | 
(22315)	2,5,1, | 1,5,1, | 
(22315)	2,5,1, | 1,5,1, | 
(14569)	1,5,1, | 2,4,1, | 
(11731)	1,3,0, | 1,5,1, | 
(11731)	1,3,0, | 1,5,1, | 
(11695)	1,3,0, | 0,5,1, | 
(14491)	1,5,1, | 0,3,1, | 
(14491)	1,5,1, | 0,3,1, | 
(14491)	1,5,1, | 0,3,1, | 
(14491)	1,5,1, | 0,3,1, | 
(14724)	1,5,2, | 1,0,0, | 
(14724)	1,5,2, | 1,0,0, | 
(14724)	1,5,2, | 1,0,0, | 
(14724)	1,5,2, | 1,0,0, | 
(14904)	1,5,3, | 0,0,0, | 
(14904)	1,5,3, | 0,0,0, | 
(14904)	1,5,3, | 0,0,0, | 
(14904)	1,5,3, | 0,0,0, | 
(14904)	1,5,3, | 0,0,0, | 
(14904)	1,5,3, | 0,0,0, | 
(14904)	1,5,3, | 0,0,0, | 
(14904)	1,5,3, | 0,0,0, | 
(14904)	1,5,3, | 0,0,0, | 
(21168)	2,4,2, | 0,0,0, | 
(14940)	1,5,3, | 1,0,0, | 
(14940)	1,5,3, | 1,0,0, | 
(14940)	1,5,3, | 1,0,0, | 
(14940)	1,5,3, | 1,0,0, | 
(14940)	1,5,3, | 1,0,0, | 
(14940)	1,5,3, | 1,0,0, | 
(14940)	1,5,3, | 1,0,0, | 
(5652)	0,4,2, | 1,0,0, | 
(7164)	0,5,3, | 1,0,0, | 
(7164)	0,5,3, | 1,0,0, | 
(7164)	0,5,3, | 1,0,0, | 
(6948)	0,5,2, | 1,0,0, | 
(5652)	0,4,2, | 1,0,0, | 
(5652)	0,4,2, | 1,0,0, | 
(5652)	0,4,2, | 1,0,0, | 
(14940)	1,5,3, | 1,0,0, | 
(5652)	0,4,2, | 1,0,0, | 
(5652)	0,4,2, | 1,0,0, | 
(14904)	1,5,3, | 0,0,0, | 
(14904)	1,5,3, | 0,0,0, | 
(14904)	1,5,3, | 0,0,0, | 
(14904)	1,5,3, | 0,0,0, | 
(14904)	1,5,3, | 0,0,0, | 
(14904)	1,5,3, | 0,0,0, | 
(14904)	1,5,3, | 0,0,0, | 
(14904)	1,5,3, | 0,0,0, | 
(14904)	1,5,3, | 0,0,0, | 
(14904)	1,5,3, | 0,0,0, | 
(14904)	1,5,3, | 0,0,0, | 
(14904)	1,5,3, | 0,0,0, | 
(14904)	1,5,3, | 0,0,0, | 
(7164)	0,5,3, | 1,0,0, | 
(7164)	0,5,3, | 1,0,0, | 
(7164)	0,5,3, | 1,0,0, | 
(7164)	0,5,3, | 1,0,0, | 
(14940)	1,5,3, | 1,0,0, | 
(14940)	1,5,3, | 1,0,0, | 
(14940)	1,5,3, | 1,0,0, | 
(14730)	1,5,2, | 1,1,0, | 
(5448)	0,4,1, | 1,2,0, | 
(5448)	0,4,1, | 1,2,0, | 
(5448)	0,4,1, | 1,2,0, | 
(5448)	0,4,1, | 1,2,0, | 
(5448)	0,4,1, | 1,2,0, | 
(14520)	1,5,1, | 1,2,0, | 
(14520)	1,5,1, | 1,2,0, | 
(14520)	1,5,1, | 1,2,0, | 
(14520)	1,5,1, | 1,2,0, | 
(13224)	1,4,1, | 1,2,0, | 
(13224)	1,4,1, | 1,2,0, | 
(14520)	1,5,1, | 1,2,0, | 
(13224)	1,4,1, | 1,2,0, | 
(14520)	1,5,1, | 1,2,0, | 
(13224)	1,4,1, | 1,2,0, | 
(14904)	1,5,3, | 0,0,0, | 
(14911)	1,5,3, | 0,1,1, | 
(14904)	1,5,3, | 0,0,0, | 
(14904)	1,5,3, | 0,0,0, | 
(14904)	1,5,3, | 0,0,0, | 
(14904)	1,5,3, | 0,0,0, | 
(14904)	1,5,3, | 0,0,0, | 
(14904)	1,5,3, | 0,0,0, | 
(14688)	1,5,2, | 0,0,0, | 
(14689)	1,5,2, | 0,0,1, | 
(14689)	1,5,2, | 0,0,1, | 
(14688)	1,5,2, | 0,0,0, | 
(14689)	1,5,2, | 0,0,1, | 
(5652)	0,4,2, | 1,0,0, | 
(5652)	0,4,2, | 1,0,0, | 
(5652)	0,4,2, | 1,0,0, | 
(5652)	0,4,2, | 1,0,0, | 
(7844)	1,0,0, | 1,5,2, | 
(61)	0,0,0, | 1,4,1, | 
(61)	0,0,0, | 1,4,1, | 
(61)	0,0,0, | 1,4,1, | 
(1573)	0,1,1, | 1,4,1, | 
(61)	0,0,0, | 1,4,1, | 
(61)	0,0,0, | 1,4,1, | 
(61)	0,0,0, | 1,4,1, | 
(9139)	1,1,0, | 1,5,1, | 
(9139)	1,1,0, | 1,5,1, | 
(13243)	1,4,1, | 1,5,1, | 
(13243)	1,4,1, | 1,5,1, | 
(13243)	1,4,1, | 1,5,1, | 
(13243)	1,4,1, | 1,5,1, | 
(10435)	1,2,0, | 1,5,1, | 
(13243)	1,4,1, | 1,5,1, | 
(13243)	1,4,1, | 1,5,1, | 
(13243)	1,4,1, | 1,5,1, | 
(10393)	1,2,0, | 0,4,1, | 
(14695)	1,5,2, | 0,1,1, | 
(14695)	1,5,2, | 0,1,1, | 
(14695)	1,5,2, | 0,1,1, | 
(14688)	1,5,2, | 0,0,0, | 
(14695)	1,5,2, | 0,1,1, | 
(14688)	1,5,2, | 0,0,0, | 
(14688)	1,5,2, | 0,0,0, | 
(14688)	1,5,2, | 0,0,0, | 
(14724)	1,5,2, | 1,0,0, | 
(14724)	1,5,2, | 1,0,0, | 
(14724)	1,5,2, | 1,0,0, | 
(14724)	1,5,2, | 1,0,0, | 
(6948)	0,5,2, | 1,0,0, | 
(6948)	0,5,2, | 1,0,0, | 
(7808)	1,0,0, | 0,5,2, | 
(7844)	1,0,0, | 1,5,2, | 
(7844)	1,0,0, | 1,5,2, | 
(7844)	1,0,0, | 1,5,2, | 
(7844)	1,0,0, | 1,5,2, | 
(7844)	1,0,0, | 1,5,2, | 
(7844)	1,0,0, | 1,5,2, | 
(7844)	1,0,0, | 1,5,2, | 
(7844)	1,0,0, | 1,5,2, | 
(9139)	1,1,0, | 1,5,1, | 
(9139)	1,1,0, | 1,5,1, | 
(9139)	1,1,0, | 1,5,1, | 
(11731)	1,3,0, | 1,5,1, | 
(11731)	1,3,0, | 1,5,1, | 
(13279)	1,4,1, | 2,5,1, | 
(14526)	1,5,1, | 1,3,0, | 
(11731)	1,3,0, | 1,5,1, | 
(11731)	1,3,0, | 1,5,1, | 
(13279)	1,4,1, | 2,5,1, | 
(14526)	1,5,1, | 1,3,0, | 
(13279)	1,4,1, | 2,5,1, | 
(14526)	1,5,1, | 1,3,0, | 
(13189)	1,4,1, | 0,2,1, | 
(13189)	1,4,1, | 0,2,1, | 
(13189)	1,4,1, | 0,2,1, | 
(13189)	1,4,1, | 0,2,1, | 
(14724)	1,5,2, | 1,0,0, | 
(14724)	1,5,2, | 1,0,0, | 
(14724)	1,5,2, | 1,0,0, | 
(14724)	1,5,2, | 1,0,0, | 
(14724)	1,5,2, | 1,0,0, | 
(14724)	1,5,2, | 1,0,0, | 
(14724)	1,5,2, | 1,0,0, | 
(6948)	0,5,2, | 1,0,0, | 
(6948)	0,5,2, | 1,0,0, | 
(7808)	1,0,0, | 0,5,2, | 
(7808)	1,0,0, | 0,5,2, | 
(7844)	1,0,0, | 1,5,2, | 
(7844)	1,0,0, | 1,5,2, | 
(7844)	1,0,0, | 1,5,2, | 
(7844)	1,0,0, | 1,5,2, | 
(7844)	1,0,0, | 1,5,2, | 
(7844)	1,0,0, | 1,5,2, | 
(7844)	1,0,0, | 1,5,2, | 
(7844)	1,0,0, | 1,5,2, | 
(9139)	1,1,0, | 1,5,1, | 
(9139)	1,1,0, | 1,5,1, | 
(9139)	1,1,0, | 1,5,1, | 
(11731)	1,3,0, | 1,5,1, | 
(11731)	1,3,0, | 1,5,1, | 
(14526)	1,5,1, | 1,3,0, | 
(11731)	1,3,0, | 1,5,1, | 
(14526)	1,5,1, | 1,3,0, | 
(11731)	1,3,0, | 1,5,1, | 
(14575)	1,5,1, | 2,5,1, | 
(14526)	1,5,1, | 1,3,0, | 
(14526)	1,5,1, | 1,3,0, | 
(14526)	1,5,1, | 1,3,0, | 
(14514)	1,5,1, | 1,1,0, | 
(14514)	1,5,1, | 1,1,0, | 
(14514)	1,5,1, | 1,1,0, | 
(14724)	1,5,2, | 1,0,0, | 
(14724)	1,5,2, | 1,0,0, | 
(14724)	1,5,2, | 1,0,0, | 
(14724)	1,5,2, | 1,0,0, | 
(14724)	1,5,2, | 1,0,0, | 
(14724)	1,5,2, | 1,0,0, | 
(14724)	1,5,2, | 1,0,0, | 
(14724)	1,5,2, | 1,0,0, | 
(6948)	0,5,2, | 1,0,0, | 
(7808)	1,0,0, | 0,5,2, | 
(7808)	1,0,0, | 0,5,2, | 
(7808)	1,0,0, | 0,5,2, | 
(7844)	1,0,0, | 1,5,2, | 
(7844)	1,0,0, | 1,5,2, | 
(7844)	1,0,0, | 1,5,2, | 
(7844)	1,0,0, | 1,5,2, | 
(7844)	1,0,0, | 1,5,2, | 
(7844)	1,0,0, | 1,5,2, | 
(7844)	1,0,0, | 1,5,2, | 
(7844)	1,0,0, | 1,5,2, | 
(9139)	1,1,0, | 1,5,1, | 
(9139)	1,1,0, | 1,5,1, | 
(9139)	1,1,0, | 1,5,1, | 
(11731)	1,3,0, | 1,5,1, | 
(11731)	1,3,0, | 1,5,1, | 
(14575)	1,5,1, | 2,5,1, | 
(11731)	1,3,0, | 1,5,1, | 
(11731)	1,3,0, | 1,5,1, | 
(19507)	2,3,0, | 1,5,1, | 
(14575)	1,5,1, | 2,5,1, | 
(11731)	1,3,0, | 1,5,1, | 
(11731)	1,3,0, | 1,5,1, | 
(11695)	1,3,0, | 0,5,1, | 
(14491)	1,5,1, | 0,3,1, | 
(14491)	1,5,1, | 0,3,1, | 
(14491)	1,5,1, | 0,3,1, | 
(14491)	1,5,1, | 0,3,1, | 
(14724)	1,5,2, | 1,0,0, | 
(14724)	1,5,2, | 1,0,0, | 
(14724)	1,5,2, | 1,0,0, | 
(14724)	1,5,2, | 1,0,0, | 
(14904)	1,5,3, | 0,0,0, | 
(14904)	1,5,3, | 0,0,0, | 
(14904)	1,5,3, | 0,0,0, | 
(14904)	1,5,3, | 0,0,0, | 
(14904)	1,5,3, | 0,0,0, | 
(14904)	1,5,3, | 0,0,0, | 
(14904)	1,5,3, | 0,0,0, | 
(14904)	1,5,3, | 0,0,0, | 
(14904)	1,5,3, | 0,0,0, | 
(22464)	2,5,2, | 0,0,0, | 
(14940)	1,5,3, | 1,0,0, | 
(14940)	1,5,3, | 1,0,0, | 
(14940)	1,5,3, | 1,0,0, | 
(14940)	1,5,3, | 1,0,0, | 
(14940)	1,5,3, | 1,0,0, | 
(14940)	1,5,3, | 1,0,0, | 
(14940)	1,5,3, | 1,0,0, | 
(5652)	0,4,2, | 1,0,0, | 
(5652)	0,4,2, | 1,0,0, | 
(5652)	0,4,2, | 1,0,0, | 
(5652)	0,4,2, | 1,0,0, | 
(5652)	0,4,2, | 1,0,0, | 
(5652)	0,4,2, | 1,0,0, | 
(5652)	0,4,2, | 1,0,0, | 
(7164)	0,5,3, | 1,0,0, | 
(5652)	0,4,2, | 1,0,0, | 
(5652)	0,4,2, | 1,0,0, | 
(5652)	0,4,2, | 1,0,0, | 
(14904)	1,5,3, | 0,0,0, | 
(14904)	1,5,3, | 0,0,0, | 
(14904)	1,5,3, | 0,0,0, | 
(14904)	1,5,3, | 0,0,0, | 
(14904)	1,5,3, | 0,0,0, | 
(14904)	1,5,3, | 0,0,0, | 
(14904)	1,5,3, | 0,0,0, | 
(14904)	1,5,3, | 0,0,0, | 
(14904)	1,5,3, | 0,0,0, | 
(14904)	1,5,3, | 0,0,0, | 
(14904)	1,5,3, | 0,0,0, | 
(14904)	1,5,3, | 0,0,0, | 
(14904)	1,5,3, | 0,0,0, | 
(7164)	0,5,3, | 1,0,0, | 
(7164)	0,5,3, | 1,0,0, | 
(7164)	0,5,3, | 1,0,0, | 
(7164)	0,5,3, | 1,0,0, | 
(14940)	1,5,3, | 1,0,0, | 
(14940)	1,5,3, | 1,0,0, | 
(14940)	1,5,3, | 1,0,0, | 
(14730)	1,5,2, | 1,1,0, | 
(5448)	0,4,1, | 1,2,0, | 
(5448)	0,4,1, | 1,2,0, | 
(5448)	0,4,1, | 1,2,0, | 
(5448)	0,4,1, | 1,2,0, | 
(5448)	0,4,1, | 1,2,0, | 
(14520)	1,5,1, | 1,2,0, | 
(14520)	1,5,1, | 1,2,0, | 
(14520)	1,5,1, | 1,2,0, | 
(14520)	1,5,1, | 1,2,0, | 
(13224)	1,4,1, | 1,2,0, | 
(14520)	1,5,1, | 1,2,0, | 
(14520)	1,5,1, | 1,2,0, | 
(13224)	1,4,1, | 1,2,0, | 
(14520)	1,5,1, | 1,2,0, | 
(13224)	1,4,1, | 1,2,0, | 
(14904)	1,5,3, | 0,0,0, | 
(14904)	1,5,3, | 0,0,0, | 
(14904)	1,5,3, | 0,0,0, | 
(14904)	1,5,3, | 0,0,0, | 
(14904)	1,5,3, | 0,0,0, | 
(14904)	1,5,3, | 0,0,0, | 
(14911)	1,5,3, | 0,1,1, | 
(14904)	1,5,3, | 0,0,0, | 
(14688)	1,5,2, | 0,0,0, | 
(14689)	1,5,2, | 0,0,1, | 
(14689)	1,5,2, | 0,0,1, | 
(14688)	1,5,2, | 0,0,0, | 
(14689)	1,5,2, | 0,0,1, | 
(6948)	0,5,2, | 1,0,0, | 
(6948)	0,5,2, | 1,0,0, | 
(14940)	1,5,3, | 1,0,0, | 
(14940)	1,5,3, | 1,0,0, | 
(7844)	1,0,0, | 1,5,2, | 
(7844)	1,0,0, | 1,5,2, | 
(7844)	1,0,0, | 1,5,2, | 
(7844)	1,0,0, | 1,5,2, | 
(7844)	1,0,0, | 1,5,2, | 
(4171)	0,3,1, | 1,5,1, | 
(4171)	0,3,1, | 1,5,1, | 
(4171)	0,3,1, | 1,5,1, | 
(4171)	0,3,1, | 1,5,1, | 
(2659)	0,2,0, | 1,5,1, | 
(10435)	1,2,0, | 1,5,1, | 
(10435)	1,2,0, | 1,5,1, | 
(10435)	1,2,0, | 1,5,1, | 
(13243)	1,4,1, | 1,5,1, | 
(10435)	1,2,0, | 1,5,1, | 
(13243)	1,4,1, | 1,5,1, | 
(14526)	1,5,1, | 1,3,0, | 
(13243)	1,4,1, | 1,5,1, | 
(10393)	1,2,0, | 0,4,1, | 
(14688)	1,5,2, | 0,0,0, | 
(14688)	1,5,2, | 0,0,0, | 
(14688)	1,5,2, | 0,0,0, | 
(14688)	1,5,2, | 0,0,0, | 
(14688)	1,5,2, | 0,0,0, | 
(14688)	1,5,2, | 0,0,0, | 
(14688)	1,5,2, | 0,0,0, | 
(14688)	1,5,2, | 0,0,0, | 
(14724)	1,5,2, | 1,0,0, | 
(14724)	1,5,2, | 1,0,0, | 
(14724)	1,5,2, | 1,0,0, | 
(14724)	1,5,2, | 1,0,0, | 
(6948)	0,5,2, | 1,0,0, | 
(6948)	0,5,2, | 1,0,0, | 
(6948)	0,5,2, | 1,0,0, | 
(7844)	1,0,0, | 1,5,2, | 
(7844)	1,0,0, | 1,5,2, | 
(7844)	1,0,0, | 1,5,2, | 
(7844)	1,0,0, | 1,5,2, | 
(7844)	1,0,0, | 1,5,2, | 
(7844)	1,0,0, | 1,5,2, | 
(7844)	1,0,0, | 1,5,2, | 
(4171)	0,3,1, | 1,5,1, | 
(4171)	0,3,1, | 1,5,1, | 
(4171)	0,3,1, | 1,5,1, | 
(4171)	0,3,1, | 1,5,1, | 
(2659)	0,2,0, | 1,5,1, | 
(11731)	1,3,0, | 1,5,1, | 
(13279)	1,4,1, | 2,5,1, | 
(14526)	1,5,1, | 1,3,0, | 
(21019)	2,4,1, | 1,5,1, | 
(14575)	1,5,1, | 2,5,1, | 
(14575)	1,5,1, | 2,5,1, | 
(14526)	1,5,1, | 1,3,0, | 
(13279)	1,4,1, | 2,5,1, | 
(14526)	1,5,1, | 1,3,0, | 
(13225)	1,4,1, | 1,2,1, | 
(13225)	1,4,1, | 1,2,1, | 
(13225)	1,4,1, | 1,2,1, | 
(14724)	1,5,2, | 1,0,0, | 
(14724)	1,5,2, | 1,0,0, | 
(14724)	1,5,2, | 1,0,0, | 
(14724)	1,5,2, | 1,0,0, | 
(14724)	1,5,2, | 1,0,0, | 
(14724)	1,5,2, | 1,0,0, | 
(14724)	1,5,2, | 1,0,0, | 
(14724)	1,5,2, | 1,0,0, | 
(6948)	0,5,2, | 1,0,0, | 
(6948)	0,5,2, | 1,0,0, | 
(6948)	0,5,2, | 1,0,0, | 
(7808)	1,0,0, | 0,5,2, | 
(7844)	1,0,0, | 1,5,2, | 
(7844)	1,0,0, | 1,5,2, | 
(7844)	1,0,0, | 1,5,2, | 
(7844)	1,0,0, | 1,5,2, | 
(7844)	1,0,0, | 1,5,2, | 
(7844)	1,0,0, | 1,5,2, | 
(7844)	1,0,0, | 1,5,2, | 
(4171)	0,3,1, | 1,5,1, | 
(4171)	0,3,1, | 1,5,1, | 
(4171)	0,3,1, | 1,5,1, | 
(4171)	0,3,1, | 1,5,1, | 
(2659)	0,2,0, | 1,5,1, | 
(11731)	1,3,0, | 1,5,1, | 
(14526)	1,5,1, | 1,3,0, | 
(11731)	1,3,0, | 1,5,1, | 
(22315)	2,5,1, | 1,5,1, | 
(14562)	1,5,1, | 2,3,0, | 
(14526)	1,5,1, | 1,3,0, | 
(14562)	1,5,1, | 2,3,0, | 
(14526)	1,5,1, | 1,3,0, | 
(14526)	1,5,1, | 1,3,0, | 
(14514)	1,5,1, | 1,1,0, | 
(14514)	1,5,1, | 1,1,0, | 
(14514)	1,5,1, | 1,1,0, | 
(14724)	1,5,2, | 1,0,0, | 
(14724)	1,5,2, | 1,0,0, | 
(14724)	1,5,2, | 1,0,0, | 
(14724)	1,5,2, | 1,0,0, | 
(14724)	1,5,2, | 1,0,0, | 
(14724)	1,5,2, | 1,0,0, | 
(14724)	1,5,2, | 1,0,0, | 
(14724)	1,5,2, | 1,0,0, | 
(6948)	0,5,2, | 1,0,0, | 
(6948)	0,5,2, | 1,0,0, | 
(7808)	1,0,0, | 0,5,2, | 
(7808)	1,0,0, | 0,5,2, | 
(7844)	1,0,0, | 1,5,2, | 
(7844)	1,0,0, | 1,5,2, | 
(7844)	1,0,0, | 1,5,2, | 
(7844)	1,0,0, | 1,5,2, | 
(7844)	1,0,0, | 1,5,2, | 
(7844)	1,0,0, | 1,5,2, | 
(7844)	1,0,0, | 1,5,2, | 
(4171)	0,3,1, | 1,5,1, | 
(4171)	0,3,1, | 1,5,1, | 
(4171)	0,3,1, | 1,5,1, | 
(4171)	0,3,1, | 1,5,1, | 
(22302)	2,5,1, | 1,3,0, | 
(22302)	2,5,1, | 1,3,0, | 
(22302)	2,5,1, | 1,3,0, | 
(11767)	1,3,0, | 2,5,1, | 
(19507)	2,3,0, | 1,5,1, | 
(14562)	1,5,1, | 2,3,0, | 
(14562)	1,5,1, | 2,3,0, | 
(11767)	1,3,0, | 2,5,1, | 
(11767)	1,3,0, | 2,5,1, | 
(11767)	1,3,0, | 2,5,1, | 
(14491)	1,5,1, | 0,3,1, | 
(14491)	1,5,1, | 0,3,1, | 
(14491)	1,5,1, | 0,3,1, | 
(14491)	1,5,1, | 0,3,1, | 
(14724)	1,5,2, | 1,0,0, | 
(14724)	1,5,2, | 1,0,0, | 
(14724)	1,5,2, | 1,0,0, | 
(14724)	1,5,2, | 1,0,0, | 
