(73)	0,0,0, | 2,0,1, | 
(1)	0,0,0, | 0,0,1, | 
(0)	0,0,0, | 0,0,0, | 
(0)	0,0,0, | 0,0,0, | 
(0)	0,0,0, | 0,0,0, | 
(0)	0,0,0, | 0,0,0, | 
(0)	0,0,0, | 0,0,0, | 
(0)	0,0,0, | 0,0,0, | 
(0)	0,0,0, | 0,0,0, | 
(0)	0,0,0, | 0,0,0, | 
(0)	0,0,0, | 0,0,0, | 
(0)	0,0,0, | 0,0,0, | 
(0)	0,0,0, | 0,0,0, | 
(7776)	1,0,0, | 0,0,0, | 
(0)	0,0,0, | 0,0,0, | 
(0)	0,0,0, | 0,0,0, | 
(31104)	4,0,0, | 0,0,0, | 
(31104)	4,0,0, | 0,0,0, | 
(0)	0,0,0, | 0,0,0, | 
(0)	0,0,0, | 0,0,0, | 
(0)	0,0,0, | 0,0,0, | 
(0)	0,0,0, | 0,0,0, | 
(0)	0,0,0, | 0,0,0, | 
(36)	0,0,0, | 1,0,0, | 
(0)	0,0,0, | 0,0,0, | 
(0)	0,0,0, | 0,0,0, | 
(0)	0,0,0, | 0,0,0, | 
(0)	0,0,0, | 0,0,0, | 
(72)	0,0,0, | 2,0,0, | 
(144)	0,0,0, | 4,0,0, | 
(0)	0,0,0, | 0,0,0, | 
(0)	0,0,0, | 0,0,0, | 
(0)	0,0,0, | 0,0,0, | 
(144)	0,0,0, | 4,0,0, | 
(0)	0,0,0, | 0,0,0, | 
(0)	0,0,0, | 0,0,0, | 
(72)	0,0,0, | 2,0,0, | 
(49)	0,0,0, | 1,2,1, | 
(49)	0,0,0, | 1,2,1, | 
(49)	0,0,0, | 1,2,1, | 
(49)	0,0,0, | 1,2,1, | 
(49)	0,0,0, | 1,2,1, | 
(49)	0,0,0, | 1,2,1, | 
(49)	0,0,0, | 1,2,1, | 
(49)	0,0,0, | 1,2,1, | 
(7825)	1,0,0, | 1,2,1, | 
(15601)	2,0,0, | 1,2,1, | 
(49)	0,0,0, | 1,2,1, | 
(49)	0,0,0, | 1,2,1, | 
(7825)	1,0,0, | 1,2,1, | 
(49)	0,0,0, | 1,2,1, | 
(38929)	5,0,0, | 1,2,1, | 
(31153)	4,0,0, | 1,2,1, | 
(31153)	4,0,0, | 1,2,1, | 
(0)	0,0,0, | 0,0,0, | 
(15572)	2,0,0, | 0,3,2, | 
(7811)	1,0,0, | 0,5,5, | 
(7847)	1,0,0, | 1,5,5, | 
(7776)	1,0,0, | 0,0,0, | 
(7788)	1,0,0, | 0,2,0, | 
(7783)	1,0,0, | 0,1,1, | 
(31122)	4,0,0, | 0,3,0, | 
(7794)	1,0,0, | 0,3,0, | 
(7788)	1,0,0, | 0,2,0, | 
(7811)	1,0,0, | 0,5,5, | 
(7788)	1,0,0, | 0,2,0, | 
(7783)	1,0,0, | 0,1,1, | 
(7974)	1,0,0, | 5,3,0, | 
(7794)	1,0,0, | 0,3,0, | 
(7783)	1,0,0, | 0,1,1, | 
(7783)	1,0,0, | 0,1,1, | 
(19)	0,0,0, | 0,3,1, | 
(72)	0,0,0, | 2,0,0, | 
(62)	0,0,0, | 1,4,2, | 
(62)	0,0,0, | 1,4,2, | 
(62)	0,0,0, | 1,4,2, | 
(62)	0,0,0, | 1,4,2, | 
(62)	0,0,0, | 1,4,2, | 
(62)	0,0,0, | 1,4,2, | 
(62)	0,0,0, | 1,4,2, | 
(62)	0,0,0, | 1,4,2, | 
(7838)	1,0,0, | 1,4,2, | 
(15614)	2,0,0, | 1,4,2, | 
(62)	0,0,0, | 1,4,2, | 
(62)	0,0,0, | 1,4,2, | 
(7838)	1,0,0, | 1,4,2, | 
(62)	0,0,0, | 1,4,2, | 
(38942)	5,0,0, | 1,4,2, | 
(31166)	4,0,0, | 1,4,2, | 
(31166)	4,0,0, | 1,4,2, | 
(0)	0,0,0, | 0,0,0, | 
(15566)	2,0,0, | 0,2,2, | 
(7782)	1,0,0, | 0,1,0, | 
(7948)	1,0,0, | 4,4,4, | 
(7783)	1,0,0, | 0,1,1, | 
(7945)	1,0,0, | 4,4,1, | 
(7826)	1,0,0, | 1,2,2, | 
(31110)	4,0,0, | 0,1,0, | 
(7788)	1,0,0, | 0,2,0, | 
(7810)	1,0,0, | 0,5,4, | 
(7810)	1,0,0, | 0,5,4, | 
(7782)	1,0,0, | 0,1,0, | 
(7788)	1,0,0, | 0,2,0, | 
(7918)	1,0,0, | 3,5,4, | 
(7789)	1,0,0, | 0,2,1, | 
(7788)	1,0,0, | 0,2,0, | 
(7810)	1,0,0, | 0,5,4, | 
(71)	0,0,0, | 1,5,5, | 
(72)	0,0,0, | 2,0,0, | 
(69)	0,0,0, | 1,5,3, | 
(69)	0,0,0, | 1,5,3, | 
(69)	0,0,0, | 1,5,3, | 
(69)	0,0,0, | 1,5,3, | 
(69)	0,0,0, | 1,5,3, | 
(69)	0,0,0, | 1,5,3, | 
(69)	0,0,0, | 1,5,3, | 
(69)	0,0,0, | 1,5,3, | 
(7845)	1,0,0, | 1,5,3, | 
(69)	0,0,0, | 1,5,3, | 
(69)	0,0,0, | 1,5,3, | 
(69)	0,0,0, | 1,5,3, | 
(7845)	1,0,0, | 1,5,3, | 
(69)	0,0,0, | 1,5,3, | 
(38949)	5,0,0, | 1,5,3, | 
(31173)	4,0,0, | 1,5,3, | 
(31173)	4,0,0, | 1,5,3, | 
(0)	0,0,0, | 0,0,0, | 
(7789)	1,0,0, | 0,2,1, | 
(23528)	3,0,0, | 5,3,2, | 
(7782)	1,0,0, | 0,1,0, | 
(7790)	1,0,0, | 0,2,2, | 
(7783)	1,0,0, | 0,1,1, | 
(7783)	1,0,0, | 0,1,1, | 
(31123)	4,0,0, | 0,3,1, | 
(15674)	2,0,0, | 3,2,2, | 
(7795)	1,0,0, | 0,3,1, | 
(7795)	1,0,0, | 0,3,1, | 
(7782)	1,0,0, | 0,1,0, | 
(7782)	1,0,0, | 0,1,0, | 
(7898)	1,0,0, | 3,2,2, | 
(7795)	1,0,0, | 0,3,1, | 
(7789)	1,0,0, | 0,2,1, | 
(7783)	1,0,0, | 0,1,1, | 
(50)	0,0,0, | 1,2,2, | 
(72)	0,0,0, | 2,0,0, | 
(69)	0,0,0, | 1,5,3, | 
(69)	0,0,0, | 1,5,3, | 
(69)	0,0,0, | 1,5,3, | 
(69)	0,0,0, | 1,5,3, | 
(69)	0,0,0, | 1,5,3, | 
(69)	0,0,0, | 1,5,3, | 
(69)	0,0,0, | 1,5,3, | 
(69)	0,0,0, | 1,5,3, | 
(7845)	1,0,0, | 1,5,3, | 
(69)	0,0,0, | 1,5,3, | 
(69)	0,0,0, | 1,5,3, | 
(69)	0,0,0, | 1,5,3, | 
(7845)	1,0,0, | 1,5,3, | 
(69)	0,0,0, | 1,5,3, | 
(38949)	5,0,0, | 1,5,3, | 
(31173)	4,0,0, | 1,5,3, | 
(31173)	4,0,0, | 1,5,3, | 
(0)	0,0,0, | 0,0,0, | 
(15565)	2,0,0, | 0,2,1, | 
(7794)	1,0,0, | 0,3,0, | 
(7783)	1,0,0, | 0,1,1, | 
(7782)	1,0,0, | 0,1,0, | 
(31226)	4,0,0, | 3,2,2, | 
(7903)	1,0,0, | 3,3,1, | 
(31122)	4,0,0, | 0,3,0, | 
(7783)	1,0,0, | 0,1,1, | 
(7808)	1,0,0, | 0,5,2, | 
(7836)	1,0,0, | 1,4,0, | 
(7783)	1,0,0, | 0,1,1, | 
(7882)	1,0,0, | 2,5,4, | 
(7783)	1,0,0, | 0,1,1, | 
(7783)	1,0,0, | 0,1,1, | 
(7789)	1,0,0, | 0,2,1, | 
(7776)	1,0,0, | 0,0,0, | 
(12)	0,0,0, | 0,2,0, | 
(72)	0,0,0, | 2,0,0, | 
(69)	0,0,0, | 1,5,3, | 
(69)	0,0,0, | 1,5,3, | 
(69)	0,0,0, | 1,5,3, | 
(69)	0,0,0, | 1,5,3, | 
(69)	0,0,0, | 1,5,3, | 
(69)	0,0,0, | 1,5,3, | 
(69)	0,0,0, | 1,5,3, | 
(69)	0,0,0, | 1,5,3, | 
(7845)	1,0,0, | 1,5,3, | 
(69)	0,0,0, | 1,5,3, | 
(69)	0,0,0, | 1,5,3, | 
(69)	0,0,0, | 1,5,3, | 
(7845)	1,0,0, | 1,5,3, | 
(69)	0,0,0, | 1,5,3, | 
(38949)	5,0,0, | 1,5,3, | 
(31173)	4,0,0, | 1,5,3, | 
(31173)	4,0,0, | 1,5,3, | 
(0)	0,0,0, | 0,0,0, | 
(7860)	1,0,0, | 2,2,0, | 
(7776)	1,0,0, | 0,0,0, | 
(7782)	1,0,0, | 0,1,0, | 
(7955)	1,0,0, | 4,5,5, | 
(7776)	1,0,0, | 0,0,0, | 
(31312)	4,0,0, | 5,4,4, | 
(7955)	1,0,0, | 4,5,5, | 
(7788)	1,0,0, | 0,2,0, | 
(7790)	1,0,0, | 0,2,2, | 
(7782)	1,0,0, | 0,1,0, | 
(7782)	1,0,0, | 0,1,0, | 
(7984)	1,0,0, | 5,4,4, | 
(7968)	1,0,0, | 5,2,0, | 
(7782)	1,0,0, | 0,1,0, | 
(7795)	1,0,0, | 0,3,1, | 
(7940)	1,0,0, | 4,3,2, | 
(0)	0,0,0, | 0,0,0, | 
(10585)	1,2,1, | 0,0,1, | 
(10585)	1,2,1, | 0,0,1, | 
(10585)	1,2,1, | 0,0,1, | 
(10584)	1,2,1, | 0,0,0, | 
(10585)	1,2,1, | 0,0,1, | 
(10585)	1,2,1, | 0,0,1, | 
(10585)	1,2,1, | 0,0,1, | 
(10585)	1,2,1, | 0,0,1, | 
(10585)	1,2,1, | 0,0,1, | 
(0)	0,0,0, | 0,0,0, | 
(3889)	0,3,0, | 0,0,1, | 
(1548)	0,1,1, | 1,0,0, | 
(36)	0,0,0, | 1,0,0, | 
(6516)	0,5,0, | 1,0,0, | 
(6516)	0,5,0, | 1,0,0, | 
(1548)	0,1,1, | 1,0,0, | 
(2628)	0,2,0, | 1,0,0, | 
(7596)	0,5,5, | 1,0,0, | 
(2628)	0,2,0, | 1,0,0, | 
(15516)	1,5,5, | 5,0,0, | 
(4032)	0,3,0, | 4,0,0, | 
(1548)	0,1,1, | 1,0,0, | 
(3924)	0,3,0, | 1,0,0, | 
(2844)	0,2,1, | 1,0,0, | 
(3960)	0,3,0, | 2,0,0, | 
(36)	0,0,0, | 1,0,0, | 
(144)	0,0,0, | 4,0,0, | 
(0)	0,0,0, | 0,0,0, | 
(10656)	1,2,1, | 2,0,0, | 
(10584)	1,2,1, | 0,0,0, | 
(10584)	1,2,1, | 0,0,0, | 
(10764)	1,2,1, | 5,0,0, | 
(10584)	1,2,1, | 0,0,0, | 
(10584)	1,2,1, | 0,0,0, | 
(10584)	1,2,1, | 0,0,0, | 
(10584)	1,2,1, | 0,0,0, | 
(10584)	1,2,1, | 0,0,0, | 
(10584)	1,2,1, | 0,0,0, | 
(10584)	1,2,1, | 0,0,0, | 
(10584)	1,2,1, | 0,0,0, | 
(10584)	1,2,1, | 0,0,0, | 
(49)	0,0,0, | 1,2,1, | 
(49)	0,0,0, | 1,2,1, | 
(49)	0,0,0, | 1,2,1, | 
(49)	0,0,0, | 1,2,1, | 
(7825)	1,0,0, | 1,2,1, | 
(15601)	2,0,0, | 1,2,1, | 
(3073)	0,2,2, | 1,2,1, | 
(10849)	1,2,2, | 1,2,1, | 
(3073)	0,2,2, | 1,2,1, | 
(3073)	0,2,2, | 1,2,1, | 
(3073)	0,2,2, | 1,2,1, | 
(15601)	2,0,0, | 1,2,1, | 
(7393)	0,5,4, | 1,2,1, | 
(1338)	0,1,0, | 1,1,0, | 
(9133)	1,1,0, | 1,4,1, | 
(9277)	1,1,0, | 5,4,1, | 
(9162)	1,1,0, | 2,3,0, | 
(11778)	1,3,0, | 3,1,0, | 
(10482)	1,2,0, | 3,1,0, | 
(9133)	1,1,0, | 1,4,1, | 
(11839)	1,3,0, | 4,5,1, | 
(9120)	1,1,0, | 1,2,0, | 
(9078)	1,1,0, | 0,1,0, | 
(10618)	1,2,1, | 0,5,4, | 
(10656)	1,2,1, | 2,0,0, | 
(10618)	1,2,1, | 0,5,4, | 
(10598)	1,2,1, | 0,2,2, | 
(10618)	1,2,1, | 0,5,4, | 
(10656)	1,2,1, | 2,0,0, | 
(10598)	1,2,1, | 0,2,2, | 
(10598)	1,2,1, | 0,2,2, | 
(10584)	1,2,1, | 0,0,0, | 
(10584)	1,2,1, | 0,0,0, | 
(10584)	1,2,1, | 0,0,0, | 
(7802)	1,0,0, | 0,4,2, | 
(7802)	1,0,0, | 0,4,2, | 
(62)	0,0,0, | 1,4,2, | 
(62)	0,0,0, | 1,4,2, | 
(62)	0,0,0, | 1,4,2, | 
(62)	0,0,0, | 1,4,2, | 
(7838)	1,0,0, | 1,4,2, | 
(7190)	0,5,3, | 1,4,2, | 
(2870)	0,2,1, | 1,4,2, | 
(10646)	1,2,1, | 1,4,2, | 
(2870)	0,2,1, | 1,4,2, | 
(2870)	0,2,1, | 1,4,2, | 
(2870)	0,2,1, | 1,4,2, | 
(15614)	2,0,0, | 1,4,2, | 
(7190)	0,5,3, | 1,4,2, | 
(1338)	0,1,0, | 1,1,0, | 
(10482)	1,2,0, | 3,1,0, | 
(11706)	1,3,0, | 1,1,0, | 
(13056)	1,4,0, | 2,4,0, | 
(10488)	1,2,0, | 3,2,0, | 
(10423)	1,2,0, | 1,3,1, | 
(10452)	1,2,0, | 2,2,0, | 
(11826)	1,3,0, | 4,3,0, | 
(14563)	1,5,1, | 2,3,1, | 
(10381)	1,2,0, | 0,2,1, | 
(10392)	1,2,0, | 0,4,0, | 
(10536)	1,2,0, | 4,4,0, | 
(11893)	1,3,1, | 0,2,1, | 
(11880)	1,3,1, | 0,0,0, | 
(11929)	1,3,1, | 1,2,1, | 
(10584)	1,2,1, | 0,0,0, | 
(10604)	1,2,1, | 0,3,2, | 
(10604)	1,2,1, | 0,3,2, | 
(10584)	1,2,1, | 0,0,0, | 
(10584)	1,2,1, | 0,0,0, | 
(7809)	1,0,0, | 0,5,3, | 
(7809)	1,0,0, | 0,5,3, | 
(7809)	1,0,0, | 0,5,3, | 
(69)	0,0,0, | 1,5,3, | 
(69)	0,0,0, | 1,5,3, | 
(69)	0,0,0, | 1,5,3, | 
(69)	0,0,0, | 1,5,3, | 
(7845)	1,0,0, | 1,5,3, | 
(15621)	2,0,0, | 1,5,3, | 
(3093)	0,2,2, | 1,5,3, | 
(10869)	1,2,2, | 1,5,3, | 
(3093)	0,2,2, | 1,5,3, | 
(3093)	0,2,2, | 1,5,3, | 
(3093)	0,2,2, | 1,5,3, | 
(15621)	2,0,0, | 1,5,3, | 
(7413)	0,5,4, | 1,5,3, | 
(1338)	0,1,0, | 1,1,0, | 
(11731)	1,3,0, | 1,5,1, | 
(11742)	1,3,0, | 2,1,0, | 
(11718)	1,3,0, | 1,3,0, | 
(14340)	1,5,0, | 2,2,0, | 
(13290)	1,4,1, | 3,1,0, | 
(11742)	1,3,0, | 2,1,0, | 
(13279)	1,4,1, | 2,5,1, | 
(11719)	1,3,0, | 1,3,1, | 
(11688)	1,3,0, | 0,4,0, | 
(13203)	1,4,1, | 0,4,3, | 
(13208)	1,4,1, | 0,5,2, | 
(10434)	1,2,0, | 1,5,0, | 
(10428)	1,2,0, | 1,4,0, | 
(10618)	1,2,1, | 0,5,4, | 
(10798)	1,2,1, | 5,5,4, | 
(10634)	1,2,1, | 1,2,2, | 
(10584)	1,2,1, | 0,0,0, | 
(10584)	1,2,1, | 0,0,0, | 
(10584)	1,2,1, | 0,0,0, | 
(7809)	1,0,0, | 0,5,3, | 
(7809)	1,0,0, | 0,5,3, | 
(7809)	1,0,0, | 0,5,3, | 
(69)	0,0,0, | 1,5,3, | 
(69)	0,0,0, | 1,5,3, | 
(69)	0,0,0, | 1,5,3, | 
(69)	0,0,0, | 1,5,3, | 
(7845)	1,0,0, | 1,5,3, | 
(15621)	2,0,0, | 1,5,3, | 
(3093)	0,2,2, | 1,5,3, | 
(10869)	1,2,2, | 1,5,3, | 
(3093)	0,2,2, | 1,5,3, | 
(3093)	0,2,2, | 1,5,3, | 
(3093)	0,2,2, | 1,5,3, | 
(15621)	2,0,0, | 1,5,3, | 
(7413)	0,5,4, | 1,5,3, | 
(1338)	0,1,0, | 1,1,0, | 
(11767)	1,3,0, | 2,5,1, | 
(11725)	1,3,0, | 1,4,1, | 
(11862)	1,3,0, | 5,3,0, | 
(11784)	1,3,0, | 3,2,0, | 
(14532)	1,5,1, | 1,4,0, | 
(11724)	1,3,0, | 1,4,0, | 
(14370)	1,5,0, | 3,1,0, | 
(11724)	1,3,0, | 1,4,0, | 
(11670)	1,3,0, | 0,1,0, | 
(11724)	1,3,0, | 1,4,0, | 
(11688)	1,3,0, | 0,4,0, | 
(11688)	1,3,0, | 0,4,0, | 
(10422)	1,2,0, | 1,3,0, | 
(10640)	1,2,1, | 1,3,2, | 
(10584)	1,2,1, | 0,0,0, | 
(10771)	1,2,1, | 5,1,1, | 
(10654)	1,2,1, | 1,5,4, | 
(10584)	1,2,1, | 0,0,0, | 
(10584)	1,2,1, | 0,0,0, | 
(7809)	1,0,0, | 0,5,3, | 
(7809)	1,0,0, | 0,5,3, | 
(7809)	1,0,0, | 0,5,3, | 
(69)	0,0,0, | 1,5,3, | 
(69)	0,0,0, | 1,5,3, | 
(69)	0,0,0, | 1,5,3, | 
(69)	0,0,0, | 1,5,3, | 
(7845)	1,0,0, | 1,5,3, | 
(15621)	2,0,0, | 1,5,3, | 
(3093)	0,2,2, | 1,5,3, | 
(10869)	1,2,2, | 1,5,3, | 
(3093)	0,2,2, | 1,5,3, | 
(3093)	0,2,2, | 1,5,3, | 
(3093)	0,2,2, | 1,5,3, | 
(15621)	2,0,0, | 1,5,3, | 
(7413)	0,5,4, | 1,5,3, | 
(1338)	0,1,0, | 1,1,0, | 
(11731)	1,3,0, | 1,5,1, | 
(11706)	1,3,0, | 1,1,0, | 
(11767)	1,3,0, | 2,5,1, | 
(11814)	1,3,0, | 4,1,0, | 
(14538)	1,5,1, | 1,5,0, | 
(11802)	1,3,0, | 3,5,0, | 
(14316)	1,5,0, | 1,4,0, | 
(11718)	1,3,0, | 1,3,0, | 
(11700)	1,3,0, | 1,0,0, | 
(11694)	1,3,0, | 0,5,0, | 
(11730)	1,3,0, | 1,5,0, | 
(11724)	1,3,0, | 1,4,0, | 
(11730)	1,3,0, | 1,5,0, | 
(10618)	1,2,1, | 0,5,4, | 
(10719)	1,2,1, | 3,4,3, | 
(10735)	1,2,1, | 4,1,1, | 
(10634)	1,2,1, | 1,2,2, | 
(13393)	1,4,2, | 0,0,1, | 
(13393)	1,4,2, | 0,0,1, | 
(13393)	1,4,2, | 0,0,1, | 
(13392)	1,4,2, | 0,0,0, | 
(13392)	1,4,2, | 0,0,0, | 
(13393)	1,4,2, | 0,0,1, | 
(13392)	1,4,2, | 0,0,0, | 
(13393)	1,4,2, | 0,0,1, | 
(13393)	1,4,2, | 0,0,1, | 
(0)	0,0,0, | 0,0,0, | 
(6481)	0,5,0, | 0,0,1, | 
(2628)	0,2,0, | 1,0,0, | 
(5868)	0,4,3, | 1,0,0, | 
(14724)	1,5,2, | 1,0,0, | 
(1332)	0,1,0, | 1,0,0, | 
(36972)	4,4,3, | 1,0,0, | 
(1332)	0,1,0, | 1,0,0, | 
(7380)	0,5,4, | 1,0,0, | 
(7380)	0,5,4, | 1,0,0, | 
(1332)	0,1,0, | 1,0,0, | 
(1440)	0,1,0, | 4,0,0, | 
(2880)	0,2,1, | 2,0,0, | 
(15372)	1,5,5, | 1,0,0, | 
(1548)	0,1,1, | 1,0,0, | 
(2880)	0,2,1, | 2,0,0, | 
(1332)	0,1,0, | 1,0,0, | 
(144)	0,0,0, | 4,0,0, | 
(0)	0,0,0, | 0,0,0, | 
(13464)	1,4,2, | 2,0,0, | 
(13536)	1,4,2, | 4,0,0, | 
(13392)	1,4,2, | 0,0,0, | 
(13392)	1,4,2, | 0,0,0, | 
(13392)	1,4,2, | 0,0,0, | 
(13392)	1,4,2, | 0,0,0, | 
(13392)	1,4,2, | 0,0,0, | 
(13392)	1,4,2, | 0,0,0, | 
(13392)	1,4,2, | 0,0,0, | 
(13392)	1,4,2, | 0,0,0, | 
(13392)	1,4,2, | 0,0,0, | 
(13392)	1,4,2, | 0,0,0, | 
(13392)	1,4,2, | 0,0,0, | 
(5652)	0,4,2, | 1,0,0, | 
(5652)	0,4,2, | 1,0,0, | 
(49)	0,0,0, | 1,2,1, | 
(49)	0,0,0, | 1,2,1, | 
(7825)	1,0,0, | 1,2,1, | 
(15601)	2,0,0, | 1,2,1, | 
(4369)	0,3,2, | 1,2,1, | 
(36985)	4,4,3, | 1,2,1, | 
(31159)	4,0,0, | 1,3,1, | 
(10639)	1,2,1, | 1,3,1, | 
(55)	0,0,0, | 1,3,1, | 
(36336)	4,4,0, | 1,2,0, | 
(36336)	4,4,0, | 1,2,0, | 
(2646)	0,2,0, | 1,3,0, | 
(11712)	1,3,0, | 1,2,0, | 
(9138)	1,1,0, | 1,5,0, | 
(9211)	1,1,0, | 3,5,1, | 
(10507)	1,2,0, | 3,5,1, | 
(13026)	1,4,0, | 1,5,0, | 
(9120)	1,1,0, | 1,2,0, | 
(9126)	1,1,0, | 1,3,0, | 
(14785)	1,5,2, | 2,4,1, | 
(9078)	1,1,0, | 0,1,0, | 
(13425)	1,4,2, | 0,5,3, | 
(13464)	1,4,2, | 2,0,0, | 
(13425)	1,4,2, | 0,5,3, | 
(13405)	1,4,2, | 0,2,1, | 
(13425)	1,4,2, | 0,5,3, | 
(13464)	1,4,2, | 2,0,0, | 
(13405)	1,4,2, | 0,2,1, | 
(13425)	1,4,2, | 0,5,3, | 
(13392)	1,4,2, | 0,0,0, | 
(13392)	1,4,2, | 0,0,0, | 
(13392)	1,4,2, | 0,0,0, | 
(13392)	1,4,2, | 0,0,0, | 
(13392)	1,4,2, | 0,0,0, | 
(62)	0,0,0, | 1,4,2, | 
(62)	0,0,0, | 1,4,2, | 
(62)	0,0,0, | 1,4,2, | 
(62)	0,0,0, | 1,4,2, | 
(7838)	1,0,0, | 1,4,2, | 
(15614)	2,0,0, | 1,4,2, | 
(4382)	0,3,2, | 1,4,2, | 
(1580)	0,1,1, | 1,5,2, | 
(33980)	4,2,1, | 1,5,2, | 
(13460)	1,4,2, | 1,5,2, | 
(1580)	0,1,1, | 1,5,2, | 
(13460)	1,4,2, | 1,5,2, | 
(11941)	1,3,1, | 1,4,1, | 
(2646)	0,2,0, | 1,3,0, | 
(11724)	1,3,0, | 1,4,0, | 
(10507)	1,2,0, | 3,5,1, | 
(11730)	1,3,0, | 1,5,0, | 
(10507)	1,2,0, | 3,5,1, | 
(13243)	1,4,1, | 1,5,1, | 
(10507)	1,2,0, | 3,5,1, | 
(11856)	1,3,0, | 5,2,0, | 
(10416)	1,2,0, | 1,2,0, | 
(10381)	1,2,0, | 0,2,1, | 
(13232)	1,4,1, | 1,3,2, | 
(14750)	1,5,2, | 1,4,2, | 
(14695)	1,5,2, | 0,1,1, | 
(14695)	1,5,2, | 0,1,1, | 
(14750)	1,5,2, | 1,4,2, | 
(14695)	1,5,2, | 0,1,1, | 
(13549)	1,4,2, | 4,2,1, | 
(13392)	1,4,2, | 0,0,0, | 
(13392)	1,4,2, | 0,0,0, | 
(13392)	1,4,2, | 0,0,0, | 
(13392)	1,4,2, | 0,0,0, | 
(13392)	1,4,2, | 0,0,0, | 
(7809)	1,0,0, | 0,5,3, | 
(69)	0,0,0, | 1,5,3, | 
(69)	0,0,0, | 1,5,3, | 
(69)	0,0,0, | 1,5,3, | 
(69)	0,0,0, | 1,5,3, | 
(7845)	1,0,0, | 1,5,3, | 
(4389)	0,3,2, | 1,5,3, | 
(1580)	0,1,1, | 1,5,2, | 
(1580)	0,1,1, | 1,5,2, | 
(33980)	4,2,1, | 1,5,2, | 
(13460)	1,4,2, | 1,5,2, | 
(1580)	0,1,1, | 1,5,2, | 
(13460)	1,4,2, | 1,5,2, | 
(1580)	0,1,1, | 1,5,2, | 
(2646)	0,2,0, | 1,3,0, | 
(11748)	1,3,0, | 2,2,0, | 
(11761)	1,3,0, | 2,4,1, | 
(11718)	1,3,0, | 1,3,0, | 
(11748)	1,3,0, | 2,2,0, | 
(11724)	1,3,0, | 1,4,0, | 
(11730)	1,3,0, | 1,5,0, | 
(14610)	1,5,1, | 3,5,0, | 
(11725)	1,3,0, | 1,4,1, | 
(11688)	1,3,0, | 0,4,0, | 
(13208)	1,4,1, | 0,5,2, | 
(13208)	1,4,1, | 0,5,2, | 
(13176)	1,4,1, | 0,0,0, | 
(14865)	1,5,2, | 4,5,3, | 
(14868)	1,5,2, | 5,0,0, | 
(14865)	1,5,2, | 4,5,3, | 
(13399)	1,4,2, | 0,1,1, | 
(13405)	1,4,2, | 0,2,1, | 
(13392)	1,4,2, | 0,0,0, | 
(13392)	1,4,2, | 0,0,0, | 
(13392)	1,4,2, | 0,0,0, | 
(13392)	1,4,2, | 0,0,0, | 
(7809)	1,0,0, | 0,5,3, | 
(69)	0,0,0, | 1,5,3, | 
(69)	0,0,0, | 1,5,3, | 
(69)	0,0,0, | 1,5,3, | 
(69)	0,0,0, | 1,5,3, | 
(7845)	1,0,0, | 1,5,3, | 
(15621)	2,0,0, | 1,5,3, | 
(1580)	0,1,1, | 1,5,2, | 
(1580)	0,1,1, | 1,5,2, | 
(33980)	4,2,1, | 1,5,2, | 
(13460)	1,4,2, | 1,5,2, | 
(1580)	0,1,1, | 1,5,2, | 
(13460)	1,4,2, | 1,5,2, | 
(1580)	0,1,1, | 1,5,2, | 
(2646)	0,2,0, | 1,3,0, | 
(11724)	1,3,0, | 1,4,0, | 
(11725)	1,3,0, | 1,4,1, | 
(35154)	4,3,0, | 4,3,0, | 
(11724)	1,3,0, | 1,4,0, | 
(35118)	4,3,0, | 3,3,0, | 
(11724)	1,3,0, | 1,4,0, | 
(14538)	1,5,1, | 1,5,0, | 
(11724)	1,3,0, | 1,4,0, | 
(11670)	1,3,0, | 0,1,0, | 
(14541)	1,5,1, | 1,5,3, | 
(13183)	1,4,1, | 0,1,1, | 
(13363)	1,4,1, | 5,1,1, | 
(14688)	1,5,2, | 0,0,0, | 
(14744)	1,5,2, | 1,3,2, | 
(14688)	1,5,2, | 0,0,0, | 
(13405)	1,4,2, | 0,2,1, | 
(13399)	1,4,2, | 0,1,1, | 
(13392)	1,4,2, | 0,0,0, | 
(13392)	1,4,2, | 0,0,0, | 
(13392)	1,4,2, | 0,0,0, | 
(7809)	1,0,0, | 0,5,3, | 
(7809)	1,0,0, | 0,5,3, | 
(69)	0,0,0, | 1,5,3, | 
(69)	0,0,0, | 1,5,3, | 
(69)	0,0,0, | 1,5,3, | 
(69)	0,0,0, | 1,5,3, | 
(7845)	1,0,0, | 1,5,3, | 
(15621)	2,0,0, | 1,5,3, | 
(1580)	0,1,1, | 1,5,2, | 
(1580)	0,1,1, | 1,5,2, | 
(33980)	4,2,1, | 1,5,2, | 
(13460)	1,4,2, | 1,5,2, | 
(1580)	0,1,1, | 1,5,2, | 
(13460)	1,4,2, | 1,5,2, | 
(1580)	0,1,1, | 1,5,2, | 
(2646)	0,2,0, | 1,3,0, | 
(11760)	1,3,0, | 2,4,0, | 
(11712)	1,3,0, | 1,2,0, | 
(11767)	1,3,0, | 2,5,1, | 
(11718)	1,3,0, | 1,3,0, | 
(14676)	1,5,1, | 5,4,0, | 
(11724)	1,3,0, | 1,4,0, | 
(14556)	1,5,1, | 2,2,0, | 
(11712)	1,3,0, | 1,2,0, | 
(11700)	1,3,0, | 1,0,0, | 
(11868)	1,3,0, | 5,4,0, | 
(11730)	1,3,0, | 1,5,0, | 
(13212)	1,4,1, | 1,0,0, | 
(14708)	1,5,2, | 0,3,2, | 
(14721)	1,5,2, | 0,5,3, | 
(14701)	1,5,2, | 0,2,1, | 
(14708)	1,5,2, | 0,3,2, | 
(13441)	1,4,2, | 1,2,1, | 
(14905)	1,5,3, | 0,0,1, | 
(14905)	1,5,3, | 0,0,1, | 
(14905)	1,5,3, | 0,0,1, | 
(14904)	1,5,3, | 0,0,0, | 
(14904)	1,5,3, | 0,0,0, | 
(14905)	1,5,3, | 0,0,1, | 
(14905)	1,5,3, | 0,0,1, | 
(14905)	1,5,3, | 0,0,1, | 
(14905)	1,5,3, | 0,0,1, | 
(0)	0,0,0, | 0,0,0, | 
(0)	0,0,0, | 0,0,0, | 
(1332)	0,1,0, | 1,0,0, | 
(1332)	0,1,0, | 1,0,0, | 
(4140)	0,3,1, | 1,0,0, | 
(1332)	0,1,0, | 1,0,0, | 
(4140)	0,3,1, | 1,0,0, | 
(1332)	0,1,0, | 1,0,0, | 
(4140)	0,3,1, | 1,0,0, | 
(4140)	0,3,1, | 1,0,0, | 
(1548)	0,1,1, | 1,0,0, | 
(4248)	0,3,1, | 4,0,0, | 
(1548)	0,1,1, | 1,0,0, | 
(2628)	0,2,0, | 1,0,0, | 
(21348)	2,4,2, | 5,0,0, | 
(180)	0,0,0, | 5,0,0, | 
(72)	0,0,0, | 2,0,0, | 
(1440)	0,1,0, | 4,0,0, | 
(0)	0,0,0, | 0,0,0, | 
(14976)	1,5,3, | 2,0,0, | 
(14904)	1,5,3, | 0,0,0, | 
(14904)	1,5,3, | 0,0,0, | 
(14904)	1,5,3, | 0,0,0, | 
(14904)	1,5,3, | 0,0,0, | 
(14904)	1,5,3, | 0,0,0, | 
(15012)	1,5,3, | 3,0,0, | 
(14904)	1,5,3, | 0,0,0, | 
(14904)	1,5,3, | 0,0,0, | 
(14904)	1,5,3, | 0,0,0, | 
(14904)	1,5,3, | 0,0,0, | 
(14904)	1,5,3, | 0,0,0, | 
(14904)	1,5,3, | 0,0,0, | 
(7164)	0,5,3, | 1,0,0, | 
(7164)	0,5,3, | 1,0,0, | 
(7164)	0,5,3, | 1,0,0, | 
(49)	0,0,0, | 1,2,1, | 
(7825)	1,0,0, | 1,2,1, | 
(15601)	2,0,0, | 1,2,1, | 
(10849)	1,2,2, | 1,2,1, | 
(3073)	0,2,2, | 1,2,1, | 
(31153)	4,0,0, | 1,2,1, | 
(13008)	1,4,0, | 1,2,0, | 
(3936)	0,3,0, | 1,2,0, | 
(6973)	0,5,2, | 1,4,1, | 
(5677)	0,4,2, | 1,4,1, | 
(1363)	0,1,0, | 1,5,1, | 
(16908)	2,1,0, | 1,4,0, | 
(10465)	1,2,0, | 2,4,1, | 
(9241)	1,1,0, | 4,4,1, | 
(10429)	1,2,0, | 1,4,1, | 
(14575)	1,5,1, | 2,5,1, | 
(10429)	1,2,0, | 1,4,1, | 
(13128)	1,4,0, | 4,4,0, | 
(9133)	1,1,0, | 1,4,1, | 
(9078)	1,1,0, | 0,1,0, | 
(14938)	1,5,3, | 0,5,4, | 
(14976)	1,5,3, | 2,0,0, | 
(14938)	1,5,3, | 0,5,4, | 
(14918)	1,5,3, | 0,2,2, | 
(14938)	1,5,3, | 0,5,4, | 
(14976)	1,5,3, | 2,0,0, | 
(14918)	1,5,3, | 0,2,2, | 
(14938)	1,5,3, | 0,5,4, | 
(14904)	1,5,3, | 0,0,0, | 
(14904)	1,5,3, | 0,0,0, | 
(14904)	1,5,3, | 0,0,0, | 
(14904)	1,5,3, | 0,0,0, | 
(14904)	1,5,3, | 0,0,0, | 
(7164)	0,5,3, | 1,0,0, | 
(62)	0,0,0, | 1,4,2, | 
(62)	0,0,0, | 1,4,2, | 
(62)	0,0,0, | 1,4,2, | 
(7838)	1,0,0, | 1,4,2, | 
(15614)	2,0,0, | 1,4,2, | 
(1574)	0,1,1, | 1,4,2, | 
(68)	0,0,0, | 1,5,2, | 
(38300)	4,5,3, | 1,5,2, | 
(38300)	4,5,3, | 1,5,2, | 
(5677)	0,4,2, | 1,4,1, | 
(6973)	0,5,2, | 1,4,1, | 
(5677)	0,4,2, | 1,4,1, | 
(1363)	0,1,0, | 1,5,1, | 
(18204)	2,2,0, | 1,4,0, | 
(10429)	1,2,0, | 1,4,1, | 
(35160)	4,3,0, | 4,4,0, | 
(10537)	1,2,0, | 4,4,1, | 
(14611)	1,5,1, | 3,5,1, | 
(14634)	1,5,1, | 4,3,0, | 
(14634)	1,5,1, | 4,3,0, | 
(10422)	1,2,0, | 1,3,0, | 
(10381)	1,2,0, | 0,2,1, | 
(14695)	1,5,2, | 0,1,1, | 
(14750)	1,5,2, | 1,4,2, | 
(14695)	1,5,2, | 0,1,1, | 
(14695)	1,5,2, | 0,1,1, | 
(14750)	1,5,2, | 1,4,2, | 
(14695)	1,5,2, | 0,1,1, | 
(14695)	1,5,2, | 0,1,1, | 
(14911)	1,5,3, | 0,1,1, | 
(14904)	1,5,3, | 0,0,0, | 
(14904)	1,5,3, | 0,0,0, | 
(14904)	1,5,3, | 0,0,0, | 
(14904)	1,5,3, | 0,0,0, | 
(14904)	1,5,3, | 0,0,0, | 
(69)	0,0,0, | 1,5,3, | 
(69)	0,0,0, | 1,5,3, | 
(69)	0,0,0, | 1,5,3, | 
(69)	0,0,0, | 1,5,3, | 
(7845)	1,0,0, | 1,5,3, | 
(15621)	2,0,0, | 1,5,3, | 
(68)	0,0,0, | 1,5,2, | 
(68)	0,0,0, | 1,5,2, | 
(38300)	4,5,3, | 1,5,2, | 
(38300)	4,5,3, | 1,5,2, | 
(5677)	0,4,2, | 1,4,1, | 
(6973)	0,5,2, | 1,4,1, | 
(5677)	0,4,2, | 1,4,1, | 
(1363)	0,1,0, | 1,5,1, | 
(19507)	2,3,0, | 1,5,1, | 
(11868)	1,3,0, | 5,4,0, | 
(11761)	1,3,0, | 2,4,1, | 
(14562)	1,5,1, | 2,3,0, | 
(28861)	3,4,1, | 3,4,1, | 
(11754)	1,3,0, | 2,3,0, | 
(21042)	2,4,1, | 2,3,0, | 
(11754)	1,3,0, | 2,3,0, | 
(11688)	1,3,0, | 0,4,0, | 
(13208)	1,4,1, | 0,5,2, | 
(13208)	1,4,1, | 0,5,2, | 
(13176)	1,4,1, | 0,0,0, | 
(14865)	1,5,2, | 4,5,3, | 
(14688)	1,5,2, | 0,0,0, | 
(14688)	1,5,2, | 0,0,0, | 
(14688)	1,5,2, | 0,0,0, | 
(14904)	1,5,3, | 0,0,0, | 
(14904)	1,5,3, | 0,0,0, | 
(14904)	1,5,3, | 0,0,0, | 
(14904)	1,5,3, | 0,0,0, | 
(14904)	1,5,3, | 0,0,0, | 
(14904)	1,5,3, | 0,0,0, | 
(69)	0,0,0, | 1,5,3, | 
(69)	0,0,0, | 1,5,3, | 
(69)	0,0,0, | 1,5,3, | 
(69)	0,0,0, | 1,5,3, | 
(7845)	1,0,0, | 1,5,3, | 
(15621)	2,0,0, | 1,5,3, | 
(68)	0,0,0, | 1,5,2, | 
(68)	0,0,0, | 1,5,2, | 
(38300)	4,5,3, | 1,5,2, | 
(38300)	4,5,3, | 1,5,2, | 
(7196)	0,5,3, | 1,5,2, | 
(6973)	0,5,2, | 1,4,1, | 
(5677)	0,4,2, | 1,4,1, | 
(1363)	0,1,0, | 1,5,1, | 
(19543)	2,3,0, | 2,5,1, | 
(11796)	1,3,0, | 3,4,0, | 
(11832)	1,3,0, | 4,4,0, | 
(14526)	1,5,1, | 1,3,0, | 
(11724)	1,3,0, | 1,4,0, | 
(11761)	1,3,0, | 2,4,1, | 
(11724)	1,3,0, | 1,4,0, | 
(11724)	1,3,0, | 1,4,0, | 
(11670)	1,3,0, | 0,1,0, | 
(14505)	1,5,1, | 0,5,3, | 
(14479)	1,5,1, | 0,1,1, | 
(14688)	1,5,2, | 0,0,0, | 
(14688)	1,5,2, | 0,0,0, | 
(14744)	1,5,2, | 1,3,2, | 
(14688)	1,5,2, | 0,0,0, | 
(14688)	1,5,2, | 0,0,0, | 
(15091)	1,5,3, | 5,1,1, | 
(14904)	1,5,3, | 0,0,0, | 
(14904)	1,5,3, | 0,0,0, | 
(14904)	1,5,3, | 0,0,0, | 
(14904)	1,5,3, | 0,0,0, | 
(7809)	1,0,0, | 0,5,3, | 
(69)	0,0,0, | 1,5,3, | 
(69)	0,0,0, | 1,5,3, | 
(69)	0,0,0, | 1,5,3, | 
(69)	0,0,0, | 1,5,3, | 
(7845)	1,0,0, | 1,5,3, | 
(15621)	2,0,0, | 1,5,3, | 
(68)	0,0,0, | 1,5,2, | 
(68)	0,0,0, | 1,5,2, | 
(38300)	4,5,3, | 1,5,2, | 
(38300)	4,5,3, | 1,5,2, | 
(7196)	0,5,3, | 1,5,2, | 
(6973)	0,5,2, | 1,4,1, | 
(5677)	0,4,2, | 1,4,1, | 
(1363)	0,1,0, | 1,5,1, | 
(19507)	2,3,0, | 1,5,1, | 
(11766)	1,3,0, | 2,5,0, | 
(13056)	1,4,0, | 2,4,0, | 
(14526)	1,5,1, | 1,3,0, | 
(27277)	3,3,0, | 1,4,1, | 
(11869)	1,3,0, | 5,4,1, | 
(20802)	2,4,0, | 1,5,0, | 
(11730)	1,3,0, | 1,5,0, | 
(11700)	1,3,0, | 1,0,0, | 
(14479)	1,5,1, | 0,1,1, | 
(14593)	1,5,1, | 3,2,1, | 
(14472)	1,5,1, | 0,0,0, | 
(14708)	1,5,2, | 0,3,2, | 
(14721)	1,5,2, | 0,5,3, | 
(14701)	1,5,2, | 0,2,1, | 
(14701)	1,5,2, | 0,2,1, | 
(14904)	1,5,3, | 0,0,0, | 
(14905)	1,5,3, | 0,0,1, | 
(14905)	1,5,3, | 0,0,1, | 
(14905)	1,5,3, | 0,0,1, | 
(14904)	1,5,3, | 0,0,0, | 
(14904)	1,5,3, | 0,0,0, | 
(14905)	1,5,3, | 0,0,1, | 
(14904)	1,5,3, | 0,0,0, | 
(14904)	1,5,3, | 0,0,0, | 
(14905)	1,5,3, | 0,0,1, | 
(0)	0,0,0, | 0,0,0, | 
(1297)	0,1,0, | 0,0,1, | 
(22932)	2,5,4, | 1,0,0, | 
(5868)	0,4,3, | 1,0,0, | 
(31140)	4,0,0, | 1,0,0, | 
(1548)	0,1,1, | 1,0,0, | 
(3924)	0,3,0, | 1,0,0, | 
(1548)	0,1,1, | 1,0,0, | 
(12996)	1,4,0, | 1,0,0, | 
(6948)	0,5,2, | 1,0,0, | 
(36)	0,0,0, | 1,0,0, | 
(144)	0,0,0, | 4,0,0, | 
(13032)	1,4,0, | 2,0,0, | 
(26388)	3,2,2, | 1,0,0, | 
(180)	0,0,0, | 5,0,0, | 
(1584)	0,1,1, | 2,0,0, | 
(6732)	0,5,1, | 1,0,0, | 
(144)	0,0,0, | 4,0,0, | 
(0)	0,0,0, | 0,0,0, | 
(14976)	1,5,3, | 2,0,0, | 
(14904)	1,5,3, | 0,0,0, | 
(14904)	1,5,3, | 0,0,0, | 
(14904)	1,5,3, | 0,0,0, | 
(14904)	1,5,3, | 0,0,0, | 
(14904)	1,5,3, | 0,0,0, | 
(15048)	1,5,3, | 4,0,0, | 
(14904)	1,5,3, | 0,0,0, | 
(14904)	1,5,3, | 0,0,0, | 
(14904)	1,5,3, | 0,0,0, | 
(14904)	1,5,3, | 0,0,0, | 
(14904)	1,5,3, | 0,0,0, | 
(14904)	1,5,3, | 0,0,0, | 
(7164)	0,5,3, | 1,0,0, | 
(7164)	0,5,3, | 1,0,0, | 
(7164)	0,5,3, | 1,0,0, | 
(49)	0,0,0, | 1,2,1, | 
(7825)	1,0,0, | 1,2,1, | 
(15601)	2,0,0, | 1,2,1, | 
(49)	0,0,0, | 1,2,1, | 
(49)	0,0,0, | 1,2,1, | 
(30721)	3,5,4, | 1,2,1, | 
(3936)	0,3,0, | 1,2,0, | 
(5238)	0,4,0, | 1,3,0, | 
(5238)	0,4,0, | 1,3,0, | 
(5238)	0,4,0, | 1,3,0, | 
(1350)	0,1,0, | 1,3,0, | 
(10471)	1,2,0, | 2,5,1, | 
(11790)	1,3,0, | 3,3,0, | 
(10458)	1,2,0, | 2,3,0, | 
(25974)	3,2,0, | 1,3,0, | 
(13056)	1,4,0, | 2,4,0, | 
(10494)	1,2,0, | 3,3,0, | 
(35167)	4,3,0, | 4,5,1, | 
(27270)	3,3,0, | 1,3,0, | 
(9078)	1,1,0, | 0,1,0, | 
(14938)	1,5,3, | 0,5,4, | 
(14976)	1,5,3, | 2,0,0, | 
(14938)	1,5,3, | 0,5,4, | 
(14918)	1,5,3, | 0,2,2, | 
(14938)	1,5,3, | 0,5,4, | 
(14976)	1,5,3, | 2,0,0, | 
(14918)	1,5,3, | 0,2,2, | 
(14938)	1,5,3, | 0,5,4, | 
(14904)	1,5,3, | 0,0,0, | 
(14904)	1,5,3, | 0,0,0, | 
(14904)	1,5,3, | 0,0,0, | 
(14904)	1,5,3, | 0,0,0, | 
(14904)	1,5,3, | 0,0,0, | 
(7164)	0,5,3, | 1,0,0, | 
(62)	0,0,0, | 1,4,2, | 
(62)	0,0,0, | 1,4,2, | 
(62)	0,0,0, | 1,4,2, | 
(7838)	1,0,0, | 1,4,2, | 
(18422)	2,2,1, | 1,4,2, | 
(2870)	0,2,1, | 1,4,2, | 
(68)	0,0,0, | 1,5,2, | 
(27716)	3,3,2, | 1,5,2, | 
(7196)	0,5,3, | 1,5,2, | 
(13453)	1,4,2, | 1,4,1, | 
(1573)	0,1,1, | 1,4,1, | 
(5238)	0,4,0, | 1,3,0, | 
(1350)	0,1,0, | 1,3,0, | 
(10471)	1,2,0, | 2,5,1, | 
(14323)	1,5,0, | 1,5,1, | 
(11754)	1,3,0, | 2,3,0, | 
(20796)	2,4,0, | 1,4,0, | 
(26052)	3,2,0, | 3,4,0, | 
(35154)	4,3,0, | 4,3,0, | 
(14634)	1,5,1, | 4,3,0, | 
(25974)	3,2,0, | 1,3,0, | 
(10381)	1,2,0, | 0,2,1, | 
(14695)	1,5,2, | 0,1,1, | 
(14750)	1,5,2, | 1,4,2, | 
(14695)	1,5,2, | 0,1,1, | 
(14695)	1,5,2, | 0,1,1, | 
(14750)	1,5,2, | 1,4,2, | 
(14695)	1,5,2, | 0,1,1, | 
(14695)	1,5,2, | 0,1,1, | 
(15019)	1,5,3, | 3,1,1, | 
(14904)	1,5,3, | 0,0,0, | 
(14904)	1,5,3, | 0,0,0, | 
(14904)	1,5,3, | 0,0,0, | 
(14904)	1,5,3, | 0,0,0, | 
(14904)	1,5,3, | 0,0,0, | 
(69)	0,0,0, | 1,5,3, | 
(69)	0,0,0, | 1,5,3, | 
(69)	0,0,0, | 1,5,3, | 
(69)	0,0,0, | 1,5,3, | 
(7845)	1,0,0, | 1,5,3, | 
(15621)	2,0,0, | 1,5,3, | 
(68)	0,0,0, | 1,5,2, | 
(68)	0,0,0, | 1,5,2, | 
(27716)	3,3,2, | 1,5,2, | 
(7196)	0,5,3, | 1,5,2, | 
(21236)	2,4,2, | 1,5,2, | 
(1579)	0,1,1, | 1,5,1, | 
(14755)	1,5,2, | 1,5,1, | 
(1350)	0,1,0, | 1,3,0, | 
(13014)	1,4,0, | 1,3,0, | 
(11767)	1,3,0, | 2,5,1, | 
(11731)	1,3,0, | 1,5,1, | 
(14568)	1,5,1, | 2,4,0, | 
(11718)	1,3,0, | 1,3,0, | 
(11766)	1,3,0, | 2,5,0, | 
(13279)	1,4,1, | 2,5,1, | 
(27306)	3,3,0, | 2,3,0, | 
(11688)	1,3,0, | 0,4,0, | 
(13203)	1,4,1, | 0,4,3, | 
(13208)	1,4,1, | 0,5,2, | 
(14757)	1,5,2, | 1,5,3, | 
(14865)	1,5,2, | 4,5,3, | 
(14688)	1,5,2, | 0,0,0, | 
(14688)	1,5,2, | 0,0,0, | 
(14865)	1,5,2, | 4,5,3, | 
(14904)	1,5,3, | 0,0,0, | 
(14904)	1,5,3, | 0,0,0, | 
(14904)	1,5,3, | 0,0,0, | 
(14904)	1,5,3, | 0,0,0, | 
(14904)	1,5,3, | 0,0,0, | 
(14904)	1,5,3, | 0,0,0, | 
(69)	0,0,0, | 1,5,3, | 
(69)	0,0,0, | 1,5,3, | 
(69)	0,0,0, | 1,5,3, | 
(69)	0,0,0, | 1,5,3, | 
(7845)	1,0,0, | 1,5,3, | 
(15621)	2,0,0, | 1,5,3, | 
(7196)	0,5,3, | 1,5,2, | 
(68)	0,0,0, | 1,5,2, | 
(27716)	3,3,2, | 1,5,2, | 
(7196)	0,5,3, | 1,5,2, | 
(21236)	2,4,2, | 1,5,2, | 
(1579)	0,1,1, | 1,5,1, | 
(14755)	1,5,2, | 1,5,1, | 
(1350)	0,1,0, | 1,3,0, | 
(13020)	1,4,0, | 1,4,0, | 
(14316)	1,5,0, | 1,4,0, | 
(11767)	1,3,0, | 2,5,1, | 
(14532)	1,5,1, | 1,4,0, | 
(13128)	1,4,0, | 4,4,0, | 
(11724)	1,3,0, | 1,4,0, | 
(14634)	1,5,1, | 4,3,0, | 
(11724)	1,3,0, | 1,4,0, | 
(11670)	1,3,0, | 0,1,0, | 
(14540)	1,5,1, | 1,5,2, | 
(14479)	1,5,1, | 0,1,1, | 
(14688)	1,5,2, | 0,0,0, | 
(14839)	1,5,2, | 4,1,1, | 
(14744)	1,5,2, | 1,3,2, | 
(14688)	1,5,2, | 0,0,0, | 
(14688)	1,5,2, | 0,0,0, | 
(15091)	1,5,3, | 5,1,1, | 
(14904)	1,5,3, | 0,0,0, | 
(14904)	1,5,3, | 0,0,0, | 
(14904)	1,5,3, | 0,0,0, | 
(14904)	1,5,3, | 0,0,0, | 
(14904)	1,5,3, | 0,0,0, | 
(69)	0,0,0, | 1,5,3, | 
(69)	0,0,0, | 1,5,3, | 
(69)	0,0,0, | 1,5,3, | 
(69)	0,0,0, | 1,5,3, | 
(7845)	1,0,0, | 1,5,3, | 
(15621)	2,0,0, | 1,5,3, | 
(68)	0,0,0, | 1,5,2, | 
(68)	0,0,0, | 1,5,2, | 
(27716)	3,3,2, | 1,5,2, | 
(7196)	0,5,3, | 1,5,2, | 
(21236)	2,4,2, | 1,5,2, | 
(1579)	0,1,1, | 1,5,1, | 
(14755)	1,5,2, | 1,5,1, | 
(1350)	0,1,0, | 1,3,0, | 
(13014)	1,4,0, | 1,3,0, | 
(11731)	1,3,0, | 1,5,1, | 
(11826)	1,3,0, | 4,3,0, | 
(27270)	3,3,0, | 1,3,0, | 
(27378)	3,3,0, | 4,3,0, | 
(11724)	1,3,0, | 1,4,0, | 
(14634)	1,5,1, | 4,3,0, | 
(11731)	1,3,0, | 1,5,1, | 
(11700)	1,3,0, | 1,0,0, | 
(14648)	1,5,1, | 4,5,2, | 
(14593)	1,5,1, | 3,2,1, | 
(14472)	1,5,1, | 0,0,0, | 
(14708)	1,5,2, | 0,3,2, | 
(14721)	1,5,2, | 0,5,3, | 
(14701)	1,5,2, | 0,2,1, | 
(14708)	1,5,2, | 0,3,2, | 
(14904)	1,5,3, | 0,0,0, | 
(14905)	1,5,3, | 0,0,1, | 
(14904)	1,5,3, | 0,0,0, | 
(14905)	1,5,3, | 0,0,1, | 
(14904)	1,5,3, | 0,0,0, | 
(14905)	1,5,3, | 0,0,1, | 
(14905)	1,5,3, | 0,0,1, | 
(14905)	1,5,3, | 0,0,1, | 
(14905)	1,5,3, | 0,0,1, | 
(14905)	1,5,3, | 0,0,1, | 
(0)	0,0,0, | 0,0,0, | 
(0)	0,0,0, | 0,0,0, | 
(36)	0,0,0, | 1,0,0, | 
(4140)	0,3,1, | 1,0,0, | 
(20772)	2,4,0, | 1,0,0, | 
(20772)	2,4,0, | 1,0,0, | 
(1332)	0,1,0, | 1,0,0, | 
(1332)	0,1,0, | 1,0,0, | 
(3060)	0,2,2, | 1,0,0, | 
(3060)	0,2,2, | 1,0,0, | 
(1332)	0,1,0, | 1,0,0, | 
(144)	0,0,0, | 4,0,0, | 
(72)	0,0,0, | 2,0,0, | 
(20772)	2,4,0, | 1,0,0, | 
(5220)	0,4,0, | 1,0,0, | 
(1368)	0,1,0, | 2,0,0, | 
(144)	0,0,0, | 4,0,0, | 
(1656)	0,1,1, | 4,0,0, | 
(0)	0,0,0, | 0,0,0, | 
(14976)	1,5,3, | 2,0,0, | 
(15048)	1,5,3, | 4,0,0, | 
(14904)	1,5,3, | 0,0,0, | 
(15084)	1,5,3, | 5,0,0, | 
(14904)	1,5,3, | 0,0,0, | 
(14904)	1,5,3, | 0,0,0, | 
(15048)	1,5,3, | 4,0,0, | 
(14904)	1,5,3, | 0,0,0, | 
(14904)	1,5,3, | 0,0,0, | 
(14904)	1,5,3, | 0,0,0, | 
(14904)	1,5,3, | 0,0,0, | 
(14904)	1,5,3, | 0,0,0, | 
(14904)	1,5,3, | 0,0,0, | 
(7164)	0,5,3, | 1,0,0, | 
(7164)	0,5,3, | 1,0,0, | 
(7164)	0,5,3, | 1,0,0, | 
(49)	0,0,0, | 1,2,1, | 
(7825)	1,0,0, | 1,2,1, | 
(15601)	2,0,0, | 1,2,1, | 
(32665)	4,1,1, | 1,2,1, | 
(3073)	0,2,2, | 1,2,1, | 
(9337)	1,1,1, | 1,2,1, | 
(6534)	0,5,0, | 1,3,0, | 
(14310)	1,5,0, | 1,3,0, | 
(14310)	1,5,0, | 1,3,0, | 
(5238)	0,4,0, | 1,3,0, | 
(6546)	0,5,0, | 1,5,0, | 
(14526)	1,5,1, | 1,3,0, | 
(9211)	1,1,0, | 3,5,1, | 
(13063)	1,4,0, | 2,5,1, | 
(11718)	1,3,0, | 1,3,0, | 
(16914)	2,1,0, | 1,5,0, | 
(14388)	1,5,0, | 3,4,0, | 
(18283)	2,2,0, | 3,5,1, | 
(14526)	1,5,1, | 1,3,0, | 
(9078)	1,1,0, | 0,1,0, | 
(14938)	1,5,3, | 0,5,4, | 
(14976)	1,5,3, | 2,0,0, | 
(14938)	1,5,3, | 0,5,4, | 
(14918)	1,5,3, | 0,2,2, | 
(14938)	1,5,3, | 0,5,4, | 
(14976)	1,5,3, | 2,0,0, | 
(14918)	1,5,3, | 0,2,2, | 
(14938)	1,5,3, | 0,5,4, | 
(14904)	1,5,3, | 0,0,0, | 
(14904)	1,5,3, | 0,0,0, | 
(14904)	1,5,3, | 0,0,0, | 
(14904)	1,5,3, | 0,0,0, | 
(14904)	1,5,3, | 0,0,0, | 
(7164)	0,5,3, | 1,0,0, | 
(7164)	0,5,3, | 1,0,0, | 
(62)	0,0,0, | 1,4,2, | 
(62)	0,0,0, | 1,4,2, | 
(7838)	1,0,0, | 1,4,2, | 
(15614)	2,0,0, | 1,4,2, | 
(2876)	0,2,1, | 1,5,2, | 
(2876)	0,2,1, | 1,5,2, | 
(7196)	0,5,3, | 1,5,2, | 
(4388)	0,3,2, | 1,5,2, | 
(21229)	2,4,2, | 1,4,1, | 
(14310)	1,5,0, | 1,3,0, | 
(1579)	0,1,1, | 1,5,1, | 
(6546)	0,5,0, | 1,5,0, | 
(14526)	1,5,1, | 1,3,0, | 
(18319)	2,2,0, | 4,5,1, | 
(13014)	1,4,0, | 1,3,0, | 
(11718)	1,3,0, | 1,3,0, | 
(11718)	1,3,0, | 1,3,0, | 
(11796)	1,3,0, | 3,4,0, | 
(14634)	1,5,1, | 4,3,0, | 
(10422)	1,2,0, | 1,3,0, | 
(10381)	1,2,0, | 0,2,1, | 
(14695)	1,5,2, | 0,1,1, | 
(14750)	1,5,2, | 1,4,2, | 
(14695)	1,5,2, | 0,1,1, | 
(14695)	1,5,2, | 0,1,1, | 
(14750)	1,5,2, | 1,4,2, | 
(14695)	1,5,2, | 0,1,1, | 
(14695)	1,5,2, | 0,1,1, | 
(15019)	1,5,3, | 3,1,1, | 
(14904)	1,5,3, | 0,0,0, | 
(14904)	1,5,3, | 0,0,0, | 
(14904)	1,5,3, | 0,0,0, | 
(14904)	1,5,3, | 0,0,0, | 
(14904)	1,5,3, | 0,0,0, | 
(7164)	0,5,3, | 1,0,0, | 
(69)	0,0,0, | 1,5,3, | 
(69)	0,0,0, | 1,5,3, | 
(69)	0,0,0, | 1,5,3, | 
(7845)	1,0,0, | 1,5,3, | 
(15621)	2,0,0, | 1,5,3, | 
(2876)	0,2,1, | 1,5,2, | 
(2876)	0,2,1, | 1,5,2, | 
(7196)	0,5,3, | 1,5,2, | 
(4388)	0,3,2, | 1,5,2, | 
(4171)	0,3,1, | 1,5,1, | 
(26203)	3,2,1, | 1,5,1, | 
(1579)	0,1,1, | 1,5,1, | 
(6546)	0,5,0, | 1,5,0, | 
(14418)	1,5,0, | 4,3,0, | 
(11767)	1,3,0, | 2,5,1, | 
(27283)	3,3,0, | 1,5,1, | 
(11754)	1,3,0, | 2,3,0, | 
(11731)	1,3,0, | 1,5,1, | 
(19530)	2,3,0, | 2,3,0, | 
(13279)	1,4,1, | 2,5,1, | 
(14562)	1,5,1, | 2,3,0, | 
(11688)	1,3,0, | 0,4,0, | 
(13208)	1,4,1, | 0,5,2, | 
(13208)	1,4,1, | 0,5,2, | 
(14757)	1,5,2, | 1,5,3, | 
(14865)	1,5,2, | 4,5,3, | 
(14688)	1,5,2, | 0,0,0, | 
(14688)	1,5,2, | 0,0,0, | 
(14688)	1,5,2, | 0,0,0, | 
(14904)	1,5,3, | 0,0,0, | 
(14904)	1,5,3, | 0,0,0, | 
(14904)	1,5,3, | 0,0,0, | 
(14904)	1,5,3, | 0,0,0, | 
(14904)	1,5,3, | 0,0,0, | 
(14904)	1,5,3, | 0,0,0, | 
(69)	0,0,0, | 1,5,3, | 
(69)	0,0,0, | 1,5,3, | 
(69)	0,0,0, | 1,5,3, | 
(69)	0,0,0, | 1,5,3, | 
(7845)	1,0,0, | 1,5,3, | 
(15621)	2,0,0, | 1,5,3, | 
(2876)	0,2,1, | 1,5,2, | 
(2876)	0,2,1, | 1,5,2, | 
(7196)	0,5,3, | 1,5,2, | 
(4388)	0,3,2, | 1,5,2, | 
(4171)	0,3,1, | 1,5,1, | 
(26203)	3,2,1, | 1,5,1, | 
(1579)	0,1,1, | 1,5,1, | 
(6546)	0,5,0, | 1,5,0, | 
(14562)	1,5,1, | 2,3,0, | 
(13050)	1,4,0, | 2,3,0, | 
(13014)	1,4,0, | 1,3,0, | 
(11724)	1,3,0, | 1,4,0, | 
(30163)	3,5,1, | 3,5,1, | 
(11724)	1,3,0, | 1,4,0, | 
(37866)	4,5,1, | 1,5,0, | 
(11724)	1,3,0, | 1,4,0, | 
(11670)	1,3,0, | 0,1,0, | 
(14540)	1,5,1, | 1,5,2, | 
(14479)	1,5,1, | 0,1,1, | 
(14688)	1,5,2, | 0,0,0, | 
(14839)	1,5,2, | 4,1,1, | 
(14744)	1,5,2, | 1,3,2, | 
(14688)	1,5,2, | 0,0,0, | 
(14688)	1,5,2, | 0,0,0, | 
(14904)	1,5,3, | 0,0,0, | 
(14904)	1,5,3, | 0,0,0, | 
(14904)	1,5,3, | 0,0,0, | 
(14904)	1,5,3, | 0,0,0, | 
(14904)	1,5,3, | 0,0,0, | 
(14904)	1,5,3, | 0,0,0, | 
(69)	0,0,0, | 1,5,3, | 
(69)	0,0,0, | 1,5,3, | 
(69)	0,0,0, | 1,5,3, | 
(69)	0,0,0, | 1,5,3, | 
(7845)	1,0,0, | 1,5,3, | 
(15621)	2,0,0, | 1,5,3, | 
(2876)	0,2,1, | 1,5,2, | 
(2876)	0,2,1, | 1,5,2, | 
(7196)	0,5,3, | 1,5,2, | 
(4388)	0,3,2, | 1,5,2, | 
(4171)	0,3,1, | 1,5,1, | 
(26203)	3,2,1, | 1,5,1, | 
(1579)	0,1,1, | 1,5,1, | 
(6546)	0,5,0, | 1,5,0, | 
(14562)	1,5,1, | 2,3,0, | 
(11731)	1,3,0, | 1,5,1, | 
(13014)	1,4,0, | 1,3,0, | 
(11718)	1,3,0, | 1,3,0, | 
(30163)	3,5,1, | 3,5,1, | 
(14322)	1,5,0, | 1,5,0, | 
(19500)	2,3,0, | 1,4,0, | 
(11718)	1,3,0, | 1,3,0, | 
(11700)	1,3,0, | 1,0,0, | 
(14648)	1,5,1, | 4,5,2, | 
(14593)	1,5,1, | 3,2,1, | 
(14472)	1,5,1, | 0,0,0, | 
(14708)	1,5,2, | 0,3,2, | 
(14721)	1,5,2, | 0,5,3, | 
(14701)	1,5,2, | 0,2,1, | 
(14701)	1,5,2, | 0,2,1, | 
(14904)	1,5,3, | 0,0,0, | 
