(38268)	4,5,3, | 1,0,0, | 
(38268)	4,5,3, | 1,0,0, | 
(38268)	4,5,3, | 1,0,0, | 
(38268)	4,5,3, | 1,0,0, | 
(38268)	4,5,3, | 1,0,0, | 
(7953)	1,0,0, | 4,5,3, | 
(7953)	1,0,0, | 4,5,3, | 
(7953)	1,0,0, | 4,5,3, | 
(7953)	1,0,0, | 4,5,3, | 
(7953)	1,0,0, | 4,5,3, | 
(23504)	3,0,0, | 4,5,2, | 
(7952)	1,0,0, | 4,5,2, | 
(23504)	3,0,0, | 4,5,2, | 
(7952)	1,0,0, | 4,5,2, | 
(7951)	1,0,0, | 4,5,1, | 
(7951)	1,0,0, | 4,5,1, | 
(14424)	1,5,0, | 4,4,0, | 
(14424)	1,5,0, | 4,4,0, | 
(7836)	1,0,0, | 1,4,0, | 
(13098)	1,4,0, | 3,5,0, | 
(22206)	2,5,0, | 4,5,0, | 
(13020)	1,4,0, | 1,4,0, | 
(13056)	1,4,0, | 2,4,0, | 
(14322)	1,5,0, | 1,5,0, | 
(13020)	1,4,0, | 1,4,0, | 
(13020)	1,4,0, | 1,4,0, | 
(13020)	1,4,0, | 1,4,0, | 
(12996)	1,4,0, | 1,0,0, | 
(36354)	4,4,0, | 1,5,0, | 
(36354)	4,4,0, | 1,5,0, | 
(37836)	4,5,1, | 1,0,0, | 
(37908)	4,5,1, | 3,0,0, | 
(38088)	4,5,2, | 2,0,0, | 
(38088)	4,5,2, | 2,0,0, | 
(38052)	4,5,2, | 1,0,0, | 
(38052)	4,5,2, | 1,0,0, | 
(38268)	4,5,3, | 1,0,0, | 
(38268)	4,5,3, | 1,0,0, | 
(38268)	4,5,3, | 1,0,0, | 
(38268)	4,5,3, | 1,0,0, | 
(38268)	4,5,3, | 1,0,0, | 
(15084)	1,5,3, | 5,0,0, | 
(15084)	1,5,3, | 5,0,0, | 
(15084)	1,5,3, | 5,0,0, | 
(7969)	1,0,0, | 5,2,1, | 
(7969)	1,0,0, | 5,2,1, | 
(7969)	1,0,0, | 5,2,1, | 
(7969)	1,0,0, | 5,2,1, | 
(7975)	1,0,0, | 5,3,1, | 
(7975)	1,0,0, | 5,3,1, | 
(14460)	1,5,0, | 5,4,0, | 
(14460)	1,5,0, | 5,4,0, | 
(14460)	1,5,0, | 5,4,0, | 
(14460)	1,5,0, | 5,4,0, | 
(7836)	1,0,0, | 1,4,0, | 
(10500)	1,2,0, | 3,4,0, | 
(10500)	1,2,0, | 3,4,0, | 
(10428)	1,2,0, | 1,4,0, | 
(10428)	1,2,0, | 1,4,0, | 
(14322)	1,5,0, | 1,5,0, | 
(10470)	1,2,0, | 2,5,0, | 
(22200)	2,5,0, | 4,4,0, | 
(13020)	1,4,0, | 1,4,0, | 
(11928)	1,3,1, | 1,2,0, | 
(38186)	4,5,2, | 4,4,2, | 
(38229)	4,5,2, | 5,5,3, | 
(38059)	4,5,2, | 1,1,1, | 
(38114)	4,5,2, | 2,4,2, | 
(38072)	4,5,2, | 1,3,2, | 
(38222)	4,5,2, | 5,4,2, | 
(38065)	4,5,2, | 1,2,1, | 
(38072)	4,5,2, | 1,3,2, | 
(38268)	4,5,3, | 1,0,0, | 
(38268)	4,5,3, | 1,0,0, | 
(38268)	4,5,3, | 1,0,0, | 
(38268)	4,5,3, | 1,0,0, | 
(38268)	4,5,3, | 1,0,0, | 
(15084)	1,5,3, | 5,0,0, | 
(15084)	1,5,3, | 5,0,0, | 
(7982)	1,0,0, | 5,4,2, | 
(7982)	1,0,0, | 5,4,2, | 
(7982)	1,0,0, | 5,4,2, | 
(23540)	3,0,0, | 5,5,2, | 
(7988)	1,0,0, | 5,5,2, | 
(7988)	1,0,0, | 5,5,2, | 
(15764)	2,0,0, | 5,5,2, | 
(7987)	1,0,0, | 5,5,1, | 
(14460)	1,5,0, | 5,4,0, | 
(14460)	1,5,0, | 5,4,0, | 
(14460)	1,5,0, | 5,4,0, | 
(7836)	1,0,0, | 1,4,0, | 
(11730)	1,3,0, | 1,5,0, | 
(11724)	1,3,0, | 1,4,0, | 
(19500)	2,3,0, | 1,4,0, | 
(11730)	1,3,0, | 1,5,0, | 
(14358)	1,5,0, | 2,5,0, | 
(11724)	1,3,0, | 1,4,0, | 
(11796)	1,3,0, | 3,4,0, | 
(13020)	1,4,0, | 1,4,0, | 
(11712)	1,3,0, | 1,2,0, | 
(37933)	4,5,1, | 3,4,1, | 
(37849)	4,5,1, | 1,2,1, | 
(37849)	4,5,1, | 1,2,1, | 
(38052)	4,5,2, | 1,0,0, | 
(38059)	4,5,2, | 1,1,1, | 
(38065)	4,5,2, | 1,2,1, | 
(38052)	4,5,2, | 1,0,0, | 
(38052)	4,5,2, | 1,0,0, | 
(38268)	4,5,3, | 1,0,0, | 
(38268)	4,5,3, | 1,0,0, | 
(38268)	4,5,3, | 1,0,0, | 
(38268)	4,5,3, | 1,0,0, | 
(38268)	4,5,3, | 1,0,0, | 
(15084)	1,5,3, | 5,0,0, | 
(7989)	1,0,0, | 5,5,3, | 
(7989)	1,0,0, | 5,5,3, | 
(7989)	1,0,0, | 5,5,3, | 
(7989)	1,0,0, | 5,5,3, | 
(23540)	3,0,0, | 5,5,2, | 
(7988)	1,0,0, | 5,5,2, | 
(7988)	1,0,0, | 5,5,2, | 
(15764)	2,0,0, | 5,5,2, | 
(7987)	1,0,0, | 5,5,1, | 
(14460)	1,5,0, | 5,4,0, | 
(14460)	1,5,0, | 5,4,0, | 
(14460)	1,5,0, | 5,4,0, | 
(7836)	1,0,0, | 1,4,0, | 
(13098)	1,4,0, | 3,5,0, | 
(13026)	1,4,0, | 1,5,0, | 
(13170)	1,4,0, | 5,5,0, | 
(37968)	4,5,1, | 4,4,0, | 
(14430)	1,5,0, | 4,5,0, | 
(13062)	1,4,0, | 2,5,0, | 
(13098)	1,4,0, | 3,5,0, | 
(13164)	1,4,0, | 5,4,0, | 
(13044)	1,4,0, | 2,2,0, | 
(38012)	4,5,1, | 5,5,2, | 
(37868)	4,5,1, | 1,5,2, | 
(37868)	4,5,1, | 1,5,2, | 
(37855)	4,5,1, | 1,3,1, | 
(38078)	4,5,2, | 1,4,2, | 
(38059)	4,5,2, | 1,1,1, | 
(38052)	4,5,2, | 1,0,0, | 
(38059)	4,5,2, | 1,1,1, | 
(38268)	4,5,3, | 1,0,0, | 
(38268)	4,5,3, | 1,0,0, | 
(38268)	4,5,3, | 1,0,0, | 
(38268)	4,5,3, | 1,0,0, | 
(38268)	4,5,3, | 1,0,0, | 
(15084)	1,5,3, | 5,0,0, | 
(7989)	1,0,0, | 5,5,3, | 
(7989)	1,0,0, | 5,5,3, | 
(7989)	1,0,0, | 5,5,3, | 
(7989)	1,0,0, | 5,5,3, | 
(23540)	3,0,0, | 5,5,2, | 
(7988)	1,0,0, | 5,5,2, | 
(7988)	1,0,0, | 5,5,2, | 
(15764)	2,0,0, | 5,5,2, | 
(7987)	1,0,0, | 5,5,1, | 
(14460)	1,5,0, | 5,4,0, | 
(14460)	1,5,0, | 5,4,0, | 
(14460)	1,5,0, | 5,4,0, | 
(7836)	1,0,0, | 1,4,0, | 
(13062)	1,4,0, | 2,5,0, | 
(13020)	1,4,0, | 1,4,0, | 
(13128)	1,4,0, | 4,4,0, | 
(14388)	1,5,0, | 3,4,0, | 
(28572)	3,4,0, | 1,4,0, | 
(13062)	1,4,0, | 2,5,0, | 
(13098)	1,4,0, | 3,5,0, | 
(13056)	1,4,0, | 2,4,0, | 
(13002)	1,4,0, | 1,1,0, | 
(37904)	4,5,1, | 2,5,2, | 
(37904)	4,5,1, | 2,5,2, | 
(37836)	4,5,1, | 1,0,0, | 
(37836)	4,5,1, | 1,0,0, | 
(38065)	4,5,2, | 1,2,1, | 
(38059)	4,5,2, | 1,1,1, | 
(38052)	4,5,2, | 1,0,0, | 
(38052)	4,5,2, | 1,0,0, | 
(38268)	4,5,3, | 1,0,0, | 
(38268)	4,5,3, | 1,0,0, | 
(38268)	4,5,3, | 1,0,0, | 
(38268)	4,5,3, | 1,0,0, | 
(38268)	4,5,3, | 1,0,0, | 
(15084)	1,5,3, | 5,0,0, | 
(7989)	1,0,0, | 5,5,3, | 
(7989)	1,0,0, | 5,5,3, | 
(7989)	1,0,0, | 5,5,3, | 
(7989)	1,0,0, | 5,5,3, | 
(23540)	3,0,0, | 5,5,2, | 
(7988)	1,0,0, | 5,5,2, | 
(7988)	1,0,0, | 5,5,2, | 
(15764)	2,0,0, | 5,5,2, | 
(7987)	1,0,0, | 5,5,1, | 
(7987)	1,0,0, | 5,5,1, | 
(14460)	1,5,0, | 5,4,0, | 
(14460)	1,5,0, | 5,4,0, | 
(7836)	1,0,0, | 1,4,0, | 
(20874)	2,4,0, | 3,5,0, | 
(13020)	1,4,0, | 1,4,0, | 
(13020)	1,4,0, | 1,4,0, | 
(13020)	1,4,0, | 1,4,0, | 
(28644)	3,4,0, | 3,4,0, | 
(13026)	1,4,0, | 1,5,0, | 
(13026)	1,4,0, | 1,5,0, | 
(13020)	1,4,0, | 1,4,0, | 
(13020)	1,4,0, | 1,4,0, | 
(37904)	4,5,1, | 2,5,2, | 
(37843)	4,5,1, | 1,1,1, | 
(37836)	4,5,1, | 1,0,0, | 
(37843)	4,5,1, | 1,1,1, | 
(38059)	4,5,2, | 1,1,1, | 
(38101)	4,5,2, | 2,2,1, | 
(38150)	4,5,2, | 3,4,2, | 
(38052)	4,5,2, | 1,0,0, | 
(41724)	5,2,1, | 1,0,0, | 
(41724)	5,2,1, | 1,0,0, | 
(38949)	5,0,0, | 1,5,3, | 
(38949)	5,0,0, | 1,5,3, | 
(38949)	5,0,0, | 1,5,3, | 
(7953)	1,0,0, | 4,5,3, | 
(7953)	1,0,0, | 4,5,3, | 
(7953)	1,0,0, | 4,5,3, | 
(7953)	1,0,0, | 4,5,3, | 
(7953)	1,0,0, | 4,5,3, | 
(9464)	1,1,1, | 4,5,2, | 
(9464)	1,1,1, | 4,5,2, | 
(9464)	1,1,1, | 4,5,2, | 
(9464)	1,1,1, | 4,5,2, | 
(9464)	1,1,1, | 4,5,2, | 
(9464)	1,1,1, | 4,5,2, | 
(10760)	1,2,1, | 4,5,2, | 
(9464)	1,1,1, | 4,5,2, | 
(9139)	1,1,0, | 1,5,1, | 
(13008)	1,4,0, | 1,2,0, | 
(20856)	2,4,0, | 3,2,0, | 
(13080)	1,4,0, | 3,2,0, | 
(20892)	2,4,0, | 4,2,0, | 
(13008)	1,4,0, | 1,2,0, | 
(13008)	1,4,0, | 1,2,0, | 
(13008)	1,4,0, | 1,2,0, | 
(13008)	1,4,0, | 1,2,0, | 
(12996)	1,4,0, | 1,0,0, | 
(44130)	5,4,0, | 1,5,0, | 
(44130)	5,4,0, | 1,5,0, | 
(44130)	5,4,0, | 1,5,0, | 
(44130)	5,4,0, | 1,5,0, | 
(43056)	5,3,1, | 2,0,0, | 
(43020)	5,3,1, | 1,0,0, | 
(41724)	5,2,1, | 1,0,0, | 
(41724)	5,2,1, | 1,0,0, | 
(41724)	5,2,1, | 1,0,0, | 
(41724)	5,2,1, | 1,0,0, | 
(41724)	5,2,1, | 1,0,0, | 
(41724)	5,2,1, | 1,0,0, | 
(41724)	5,2,1, | 1,0,0, | 
(7969)	1,0,0, | 5,2,1, | 
(7969)	1,0,0, | 5,2,1, | 
(7969)	1,0,0, | 5,2,1, | 
(7969)	1,0,0, | 5,2,1, | 
(7969)	1,0,0, | 5,2,1, | 
(7969)	1,0,0, | 5,2,1, | 
(34321)	4,2,2, | 5,2,1, | 
(9487)	1,1,1, | 5,3,1, | 
(9487)	1,1,1, | 5,3,1, | 
(9487)	1,1,1, | 5,3,1, | 
(9487)	1,1,1, | 5,3,1, | 
(10783)	1,2,1, | 5,3,1, | 
(36919)	4,4,2, | 5,3,1, | 
(9139)	1,1,0, | 1,5,1, | 
(10495)	1,2,0, | 3,3,1, | 
(10429)	1,2,0, | 1,4,1, | 
(10423)	1,2,0, | 1,3,1, | 
(20856)	2,4,0, | 3,2,0, | 
(10472)	1,2,0, | 2,5,2, | 
(10429)	1,2,0, | 1,4,1, | 
(10508)	1,2,0, | 3,5,2, | 
(13026)	1,4,0, | 1,5,0, | 
(11928)	1,3,1, | 1,2,0, | 
(43027)	5,3,1, | 1,1,1, | 
(43197)	5,3,1, | 5,5,3, | 
(43027)	5,3,1, | 1,1,1, | 
(43027)	5,3,1, | 1,1,1, | 
(43027)	5,3,1, | 1,1,1, | 
(43053)	5,3,1, | 1,5,3, | 
(41744)	5,2,1, | 1,3,2, | 
(41724)	5,2,1, | 1,0,0, | 
(41724)	5,2,1, | 1,0,0, | 
(41724)	5,2,1, | 1,0,0, | 
(41724)	5,2,1, | 1,0,0, | 
(38942)	5,0,0, | 1,4,2, | 
(38942)	5,0,0, | 1,4,2, | 
(7982)	1,0,0, | 5,4,2, | 
(7982)	1,0,0, | 5,4,2, | 
(7982)	1,0,0, | 5,4,2, | 
(7982)	1,0,0, | 5,4,2, | 
(7982)	1,0,0, | 5,4,2, | 
(7982)	1,0,0, | 5,4,2, | 
(10796)	1,2,1, | 5,5,2, | 
(9500)	1,1,1, | 5,5,2, | 
(9500)	1,1,1, | 5,5,2, | 
(9500)	1,1,1, | 5,5,2, | 
(9500)	1,1,1, | 5,5,2, | 
(10796)	1,2,1, | 5,5,2, | 
(36932)	4,4,2, | 5,5,2, | 
(9139)	1,1,0, | 1,5,1, | 
(11760)	1,3,0, | 2,4,0, | 
(11718)	1,3,0, | 1,3,0, | 
(11838)	1,3,0, | 4,5,0, | 
(14526)	1,5,1, | 1,3,0, | 
(14634)	1,5,1, | 4,3,0, | 
(11712)	1,3,0, | 1,2,0, | 
(11876)	1,3,0, | 5,5,2, | 
(22206)	2,5,0, | 4,5,0, | 
(11712)	1,3,0, | 1,2,0, | 
(42828)	5,3,0, | 1,4,0, | 
(41538)	5,2,0, | 1,5,0, | 
(44335)	5,4,1, | 1,3,1, | 
(43089)	5,3,1, | 2,5,3, | 
(43020)	5,3,1, | 1,0,0, | 
(43040)	5,3,1, | 1,3,2, | 
(41744)	5,2,1, | 1,3,2, | 
(41724)	5,2,1, | 1,0,0, | 
(41724)	5,2,1, | 1,0,0, | 
(41724)	5,2,1, | 1,0,0, | 
(41724)	5,2,1, | 1,0,0, | 
(38949)	5,0,0, | 1,5,3, | 
(38949)	5,0,0, | 1,5,3, | 
(7989)	1,0,0, | 5,5,3, | 
(7989)	1,0,0, | 5,5,3, | 
(7989)	1,0,0, | 5,5,3, | 
(7989)	1,0,0, | 5,5,3, | 
(7989)	1,0,0, | 5,5,3, | 
(9500)	1,1,1, | 5,5,2, | 
(9500)	1,1,1, | 5,5,2, | 
(9500)	1,1,1, | 5,5,2, | 
(9500)	1,1,1, | 5,5,2, | 
(9500)	1,1,1, | 5,5,2, | 
(9500)	1,1,1, | 5,5,2, | 
(10796)	1,2,1, | 5,5,2, | 
(36932)	4,4,2, | 5,5,2, | 
(9139)	1,1,0, | 1,5,1, | 
(14598)	1,5,1, | 3,3,0, | 
(13026)	1,4,0, | 1,5,0, | 
(13008)	1,4,0, | 1,2,0, | 
(14634)	1,5,1, | 4,3,0, | 
(44131)	5,4,0, | 1,5,1, | 
(13027)	1,4,0, | 1,5,1, | 
(13026)	1,4,0, | 1,5,0, | 
(13026)	1,4,0, | 1,5,0, | 
(13044)	1,4,0, | 2,2,0, | 
(45637)	5,5,1, | 1,4,1, | 
(45644)	5,5,1, | 1,5,2, | 
(45716)	5,5,1, | 3,5,2, | 
(43020)	5,3,1, | 1,0,0, | 
(43033)	5,3,1, | 1,2,1, | 
(43020)	5,3,1, | 1,0,0, | 
(41810)	5,2,1, | 3,2,2, | 
(41724)	5,2,1, | 1,0,0, | 
(41724)	5,2,1, | 1,0,0, | 
(41725)	5,2,1, | 1,0,1, | 
(38949)	5,0,0, | 1,5,3, | 
(38949)	5,0,0, | 1,5,3, | 
(38949)	5,0,0, | 1,5,3, | 
(7989)	1,0,0, | 5,5,3, | 
(7989)	1,0,0, | 5,5,3, | 
(7989)	1,0,0, | 5,5,3, | 
(7989)	1,0,0, | 5,5,3, | 
(7989)	1,0,0, | 5,5,3, | 
(9500)	1,1,1, | 5,5,2, | 
(9500)	1,1,1, | 5,5,2, | 
(15116)	1,5,3, | 5,5,2, | 
(9500)	1,1,1, | 5,5,2, | 
(9500)	1,1,1, | 5,5,2, | 
(9500)	1,1,1, | 5,5,2, | 
(10796)	1,2,1, | 5,5,2, | 
(36932)	4,4,2, | 5,5,2, | 
(9139)	1,1,0, | 1,5,1, | 
(20832)	2,4,0, | 2,4,0, | 
(13008)	1,4,0, | 1,2,0, | 
(13008)	1,4,0, | 1,2,0, | 
(20869)	2,4,0, | 3,4,1, | 
(44112)	5,4,0, | 1,2,0, | 
(13008)	1,4,0, | 1,2,0, | 
(13093)	1,4,0, | 3,4,1, | 
(13128)	1,4,0, | 4,4,0, | 
(13002)	1,4,0, | 1,1,0, | 
(44130)	5,4,0, | 1,5,0, | 
(45625)	5,5,1, | 1,2,1, | 
(45644)	5,5,1, | 1,5,2, | 
(45612)	5,5,1, | 1,0,0, | 
(43027)	5,3,1, | 1,1,1, | 
(43027)	5,3,1, | 1,1,1, | 
(41751)	5,2,1, | 1,4,3, | 
(41724)	5,2,1, | 1,0,0, | 
(41724)	5,2,1, | 1,0,0, | 
(41724)	5,2,1, | 1,0,0, | 
(38949)	5,0,0, | 1,5,3, | 
(38949)	5,0,0, | 1,5,3, | 
(38949)	5,0,0, | 1,5,3, | 
(7989)	1,0,0, | 5,5,3, | 
(7989)	1,0,0, | 5,5,3, | 
(7989)	1,0,0, | 5,5,3, | 
(7989)	1,0,0, | 5,5,3, | 
(7989)	1,0,0, | 5,5,3, | 
(9500)	1,1,1, | 5,5,2, | 
(9500)	1,1,1, | 5,5,2, | 
(15116)	1,5,3, | 5,5,2, | 
(9500)	1,1,1, | 5,5,2, | 
(9500)	1,1,1, | 5,5,2, | 
(9500)	1,1,1, | 5,5,2, | 
(10796)	1,2,1, | 5,5,2, | 
(36932)	4,4,2, | 5,5,2, | 
(9139)	1,1,0, | 1,5,1, | 
(20868)	2,4,0, | 3,4,0, | 
(13026)	1,4,0, | 1,5,0, | 
(13014)	1,4,0, | 1,3,0, | 
(14340)	1,5,0, | 2,2,0, | 
(22170)	2,5,0, | 3,5,0, | 
(13014)	1,4,0, | 1,3,0, | 
(13026)	1,4,0, | 1,5,0, | 
(13026)	1,4,0, | 1,5,0, | 
(13020)	1,4,0, | 1,4,0, | 
(44130)	5,4,0, | 1,5,0, | 
(44130)	5,4,0, | 1,5,0, | 
(45619)	5,5,1, | 1,1,1, | 
(45619)	5,5,1, | 1,1,1, | 
(43105)	5,3,1, | 3,2,1, | 
(43082)	5,3,1, | 2,4,2, | 
(41758)	5,2,1, | 1,5,4, | 
(41724)	5,2,1, | 1,0,0, | 
(44532)	5,4,2, | 1,0,0, | 
(44532)	5,4,2, | 1,0,0, | 
(44532)	5,4,2, | 1,0,0, | 
(38949)	5,0,0, | 1,5,3, | 
(38949)	5,0,0, | 1,5,3, | 
(7953)	1,0,0, | 4,5,3, | 
(7953)	1,0,0, | 4,5,3, | 
(7953)	1,0,0, | 4,5,3, | 
(7953)	1,0,0, | 4,5,3, | 
(7953)	1,0,0, | 4,5,3, | 
(7952)	1,0,0, | 4,5,2, | 
(7952)	1,0,0, | 4,5,2, | 
(7952)	1,0,0, | 4,5,2, | 
(7952)	1,0,0, | 4,5,2, | 
(7952)	1,0,0, | 4,5,2, | 
(10759)	1,2,1, | 4,5,1, | 
(10759)	1,2,1, | 4,5,1, | 
(10759)	1,2,1, | 4,5,1, | 
(10422)	1,2,0, | 1,3,0, | 
(13014)	1,4,0, | 1,3,0, | 
(13086)	1,4,0, | 3,3,0, | 
(37650)	4,5,0, | 1,5,0, | 
(13014)	1,4,0, | 1,3,0, | 
(13014)	1,4,0, | 1,3,0, | 
(13014)	1,4,0, | 1,3,0, | 
(13014)	1,4,0, | 1,3,0, | 
(13014)	1,4,0, | 1,3,0, | 
(12996)	1,4,0, | 1,0,0, | 
(44130)	5,4,0, | 1,5,0, | 
(44130)	5,4,0, | 1,5,0, | 
(44130)	5,4,0, | 1,5,0, | 
(45612)	5,5,1, | 1,0,0, | 
(45828)	5,5,2, | 1,0,0, | 
(45828)	5,5,2, | 1,0,0, | 
(45828)	5,5,2, | 1,0,0, | 
(45828)	5,5,2, | 1,0,0, | 
(44532)	5,4,2, | 1,0,0, | 
(44532)	5,4,2, | 1,0,0, | 
(44532)	5,4,2, | 1,0,0, | 
(44532)	5,4,2, | 1,0,0, | 
(44532)	5,4,2, | 1,0,0, | 
(13572)	1,4,2, | 5,0,0, | 
(13572)	1,4,2, | 5,0,0, | 
(7969)	1,0,0, | 5,2,1, | 
(7969)	1,0,0, | 5,2,1, | 
(7969)	1,0,0, | 5,2,1, | 
(20065)	2,3,2, | 5,2,1, | 
(42097)	5,2,2, | 5,2,1, | 
(38431)	4,5,3, | 5,3,1, | 
(7975)	1,0,0, | 5,3,1, | 
(7975)	1,0,0, | 5,3,1, | 
(9493)	1,1,1, | 5,4,1, | 
(11856)	1,3,0, | 5,2,0, | 
(13158)	1,4,0, | 5,3,0, | 
(10422)	1,2,0, | 1,3,0, | 
(13062)	1,4,0, | 2,5,0, | 
(10428)	1,2,0, | 1,4,0, | 
(42835)	5,3,0, | 1,5,1, | 
(11718)	1,3,0, | 1,3,0, | 
(11718)	1,3,0, | 1,3,0, | 
(10428)	1,2,0, | 1,4,0, | 
(10464)	1,2,0, | 2,4,0, | 
(10464)	1,2,0, | 2,4,0, | 
(11928)	1,3,1, | 1,2,0, | 
(45835)	5,5,2, | 1,1,1, | 
(45835)	5,5,2, | 1,1,1, | 
(45854)	5,5,2, | 1,4,2, | 
(45835)	5,5,2, | 1,1,1, | 
(45835)	5,5,2, | 1,1,1, | 
(45835)	5,5,2, | 1,1,1, | 
(45848)	5,5,2, | 1,3,2, | 
(44532)	5,4,2, | 1,0,0, | 
(44532)	5,4,2, | 1,0,0, | 
(44533)	5,4,2, | 1,0,1, | 
(44532)	5,4,2, | 1,0,0, | 
(44532)	5,4,2, | 1,0,0, | 
(44532)	5,4,2, | 1,0,0, | 
(7982)	1,0,0, | 5,4,2, | 
(7982)	1,0,0, | 5,4,2, | 
(7982)	1,0,0, | 5,4,2, | 
(7982)	1,0,0, | 5,4,2, | 
(7982)	1,0,0, | 5,4,2, | 
(7988)	1,0,0, | 5,5,2, | 
(10796)	1,2,1, | 5,5,2, | 
(7988)	1,0,0, | 5,5,2, | 
(7988)	1,0,0, | 5,5,2, | 
(43412)	5,3,2, | 5,5,2, | 
(10795)	1,2,1, | 5,5,1, | 
(10795)	1,2,1, | 5,5,1, | 
(10795)	1,2,1, | 5,5,1, | 
(10422)	1,2,0, | 1,3,0, | 
(27306)	3,3,0, | 2,3,0, | 
(11718)	1,3,0, | 1,3,0, | 
(42979)	5,3,0, | 5,5,1, | 
(11718)	1,3,0, | 1,3,0, | 
(11767)	1,3,0, | 2,5,1, | 
(11826)	1,3,0, | 4,3,0, | 
(11718)	1,3,0, | 1,3,0, | 
(14430)	1,5,0, | 4,5,0, | 
(11712)	1,3,0, | 1,2,0, | 
(45788)	5,5,1, | 5,5,2, | 
(45625)	5,5,1, | 1,2,1, | 
(45637)	5,5,1, | 1,4,1, | 
(45871)	5,5,2, | 2,1,1, | 
(45828)	5,5,2, | 1,0,0, | 
(45841)	5,5,2, | 1,2,1, | 
(45828)	5,5,2, | 1,0,0, | 
(45828)	5,5,2, | 1,0,0, | 
(44532)	5,4,2, | 1,0,0, | 
(44532)	5,4,2, | 1,0,0, | 
(44532)	5,4,2, | 1,0,0, | 
(44532)	5,4,2, | 1,0,0, | 
(38949)	5,0,0, | 1,5,3, | 
(7989)	1,0,0, | 5,5,3, | 
(7989)	1,0,0, | 5,5,3, | 
(7989)	1,0,0, | 5,5,3, | 
(7989)	1,0,0, | 5,5,3, | 
(7989)	1,0,0, | 5,5,3, | 
(7988)	1,0,0, | 5,5,2, | 
(10796)	1,2,1, | 5,5,2, | 
(7988)	1,0,0, | 5,5,2, | 
(7988)	1,0,0, | 5,5,2, | 
(7988)	1,0,0, | 5,5,2, | 
(10795)	1,2,1, | 5,5,1, | 
(10795)	1,2,1, | 5,5,1, | 
(10795)	1,2,1, | 5,5,1, | 
(10422)	1,2,0, | 1,3,0, | 
(13062)	1,4,0, | 2,5,0, | 
(13026)	1,4,0, | 1,5,0, | 
(13135)	1,4,0, | 4,5,1, | 
(13164)	1,4,0, | 5,4,0, | 
(22315)	2,5,1, | 1,5,1, | 
(13027)	1,4,0, | 1,5,1, | 
(13135)	1,4,0, | 4,5,1, | 
(13063)	1,4,0, | 2,5,1, | 
(13044)	1,4,0, | 2,2,0, | 
(45638)	5,5,1, | 1,4,2, | 
(45644)	5,5,1, | 1,5,2, | 
(45716)	5,5,1, | 3,5,2, | 
(45680)	5,5,1, | 2,5,2, | 
(45828)	5,5,2, | 1,0,0, | 
(45841)	5,5,2, | 1,2,1, | 
(45884)	5,5,2, | 2,3,2, | 
(45871)	5,5,2, | 2,1,1, | 
(44532)	5,4,2, | 1,0,0, | 
(44533)	5,4,2, | 1,0,1, | 
(44532)	5,4,2, | 1,0,0, | 
(44532)	5,4,2, | 1,0,0, | 
(38949)	5,0,0, | 1,5,3, | 
(7989)	1,0,0, | 5,5,3, | 
(7989)	1,0,0, | 5,5,3, | 
(7989)	1,0,0, | 5,5,3, | 
(7989)	1,0,0, | 5,5,3, | 
(7989)	1,0,0, | 5,5,3, | 
(7988)	1,0,0, | 5,5,2, | 
(10796)	1,2,1, | 5,5,2, | 
(7988)	1,0,0, | 5,5,2, | 
(7988)	1,0,0, | 5,5,2, | 
(43412)	5,3,2, | 5,5,2, | 
(10795)	1,2,1, | 5,5,1, | 
(10795)	1,2,1, | 5,5,1, | 
(10795)	1,2,1, | 5,5,1, | 
(10422)	1,2,0, | 1,3,0, | 
(13050)	1,4,0, | 2,3,0, | 
(13014)	1,4,0, | 1,3,0, | 
(20838)	2,4,0, | 2,5,0, | 
(20940)	2,4,0, | 5,4,0, | 
(29875)	3,5,0, | 1,5,1, | 
(13158)	1,4,0, | 5,3,0, | 
(14388)	1,5,0, | 3,4,0, | 
(13014)	1,4,0, | 1,3,0, | 
(13002)	1,4,0, | 1,1,0, | 
(45612)	5,5,1, | 1,0,0, | 
(45631)	5,5,1, | 1,3,1, | 
(45680)	5,5,1, | 2,5,2, | 
(45612)	5,5,1, | 1,0,0, | 
(45828)	5,5,2, | 1,0,0, | 
(45884)	5,5,2, | 2,3,2, | 
(45835)	5,5,2, | 1,1,1, | 
(45828)	5,5,2, | 1,0,0, | 
(44532)	5,4,2, | 1,0,0, | 
(44532)	5,4,2, | 1,0,0, | 
(44532)	5,4,2, | 1,0,0, | 
(44532)	5,4,2, | 1,0,0, | 
(38949)	5,0,0, | 1,5,3, | 
(7989)	1,0,0, | 5,5,3, | 
(7989)	1,0,0, | 5,5,3, | 
(7989)	1,0,0, | 5,5,3, | 
(7989)	1,0,0, | 5,5,3, | 
(7989)	1,0,0, | 5,5,3, | 
(7988)	1,0,0, | 5,5,2, | 
(10796)	1,2,1, | 5,5,2, | 
(7988)	1,0,0, | 5,5,2, | 
(7988)	1,0,0, | 5,5,2, | 
(43412)	5,3,2, | 5,5,2, | 
(10795)	1,2,1, | 5,5,1, | 
(10795)	1,2,1, | 5,5,1, | 
(10795)	1,2,1, | 5,5,1, | 
(10422)	1,2,0, | 1,3,0, | 
(13086)	1,4,0, | 3,3,0, | 
(13014)	1,4,0, | 1,3,0, | 
(20875)	2,4,0, | 3,5,1, | 
(13020)	1,4,0, | 1,4,0, | 
(28614)	3,4,0, | 2,5,0, | 
(13014)	1,4,0, | 1,3,0, | 
(13135)	1,4,0, | 4,5,1, | 
(13099)	1,4,0, | 3,5,1, | 
(13020)	1,4,0, | 1,4,0, | 
(44166)	5,4,0, | 2,5,0, | 
(45619)	5,5,1, | 1,1,1, | 
(45680)	5,5,1, | 2,5,2, | 
(45619)	5,5,1, | 1,1,1, | 
(45828)	5,5,2, | 1,0,0, | 
(45998)	5,5,2, | 5,4,2, | 
(45828)	5,5,2, | 1,0,0, | 
(45828)	5,5,2, | 1,0,0, | 
(46044)	5,5,3, | 1,0,0, | 
(46044)	5,5,3, | 1,0,0, | 
(46044)	5,5,3, | 1,0,0, | 
(46044)	5,5,3, | 1,0,0, | 
(38949)	5,0,0, | 1,5,3, | 
(7953)	1,0,0, | 4,5,3, | 
(7953)	1,0,0, | 4,5,3, | 
(7953)	1,0,0, | 4,5,3, | 
(7953)	1,0,0, | 4,5,3, | 
(7953)	1,0,0, | 4,5,3, | 
(7952)	1,0,0, | 4,5,2, | 
(7952)	1,0,0, | 4,5,2, | 
(7952)	1,0,0, | 4,5,2, | 
(7952)	1,0,0, | 4,5,2, | 
(13351)	1,4,1, | 4,5,1, | 
(14863)	1,5,2, | 4,5,1, | 
(10759)	1,2,1, | 4,5,1, | 
(22639)	2,5,2, | 4,5,1, | 
(18204)	2,2,0, | 1,4,0, | 
(13026)	1,4,0, | 1,5,0, | 
(13098)	1,4,0, | 3,5,0, | 
(14322)	1,5,0, | 1,5,0, | 
(37752)	4,5,0, | 4,4,0, | 
(13020)	1,4,0, | 1,4,0, | 
(13020)	1,4,0, | 1,4,0, | 
(13020)	1,4,0, | 1,4,0, | 
(13020)	1,4,0, | 1,4,0, | 
(12996)	1,4,0, | 1,0,0, | 
(44130)	5,4,0, | 1,5,0, | 
(44130)	5,4,0, | 1,5,0, | 
(44130)	5,4,0, | 1,5,0, | 
(45612)	5,5,1, | 1,0,0, | 
(45864)	5,5,2, | 2,0,0, | 
(45828)	5,5,2, | 1,0,0, | 
(45828)	5,5,2, | 1,0,0, | 
(45828)	5,5,2, | 1,0,0, | 
(46044)	5,5,3, | 1,0,0, | 
(46044)	5,5,3, | 1,0,0, | 
(46044)	5,5,3, | 1,0,0, | 
(46044)	5,5,3, | 1,0,0, | 
(46044)	5,5,3, | 1,0,0, | 
(15084)	1,5,3, | 5,0,0, | 
(15084)	1,5,3, | 5,0,0, | 
(7969)	1,0,0, | 5,2,1, | 
(7969)	1,0,0, | 5,2,1, | 
(7969)	1,0,0, | 5,2,1, | 
(17257)	2,1,1, | 5,2,1, | 
(10993)	1,2,2, | 5,2,1, | 
(10783)	1,2,1, | 5,3,1, | 
(10783)	1,2,1, | 5,3,1, | 
(7975)	1,0,0, | 5,3,1, | 
(10795)	1,2,1, | 5,5,1, | 
(10795)	1,2,1, | 5,5,1, | 
(46003)	5,5,2, | 5,5,1, | 
(18204)	2,2,0, | 1,4,0, | 
(13272)	1,4,1, | 2,4,0, | 
(10428)	1,2,0, | 1,4,0, | 
(10536)	1,2,0, | 4,4,0, | 
(11803)	1,3,0, | 3,5,1, | 
(14358)	1,5,0, | 2,5,0, | 
(10428)	1,2,0, | 1,4,0, | 
(10506)	1,2,0, | 3,5,0, | 
(13026)	1,4,0, | 1,5,0, | 
(11928)	1,3,1, | 1,2,0, | 
(45848)	5,5,2, | 1,3,2, | 
(46005)	5,5,2, | 5,5,3, | 
(45835)	5,5,2, | 1,1,1, | 
(45835)	5,5,2, | 1,1,1, | 
(45835)	5,5,2, | 1,1,1, | 
(45835)	5,5,2, | 1,1,1, | 
(45835)	5,5,2, | 1,1,1, | 
(45835)	5,5,2, | 1,1,1, | 
(46044)	5,5,3, | 1,0,0, | 
(46044)	5,5,3, | 1,0,0, | 
(46044)	5,5,3, | 1,0,0, | 
(46044)	5,5,3, | 1,0,0, | 
(46044)	5,5,3, | 1,0,0, | 
(15084)	1,5,3, | 5,0,0, | 
(7982)	1,0,0, | 5,4,2, | 
(7982)	1,0,0, | 5,4,2, | 
(7982)	1,0,0, | 5,4,2, | 
(7982)	1,0,0, | 5,4,2, | 
(7988)	1,0,0, | 5,5,2, | 
(9500)	1,1,1, | 5,5,2, | 
(10796)	1,2,1, | 5,5,2, | 
(10796)	1,2,1, | 5,5,2, | 
(14899)	1,5,2, | 5,5,1, | 
(10795)	1,2,1, | 5,5,1, | 
(10795)	1,2,1, | 5,5,1, | 
(46003)	5,5,2, | 5,5,1, | 
(18204)	2,2,0, | 1,4,0, | 
(14358)	1,5,0, | 2,5,0, | 
(11839)	1,3,0, | 4,5,1, | 
(14322)	1,5,0, | 1,5,0, | 
(13099)	1,4,0, | 3,5,1, | 
(14394)	1,5,0, | 3,5,0, | 
(11802)	1,3,0, | 3,5,0, | 
(14352)	1,5,0, | 2,4,0, | 
(22206)	2,5,0, | 4,5,0, | 
(11712)	1,3,0, | 1,2,0, | 
(45789)	5,5,1, | 5,5,3, | 
(45625)	5,5,1, | 1,2,1, | 
(45637)	5,5,1, | 1,4,1, | 
(45871)	5,5,2, | 2,1,1, | 
(45828)	5,5,2, | 1,0,0, | 
(45841)	5,5,2, | 1,2,1, | 
(45828)	5,5,2, | 1,0,0, | 
(45828)	5,5,2, | 1,0,0, | 
(46044)	5,5,3, | 1,0,0, | 
(46044)	5,5,3, | 1,0,0, | 
(46044)	5,5,3, | 1,0,0, | 
(46044)	5,5,3, | 1,0,0, | 
(46044)	5,5,3, | 1,0,0, | 
(7989)	1,0,0, | 5,5,3, | 
(7989)	1,0,0, | 5,5,3, | 
(7989)	1,0,0, | 5,5,3, | 
(7989)	1,0,0, | 5,5,3, | 
(7989)	1,0,0, | 5,5,3, | 
(7988)	1,0,0, | 5,5,2, | 
(9500)	1,1,1, | 5,5,2, | 
(10796)	1,2,1, | 5,5,2, | 
(7988)	1,0,0, | 5,5,2, | 
(14899)	1,5,2, | 5,5,1, | 
(10795)	1,2,1, | 5,5,1, | 
(10795)	1,2,1, | 5,5,1, | 
(46003)	5,5,2, | 5,5,1, | 
(18204)	2,2,0, | 1,4,0, | 
(14358)	1,5,0, | 2,5,0, | 
(14394)	1,5,0, | 3,5,0, | 
(13135)	1,4,0, | 4,5,1, | 
(14611)	1,5,1, | 3,5,1, | 
(14322)	1,5,0, | 1,5,0, | 
(13027)	1,4,0, | 1,5,1, | 
(13135)	1,4,0, | 4,5,1, | 
(13026)	1,4,0, | 1,5,0, | 
(13044)	1,4,0, | 2,2,0, | 
(45638)	5,5,1, | 1,4,2, | 
(45752)	5,5,1, | 4,5,2, | 
(45716)	5,5,1, | 3,5,2, | 
(45680)	5,5,1, | 2,5,2, | 
(45835)	5,5,2, | 1,1,1, | 
(45841)	5,5,2, | 1,2,1, | 
(45884)	5,5,2, | 2,3,2, | 
(45871)	5,5,2, | 2,1,1, | 
(46044)	5,5,3, | 1,0,0, | 
(46045)	5,5,3, | 1,0,1, | 
(46044)	5,5,3, | 1,0,0, | 
(46044)	5,5,3, | 1,0,0, | 
(46044)	5,5,3, | 1,0,0, | 
(7989)	1,0,0, | 5,5,3, | 
(7989)	1,0,0, | 5,5,3, | 
(7989)	1,0,0, | 5,5,3, | 
(7989)	1,0,0, | 5,5,3, | 
(7989)	1,0,0, | 5,5,3, | 
(7988)	1,0,0, | 5,5,2, | 
(7988)	1,0,0, | 5,5,2, | 
(7988)	1,0,0, | 5,5,2, | 
(10796)	1,2,1, | 5,5,2, | 
(14899)	1,5,2, | 5,5,1, | 
(10795)	1,2,1, | 5,5,1, | 
(10795)	1,2,1, | 5,5,1, | 
(10795)	1,2,1, | 5,5,1, | 
(18204)	2,2,0, | 1,4,0, | 
(14358)	1,5,0, | 2,5,0, | 
(13098)	1,4,0, | 3,5,0, | 
(14322)	1,5,0, | 1,5,0, | 
(37716)	4,5,0, | 3,4,0, | 
(36355)	4,4,0, | 1,5,1, | 
(13062)	1,4,0, | 2,5,0, | 
(14388)	1,5,0, | 3,4,0, | 
(13020)	1,4,0, | 1,4,0, | 
(13002)	1,4,0, | 1,1,0, | 
(45612)	5,5,1, | 1,0,0, | 
(45680)	5,5,1, | 2,5,2, | 
(45612)	5,5,1, | 1,0,0, | 
(45612)	5,5,1, | 1,0,0, | 
(45828)	5,5,2, | 1,0,0, | 
(45828)	5,5,2, | 1,0,0, | 
(45835)	5,5,2, | 1,1,1, | 
(45828)	5,5,2, | 1,0,0, | 
(46044)	5,5,3, | 1,0,0, | 
(46044)	5,5,3, | 1,0,0, | 
(46044)	5,5,3, | 1,0,0, | 
(46044)	5,5,3, | 1,0,0, | 
(38949)	5,0,0, | 1,5,3, | 
(7989)	1,0,0, | 5,5,3, | 
(7989)	1,0,0, | 5,5,3, | 
(7989)	1,0,0, | 5,5,3, | 
(7989)	1,0,0, | 5,5,3, | 
(7989)	1,0,0, | 5,5,3, | 
(7988)	1,0,0, | 5,5,2, | 
(7988)	1,0,0, | 5,5,2, | 
(7988)	1,0,0, | 5,5,2, | 
(10796)	1,2,1, | 5,5,2, | 
(14899)	1,5,2, | 5,5,1, | 
(10795)	1,2,1, | 5,5,1, | 
(10795)	1,2,1, | 5,5,1, | 
(46003)	5,5,2, | 5,5,1, | 
(18204)	2,2,0, | 1,4,0, | 
(13098)	1,4,0, | 3,5,0, | 
(14430)	1,5,0, | 4,5,0, | 
(14430)	1,5,0, | 4,5,0, | 
(14460)	1,5,0, | 5,4,0, | 
(14394)	1,5,0, | 3,5,0, | 
(13098)	1,4,0, | 3,5,0, | 
(13135)	1,4,0, | 4,5,1, | 
(13026)	1,4,0, | 1,5,0, | 
(13020)	1,4,0, | 1,4,0, | 
(44130)	5,4,0, | 1,5,0, | 
(45619)	5,5,1, | 1,1,1, | 
(45619)	5,5,1, | 1,1,1, | 
(45619)	5,5,1, | 1,1,1, | 
(45828)	5,5,2, | 1,0,0, | 
(45828)	5,5,2, | 1,0,0, | 
(45828)	5,5,2, | 1,0,0, | 
(45828)	5,5,2, | 1,0,0, | 
(46044)	5,5,3, | 1,0,0, | 
(46044)	5,5,3, | 1,0,0, | 
(46044)	5,5,3, | 1,0,0, | 
(46044)	5,5,3, | 1,0,0, | 
(38949)	5,0,0, | 1,5,3, | 
(7953)	1,0,0, | 4,5,3, | 
(7953)	1,0,0, | 4,5,3, | 
(7953)	1,0,0, | 4,5,3, | 
(7953)	1,0,0, | 4,5,3, | 
(7953)	1,0,0, | 4,5,3, | 
(7952)	1,0,0, | 4,5,2, | 
(7952)	1,0,0, | 4,5,2, | 
(7952)	1,0,0, | 4,5,2, | 
(7952)	1,0,0, | 4,5,2, | 
(10759)	1,2,1, | 4,5,1, | 
(45967)	5,5,2, | 4,5,1, | 
(9463)	1,1,1, | 4,5,1, | 
(30415)	3,5,2, | 4,5,1, | 
(9132)	1,1,0, | 1,4,0, | 
(13020)	1,4,0, | 1,4,0, | 
(20940)	2,4,0, | 5,4,0, | 
(44232)	5,4,0, | 4,4,0, | 
(13020)	1,4,0, | 1,4,0, | 
(13020)	1,4,0, | 1,4,0, | 
(13020)	1,4,0, | 1,4,0, | 
(13020)	1,4,0, | 1,4,0, | 
(13026)	1,4,0, | 1,5,0, | 
(12996)	1,4,0, | 1,0,0, | 
(44130)	5,4,0, | 1,5,0, | 
(44130)	5,4,0, | 1,5,0, | 
(44130)	5,4,0, | 1,5,0, | 
(45612)	5,5,1, | 1,0,0, | 
(45828)	5,5,2, | 1,0,0, | 
(45828)	5,5,2, | 1,0,0, | 
(45828)	5,5,2, | 1,0,0, | 
(45900)	5,5,2, | 3,0,0, | 
(46044)	5,5,3, | 1,0,0, | 
(46044)	5,5,3, | 1,0,0, | 
(46044)	5,5,3, | 1,0,0, | 
(46044)	5,5,3, | 1,0,0, | 
(46044)	5,5,3, | 1,0,0, | 
(15084)	1,5,3, | 5,0,0, | 
(15084)	1,5,3, | 5,0,0, | 
(15084)	1,5,3, | 5,0,0, | 
(7969)	1,0,0, | 5,2,1, | 
(7969)	1,0,0, | 5,2,1, | 
(29353)	3,4,3, | 5,2,1, | 
(30865)	3,5,4, | 5,2,1, | 
(36919)	4,4,2, | 5,3,1, | 
(9487)	1,1,1, | 5,3,1, | 
(10795)	1,2,1, | 5,5,1, | 
(7987)	1,0,0, | 5,5,1, | 
(9499)	1,1,1, | 5,5,1, | 
(14460)	1,5,0, | 5,4,0, | 
(9132)	1,1,0, | 1,4,0, | 
(13092)	1,4,0, | 3,4,0, | 
(14424)	1,5,0, | 4,4,0, | 
(44232)	5,4,0, | 4,4,0, | 
(10464)	1,2,0, | 2,4,0, | 
(19500)	2,3,0, | 1,4,0, | 
(10428)	1,2,0, | 1,4,0, | 
(14424)	1,5,0, | 4,4,0, | 
(10434)	1,2,0, | 1,5,0, | 
(11928)	1,3,1, | 1,2,0, | 
(45848)	5,5,2, | 1,3,2, | 
(45835)	5,5,2, | 1,1,1, | 
(45835)	5,5,2, | 1,1,1, | 
(45835)	5,5,2, | 1,1,1, | 
(45861)	5,5,2, | 1,5,3, | 
(45861)	5,5,2, | 1,5,3, | 
(45835)	5,5,2, | 1,1,1, | 
(45835)	5,5,2, | 1,1,1, | 
(46044)	5,5,3, | 1,0,0, | 
(46044)	5,5,3, | 1,0,0, | 
(46044)	5,5,3, | 1,0,0, | 
(46044)	5,5,3, | 1,0,0, | 
(46044)	5,5,3, | 1,0,0, | 
(15084)	1,5,3, | 5,0,0, | 
(7982)	1,0,0, | 5,4,2, | 
(7982)	1,0,0, | 5,4,2, | 
(7982)	1,0,0, | 5,4,2, | 
(7982)	1,0,0, | 5,4,2, | 
(7988)	1,0,0, | 5,5,2, | 
(9500)	1,1,1, | 5,5,2, | 
(9500)	1,1,1, | 5,5,2, | 
(7988)	1,0,0, | 5,5,2, | 
(10795)	1,2,1, | 5,5,1, | 
(7987)	1,0,0, | 5,5,1, | 
(9499)	1,1,1, | 5,5,1, | 
(10795)	1,2,1, | 5,5,1, | 
(9132)	1,1,0, | 1,4,0, | 
(13056)	1,4,0, | 2,4,0, | 
(13092)	1,4,0, | 3,4,0, | 
(11838)	1,3,0, | 4,5,0, | 
(11796)	1,3,0, | 3,4,0, | 
(19536)	2,3,0, | 2,4,0, | 
(14430)	1,5,0, | 4,5,0, | 
(13056)	1,4,0, | 2,4,0, | 
(11724)	1,3,0, | 1,4,0, | 
(11712)	1,3,0, | 1,2,0, | 
(45788)	5,5,1, | 5,5,2, | 
(45625)	5,5,1, | 1,2,1, | 
(45637)	5,5,1, | 1,4,1, | 
(45871)	5,5,2, | 2,1,1, | 
(45828)	5,5,2, | 1,0,0, | 
(45890)	5,5,2, | 2,4,2, | 
(45828)	5,5,2, | 1,0,0, | 
(45828)	5,5,2, | 1,0,0, | 
(46044)	5,5,3, | 1,0,0, | 
(46044)	5,5,3, | 1,0,0, | 
(46044)	5,5,3, | 1,0,0, | 
(46044)	5,5,3, | 1,0,0, | 
(46044)	5,5,3, | 1,0,0, | 
(7989)	1,0,0, | 5,5,3, | 
(7989)	1,0,0, | 5,5,3, | 
(7989)	1,0,0, | 5,5,3, | 
(7989)	1,0,0, | 5,5,3, | 
(7989)	1,0,0, | 5,5,3, | 
(7988)	1,0,0, | 5,5,2, | 
(9500)	1,1,1, | 5,5,2, | 
(9500)	1,1,1, | 5,5,2, | 
(9500)	1,1,1, | 5,5,2, | 
(10795)	1,2,1, | 5,5,1, | 
(7987)	1,0,0, | 5,5,1, | 
(9499)	1,1,1, | 5,5,1, | 
(10795)	1,2,1, | 5,5,1, | 
(9132)	1,1,0, | 1,4,0, | 
(28722)	3,4,0, | 5,5,0, | 
(20802)	2,4,0, | 1,5,0, | 
(28614)	3,4,0, | 2,5,0, | 
(13062)	1,4,0, | 2,5,0, | 
(20838)	2,4,0, | 2,5,0, | 
(14322)	1,5,0, | 1,5,0, | 
(13026)	1,4,0, | 1,5,0, | 
(14352)	1,5,0, | 2,4,0, | 
(13044)	1,4,0, | 2,2,0, | 
(45638)	5,5,1, | 1,4,2, | 
(45644)	5,5,1, | 1,5,2, | 
(45716)	5,5,1, | 3,5,2, | 
(45625)	5,5,1, | 1,2,1, | 
(45835)	5,5,2, | 1,1,1, | 
(45835)	5,5,2, | 1,1,1, | 
(45848)	5,5,2, | 1,3,2, | 
(45871)	5,5,2, | 2,1,1, | 
(46044)	5,5,3, | 1,0,0, | 
(46045)	5,5,3, | 1,0,1, | 
(46044)	5,5,3, | 1,0,0, | 
(46044)	5,5,3, | 1,0,0, | 
(46044)	5,5,3, | 1,0,0, | 
(7989)	1,0,0, | 5,5,3, | 
(7989)	1,0,0, | 5,5,3, | 
(7989)	1,0,0, | 5,5,3, | 
(7989)	1,0,0, | 5,5,3, | 
(7989)	1,0,0, | 5,5,3, | 
(7988)	1,0,0, | 5,5,2, | 
(7988)	1,0,0, | 5,5,2, | 
(7988)	1,0,0, | 5,5,2, | 
(7988)	1,0,0, | 5,5,2, | 
(10795)	1,2,1, | 5,5,1, | 
(7987)	1,0,0, | 5,5,1, | 
(9499)	1,1,1, | 5,5,1, | 
(10795)	1,2,1, | 5,5,1, | 
(9132)	1,1,0, | 1,4,0, | 
(13056)	1,4,0, | 2,4,0, | 
(14460)	1,5,0, | 5,4,0, | 
(22098)	2,5,0, | 1,5,0, | 
(22098)	2,5,0, | 1,5,0, | 
(28716)	3,4,0, | 5,4,0, | 
(13164)	1,4,0, | 5,4,0, | 
(13170)	1,4,0, | 5,5,0, | 
(13128)	1,4,0, | 4,4,0, | 
(13002)	1,4,0, | 1,1,0, | 
(45612)	5,5,1, | 1,0,0, | 
(45637)	5,5,1, | 1,4,1, | 
(45612)	5,5,1, | 1,0,0, | 
(45612)	5,5,1, | 1,0,0, | 
(45828)	5,5,2, | 1,0,0, | 
(45841)	5,5,2, | 1,2,1, | 
(45848)	5,5,2, | 1,3,2, | 
(45828)	5,5,2, | 1,0,0, | 
(46044)	5,5,3, | 1,0,0, | 
(46044)	5,5,3, | 1,0,0, | 
(46044)	5,5,3, | 1,0,0, | 
(46044)	5,5,3, | 1,0,0, | 
(46044)	5,5,3, | 1,0,0, | 
(7989)	1,0,0, | 5,5,3, | 
(7989)	1,0,0, | 5,5,3, | 
(7989)	1,0,0, | 5,5,3, | 
(7989)	1,0,0, | 5,5,3, | 
(7989)	1,0,0, | 5,5,3, | 
(7988)	1,0,0, | 5,5,2, | 
(7988)	1,0,0, | 5,5,2, | 
(7988)	1,0,0, | 5,5,2, | 
(7988)	1,0,0, | 5,5,2, | 
(10795)	1,2,1, | 5,5,1, | 
(7987)	1,0,0, | 5,5,1, | 
(9499)	1,1,1, | 5,5,1, | 
(10795)	1,2,1, | 5,5,1, | 
(9132)	1,1,0, | 1,4,0, | 
(13092)	1,4,0, | 3,4,0, | 
(13128)	1,4,0, | 4,4,0, | 
(14430)	1,5,0, | 4,5,0, | 
(13026)	1,4,0, | 1,5,0, | 
(14394)	1,5,0, | 3,5,0, | 
(13098)	1,4,0, | 3,5,0, | 
(13026)	1,4,0, | 1,5,0, | 
(13164)	1,4,0, | 5,4,0, | 
(13020)	1,4,0, | 1,4,0, | 
(44166)	5,4,0, | 2,5,0, | 
(45619)	5,5,1, | 1,1,1, | 
(45619)	5,5,1, | 1,1,1, | 
(45619)	5,5,1, | 1,1,1, | 
(45828)	5,5,2, | 1,0,0, | 
(45835)	5,5,2, | 1,1,1, | 
(45828)	5,5,2, | 1,0,0, | 
(45828)	5,5,2, | 1,0,0, | 
(46044)	5,5,3, | 1,0,0, | 
(46044)	5,5,3, | 1,0,0, | 
(46044)	5,5,3, | 1,0,0, | 
(46044)	5,5,3, | 1,0,0, | 
(38949)	5,0,0, | 1,5,3, | 
(7953)	1,0,0, | 4,5,3, | 
(7953)	1,0,0, | 4,5,3, | 
(7953)	1,0,0, | 4,5,3, | 
(7953)	1,0,0, | 4,5,3, | 
(7953)	1,0,0, | 4,5,3, | 
(7952)	1,0,0, | 4,5,2, | 
(7952)	1,0,0, | 4,5,2, | 
(7952)	1,0,0, | 4,5,2, | 
(7952)	1,0,0, | 4,5,2, | 
(22639)	2,5,2, | 4,5,1, | 
(7951)	1,0,0, | 4,5,1, | 
(30415)	3,5,2, | 4,5,1, | 
(30415)	3,5,2, | 4,5,1, | 
(13020)	1,4,0, | 1,4,0, | 
(13020)	1,4,0, | 1,4,0, | 
(29940)	3,5,0, | 3,4,0, | 
(14388)	1,5,0, | 3,4,0, | 
(22200)	2,5,0, | 4,4,0, | 
(13020)	1,4,0, | 1,4,0, | 
(13020)	1,4,0, | 1,4,0, | 
(13020)	1,4,0, | 1,4,0, | 
(13026)	1,4,0, | 1,5,0, | 
(12996)	1,4,0, | 1,0,0, | 
(44130)	5,4,0, | 1,5,0, | 
(44130)	5,4,0, | 1,5,0, | 
(45612)	5,5,1, | 1,0,0, | 
(45684)	5,5,1, | 3,0,0, | 
(45828)	5,5,2, | 1,0,0, | 
(45828)	5,5,2, | 1,0,0, | 
(45828)	5,5,2, | 1,0,0, | 
(45900)	5,5,2, | 3,0,0, | 
(46044)	5,5,3, | 1,0,0, | 
(46044)	5,5,3, | 1,0,0, | 
(46044)	5,5,3, | 1,0,0, | 
(46044)	5,5,3, | 1,0,0, | 
(46044)	5,5,3, | 1,0,0, | 
(15084)	1,5,3, | 5,0,0, | 
(15084)	1,5,3, | 5,0,0, | 
(15084)	1,5,3, | 5,0,0, | 
(7969)	1,0,0, | 5,2,1, | 
(7969)	1,0,0, | 5,2,1, | 
(20065)	2,3,2, | 5,2,1, | 
(30865)	3,5,4, | 5,2,1, | 
(7975)	1,0,0, | 5,3,1, | 
(9487)	1,1,1, | 5,3,1, | 
(7987)	1,0,0, | 5,5,1, | 
(7987)	1,0,0, | 5,5,1, | 
(14460)	1,5,0, | 5,4,0, | 
(14460)	1,5,0, | 5,4,0, | 
(13020)	1,4,0, | 1,4,0, | 
(14388)	1,5,0, | 3,4,0, | 
(14388)	1,5,0, | 3,4,0, | 
(29904)	3,5,0, | 2,4,0, | 
(10464)	1,2,0, | 2,4,0, | 
(22134)	2,5,0, | 2,5,0, | 
(11724)	1,3,0, | 1,4,0, | 
(22134)	2,5,0, | 2,5,0, | 
(19506)	2,3,0, | 1,5,0, | 
(11928)	1,3,1, | 1,2,0, | 
(45848)	5,5,2, | 1,3,2, | 
(46005)	5,5,2, | 5,5,3, | 
(45835)	5,5,2, | 1,1,1, | 
(45835)	5,5,2, | 1,1,1, | 
(45835)	5,5,2, | 1,1,1, | 
(45854)	5,5,2, | 1,4,2, | 
(45835)	5,5,2, | 1,1,1, | 
(45835)	5,5,2, | 1,1,1, | 
(46044)	5,5,3, | 1,0,0, | 
(46044)	5,5,3, | 1,0,0, | 
(46044)	5,5,3, | 1,0,0, | 
(46044)	5,5,3, | 1,0,0, | 
(46044)	5,5,3, | 1,0,0, | 
(15084)	1,5,3, | 5,0,0, | 
(7982)	1,0,0, | 5,4,2, | 
(7982)	1,0,0, | 5,4,2, | 
(7982)	1,0,0, | 5,4,2, | 
(7982)	1,0,0, | 5,4,2, | 
(7988)	1,0,0, | 5,5,2, | 
(15116)	1,5,3, | 5,5,2, | 
(20084)	2,3,2, | 5,5,2, | 
(9500)	1,1,1, | 5,5,2, | 
(7987)	1,0,0, | 5,5,1, | 
(7987)	1,0,0, | 5,5,1, | 
(7987)	1,0,0, | 5,5,1, | 
(14460)	1,5,0, | 5,4,0, | 
(13020)	1,4,0, | 1,4,0, | 
(14388)	1,5,0, | 3,4,0, | 
(14352)	1,5,0, | 2,4,0, | 
(11724)	1,3,0, | 1,4,0, | 
(11832)	1,3,0, | 4,4,0, | 
(14430)	1,5,0, | 4,5,0, | 
(11760)	1,3,0, | 2,4,0, | 
(13164)	1,4,0, | 5,4,0, | 
(14430)	1,5,0, | 4,5,0, | 
(11712)	1,3,0, | 1,2,0, | 
(45625)	5,5,1, | 1,2,1, | 
(45625)	5,5,1, | 1,2,1, | 
(45637)	5,5,1, | 1,4,1, | 
(45871)	5,5,2, | 2,1,1, | 
(45828)	5,5,2, | 1,0,0, | 
(45854)	5,5,2, | 1,4,2, | 
(45828)	5,5,2, | 1,0,0, | 
(45828)	5,5,2, | 1,0,0, | 
(46044)	5,5,3, | 1,0,0, | 
(46044)	5,5,3, | 1,0,0, | 
(46044)	5,5,3, | 1,0,0, | 
(46044)	5,5,3, | 1,0,0, | 
(46044)	5,5,3, | 1,0,0, | 
(15084)	1,5,3, | 5,0,0, | 
(7989)	1,0,0, | 5,5,3, | 
(7989)	1,0,0, | 5,5,3, | 
(7989)	1,0,0, | 5,5,3, | 
(7989)	1,0,0, | 5,5,3, | 
(7988)	1,0,0, | 5,5,2, | 
(15116)	1,5,3, | 5,5,2, | 
(20084)	2,3,2, | 5,5,2, | 
(7988)	1,0,0, | 5,5,2, | 
(7987)	1,0,0, | 5,5,1, | 
(7987)	1,0,0, | 5,5,1, | 
(7987)	1,0,0, | 5,5,1, | 
(14460)	1,5,0, | 5,4,0, | 
(13020)	1,4,0, | 1,4,0, | 
(20838)	2,4,0, | 2,5,0, | 
(14460)	1,5,0, | 5,4,0, | 
(14352)	1,5,0, | 2,4,0, | 
(13026)	1,4,0, | 1,5,0, | 
(22170)	2,5,0, | 3,5,0, | 
(14322)	1,5,0, | 1,5,0, | 
(13026)	1,4,0, | 1,5,0, | 
(14322)	1,5,0, | 1,5,0, | 
(13044)	1,4,0, | 2,2,0, | 
(45638)	5,5,1, | 1,4,2, | 
(45752)	5,5,1, | 4,5,2, | 
(45716)	5,5,1, | 3,5,2, | 
(45625)	5,5,1, | 1,2,1, | 
(45828)	5,5,2, | 1,0,0, | 
(45841)	5,5,2, | 1,2,1, | 
(45920)	5,5,2, | 3,3,2, | 
(45920)	5,5,2, | 3,3,2, | 
(46044)	5,5,3, | 1,0,0, | 
(46045)	5,5,3, | 1,0,1, | 
(46044)	5,5,3, | 1,0,0, | 
(46044)	5,5,3, | 1,0,0, | 
(46044)	5,5,3, | 1,0,0, | 
(7989)	1,0,0, | 5,5,3, | 
(7989)	1,0,0, | 5,5,3, | 
(7989)	1,0,0, | 5,5,3, | 
(7989)	1,0,0, | 5,5,3, | 
(7989)	1,0,0, | 5,5,3, | 
(7988)	1,0,0, | 5,5,2, | 
(15116)	1,5,3, | 5,5,2, | 
(7988)	1,0,0, | 5,5,2, | 
(9500)	1,1,1, | 5,5,2, | 
(7987)	1,0,0, | 5,5,1, | 
(7987)	1,0,0, | 5,5,1, | 
(7987)	1,0,0, | 5,5,1, | 
(14460)	1,5,0, | 5,4,0, | 
(13020)	1,4,0, | 1,4,0, | 
(20838)	2,4,0, | 2,5,0, | 
(14460)	1,5,0, | 5,4,0, | 
(14424)	1,5,0, | 4,4,0, | 
(22164)	2,5,0, | 3,4,0, | 
(13092)	1,4,0, | 3,4,0, | 
(13164)	1,4,0, | 5,4,0, | 
(13134)	1,4,0, | 4,5,0, | 
(22098)	2,5,0, | 1,5,0, | 
(13002)	1,4,0, | 1,1,0, | 
(45612)	5,5,1, | 1,0,0, | 
(45680)	5,5,1, | 2,5,2, | 
(45612)	5,5,1, | 1,0,0, | 
(45612)	5,5,1, | 1,0,0, | 
(45828)	5,5,2, | 1,0,0, | 
(45828)	5,5,2, | 1,0,0, | 
(45920)	5,5,2, | 3,3,2, | 
(45828)	5,5,2, | 1,0,0, | 
(46044)	5,5,3, | 1,0,0, | 
(46044)	5,5,3, | 1,0,0, | 
(46044)	5,5,3, | 1,0,0, | 
(46044)	5,5,3, | 1,0,0, | 
(46044)	5,5,3, | 1,0,0, | 
(7989)	1,0,0, | 5,5,3, | 
(7989)	1,0,0, | 5,5,3, | 
(7989)	1,0,0, | 5,5,3, | 
(7989)	1,0,0, | 5,5,3, | 
(7989)	1,0,0, | 5,5,3, | 
(7988)	1,0,0, | 5,5,2, | 
(15116)	1,5,3, | 5,5,2, | 
(7988)	1,0,0, | 5,5,2, | 
(9500)	1,1,1, | 5,5,2, | 
(7987)	1,0,0, | 5,5,1, | 
(7987)	1,0,0, | 5,5,1, | 
(7987)	1,0,0, | 5,5,1, | 
(14460)	1,5,0, | 5,4,0, | 
(13020)	1,4,0, | 1,4,0, | 
(28680)	3,4,0, | 4,4,0, | 
(14388)	1,5,0, | 3,4,0, | 
(14424)	1,5,0, | 4,4,0, | 
(13098)	1,4,0, | 3,5,0, | 
(22170)	2,5,0, | 3,5,0, | 
(13098)	1,4,0, | 3,5,0, | 
(13026)	1,4,0, | 1,5,0, | 
(14466)	1,5,0, | 5,5,0, | 
(13020)	1,4,0, | 1,4,0, | 
(44166)	5,4,0, | 2,5,0, | 
(45619)	5,5,1, | 1,1,1, | 
(45619)	5,5,1, | 1,1,1, | 
(45619)	5,5,1, | 1,1,1, | 
(45828)	5,5,2, | 1,0,0, | 
(45828)	5,5,2, | 1,0,0, | 
(45828)	5,5,2, | 1,0,0, | 
(45828)	5,5,2, | 1,0,0, | 
