(38052)	4,5,2, | 1,0,0, | 
(38052)	4,5,2, | 1,0,0, | 
(38052)	4,5,2, | 1,0,0, | 
(38052)	4,5,2, | 1,0,0, | 
(38268)	4,5,3, | 1,0,0, | 
(7953)	1,0,0, | 4,5,3, | 
(7952)	1,0,0, | 4,5,2, | 
(7952)	1,0,0, | 4,5,2, | 
(7952)	1,0,0, | 4,5,2, | 
(7952)	1,0,0, | 4,5,2, | 
(7952)	1,0,0, | 4,5,2, | 
(12055)	1,3,1, | 4,5,1, | 
(7951)	1,0,0, | 4,5,1, | 
(7951)	1,0,0, | 4,5,1, | 
(7951)	1,0,0, | 4,5,1, | 
(14424)	1,5,0, | 4,4,0, | 
(14424)	1,5,0, | 4,4,0, | 
(14424)	1,5,0, | 4,4,0, | 
(7836)	1,0,0, | 1,4,0, | 
(13062)	1,4,0, | 2,5,0, | 
(22206)	2,5,0, | 4,5,0, | 
(13062)	1,4,0, | 2,5,0, | 
(13092)	1,4,0, | 3,4,0, | 
(13020)	1,4,0, | 1,4,0, | 
(13020)	1,4,0, | 1,4,0, | 
(13020)	1,4,0, | 1,4,0, | 
(13026)	1,4,0, | 1,5,0, | 
(12996)	1,4,0, | 1,0,0, | 
(36354)	4,4,0, | 1,5,0, | 
(36354)	4,4,0, | 1,5,0, | 
(36354)	4,4,0, | 1,5,0, | 
(37836)	4,5,1, | 1,0,0, | 
(37836)	4,5,1, | 1,0,0, | 
(37836)	4,5,1, | 1,0,0, | 
(37836)	4,5,1, | 1,0,0, | 
(38052)	4,5,2, | 1,0,0, | 
(38268)	4,5,3, | 1,0,0, | 
(38268)	4,5,3, | 1,0,0, | 
(38268)	4,5,3, | 1,0,0, | 
(38268)	4,5,3, | 1,0,0, | 
(38268)	4,5,3, | 1,0,0, | 
(15084)	1,5,3, | 5,0,0, | 
(15084)	1,5,3, | 5,0,0, | 
(15084)	1,5,3, | 5,0,0, | 
(15084)	1,5,3, | 5,0,0, | 
(13572)	1,4,2, | 5,0,0, | 
(13572)	1,4,2, | 5,0,0, | 
(15090)	1,5,3, | 5,1,0, | 
(13368)	1,4,1, | 5,2,0, | 
(13368)	1,4,1, | 5,2,0, | 
(14460)	1,5,0, | 5,4,0, | 
(14460)	1,5,0, | 5,4,0, | 
(14460)	1,5,0, | 5,4,0, | 
(14460)	1,5,0, | 5,4,0, | 
(7836)	1,0,0, | 1,4,0, | 
(10578)	1,2,0, | 5,5,0, | 
(10434)	1,2,0, | 1,5,0, | 
(10428)	1,2,0, | 1,4,0, | 
(10428)	1,2,0, | 1,4,0, | 
(14394)	1,5,0, | 3,5,0, | 
(10500)	1,2,0, | 3,4,0, | 
(10542)	1,2,0, | 4,5,0, | 
(10572)	1,2,0, | 5,4,0, | 
(10470)	1,2,0, | 2,5,0, | 
(38059)	4,5,2, | 1,1,1, | 
(38059)	4,5,2, | 1,1,1, | 
(38059)	4,5,2, | 1,1,1, | 
(38059)	4,5,2, | 1,1,1, | 
(38059)	4,5,2, | 1,1,1, | 
(38065)	4,5,2, | 1,2,1, | 
(38065)	4,5,2, | 1,2,1, | 
(38059)	4,5,2, | 1,1,1, | 
(38052)	4,5,2, | 1,0,0, | 
(38052)	4,5,2, | 1,0,0, | 
(38052)	4,5,2, | 1,0,0, | 
(38052)	4,5,2, | 1,0,0, | 
(38268)	4,5,3, | 1,0,0, | 
(15084)	1,5,3, | 5,0,0, | 
(15084)	1,5,3, | 5,0,0, | 
(15084)	1,5,3, | 5,0,0, | 
(15097)	1,5,3, | 5,2,1, | 
(7988)	1,0,0, | 5,5,2, | 
(7988)	1,0,0, | 5,5,2, | 
(7987)	1,0,0, | 5,5,1, | 
(7987)	1,0,0, | 5,5,1, | 
(7987)	1,0,0, | 5,5,1, | 
(14460)	1,5,0, | 5,4,0, | 
(14460)	1,5,0, | 5,4,0, | 
(14460)	1,5,0, | 5,4,0, | 
(14460)	1,5,0, | 5,4,0, | 
(7836)	1,0,0, | 1,4,0, | 
(11730)	1,3,0, | 1,5,0, | 
(11724)	1,3,0, | 1,4,0, | 
(11724)	1,3,0, | 1,4,0, | 
(11730)	1,3,0, | 1,5,0, | 
(14466)	1,5,0, | 5,5,0, | 
(11724)	1,3,0, | 1,4,0, | 
(11796)	1,3,0, | 3,4,0, | 
(11724)	1,3,0, | 1,4,0, | 
(11700)	1,3,0, | 1,0,0, | 
(37849)	4,5,1, | 1,2,1, | 
(37849)	4,5,1, | 1,2,1, | 
(37855)	4,5,1, | 1,3,1, | 
(37849)	4,5,1, | 1,2,1, | 
(38052)	4,5,2, | 1,0,0, | 
(38052)	4,5,2, | 1,0,0, | 
(38052)	4,5,2, | 1,0,0, | 
(38052)	4,5,2, | 1,0,0, | 
(38052)	4,5,2, | 1,0,0, | 
(38052)	4,5,2, | 1,0,0, | 
(38052)	4,5,2, | 1,0,0, | 
(38052)	4,5,2, | 1,0,0, | 
(38268)	4,5,3, | 1,0,0, | 
(15084)	1,5,3, | 5,0,0, | 
(15084)	1,5,3, | 5,0,0, | 
(7988)	1,0,0, | 5,5,2, | 
(7988)	1,0,0, | 5,5,2, | 
(7988)	1,0,0, | 5,5,2, | 
(7988)	1,0,0, | 5,5,2, | 
(7987)	1,0,0, | 5,5,1, | 
(7987)	1,0,0, | 5,5,1, | 
(7987)	1,0,0, | 5,5,1, | 
(7987)	1,0,0, | 5,5,1, | 
(14460)	1,5,0, | 5,4,0, | 
(14460)	1,5,0, | 5,4,0, | 
(14460)	1,5,0, | 5,4,0, | 
(7836)	1,0,0, | 1,4,0, | 
(13170)	1,4,0, | 5,5,0, | 
(13026)	1,4,0, | 1,5,0, | 
(13020)	1,4,0, | 1,4,0, | 
(13020)	1,4,0, | 1,4,0, | 
(14394)	1,5,0, | 3,5,0, | 
(13062)	1,4,0, | 2,5,0, | 
(13026)	1,4,0, | 1,5,0, | 
(13020)	1,4,0, | 1,4,0, | 
(13098)	1,4,0, | 3,5,0, | 
(37855)	4,5,1, | 1,3,1, | 
(37849)	4,5,1, | 1,2,1, | 
(37849)	4,5,1, | 1,2,1, | 
(37849)	4,5,1, | 1,2,1, | 
(37849)	4,5,1, | 1,2,1, | 
(37855)	4,5,1, | 1,3,1, | 
(38052)	4,5,2, | 1,0,0, | 
(38052)	4,5,2, | 1,0,0, | 
(38052)	4,5,2, | 1,0,0, | 
(38052)	4,5,2, | 1,0,0, | 
(38052)	4,5,2, | 1,0,0, | 
(38052)	4,5,2, | 1,0,0, | 
(38268)	4,5,3, | 1,0,0, | 
(15084)	1,5,3, | 5,0,0, | 
(7988)	1,0,0, | 5,5,2, | 
(7988)	1,0,0, | 5,5,2, | 
(7988)	1,0,0, | 5,5,2, | 
(7988)	1,0,0, | 5,5,2, | 
(7988)	1,0,0, | 5,5,2, | 
(7987)	1,0,0, | 5,5,1, | 
(7987)	1,0,0, | 5,5,1, | 
(7987)	1,0,0, | 5,5,1, | 
(7987)	1,0,0, | 5,5,1, | 
(14460)	1,5,0, | 5,4,0, | 
(14460)	1,5,0, | 5,4,0, | 
(14460)	1,5,0, | 5,4,0, | 
(7836)	1,0,0, | 1,4,0, | 
(13062)	1,4,0, | 2,5,0, | 
(13092)	1,4,0, | 3,4,0, | 
(13020)	1,4,0, | 1,4,0, | 
(13020)	1,4,0, | 1,4,0, | 
(20874)	2,4,0, | 3,5,0, | 
(37650)	4,5,0, | 1,5,0, | 
(13026)	1,4,0, | 1,5,0, | 
(13020)	1,4,0, | 1,4,0, | 
(12996)	1,4,0, | 1,0,0, | 
(37836)	4,5,1, | 1,0,0, | 
(37836)	4,5,1, | 1,0,0, | 
(37843)	4,5,1, | 1,1,1, | 
(37836)	4,5,1, | 1,0,0, | 
(37849)	4,5,1, | 1,2,1, | 
(37843)	4,5,1, | 1,1,1, | 
(38052)	4,5,2, | 1,0,0, | 
(38052)	4,5,2, | 1,0,0, | 
(38052)	4,5,2, | 1,0,0, | 
(38052)	4,5,2, | 1,0,0, | 
(38052)	4,5,2, | 1,0,0, | 
(38052)	4,5,2, | 1,0,0, | 
(38268)	4,5,3, | 1,0,0, | 
(15084)	1,5,3, | 5,0,0, | 
(7988)	1,0,0, | 5,5,2, | 
(7988)	1,0,0, | 5,5,2, | 
(7988)	1,0,0, | 5,5,2, | 
(7988)	1,0,0, | 5,5,2, | 
(7988)	1,0,0, | 5,5,2, | 
(7987)	1,0,0, | 5,5,1, | 
(7987)	1,0,0, | 5,5,1, | 
(7987)	1,0,0, | 5,5,1, | 
(7987)	1,0,0, | 5,5,1, | 
(14460)	1,5,0, | 5,4,0, | 
(14460)	1,5,0, | 5,4,0, | 
(14460)	1,5,0, | 5,4,0, | 
(7836)	1,0,0, | 1,4,0, | 
(13020)	1,4,0, | 1,4,0, | 
(13020)	1,4,0, | 1,4,0, | 
(13020)	1,4,0, | 1,4,0, | 
(13020)	1,4,0, | 1,4,0, | 
(14394)	1,5,0, | 3,5,0, | 
(13170)	1,4,0, | 5,5,0, | 
(13026)	1,4,0, | 1,5,0, | 
(13020)	1,4,0, | 1,4,0, | 
(12996)	1,4,0, | 1,0,0, | 
(37836)	4,5,1, | 1,0,0, | 
(37836)	4,5,1, | 1,0,0, | 
(37836)	4,5,1, | 1,0,0, | 
(37836)	4,5,1, | 1,0,0, | 
(37836)	4,5,1, | 1,0,0, | 
(37836)	4,5,1, | 1,0,0, | 
(37836)	4,5,1, | 1,0,0, | 
(38052)	4,5,2, | 1,0,0, | 
(38942)	5,0,0, | 1,4,2, | 
(38949)	5,0,0, | 1,5,3, | 
(38949)	5,0,0, | 1,5,3, | 
(38949)	5,0,0, | 1,5,3, | 
(38949)	5,0,0, | 1,5,3, | 
(7953)	1,0,0, | 4,5,3, | 
(7953)	1,0,0, | 4,5,3, | 
(7953)	1,0,0, | 4,5,3, | 
(7953)	1,0,0, | 4,5,3, | 
(7953)	1,0,0, | 4,5,3, | 
(9464)	1,1,1, | 4,5,2, | 
(9464)	1,1,1, | 4,5,2, | 
(9464)	1,1,1, | 4,5,2, | 
(9464)	1,1,1, | 4,5,2, | 
(9464)	1,1,1, | 4,5,2, | 
(9464)	1,1,1, | 4,5,2, | 
(9464)	1,1,1, | 4,5,2, | 
(9464)	1,1,1, | 4,5,2, | 
(14322)	1,5,0, | 1,5,0, | 
(14394)	1,5,0, | 3,5,0, | 
(13020)	1,4,0, | 1,4,0, | 
(13008)	1,4,0, | 1,2,0, | 
(13008)	1,4,0, | 1,2,0, | 
(13020)	1,4,0, | 1,4,0, | 
(13008)	1,4,0, | 1,2,0, | 
(13008)	1,4,0, | 1,2,0, | 
(13008)	1,4,0, | 1,2,0, | 
(12996)	1,4,0, | 1,0,0, | 
(44130)	5,4,0, | 1,5,0, | 
(44130)	5,4,0, | 1,5,0, | 
(44130)	5,4,0, | 1,5,0, | 
(44130)	5,4,0, | 1,5,0, | 
(41533)	5,2,0, | 1,4,1, | 
(41533)	5,2,0, | 1,4,1, | 
(40245)	5,1,0, | 1,5,3, | 
(38942)	5,0,0, | 1,4,2, | 
(41724)	5,2,1, | 1,0,0, | 
(41724)	5,2,1, | 1,0,0, | 
(41724)	5,2,1, | 1,0,0, | 
(41724)	5,2,1, | 1,0,0, | 
(41724)	5,2,1, | 1,0,0, | 
(7969)	1,0,0, | 5,2,1, | 
(7969)	1,0,0, | 5,2,1, | 
(7969)	1,0,0, | 5,2,1, | 
(7969)	1,0,0, | 5,2,1, | 
(7969)	1,0,0, | 5,2,1, | 
(7969)	1,0,0, | 5,2,1, | 
(7969)	1,0,0, | 5,2,1, | 
(10783)	1,2,1, | 5,3,1, | 
(9487)	1,1,1, | 5,3,1, | 
(9487)	1,1,1, | 5,3,1, | 
(10783)	1,2,1, | 5,3,1, | 
(9487)	1,1,1, | 5,3,1, | 
(9487)	1,1,1, | 5,3,1, | 
(14322)	1,5,0, | 1,5,0, | 
(37668)	4,5,0, | 2,2,0, | 
(29874)	3,5,0, | 1,5,0, | 
(37788)	4,5,0, | 5,4,0, | 
(22422)	2,5,1, | 4,5,0, | 
(14394)	1,5,0, | 3,5,0, | 
(13134)	1,4,0, | 4,5,0, | 
(14574)	1,5,1, | 2,5,0, | 
(14646)	1,5,1, | 4,5,0, | 
(10470)	1,2,0, | 2,5,0, | 
(43033)	5,3,1, | 1,2,1, | 
(43027)	5,3,1, | 1,1,1, | 
(43027)	5,3,1, | 1,1,1, | 
(43027)	5,3,1, | 1,1,1, | 
(43027)	5,3,1, | 1,1,1, | 
(43033)	5,3,1, | 1,2,1, | 
(41724)	5,2,1, | 1,0,0, | 
(41724)	5,2,1, | 1,0,0, | 
(43020)	5,3,1, | 1,0,0, | 
(43020)	5,3,1, | 1,0,0, | 
(38942)	5,0,0, | 1,4,2, | 
(38942)	5,0,0, | 1,4,2, | 
(38942)	5,0,0, | 1,4,2, | 
(7982)	1,0,0, | 5,4,2, | 
(7982)	1,0,0, | 5,4,2, | 
(7982)	1,0,0, | 5,4,2, | 
(7982)	1,0,0, | 5,4,2, | 
(7982)	1,0,0, | 5,4,2, | 
(7982)	1,0,0, | 5,4,2, | 
(9500)	1,1,1, | 5,5,2, | 
(10796)	1,2,1, | 5,5,2, | 
(9500)	1,1,1, | 5,5,2, | 
(9500)	1,1,1, | 5,5,2, | 
(9500)	1,1,1, | 5,5,2, | 
(9500)	1,1,1, | 5,5,2, | 
(9500)	1,1,1, | 5,5,2, | 
(14322)	1,5,0, | 1,5,0, | 
(37974)	4,5,1, | 4,5,0, | 
(22086)	2,5,0, | 1,3,0, | 
(22080)	2,5,0, | 1,2,0, | 
(22458)	2,5,1, | 5,5,0, | 
(30018)	3,5,0, | 5,5,0, | 
(14430)	1,5,0, | 4,5,0, | 
(11876)	1,3,0, | 5,5,2, | 
(28722)	3,4,0, | 5,5,0, | 
(11700)	1,3,0, | 1,0,0, | 
(42835)	5,3,0, | 1,5,1, | 
(41539)	5,2,0, | 1,5,1, | 
(44316)	5,4,1, | 1,0,0, | 
(44323)	5,4,1, | 1,1,1, | 
(43020)	5,3,1, | 1,0,0, | 
(43020)	5,3,1, | 1,0,0, | 
(43020)	5,3,1, | 1,0,0, | 
(43020)	5,3,1, | 1,0,0, | 
(38942)	5,0,0, | 1,4,2, | 
(38949)	5,0,0, | 1,5,3, | 
(38949)	5,0,0, | 1,5,3, | 
(38949)	5,0,0, | 1,5,3, | 
(38949)	5,0,0, | 1,5,3, | 
(7989)	1,0,0, | 5,5,3, | 
(7989)	1,0,0, | 5,5,3, | 
(7989)	1,0,0, | 5,5,3, | 
(7989)	1,0,0, | 5,5,3, | 
(7989)	1,0,0, | 5,5,3, | 
(9500)	1,1,1, | 5,5,2, | 
(9500)	1,1,1, | 5,5,2, | 
(10796)	1,2,1, | 5,5,2, | 
(9500)	1,1,1, | 5,5,2, | 
(9500)	1,1,1, | 5,5,2, | 
(10796)	1,2,1, | 5,5,2, | 
(9500)	1,1,1, | 5,5,2, | 
(9500)	1,1,1, | 5,5,2, | 
(14322)	1,5,0, | 1,5,0, | 
(22308)	2,5,1, | 1,4,0, | 
(22086)	2,5,0, | 1,3,0, | 
(13170)	1,4,0, | 5,5,0, | 
(14430)	1,5,0, | 4,5,0, | 
(22386)	2,5,1, | 3,5,0, | 
(14430)	1,5,0, | 4,5,0, | 
(13026)	1,4,0, | 1,5,0, | 
(37687)	4,5,0, | 2,5,1, | 
(13098)	1,4,0, | 3,5,0, | 
(45625)	5,5,1, | 1,2,1, | 
(45625)	5,5,1, | 1,2,1, | 
(45625)	5,5,1, | 1,2,1, | 
(41539)	5,2,0, | 1,5,1, | 
(41539)	5,2,0, | 1,5,1, | 
(41539)	5,2,0, | 1,5,1, | 
(40237)	5,1,0, | 1,4,1, | 
(38942)	5,0,0, | 1,4,2, | 
(38948)	5,0,0, | 1,5,2, | 
(38949)	5,0,0, | 1,5,3, | 
(38949)	5,0,0, | 1,5,3, | 
(38949)	5,0,0, | 1,5,3, | 
(38949)	5,0,0, | 1,5,3, | 
(7989)	1,0,0, | 5,5,3, | 
(7989)	1,0,0, | 5,5,3, | 
(7989)	1,0,0, | 5,5,3, | 
(7989)	1,0,0, | 5,5,3, | 
(7989)	1,0,0, | 5,5,3, | 
(9500)	1,1,1, | 5,5,2, | 
(9500)	1,1,1, | 5,5,2, | 
(10796)	1,2,1, | 5,5,2, | 
(9500)	1,1,1, | 5,5,2, | 
(9500)	1,1,1, | 5,5,2, | 
(10796)	1,2,1, | 5,5,2, | 
(9500)	1,1,1, | 5,5,2, | 
(9500)	1,1,1, | 5,5,2, | 
(14322)	1,5,0, | 1,5,0, | 
(37680)	4,5,0, | 2,4,0, | 
(22086)	2,5,0, | 1,3,0, | 
(14430)	1,5,0, | 4,5,0, | 
(14394)	1,5,0, | 3,5,0, | 
(14430)	1,5,0, | 4,5,0, | 
(13098)	1,4,0, | 3,5,0, | 
(28723)	3,4,0, | 5,5,1, | 
(22224)	2,5,0, | 5,2,0, | 
(12996)	1,4,0, | 1,0,0, | 
(44124)	5,4,0, | 1,4,0, | 
(45612)	5,5,1, | 1,0,0, | 
(45612)	5,5,1, | 1,0,0, | 
(45631)	5,5,1, | 1,3,1, | 
(41533)	5,2,0, | 1,4,1, | 
(41533)	5,2,0, | 1,4,1, | 
(40237)	5,1,0, | 1,4,1, | 
(38942)	5,0,0, | 1,4,2, | 
(38942)	5,0,0, | 1,4,2, | 
(38949)	5,0,0, | 1,5,3, | 
(38949)	5,0,0, | 1,5,3, | 
(38949)	5,0,0, | 1,5,3, | 
(38949)	5,0,0, | 1,5,3, | 
(7989)	1,0,0, | 5,5,3, | 
(7989)	1,0,0, | 5,5,3, | 
(7989)	1,0,0, | 5,5,3, | 
(7989)	1,0,0, | 5,5,3, | 
(7989)	1,0,0, | 5,5,3, | 
(9500)	1,1,1, | 5,5,2, | 
(9500)	1,1,1, | 5,5,2, | 
(10796)	1,2,1, | 5,5,2, | 
(9500)	1,1,1, | 5,5,2, | 
(9500)	1,1,1, | 5,5,2, | 
(10796)	1,2,1, | 5,5,2, | 
(9500)	1,1,1, | 5,5,2, | 
(9500)	1,1,1, | 5,5,2, | 
(14322)	1,5,0, | 1,5,0, | 
(37680)	4,5,0, | 2,4,0, | 
(22092)	2,5,0, | 1,4,0, | 
(22086)	2,5,0, | 1,3,0, | 
(14466)	1,5,0, | 5,5,0, | 
(22230)	2,5,0, | 5,3,0, | 
(13026)	1,4,0, | 1,5,0, | 
(13170)	1,4,0, | 5,5,0, | 
(22122)	2,5,0, | 2,3,0, | 
(12996)	1,4,0, | 1,0,0, | 
(44124)	5,4,0, | 1,4,0, | 
(44124)	5,4,0, | 1,4,0, | 
(45612)	5,5,1, | 1,0,0, | 
(45625)	5,5,1, | 1,2,1, | 
(41533)	5,2,0, | 1,4,1, | 
(41533)	5,2,0, | 1,4,1, | 
(40237)	5,1,0, | 1,4,1, | 
(38942)	5,0,0, | 1,4,2, | 
(45854)	5,5,2, | 1,4,2, | 
(41757)	5,2,1, | 1,5,3, | 
(38949)	5,0,0, | 1,5,3, | 
(38949)	5,0,0, | 1,5,3, | 
(38949)	5,0,0, | 1,5,3, | 
(7953)	1,0,0, | 4,5,3, | 
(7952)	1,0,0, | 4,5,2, | 
(7952)	1,0,0, | 4,5,2, | 
(7952)	1,0,0, | 4,5,2, | 
(7952)	1,0,0, | 4,5,2, | 
(7952)	1,0,0, | 4,5,2, | 
(7952)	1,0,0, | 4,5,2, | 
(7952)	1,0,0, | 4,5,2, | 
(7952)	1,0,0, | 4,5,2, | 
(10759)	1,2,1, | 4,5,1, | 
(10759)	1,2,1, | 4,5,1, | 
(10759)	1,2,1, | 4,5,1, | 
(10759)	1,2,1, | 4,5,1, | 
(7830)	1,0,0, | 1,3,0, | 
(28608)	3,4,0, | 2,4,0, | 
(13020)	1,4,0, | 1,4,0, | 
(13014)	1,4,0, | 1,3,0, | 
(13014)	1,4,0, | 1,3,0, | 
(13020)	1,4,0, | 1,4,0, | 
(13014)	1,4,0, | 1,3,0, | 
(13014)	1,4,0, | 1,3,0, | 
(13014)	1,4,0, | 1,3,0, | 
(12996)	1,4,0, | 1,0,0, | 
(44130)	5,4,0, | 1,5,0, | 
(44130)	5,4,0, | 1,5,0, | 
(44130)	5,4,0, | 1,5,0, | 
(44130)	5,4,0, | 1,5,0, | 
(45612)	5,5,1, | 1,0,0, | 
(45612)	5,5,1, | 1,0,0, | 
(45612)	5,5,1, | 1,0,0, | 
(45828)	5,5,2, | 1,0,0, | 
(44532)	5,4,2, | 1,0,0, | 
(44532)	5,4,2, | 1,0,0, | 
(44532)	5,4,2, | 1,0,0, | 
(44532)	5,4,2, | 1,0,0, | 
(44532)	5,4,2, | 1,0,0, | 
(13572)	1,4,2, | 5,0,0, | 
(13572)	1,4,2, | 5,0,0, | 
(13572)	1,4,2, | 5,0,0, | 
(7975)	1,0,0, | 5,3,1, | 
(7975)	1,0,0, | 5,3,1, | 
(7975)	1,0,0, | 5,3,1, | 
(7975)	1,0,0, | 5,3,1, | 
(7975)	1,0,0, | 5,3,1, | 
(7975)	1,0,0, | 5,3,1, | 
(7981)	1,0,0, | 5,4,1, | 
(7981)	1,0,0, | 5,4,1, | 
(14664)	1,5,1, | 5,2,0, | 
(11862)	1,3,0, | 5,3,0, | 
(7830)	1,0,0, | 1,3,0, | 
(14316)	1,5,0, | 1,4,0, | 
(14466)	1,5,0, | 5,5,0, | 
(13063)	1,4,0, | 2,5,1, | 
(14646)	1,5,1, | 4,5,0, | 
(10470)	1,2,0, | 2,5,0, | 
(14646)	1,5,1, | 4,5,0, | 
(11766)	1,3,0, | 2,5,0, | 
(11838)	1,3,0, | 4,5,0, | 
(10470)	1,2,0, | 2,5,0, | 
(45841)	5,5,2, | 1,2,1, | 
(45835)	5,5,2, | 1,1,1, | 
(45835)	5,5,2, | 1,1,1, | 
(45835)	5,5,2, | 1,1,1, | 
(45835)	5,5,2, | 1,1,1, | 
(45841)	5,5,2, | 1,2,1, | 
(45835)	5,5,2, | 1,1,1, | 
(44532)	5,4,2, | 1,0,0, | 
(45828)	5,5,2, | 1,0,0, | 
(45828)	5,5,2, | 1,0,0, | 
(45828)	5,5,2, | 1,0,0, | 
(45828)	5,5,2, | 1,0,0, | 
(44532)	5,4,2, | 1,0,0, | 
(7982)	1,0,0, | 5,4,2, | 
(7988)	1,0,0, | 5,5,2, | 
(7988)	1,0,0, | 5,5,2, | 
(7988)	1,0,0, | 5,5,2, | 
(7988)	1,0,0, | 5,5,2, | 
(7988)	1,0,0, | 5,5,2, | 
(7988)	1,0,0, | 5,5,2, | 
(7988)	1,0,0, | 5,5,2, | 
(7988)	1,0,0, | 5,5,2, | 
(7981)	1,0,0, | 5,4,1, | 
(10795)	1,2,1, | 5,5,1, | 
(10795)	1,2,1, | 5,5,1, | 
(10795)	1,2,1, | 5,5,1, | 
(7830)	1,0,0, | 1,3,0, | 
(14316)	1,5,0, | 1,4,0, | 
(45571)	5,5,0, | 5,5,1, | 
(13014)	1,4,0, | 1,3,0, | 
(30019)	3,5,0, | 5,5,1, | 
(11874)	1,3,0, | 5,5,0, | 
(14466)	1,5,0, | 5,5,0, | 
(11874)	1,3,0, | 5,5,0, | 
(14466)	1,5,0, | 5,5,0, | 
(11700)	1,3,0, | 1,0,0, | 
(45625)	5,5,1, | 1,2,1, | 
(45625)	5,5,1, | 1,2,1, | 
(45625)	5,5,1, | 1,2,1, | 
(44323)	5,4,1, | 1,1,1, | 
(45828)	5,5,2, | 1,0,0, | 
(45828)	5,5,2, | 1,0,0, | 
(45828)	5,5,2, | 1,0,0, | 
(45828)	5,5,2, | 1,0,0, | 
(45828)	5,5,2, | 1,0,0, | 
(45828)	5,5,2, | 1,0,0, | 
(45828)	5,5,2, | 1,0,0, | 
(45828)	5,5,2, | 1,0,0, | 
(38949)	5,0,0, | 1,5,3, | 
(7989)	1,0,0, | 5,5,3, | 
(7988)	1,0,0, | 5,5,2, | 
(7988)	1,0,0, | 5,5,2, | 
(7988)	1,0,0, | 5,5,2, | 
(7988)	1,0,0, | 5,5,2, | 
(7988)	1,0,0, | 5,5,2, | 
(7988)	1,0,0, | 5,5,2, | 
(7988)	1,0,0, | 5,5,2, | 
(7988)	1,0,0, | 5,5,2, | 
(10795)	1,2,1, | 5,5,1, | 
(10795)	1,2,1, | 5,5,1, | 
(10795)	1,2,1, | 5,5,1, | 
(10795)	1,2,1, | 5,5,1, | 
(7830)	1,0,0, | 1,3,0, | 
(37722)	4,5,0, | 3,5,0, | 
(45780)	5,5,1, | 5,4,0, | 
(13050)	1,4,0, | 2,3,0, | 
(13027)	1,4,0, | 1,5,1, | 
(14676)	1,5,1, | 5,4,0, | 
(45534)	5,5,0, | 4,5,0, | 
(13164)	1,4,0, | 5,4,0, | 
(14359)	1,5,0, | 2,5,1, | 
(13098)	1,4,0, | 3,5,0, | 
(45625)	5,5,1, | 1,2,1, | 
(45625)	5,5,1, | 1,2,1, | 
(45625)	5,5,1, | 1,2,1, | 
(45631)	5,5,1, | 1,3,1, | 
(45625)	5,5,1, | 1,2,1, | 
(45625)	5,5,1, | 1,2,1, | 
(45828)	5,5,2, | 1,0,0, | 
(45828)	5,5,2, | 1,0,0, | 
(45828)	5,5,2, | 1,0,0, | 
(45828)	5,5,2, | 1,0,0, | 
(45828)	5,5,2, | 1,0,0, | 
(38949)	5,0,0, | 1,5,3, | 
(38949)	5,0,0, | 1,5,3, | 
(7989)	1,0,0, | 5,5,3, | 
(7988)	1,0,0, | 5,5,2, | 
(7988)	1,0,0, | 5,5,2, | 
(7988)	1,0,0, | 5,5,2, | 
(7988)	1,0,0, | 5,5,2, | 
(7988)	1,0,0, | 5,5,2, | 
(7988)	1,0,0, | 5,5,2, | 
(7988)	1,0,0, | 5,5,2, | 
(7988)	1,0,0, | 5,5,2, | 
(10795)	1,2,1, | 5,5,1, | 
(10795)	1,2,1, | 5,5,1, | 
(10795)	1,2,1, | 5,5,1, | 
(10795)	1,2,1, | 5,5,1, | 
(7830)	1,0,0, | 1,3,0, | 
(45528)	5,5,0, | 4,4,0, | 
(45534)	5,5,0, | 4,5,0, | 
(13122)	1,4,0, | 4,3,0, | 
(13171)	1,4,0, | 5,5,1, | 
(13026)	1,4,0, | 1,5,0, | 
(13098)	1,4,0, | 3,5,0, | 
(45571)	5,5,0, | 5,5,1, | 
(13098)	1,4,0, | 3,5,0, | 
(12996)	1,4,0, | 1,0,0, | 
(45632)	5,5,1, | 1,3,2, | 
(45612)	5,5,1, | 1,0,0, | 
(45612)	5,5,1, | 1,0,0, | 
(45631)	5,5,1, | 1,3,1, | 
(45619)	5,5,1, | 1,1,1, | 
(45631)	5,5,1, | 1,3,1, | 
(45828)	5,5,2, | 1,0,0, | 
(45828)	5,5,2, | 1,0,0, | 
(45828)	5,5,2, | 1,0,0, | 
(45828)	5,5,2, | 1,0,0, | 
(45828)	5,5,2, | 1,0,0, | 
(38949)	5,0,0, | 1,5,3, | 
(38949)	5,0,0, | 1,5,3, | 
(7989)	1,0,0, | 5,5,3, | 
(7988)	1,0,0, | 5,5,2, | 
(7988)	1,0,0, | 5,5,2, | 
(7988)	1,0,0, | 5,5,2, | 
(7988)	1,0,0, | 5,5,2, | 
(7988)	1,0,0, | 5,5,2, | 
(7988)	1,0,0, | 5,5,2, | 
(7988)	1,0,0, | 5,5,2, | 
(7988)	1,0,0, | 5,5,2, | 
(10795)	1,2,1, | 5,5,1, | 
(10795)	1,2,1, | 5,5,1, | 
(10795)	1,2,1, | 5,5,1, | 
(10795)	1,2,1, | 5,5,1, | 
(7830)	1,0,0, | 1,3,0, | 
(37722)	4,5,0, | 3,5,0, | 
(20868)	2,4,0, | 3,4,0, | 
(13122)	1,4,0, | 4,3,0, | 
(14322)	1,5,0, | 1,5,0, | 
(13020)	1,4,0, | 1,4,0, | 
(13170)	1,4,0, | 5,5,0, | 
(13026)	1,4,0, | 1,5,0, | 
(14454)	1,5,0, | 5,3,0, | 
(12996)	1,4,0, | 1,0,0, | 
(44124)	5,4,0, | 1,4,0, | 
(45612)	5,5,1, | 1,0,0, | 
(45612)	5,5,1, | 1,0,0, | 
(45625)	5,5,1, | 1,2,1, | 
(45619)	5,5,1, | 1,1,1, | 
(45612)	5,5,1, | 1,0,0, | 
(45612)	5,5,1, | 1,0,0, | 
(45828)	5,5,2, | 1,0,0, | 
(45854)	5,5,2, | 1,4,2, | 
(45828)	5,5,2, | 1,0,0, | 
(45828)	5,5,2, | 1,0,0, | 
(38949)	5,0,0, | 1,5,3, | 
(38949)	5,0,0, | 1,5,3, | 
(7953)	1,0,0, | 4,5,3, | 
(7952)	1,0,0, | 4,5,2, | 
(7952)	1,0,0, | 4,5,2, | 
(7952)	1,0,0, | 4,5,2, | 
(7952)	1,0,0, | 4,5,2, | 
(7952)	1,0,0, | 4,5,2, | 
(7952)	1,0,0, | 4,5,2, | 
(10759)	1,2,1, | 4,5,1, | 
(10759)	1,2,1, | 4,5,1, | 
(10759)	1,2,1, | 4,5,1, | 
(10759)	1,2,1, | 4,5,1, | 
(10759)	1,2,1, | 4,5,1, | 
(10759)	1,2,1, | 4,5,1, | 
(29868)	3,5,0, | 1,4,0, | 
(22242)	2,5,0, | 5,5,0, | 
(13020)	1,4,0, | 1,4,0, | 
(13020)	1,4,0, | 1,4,0, | 
(13027)	1,4,0, | 1,5,1, | 
(13020)	1,4,0, | 1,4,0, | 
(13020)	1,4,0, | 1,4,0, | 
(13020)	1,4,0, | 1,4,0, | 
(13026)	1,4,0, | 1,5,0, | 
(12996)	1,4,0, | 1,0,0, | 
(44130)	5,4,0, | 1,5,0, | 
(44130)	5,4,0, | 1,5,0, | 
(44130)	5,4,0, | 1,5,0, | 
(45612)	5,5,1, | 1,0,0, | 
(45612)	5,5,1, | 1,0,0, | 
(45612)	5,5,1, | 1,0,0, | 
(45612)	5,5,1, | 1,0,0, | 
(45828)	5,5,2, | 1,0,0, | 
(46044)	5,5,3, | 1,0,0, | 
(46044)	5,5,3, | 1,0,0, | 
(46044)	5,5,3, | 1,0,0, | 
(46044)	5,5,3, | 1,0,0, | 
(46044)	5,5,3, | 1,0,0, | 
(15084)	1,5,3, | 5,0,0, | 
(15084)	1,5,3, | 5,0,0, | 
(15084)	1,5,3, | 5,0,0, | 
(15084)	1,5,3, | 5,0,0, | 
(13572)	1,4,2, | 5,0,0, | 
(13572)	1,4,2, | 5,0,0, | 
(13362)	1,4,1, | 5,1,0, | 
(14664)	1,5,1, | 5,2,0, | 
(14664)	1,5,1, | 5,2,0, | 
(14664)	1,5,1, | 5,2,0, | 
(10795)	1,2,1, | 5,5,1, | 
(10795)	1,2,1, | 5,5,1, | 
(10795)	1,2,1, | 5,5,1, | 
(29868)	3,5,0, | 1,4,0, | 
(37759)	4,5,0, | 4,5,1, | 
(37794)	4,5,0, | 5,5,0, | 
(22098)	2,5,0, | 1,5,0, | 
(22135)	2,5,0, | 2,5,1, | 
(13062)	1,4,0, | 2,5,0, | 
(10470)	1,2,0, | 2,5,0, | 
(11766)	1,3,0, | 2,5,0, | 
(10542)	1,2,0, | 4,5,0, | 
(10470)	1,2,0, | 2,5,0, | 
(45841)	5,5,2, | 1,2,1, | 
(45835)	5,5,2, | 1,1,1, | 
(45835)	5,5,2, | 1,1,1, | 
(45835)	5,5,2, | 1,1,1, | 
(45835)	5,5,2, | 1,1,1, | 
(45841)	5,5,2, | 1,2,1, | 
(45835)	5,5,2, | 1,1,1, | 
(45835)	5,5,2, | 1,1,1, | 
(45828)	5,5,2, | 1,0,0, | 
(45828)	5,5,2, | 1,0,0, | 
(45828)	5,5,2, | 1,0,0, | 
(45828)	5,5,2, | 1,0,0, | 
(46044)	5,5,3, | 1,0,0, | 
(15084)	1,5,3, | 5,0,0, | 
(7988)	1,0,0, | 5,5,2, | 
(7988)	1,0,0, | 5,5,2, | 
(7988)	1,0,0, | 5,5,2, | 
(7988)	1,0,0, | 5,5,2, | 
(7988)	1,0,0, | 5,5,2, | 
(7988)	1,0,0, | 5,5,2, | 
(10795)	1,2,1, | 5,5,1, | 
(10795)	1,2,1, | 5,5,1, | 
(10795)	1,2,1, | 5,5,1, | 
(10795)	1,2,1, | 5,5,1, | 
(10795)	1,2,1, | 5,5,1, | 
(10795)	1,2,1, | 5,5,1, | 
(29868)	3,5,0, | 1,4,0, | 
(37759)	4,5,0, | 4,5,1, | 
(30234)	3,5,1, | 5,5,0, | 
(36462)	4,4,0, | 4,5,0, | 
(30019)	3,5,0, | 5,5,1, | 
(14682)	1,5,1, | 5,5,0, | 
(14466)	1,5,0, | 5,5,0, | 
(13170)	1,4,0, | 5,5,0, | 
(45570)	5,5,0, | 5,5,0, | 
(11700)	1,3,0, | 1,0,0, | 
(45632)	5,5,1, | 1,3,2, | 
(45625)	5,5,1, | 1,2,1, | 
(45631)	5,5,1, | 1,3,1, | 
(45625)	5,5,1, | 1,2,1, | 
(45828)	5,5,2, | 1,0,0, | 
(45828)	5,5,2, | 1,0,0, | 
(45828)	5,5,2, | 1,0,0, | 
(45828)	5,5,2, | 1,0,0, | 
(45828)	5,5,2, | 1,0,0, | 
(45828)	5,5,2, | 1,0,0, | 
(45828)	5,5,2, | 1,0,0, | 
(45828)	5,5,2, | 1,0,0, | 
(46044)	5,5,3, | 1,0,0, | 
(7989)	1,0,0, | 5,5,3, | 
(7988)	1,0,0, | 5,5,2, | 
(7988)	1,0,0, | 5,5,2, | 
(7988)	1,0,0, | 5,5,2, | 
(7988)	1,0,0, | 5,5,2, | 
(7988)	1,0,0, | 5,5,2, | 
(7988)	1,0,0, | 5,5,2, | 
(10795)	1,2,1, | 5,5,1, | 
(10795)	1,2,1, | 5,5,1, | 
(10795)	1,2,1, | 5,5,1, | 
(10795)	1,2,1, | 5,5,1, | 
(10795)	1,2,1, | 5,5,1, | 
(10795)	1,2,1, | 5,5,1, | 
(29868)	3,5,0, | 1,4,0, | 
(37651)	4,5,0, | 1,5,1, | 
(13026)	1,4,0, | 1,5,0, | 
(37686)	4,5,0, | 2,5,0, | 
(13164)	1,4,0, | 5,4,0, | 
(37722)	4,5,0, | 3,5,0, | 
(13099)	1,4,0, | 3,5,1, | 
(13062)	1,4,0, | 2,5,0, | 
(14682)	1,5,1, | 5,5,0, | 
(13098)	1,4,0, | 3,5,0, | 
(45626)	5,5,1, | 1,2,2, | 
(45625)	5,5,1, | 1,2,1, | 
(45625)	5,5,1, | 1,2,1, | 
(45631)	5,5,1, | 1,3,1, | 
(45625)	5,5,1, | 1,2,1, | 
(45625)	5,5,1, | 1,2,1, | 
(45828)	5,5,2, | 1,0,0, | 
(45828)	5,5,2, | 1,0,0, | 
(45828)	5,5,2, | 1,0,0, | 
(45828)	5,5,2, | 1,0,0, | 
(45828)	5,5,2, | 1,0,0, | 
(45828)	5,5,2, | 1,0,0, | 
(46044)	5,5,3, | 1,0,0, | 
(7989)	1,0,0, | 5,5,3, | 
(7988)	1,0,0, | 5,5,2, | 
(7988)	1,0,0, | 5,5,2, | 
(7988)	1,0,0, | 5,5,2, | 
(7988)	1,0,0, | 5,5,2, | 
(7988)	1,0,0, | 5,5,2, | 
(7988)	1,0,0, | 5,5,2, | 
(10795)	1,2,1, | 5,5,1, | 
(10795)	1,2,1, | 5,5,1, | 
(10795)	1,2,1, | 5,5,1, | 
(10795)	1,2,1, | 5,5,1, | 
(10795)	1,2,1, | 5,5,1, | 
(10795)	1,2,1, | 5,5,1, | 
(29868)	3,5,0, | 1,4,0, | 
(37680)	4,5,0, | 2,4,0, | 
(14322)	1,5,0, | 1,5,0, | 
(37758)	4,5,0, | 4,5,0, | 
(14430)	1,5,0, | 4,5,0, | 
(13027)	1,4,0, | 1,5,1, | 
(22242)	2,5,0, | 5,5,0, | 
(30019)	3,5,0, | 5,5,1, | 
(13098)	1,4,0, | 3,5,0, | 
(12996)	1,4,0, | 1,0,0, | 
(45612)	5,5,1, | 1,0,0, | 
(45612)	5,5,1, | 1,0,0, | 
(45612)	5,5,1, | 1,0,0, | 
(45631)	5,5,1, | 1,3,1, | 
(45619)	5,5,1, | 1,1,1, | 
(45631)	5,5,1, | 1,3,1, | 
(45828)	5,5,2, | 1,0,0, | 
(45828)	5,5,2, | 1,0,0, | 
(45828)	5,5,2, | 1,0,0, | 
(45828)	5,5,2, | 1,0,0, | 
(45828)	5,5,2, | 1,0,0, | 
(45828)	5,5,2, | 1,0,0, | 
(38949)	5,0,0, | 1,5,3, | 
(7989)	1,0,0, | 5,5,3, | 
(7988)	1,0,0, | 5,5,2, | 
(7988)	1,0,0, | 5,5,2, | 
(7988)	1,0,0, | 5,5,2, | 
(7988)	1,0,0, | 5,5,2, | 
(7988)	1,0,0, | 5,5,2, | 
(7988)	1,0,0, | 5,5,2, | 
(10795)	1,2,1, | 5,5,1, | 
(10795)	1,2,1, | 5,5,1, | 
(10795)	1,2,1, | 5,5,1, | 
(10795)	1,2,1, | 5,5,1, | 
(10795)	1,2,1, | 5,5,1, | 
(10795)	1,2,1, | 5,5,1, | 
(29868)	3,5,0, | 1,4,0, | 
(37752)	4,5,0, | 4,4,0, | 
(14316)	1,5,0, | 1,4,0, | 
(20947)	2,4,0, | 5,5,1, | 
(14430)	1,5,0, | 4,5,0, | 
(13020)	1,4,0, | 1,4,0, | 
(14430)	1,5,0, | 4,5,0, | 
(30019)	3,5,0, | 5,5,1, | 
(13020)	1,4,0, | 1,4,0, | 
(12996)	1,4,0, | 1,0,0, | 
(44124)	5,4,0, | 1,4,0, | 
(45619)	5,5,1, | 1,1,1, | 
(45612)	5,5,1, | 1,0,0, | 
(45625)	5,5,1, | 1,2,1, | 
(45619)	5,5,1, | 1,1,1, | 
(45612)	5,5,1, | 1,0,0, | 
(45612)	5,5,1, | 1,0,0, | 
(45828)	5,5,2, | 1,0,0, | 
(45854)	5,5,2, | 1,4,2, | 
(45828)	5,5,2, | 1,0,0, | 
(45828)	5,5,2, | 1,0,0, | 
(45828)	5,5,2, | 1,0,0, | 
(38949)	5,0,0, | 1,5,3, | 
(7953)	1,0,0, | 4,5,3, | 
(7952)	1,0,0, | 4,5,2, | 
(7952)	1,0,0, | 4,5,2, | 
(7952)	1,0,0, | 4,5,2, | 
(7952)	1,0,0, | 4,5,2, | 
(7952)	1,0,0, | 4,5,2, | 
(7952)	1,0,0, | 4,5,2, | 
(7951)	1,0,0, | 4,5,1, | 
(7951)	1,0,0, | 4,5,1, | 
(7951)	1,0,0, | 4,5,1, | 
(7951)	1,0,0, | 4,5,1, | 
(7951)	1,0,0, | 4,5,1, | 
(7951)	1,0,0, | 4,5,1, | 
(7836)	1,0,0, | 1,4,0, | 
(14466)	1,5,0, | 5,5,0, | 
(13020)	1,4,0, | 1,4,0, | 
(13020)	1,4,0, | 1,4,0, | 
(13062)	1,4,0, | 2,5,0, | 
(13020)	1,4,0, | 1,4,0, | 
(13020)	1,4,0, | 1,4,0, | 
(13020)	1,4,0, | 1,4,0, | 
(13026)	1,4,0, | 1,5,0, | 
(12996)	1,4,0, | 1,0,0, | 
(44130)	5,4,0, | 1,5,0, | 
(44130)	5,4,0, | 1,5,0, | 
(44130)	5,4,0, | 1,5,0, | 
(45612)	5,5,1, | 1,0,0, | 
(45612)	5,5,1, | 1,0,0, | 
(45612)	5,5,1, | 1,0,0, | 
(45612)	5,5,1, | 1,0,0, | 
(45828)	5,5,2, | 1,0,0, | 
(46044)	5,5,3, | 1,0,0, | 
(46044)	5,5,3, | 1,0,0, | 
(46044)	5,5,3, | 1,0,0, | 
(46044)	5,5,3, | 1,0,0, | 
(46044)	5,5,3, | 1,0,0, | 
(15084)	1,5,3, | 5,0,0, | 
(15084)	1,5,3, | 5,0,0, | 
(15084)	1,5,3, | 5,0,0, | 
(15084)	1,5,3, | 5,0,0, | 
(13572)	1,4,2, | 5,0,0, | 
(13572)	1,4,2, | 5,0,0, | 
(13362)	1,4,1, | 5,1,0, | 
(13368)	1,4,1, | 5,2,0, | 
(13368)	1,4,1, | 5,2,0, | 
(12091)	1,3,1, | 5,5,1, | 
(7987)	1,0,0, | 5,5,1, | 
(7987)	1,0,0, | 5,5,1, | 
(13164)	1,4,0, | 5,4,0, | 
(7836)	1,0,0, | 1,4,0, | 
(22164)	2,5,0, | 3,4,0, | 
(45426)	5,5,0, | 1,5,0, | 
(10428)	1,2,0, | 1,4,0, | 
(13134)	1,4,0, | 4,5,0, | 
(13062)	1,4,0, | 2,5,0, | 
(10470)	1,2,0, | 2,5,0, | 
(11766)	1,3,0, | 2,5,0, | 
(10542)	1,2,0, | 4,5,0, | 
(10470)	1,2,0, | 2,5,0, | 
(45841)	5,5,2, | 1,2,1, | 
(45835)	5,5,2, | 1,1,1, | 
(45835)	5,5,2, | 1,1,1, | 
(45835)	5,5,2, | 1,1,1, | 
(45835)	5,5,2, | 1,1,1, | 
(45841)	5,5,2, | 1,2,1, | 
(45835)	5,5,2, | 1,1,1, | 
(45835)	5,5,2, | 1,1,1, | 
(45828)	5,5,2, | 1,0,0, | 
(45828)	5,5,2, | 1,0,0, | 
(45828)	5,5,2, | 1,0,0, | 
(45828)	5,5,2, | 1,0,0, | 
(46044)	5,5,3, | 1,0,0, | 
(15084)	1,5,3, | 5,0,0, | 
(15084)	1,5,3, | 5,0,0, | 
(7988)	1,0,0, | 5,5,2, | 
(7988)	1,0,0, | 5,5,2, | 
(7988)	1,0,0, | 5,5,2, | 
(7988)	1,0,0, | 5,5,2, | 
(7988)	1,0,0, | 5,5,2, | 
(9499)	1,1,1, | 5,5,1, | 
(7987)	1,0,0, | 5,5,1, | 
(12091)	1,3,1, | 5,5,1, | 
(7987)	1,0,0, | 5,5,1, | 
(7987)	1,0,0, | 5,5,1, | 
(7987)	1,0,0, | 5,5,1, | 
(7836)	1,0,0, | 1,4,0, | 
(22200)	2,5,0, | 4,4,0, | 
(11874)	1,3,0, | 5,5,0, | 
(19614)	2,3,0, | 4,5,0, | 
(11874)	1,3,0, | 5,5,0, | 
(37650)	4,5,0, | 1,5,0, | 
(37794)	4,5,0, | 5,5,0, | 
(13170)	1,4,0, | 5,5,0, | 
(14466)	1,5,0, | 5,5,0, | 
(11700)	1,3,0, | 1,0,0, | 
(45632)	5,5,1, | 1,3,2, | 
(45625)	5,5,1, | 1,2,1, | 
(45631)	5,5,1, | 1,3,1, | 
(45625)	5,5,1, | 1,2,1, | 
(45828)	5,5,2, | 1,0,0, | 
(45828)	5,5,2, | 1,0,0, | 
(45828)	5,5,2, | 1,0,0, | 
(45828)	5,5,2, | 1,0,0, | 
(45828)	5,5,2, | 1,0,0, | 
(45828)	5,5,2, | 1,0,0, | 
(45828)	5,5,2, | 1,0,0, | 
(45828)	5,5,2, | 1,0,0, | 
(46044)	5,5,3, | 1,0,0, | 
(7989)	1,0,0, | 5,5,3, | 
(7988)	1,0,0, | 5,5,2, | 
(7988)	1,0,0, | 5,5,2, | 
(7988)	1,0,0, | 5,5,2, | 
(7988)	1,0,0, | 5,5,2, | 
(7988)	1,0,0, | 5,5,2, | 
(7988)	1,0,0, | 5,5,2, | 
(9499)	1,1,1, | 5,5,1, | 
(7987)	1,0,0, | 5,5,1, | 
(12091)	1,3,1, | 5,5,1, | 
(7987)	1,0,0, | 5,5,1, | 
(7987)	1,0,0, | 5,5,1, | 
(7987)	1,0,0, | 5,5,1, | 
(7836)	1,0,0, | 1,4,0, | 
(22200)	2,5,0, | 4,4,0, | 
(13026)	1,4,0, | 1,5,0, | 
(20910)	2,4,0, | 4,5,0, | 
(14424)	1,5,0, | 4,4,0, | 
(45750)	5,5,1, | 4,5,0, | 
(13062)	1,4,0, | 2,5,0, | 
(13062)	1,4,0, | 2,5,0, | 
(28722)	3,4,0, | 5,5,0, | 
(13098)	1,4,0, | 3,5,0, | 
(45626)	5,5,1, | 1,2,2, | 
(45625)	5,5,1, | 1,2,1, | 
(45625)	5,5,1, | 1,2,1, | 
(45631)	5,5,1, | 1,3,1, | 
(45625)	5,5,1, | 1,2,1, | 
(45625)	5,5,1, | 1,2,1, | 
(45828)	5,5,2, | 1,0,0, | 
(45828)	5,5,2, | 1,0,0, | 
(45828)	5,5,2, | 1,0,0, | 
(45828)	5,5,2, | 1,0,0, | 
(45828)	5,5,2, | 1,0,0, | 
(45828)	5,5,2, | 1,0,0, | 
(46044)	5,5,3, | 1,0,0, | 
(7989)	1,0,0, | 5,5,3, | 
(7988)	1,0,0, | 5,5,2, | 
(7988)	1,0,0, | 5,5,2, | 
(7988)	1,0,0, | 5,5,2, | 
(7988)	1,0,0, | 5,5,2, | 
(7988)	1,0,0, | 5,5,2, | 
(7988)	1,0,0, | 5,5,2, | 
(9499)	1,1,1, | 5,5,1, | 
(7987)	1,0,0, | 5,5,1, | 
(12091)	1,3,1, | 5,5,1, | 
(7987)	1,0,0, | 5,5,1, | 
(7987)	1,0,0, | 5,5,1, | 
(7987)	1,0,0, | 5,5,1, | 
(7836)	1,0,0, | 1,4,0, | 
(37788)	4,5,0, | 5,4,0, | 
(13056)	1,4,0, | 2,4,0, | 
(28686)	3,4,0, | 4,5,0, | 
(14388)	1,5,0, | 3,4,0, | 
(13056)	1,4,0, | 2,4,0, | 
(30018)	3,5,0, | 5,5,0, | 
(13020)	1,4,0, | 1,4,0, | 
(20874)	2,4,0, | 3,5,0, | 
(12996)	1,4,0, | 1,0,0, | 
(45612)	5,5,1, | 1,0,0, | 
(45612)	5,5,1, | 1,0,0, | 
(45612)	5,5,1, | 1,0,0, | 
(45631)	5,5,1, | 1,3,1, | 
(45619)	5,5,1, | 1,1,1, | 
(45631)	5,5,1, | 1,3,1, | 
(45828)	5,5,2, | 1,0,0, | 
(45828)	5,5,2, | 1,0,0, | 
(45828)	5,5,2, | 1,0,0, | 
(45828)	5,5,2, | 1,0,0, | 
(45828)	5,5,2, | 1,0,0, | 
(45828)	5,5,2, | 1,0,0, | 
(46044)	5,5,3, | 1,0,0, | 
(7989)	1,0,0, | 5,5,3, | 
(7988)	1,0,0, | 5,5,2, | 
(7988)	1,0,0, | 5,5,2, | 
(7988)	1,0,0, | 5,5,2, | 
(7988)	1,0,0, | 5,5,2, | 
(7988)	1,0,0, | 5,5,2, | 
(7988)	1,0,0, | 5,5,2, | 
(9499)	1,1,1, | 5,5,1, | 
(7987)	1,0,0, | 5,5,1, | 
(12091)	1,3,1, | 5,5,1, | 
(7987)	1,0,0, | 5,5,1, | 
(7987)	1,0,0, | 5,5,1, | 
(7987)	1,0,0, | 5,5,1, | 
(7836)	1,0,0, | 1,4,0, | 
(44232)	5,4,0, | 4,4,0, | 
(20838)	2,4,0, | 2,5,0, | 
(29904)	3,5,0, | 2,4,0, | 
(45534)	5,5,0, | 4,5,0, | 
(13020)	1,4,0, | 1,4,0, | 
(44274)	5,4,0, | 5,5,0, | 
(13020)	1,4,0, | 1,4,0, | 
(13020)	1,4,0, | 1,4,0, | 
(12996)	1,4,0, | 1,0,0, | 
(44124)	5,4,0, | 1,4,0, | 
(45612)	5,5,1, | 1,0,0, | 
(45612)	5,5,1, | 1,0,0, | 
(45625)	5,5,1, | 1,2,1, | 
(45619)	5,5,1, | 1,1,1, | 
(45612)	5,5,1, | 1,0,0, | 
(45612)	5,5,1, | 1,0,0, | 
(45828)	5,5,2, | 1,0,0, | 
(45854)	5,5,2, | 1,4,2, | 
(45828)	5,5,2, | 1,0,0, | 
(45828)	5,5,2, | 1,0,0, | 
(45828)	5,5,2, | 1,0,0, | 
(38949)	5,0,0, | 1,5,3, | 
(7953)	1,0,0, | 4,5,3, | 
(7952)	1,0,0, | 4,5,2, | 
(7952)	1,0,0, | 4,5,2, | 
(7952)	1,0,0, | 4,5,2, | 
(7952)	1,0,0, | 4,5,2, | 
(7952)	1,0,0, | 4,5,2, | 
(7951)	1,0,0, | 4,5,1, | 
(7951)	1,0,0, | 4,5,1, | 
(7951)	1,0,0, | 4,5,1, | 
(7951)	1,0,0, | 4,5,1, | 
(7951)	1,0,0, | 4,5,1, | 
(7951)	1,0,0, | 4,5,1, | 
(10759)	1,2,1, | 4,5,1, | 
(7836)	1,0,0, | 1,4,0, | 
(13020)	1,4,0, | 1,4,0, | 
(13020)	1,4,0, | 1,4,0, | 
(13020)	1,4,0, | 1,4,0, | 
(13062)	1,4,0, | 2,5,0, | 
(13020)	1,4,0, | 1,4,0, | 
(13020)	1,4,0, | 1,4,0, | 
(13020)	1,4,0, | 1,4,0, | 
(13026)	1,4,0, | 1,5,0, | 
(12996)	1,4,0, | 1,0,0, | 
(44130)	5,4,0, | 1,5,0, | 
(44130)	5,4,0, | 1,5,0, | 
(44130)	5,4,0, | 1,5,0, | 
(45612)	5,5,1, | 1,0,0, | 
(45612)	5,5,1, | 1,0,0, | 
(45612)	5,5,1, | 1,0,0, | 
(45612)	5,5,1, | 1,0,0, | 
(45828)	5,5,2, | 1,0,0, | 
(46044)	5,5,3, | 1,0,0, | 
(46044)	5,5,3, | 1,0,0, | 
(46044)	5,5,3, | 1,0,0, | 
(46044)	5,5,3, | 1,0,0, | 
(46044)	5,5,3, | 1,0,0, | 
(15084)	1,5,3, | 5,0,0, | 
(15084)	1,5,3, | 5,0,0, | 
(15084)	1,5,3, | 5,0,0, | 
(15084)	1,5,3, | 5,0,0, | 
(13572)	1,4,2, | 5,0,0, | 
(13572)	1,4,2, | 5,0,0, | 
(13362)	1,4,1, | 5,1,0, | 
(13368)	1,4,1, | 5,2,0, | 
(13368)	1,4,1, | 5,2,0, | 
(10795)	1,2,1, | 5,5,1, | 
(7987)	1,0,0, | 5,5,1, | 
(13164)	1,4,0, | 5,4,0, | 
(13164)	1,4,0, | 5,4,0, | 
(7836)	1,0,0, | 1,4,0, | 
(29904)	3,5,0, | 2,4,0, | 
(45426)	5,5,0, | 1,5,0, | 
(10428)	1,2,0, | 1,4,0, | 
(14646)	1,5,1, | 4,5,0, | 
(11766)	1,3,0, | 2,5,0, | 
(10470)	1,2,0, | 2,5,0, | 
(13062)	1,4,0, | 2,5,0, | 
(11838)	1,3,0, | 4,5,0, | 
(10470)	1,2,0, | 2,5,0, | 
(45835)	5,5,2, | 1,1,1, | 
(45835)	5,5,2, | 1,1,1, | 
(45835)	5,5,2, | 1,1,1, | 
(45835)	5,5,2, | 1,1,1, | 
(45835)	5,5,2, | 1,1,1, | 
(45841)	5,5,2, | 1,2,1, | 
(45835)	5,5,2, | 1,1,1, | 
(45835)	5,5,2, | 1,1,1, | 
(45828)	5,5,2, | 1,0,0, | 
(45828)	5,5,2, | 1,0,0, | 
(45828)	5,5,2, | 1,0,0, | 
(45828)	5,5,2, | 1,0,0, | 
(46044)	5,5,3, | 1,0,0, | 
(15084)	1,5,3, | 5,0,0, | 
(15084)	1,5,3, | 5,0,0, | 
(7988)	1,0,0, | 5,5,2, | 
(7988)	1,0,0, | 5,5,2, | 
(7988)	1,0,0, | 5,5,2, | 
(7988)	1,0,0, | 5,5,2, | 
(7987)	1,0,0, | 5,5,1, | 
(7987)	1,0,0, | 5,5,1, | 
(7987)	1,0,0, | 5,5,1, | 
(10795)	1,2,1, | 5,5,1, | 
(9499)	1,1,1, | 5,5,1, | 
(7987)	1,0,0, | 5,5,1, | 
(13164)	1,4,0, | 5,4,0, | 
(7836)	1,0,0, | 1,4,0, | 
(29868)	3,5,0, | 1,4,0, | 
(11874)	1,3,0, | 5,5,0, | 
(11838)	1,3,0, | 4,5,0, | 
(13170)	1,4,0, | 5,5,0, | 
(27426)	3,3,0, | 5,5,0, | 
(14466)	1,5,0, | 5,5,0, | 
(11874)	1,3,0, | 5,5,0, | 
(37794)	4,5,0, | 5,5,0, | 
(11700)	1,3,0, | 1,0,0, | 
(45632)	5,5,1, | 1,3,2, | 
(45625)	5,5,1, | 1,2,1, | 
(45631)	5,5,1, | 1,3,1, | 
(45625)	5,5,1, | 1,2,1, | 
(45828)	5,5,2, | 1,0,0, | 
(45828)	5,5,2, | 1,0,0, | 
(45828)	5,5,2, | 1,0,0, | 
(45828)	5,5,2, | 1,0,0, | 
(45828)	5,5,2, | 1,0,0, | 
(45828)	5,5,2, | 1,0,0, | 
(45828)	5,5,2, | 1,0,0, | 
(45828)	5,5,2, | 1,0,0, | 
(46044)	5,5,3, | 1,0,0, | 
(15084)	1,5,3, | 5,0,0, | 
(7988)	1,0,0, | 5,5,2, | 
(7988)	1,0,0, | 5,5,2, | 
(7988)	1,0,0, | 5,5,2, | 
(7988)	1,0,0, | 5,5,2, | 
(7988)	1,0,0, | 5,5,2, | 
(7987)	1,0,0, | 5,5,1, | 
(7987)	1,0,0, | 5,5,1, | 
(7987)	1,0,0, | 5,5,1, | 
(10795)	1,2,1, | 5,5,1, | 
(7987)	1,0,0, | 5,5,1, | 
(7987)	1,0,0, | 5,5,1, | 
(13164)	1,4,0, | 5,4,0, | 
(7836)	1,0,0, | 1,4,0, | 
(20838)	2,4,0, | 2,5,0, | 
(13026)	1,4,0, | 1,5,0, | 
(20910)	2,4,0, | 4,5,0, | 
(13092)	1,4,0, | 3,4,0, | 
(13026)	1,4,0, | 1,5,0, | 
(13062)	1,4,0, | 2,5,0, | 
(13062)	1,4,0, | 2,5,0, | 
(38010)	4,5,1, | 5,5,0, | 
(13098)	1,4,0, | 3,5,0, | 
(45626)	5,5,1, | 1,2,2, | 
(45625)	5,5,1, | 1,2,1, | 
(45625)	5,5,1, | 1,2,1, | 
(45625)	5,5,1, | 1,2,1, | 
(45631)	5,5,1, | 1,3,1, | 
(45625)	5,5,1, | 1,2,1, | 
(45828)	5,5,2, | 1,0,0, | 
(45828)	5,5,2, | 1,0,0, | 
(45828)	5,5,2, | 1,0,0, | 
(45828)	5,5,2, | 1,0,0, | 
(45828)	5,5,2, | 1,0,0, | 
(45828)	5,5,2, | 1,0,0, | 
(46044)	5,5,3, | 1,0,0, | 
(7989)	1,0,0, | 5,5,3, | 
(7988)	1,0,0, | 5,5,2, | 
(7988)	1,0,0, | 5,5,2, | 
(7988)	1,0,0, | 5,5,2, | 
(7988)	1,0,0, | 5,5,2, | 
(7988)	1,0,0, | 5,5,2, | 
(7987)	1,0,0, | 5,5,1, | 
(7987)	1,0,0, | 5,5,1, | 
(7987)	1,0,0, | 5,5,1, | 
(10795)	1,2,1, | 5,5,1, | 
(9499)	1,1,1, | 5,5,1, | 
(7987)	1,0,0, | 5,5,1, | 
(13164)	1,4,0, | 5,4,0, | 
(7836)	1,0,0, | 1,4,0, | 
(45456)	5,5,0, | 2,4,0, | 
(13128)	1,4,0, | 4,4,0, | 
(20796)	2,4,0, | 1,4,0, | 
(13020)	1,4,0, | 1,4,0, | 
(13056)	1,4,0, | 2,4,0, | 
(36426)	4,4,0, | 3,5,0, | 
(13020)	1,4,0, | 1,4,0, | 
(13098)	1,4,0, | 3,5,0, | 
(12996)	1,4,0, | 1,0,0, | 
(45612)	5,5,1, | 1,0,0, | 
(45612)	5,5,1, | 1,0,0, | 
(45612)	5,5,1, | 1,0,0, | 
(45631)	5,5,1, | 1,3,1, | 
(45631)	5,5,1, | 1,3,1, | 
(45631)	5,5,1, | 1,3,1, | 
(45828)	5,5,2, | 1,0,0, | 
(45828)	5,5,2, | 1,0,0, | 
(45828)	5,5,2, | 1,0,0, | 
(45828)	5,5,2, | 1,0,0, | 
(45828)	5,5,2, | 1,0,0, | 
(45828)	5,5,2, | 1,0,0, | 
(46044)	5,5,3, | 1,0,0, | 
(7989)	1,0,0, | 5,5,3, | 
(7988)	1,0,0, | 5,5,2, | 
(7988)	1,0,0, | 5,5,2, | 
(7988)	1,0,0, | 5,5,2, | 
(7988)	1,0,0, | 5,5,2, | 
(7988)	1,0,0, | 5,5,2, | 
(7987)	1,0,0, | 5,5,1, | 
(7987)	1,0,0, | 5,5,1, | 
(7987)	1,0,0, | 5,5,1, | 
(10795)	1,2,1, | 5,5,1, | 
(9499)	1,1,1, | 5,5,1, | 
(7987)	1,0,0, | 5,5,1, | 
(13164)	1,4,0, | 5,4,0, | 
(7836)	1,0,0, | 1,4,0, | 
(29976)	3,5,0, | 4,4,0, | 
(20868)	2,4,0, | 3,4,0, | 
(20868)	2,4,0, | 3,4,0, | 
(13056)	1,4,0, | 2,4,0, | 
(13020)	1,4,0, | 1,4,0, | 
(36498)	4,4,0, | 5,5,0, | 
(13020)	1,4,0, | 1,4,0, | 
(13020)	1,4,0, | 1,4,0, | 
(12996)	1,4,0, | 1,0,0, | 
(44124)	5,4,0, | 1,4,0, | 
(45612)	5,5,1, | 1,0,0, | 
(45612)	5,5,1, | 1,0,0, | 
(45625)	5,5,1, | 1,2,1, | 
(45619)	5,5,1, | 1,1,1, | 
(45612)	5,5,1, | 1,0,0, | 
(45612)	5,5,1, | 1,0,0, | 
(45828)	5,5,2, | 1,0,0, | 
