(0)	0,0,0, | 0,0,0, | 
(1)	0,0,0, | 0,0,1, | 
(0)	0,0,0, | 0,0,0, | 
(0)	0,0,0, | 0,0,0, | 
(0)	0,0,0, | 0,0,0, | 
(0)	0,0,0, | 0,0,0, | 
(0)	0,0,0, | 0,0,0, | 
(0)	0,0,0, | 0,0,0, | 
(0)	0,0,0, | 0,0,0, | 
(0)	0,0,0, | 0,0,0, | 
(14688)	1,5,2, | 0,0,0, | 
(4104)	0,3,1, | 0,0,0, | 
(1512)	0,1,1, | 0,0,0, | 
(1296)	0,1,0, | 0,0,0, | 
(1296)	0,1,0, | 0,0,0, | 
(1512)	0,1,1, | 0,0,0, | 
(1512)	0,1,1, | 0,0,0, | 
(1296)	0,1,0, | 0,0,0, | 
(0)	0,0,0, | 0,0,0, | 
(0)	0,0,0, | 0,0,0, | 
(0)	0,0,0, | 0,0,0, | 
(55)	0,0,0, | 1,3,1, | 
(12)	0,0,0, | 0,2,0, | 
(72)	0,0,0, | 2,0,0, | 
(6)	0,0,0, | 0,1,0, | 
(5832)	0,4,3, | 0,0,0, | 
(108)	0,0,0, | 3,0,0, | 
(0)	0,0,0, | 0,0,0, | 
(0)	0,0,0, | 0,0,0, | 
(7)	0,0,0, | 0,1,1, | 
(0)	0,0,0, | 0,0,0, | 
(0)	0,0,0, | 0,0,0, | 
(72)	0,0,0, | 2,0,0, | 
(0)	0,0,0, | 0,0,0, | 
(56)	0,0,0, | 1,3,2, | 
(72)	0,0,0, | 2,0,0, | 
(0)	0,0,0, | 0,0,0, | 
(49)	0,0,0, | 1,2,1, | 
(49)	0,0,0, | 1,2,1, | 
(49)	0,0,0, | 1,2,1, | 
(49)	0,0,0, | 1,2,1, | 
(49)	0,0,0, | 1,2,1, | 
(49)	0,0,0, | 1,2,1, | 
(49)	0,0,0, | 1,2,1, | 
(49)	0,0,0, | 1,2,1, | 
(7825)	1,0,0, | 1,2,1, | 
(15601)	2,0,0, | 1,2,1, | 
(23377)	3,0,0, | 1,2,1, | 
(1561)	0,1,1, | 1,2,1, | 
(1561)	0,1,1, | 1,2,1, | 
(1561)	0,1,1, | 1,2,1, | 
(23377)	3,0,0, | 1,2,1, | 
(15601)	2,0,0, | 1,2,1, | 
(1561)	0,1,1, | 1,2,1, | 
(0)	0,0,0, | 0,0,0, | 
(1308)	0,1,0, | 0,2,0, | 
(1320)	0,1,0, | 0,4,0, | 
(1364)	0,1,0, | 1,5,2, | 
(2628)	0,2,0, | 1,0,0, | 
(1322)	0,1,0, | 0,4,2, | 
(45679)	5,5,1, | 2,5,1, | 
(1352)	0,1,0, | 1,3,2, | 
(1309)	0,1,0, | 0,2,1, | 
(1296)	0,1,0, | 0,0,0, | 
(0)	0,0,0, | 0,0,0, | 
(174)	0,0,0, | 4,5,0, | 
(0)	0,0,0, | 0,0,0, | 
(0)	0,0,0, | 0,0,0, | 
(0)	0,0,0, | 0,0,0, | 
(0)	0,0,0, | 0,0,0, | 
(0)	0,0,0, | 0,0,0, | 
(0)	0,0,0, | 0,0,0, | 
(0)	0,0,0, | 0,0,0, | 
(62)	0,0,0, | 1,4,2, | 
(62)	0,0,0, | 1,4,2, | 
(62)	0,0,0, | 1,4,2, | 
(62)	0,0,0, | 1,4,2, | 
(62)	0,0,0, | 1,4,2, | 
(62)	0,0,0, | 1,4,2, | 
(62)	0,0,0, | 1,4,2, | 
(62)	0,0,0, | 1,4,2, | 
(7838)	1,0,0, | 1,4,2, | 
(15614)	2,0,0, | 1,4,2, | 
(23390)	3,0,0, | 1,4,2, | 
(1574)	0,1,1, | 1,4,2, | 
(1574)	0,1,1, | 1,4,2, | 
(1574)	0,1,1, | 1,4,2, | 
(23390)	3,0,0, | 1,4,2, | 
(15614)	2,0,0, | 1,4,2, | 
(1574)	0,1,1, | 1,4,2, | 
(0)	0,0,0, | 0,0,0, | 
(2604)	0,2,0, | 0,2,0, | 
(2598)	0,2,0, | 0,1,0, | 
(3943)	0,3,0, | 1,3,1, | 
(2605)	0,2,0, | 0,2,1, | 
(2659)	0,2,0, | 1,5,1, | 
(2604)	0,2,0, | 0,2,0, | 
(14256)	1,5,0, | 0,0,0, | 
(2604)	0,2,0, | 0,2,0, | 
(2592)	0,2,0, | 0,0,0, | 
(21)	0,0,0, | 0,3,3, | 
(187)	0,0,0, | 5,1,1, | 
(14)	0,0,0, | 0,2,2, | 
(19)	0,0,0, | 0,3,1, | 
(79)	0,0,0, | 2,1,1, | 
(49)	0,0,0, | 1,2,1, | 
(30)	0,0,0, | 0,5,0, | 
(49)	0,0,0, | 1,2,1, | 
(0)	0,0,0, | 0,0,0, | 
(69)	0,0,0, | 1,5,3, | 
(69)	0,0,0, | 1,5,3, | 
(69)	0,0,0, | 1,5,3, | 
(69)	0,0,0, | 1,5,3, | 
(69)	0,0,0, | 1,5,3, | 
(69)	0,0,0, | 1,5,3, | 
(69)	0,0,0, | 1,5,3, | 
(69)	0,0,0, | 1,5,3, | 
(7845)	1,0,0, | 1,5,3, | 
(15621)	2,0,0, | 1,5,3, | 
(23397)	3,0,0, | 1,5,3, | 
(1581)	0,1,1, | 1,5,3, | 
(1581)	0,1,1, | 1,5,3, | 
(1581)	0,1,1, | 1,5,3, | 
(69)	0,0,0, | 1,5,3, | 
(15621)	2,0,0, | 1,5,3, | 
(1581)	0,1,1, | 1,5,3, | 
(0)	0,0,0, | 0,0,0, | 
(3913)	0,3,0, | 0,4,1, | 
(4008)	0,3,0, | 3,2,0, | 
(3936)	0,3,0, | 1,2,0, | 
(11796)	1,3,0, | 3,4,0, | 
(3912)	0,3,0, | 0,4,0, | 
(3913)	0,3,0, | 0,4,1, | 
(30091)	3,5,1, | 1,5,1, | 
(3912)	0,3,0, | 0,4,0, | 
(3888)	0,3,0, | 0,0,0, | 
(19)	0,0,0, | 0,3,1, | 
(194)	0,0,0, | 5,2,2, | 
(24)	0,0,0, | 0,4,0, | 
(27)	0,0,0, | 0,4,3, | 
(19)	0,0,0, | 0,3,1, | 
(19)	0,0,0, | 0,3,1, | 
(27)	0,0,0, | 0,4,3, | 
(27)	0,0,0, | 0,4,3, | 
(0)	0,0,0, | 0,0,0, | 
(69)	0,0,0, | 1,5,3, | 
(69)	0,0,0, | 1,5,3, | 
(69)	0,0,0, | 1,5,3, | 
(69)	0,0,0, | 1,5,3, | 
(69)	0,0,0, | 1,5,3, | 
(69)	0,0,0, | 1,5,3, | 
(69)	0,0,0, | 1,5,3, | 
(69)	0,0,0, | 1,5,3, | 
(7845)	1,0,0, | 1,5,3, | 
(15621)	2,0,0, | 1,5,3, | 
(69)	0,0,0, | 1,5,3, | 
(1581)	0,1,1, | 1,5,3, | 
(1581)	0,1,1, | 1,5,3, | 
(1581)	0,1,1, | 1,5,3, | 
(23397)	3,0,0, | 1,5,3, | 
(15621)	2,0,0, | 1,5,3, | 
(1581)	0,1,1, | 1,5,3, | 
(0)	0,0,0, | 0,0,0, | 
(3913)	0,3,0, | 0,4,1, | 
(3918)	0,3,0, | 0,5,0, | 
(3894)	0,3,0, | 0,1,0, | 
(12996)	1,4,0, | 1,0,0, | 
(13050)	1,4,0, | 2,3,0, | 
(3979)	0,3,0, | 2,3,1, | 
(14256)	1,5,0, | 0,0,0, | 
(3913)	0,3,0, | 0,4,1, | 
(3888)	0,3,0, | 0,0,0, | 
(27)	0,0,0, | 0,4,3, | 
(194)	0,0,0, | 5,2,2, | 
(27)	0,0,0, | 0,4,3, | 
(68)	0,0,0, | 1,5,2, | 
(55)	0,0,0, | 1,3,1, | 
(12)	0,0,0, | 0,2,0, | 
(55)	0,0,0, | 1,3,1, | 
(68)	0,0,0, | 1,5,2, | 
(0)	0,0,0, | 0,0,0, | 
(69)	0,0,0, | 1,5,3, | 
(69)	0,0,0, | 1,5,3, | 
(69)	0,0,0, | 1,5,3, | 
(69)	0,0,0, | 1,5,3, | 
(69)	0,0,0, | 1,5,3, | 
(69)	0,0,0, | 1,5,3, | 
(69)	0,0,0, | 1,5,3, | 
(69)	0,0,0, | 1,5,3, | 
(7845)	1,0,0, | 1,5,3, | 
(15621)	2,0,0, | 1,5,3, | 
(23397)	3,0,0, | 1,5,3, | 
(1581)	0,1,1, | 1,5,3, | 
(1581)	0,1,1, | 1,5,3, | 
(1581)	0,1,1, | 1,5,3, | 
(23397)	3,0,0, | 1,5,3, | 
(15621)	2,0,0, | 1,5,3, | 
(1581)	0,1,1, | 1,5,3, | 
(0)	0,0,0, | 0,0,0, | 
(3960)	0,3,0, | 2,0,0, | 
(3912)	0,3,0, | 0,4,0, | 
(4064)	0,3,0, | 4,5,2, | 
(5280)	0,4,0, | 2,4,0, | 
(5268)	0,4,0, | 2,2,0, | 
(3900)	0,3,0, | 0,2,0, | 
(6708)	0,5,1, | 0,2,0, | 
(3949)	0,3,0, | 1,4,1, | 
(3888)	0,3,0, | 0,0,0, | 
(13)	0,0,0, | 0,2,1, | 
(7)	0,0,0, | 0,1,1, | 
(20)	0,0,0, | 0,3,2, | 
(68)	0,0,0, | 1,5,2, | 
(21)	0,0,0, | 0,3,3, | 
(7)	0,0,0, | 0,1,1, | 
(21)	0,0,0, | 0,3,3, | 
(7)	0,0,0, | 0,1,1, | 
(10584)	1,2,1, | 0,0,0, | 
(10584)	1,2,1, | 0,0,0, | 
(10584)	1,2,1, | 0,0,0, | 
(10584)	1,2,1, | 0,0,0, | 
(10584)	1,2,1, | 0,0,0, | 
(10584)	1,2,1, | 0,0,0, | 
(10584)	1,2,1, | 0,0,0, | 
(10584)	1,2,1, | 0,0,0, | 
(10584)	1,2,1, | 0,0,0, | 
(0)	0,0,0, | 0,0,0, | 
(0)	0,0,0, | 0,0,0, | 
(0)	0,0,0, | 0,0,0, | 
(0)	0,0,0, | 0,0,0, | 
(38664)	4,5,5, | 0,0,0, | 
(0)	0,0,0, | 0,0,0, | 
(0)	0,0,0, | 0,0,0, | 
(37584)	4,5,0, | 0,0,0, | 
(0)	0,0,0, | 0,0,0, | 
(6)	0,0,0, | 0,1,0, | 
(2616)	0,2,0, | 0,4,0, | 
(11730)	1,3,0, | 1,5,0, | 
(22459)	2,5,1, | 5,5,1, | 
(10400)	1,2,0, | 0,5,2, | 
(2760)	0,2,0, | 4,4,0, | 
(11922)	1,3,1, | 1,1,0, | 
(1362)	0,1,0, | 1,5,0, | 
(2875)	0,2,1, | 1,5,1, | 
(0)	0,0,0, | 0,0,0, | 
(10584)	1,2,1, | 0,0,0, | 
(10656)	1,2,1, | 2,0,0, | 
(10591)	1,2,1, | 0,1,1, | 
(10584)	1,2,1, | 0,0,0, | 
(10656)	1,2,1, | 2,0,0, | 
(10584)	1,2,1, | 0,0,0, | 
(10584)	1,2,1, | 0,0,0, | 
(10656)	1,2,1, | 2,0,0, | 
(10584)	1,2,1, | 0,0,0, | 
(10584)	1,2,1, | 0,0,0, | 
(10584)	1,2,1, | 0,0,0, | 
(10584)	1,2,1, | 0,0,0, | 
(10584)	1,2,1, | 0,0,0, | 
(49)	0,0,0, | 1,2,1, | 
(49)	0,0,0, | 1,2,1, | 
(49)	0,0,0, | 1,2,1, | 
(49)	0,0,0, | 1,2,1, | 
(7825)	1,0,0, | 1,2,1, | 
(17113)	2,1,1, | 1,2,1, | 
(10849)	1,2,2, | 1,2,1, | 
(10849)	1,2,2, | 1,2,1, | 
(10849)	1,2,2, | 1,2,1, | 
(10849)	1,2,2, | 1,2,1, | 
(10849)	1,2,2, | 1,2,1, | 
(7825)	1,0,0, | 1,2,1, | 
(10849)	1,2,2, | 1,2,1, | 
(6)	0,0,0, | 0,1,0, | 
(2610)	0,2,0, | 0,3,0, | 
(11688)	1,3,0, | 0,4,0, | 
(22279)	2,5,1, | 0,5,1, | 
(10436)	1,2,0, | 1,5,2, | 
(6522)	0,5,0, | 1,1,0, | 
(37903)	4,5,1, | 2,5,1, | 
(5238)	0,4,0, | 1,3,0, | 
(1338)	0,1,0, | 1,1,0, | 
(1296)	0,1,0, | 0,0,0, | 
(10591)	1,2,1, | 0,1,1, | 
(10620)	1,2,1, | 1,0,0, | 
(10634)	1,2,1, | 1,2,2, | 
(10591)	1,2,1, | 0,1,1, | 
(10591)	1,2,1, | 0,1,1, | 
(10634)	1,2,1, | 1,2,2, | 
(10634)	1,2,1, | 1,2,2, | 
(10634)	1,2,1, | 1,2,2, | 
(10584)	1,2,1, | 0,0,0, | 
(10584)	1,2,1, | 0,0,0, | 
(10584)	1,2,1, | 0,0,0, | 
(7802)	1,0,0, | 0,4,2, | 
(7802)	1,0,0, | 0,4,2, | 
(62)	0,0,0, | 1,4,2, | 
(62)	0,0,0, | 1,4,2, | 
(62)	0,0,0, | 1,4,2, | 
(62)	0,0,0, | 1,4,2, | 
(7838)	1,0,0, | 1,4,2, | 
(17126)	2,1,1, | 1,4,2, | 
(10646)	1,2,1, | 1,4,2, | 
(10646)	1,2,1, | 1,4,2, | 
(10646)	1,2,1, | 1,4,2, | 
(10646)	1,2,1, | 1,4,2, | 
(10646)	1,2,1, | 1,4,2, | 
(7838)	1,0,0, | 1,4,2, | 
(10646)	1,2,1, | 1,4,2, | 
(6)	0,0,0, | 0,1,0, | 
(2610)	0,2,0, | 0,3,0, | 
(11688)	1,3,0, | 0,4,0, | 
(22279)	2,5,1, | 0,5,1, | 
(10436)	1,2,0, | 1,5,2, | 
(2730)	0,2,0, | 3,5,0, | 
(2622)	0,2,0, | 0,5,0, | 
(2623)	0,2,0, | 0,5,1, | 
(2604)	0,2,0, | 0,2,0, | 
(2592)	0,2,0, | 0,0,0, | 
(10386)	1,2,0, | 0,3,0, | 
(10386)	1,2,0, | 0,3,0, | 
(11959)	1,3,1, | 2,1,1, | 
(11887)	1,3,1, | 0,1,1, | 
(11942)	1,3,1, | 1,4,2, | 
(10591)	1,2,1, | 0,1,1, | 
(10598)	1,2,1, | 0,2,2, | 
(10604)	1,2,1, | 0,3,2, | 
(10584)	1,2,1, | 0,0,0, | 
(10584)	1,2,1, | 0,0,0, | 
(7809)	1,0,0, | 0,5,3, | 
(7809)	1,0,0, | 0,5,3, | 
(7809)	1,0,0, | 0,5,3, | 
(69)	0,0,0, | 1,5,3, | 
(69)	0,0,0, | 1,5,3, | 
(69)	0,0,0, | 1,5,3, | 
(69)	0,0,0, | 1,5,3, | 
(7845)	1,0,0, | 1,5,3, | 
(17133)	2,1,1, | 1,5,3, | 
(10869)	1,2,2, | 1,5,3, | 
(10869)	1,2,2, | 1,5,3, | 
(10869)	1,2,2, | 1,5,3, | 
(10869)	1,2,2, | 1,5,3, | 
(7845)	1,0,0, | 1,5,3, | 
(7845)	1,0,0, | 1,5,3, | 
(10869)	1,2,2, | 1,5,3, | 
(6)	0,0,0, | 0,1,0, | 
(11688)	1,3,0, | 0,4,0, | 
(11730)	1,3,0, | 1,5,0, | 
(22315)	2,5,1, | 1,5,1, | 
(4020)	0,3,0, | 3,4,0, | 
(6498)	0,5,0, | 0,3,0, | 
(3955)	0,3,0, | 1,5,1, | 
(5274)	0,4,0, | 2,3,0, | 
(3979)	0,3,0, | 2,3,1, | 
(3888)	0,3,0, | 0,0,0, | 
(13267)	1,4,1, | 2,3,1, | 
(13267)	1,4,1, | 2,3,1, | 
(10470)	1,2,0, | 2,5,0, | 
(10398)	1,2,0, | 0,5,0, | 
(10591)	1,2,1, | 0,1,1, | 
(10591)	1,2,1, | 0,1,1, | 
(10591)	1,2,1, | 0,1,1, | 
(10591)	1,2,1, | 0,1,1, | 
(10584)	1,2,1, | 0,0,0, | 
(10584)	1,2,1, | 0,0,0, | 
(7809)	1,0,0, | 0,5,3, | 
(7809)	1,0,0, | 0,5,3, | 
(7809)	1,0,0, | 0,5,3, | 
(69)	0,0,0, | 1,5,3, | 
(69)	0,0,0, | 1,5,3, | 
(69)	0,0,0, | 1,5,3, | 
(69)	0,0,0, | 1,5,3, | 
(7845)	1,0,0, | 1,5,3, | 
(17133)	2,1,1, | 1,5,3, | 
(10869)	1,2,2, | 1,5,3, | 
(10869)	1,2,2, | 1,5,3, | 
(10869)	1,2,2, | 1,5,3, | 
(10869)	1,2,2, | 1,5,3, | 
(10869)	1,2,2, | 1,5,3, | 
(7845)	1,0,0, | 1,5,3, | 
(10869)	1,2,2, | 1,5,3, | 
(6)	0,0,0, | 0,1,0, | 
(11694)	1,3,0, | 0,5,0, | 
(11694)	1,3,0, | 0,5,0, | 
(22279)	2,5,1, | 0,5,1, | 
(3912)	0,3,0, | 0,4,0, | 
(22351)	2,5,1, | 2,5,1, | 
(6570)	0,5,0, | 2,3,0, | 
(5209)	0,4,0, | 0,4,1, | 
(3913)	0,3,0, | 0,4,1, | 
(3888)	0,3,0, | 0,0,0, | 
(11802)	1,3,0, | 3,5,0, | 
(11760)	1,3,0, | 2,4,0, | 
(11766)	1,3,0, | 2,5,0, | 
(10470)	1,2,0, | 2,5,0, | 
(10584)	1,2,1, | 0,0,0, | 
(10640)	1,2,1, | 1,3,2, | 
(10618)	1,2,1, | 0,5,4, | 
(10584)	1,2,1, | 0,0,0, | 
(10584)	1,2,1, | 0,0,0, | 
(10584)	1,2,1, | 0,0,0, | 
(7809)	1,0,0, | 0,5,3, | 
(7809)	1,0,0, | 0,5,3, | 
(7809)	1,0,0, | 0,5,3, | 
(69)	0,0,0, | 1,5,3, | 
(69)	0,0,0, | 1,5,3, | 
(69)	0,0,0, | 1,5,3, | 
(69)	0,0,0, | 1,5,3, | 
(7845)	1,0,0, | 1,5,3, | 
(17133)	2,1,1, | 1,5,3, | 
(10869)	1,2,2, | 1,5,3, | 
(10869)	1,2,2, | 1,5,3, | 
(10869)	1,2,2, | 1,5,3, | 
(10869)	1,2,2, | 1,5,3, | 
(10869)	1,2,2, | 1,5,3, | 
(7845)	1,0,0, | 1,5,3, | 
(10869)	1,2,2, | 1,5,3, | 
(6)	0,0,0, | 0,1,0, | 
(11688)	1,3,0, | 0,4,0, | 
(11688)	1,3,0, | 0,4,0, | 
(22315)	2,5,1, | 1,5,1, | 
(3900)	0,3,0, | 0,2,0, | 
(6564)	0,5,0, | 2,2,0, | 
(3906)	0,3,0, | 0,3,0, | 
(5209)	0,4,0, | 0,4,1, | 
(3949)	0,3,0, | 1,4,1, | 
(3888)	0,3,0, | 0,0,0, | 
(11688)	1,3,0, | 0,4,0, | 
(11688)	1,3,0, | 0,4,0, | 
(11730)	1,3,0, | 1,5,0, | 
(11760)	1,3,0, | 2,4,0, | 
(10627)	1,2,1, | 1,1,1, | 
(10618)	1,2,1, | 0,5,4, | 
(10627)	1,2,1, | 1,1,1, | 
(10654)	1,2,1, | 1,5,4, | 
(13392)	1,4,2, | 0,0,0, | 
(13392)	1,4,2, | 0,0,0, | 
(13392)	1,4,2, | 0,0,0, | 
(13392)	1,4,2, | 0,0,0, | 
(13392)	1,4,2, | 0,0,0, | 
(13392)	1,4,2, | 0,0,0, | 
(13392)	1,4,2, | 0,0,0, | 
(13392)	1,4,2, | 0,0,0, | 
(13392)	1,4,2, | 0,0,0, | 
(0)	0,0,0, | 0,0,0, | 
(10584)	1,2,1, | 0,0,0, | 
(1296)	0,1,0, | 0,0,0, | 
(10584)	1,2,1, | 0,0,0, | 
(4104)	0,3,1, | 0,0,0, | 
(4104)	0,3,1, | 0,0,0, | 
(10584)	1,2,1, | 0,0,0, | 
(40392)	5,1,1, | 0,0,0, | 
(2808)	0,2,1, | 0,0,0, | 
(9097)	1,1,0, | 0,4,1, | 
(2604)	0,2,0, | 0,2,0, | 
(12)	0,0,0, | 0,2,0, | 
(90)	0,0,0, | 2,3,0, | 
(12)	0,0,0, | 0,2,0, | 
(2761)	0,2,0, | 4,4,1, | 
(12)	0,0,0, | 0,2,0, | 
(1471)	0,1,0, | 4,5,1, | 
(10651)	1,2,1, | 1,5,1, | 
(0)	0,0,0, | 0,0,0, | 
(13392)	1,4,2, | 0,0,0, | 
(13464)	1,4,2, | 2,0,0, | 
(13392)	1,4,2, | 0,0,0, | 
(13392)	1,4,2, | 0,0,0, | 
(13464)	1,4,2, | 2,0,0, | 
(13392)	1,4,2, | 0,0,0, | 
(13392)	1,4,2, | 0,0,0, | 
(13464)	1,4,2, | 2,0,0, | 
(13392)	1,4,2, | 0,0,0, | 
(13392)	1,4,2, | 0,0,0, | 
(13392)	1,4,2, | 0,0,0, | 
(13392)	1,4,2, | 0,0,0, | 
(13392)	1,4,2, | 0,0,0, | 
(5652)	0,4,2, | 1,0,0, | 
(5652)	0,4,2, | 1,0,0, | 
(49)	0,0,0, | 1,2,1, | 
(49)	0,0,0, | 1,2,1, | 
(7825)	1,0,0, | 1,2,1, | 
(17113)	2,1,1, | 1,2,1, | 
(17113)	2,1,1, | 1,2,1, | 
(49)	0,0,0, | 1,2,1, | 
(1567)	0,1,1, | 1,3,1, | 
(1567)	0,1,1, | 1,3,1, | 
(17119)	2,1,1, | 1,3,1, | 
(3936)	0,3,0, | 1,2,0, | 
(22080)	2,5,0, | 1,2,0, | 
(9097)	1,1,0, | 0,4,1, | 
(2604)	0,2,0, | 0,2,0, | 
(1321)	0,1,0, | 0,4,1, | 
(1326)	0,1,0, | 0,5,0, | 
(1363)	0,1,0, | 1,5,1, | 
(3906)	0,3,0, | 0,3,0, | 
(37903)	4,5,1, | 2,5,1, | 
(20790)	2,4,0, | 1,3,0, | 
(22423)	2,5,1, | 4,5,1, | 
(1296)	0,1,0, | 0,0,0, | 
(13399)	1,4,2, | 0,1,1, | 
(13428)	1,4,2, | 1,0,0, | 
(13441)	1,4,2, | 1,2,1, | 
(13399)	1,4,2, | 0,1,1, | 
(13563)	1,4,2, | 4,4,3, | 
(13441)	1,4,2, | 1,2,1, | 
(13441)	1,4,2, | 1,2,1, | 
(13441)	1,4,2, | 1,2,1, | 
(13392)	1,4,2, | 0,0,0, | 
(13392)	1,4,2, | 0,0,0, | 
(13392)	1,4,2, | 0,0,0, | 
(13392)	1,4,2, | 0,0,0, | 
(13392)	1,4,2, | 0,0,0, | 
(62)	0,0,0, | 1,4,2, | 
(62)	0,0,0, | 1,4,2, | 
(62)	0,0,0, | 1,4,2, | 
(62)	0,0,0, | 1,4,2, | 
(7838)	1,0,0, | 1,4,2, | 
(17126)	2,1,1, | 1,4,2, | 
(62)	0,0,0, | 1,4,2, | 
(68)	0,0,0, | 1,5,2, | 
(2876)	0,2,1, | 1,5,2, | 
(4388)	0,3,2, | 1,5,2, | 
(32684)	4,1,1, | 1,5,2, | 
(2876)	0,2,1, | 1,5,2, | 
(10645)	1,2,1, | 1,4,1, | 
(9097)	1,1,0, | 0,4,1, | 
(2604)	0,2,0, | 0,2,0, | 
(2616)	0,2,0, | 0,4,0, | 
(2604)	0,2,0, | 0,2,0, | 
(45679)	5,5,1, | 2,5,1, | 
(2730)	0,2,0, | 3,5,0, | 
(2604)	0,2,0, | 0,2,0, | 
(2610)	0,2,0, | 0,3,0, | 
(22423)	2,5,1, | 4,5,1, | 
(2592)	0,2,0, | 0,0,0, | 
(13208)	1,4,1, | 0,5,2, | 
(14701)	1,5,2, | 0,2,1, | 
(14750)	1,5,2, | 1,4,2, | 
(14708)	1,5,2, | 0,3,2, | 
(14708)	1,5,2, | 0,3,2, | 
(14695)	1,5,2, | 0,1,1, | 
(13500)	1,4,2, | 3,0,0, | 
(13500)	1,4,2, | 3,0,0, | 
(13392)	1,4,2, | 0,0,0, | 
(13392)	1,4,2, | 0,0,0, | 
(13392)	1,4,2, | 0,0,0, | 
(13392)	1,4,2, | 0,0,0, | 
(7809)	1,0,0, | 0,5,3, | 
(69)	0,0,0, | 1,5,3, | 
(69)	0,0,0, | 1,5,3, | 
(69)	0,0,0, | 1,5,3, | 
(69)	0,0,0, | 1,5,3, | 
(7845)	1,0,0, | 1,5,3, | 
(17133)	2,1,1, | 1,5,3, | 
(14972)	1,5,3, | 1,5,2, | 
(68)	0,0,0, | 1,5,2, | 
(2876)	0,2,1, | 1,5,2, | 
(4388)	0,3,2, | 1,5,2, | 
(32684)	4,1,1, | 1,5,2, | 
(2876)	0,2,1, | 1,5,2, | 
(4388)	0,3,2, | 1,5,2, | 
(9097)	1,1,0, | 0,4,1, | 
(13188)	1,4,1, | 0,2,0, | 
(3913)	0,3,0, | 0,4,1, | 
(3912)	0,3,0, | 0,4,0, | 
(30156)	3,5,1, | 3,4,0, | 
(3912)	0,3,0, | 0,4,0, | 
(3948)	0,3,0, | 1,4,0, | 
(13230)	1,4,1, | 1,3,0, | 
(22315)	2,5,1, | 1,5,1, | 
(3888)	0,3,0, | 0,0,0, | 
(13267)	1,4,1, | 2,3,1, | 
(13267)	1,4,1, | 2,3,1, | 
(13267)	1,4,1, | 2,3,1, | 
(14695)	1,5,2, | 0,1,1, | 
(14695)	1,5,2, | 0,1,1, | 
(14695)	1,5,2, | 0,1,1, | 
(13405)	1,4,2, | 0,2,1, | 
(13405)	1,4,2, | 0,2,1, | 
(13392)	1,4,2, | 0,0,0, | 
(13392)	1,4,2, | 0,0,0, | 
(13392)	1,4,2, | 0,0,0, | 
(13392)	1,4,2, | 0,0,0, | 
(7809)	1,0,0, | 0,5,3, | 
(69)	0,0,0, | 1,5,3, | 
(69)	0,0,0, | 1,5,3, | 
(69)	0,0,0, | 1,5,3, | 
(69)	0,0,0, | 1,5,3, | 
(7845)	1,0,0, | 1,5,3, | 
(17133)	2,1,1, | 1,5,3, | 
(14972)	1,5,3, | 1,5,2, | 
(68)	0,0,0, | 1,5,2, | 
(2876)	0,2,1, | 1,5,2, | 
(4388)	0,3,2, | 1,5,2, | 
(2876)	0,2,1, | 1,5,2, | 
(2876)	0,2,1, | 1,5,2, | 
(4388)	0,3,2, | 1,5,2, | 
(9097)	1,1,0, | 0,4,1, | 
(3900)	0,3,0, | 0,2,0, | 
(3918)	0,3,0, | 0,5,0, | 
(3912)	0,3,0, | 0,4,0, | 
(6654)	0,5,0, | 4,5,0, | 
(6570)	0,5,0, | 2,3,0, | 
(6570)	0,5,0, | 2,3,0, | 
(6871)	0,5,1, | 4,5,1, | 
(22423)	2,5,1, | 4,5,1, | 
(3888)	0,3,0, | 0,0,0, | 
(11802)	1,3,0, | 3,5,0, | 
(13375)	1,4,1, | 5,3,1, | 
(13195)	1,4,1, | 0,3,1, | 
(14744)	1,5,2, | 1,3,2, | 
(14701)	1,5,2, | 0,2,1, | 
(14744)	1,5,2, | 1,3,2, | 
(13500)	1,4,2, | 3,0,0, | 
(13392)	1,4,2, | 0,0,0, | 
(13392)	1,4,2, | 0,0,0, | 
(13392)	1,4,2, | 0,0,0, | 
(13392)	1,4,2, | 0,0,0, | 
(7809)	1,0,0, | 0,5,3, | 
(7809)	1,0,0, | 0,5,3, | 
(69)	0,0,0, | 1,5,3, | 
(69)	0,0,0, | 1,5,3, | 
(69)	0,0,0, | 1,5,3, | 
(69)	0,0,0, | 1,5,3, | 
(7845)	1,0,0, | 1,5,3, | 
(17133)	2,1,1, | 1,5,3, | 
(14972)	1,5,3, | 1,5,2, | 
(68)	0,0,0, | 1,5,2, | 
(2876)	0,2,1, | 1,5,2, | 
(4388)	0,3,2, | 1,5,2, | 
(32684)	4,1,1, | 1,5,2, | 
(2876)	0,2,1, | 1,5,2, | 
(4388)	0,3,2, | 1,5,2, | 
(9097)	1,1,0, | 0,4,1, | 
(3906)	0,3,0, | 0,3,0, | 
(3900)	0,3,0, | 0,2,0, | 
(3948)	0,3,0, | 1,4,0, | 
(3900)	0,3,0, | 0,2,0, | 
(3918)	0,3,0, | 0,5,0, | 
(3954)	0,3,0, | 1,5,0, | 
(6763)	0,5,1, | 1,5,1, | 
(3949)	0,3,0, | 1,4,1, | 
(3888)	0,3,0, | 0,0,0, | 
(14580)	1,5,1, | 3,0,0, | 
(11688)	1,3,0, | 0,4,0, | 
(13248)	1,4,1, | 2,0,0, | 
(14688)	1,5,2, | 0,0,0, | 
(14688)	1,5,2, | 0,0,0, | 
(14688)	1,5,2, | 0,0,0, | 
(14750)	1,5,2, | 1,4,2, | 
(13461)	1,4,2, | 1,5,3, | 
(14904)	1,5,3, | 0,0,0, | 
(14904)	1,5,3, | 0,0,0, | 
(14904)	1,5,3, | 0,0,0, | 
(14904)	1,5,3, | 0,0,0, | 
(14904)	1,5,3, | 0,0,0, | 
(14904)	1,5,3, | 0,0,0, | 
(14904)	1,5,3, | 0,0,0, | 
(14904)	1,5,3, | 0,0,0, | 
(14904)	1,5,3, | 0,0,0, | 
(0)	0,0,0, | 0,0,0, | 
(5832)	0,4,3, | 0,0,0, | 
(5184)	0,4,0, | 0,0,0, | 
(1512)	0,1,1, | 0,0,0, | 
(1296)	0,1,0, | 0,0,0, | 
(5832)	0,4,3, | 0,0,0, | 
(5832)	0,4,3, | 0,0,0, | 
(41904)	5,2,2, | 0,0,0, | 
(36936)	4,4,3, | 0,0,0, | 
(9090)	1,1,0, | 0,3,0, | 
(11689)	1,3,0, | 0,4,1, | 
(11761)	1,3,0, | 2,4,1, | 
(90)	0,0,0, | 2,3,0, | 
(24)	0,0,0, | 0,4,0, | 
(1435)	0,1,0, | 3,5,1, | 
(18)	0,0,0, | 0,3,0, | 
(1471)	0,1,0, | 4,5,1, | 
(18)	0,0,0, | 0,3,0, | 
(0)	0,0,0, | 0,0,0, | 
(14904)	1,5,3, | 0,0,0, | 
(14976)	1,5,3, | 2,0,0, | 
(14904)	1,5,3, | 0,0,0, | 
(14904)	1,5,3, | 0,0,0, | 
(14976)	1,5,3, | 2,0,0, | 
(14904)	1,5,3, | 0,0,0, | 
(14904)	1,5,3, | 0,0,0, | 
(14976)	1,5,3, | 2,0,0, | 
(14904)	1,5,3, | 0,0,0, | 
(14904)	1,5,3, | 0,0,0, | 
(14904)	1,5,3, | 0,0,0, | 
(14904)	1,5,3, | 0,0,0, | 
(14904)	1,5,3, | 0,0,0, | 
(7164)	0,5,3, | 1,0,0, | 
(7164)	0,5,3, | 1,0,0, | 
(7164)	0,5,3, | 1,0,0, | 
(49)	0,0,0, | 1,2,1, | 
(7825)	1,0,0, | 1,2,1, | 
(18625)	2,2,2, | 1,2,1, | 
(24889)	3,1,1, | 1,2,1, | 
(1561)	0,1,1, | 1,2,1, | 
(31153)	4,0,0, | 1,2,1, | 
(6528)	0,5,0, | 1,2,0, | 
(13008)	1,4,0, | 1,2,0, | 
(19717)	2,3,1, | 1,4,1, | 
(19717)	2,3,1, | 1,4,1, | 
(9090)	1,1,0, | 0,3,0, | 
(11689)	1,3,0, | 0,4,1, | 
(11689)	1,3,0, | 0,4,1, | 
(1363)	0,1,0, | 1,5,1, | 
(1363)	0,1,0, | 1,5,1, | 
(5202)	0,4,0, | 0,3,0, | 
(22351)	2,5,1, | 2,5,1, | 
(29862)	3,5,0, | 1,3,0, | 
(1398)	0,1,0, | 2,5,0, | 
(1296)	0,1,0, | 0,0,0, | 
(14911)	1,5,3, | 0,1,1, | 
(14940)	1,5,3, | 1,0,0, | 
(14924)	1,5,3, | 0,3,2, | 
(14911)	1,5,3, | 0,1,1, | 
(14911)	1,5,3, | 0,1,1, | 
(14954)	1,5,3, | 1,2,2, | 
(14954)	1,5,3, | 1,2,2, | 
(14954)	1,5,3, | 1,2,2, | 
(14904)	1,5,3, | 0,0,0, | 
(14904)	1,5,3, | 0,0,0, | 
(14904)	1,5,3, | 0,0,0, | 
(14904)	1,5,3, | 0,0,0, | 
(14904)	1,5,3, | 0,0,0, | 
(7164)	0,5,3, | 1,0,0, | 
(62)	0,0,0, | 1,4,2, | 
(62)	0,0,0, | 1,4,2, | 
(62)	0,0,0, | 1,4,2, | 
(7838)	1,0,0, | 1,4,2, | 
(15614)	2,0,0, | 1,4,2, | 
(2870)	0,2,1, | 1,4,2, | 
(1580)	0,1,1, | 1,5,2, | 
(1580)	0,1,1, | 1,5,2, | 
(1580)	0,1,1, | 1,5,2, | 
(5677)	0,4,2, | 1,4,1, | 
(19717)	2,3,1, | 1,4,1, | 
(19717)	2,3,1, | 1,4,1, | 
(9090)	1,1,0, | 0,3,0, | 
(11689)	1,3,0, | 0,4,1, | 
(11689)	1,3,0, | 0,4,1, | 
(2658)	0,2,0, | 1,5,0, | 
(2622)	0,2,0, | 0,5,0, | 
(4026)	0,3,0, | 3,5,0, | 
(2653)	0,2,0, | 1,4,1, | 
(5214)	0,4,0, | 0,5,0, | 
(2653)	0,2,0, | 1,4,1, | 
(2592)	0,2,0, | 0,0,0, | 
(14750)	1,5,2, | 1,4,2, | 
(14701)	1,5,2, | 0,2,1, | 
(14750)	1,5,2, | 1,4,2, | 
(14708)	1,5,2, | 0,3,2, | 
(14708)	1,5,2, | 0,3,2, | 
(14695)	1,5,2, | 0,1,1, | 
(14701)	1,5,2, | 0,2,1, | 
(14924)	1,5,3, | 0,3,2, | 
(14904)	1,5,3, | 0,0,0, | 
(14904)	1,5,3, | 0,0,0, | 
(14904)	1,5,3, | 0,0,0, | 
(14904)	1,5,3, | 0,0,0, | 
(14904)	1,5,3, | 0,0,0, | 
(69)	0,0,0, | 1,5,3, | 
(69)	0,0,0, | 1,5,3, | 
(69)	0,0,0, | 1,5,3, | 
(69)	0,0,0, | 1,5,3, | 
(7845)	1,0,0, | 1,5,3, | 
(18645)	2,2,2, | 1,5,3, | 
(32684)	4,1,1, | 1,5,2, | 
(1580)	0,1,1, | 1,5,2, | 
(1580)	0,1,1, | 1,5,2, | 
(1580)	0,1,1, | 1,5,2, | 
(5677)	0,4,2, | 1,4,1, | 
(19717)	2,3,1, | 1,4,1, | 
(19717)	2,3,1, | 1,4,1, | 
(9090)	1,1,0, | 0,3,0, | 
(11689)	1,3,0, | 0,4,1, | 
(11689)	1,3,0, | 0,4,1, | 
(3912)	0,3,0, | 0,4,0, | 
(6618)	0,5,0, | 3,5,0, | 
(3912)	0,3,0, | 0,4,0, | 
(3948)	0,3,0, | 1,4,0, | 
(5454)	0,4,1, | 1,3,0, | 
(3912)	0,3,0, | 0,4,0, | 
(3888)	0,3,0, | 0,0,0, | 
(13267)	1,4,1, | 2,3,1, | 
(13267)	1,4,1, | 2,3,1, | 
(13267)	1,4,1, | 2,3,1, | 
(14695)	1,5,2, | 0,1,1, | 
(14695)	1,5,2, | 0,1,1, | 
(14695)	1,5,2, | 0,1,1, | 
(14695)	1,5,2, | 0,1,1, | 
(14911)	1,5,3, | 0,1,1, | 
(14904)	1,5,3, | 0,0,0, | 
(14904)	1,5,3, | 0,0,0, | 
(14904)	1,5,3, | 0,0,0, | 
(14904)	1,5,3, | 0,0,0, | 
(14904)	1,5,3, | 0,0,0, | 
(69)	0,0,0, | 1,5,3, | 
(69)	0,0,0, | 1,5,3, | 
(69)	0,0,0, | 1,5,3, | 
(69)	0,0,0, | 1,5,3, | 
(7845)	1,0,0, | 1,5,3, | 
(18645)	2,2,2, | 1,5,3, | 
(32684)	4,1,1, | 1,5,2, | 
(1580)	0,1,1, | 1,5,2, | 
(1580)	0,1,1, | 1,5,2, | 
(1580)	0,1,1, | 1,5,2, | 
(1580)	0,1,1, | 1,5,2, | 
(19717)	2,3,1, | 1,4,1, | 
(19717)	2,3,1, | 1,4,1, | 
(9090)	1,1,0, | 0,3,0, | 
(11689)	1,3,0, | 0,4,1, | 
(11833)	1,3,0, | 4,4,1, | 
(3912)	0,3,0, | 0,4,0, | 
(3948)	0,3,0, | 1,4,0, | 
(30127)	3,5,1, | 2,5,1, | 
(22351)	2,5,1, | 2,5,1, | 
(5214)	0,4,0, | 0,5,0, | 
(3919)	0,3,0, | 0,5,1, | 
(3888)	0,3,0, | 0,0,0, | 
(14497)	1,5,1, | 0,4,1, | 
(14671)	1,5,1, | 5,3,1, | 
(14750)	1,5,2, | 1,4,2, | 
(14744)	1,5,2, | 1,3,2, | 
(14701)	1,5,2, | 0,2,1, | 
(14744)	1,5,2, | 1,3,2, | 
(14750)	1,5,2, | 1,4,2, | 
(14904)	1,5,3, | 0,0,0, | 
(14904)	1,5,3, | 0,0,0, | 
(14904)	1,5,3, | 0,0,0, | 
(14904)	1,5,3, | 0,0,0, | 
(14904)	1,5,3, | 0,0,0, | 
(7809)	1,0,0, | 0,5,3, | 
(69)	0,0,0, | 1,5,3, | 
(69)	0,0,0, | 1,5,3, | 
(69)	0,0,0, | 1,5,3, | 
(69)	0,0,0, | 1,5,3, | 
(7845)	1,0,0, | 1,5,3, | 
(18645)	2,2,2, | 1,5,3, | 
(32684)	4,1,1, | 1,5,2, | 
(1580)	0,1,1, | 1,5,2, | 
(1580)	0,1,1, | 1,5,2, | 
(1580)	0,1,1, | 1,5,2, | 
(1580)	0,1,1, | 1,5,2, | 
(19717)	2,3,1, | 1,4,1, | 
(19717)	2,3,1, | 1,4,1, | 
(9090)	1,1,0, | 0,3,0, | 
(19464)	2,3,0, | 0,4,0, | 
(11689)	1,3,0, | 0,4,1, | 
(3948)	0,3,0, | 1,4,0, | 
(3954)	0,3,0, | 1,5,0, | 
(5251)	0,4,0, | 1,5,1, | 
(3954)	0,3,0, | 1,5,0, | 
(5322)	0,4,0, | 3,5,0, | 
(3984)	0,3,0, | 2,4,0, | 
(3888)	0,3,0, | 0,0,0, | 
(14605)	1,5,1, | 3,4,1, | 
(14472)	1,5,1, | 0,0,0, | 
(14533)	1,5,1, | 1,4,1, | 
(14688)	1,5,2, | 0,0,0, | 
(14688)	1,5,2, | 0,0,0, | 
(14688)	1,5,2, | 0,0,0, | 
(14750)	1,5,2, | 1,4,2, | 
(14974)	1,5,3, | 1,5,4, | 
(14904)	1,5,3, | 0,0,0, | 
(14904)	1,5,3, | 0,0,0, | 
(14904)	1,5,3, | 0,0,0, | 
(14904)	1,5,3, | 0,0,0, | 
(14904)	1,5,3, | 0,0,0, | 
(14904)	1,5,3, | 0,0,0, | 
(14904)	1,5,3, | 0,0,0, | 
(14904)	1,5,3, | 0,0,0, | 
(14904)	1,5,3, | 0,0,0, | 
(0)	0,0,0, | 0,0,0, | 
(14688)	1,5,2, | 0,0,0, | 
(42768)	5,3,0, | 0,0,0, | 
(0)	0,0,0, | 0,0,0, | 
(5832)	0,4,3, | 0,0,0, | 
(14688)	1,5,2, | 0,0,0, | 
(11880)	1,3,1, | 0,0,0, | 
(41904)	5,2,2, | 0,0,0, | 
(4320)	0,3,2, | 0,0,0, | 
(9090)	1,1,0, | 0,3,0, | 
(5214)	0,4,0, | 0,5,0, | 
(18)	0,0,0, | 0,3,0, | 
(19464)	2,3,0, | 0,4,0, | 
(24)	0,0,0, | 0,4,0, | 
(5568)	0,4,1, | 4,4,0, | 
(18)	0,0,0, | 0,3,0, | 
(2658)	0,2,0, | 1,5,0, | 
(5467)	0,4,1, | 1,5,1, | 
(0)	0,0,0, | 0,0,0, | 
(14904)	1,5,3, | 0,0,0, | 
(14911)	1,5,3, | 0,1,1, | 
(14904)	1,5,3, | 0,0,0, | 
(14904)	1,5,3, | 0,0,0, | 
(14976)	1,5,3, | 2,0,0, | 
(14904)	1,5,3, | 0,0,0, | 
(15012)	1,5,3, | 3,0,0, | 
(14976)	1,5,3, | 2,0,0, | 
(14904)	1,5,3, | 0,0,0, | 
(14904)	1,5,3, | 0,0,0, | 
(14904)	1,5,3, | 0,0,0, | 
(14904)	1,5,3, | 0,0,0, | 
(14904)	1,5,3, | 0,0,0, | 
(7164)	0,5,3, | 1,0,0, | 
(7164)	0,5,3, | 1,0,0, | 
(7164)	0,5,3, | 1,0,0, | 
(49)	0,0,0, | 1,2,1, | 
(7825)	1,0,0, | 1,2,1, | 
(15601)	2,0,0, | 1,2,1, | 
(13657)	1,4,3, | 1,2,1, | 
(49)	0,0,0, | 1,2,1, | 
(22945)	2,5,4, | 1,2,1, | 
(3936)	0,3,0, | 1,2,0, | 
(6534)	0,5,0, | 1,3,0, | 
(20790)	2,4,0, | 1,3,0, | 
(22086)	2,5,0, | 1,3,0, | 
(9090)	1,1,0, | 0,3,0, | 
(5214)	0,4,0, | 0,5,0, | 
(2616)	0,2,0, | 0,4,0, | 
(19470)	2,3,0, | 0,5,0, | 
(1363)	0,1,0, | 1,5,1, | 
(2659)	0,2,0, | 1,5,1, | 
(6799)	0,5,1, | 2,5,1, | 
(6534)	0,5,0, | 1,3,0, | 
(1398)	0,1,0, | 2,5,0, | 
(1296)	0,1,0, | 0,0,0, | 
(14911)	1,5,3, | 0,1,1, | 
(14940)	1,5,3, | 1,0,0, | 
(14904)	1,5,3, | 0,0,0, | 
(14911)	1,5,3, | 0,1,1, | 
(15075)	1,5,3, | 4,4,3, | 
(14954)	1,5,3, | 1,2,2, | 
(14954)	1,5,3, | 1,2,2, | 
(14954)	1,5,3, | 1,2,2, | 
(14904)	1,5,3, | 0,0,0, | 
(14904)	1,5,3, | 0,0,0, | 
(14904)	1,5,3, | 0,0,0, | 
(14904)	1,5,3, | 0,0,0, | 
(14904)	1,5,3, | 0,0,0, | 
(7164)	0,5,3, | 1,0,0, | 
(62)	0,0,0, | 1,4,2, | 
(62)	0,0,0, | 1,4,2, | 
(62)	0,0,0, | 1,4,2, | 
(7838)	1,0,0, | 1,4,2, | 
(17126)	2,1,1, | 1,4,2, | 
(62)	0,0,0, | 1,4,2, | 
(4388)	0,3,2, | 1,5,2, | 
(2876)	0,2,1, | 1,5,2, | 
(12164)	1,3,2, | 1,5,2, | 
(4165)	0,3,1, | 1,4,1, | 
(43045)	5,3,1, | 1,4,1, | 
(5467)	0,4,1, | 1,5,1, | 
(9090)	1,1,0, | 0,3,0, | 
(5214)	0,4,0, | 0,5,0, | 
(2616)	0,2,0, | 0,4,0, | 
(19470)	2,3,0, | 0,5,0, | 
(22351)	2,5,1, | 2,5,1, | 
(4026)	0,3,0, | 3,5,0, | 
(2616)	0,2,0, | 0,4,0, | 
(3984)	0,3,0, | 2,4,0, | 
(2659)	0,2,0, | 1,5,1, | 
(2592)	0,2,0, | 0,0,0, | 
(14750)	1,5,2, | 1,4,2, | 
(14701)	1,5,2, | 0,2,1, | 
(14708)	1,5,2, | 0,3,2, | 
(14708)	1,5,2, | 0,3,2, | 
(14708)	1,5,2, | 0,3,2, | 
(14695)	1,5,2, | 0,1,1, | 
(14701)	1,5,2, | 0,2,1, | 
(14924)	1,5,3, | 0,3,2, | 
(14904)	1,5,3, | 0,0,0, | 
(14904)	1,5,3, | 0,0,0, | 
(14904)	1,5,3, | 0,0,0, | 
(14904)	1,5,3, | 0,0,0, | 
(14904)	1,5,3, | 0,0,0, | 
(69)	0,0,0, | 1,5,3, | 
(69)	0,0,0, | 1,5,3, | 
(69)	0,0,0, | 1,5,3, | 
(69)	0,0,0, | 1,5,3, | 
(7845)	1,0,0, | 1,5,3, | 
(15621)	2,0,0, | 1,5,3, | 
(13460)	1,4,2, | 1,5,2, | 
(4388)	0,3,2, | 1,5,2, | 
(2876)	0,2,1, | 1,5,2, | 
(12164)	1,3,2, | 1,5,2, | 
(13460)	1,4,2, | 1,5,2, | 
(43051)	5,3,1, | 1,5,1, | 
(5467)	0,4,1, | 1,5,1, | 
(9090)	1,1,0, | 0,3,0, | 
(5214)	0,4,0, | 0,5,0, | 
(5250)	0,4,0, | 1,5,0, | 
(19464)	2,3,0, | 0,4,0, | 
(19506)	2,3,0, | 1,5,0, | 
(3912)	0,3,0, | 0,4,0, | 
(3948)	0,3,0, | 1,4,0, | 
(6570)	0,5,0, | 2,3,0, | 
(3912)	0,3,0, | 0,4,0, | 
(3888)	0,3,0, | 0,0,0, | 
(13267)	1,4,1, | 2,3,1, | 
(13267)	1,4,1, | 2,3,1, | 
(14695)	1,5,2, | 0,1,1, | 
(14695)	1,5,2, | 0,1,1, | 
(14695)	1,5,2, | 0,1,1, | 
(14695)	1,5,2, | 0,1,1, | 
(14695)	1,5,2, | 0,1,1, | 
(14911)	1,5,3, | 0,1,1, | 
(14904)	1,5,3, | 0,0,0, | 
(14904)	1,5,3, | 0,0,0, | 
(14904)	1,5,3, | 0,0,0, | 
(14904)	1,5,3, | 0,0,0, | 
(14904)	1,5,3, | 0,0,0, | 
(69)	0,0,0, | 1,5,3, | 
(69)	0,0,0, | 1,5,3, | 
(69)	0,0,0, | 1,5,3, | 
(69)	0,0,0, | 1,5,3, | 
(7845)	1,0,0, | 1,5,3, | 
(15621)	2,0,0, | 1,5,3, | 
(13460)	1,4,2, | 1,5,2, | 
(4388)	0,3,2, | 1,5,2, | 
(2876)	0,2,1, | 1,5,2, | 
(12164)	1,3,2, | 1,5,2, | 
(13460)	1,4,2, | 1,5,2, | 
(43051)	5,3,1, | 1,5,1, | 
(5467)	0,4,1, | 1,5,1, | 
(9090)	1,1,0, | 0,3,0, | 
(5214)	0,4,0, | 0,5,0, | 
(5214)	0,4,0, | 0,5,0, | 
(19470)	2,3,0, | 0,5,0, | 
(19536)	2,3,0, | 2,4,0, | 
(6570)	0,5,0, | 2,3,0, | 
(6570)	0,5,0, | 2,3,0, | 
(3918)	0,3,0, | 0,5,0, | 
(3919)	0,3,0, | 0,5,1, | 
(3888)	0,3,0, | 0,0,0, | 
(14497)	1,5,1, | 0,4,1, | 
(14671)	1,5,1, | 5,3,1, | 
(14750)	1,5,2, | 1,4,2, | 
(14744)	1,5,2, | 1,3,2, | 
(14701)	1,5,2, | 0,2,1, | 
(14744)	1,5,2, | 1,3,2, | 
(14750)	1,5,2, | 1,4,2, | 
(14904)	1,5,3, | 0,0,0, | 
(14904)	1,5,3, | 0,0,0, | 
(14904)	1,5,3, | 0,0,0, | 
(14904)	1,5,3, | 0,0,0, | 
(14904)	1,5,3, | 0,0,0, | 
(14904)	1,5,3, | 0,0,0, | 
(69)	0,0,0, | 1,5,3, | 
(69)	0,0,0, | 1,5,3, | 
(69)	0,0,0, | 1,5,3, | 
(69)	0,0,0, | 1,5,3, | 
(7845)	1,0,0, | 1,5,3, | 
(15621)	2,0,0, | 1,5,3, | 
(13460)	1,4,2, | 1,5,2, | 
(4388)	0,3,2, | 1,5,2, | 
(2876)	0,2,1, | 1,5,2, | 
(12164)	1,3,2, | 1,5,2, | 
(13460)	1,4,2, | 1,5,2, | 
(43051)	5,3,1, | 1,5,1, | 
(5467)	0,4,1, | 1,5,1, | 
(9090)	1,1,0, | 0,3,0, | 
(5214)	0,4,0, | 0,5,0, | 
(5250)	0,4,0, | 1,5,0, | 
(19506)	2,3,0, | 1,5,0, | 
(5280)	0,4,0, | 2,4,0, | 
(6498)	0,5,0, | 0,3,0, | 
(3954)	0,3,0, | 1,5,0, | 
(3942)	0,3,0, | 1,3,0, | 
(3984)	0,3,0, | 2,4,0, | 
(3888)	0,3,0, | 0,0,0, | 
(14605)	1,5,1, | 3,4,1, | 
(14472)	1,5,1, | 0,0,0, | 
(14533)	1,5,1, | 1,4,1, | 
(14688)	1,5,2, | 0,0,0, | 
(14688)	1,5,2, | 0,0,0, | 
(14688)	1,5,2, | 0,0,0, | 
(14750)	1,5,2, | 1,4,2, | 
(14974)	1,5,3, | 1,5,4, | 
(14904)	1,5,3, | 0,0,0, | 
(14904)	1,5,3, | 0,0,0, | 
(14904)	1,5,3, | 0,0,0, | 
(14904)	1,5,3, | 0,0,0, | 
(14904)	1,5,3, | 0,0,0, | 
(14904)	1,5,3, | 0,0,0, | 
(14904)	1,5,3, | 0,0,0, | 
(14904)	1,5,3, | 0,0,0, | 
(14904)	1,5,3, | 0,0,0, | 
(0)	0,0,0, | 0,0,0, | 
(1512)	0,1,1, | 0,0,0, | 
(1512)	0,1,1, | 0,0,0, | 
(1512)	0,1,1, | 0,0,0, | 
(4536)	0,3,3, | 0,0,0, | 
(14688)	1,5,2, | 0,0,0, | 
(14688)	1,5,2, | 0,0,0, | 
(1512)	0,1,1, | 0,0,0, | 
(42984)	5,3,1, | 0,0,0, | 
(18)	0,0,0, | 0,3,0, | 
(9103)	1,1,0, | 0,5,1, | 
(18)	0,0,0, | 0,3,0, | 
(90)	0,0,0, | 2,3,0, | 
(24)	0,0,0, | 0,4,0, | 
(2652)	0,2,0, | 1,4,0, | 
(18)	0,0,0, | 0,3,0, | 
(1471)	0,1,0, | 4,5,1, | 
(18)	0,0,0, | 0,3,0, | 
(0)	0,0,0, | 0,0,0, | 
(14904)	1,5,3, | 0,0,0, | 
(14976)	1,5,3, | 2,0,0, | 
(14904)	1,5,3, | 0,0,0, | 
(14904)	1,5,3, | 0,0,0, | 
(14976)	1,5,3, | 2,0,0, | 
(14904)	1,5,3, | 0,0,0, | 
(14911)	1,5,3, | 0,1,1, | 
(14976)	1,5,3, | 2,0,0, | 
(14904)	1,5,3, | 0,0,0, | 
(14904)	1,5,3, | 0,0,0, | 
(14904)	1,5,3, | 0,0,0, | 
(14904)	1,5,3, | 0,0,0, | 
(14904)	1,5,3, | 0,0,0, | 
(7164)	0,5,3, | 1,0,0, | 
(7164)	0,5,3, | 1,0,0, | 
(7164)	0,5,3, | 1,0,0, | 
(49)	0,0,0, | 1,2,1, | 
(7825)	1,0,0, | 1,2,1, | 
(15601)	2,0,0, | 1,2,1, | 
(9337)	1,1,1, | 1,2,1, | 
(1561)	0,1,1, | 1,2,1, | 
(9337)	1,1,1, | 1,2,1, | 
(13014)	1,4,0, | 1,3,0, | 
(14310)	1,5,0, | 1,3,0, | 
(5238)	0,4,0, | 1,3,0, | 
(20790)	2,4,0, | 1,3,0, | 
(18)	0,0,0, | 0,3,0, | 
(9247)	1,1,0, | 4,5,1, | 
(1320)	0,1,0, | 0,4,0, | 
(2622)	0,2,0, | 0,5,0, | 
(2616)	0,2,0, | 0,4,0, | 
(2652)	0,2,0, | 1,4,0, | 
(14575)	1,5,1, | 2,5,1, | 
(2616)	0,2,0, | 0,4,0, | 
(1398)	0,1,0, | 2,5,0, | 
(1296)	0,1,0, | 0,0,0, | 
(14911)	1,5,3, | 0,1,1, | 
(14940)	1,5,3, | 1,0,0, | 
(14904)	1,5,3, | 0,0,0, | 
(14911)	1,5,3, | 0,1,1, | 
(15075)	1,5,3, | 4,4,3, | 
(14954)	1,5,3, | 1,2,2, | 
(14954)	1,5,3, | 1,2,2, | 
(14954)	1,5,3, | 1,2,2, | 
(14904)	1,5,3, | 0,0,0, | 
(14904)	1,5,3, | 0,0,0, | 
(14904)	1,5,3, | 0,0,0, | 
(14904)	1,5,3, | 0,0,0, | 
(14904)	1,5,3, | 0,0,0, | 
(7164)	0,5,3, | 1,0,0, | 
(7164)	0,5,3, | 1,0,0, | 
(62)	0,0,0, | 1,4,2, | 
(62)	0,0,0, | 1,4,2, | 
(7838)	1,0,0, | 1,4,2, | 
(15614)	2,0,0, | 1,4,2, | 
(68)	0,0,0, | 1,5,2, | 
(68)	0,0,0, | 1,5,2, | 
(68)	0,0,0, | 1,5,2, | 
(68)	0,0,0, | 1,5,2, | 
(15613)	2,0,0, | 1,4,1, | 
(67)	0,0,0, | 1,5,1, | 
(13243)	1,4,1, | 1,5,1, | 
(18)	0,0,0, | 0,3,0, | 
(30042)	3,5,1, | 0,3,0, | 
(2616)	0,2,0, | 0,4,0, | 
(2622)	0,2,0, | 0,5,0, | 
(14575)	1,5,1, | 2,5,1, | 
(2718)	0,2,0, | 3,3,0, | 
(2622)	0,2,0, | 0,5,0, | 
(2610)	0,2,0, | 0,3,0, | 
(2659)	0,2,0, | 1,5,1, | 
(2592)	0,2,0, | 0,0,0, | 
(14750)	1,5,2, | 1,4,2, | 
(14701)	1,5,2, | 0,2,1, | 
(14695)	1,5,2, | 0,1,1, | 
(14708)	1,5,2, | 0,3,2, | 
(14708)	1,5,2, | 0,3,2, | 
(14695)	1,5,2, | 0,1,1, | 
(14701)	1,5,2, | 0,2,1, | 
(14924)	1,5,3, | 0,3,2, | 
(14904)	1,5,3, | 0,0,0, | 
(14904)	1,5,3, | 0,0,0, | 
(14904)	1,5,3, | 0,0,0, | 
(14904)	1,5,3, | 0,0,0, | 
(14904)	1,5,3, | 0,0,0, | 
(7164)	0,5,3, | 1,0,0, | 
(69)	0,0,0, | 1,5,3, | 
(69)	0,0,0, | 1,5,3, | 
(69)	0,0,0, | 1,5,3, | 
(7845)	1,0,0, | 1,5,3, | 
(15621)	2,0,0, | 1,5,3, | 
(68)	0,0,0, | 1,5,2, | 
(68)	0,0,0, | 1,5,2, | 
(68)	0,0,0, | 1,5,2, | 
(68)	0,0,0, | 1,5,2, | 
(2875)	0,2,1, | 1,5,1, | 
(67)	0,0,0, | 1,5,1, | 
(13243)	1,4,1, | 1,5,1, | 
(18)	0,0,0, | 0,3,0, | 
(30150)	3,5,1, | 3,3,0, | 
(5208)	0,4,0, | 0,4,0, | 
(3919)	0,3,0, | 0,5,1, | 
(35058)	4,3,0, | 1,5,0, | 
(5250)	0,4,0, | 1,5,0, | 
(3948)	0,3,0, | 1,4,0, | 
(5274)	0,4,0, | 2,3,0, | 
(3912)	0,3,0, | 0,4,0, | 
(3888)	0,3,0, | 0,0,0, | 
(13267)	1,4,1, | 2,3,1, | 
(13267)	1,4,1, | 2,3,1, | 
(14695)	1,5,2, | 0,1,1, | 
(14695)	1,5,2, | 0,1,1, | 
(14695)	1,5,2, | 0,1,1, | 
(14695)	1,5,2, | 0,1,1, | 
(14695)	1,5,2, | 0,1,1, | 
(14911)	1,5,3, | 0,1,1, | 
(14904)	1,5,3, | 0,0,0, | 
(14904)	1,5,3, | 0,0,0, | 
(14904)	1,5,3, | 0,0,0, | 
(14904)	1,5,3, | 0,0,0, | 
(14904)	1,5,3, | 0,0,0, | 
(69)	0,0,0, | 1,5,3, | 
(69)	0,0,0, | 1,5,3, | 
(69)	0,0,0, | 1,5,3, | 
(69)	0,0,0, | 1,5,3, | 
(7845)	1,0,0, | 1,5,3, | 
(15621)	2,0,0, | 1,5,3, | 
(68)	0,0,0, | 1,5,2, | 
(68)	0,0,0, | 1,5,2, | 
(68)	0,0,0, | 1,5,2, | 
(68)	0,0,0, | 1,5,2, | 
(2875)	0,2,1, | 1,5,1, | 
(67)	0,0,0, | 1,5,1, | 
(13243)	1,4,1, | 1,5,1, | 
(18)	0,0,0, | 0,3,0, | 
(30150)	3,5,1, | 3,3,0, | 
(5214)	0,4,0, | 0,5,0, | 
(3942)	0,3,0, | 1,3,0, | 
(35088)	4,3,0, | 2,4,0, | 
(5274)	0,4,0, | 2,3,0, | 
(14346)	1,5,0, | 2,3,0, | 
(5238)	0,4,0, | 1,3,0, | 
(3919)	0,3,0, | 0,5,1, | 
(3888)	0,3,0, | 0,0,0, | 
(14497)	1,5,1, | 0,4,1, | 
(14671)	1,5,1, | 5,3,1, | 
(14750)	1,5,2, | 1,4,2, | 
(14744)	1,5,2, | 1,3,2, | 
(14701)	1,5,2, | 0,2,1, | 
(14744)	1,5,2, | 1,3,2, | 
(14750)	1,5,2, | 1,4,2, | 
(14904)	1,5,3, | 0,0,0, | 
(14904)	1,5,3, | 0,0,0, | 
(14904)	1,5,3, | 0,0,0, | 
(14904)	1,5,3, | 0,0,0, | 
(14904)	1,5,3, | 0,0,0, | 
(14904)	1,5,3, | 0,0,0, | 
(69)	0,0,0, | 1,5,3, | 
(69)	0,0,0, | 1,5,3, | 
(69)	0,0,0, | 1,5,3, | 
(69)	0,0,0, | 1,5,3, | 
(7845)	1,0,0, | 1,5,3, | 
(15621)	2,0,0, | 1,5,3, | 
(68)	0,0,0, | 1,5,2, | 
(68)	0,0,0, | 1,5,2, | 
(68)	0,0,0, | 1,5,2, | 
(68)	0,0,0, | 1,5,2, | 
(2875)	0,2,1, | 1,5,1, | 
(67)	0,0,0, | 1,5,1, | 
(13243)	1,4,1, | 1,5,1, | 
(18)	0,0,0, | 0,3,0, | 
(3906)	0,3,0, | 0,3,0, | 
(5208)	0,4,0, | 0,4,0, | 
(3942)	0,3,0, | 1,3,0, | 
(5244)	0,4,0, | 1,4,0, | 
(5388)	0,4,0, | 5,4,0, | 
(3954)	0,3,0, | 1,5,0, | 
(5238)	0,4,0, | 1,3,0, | 
(4014)	0,3,0, | 3,3,0, | 
(3888)	0,3,0, | 0,0,0, | 
(14605)	1,5,1, | 3,4,1, | 
(14472)	1,5,1, | 0,0,0, | 
(14533)	1,5,1, | 1,4,1, | 
(14688)	1,5,2, | 0,0,0, | 
(14688)	1,5,2, | 0,0,0, | 
(14688)	1,5,2, | 0,0,0, | 
(14750)	1,5,2, | 1,4,2, | 
(14974)	1,5,3, | 1,5,4, | 
