(38052)	4,5,2, | 1,0,0, | 
(38052)	4,5,2, | 1,0,0, | 
(38052)	4,5,2, | 1,0,0, | 
(38052)	4,5,2, | 1,0,0, | 
(38268)	4,5,3, | 1,0,0, | 
(7953)	1,0,0, | 4,5,3, | 
(7952)	1,0,0, | 4,5,2, | 
(7952)	1,0,0, | 4,5,2, | 
(7952)	1,0,0, | 4,5,2, | 
(7952)	1,0,0, | 4,5,2, | 
(7952)	1,0,0, | 4,5,2, | 
(7951)	1,0,0, | 4,5,1, | 
(7951)	1,0,0, | 4,5,1, | 
(10759)	1,2,1, | 4,5,1, | 
(7951)	1,0,0, | 4,5,1, | 
(14424)	1,5,0, | 4,4,0, | 
(14424)	1,5,0, | 4,4,0, | 
(14424)	1,5,0, | 4,4,0, | 
(7836)	1,0,0, | 1,4,0, | 
(13020)	1,4,0, | 1,4,0, | 
(37716)	4,5,0, | 3,4,0, | 
(13020)	1,4,0, | 1,4,0, | 
(13164)	1,4,0, | 5,4,0, | 
(13020)	1,4,0, | 1,4,0, | 
(13020)	1,4,0, | 1,4,0, | 
(13020)	1,4,0, | 1,4,0, | 
(13026)	1,4,0, | 1,5,0, | 
(12996)	1,4,0, | 1,0,0, | 
(36354)	4,4,0, | 1,5,0, | 
(36354)	4,4,0, | 1,5,0, | 
(36354)	4,4,0, | 1,5,0, | 
(37836)	4,5,1, | 1,0,0, | 
(37836)	4,5,1, | 1,0,0, | 
(37836)	4,5,1, | 1,0,0, | 
(37836)	4,5,1, | 1,0,0, | 
(38052)	4,5,2, | 1,0,0, | 
(38052)	4,5,2, | 1,0,0, | 
(38052)	4,5,2, | 1,0,0, | 
(38052)	4,5,2, | 1,0,0, | 
(38052)	4,5,2, | 1,0,0, | 
(38268)	4,5,3, | 1,0,0, | 
(15084)	1,5,3, | 5,0,0, | 
(15084)	1,5,3, | 5,0,0, | 
(15084)	1,5,3, | 5,0,0, | 
(15084)	1,5,3, | 5,0,0, | 
(15084)	1,5,3, | 5,0,0, | 
(15084)	1,5,3, | 5,0,0, | 
(14874)	1,5,2, | 5,1,0, | 
(14664)	1,5,1, | 5,2,0, | 
(14664)	1,5,1, | 5,2,0, | 
(14460)	1,5,0, | 5,4,0, | 
(14460)	1,5,0, | 5,4,0, | 
(14460)	1,5,0, | 5,4,0, | 
(14460)	1,5,0, | 5,4,0, | 
(7836)	1,0,0, | 1,4,0, | 
(18354)	2,2,0, | 5,5,0, | 
(10500)	1,2,0, | 3,4,0, | 
(10428)	1,2,0, | 1,4,0, | 
(10428)	1,2,0, | 1,4,0, | 
(14394)	1,5,0, | 3,5,0, | 
(10572)	1,2,0, | 5,4,0, | 
(10428)	1,2,0, | 1,4,0, | 
(13056)	1,4,0, | 2,4,0, | 
(10436)	1,2,0, | 1,5,2, | 
(38052)	4,5,2, | 1,0,0, | 
(38052)	4,5,2, | 1,0,0, | 
(38052)	4,5,2, | 1,0,0, | 
(38052)	4,5,2, | 1,0,0, | 
(38052)	4,5,2, | 1,0,0, | 
(38052)	4,5,2, | 1,0,0, | 
(38052)	4,5,2, | 1,0,0, | 
(38052)	4,5,2, | 1,0,0, | 
(38052)	4,5,2, | 1,0,0, | 
(38052)	4,5,2, | 1,0,0, | 
(38052)	4,5,2, | 1,0,0, | 
(38052)	4,5,2, | 1,0,0, | 
(38268)	4,5,3, | 1,0,0, | 
(15084)	1,5,3, | 5,0,0, | 
(15084)	1,5,3, | 5,0,0, | 
(15084)	1,5,3, | 5,0,0, | 
(15084)	1,5,3, | 5,0,0, | 
(15084)	1,5,3, | 5,0,0, | 
(7988)	1,0,0, | 5,5,2, | 
(7987)	1,0,0, | 5,5,1, | 
(7987)	1,0,0, | 5,5,1, | 
(14460)	1,5,0, | 5,4,0, | 
(14460)	1,5,0, | 5,4,0, | 
(14460)	1,5,0, | 5,4,0, | 
(14460)	1,5,0, | 5,4,0, | 
(14460)	1,5,0, | 5,4,0, | 
(7836)	1,0,0, | 1,4,0, | 
(19578)	2,3,0, | 3,5,0, | 
(11724)	1,3,0, | 1,4,0, | 
(11724)	1,3,0, | 1,4,0, | 
(11724)	1,3,0, | 1,4,0, | 
(11760)	1,3,0, | 2,4,0, | 
(11724)	1,3,0, | 1,4,0, | 
(11724)	1,3,0, | 1,4,0, | 
(13020)	1,4,0, | 1,4,0, | 
(11732)	1,3,0, | 1,5,2, | 
(37836)	4,5,1, | 1,0,0, | 
(37836)	4,5,1, | 1,0,0, | 
(37836)	4,5,1, | 1,0,0, | 
(37836)	4,5,1, | 1,0,0, | 
(37836)	4,5,1, | 1,0,0, | 
(38052)	4,5,2, | 1,0,0, | 
(38052)	4,5,2, | 1,0,0, | 
(38052)	4,5,2, | 1,0,0, | 
(38052)	4,5,2, | 1,0,0, | 
(38052)	4,5,2, | 1,0,0, | 
(38052)	4,5,2, | 1,0,0, | 
(38052)	4,5,2, | 1,0,0, | 
(38268)	4,5,3, | 1,0,0, | 
(15084)	1,5,3, | 5,0,0, | 
(15084)	1,5,3, | 5,0,0, | 
(7988)	1,0,0, | 5,5,2, | 
(7988)	1,0,0, | 5,5,2, | 
(7988)	1,0,0, | 5,5,2, | 
(7988)	1,0,0, | 5,5,2, | 
(7987)	1,0,0, | 5,5,1, | 
(7987)	1,0,0, | 5,5,1, | 
(7987)	1,0,0, | 5,5,1, | 
(14460)	1,5,0, | 5,4,0, | 
(14460)	1,5,0, | 5,4,0, | 
(14460)	1,5,0, | 5,4,0, | 
(14460)	1,5,0, | 5,4,0, | 
(7836)	1,0,0, | 1,4,0, | 
(20946)	2,4,0, | 5,5,0, | 
(13026)	1,4,0, | 1,5,0, | 
(13020)	1,4,0, | 1,4,0, | 
(14388)	1,5,0, | 3,4,0, | 
(14394)	1,5,0, | 3,5,0, | 
(13134)	1,4,0, | 4,5,0, | 
(13020)	1,4,0, | 1,4,0, | 
(13020)	1,4,0, | 1,4,0, | 
(13171)	1,4,0, | 5,5,1, | 
(37836)	4,5,1, | 1,0,0, | 
(37836)	4,5,1, | 1,0,0, | 
(37836)	4,5,1, | 1,0,0, | 
(37836)	4,5,1, | 1,0,0, | 
(37836)	4,5,1, | 1,0,0, | 
(37836)	4,5,1, | 1,0,0, | 
(37836)	4,5,1, | 1,0,0, | 
(37836)	4,5,1, | 1,0,0, | 
(38052)	4,5,2, | 1,0,0, | 
(38052)	4,5,2, | 1,0,0, | 
(38052)	4,5,2, | 1,0,0, | 
(38052)	4,5,2, | 1,0,0, | 
(38268)	4,5,3, | 1,0,0, | 
(15084)	1,5,3, | 5,0,0, | 
(10796)	1,2,1, | 5,5,2, | 
(7988)	1,0,0, | 5,5,2, | 
(7988)	1,0,0, | 5,5,2, | 
(7988)	1,0,0, | 5,5,2, | 
(7988)	1,0,0, | 5,5,2, | 
(7987)	1,0,0, | 5,5,1, | 
(7987)	1,0,0, | 5,5,1, | 
(7987)	1,0,0, | 5,5,1, | 
(14460)	1,5,0, | 5,4,0, | 
(14460)	1,5,0, | 5,4,0, | 
(14460)	1,5,0, | 5,4,0, | 
(14460)	1,5,0, | 5,4,0, | 
(7836)	1,0,0, | 1,4,0, | 
(20940)	2,4,0, | 5,4,0, | 
(13092)	1,4,0, | 3,4,0, | 
(13020)	1,4,0, | 1,4,0, | 
(36354)	4,4,0, | 1,5,0, | 
(13062)	1,4,0, | 2,5,0, | 
(37650)	4,5,0, | 1,5,0, | 
(13020)	1,4,0, | 1,4,0, | 
(13020)	1,4,0, | 1,4,0, | 
(13128)	1,4,0, | 4,4,0, | 
(37836)	4,5,1, | 1,0,0, | 
(37836)	4,5,1, | 1,0,0, | 
(37836)	4,5,1, | 1,0,0, | 
(37836)	4,5,1, | 1,0,0, | 
(37836)	4,5,1, | 1,0,0, | 
(37836)	4,5,1, | 1,0,0, | 
(37836)	4,5,1, | 1,0,0, | 
(37836)	4,5,1, | 1,0,0, | 
(38052)	4,5,2, | 1,0,0, | 
(38052)	4,5,2, | 1,0,0, | 
(38052)	4,5,2, | 1,0,0, | 
(38052)	4,5,2, | 1,0,0, | 
(38268)	4,5,3, | 1,0,0, | 
(15084)	1,5,3, | 5,0,0, | 
(10796)	1,2,1, | 5,5,2, | 
(7988)	1,0,0, | 5,5,2, | 
(7988)	1,0,0, | 5,5,2, | 
(7988)	1,0,0, | 5,5,2, | 
(7988)	1,0,0, | 5,5,2, | 
(7987)	1,0,0, | 5,5,1, | 
(7987)	1,0,0, | 5,5,1, | 
(7987)	1,0,0, | 5,5,1, | 
(14460)	1,5,0, | 5,4,0, | 
(14460)	1,5,0, | 5,4,0, | 
(14460)	1,5,0, | 5,4,0, | 
(14460)	1,5,0, | 5,4,0, | 
(7836)	1,0,0, | 1,4,0, | 
(20832)	2,4,0, | 2,4,0, | 
(13020)	1,4,0, | 1,4,0, | 
(13020)	1,4,0, | 1,4,0, | 
(13020)	1,4,0, | 1,4,0, | 
(28572)	3,4,0, | 1,4,0, | 
(13020)	1,4,0, | 1,4,0, | 
(13020)	1,4,0, | 1,4,0, | 
(13020)	1,4,0, | 1,4,0, | 
(13165)	1,4,0, | 5,4,1, | 
(36324)	4,4,0, | 1,0,0, | 
(37836)	4,5,1, | 1,0,0, | 
(37836)	4,5,1, | 1,0,0, | 
(37836)	4,5,1, | 1,0,0, | 
(37836)	4,5,1, | 1,0,0, | 
(37836)	4,5,1, | 1,0,0, | 
(37836)	4,5,1, | 1,0,0, | 
(37836)	4,5,1, | 1,0,0, | 
(38949)	5,0,0, | 1,5,3, | 
(38949)	5,0,0, | 1,5,3, | 
(38949)	5,0,0, | 1,5,3, | 
(38949)	5,0,0, | 1,5,3, | 
(38949)	5,0,0, | 1,5,3, | 
(7953)	1,0,0, | 4,5,3, | 
(7952)	1,0,0, | 4,5,2, | 
(7952)	1,0,0, | 4,5,2, | 
(7952)	1,0,0, | 4,5,2, | 
(7952)	1,0,0, | 4,5,2, | 
(7952)	1,0,0, | 4,5,2, | 
(7952)	1,0,0, | 4,5,2, | 
(7952)	1,0,0, | 4,5,2, | 
(7952)	1,0,0, | 4,5,2, | 
(7952)	1,0,0, | 4,5,2, | 
(7952)	1,0,0, | 4,5,2, | 
(7952)	1,0,0, | 4,5,2, | 
(7952)	1,0,0, | 4,5,2, | 
(14736)	1,5,2, | 1,2,0, | 
(13008)	1,4,0, | 1,2,0, | 
(13020)	1,4,0, | 1,4,0, | 
(13008)	1,4,0, | 1,2,0, | 
(13116)	1,4,0, | 4,2,0, | 
(13008)	1,4,0, | 1,2,0, | 
(13008)	1,4,0, | 1,2,0, | 
(13008)	1,4,0, | 1,2,0, | 
(13008)	1,4,0, | 1,2,0, | 
(12996)	1,4,0, | 1,0,0, | 
(44130)	5,4,0, | 1,5,0, | 
(44130)	5,4,0, | 1,5,0, | 
(44130)	5,4,0, | 1,5,0, | 
(44130)	5,4,0, | 1,5,0, | 
(41539)	5,2,0, | 1,5,1, | 
(41539)	5,2,0, | 1,5,1, | 
(40244)	5,1,0, | 1,5,2, | 
(38949)	5,0,0, | 1,5,3, | 
(43020)	5,3,1, | 1,0,0, | 
(41724)	5,2,1, | 1,0,0, | 
(41724)	5,2,1, | 1,0,0, | 
(41724)	5,2,1, | 1,0,0, | 
(41724)	5,2,1, | 1,0,0, | 
(7969)	1,0,0, | 5,2,1, | 
(7969)	1,0,0, | 5,2,1, | 
(7969)	1,0,0, | 5,2,1, | 
(7969)	1,0,0, | 5,2,1, | 
(7975)	1,0,0, | 5,3,1, | 
(7975)	1,0,0, | 5,3,1, | 
(7975)	1,0,0, | 5,3,1, | 
(7975)	1,0,0, | 5,3,1, | 
(7975)	1,0,0, | 5,3,1, | 
(7975)	1,0,0, | 5,3,1, | 
(7975)	1,0,0, | 5,3,1, | 
(7975)	1,0,0, | 5,3,1, | 
(7975)	1,0,0, | 5,3,1, | 
(14736)	1,5,2, | 1,2,0, | 
(37776)	4,5,0, | 5,2,0, | 
(29874)	3,5,0, | 1,5,0, | 
(27271)	3,3,0, | 1,3,1, | 
(11768)	1,3,0, | 2,5,2, | 
(14322)	1,5,0, | 1,5,0, | 
(19544)	2,3,0, | 2,5,2, | 
(13134)	1,4,0, | 4,5,0, | 
(14466)	1,5,0, | 5,5,0, | 
(10436)	1,2,0, | 1,5,2, | 
(43020)	5,3,1, | 1,0,0, | 
(43020)	5,3,1, | 1,0,0, | 
(43020)	5,3,1, | 1,0,0, | 
(43020)	5,3,1, | 1,0,0, | 
(43020)	5,3,1, | 1,0,0, | 
(43020)	5,3,1, | 1,0,0, | 
(43020)	5,3,1, | 1,0,0, | 
(43020)	5,3,1, | 1,0,0, | 
(38942)	5,0,0, | 1,4,2, | 
(38942)	5,0,0, | 1,4,2, | 
(38942)	5,0,0, | 1,4,2, | 
(38942)	5,0,0, | 1,4,2, | 
(38942)	5,0,0, | 1,4,2, | 
(7982)	1,0,0, | 5,4,2, | 
(7982)	1,0,0, | 5,4,2, | 
(7988)	1,0,0, | 5,5,2, | 
(7988)	1,0,0, | 5,5,2, | 
(7988)	1,0,0, | 5,5,2, | 
(7988)	1,0,0, | 5,5,2, | 
(7988)	1,0,0, | 5,5,2, | 
(7988)	1,0,0, | 5,5,2, | 
(7988)	1,0,0, | 5,5,2, | 
(7988)	1,0,0, | 5,5,2, | 
(7988)	1,0,0, | 5,5,2, | 
(7988)	1,0,0, | 5,5,2, | 
(7988)	1,0,0, | 5,5,2, | 
(14736)	1,5,2, | 1,2,0, | 
(37632)	4,5,0, | 1,2,0, | 
(22099)	2,5,0, | 1,5,1, | 
(27349)	3,3,0, | 3,4,1, | 
(27284)	3,3,0, | 1,5,2, | 
(22135)	2,5,0, | 2,5,1, | 
(35096)	4,3,0, | 2,5,2, | 
(11768)	1,3,0, | 2,5,2, | 
(37904)	4,5,1, | 2,5,2, | 
(11732)	1,3,0, | 1,5,2, | 
(42804)	5,3,0, | 1,0,0, | 
(41533)	5,2,0, | 1,4,1, | 
(41533)	5,2,0, | 1,4,1, | 
(41533)	5,2,0, | 1,4,1, | 
(44316)	5,4,1, | 1,0,0, | 
(44316)	5,4,1, | 1,0,0, | 
(43020)	5,3,1, | 1,0,0, | 
(38942)	5,0,0, | 1,4,2, | 
(38949)	5,0,0, | 1,5,3, | 
(38949)	5,0,0, | 1,5,3, | 
(38949)	5,0,0, | 1,5,3, | 
(38949)	5,0,0, | 1,5,3, | 
(38949)	5,0,0, | 1,5,3, | 
(7989)	1,0,0, | 5,5,3, | 
(7988)	1,0,0, | 5,5,2, | 
(7988)	1,0,0, | 5,5,2, | 
(7988)	1,0,0, | 5,5,2, | 
(7988)	1,0,0, | 5,5,2, | 
(7988)	1,0,0, | 5,5,2, | 
(7988)	1,0,0, | 5,5,2, | 
(7988)	1,0,0, | 5,5,2, | 
(7988)	1,0,0, | 5,5,2, | 
(7988)	1,0,0, | 5,5,2, | 
(7988)	1,0,0, | 5,5,2, | 
(7988)	1,0,0, | 5,5,2, | 
(7988)	1,0,0, | 5,5,2, | 
(14736)	1,5,2, | 1,2,0, | 
(14430)	1,5,0, | 4,5,0, | 
(22458)	2,5,1, | 5,5,0, | 
(45426)	5,5,0, | 1,5,0, | 
(45534)	5,5,0, | 4,5,0, | 
(22243)	2,5,0, | 5,5,1, | 
(14430)	1,5,0, | 4,5,0, | 
(28579)	3,4,0, | 1,5,1, | 
(13063)	1,4,0, | 2,5,1, | 
(13171)	1,4,0, | 5,5,1, | 
(45612)	5,5,1, | 1,0,0, | 
(45612)	5,5,1, | 1,0,0, | 
(45612)	5,5,1, | 1,0,0, | 
(45612)	5,5,1, | 1,0,0, | 
(41539)	5,2,0, | 1,5,1, | 
(41539)	5,2,0, | 1,5,1, | 
(40244)	5,1,0, | 1,5,2, | 
(38949)	5,0,0, | 1,5,3, | 
(38949)	5,0,0, | 1,5,3, | 
(38949)	5,0,0, | 1,5,3, | 
(38949)	5,0,0, | 1,5,3, | 
(38949)	5,0,0, | 1,5,3, | 
(38949)	5,0,0, | 1,5,3, | 
(7989)	1,0,0, | 5,5,3, | 
(7988)	1,0,0, | 5,5,2, | 
(7988)	1,0,0, | 5,5,2, | 
(7988)	1,0,0, | 5,5,2, | 
(7988)	1,0,0, | 5,5,2, | 
(7988)	1,0,0, | 5,5,2, | 
(7988)	1,0,0, | 5,5,2, | 
(7988)	1,0,0, | 5,5,2, | 
(7988)	1,0,0, | 5,5,2, | 
(7988)	1,0,0, | 5,5,2, | 
(7988)	1,0,0, | 5,5,2, | 
(7988)	1,0,0, | 5,5,2, | 
(7988)	1,0,0, | 5,5,2, | 
(14736)	1,5,2, | 1,2,0, | 
(37788)	4,5,0, | 5,4,0, | 
(22207)	2,5,0, | 4,5,1, | 
(36390)	4,4,0, | 2,5,0, | 
(45498)	5,5,0, | 3,5,0, | 
(22207)	2,5,0, | 4,5,1, | 
(14394)	1,5,0, | 3,5,0, | 
(14466)	1,5,0, | 5,5,0, | 
(36498)	4,4,0, | 5,5,0, | 
(13128)	1,4,0, | 4,4,0, | 
(44100)	5,4,0, | 1,0,0, | 
(45612)	5,5,1, | 1,0,0, | 
(45612)	5,5,1, | 1,0,0, | 
(45612)	5,5,1, | 1,0,0, | 
(41539)	5,2,0, | 1,5,1, | 
(41539)	5,2,0, | 1,5,1, | 
(40244)	5,1,0, | 1,5,2, | 
(38949)	5,0,0, | 1,5,3, | 
(38949)	5,0,0, | 1,5,3, | 
(38949)	5,0,0, | 1,5,3, | 
(38949)	5,0,0, | 1,5,3, | 
(38949)	5,0,0, | 1,5,3, | 
(38949)	5,0,0, | 1,5,3, | 
(7989)	1,0,0, | 5,5,3, | 
(7988)	1,0,0, | 5,5,2, | 
(7988)	1,0,0, | 5,5,2, | 
(7988)	1,0,0, | 5,5,2, | 
(7988)	1,0,0, | 5,5,2, | 
(7988)	1,0,0, | 5,5,2, | 
(7988)	1,0,0, | 5,5,2, | 
(7988)	1,0,0, | 5,5,2, | 
(7988)	1,0,0, | 5,5,2, | 
(7988)	1,0,0, | 5,5,2, | 
(7988)	1,0,0, | 5,5,2, | 
(7988)	1,0,0, | 5,5,2, | 
(7988)	1,0,0, | 5,5,2, | 
(14736)	1,5,2, | 1,2,0, | 
(37795)	4,5,0, | 5,5,1, | 
(22135)	2,5,0, | 2,5,1, | 
(13134)	1,4,0, | 4,5,0, | 
(37795)	4,5,0, | 5,5,1, | 
(14430)	1,5,0, | 4,5,0, | 
(14394)	1,5,0, | 3,5,0, | 
(14466)	1,5,0, | 5,5,0, | 
(13165)	1,4,0, | 5,4,1, | 
(13165)	1,4,0, | 5,4,1, | 
(44100)	5,4,0, | 1,0,0, | 
(44100)	5,4,0, | 1,0,0, | 
(45612)	5,5,1, | 1,0,0, | 
(41539)	5,2,0, | 1,5,1, | 
(41539)	5,2,0, | 1,5,1, | 
(41539)	5,2,0, | 1,5,1, | 
(40244)	5,1,0, | 1,5,2, | 
(38949)	5,0,0, | 1,5,3, | 
(38949)	5,0,0, | 1,5,3, | 
(38949)	5,0,0, | 1,5,3, | 
(38949)	5,0,0, | 1,5,3, | 
(38949)	5,0,0, | 1,5,3, | 
(38949)	5,0,0, | 1,5,3, | 
(7953)	1,0,0, | 4,5,3, | 
(7952)	1,0,0, | 4,5,2, | 
(7952)	1,0,0, | 4,5,2, | 
(7952)	1,0,0, | 4,5,2, | 
(7952)	1,0,0, | 4,5,2, | 
(7952)	1,0,0, | 4,5,2, | 
(7952)	1,0,0, | 4,5,2, | 
(7952)	1,0,0, | 4,5,2, | 
(7951)	1,0,0, | 4,5,1, | 
(7951)	1,0,0, | 4,5,1, | 
(7951)	1,0,0, | 4,5,1, | 
(7951)	1,0,0, | 4,5,1, | 
(7951)	1,0,0, | 4,5,1, | 
(14322)	1,5,0, | 1,5,0, | 
(22242)	2,5,0, | 5,5,0, | 
(13020)	1,4,0, | 1,4,0, | 
(13014)	1,4,0, | 1,3,0, | 
(13122)	1,4,0, | 4,3,0, | 
(13014)	1,4,0, | 1,3,0, | 
(13014)	1,4,0, | 1,3,0, | 
(13014)	1,4,0, | 1,3,0, | 
(13014)	1,4,0, | 1,3,0, | 
(12996)	1,4,0, | 1,0,0, | 
(44130)	5,4,0, | 1,5,0, | 
(44130)	5,4,0, | 1,5,0, | 
(44130)	5,4,0, | 1,5,0, | 
(44130)	5,4,0, | 1,5,0, | 
(44130)	5,4,0, | 1,5,0, | 
(45612)	5,5,1, | 1,0,0, | 
(45612)	5,5,1, | 1,0,0, | 
(45854)	5,5,2, | 1,4,2, | 
(45828)	5,5,2, | 1,0,0, | 
(45828)	5,5,2, | 1,0,0, | 
(45828)	5,5,2, | 1,0,0, | 
(44532)	5,4,2, | 1,0,0, | 
(44532)	5,4,2, | 1,0,0, | 
(13572)	1,4,2, | 5,0,0, | 
(13572)	1,4,2, | 5,0,0, | 
(13572)	1,4,2, | 5,0,0, | 
(13572)	1,4,2, | 5,0,0, | 
(13572)	1,4,2, | 5,0,0, | 
(13572)	1,4,2, | 5,0,0, | 
(7975)	1,0,0, | 5,3,1, | 
(7981)	1,0,0, | 5,4,1, | 
(7981)	1,0,0, | 5,4,1, | 
(13368)	1,4,1, | 5,2,0, | 
(13368)	1,4,1, | 5,2,0, | 
(13368)	1,4,1, | 5,2,0, | 
(7974)	1,0,0, | 5,3,0, | 
(14322)	1,5,0, | 1,5,0, | 
(14886)	1,5,2, | 5,3,0, | 
(14886)	1,5,2, | 5,3,0, | 
(42900)	5,3,0, | 3,4,0, | 
(14322)	1,5,0, | 1,5,0, | 
(44238)	5,4,0, | 4,5,0, | 
(14646)	1,5,1, | 4,5,0, | 
(11766)	1,3,0, | 2,5,0, | 
(14466)	1,5,0, | 5,5,0, | 
(10436)	1,2,0, | 1,5,2, | 
(45828)	5,5,2, | 1,0,0, | 
(45828)	5,5,2, | 1,0,0, | 
(45828)	5,5,2, | 1,0,0, | 
(45828)	5,5,2, | 1,0,0, | 
(45828)	5,5,2, | 1,0,0, | 
(45828)	5,5,2, | 1,0,0, | 
(45828)	5,5,2, | 1,0,0, | 
(45828)	5,5,2, | 1,0,0, | 
(45828)	5,5,2, | 1,0,0, | 
(45828)	5,5,2, | 1,0,0, | 
(45828)	5,5,2, | 1,0,0, | 
(45828)	5,5,2, | 1,0,0, | 
(44532)	5,4,2, | 1,0,0, | 
(7982)	1,0,0, | 5,4,2, | 
(7988)	1,0,0, | 5,5,2, | 
(7988)	1,0,0, | 5,5,2, | 
(7988)	1,0,0, | 5,5,2, | 
(7988)	1,0,0, | 5,5,2, | 
(7988)	1,0,0, | 5,5,2, | 
(7988)	1,0,0, | 5,5,2, | 
(7981)	1,0,0, | 5,4,1, | 
(7987)	1,0,0, | 5,5,1, | 
(7987)	1,0,0, | 5,5,1, | 
(7987)	1,0,0, | 5,5,1, | 
(7987)	1,0,0, | 5,5,1, | 
(7987)	1,0,0, | 5,5,1, | 
(14322)	1,5,0, | 1,5,0, | 
(14640)	1,5,1, | 4,4,0, | 
(28579)	3,4,0, | 1,5,1, | 
(22308)	2,5,1, | 1,4,0, | 
(14322)	1,5,0, | 1,5,0, | 
(14322)	1,5,0, | 1,5,0, | 
(44167)	5,4,0, | 2,5,1, | 
(28615)	3,4,0, | 2,5,1, | 
(36391)	4,4,0, | 2,5,1, | 
(11732)	1,3,0, | 1,5,2, | 
(45612)	5,5,1, | 1,0,0, | 
(45612)	5,5,1, | 1,0,0, | 
(45612)	5,5,1, | 1,0,0, | 
(45612)	5,5,1, | 1,0,0, | 
(45612)	5,5,1, | 1,0,0, | 
(44316)	5,4,1, | 1,0,0, | 
(45828)	5,5,2, | 1,0,0, | 
(45828)	5,5,2, | 1,0,0, | 
(45828)	5,5,2, | 1,0,0, | 
(45828)	5,5,2, | 1,0,0, | 
(45828)	5,5,2, | 1,0,0, | 
(45828)	5,5,2, | 1,0,0, | 
(38949)	5,0,0, | 1,5,3, | 
(7989)	1,0,0, | 5,5,3, | 
(7988)	1,0,0, | 5,5,2, | 
(7988)	1,0,0, | 5,5,2, | 
(7988)	1,0,0, | 5,5,2, | 
(7988)	1,0,0, | 5,5,2, | 
(7988)	1,0,0, | 5,5,2, | 
(7988)	1,0,0, | 5,5,2, | 
(7988)	1,0,0, | 5,5,2, | 
(7987)	1,0,0, | 5,5,1, | 
(7987)	1,0,0, | 5,5,1, | 
(7987)	1,0,0, | 5,5,1, | 
(7987)	1,0,0, | 5,5,1, | 
(7987)	1,0,0, | 5,5,1, | 
(14322)	1,5,0, | 1,5,0, | 
(14676)	1,5,1, | 5,4,0, | 
(14610)	1,5,1, | 3,5,0, | 
(22422)	2,5,1, | 4,5,0, | 
(14646)	1,5,1, | 4,5,0, | 
(14610)	1,5,1, | 3,5,0, | 
(28723)	3,4,0, | 5,5,1, | 
(44274)	5,4,0, | 5,5,0, | 
(13063)	1,4,0, | 2,5,1, | 
(13171)	1,4,0, | 5,5,1, | 
(45612)	5,5,1, | 1,0,0, | 
(45612)	5,5,1, | 1,0,0, | 
(45612)	5,5,1, | 1,0,0, | 
(45612)	5,5,1, | 1,0,0, | 
(45612)	5,5,1, | 1,0,0, | 
(45612)	5,5,1, | 1,0,0, | 
(45612)	5,5,1, | 1,0,0, | 
(45612)	5,5,1, | 1,0,0, | 
(45828)	5,5,2, | 1,0,0, | 
(45828)	5,5,2, | 1,0,0, | 
(45828)	5,5,2, | 1,0,0, | 
(38949)	5,0,0, | 1,5,3, | 
(38949)	5,0,0, | 1,5,3, | 
(7989)	1,0,0, | 5,5,3, | 
(7988)	1,0,0, | 5,5,2, | 
(7988)	1,0,0, | 5,5,2, | 
(7988)	1,0,0, | 5,5,2, | 
(7988)	1,0,0, | 5,5,2, | 
(7988)	1,0,0, | 5,5,2, | 
(7988)	1,0,0, | 5,5,2, | 
(7988)	1,0,0, | 5,5,2, | 
(7987)	1,0,0, | 5,5,1, | 
(7987)	1,0,0, | 5,5,1, | 
(7987)	1,0,0, | 5,5,1, | 
(7987)	1,0,0, | 5,5,1, | 
(7987)	1,0,0, | 5,5,1, | 
(14322)	1,5,0, | 1,5,0, | 
(45535)	5,5,0, | 4,5,1, | 
(14430)	1,5,0, | 4,5,0, | 
(28674)	3,4,0, | 4,3,0, | 
(14322)	1,5,0, | 1,5,0, | 
(36456)	4,4,0, | 4,4,0, | 
(14466)	1,5,0, | 5,5,0, | 
(13020)	1,4,0, | 1,4,0, | 
(13170)	1,4,0, | 5,5,0, | 
(13128)	1,4,0, | 4,4,0, | 
(45612)	5,5,1, | 1,0,0, | 
(45612)	5,5,1, | 1,0,0, | 
(45612)	5,5,1, | 1,0,0, | 
(45612)	5,5,1, | 1,0,0, | 
(45612)	5,5,1, | 1,0,0, | 
(45612)	5,5,1, | 1,0,0, | 
(45612)	5,5,1, | 1,0,0, | 
(45612)	5,5,1, | 1,0,0, | 
(45828)	5,5,2, | 1,0,0, | 
(45828)	5,5,2, | 1,0,0, | 
(38949)	5,0,0, | 1,5,3, | 
(38949)	5,0,0, | 1,5,3, | 
(38949)	5,0,0, | 1,5,3, | 
(7989)	1,0,0, | 5,5,3, | 
(7988)	1,0,0, | 5,5,2, | 
(7988)	1,0,0, | 5,5,2, | 
(7988)	1,0,0, | 5,5,2, | 
(7988)	1,0,0, | 5,5,2, | 
(7988)	1,0,0, | 5,5,2, | 
(7988)	1,0,0, | 5,5,2, | 
(7988)	1,0,0, | 5,5,2, | 
(7987)	1,0,0, | 5,5,1, | 
(7987)	1,0,0, | 5,5,1, | 
(7987)	1,0,0, | 5,5,1, | 
(7987)	1,0,0, | 5,5,1, | 
(7987)	1,0,0, | 5,5,1, | 
(14322)	1,5,0, | 1,5,0, | 
(13135)	1,4,0, | 4,5,1, | 
(45498)	5,5,0, | 3,5,0, | 
(28723)	3,4,0, | 5,5,1, | 
(14394)	1,5,0, | 3,5,0, | 
(14394)	1,5,0, | 3,5,0, | 
(14466)	1,5,0, | 5,5,0, | 
(13026)	1,4,0, | 1,5,0, | 
(14358)	1,5,0, | 2,5,0, | 
(13165)	1,4,0, | 5,4,1, | 
(44100)	5,4,0, | 1,0,0, | 
(45612)	5,5,1, | 1,0,0, | 
(45612)	5,5,1, | 1,0,0, | 
(45612)	5,5,1, | 1,0,0, | 
(45612)	5,5,1, | 1,0,0, | 
(45612)	5,5,1, | 1,0,0, | 
(45612)	5,5,1, | 1,0,0, | 
(45612)	5,5,1, | 1,0,0, | 
(45828)	5,5,2, | 1,0,0, | 
(45828)	5,5,2, | 1,0,0, | 
(45828)	5,5,2, | 1,0,0, | 
(38949)	5,0,0, | 1,5,3, | 
(38949)	5,0,0, | 1,5,3, | 
(7953)	1,0,0, | 4,5,3, | 
(7952)	1,0,0, | 4,5,2, | 
(7952)	1,0,0, | 4,5,2, | 
(7952)	1,0,0, | 4,5,2, | 
(7952)	1,0,0, | 4,5,2, | 
(7951)	1,0,0, | 4,5,1, | 
(7951)	1,0,0, | 4,5,1, | 
(7951)	1,0,0, | 4,5,1, | 
(7951)	1,0,0, | 4,5,1, | 
(7951)	1,0,0, | 4,5,1, | 
(7951)	1,0,0, | 4,5,1, | 
(7951)	1,0,0, | 4,5,1, | 
(7951)	1,0,0, | 4,5,1, | 
(45636)	5,5,1, | 1,4,0, | 
(14466)	1,5,0, | 5,5,0, | 
(13020)	1,4,0, | 1,4,0, | 
(13020)	1,4,0, | 1,4,0, | 
(13135)	1,4,0, | 4,5,1, | 
(13020)	1,4,0, | 1,4,0, | 
(13020)	1,4,0, | 1,4,0, | 
(13027)	1,4,0, | 1,5,1, | 
(13020)	1,4,0, | 1,4,0, | 
(12996)	1,4,0, | 1,0,0, | 
(44130)	5,4,0, | 1,5,0, | 
(44130)	5,4,0, | 1,5,0, | 
(44130)	5,4,0, | 1,5,0, | 
(44130)	5,4,0, | 1,5,0, | 
(45612)	5,5,1, | 1,0,0, | 
(45625)	5,5,1, | 1,2,1, | 
(45612)	5,5,1, | 1,0,0, | 
(45828)	5,5,2, | 1,0,0, | 
(45828)	5,5,2, | 1,0,0, | 
(45828)	5,5,2, | 1,0,0, | 
(45828)	5,5,2, | 1,0,0, | 
(45828)	5,5,2, | 1,0,0, | 
(46044)	5,5,3, | 1,0,0, | 
(15084)	1,5,3, | 5,0,0, | 
(15084)	1,5,3, | 5,0,0, | 
(15084)	1,5,3, | 5,0,0, | 
(15084)	1,5,3, | 5,0,0, | 
(15084)	1,5,3, | 5,0,0, | 
(15084)	1,5,3, | 5,0,0, | 
(14874)	1,5,2, | 5,1,0, | 
(14664)	1,5,1, | 5,2,0, | 
(14664)	1,5,1, | 5,2,0, | 
(7987)	1,0,0, | 5,5,1, | 
(7987)	1,0,0, | 5,5,1, | 
(7987)	1,0,0, | 5,5,1, | 
(7987)	1,0,0, | 5,5,1, | 
(45636)	5,5,1, | 1,4,0, | 
(22452)	2,5,1, | 5,4,0, | 
(14322)	1,5,0, | 1,5,0, | 
(20868)	2,4,0, | 3,4,0, | 
(13063)	1,4,0, | 2,5,1, | 
(37650)	4,5,0, | 1,5,0, | 
(10470)	1,2,0, | 2,5,0, | 
(11766)	1,3,0, | 2,5,0, | 
(14322)	1,5,0, | 1,5,0, | 
(10436)	1,2,0, | 1,5,2, | 
(45828)	5,5,2, | 1,0,0, | 
(45828)	5,5,2, | 1,0,0, | 
(45828)	5,5,2, | 1,0,0, | 
(45828)	5,5,2, | 1,0,0, | 
(45828)	5,5,2, | 1,0,0, | 
(45828)	5,5,2, | 1,0,0, | 
(45828)	5,5,2, | 1,0,0, | 
(45828)	5,5,2, | 1,0,0, | 
(45828)	5,5,2, | 1,0,0, | 
(45828)	5,5,2, | 1,0,0, | 
(45828)	5,5,2, | 1,0,0, | 
(45828)	5,5,2, | 1,0,0, | 
(46044)	5,5,3, | 1,0,0, | 
(15084)	1,5,3, | 5,0,0, | 
(7988)	1,0,0, | 5,5,2, | 
(7988)	1,0,0, | 5,5,2, | 
(7988)	1,0,0, | 5,5,2, | 
(7988)	1,0,0, | 5,5,2, | 
(7987)	1,0,0, | 5,5,1, | 
(7987)	1,0,0, | 5,5,1, | 
(7987)	1,0,0, | 5,5,1, | 
(7987)	1,0,0, | 5,5,1, | 
(7987)	1,0,0, | 5,5,1, | 
(7987)	1,0,0, | 5,5,1, | 
(7987)	1,0,0, | 5,5,1, | 
(7987)	1,0,0, | 5,5,1, | 
(45636)	5,5,1, | 1,4,0, | 
(37968)	4,5,1, | 4,4,0, | 
(22099)	2,5,0, | 1,5,1, | 
(14604)	1,5,1, | 3,4,0, | 
(22099)	2,5,0, | 1,5,1, | 
(37651)	4,5,0, | 1,5,1, | 
(37687)	4,5,0, | 2,5,1, | 
(22135)	2,5,0, | 2,5,1, | 
(14359)	1,5,0, | 2,5,1, | 
(11732)	1,3,0, | 1,5,2, | 
(45612)	5,5,1, | 1,0,0, | 
(45612)	5,5,1, | 1,0,0, | 
(45612)	5,5,1, | 1,0,0, | 
(45612)	5,5,1, | 1,0,0, | 
(45612)	5,5,1, | 1,0,0, | 
(45828)	5,5,2, | 1,0,0, | 
(45828)	5,5,2, | 1,0,0, | 
(45828)	5,5,2, | 1,0,0, | 
(45828)	5,5,2, | 1,0,0, | 
(45828)	5,5,2, | 1,0,0, | 
(45828)	5,5,2, | 1,0,0, | 
(45828)	5,5,2, | 1,0,0, | 
(46044)	5,5,3, | 1,0,0, | 
(7989)	1,0,0, | 5,5,3, | 
(7988)	1,0,0, | 5,5,2, | 
(7988)	1,0,0, | 5,5,2, | 
(7988)	1,0,0, | 5,5,2, | 
(7988)	1,0,0, | 5,5,2, | 
(7987)	1,0,0, | 5,5,1, | 
(7987)	1,0,0, | 5,5,1, | 
(7987)	1,0,0, | 5,5,1, | 
(7987)	1,0,0, | 5,5,1, | 
(7987)	1,0,0, | 5,5,1, | 
(7987)	1,0,0, | 5,5,1, | 
(7987)	1,0,0, | 5,5,1, | 
(7987)	1,0,0, | 5,5,1, | 
(45636)	5,5,1, | 1,4,0, | 
(22458)	2,5,1, | 5,5,0, | 
(45427)	5,5,0, | 1,5,1, | 
(30018)	3,5,0, | 5,5,0, | 
(14466)	1,5,0, | 5,5,0, | 
(14646)	1,5,1, | 4,5,0, | 
(45498)	5,5,0, | 3,5,0, | 
(30018)	3,5,0, | 5,5,0, | 
(13063)	1,4,0, | 2,5,1, | 
(13171)	1,4,0, | 5,5,1, | 
(45612)	5,5,1, | 1,0,0, | 
(45612)	5,5,1, | 1,0,0, | 
(45612)	5,5,1, | 1,0,0, | 
(45612)	5,5,1, | 1,0,0, | 
(45612)	5,5,1, | 1,0,0, | 
(45612)	5,5,1, | 1,0,0, | 
(45612)	5,5,1, | 1,0,0, | 
(45612)	5,5,1, | 1,0,0, | 
(45828)	5,5,2, | 1,0,0, | 
(45828)	5,5,2, | 1,0,0, | 
(45828)	5,5,2, | 1,0,0, | 
(45828)	5,5,2, | 1,0,0, | 
(46044)	5,5,3, | 1,0,0, | 
(7989)	1,0,0, | 5,5,3, | 
(7988)	1,0,0, | 5,5,2, | 
(7988)	1,0,0, | 5,5,2, | 
(7988)	1,0,0, | 5,5,2, | 
(7988)	1,0,0, | 5,5,2, | 
(7987)	1,0,0, | 5,5,1, | 
(7987)	1,0,0, | 5,5,1, | 
(7987)	1,0,0, | 5,5,1, | 
(7987)	1,0,0, | 5,5,1, | 
(7987)	1,0,0, | 5,5,1, | 
(7987)	1,0,0, | 5,5,1, | 
(7987)	1,0,0, | 5,5,1, | 
(7987)	1,0,0, | 5,5,1, | 
(45636)	5,5,1, | 1,4,0, | 
(14316)	1,5,0, | 1,4,0, | 
(22099)	2,5,0, | 1,5,1, | 
(45498)	5,5,0, | 3,5,0, | 
(22164)	2,5,0, | 3,4,0, | 
(37651)	4,5,0, | 1,5,1, | 
(13170)	1,4,0, | 5,5,0, | 
(14352)	1,5,0, | 2,4,0, | 
(13170)	1,4,0, | 5,5,0, | 
(13128)	1,4,0, | 4,4,0, | 
(45612)	5,5,1, | 1,0,0, | 
(45612)	5,5,1, | 1,0,0, | 
(45612)	5,5,1, | 1,0,0, | 
(45612)	5,5,1, | 1,0,0, | 
(45612)	5,5,1, | 1,0,0, | 
(45612)	5,5,1, | 1,0,0, | 
(45612)	5,5,1, | 1,0,0, | 
(45612)	5,5,1, | 1,0,0, | 
(45828)	5,5,2, | 1,0,0, | 
(45828)	5,5,2, | 1,0,0, | 
(45828)	5,5,2, | 1,0,0, | 
(45828)	5,5,2, | 1,0,0, | 
(38949)	5,0,0, | 1,5,3, | 
(7989)	1,0,0, | 5,5,3, | 
(7988)	1,0,0, | 5,5,2, | 
(7988)	1,0,0, | 5,5,2, | 
(7988)	1,0,0, | 5,5,2, | 
(7988)	1,0,0, | 5,5,2, | 
(7987)	1,0,0, | 5,5,1, | 
(7987)	1,0,0, | 5,5,1, | 
(7987)	1,0,0, | 5,5,1, | 
(7987)	1,0,0, | 5,5,1, | 
(7987)	1,0,0, | 5,5,1, | 
(7987)	1,0,0, | 5,5,1, | 
(7987)	1,0,0, | 5,5,1, | 
(7987)	1,0,0, | 5,5,1, | 
(45636)	5,5,1, | 1,4,0, | 
(37716)	4,5,0, | 3,4,0, | 
(22243)	2,5,0, | 5,5,1, | 
(13134)	1,4,0, | 4,5,0, | 
(14322)	1,5,0, | 1,5,0, | 
(37788)	4,5,0, | 5,4,0, | 
(22098)	2,5,0, | 1,5,0, | 
(29976)	3,5,0, | 4,4,0, | 
(28651)	3,4,0, | 3,5,1, | 
(13165)	1,4,0, | 5,4,1, | 
(44100)	5,4,0, | 1,0,0, | 
(45612)	5,5,1, | 1,0,0, | 
(45612)	5,5,1, | 1,0,0, | 
(45612)	5,5,1, | 1,0,0, | 
(45612)	5,5,1, | 1,0,0, | 
(45612)	5,5,1, | 1,0,0, | 
(45612)	5,5,1, | 1,0,0, | 
(45612)	5,5,1, | 1,0,0, | 
(45828)	5,5,2, | 1,0,0, | 
(45828)	5,5,2, | 1,0,0, | 
(45828)	5,5,2, | 1,0,0, | 
(45828)	5,5,2, | 1,0,0, | 
(38949)	5,0,0, | 1,5,3, | 
(7953)	1,0,0, | 4,5,3, | 
(7952)	1,0,0, | 4,5,2, | 
(7952)	1,0,0, | 4,5,2, | 
(7952)	1,0,0, | 4,5,2, | 
(7952)	1,0,0, | 4,5,2, | 
(7951)	1,0,0, | 4,5,1, | 
(7951)	1,0,0, | 4,5,1, | 
(7951)	1,0,0, | 4,5,1, | 
(7951)	1,0,0, | 4,5,1, | 
(7951)	1,0,0, | 4,5,1, | 
(7951)	1,0,0, | 4,5,1, | 
(7951)	1,0,0, | 4,5,1, | 
(7951)	1,0,0, | 4,5,1, | 
(36348)	4,4,0, | 1,4,0, | 
(22242)	2,5,0, | 5,5,0, | 
(13020)	1,4,0, | 1,4,0, | 
(13020)	1,4,0, | 1,4,0, | 
(13164)	1,4,0, | 5,4,0, | 
(13020)	1,4,0, | 1,4,0, | 
(13020)	1,4,0, | 1,4,0, | 
(13134)	1,4,0, | 4,5,0, | 
(13020)	1,4,0, | 1,4,0, | 
(12996)	1,4,0, | 1,0,0, | 
(44130)	5,4,0, | 1,5,0, | 
(44130)	5,4,0, | 1,5,0, | 
(44130)	5,4,0, | 1,5,0, | 
(44130)	5,4,0, | 1,5,0, | 
(45612)	5,5,1, | 1,0,0, | 
(45612)	5,5,1, | 1,0,0, | 
(45612)	5,5,1, | 1,0,0, | 
(45828)	5,5,2, | 1,0,0, | 
(45828)	5,5,2, | 1,0,0, | 
(45828)	5,5,2, | 1,0,0, | 
(45828)	5,5,2, | 1,0,0, | 
(45828)	5,5,2, | 1,0,0, | 
(46044)	5,5,3, | 1,0,0, | 
(15084)	1,5,3, | 5,0,0, | 
(15084)	1,5,3, | 5,0,0, | 
(15084)	1,5,3, | 5,0,0, | 
(15084)	1,5,3, | 5,0,0, | 
(15084)	1,5,3, | 5,0,0, | 
(15084)	1,5,3, | 5,0,0, | 
(14874)	1,5,2, | 5,1,0, | 
(14664)	1,5,1, | 5,2,0, | 
(14664)	1,5,1, | 5,2,0, | 
(7987)	1,0,0, | 5,5,1, | 
(7987)	1,0,0, | 5,5,1, | 
(7987)	1,0,0, | 5,5,1, | 
(7980)	1,0,0, | 5,4,0, | 
(36348)	4,4,0, | 1,4,0, | 
(22416)	2,5,1, | 4,4,0, | 
(14322)	1,5,0, | 1,5,0, | 
(36420)	4,4,0, | 3,4,0, | 
(14640)	1,5,1, | 4,4,0, | 
(14322)	1,5,0, | 1,5,0, | 
(13062)	1,4,0, | 2,5,0, | 
(14574)	1,5,1, | 2,5,0, | 
(14466)	1,5,0, | 5,5,0, | 
(10436)	1,2,0, | 1,5,2, | 
(45828)	5,5,2, | 1,0,0, | 
(45828)	5,5,2, | 1,0,0, | 
(45828)	5,5,2, | 1,0,0, | 
(45828)	5,5,2, | 1,0,0, | 
(45828)	5,5,2, | 1,0,0, | 
(45828)	5,5,2, | 1,0,0, | 
(45828)	5,5,2, | 1,0,0, | 
(45828)	5,5,2, | 1,0,0, | 
(45828)	5,5,2, | 1,0,0, | 
(45828)	5,5,2, | 1,0,0, | 
(45828)	5,5,2, | 1,0,0, | 
(45828)	5,5,2, | 1,0,0, | 
(46044)	5,5,3, | 1,0,0, | 
(15084)	1,5,3, | 5,0,0, | 
(15084)	1,5,3, | 5,0,0, | 
(7988)	1,0,0, | 5,5,2, | 
(7988)	1,0,0, | 5,5,2, | 
(7988)	1,0,0, | 5,5,2, | 
(7987)	1,0,0, | 5,5,1, | 
(7987)	1,0,0, | 5,5,1, | 
(7987)	1,0,0, | 5,5,1, | 
(7987)	1,0,0, | 5,5,1, | 
(7987)	1,0,0, | 5,5,1, | 
(7987)	1,0,0, | 5,5,1, | 
(7987)	1,0,0, | 5,5,1, | 
(7987)	1,0,0, | 5,5,1, | 
(36348)	4,4,0, | 1,4,0, | 
(44232)	5,4,0, | 4,4,0, | 
(13092)	1,4,0, | 3,4,0, | 
(44274)	5,4,0, | 5,5,0, | 
(14682)	1,5,1, | 5,5,0, | 
(14322)	1,5,0, | 1,5,0, | 
(22236)	2,5,0, | 5,4,0, | 
(11802)	1,3,0, | 3,5,0, | 
(11796)	1,3,0, | 3,4,0, | 
(11732)	1,3,0, | 1,5,2, | 
(45612)	5,5,1, | 1,0,0, | 
(45612)	5,5,1, | 1,0,0, | 
(45612)	5,5,1, | 1,0,0, | 
(45612)	5,5,1, | 1,0,0, | 
(45612)	5,5,1, | 1,0,0, | 
(45828)	5,5,2, | 1,0,0, | 
(45828)	5,5,2, | 1,0,0, | 
(45828)	5,5,2, | 1,0,0, | 
(45828)	5,5,2, | 1,0,0, | 
(45828)	5,5,2, | 1,0,0, | 
(45828)	5,5,2, | 1,0,0, | 
(45828)	5,5,2, | 1,0,0, | 
(46044)	5,5,3, | 1,0,0, | 
(7989)	1,0,0, | 5,5,3, | 
(7988)	1,0,0, | 5,5,2, | 
(7988)	1,0,0, | 5,5,2, | 
(7988)	1,0,0, | 5,5,2, | 
(7988)	1,0,0, | 5,5,2, | 
(7987)	1,0,0, | 5,5,1, | 
(7987)	1,0,0, | 5,5,1, | 
(7987)	1,0,0, | 5,5,1, | 
(7987)	1,0,0, | 5,5,1, | 
(7987)	1,0,0, | 5,5,1, | 
(7987)	1,0,0, | 5,5,1, | 
(7987)	1,0,0, | 5,5,1, | 
(7987)	1,0,0, | 5,5,1, | 
(36348)	4,4,0, | 1,4,0, | 
(45564)	5,5,0, | 5,4,0, | 
(20874)	2,4,0, | 3,5,0, | 
(20910)	2,4,0, | 4,5,0, | 
(14640)	1,5,1, | 4,4,0, | 
(14466)	1,5,0, | 5,5,0, | 
(29946)	3,5,0, | 3,5,0, | 
(44274)	5,4,0, | 5,5,0, | 
(13134)	1,4,0, | 4,5,0, | 
(13171)	1,4,0, | 5,5,1, | 
(45612)	5,5,1, | 1,0,0, | 
(45612)	5,5,1, | 1,0,0, | 
(45612)	5,5,1, | 1,0,0, | 
(45612)	5,5,1, | 1,0,0, | 
(45612)	5,5,1, | 1,0,0, | 
(45612)	5,5,1, | 1,0,0, | 
(45612)	5,5,1, | 1,0,0, | 
(45612)	5,5,1, | 1,0,0, | 
(45828)	5,5,2, | 1,0,0, | 
(45828)	5,5,2, | 1,0,0, | 
(45828)	5,5,2, | 1,0,0, | 
(45828)	5,5,2, | 1,0,0, | 
(46044)	5,5,3, | 1,0,0, | 
(7989)	1,0,0, | 5,5,3, | 
(7988)	1,0,0, | 5,5,2, | 
(7988)	1,0,0, | 5,5,2, | 
(7988)	1,0,0, | 5,5,2, | 
(7988)	1,0,0, | 5,5,2, | 
(7987)	1,0,0, | 5,5,1, | 
(7987)	1,0,0, | 5,5,1, | 
(7987)	1,0,0, | 5,5,1, | 
(7987)	1,0,0, | 5,5,1, | 
(7987)	1,0,0, | 5,5,1, | 
(7987)	1,0,0, | 5,5,1, | 
(7987)	1,0,0, | 5,5,1, | 
(7987)	1,0,0, | 5,5,1, | 
(36348)	4,4,0, | 1,4,0, | 
(36420)	4,4,0, | 3,4,0, | 
(20874)	2,4,0, | 3,5,0, | 
(20838)	2,4,0, | 2,5,0, | 
(44166)	5,4,0, | 2,5,0, | 
(14322)	1,5,0, | 1,5,0, | 
(13170)	1,4,0, | 5,5,0, | 
(14352)	1,5,0, | 2,4,0, | 
(13170)	1,4,0, | 5,5,0, | 
(13128)	1,4,0, | 4,4,0, | 
(45612)	5,5,1, | 1,0,0, | 
(45612)	5,5,1, | 1,0,0, | 
(45612)	5,5,1, | 1,0,0, | 
(45612)	5,5,1, | 1,0,0, | 
(45612)	5,5,1, | 1,0,0, | 
(45612)	5,5,1, | 1,0,0, | 
(45612)	5,5,1, | 1,0,0, | 
(45612)	5,5,1, | 1,0,0, | 
(45828)	5,5,2, | 1,0,0, | 
(45828)	5,5,2, | 1,0,0, | 
(45828)	5,5,2, | 1,0,0, | 
(45828)	5,5,2, | 1,0,0, | 
(46044)	5,5,3, | 1,0,0, | 
(7989)	1,0,0, | 5,5,3, | 
(7988)	1,0,0, | 5,5,2, | 
(7988)	1,0,0, | 5,5,2, | 
(7988)	1,0,0, | 5,5,2, | 
(7988)	1,0,0, | 5,5,2, | 
(7987)	1,0,0, | 5,5,1, | 
(7987)	1,0,0, | 5,5,1, | 
(7987)	1,0,0, | 5,5,1, | 
(7987)	1,0,0, | 5,5,1, | 
(7987)	1,0,0, | 5,5,1, | 
(7987)	1,0,0, | 5,5,1, | 
(7987)	1,0,0, | 5,5,1, | 
(7987)	1,0,0, | 5,5,1, | 
(36348)	4,4,0, | 1,4,0, | 
(45564)	5,5,0, | 5,4,0, | 
(20838)	2,4,0, | 2,5,0, | 
(20910)	2,4,0, | 4,5,0, | 
(44130)	5,4,0, | 1,5,0, | 
(13128)	1,4,0, | 4,4,0, | 
(29946)	3,5,0, | 3,5,0, | 
(13026)	1,4,0, | 1,5,0, | 
(22134)	2,5,0, | 2,5,0, | 
(13165)	1,4,0, | 5,4,1, | 
(44100)	5,4,0, | 1,0,0, | 
(45612)	5,5,1, | 1,0,0, | 
(45612)	5,5,1, | 1,0,0, | 
(45612)	5,5,1, | 1,0,0, | 
(45612)	5,5,1, | 1,0,0, | 
(45612)	5,5,1, | 1,0,0, | 
(45612)	5,5,1, | 1,0,0, | 
(45612)	5,5,1, | 1,0,0, | 
(45828)	5,5,2, | 1,0,0, | 
(45828)	5,5,2, | 1,0,0, | 
(45828)	5,5,2, | 1,0,0, | 
(45828)	5,5,2, | 1,0,0, | 
(38949)	5,0,0, | 1,5,3, | 
(7953)	1,0,0, | 4,5,3, | 
(7952)	1,0,0, | 4,5,2, | 
(7952)	1,0,0, | 4,5,2, | 
(7952)	1,0,0, | 4,5,2, | 
(7952)	1,0,0, | 4,5,2, | 
(7951)	1,0,0, | 4,5,1, | 
(7951)	1,0,0, | 4,5,1, | 
(7951)	1,0,0, | 4,5,1, | 
(7951)	1,0,0, | 4,5,1, | 
(7951)	1,0,0, | 4,5,1, | 
(7951)	1,0,0, | 4,5,1, | 
(7951)	1,0,0, | 4,5,1, | 
(7944)	1,0,0, | 4,4,0, | 
(44130)	5,4,0, | 1,5,0, | 
(22242)	2,5,0, | 5,5,0, | 
(13020)	1,4,0, | 1,4,0, | 
(13020)	1,4,0, | 1,4,0, | 
(13164)	1,4,0, | 5,4,0, | 
(13020)	1,4,0, | 1,4,0, | 
(13020)	1,4,0, | 1,4,0, | 
(13134)	1,4,0, | 4,5,0, | 
(13020)	1,4,0, | 1,4,0, | 
(12996)	1,4,0, | 1,0,0, | 
(44130)	5,4,0, | 1,5,0, | 
(44130)	5,4,0, | 1,5,0, | 
(44130)	5,4,0, | 1,5,0, | 
(44130)	5,4,0, | 1,5,0, | 
(45612)	5,5,1, | 1,0,0, | 
(45612)	5,5,1, | 1,0,0, | 
(45625)	5,5,1, | 1,2,1, | 
(45828)	5,5,2, | 1,0,0, | 
(45828)	5,5,2, | 1,0,0, | 
(45828)	5,5,2, | 1,0,0, | 
(45828)	5,5,2, | 1,0,0, | 
(45828)	5,5,2, | 1,0,0, | 
(46044)	5,5,3, | 1,0,0, | 
(15084)	1,5,3, | 5,0,0, | 
(15084)	1,5,3, | 5,0,0, | 
(15084)	1,5,3, | 5,0,0, | 
(15084)	1,5,3, | 5,0,0, | 
(15084)	1,5,3, | 5,0,0, | 
(15084)	1,5,3, | 5,0,0, | 
(14874)	1,5,2, | 5,1,0, | 
(14664)	1,5,1, | 5,2,0, | 
(14664)	1,5,1, | 5,2,0, | 
(14664)	1,5,1, | 5,2,0, | 
(7987)	1,0,0, | 5,5,1, | 
(7980)	1,0,0, | 5,4,0, | 
(7980)	1,0,0, | 5,4,0, | 
(44130)	5,4,0, | 1,5,0, | 
(22416)	2,5,1, | 4,4,0, | 
(37650)	4,5,0, | 1,5,0, | 
(10542)	1,2,0, | 4,5,0, | 
(10470)	1,2,0, | 2,5,0, | 
(14574)	1,5,1, | 2,5,0, | 
(14394)	1,5,0, | 3,5,0, | 
(10542)	1,2,0, | 4,5,0, | 
(14466)	1,5,0, | 5,5,0, | 
(10436)	1,2,0, | 1,5,2, | 
(45828)	5,5,2, | 1,0,0, | 
(45828)	5,5,2, | 1,0,0, | 
(45828)	5,5,2, | 1,0,0, | 
(45828)	5,5,2, | 1,0,0, | 
(45828)	5,5,2, | 1,0,0, | 
(45828)	5,5,2, | 1,0,0, | 
(45828)	5,5,2, | 1,0,0, | 
(45828)	5,5,2, | 1,0,0, | 
(45828)	5,5,2, | 1,0,0, | 
(45828)	5,5,2, | 1,0,0, | 
(45828)	5,5,2, | 1,0,0, | 
(45828)	5,5,2, | 1,0,0, | 
(46044)	5,5,3, | 1,0,0, | 
(15084)	1,5,3, | 5,0,0, | 
(15084)	1,5,3, | 5,0,0, | 
(15084)	1,5,3, | 5,0,0, | 
(7988)	1,0,0, | 5,5,2, | 
(7988)	1,0,0, | 5,5,2, | 
(7987)	1,0,0, | 5,5,1, | 
(7987)	1,0,0, | 5,5,1, | 
(7987)	1,0,0, | 5,5,1, | 
(7987)	1,0,0, | 5,5,1, | 
(7987)	1,0,0, | 5,5,1, | 
(7987)	1,0,0, | 5,5,1, | 
(7987)	1,0,0, | 5,5,1, | 
(7980)	1,0,0, | 5,4,0, | 
(44130)	5,4,0, | 1,5,0, | 
(20904)	2,4,0, | 4,4,0, | 
(14352)	1,5,0, | 2,4,0, | 
(14460)	1,5,0, | 5,4,0, | 
(14322)	1,5,0, | 1,5,0, | 
(37650)	4,5,0, | 1,5,0, | 
(37788)	4,5,0, | 5,4,0, | 
(11760)	1,3,0, | 2,4,0, | 
(22098)	2,5,0, | 1,5,0, | 
(11732)	1,3,0, | 1,5,2, | 
(45612)	5,5,1, | 1,0,0, | 
(45612)	5,5,1, | 1,0,0, | 
(45612)	5,5,1, | 1,0,0, | 
(45612)	5,5,1, | 1,0,0, | 
(45612)	5,5,1, | 1,0,0, | 
(45828)	5,5,2, | 1,0,0, | 
(45828)	5,5,2, | 1,0,0, | 
(45828)	5,5,2, | 1,0,0, | 
(45828)	5,5,2, | 1,0,0, | 
(45828)	5,5,2, | 1,0,0, | 
(45828)	5,5,2, | 1,0,0, | 
(45828)	5,5,2, | 1,0,0, | 
(46044)	5,5,3, | 1,0,0, | 
(15084)	1,5,3, | 5,0,0, | 
(7988)	1,0,0, | 5,5,2, | 
(7988)	1,0,0, | 5,5,2, | 
(7988)	1,0,0, | 5,5,2, | 
(7988)	1,0,0, | 5,5,2, | 
(7987)	1,0,0, | 5,5,1, | 
(7987)	1,0,0, | 5,5,1, | 
(7987)	1,0,0, | 5,5,1, | 
(7987)	1,0,0, | 5,5,1, | 
(7987)	1,0,0, | 5,5,1, | 
(7987)	1,0,0, | 5,5,1, | 
(7987)	1,0,0, | 5,5,1, | 
(7980)	1,0,0, | 5,4,0, | 
(44130)	5,4,0, | 1,5,0, | 
(14460)	1,5,0, | 5,4,0, | 
(14682)	1,5,1, | 5,5,0, | 
(22098)	2,5,0, | 1,5,0, | 
(45570)	5,5,0, | 5,5,0, | 
(14466)	1,5,0, | 5,5,0, | 
(13062)	1,4,0, | 2,5,0, | 
(13164)	1,4,0, | 5,4,0, | 
(28686)	3,4,0, | 4,5,0, | 
(13171)	1,4,0, | 5,5,1, | 
(45612)	5,5,1, | 1,0,0, | 
(45612)	5,5,1, | 1,0,0, | 
(45612)	5,5,1, | 1,0,0, | 
(45612)	5,5,1, | 1,0,0, | 
(45612)	5,5,1, | 1,0,0, | 
(45612)	5,5,1, | 1,0,0, | 
(45612)	5,5,1, | 1,0,0, | 
(45612)	5,5,1, | 1,0,0, | 
(45828)	5,5,2, | 1,0,0, | 
(45828)	5,5,2, | 1,0,0, | 
(45828)	5,5,2, | 1,0,0, | 
(45828)	5,5,2, | 1,0,0, | 
(46044)	5,5,3, | 1,0,0, | 
(7989)	1,0,0, | 5,5,3, | 
(7988)	1,0,0, | 5,5,2, | 
(7988)	1,0,0, | 5,5,2, | 
(7988)	1,0,0, | 5,5,2, | 
(7988)	1,0,0, | 5,5,2, | 
(7987)	1,0,0, | 5,5,1, | 
(7987)	1,0,0, | 5,5,1, | 
(7987)	1,0,0, | 5,5,1, | 
(7987)	1,0,0, | 5,5,1, | 
(7987)	1,0,0, | 5,5,1, | 
(7987)	1,0,0, | 5,5,1, | 
(7987)	1,0,0, | 5,5,1, | 
(7980)	1,0,0, | 5,4,0, | 
(44130)	5,4,0, | 1,5,0, | 
(22092)	2,5,0, | 1,4,0, | 
(22236)	2,5,0, | 5,4,0, | 
(44166)	5,4,0, | 2,5,0, | 
(22164)	2,5,0, | 3,4,0, | 
(14322)	1,5,0, | 1,5,0, | 
(13170)	1,4,0, | 5,5,0, | 
(14352)	1,5,0, | 2,4,0, | 
(28722)	3,4,0, | 5,5,0, | 
(13128)	1,4,0, | 4,4,0, | 
(45612)	5,5,1, | 1,0,0, | 
(45612)	5,5,1, | 1,0,0, | 
(45612)	5,5,1, | 1,0,0, | 
(45612)	5,5,1, | 1,0,0, | 
(45612)	5,5,1, | 1,0,0, | 
(45612)	5,5,1, | 1,0,0, | 
(45612)	5,5,1, | 1,0,0, | 
(45612)	5,5,1, | 1,0,0, | 
(45828)	5,5,2, | 1,0,0, | 
(45828)	5,5,2, | 1,0,0, | 
(45828)	5,5,2, | 1,0,0, | 
(45828)	5,5,2, | 1,0,0, | 
(46044)	5,5,3, | 1,0,0, | 
(7989)	1,0,0, | 5,5,3, | 
(7988)	1,0,0, | 5,5,2, | 
(7988)	1,0,0, | 5,5,2, | 
(7988)	1,0,0, | 5,5,2, | 
(7988)	1,0,0, | 5,5,2, | 
(7987)	1,0,0, | 5,5,1, | 
(7987)	1,0,0, | 5,5,1, | 
(7987)	1,0,0, | 5,5,1, | 
(7987)	1,0,0, | 5,5,1, | 
(7987)	1,0,0, | 5,5,1, | 
(7987)	1,0,0, | 5,5,1, | 
(7987)	1,0,0, | 5,5,1, | 
(7980)	1,0,0, | 5,4,0, | 
(44130)	5,4,0, | 1,5,0, | 
(14388)	1,5,0, | 3,4,0, | 
(14460)	1,5,0, | 5,4,0, | 
(44238)	5,4,0, | 4,5,0, | 
(14358)	1,5,0, | 2,5,0, | 
(22236)	2,5,0, | 5,4,0, | 
(14358)	1,5,0, | 2,5,0, | 
(22134)	2,5,0, | 2,5,0, | 
(14394)	1,5,0, | 3,5,0, | 
(13165)	1,4,0, | 5,4,1, | 
(44100)	5,4,0, | 1,0,0, | 
(45612)	5,5,1, | 1,0,0, | 
(45612)	5,5,1, | 1,0,0, | 
(45612)	5,5,1, | 1,0,0, | 
(45612)	5,5,1, | 1,0,0, | 
(45612)	5,5,1, | 1,0,0, | 
(45612)	5,5,1, | 1,0,0, | 
(45612)	5,5,1, | 1,0,0, | 
