(7128)	0,5,3, | 0,0,0, | 
(7128)	0,5,3, | 0,0,0, | 
(7128)	0,5,3, | 0,0,0, | 
(7128)	0,5,3, | 0,0,0, | 
(7128)	0,5,3, | 0,0,0, | 
(33)	0,0,0, | 0,5,3, | 
(33)	0,0,0, | 0,5,3, | 
(33)	0,0,0, | 0,5,3, | 
(33)	0,0,0, | 0,5,3, | 
(33)	0,0,0, | 0,5,3, | 
(38912)	5,0,0, | 0,5,2, | 
(7808)	1,0,0, | 0,5,2, | 
(32)	0,0,0, | 0,5,2, | 
(7808)	1,0,0, | 0,5,2, | 
(31)	0,0,0, | 0,5,1, | 
(7807)	1,0,0, | 0,5,1, | 
(6504)	0,5,0, | 0,4,0, | 
(6504)	0,5,0, | 0,4,0, | 
(6510)	0,5,0, | 0,5,0, | 
(6504)	0,5,0, | 0,4,0, | 
(5286)	0,4,0, | 2,5,0, | 
(5316)	0,4,0, | 3,4,0, | 
(14352)	1,5,0, | 2,4,0, | 
(5208)	0,4,0, | 0,4,0, | 
(6582)	0,5,0, | 2,5,0, | 
(5316)	0,4,0, | 3,4,0, | 
(6690)	0,5,0, | 5,5,0, | 
(5244)	0,4,0, | 1,4,0, | 
(5214)	0,4,0, | 0,5,0, | 
(5322)	0,4,0, | 3,5,0, | 
(6732)	0,5,1, | 1,0,0, | 
(6696)	0,5,1, | 0,0,0, | 
(6948)	0,5,2, | 1,0,0, | 
(6948)	0,5,2, | 1,0,0, | 
(6948)	0,5,2, | 1,0,0, | 
(7056)	0,5,2, | 4,0,0, | 
(7128)	0,5,3, | 0,0,0, | 
(7128)	0,5,3, | 0,0,0, | 
(7128)	0,5,3, | 0,0,0, | 
(7128)	0,5,3, | 0,0,0, | 
(7128)	0,5,3, | 0,0,0, | 
(7128)	0,5,3, | 0,0,0, | 
(7128)	0,5,3, | 0,0,0, | 
(7128)	0,5,3, | 0,0,0, | 
(13)	0,0,0, | 0,2,1, | 
(13)	0,0,0, | 0,2,1, | 
(13)	0,0,0, | 0,2,1, | 
(13)	0,0,0, | 0,2,1, | 
(19)	0,0,0, | 0,3,1, | 
(19)	0,0,0, | 0,3,1, | 
(6504)	0,5,0, | 0,4,0, | 
(6504)	0,5,0, | 0,4,0, | 
(6504)	0,5,0, | 0,4,0, | 
(6504)	0,5,0, | 0,4,0, | 
(6510)	0,5,0, | 0,5,0, | 
(2688)	0,2,0, | 2,4,0, | 
(2652)	0,2,0, | 1,4,0, | 
(2616)	0,2,0, | 0,4,0, | 
(14460)	1,5,0, | 5,4,0, | 
(2658)	0,2,0, | 1,5,0, | 
(13020)	1,4,0, | 1,4,0, | 
(5280)	0,4,0, | 2,4,0, | 
(6504)	0,5,0, | 0,4,0, | 
(4050)	0,3,0, | 4,3,0, | 
(7090)	0,5,2, | 4,5,4, | 
(6925)	0,5,2, | 0,2,1, | 
(6932)	0,5,2, | 0,3,2, | 
(6932)	0,5,2, | 0,3,2, | 
(7027)	0,5,2, | 3,1,1, | 
(7082)	0,5,2, | 4,4,2, | 
(7089)	0,5,2, | 4,5,3, | 
(7082)	0,5,2, | 4,4,2, | 
(7128)	0,5,3, | 0,0,0, | 
(7128)	0,5,3, | 0,0,0, | 
(7128)	0,5,3, | 0,0,0, | 
(7128)	0,5,3, | 0,0,0, | 
(7128)	0,5,3, | 0,0,0, | 
(7128)	0,5,3, | 0,0,0, | 
(7128)	0,5,3, | 0,0,0, | 
(26)	0,0,0, | 0,4,2, | 
(26)	0,0,0, | 0,4,2, | 
(26)	0,0,0, | 0,4,2, | 
(38912)	5,0,0, | 0,5,2, | 
(7808)	1,0,0, | 0,5,2, | 
(32)	0,0,0, | 0,5,2, | 
(7808)	1,0,0, | 0,5,2, | 
(31)	0,0,0, | 0,5,1, | 
(6504)	0,5,0, | 0,4,0, | 
(6504)	0,5,0, | 0,4,0, | 
(6504)	0,5,0, | 0,4,0, | 
(6510)	0,5,0, | 0,5,0, | 
(3918)	0,3,0, | 0,5,0, | 
(3912)	0,3,0, | 0,4,0, | 
(4026)	0,3,0, | 3,5,0, | 
(14352)	1,5,0, | 2,4,0, | 
(3912)	0,3,0, | 0,4,0, | 
(6546)	0,5,0, | 1,5,0, | 
(6504)	0,5,0, | 0,4,0, | 
(6510)	0,5,0, | 0,5,0, | 
(5388)	0,4,0, | 5,4,0, | 
(6824)	0,5,1, | 3,3,2, | 
(6787)	0,5,1, | 2,3,1, | 
(6872)	0,5,1, | 4,5,2, | 
(6938)	0,5,2, | 0,4,2, | 
(6919)	0,5,2, | 0,1,1, | 
(6919)	0,5,2, | 0,1,1, | 
(6919)	0,5,2, | 0,1,1, | 
(6925)	0,5,2, | 0,2,1, | 
(7128)	0,5,3, | 0,0,0, | 
(7128)	0,5,3, | 0,0,0, | 
(7128)	0,5,3, | 0,0,0, | 
(7128)	0,5,3, | 0,0,0, | 
(7128)	0,5,3, | 0,0,0, | 
(7128)	0,5,3, | 0,0,0, | 
(33)	0,0,0, | 0,5,3, | 
(33)	0,0,0, | 0,5,3, | 
(33)	0,0,0, | 0,5,3, | 
(33)	0,0,0, | 0,5,3, | 
(38912)	5,0,0, | 0,5,2, | 
(7808)	1,0,0, | 0,5,2, | 
(32)	0,0,0, | 0,5,2, | 
(7808)	1,0,0, | 0,5,2, | 
(31)	0,0,0, | 0,5,1, | 
(6504)	0,5,0, | 0,4,0, | 
(6504)	0,5,0, | 0,4,0, | 
(6504)	0,5,0, | 0,4,0, | 
(6510)	0,5,0, | 0,5,0, | 
(5244)	0,4,0, | 1,4,0, | 
(5250)	0,4,0, | 1,5,0, | 
(5244)	0,4,0, | 1,4,0, | 
(5250)	0,4,0, | 1,5,0, | 
(5214)	0,4,0, | 0,5,0, | 
(12984)	1,4,0, | 0,4,0, | 
(5352)	0,4,0, | 4,4,0, | 
(6510)	0,5,0, | 0,5,0, | 
(5184)	0,4,0, | 0,0,0, | 
(6883)	0,5,1, | 5,1,1, | 
(6709)	0,5,1, | 0,2,1, | 
(6709)	0,5,1, | 0,2,1, | 
(6709)	0,5,1, | 0,2,1, | 
(6932)	0,5,2, | 0,3,2, | 
(6948)	0,5,2, | 1,0,0, | 
(6968)	0,5,2, | 1,3,2, | 
(6984)	0,5,2, | 2,0,0, | 
(7128)	0,5,3, | 0,0,0, | 
(7128)	0,5,3, | 0,0,0, | 
(7128)	0,5,3, | 0,0,0, | 
(7128)	0,5,3, | 0,0,0, | 
(7128)	0,5,3, | 0,0,0, | 
(7128)	0,5,3, | 0,0,0, | 
(33)	0,0,0, | 0,5,3, | 
(33)	0,0,0, | 0,5,3, | 
(33)	0,0,0, | 0,5,3, | 
(33)	0,0,0, | 0,5,3, | 
(38912)	5,0,0, | 0,5,2, | 
(7808)	1,0,0, | 0,5,2, | 
(32)	0,0,0, | 0,5,2, | 
(7808)	1,0,0, | 0,5,2, | 
(31)	0,0,0, | 0,5,1, | 
(6504)	0,5,0, | 0,4,0, | 
(6504)	0,5,0, | 0,4,0, | 
(6504)	0,5,0, | 0,4,0, | 
(6510)	0,5,0, | 0,5,0, | 
(5244)	0,4,0, | 1,4,0, | 
(5214)	0,4,0, | 0,5,0, | 
(5280)	0,4,0, | 2,4,0, | 
(5214)	0,4,0, | 0,5,0, | 
(5280)	0,4,0, | 2,4,0, | 
(6510)	0,5,0, | 0,5,0, | 
(5208)	0,4,0, | 0,4,0, | 
(6510)	0,5,0, | 0,5,0, | 
(5184)	0,4,0, | 0,0,0, | 
(6703)	0,5,1, | 0,1,1, | 
(6745)	0,5,1, | 1,2,1, | 
(6703)	0,5,1, | 0,1,1, | 
(6703)	0,5,1, | 0,1,1, | 
(7046)	0,5,2, | 3,4,2, | 
(6991)	0,5,2, | 2,1,1, | 
(6991)	0,5,2, | 2,1,1, | 
(7099)	0,5,2, | 5,1,1, | 
(7128)	0,5,3, | 0,0,0, | 
(7128)	0,5,3, | 0,0,0, | 
(7128)	0,5,3, | 0,0,0, | 
(7128)	0,5,3, | 0,0,0, | 
(7128)	0,5,3, | 0,0,0, | 
(7128)	0,5,3, | 0,0,0, | 
(33)	0,0,0, | 0,5,3, | 
(33)	0,0,0, | 0,5,3, | 
(33)	0,0,0, | 0,5,3, | 
(33)	0,0,0, | 0,5,3, | 
(38912)	5,0,0, | 0,5,2, | 
(7808)	1,0,0, | 0,5,2, | 
(32)	0,0,0, | 0,5,2, | 
(7808)	1,0,0, | 0,5,2, | 
(31)	0,0,0, | 0,5,1, | 
(7807)	1,0,0, | 0,5,1, | 
(6504)	0,5,0, | 0,4,0, | 
(6504)	0,5,0, | 0,4,0, | 
(6510)	0,5,0, | 0,5,0, | 
(5208)	0,4,0, | 0,4,0, | 
(5214)	0,4,0, | 0,5,0, | 
(5214)	0,4,0, | 0,5,0, | 
(5214)	0,4,0, | 0,5,0, | 
(5280)	0,4,0, | 2,4,0, | 
(13020)	1,4,0, | 1,4,0, | 
(5280)	0,4,0, | 2,4,0, | 
(6510)	0,5,0, | 0,5,0, | 
(5184)	0,4,0, | 0,0,0, | 
(6703)	0,5,1, | 0,1,1, | 
(6703)	0,5,1, | 0,1,1, | 
(6745)	0,5,1, | 1,2,1, | 
(6703)	0,5,1, | 0,1,1, | 
(6912)	0,5,2, | 0,0,0, | 
(6919)	0,5,2, | 0,1,1, | 
(7118)	0,5,2, | 5,4,2, | 
(6945)	0,5,2, | 0,5,3, | 
(2808)	0,2,1, | 0,0,0, | 
(2808)	0,2,1, | 0,0,0, | 
(33)	0,0,0, | 0,5,3, | 
(33)	0,0,0, | 0,5,3, | 
(33)	0,0,0, | 0,5,3, | 
(33)	0,0,0, | 0,5,3, | 
(33)	0,0,0, | 0,5,3, | 
(33)	0,0,0, | 0,5,3, | 
(33)	0,0,0, | 0,5,3, | 
(33)	0,0,0, | 0,5,3, | 
(2840)	0,2,1, | 0,5,2, | 
(5648)	0,4,2, | 0,5,2, | 
(1544)	0,1,1, | 0,5,2, | 
(2840)	0,2,1, | 0,5,2, | 
(2840)	0,2,1, | 0,5,2, | 
(4352)	0,3,2, | 0,5,2, | 
(2840)	0,2,1, | 0,5,2, | 
(38264)	4,5,3, | 0,5,2, | 
(35010)	4,3,0, | 0,3,0, | 
(5196)	0,4,0, | 0,2,0, | 
(5208)	0,4,0, | 0,4,0, | 
(5214)	0,4,0, | 0,5,0, | 
(5268)	0,4,0, | 2,2,0, | 
(5244)	0,4,0, | 1,4,0, | 
(5196)	0,4,0, | 0,2,0, | 
(5232)	0,4,0, | 1,2,0, | 
(5196)	0,4,0, | 0,2,0, | 
(5244)	0,4,0, | 1,4,0, | 
(5250)	0,4,0, | 1,5,0, | 
(5322)	0,4,0, | 3,5,0, | 
(5322)	0,4,0, | 3,5,0, | 
(5214)	0,4,0, | 0,5,0, | 
(4104)	0,3,1, | 0,0,0, | 
(4176)	0,3,1, | 2,0,0, | 
(2808)	0,2,1, | 0,0,0, | 
(2808)	0,2,1, | 0,0,0, | 
(2808)	0,2,1, | 0,0,0, | 
(2808)	0,2,1, | 0,0,0, | 
(2808)	0,2,1, | 0,0,0, | 
(2808)	0,2,1, | 0,0,0, | 
(2808)	0,2,1, | 0,0,0, | 
(13)	0,0,0, | 0,2,1, | 
(13)	0,0,0, | 0,2,1, | 
(13)	0,0,0, | 0,2,1, | 
(13)	0,0,0, | 0,2,1, | 
(13)	0,0,0, | 0,2,1, | 
(7789)	1,0,0, | 0,2,1, | 
(13)	0,0,0, | 0,2,1, | 
(1531)	0,1,1, | 0,3,1, | 
(2827)	0,2,1, | 0,3,1, | 
(2827)	0,2,1, | 0,3,1, | 
(4339)	0,3,2, | 0,3,1, | 
(2827)	0,2,1, | 0,3,1, | 
(38251)	4,5,3, | 0,3,1, | 
(35010)	4,3,0, | 0,3,0, | 
(37824)	4,5,1, | 0,4,0, | 
(2622)	0,2,0, | 0,5,0, | 
(2616)	0,2,0, | 0,4,0, | 
(2724)	0,2,0, | 3,4,0, | 
(10506)	1,2,0, | 3,5,0, | 
(2610)	0,2,0, | 0,3,0, | 
(26076)	3,2,0, | 4,2,0, | 
(2712)	0,2,0, | 3,2,0, | 
(4050)	0,3,0, | 4,3,0, | 
(4130)	0,3,1, | 0,4,2, | 
(4117)	0,3,1, | 0,2,1, | 
(4124)	0,3,1, | 0,3,2, | 
(4117)	0,3,1, | 0,2,1, | 
(4117)	0,3,1, | 0,2,1, | 
(4111)	0,3,1, | 0,1,1, | 
(2808)	0,2,1, | 0,0,0, | 
(2808)	0,2,1, | 0,0,0, | 
(2808)	0,2,1, | 0,0,0, | 
(2808)	0,2,1, | 0,0,0, | 
(2808)	0,2,1, | 0,0,0, | 
(26)	0,0,0, | 0,4,2, | 
(26)	0,0,0, | 0,4,2, | 
(26)	0,0,0, | 0,4,2, | 
(26)	0,0,0, | 0,4,2, | 
(26)	0,0,0, | 0,4,2, | 
(26)	0,0,0, | 0,4,2, | 
(26)	0,0,0, | 0,4,2, | 
(7802)	1,0,0, | 0,4,2, | 
(5648)	0,4,2, | 0,5,2, | 
(1544)	0,1,1, | 0,5,2, | 
(2840)	0,2,1, | 0,5,2, | 
(2840)	0,2,1, | 0,5,2, | 
(4352)	0,3,2, | 0,5,2, | 
(2840)	0,2,1, | 0,5,2, | 
(38264)	4,5,3, | 0,5,2, | 
(35010)	4,3,0, | 0,3,0, | 
(37896)	4,5,1, | 2,4,0, | 
(3978)	0,3,0, | 2,3,0, | 
(3918)	0,3,0, | 0,5,0, | 
(3913)	0,3,0, | 0,4,1, | 
(14599)	1,5,1, | 3,3,1, | 
(3900)	0,3,0, | 0,2,0, | 
(30108)	3,5,1, | 2,2,0, | 
(4015)	0,3,0, | 3,3,1, | 
(5388)	0,4,0, | 5,4,0, | 
(3954)	0,3,0, | 1,5,0, | 
(2610)	0,2,0, | 0,3,0, | 
(5419)	0,4,1, | 0,3,1, | 
(4117)	0,3,1, | 0,2,1, | 
(4232)	0,3,1, | 3,3,2, | 
(4111)	0,3,1, | 0,1,1, | 
(2815)	0,2,1, | 0,1,1, | 
(2815)	0,2,1, | 0,1,1, | 
(2808)	0,2,1, | 0,0,0, | 
(2808)	0,2,1, | 0,0,0, | 
(2808)	0,2,1, | 0,0,0, | 
(33)	0,0,0, | 0,5,3, | 
(33)	0,0,0, | 0,5,3, | 
(33)	0,0,0, | 0,5,3, | 
(33)	0,0,0, | 0,5,3, | 
(33)	0,0,0, | 0,5,3, | 
(33)	0,0,0, | 0,5,3, | 
(33)	0,0,0, | 0,5,3, | 
(2840)	0,2,1, | 0,5,2, | 
(5648)	0,4,2, | 0,5,2, | 
(1544)	0,1,1, | 0,5,2, | 
(2840)	0,2,1, | 0,5,2, | 
(2840)	0,2,1, | 0,5,2, | 
(4352)	0,3,2, | 0,5,2, | 
(2840)	0,2,1, | 0,5,2, | 
(38264)	4,5,3, | 0,5,2, | 
(35010)	4,3,0, | 0,3,0, | 
(5268)	0,4,0, | 2,2,0, | 
(6727)	0,5,1, | 0,5,1, | 
(5196)	0,4,0, | 0,2,0, | 
(14268)	1,5,0, | 0,2,0, | 
(5196)	0,4,0, | 0,2,0, | 
(5196)	0,4,0, | 0,2,0, | 
(37824)	4,5,1, | 0,4,0, | 
(6835)	0,5,1, | 3,5,1, | 
(5184)	0,4,0, | 0,0,0, | 
(6709)	0,5,1, | 0,2,1, | 
(6709)	0,5,1, | 0,2,1, | 
(6709)	0,5,1, | 0,2,1, | 
(4117)	0,3,1, | 0,2,1, | 
(4124)	0,3,1, | 0,3,2, | 
(4140)	0,3,1, | 1,0,0, | 
(2815)	0,2,1, | 0,1,1, | 
(2844)	0,2,1, | 1,0,0, | 
(2808)	0,2,1, | 0,0,0, | 
(2808)	0,2,1, | 0,0,0, | 
(33)	0,0,0, | 0,5,3, | 
(33)	0,0,0, | 0,5,3, | 
(33)	0,0,0, | 0,5,3, | 
(33)	0,0,0, | 0,5,3, | 
(33)	0,0,0, | 0,5,3, | 
(33)	0,0,0, | 0,5,3, | 
(33)	0,0,0, | 0,5,3, | 
(33)	0,0,0, | 0,5,3, | 
(2840)	0,2,1, | 0,5,2, | 
(5648)	0,4,2, | 0,5,2, | 
(1544)	0,1,1, | 0,5,2, | 
(2840)	0,2,1, | 0,5,2, | 
(32)	0,0,0, | 0,5,2, | 
(4352)	0,3,2, | 0,5,2, | 
(2840)	0,2,1, | 0,5,2, | 
(38264)	4,5,3, | 0,5,2, | 
(35010)	4,3,0, | 0,3,0, | 
(5250)	0,4,0, | 1,5,0, | 
(13020)	1,4,0, | 1,4,0, | 
(5196)	0,4,0, | 0,2,0, | 
(5352)	0,4,0, | 4,4,0, | 
(5209)	0,4,0, | 0,4,1, | 
(5202)	0,4,0, | 0,3,0, | 
(5274)	0,4,0, | 2,3,0, | 
(28524)	3,4,0, | 0,2,0, | 
(5184)	0,4,0, | 0,0,0, | 
(5214)	0,4,0, | 0,5,0, | 
(6745)	0,5,1, | 1,2,1, | 
(6703)	0,5,1, | 0,1,1, | 
(6703)	0,5,1, | 0,1,1, | 
(4153)	0,3,1, | 1,2,1, | 
(4111)	0,3,1, | 0,1,1, | 
(2828)	0,2,1, | 0,3,2, | 
(2936)	0,2,1, | 3,3,2, | 
(2808)	0,2,1, | 0,0,0, | 
(2808)	0,2,1, | 0,0,0, | 
(33)	0,0,0, | 0,5,3, | 
(33)	0,0,0, | 0,5,3, | 
(33)	0,0,0, | 0,5,3, | 
(33)	0,0,0, | 0,5,3, | 
(33)	0,0,0, | 0,5,3, | 
(33)	0,0,0, | 0,5,3, | 
(33)	0,0,0, | 0,5,3, | 
(33)	0,0,0, | 0,5,3, | 
(2840)	0,2,1, | 0,5,2, | 
(5648)	0,4,2, | 0,5,2, | 
(1544)	0,1,1, | 0,5,2, | 
(2840)	0,2,1, | 0,5,2, | 
(2840)	0,2,1, | 0,5,2, | 
(4352)	0,3,2, | 0,5,2, | 
(2840)	0,2,1, | 0,5,2, | 
(38264)	4,5,3, | 0,5,2, | 
(35010)	4,3,0, | 0,3,0, | 
(5202)	0,4,0, | 0,3,0, | 
(13056)	1,4,0, | 2,4,0, | 
(5238)	0,4,0, | 1,3,0, | 
(5274)	0,4,0, | 2,3,0, | 
(37687)	4,5,0, | 2,5,1, | 
(5196)	0,4,0, | 0,2,0, | 
(5238)	0,4,0, | 1,3,0, | 
(28579)	3,4,0, | 1,5,1, | 
(5184)	0,4,0, | 0,0,0, | 
(5214)	0,4,0, | 0,5,0, | 
(5214)	0,4,0, | 0,5,0, | 
(6745)	0,5,1, | 1,2,1, | 
(6696)	0,5,1, | 0,0,0, | 
(4104)	0,3,1, | 0,0,0, | 
(4268)	0,3,1, | 4,3,2, | 
(2815)	0,2,1, | 0,1,1, | 
(2822)	0,2,1, | 0,2,2, | 
(5616)	0,4,2, | 0,0,0, | 
(5616)	0,4,2, | 0,0,0, | 
(5616)	0,4,2, | 0,0,0, | 
(33)	0,0,0, | 0,5,3, | 
(33)	0,0,0, | 0,5,3, | 
(33)	0,0,0, | 0,5,3, | 
(33)	0,0,0, | 0,5,3, | 
(33)	0,0,0, | 0,5,3, | 
(33)	0,0,0, | 0,5,3, | 
(33)	0,0,0, | 0,5,3, | 
(32)	0,0,0, | 0,5,2, | 
(1544)	0,1,1, | 0,5,2, | 
(1544)	0,1,1, | 0,5,2, | 
(32)	0,0,0, | 0,5,2, | 
(28976)	3,4,2, | 0,5,2, | 
(31135)	4,0,0, | 0,5,1, | 
(19687)	2,3,1, | 0,5,1, | 
(27463)	3,3,1, | 0,5,1, | 
(44088)	5,4,0, | 0,4,0, | 
(5208)	0,4,0, | 0,4,0, | 
(5208)	0,4,0, | 0,4,0, | 
(5208)	0,4,0, | 0,4,0, | 
(5238)	0,4,0, | 1,3,0, | 
(5208)	0,4,0, | 0,4,0, | 
(5208)	0,4,0, | 0,4,0, | 
(5238)	0,4,0, | 1,3,0, | 
(13050)	1,4,0, | 2,3,0, | 
(5244)	0,4,0, | 1,4,0, | 
(5214)	0,4,0, | 0,5,0, | 
(5322)	0,4,0, | 3,5,0, | 
(5322)	0,4,0, | 3,5,0, | 
(6696)	0,5,1, | 0,0,0, | 
(6912)	0,5,2, | 0,0,0, | 
(6948)	0,5,2, | 1,0,0, | 
(6948)	0,5,2, | 1,0,0, | 
(6912)	0,5,2, | 0,0,0, | 
(5616)	0,4,2, | 0,0,0, | 
(5616)	0,4,2, | 0,0,0, | 
(5616)	0,4,2, | 0,0,0, | 
(5616)	0,4,2, | 0,0,0, | 
(5616)	0,4,2, | 0,0,0, | 
(5616)	0,4,2, | 0,0,0, | 
(5616)	0,4,2, | 0,0,0, | 
(13)	0,0,0, | 0,2,1, | 
(13)	0,0,0, | 0,2,1, | 
(13)	0,0,0, | 0,2,1, | 
(3037)	0,2,2, | 0,2,1, | 
(1525)	0,1,1, | 0,2,1, | 
(1531)	0,1,1, | 0,3,1, | 
(27667)	3,3,2, | 0,3,1, | 
(2827)	0,2,1, | 0,3,1, | 
(4129)	0,3,1, | 0,4,1, | 
(3900)	0,3,0, | 0,2,0, | 
(6498)	0,5,0, | 0,3,0, | 
(44088)	5,4,0, | 0,4,0, | 
(27240)	3,3,0, | 0,4,0, | 
(3906)	0,3,0, | 0,3,0, | 
(2610)	0,2,0, | 0,3,0, | 
(3942)	0,3,0, | 1,3,0, | 
(11802)	1,3,0, | 3,5,0, | 
(18283)	2,2,0, | 3,5,1, | 
(13279)	1,4,1, | 2,5,1, | 
(13135)	1,4,0, | 4,5,1, | 
(4050)	0,3,0, | 4,3,0, | 
(6938)	0,5,2, | 0,4,2, | 
(6925)	0,5,2, | 0,2,1, | 
(6932)	0,5,2, | 0,3,2, | 
(6925)	0,5,2, | 0,2,1, | 
(6925)	0,5,2, | 0,2,1, | 
(6919)	0,5,2, | 0,1,1, | 
(6938)	0,5,2, | 0,4,2, | 
(5616)	0,4,2, | 0,0,0, | 
(5616)	0,4,2, | 0,0,0, | 
(5616)	0,4,2, | 0,0,0, | 
(5616)	0,4,2, | 0,0,0, | 
(5616)	0,4,2, | 0,0,0, | 
(5616)	0,4,2, | 0,0,0, | 
(26)	0,0,0, | 0,4,2, | 
(26)	0,0,0, | 0,4,2, | 
(26)	0,0,0, | 0,4,2, | 
(26)	0,0,0, | 0,4,2, | 
(26)	0,0,0, | 0,4,2, | 
(32)	0,0,0, | 0,5,2, | 
(1544)	0,1,1, | 0,5,2, | 
(1544)	0,1,1, | 0,5,2, | 
(32)	0,0,0, | 0,5,2, | 
(28976)	3,4,2, | 0,5,2, | 
(31135)	4,0,0, | 0,5,1, | 
(19687)	2,3,1, | 0,5,1, | 
(27463)	3,3,1, | 0,5,1, | 
(44088)	5,4,0, | 0,4,0, | 
(27312)	3,3,0, | 2,4,0, | 
(3978)	0,3,0, | 2,3,0, | 
(3942)	0,3,0, | 1,3,0, | 
(3978)	0,3,0, | 2,3,0, | 
(13086)	1,4,0, | 3,3,0, | 
(3912)	0,3,0, | 0,4,0, | 
(27234)	3,3,0, | 0,3,0, | 
(13086)	1,4,0, | 3,3,0, | 
(5388)	0,4,0, | 5,4,0, | 
(6722)	0,5,1, | 0,4,2, | 
(6787)	0,5,1, | 2,3,1, | 
(6872)	0,5,1, | 4,5,2, | 
(6912)	0,5,2, | 0,0,0, | 
(6919)	0,5,2, | 0,1,1, | 
(6919)	0,5,2, | 0,1,1, | 
(6919)	0,5,2, | 0,1,1, | 
(6925)	0,5,2, | 0,2,1, | 
(5616)	0,4,2, | 0,0,0, | 
(5616)	0,4,2, | 0,0,0, | 
(5616)	0,4,2, | 0,0,0, | 
(5616)	0,4,2, | 0,0,0, | 
(33)	0,0,0, | 0,5,3, | 
(33)	0,0,0, | 0,5,3, | 
(33)	0,0,0, | 0,5,3, | 
(33)	0,0,0, | 0,5,3, | 
(33)	0,0,0, | 0,5,3, | 
(33)	0,0,0, | 0,5,3, | 
(32)	0,0,0, | 0,5,2, | 
(1544)	0,1,1, | 0,5,2, | 
(1544)	0,1,1, | 0,5,2, | 
(32)	0,0,0, | 0,5,2, | 
(28976)	3,4,2, | 0,5,2, | 
(31135)	4,0,0, | 0,5,1, | 
(19687)	2,3,1, | 0,5,1, | 
(27463)	3,3,1, | 0,5,1, | 
(44088)	5,4,0, | 0,4,0, | 
(5352)	0,4,0, | 4,4,0, | 
(6582)	0,5,0, | 2,5,0, | 
(5208)	0,4,0, | 0,4,0, | 
(5214)	0,4,0, | 0,5,0, | 
(5208)	0,4,0, | 0,4,0, | 
(5208)	0,4,0, | 0,4,0, | 
(37824)	4,5,1, | 0,4,0, | 
(6835)	0,5,1, | 3,5,1, | 
(5184)	0,4,0, | 0,0,0, | 
(6758)	0,5,1, | 1,4,2, | 
(6709)	0,5,1, | 0,2,1, | 
(6709)	0,5,1, | 0,2,1, | 
(6709)	0,5,1, | 0,2,1, | 
(6932)	0,5,2, | 0,3,2, | 
(6948)	0,5,2, | 1,0,0, | 
(6919)	0,5,2, | 0,1,1, | 
(6932)	0,5,2, | 0,3,2, | 
(5616)	0,4,2, | 0,0,0, | 
(5616)	0,4,2, | 0,0,0, | 
(5616)	0,4,2, | 0,0,0, | 
(5616)	0,4,2, | 0,0,0, | 
(33)	0,0,0, | 0,5,3, | 
(33)	0,0,0, | 0,5,3, | 
(33)	0,0,0, | 0,5,3, | 
(33)	0,0,0, | 0,5,3, | 
(33)	0,0,0, | 0,5,3, | 
(33)	0,0,0, | 0,5,3, | 
(32)	0,0,0, | 0,5,2, | 
(1544)	0,1,1, | 0,5,2, | 
(1544)	0,1,1, | 0,5,2, | 
(32)	0,0,0, | 0,5,2, | 
(28976)	3,4,2, | 0,5,2, | 
(31135)	4,0,0, | 0,5,1, | 
(19687)	2,3,1, | 0,5,1, | 
(27463)	3,3,1, | 0,5,1, | 
(44088)	5,4,0, | 0,4,0, | 
(5250)	0,4,0, | 1,5,0, | 
(5244)	0,4,0, | 1,4,0, | 
(5208)	0,4,0, | 0,4,0, | 
(5214)	0,4,0, | 0,5,0, | 
(5280)	0,4,0, | 2,4,0, | 
(5244)	0,4,0, | 1,4,0, | 
(5274)	0,4,0, | 2,3,0, | 
(12978)	1,4,0, | 0,3,0, | 
(5184)	0,4,0, | 0,0,0, | 
(6902)	0,5,1, | 5,4,2, | 
(6745)	0,5,1, | 1,2,1, | 
(6703)	0,5,1, | 0,1,1, | 
(6703)	0,5,1, | 0,1,1, | 
(6912)	0,5,2, | 0,0,0, | 
(6925)	0,5,2, | 0,2,1, | 
(6919)	0,5,2, | 0,1,1, | 
(6925)	0,5,2, | 0,2,1, | 
(5616)	0,4,2, | 0,0,0, | 
(5616)	0,4,2, | 0,0,0, | 
(5616)	0,4,2, | 0,0,0, | 
(5616)	0,4,2, | 0,0,0, | 
(33)	0,0,0, | 0,5,3, | 
(33)	0,0,0, | 0,5,3, | 
(33)	0,0,0, | 0,5,3, | 
(33)	0,0,0, | 0,5,3, | 
(33)	0,0,0, | 0,5,3, | 
(33)	0,0,0, | 0,5,3, | 
(32)	0,0,0, | 0,5,2, | 
(1544)	0,1,1, | 0,5,2, | 
(1544)	0,1,1, | 0,5,2, | 
(32)	0,0,0, | 0,5,2, | 
(28976)	3,4,2, | 0,5,2, | 
(31135)	4,0,0, | 0,5,1, | 
(19687)	2,3,1, | 0,5,1, | 
(27463)	3,3,1, | 0,5,1, | 
(44088)	5,4,0, | 0,4,0, | 
(5214)	0,4,0, | 0,5,0, | 
(5280)	0,4,0, | 2,4,0, | 
(5208)	0,4,0, | 0,4,0, | 
(5202)	0,4,0, | 0,3,0, | 
(13063)	1,4,0, | 2,5,1, | 
(5244)	0,4,0, | 1,4,0, | 
(5238)	0,4,0, | 1,3,0, | 
(13063)	1,4,0, | 2,5,1, | 
(5184)	0,4,0, | 0,0,0, | 
(5214)	0,4,0, | 0,5,0, | 
(6703)	0,5,1, | 0,1,1, | 
(6745)	0,5,1, | 1,2,1, | 
(6696)	0,5,1, | 0,0,0, | 
(6912)	0,5,2, | 0,0,0, | 
(6912)	0,5,2, | 0,0,0, | 
(6912)	0,5,2, | 0,0,0, | 
(6912)	0,5,2, | 0,0,0, | 
(7128)	0,5,3, | 0,0,0, | 
(7128)	0,5,3, | 0,0,0, | 
(7128)	0,5,3, | 0,0,0, | 
(7128)	0,5,3, | 0,0,0, | 
(33)	0,0,0, | 0,5,3, | 
(33)	0,0,0, | 0,5,3, | 
(33)	0,0,0, | 0,5,3, | 
(33)	0,0,0, | 0,5,3, | 
(33)	0,0,0, | 0,5,3, | 
(33)	0,0,0, | 0,5,3, | 
(7808)	1,0,0, | 0,5,2, | 
(5648)	0,4,2, | 0,5,2, | 
(7808)	1,0,0, | 0,5,2, | 
(4352)	0,3,2, | 0,5,2, | 
(2839)	0,2,1, | 0,5,1, | 
(2839)	0,2,1, | 0,5,1, | 
(2839)	0,2,1, | 0,5,1, | 
(2839)	0,2,1, | 0,5,1, | 
(24)	0,0,0, | 0,4,0, | 
(6618)	0,5,0, | 3,5,0, | 
(5215)	0,4,0, | 0,5,1, | 
(5251)	0,4,0, | 1,5,1, | 
(5251)	0,4,0, | 1,5,1, | 
(5244)	0,4,0, | 1,4,0, | 
(5359)	0,4,0, | 4,5,1, | 
(5251)	0,4,0, | 1,5,1, | 
(5214)	0,4,0, | 0,5,0, | 
(5244)	0,4,0, | 1,4,0, | 
(5214)	0,4,0, | 0,5,0, | 
(5214)	0,4,0, | 0,5,0, | 
(5214)	0,4,0, | 0,5,0, | 
(6696)	0,5,1, | 0,0,0, | 
(6912)	0,5,2, | 0,0,0, | 
(6912)	0,5,2, | 0,0,0, | 
(6948)	0,5,2, | 1,0,0, | 
(6912)	0,5,2, | 0,0,0, | 
(7128)	0,5,3, | 0,0,0, | 
(7128)	0,5,3, | 0,0,0, | 
(7128)	0,5,3, | 0,0,0, | 
(7128)	0,5,3, | 0,0,0, | 
(7128)	0,5,3, | 0,0,0, | 
(7128)	0,5,3, | 0,0,0, | 
(7128)	0,5,3, | 0,0,0, | 
(13)	0,0,0, | 0,2,1, | 
(13)	0,0,0, | 0,2,1, | 
(13)	0,0,0, | 0,2,1, | 
(7357)	0,5,4, | 0,2,1, | 
(1525)	0,1,1, | 0,2,1, | 
(7795)	1,0,0, | 0,3,1, | 
(4339)	0,3,2, | 0,3,1, | 
(5635)	0,4,2, | 0,3,1, | 
(2839)	0,2,1, | 0,5,1, | 
(2839)	0,2,1, | 0,5,1, | 
(2839)	0,2,1, | 0,5,1, | 
(24)	0,0,0, | 0,4,0, | 
(30055)	3,5,1, | 0,5,1, | 
(2622)	0,2,0, | 0,5,0, | 
(2616)	0,2,0, | 0,4,0, | 
(2724)	0,2,0, | 3,4,0, | 
(13098)	1,4,0, | 3,5,0, | 
(26059)	3,2,0, | 3,5,1, | 
(6727)	0,5,1, | 0,5,1, | 
(5359)	0,4,0, | 4,5,1, | 
(4050)	0,3,0, | 4,3,0, | 
(7090)	0,5,2, | 4,5,4, | 
(6925)	0,5,2, | 0,2,1, | 
(6932)	0,5,2, | 0,3,2, | 
(6925)	0,5,2, | 0,2,1, | 
(6925)	0,5,2, | 0,2,1, | 
(6919)	0,5,2, | 0,1,1, | 
(6938)	0,5,2, | 0,4,2, | 
(7082)	0,5,2, | 4,4,2, | 
(7128)	0,5,3, | 0,0,0, | 
(7128)	0,5,3, | 0,0,0, | 
(7128)	0,5,3, | 0,0,0, | 
(7128)	0,5,3, | 0,0,0, | 
(7128)	0,5,3, | 0,0,0, | 
(7128)	0,5,3, | 0,0,0, | 
(26)	0,0,0, | 0,4,2, | 
(26)	0,0,0, | 0,4,2, | 
(26)	0,0,0, | 0,4,2, | 
(26)	0,0,0, | 0,4,2, | 
(7808)	1,0,0, | 0,5,2, | 
(5648)	0,4,2, | 0,5,2, | 
(7808)	1,0,0, | 0,5,2, | 
(4352)	0,3,2, | 0,5,2, | 
(2839)	0,2,1, | 0,5,1, | 
(2839)	0,2,1, | 0,5,1, | 
(2839)	0,2,1, | 0,5,1, | 
(2839)	0,2,1, | 0,5,1, | 
(24)	0,0,0, | 0,4,0, | 
(30055)	3,5,1, | 0,5,1, | 
(5287)	0,4,0, | 2,5,1, | 
(3955)	0,3,0, | 1,5,1, | 
(5287)	0,4,0, | 2,5,1, | 
(3955)	0,3,0, | 1,5,1, | 
(3918)	0,3,0, | 0,5,0, | 
(3955)	0,3,0, | 1,5,1, | 
(42828)	5,3,0, | 1,4,0, | 
(5388)	0,4,0, | 5,4,0, | 
(6824)	0,5,1, | 3,3,2, | 
(6787)	0,5,1, | 2,3,1, | 
(6872)	0,5,1, | 4,5,2, | 
(6912)	0,5,2, | 0,0,0, | 
(6919)	0,5,2, | 0,1,1, | 
(6919)	0,5,2, | 0,1,1, | 
(6919)	0,5,2, | 0,1,1, | 
(6925)	0,5,2, | 0,2,1, | 
(7128)	0,5,3, | 0,0,0, | 
(7128)	0,5,3, | 0,0,0, | 
(7128)	0,5,3, | 0,0,0, | 
(7128)	0,5,3, | 0,0,0, | 
(7128)	0,5,3, | 0,0,0, | 
(33)	0,0,0, | 0,5,3, | 
(33)	0,0,0, | 0,5,3, | 
(33)	0,0,0, | 0,5,3, | 
(33)	0,0,0, | 0,5,3, | 
(33)	0,0,0, | 0,5,3, | 
(7808)	1,0,0, | 0,5,2, | 
(5648)	0,4,2, | 0,5,2, | 
(7808)	1,0,0, | 0,5,2, | 
(4352)	0,3,2, | 0,5,2, | 
(2839)	0,2,1, | 0,5,1, | 
(2839)	0,2,1, | 0,5,1, | 
(2839)	0,2,1, | 0,5,1, | 
(2839)	0,2,1, | 0,5,1, | 
(24)	0,0,0, | 0,4,0, | 
(30163)	3,5,1, | 3,5,1, | 
(5395)	0,4,0, | 5,5,1, | 
(5244)	0,4,0, | 1,4,0, | 
(5215)	0,4,0, | 0,5,1, | 
(5251)	0,4,0, | 1,5,1, | 
(5208)	0,4,0, | 0,4,0, | 
(6727)	0,5,1, | 0,5,1, | 
(6835)	0,5,1, | 3,5,1, | 
(5184)	0,4,0, | 0,0,0, | 
(6883)	0,5,1, | 5,1,1, | 
(6709)	0,5,1, | 0,2,1, | 
(6709)	0,5,1, | 0,2,1, | 
(6709)	0,5,1, | 0,2,1, | 
(6932)	0,5,2, | 0,3,2, | 
(6948)	0,5,2, | 1,0,0, | 
(6919)	0,5,2, | 0,1,1, | 
(6932)	0,5,2, | 0,3,2, | 
(7128)	0,5,3, | 0,0,0, | 
(7128)	0,5,3, | 0,0,0, | 
(7128)	0,5,3, | 0,0,0, | 
(7128)	0,5,3, | 0,0,0, | 
(7128)	0,5,3, | 0,0,0, | 
(33)	0,0,0, | 0,5,3, | 
(33)	0,0,0, | 0,5,3, | 
(33)	0,0,0, | 0,5,3, | 
(33)	0,0,0, | 0,5,3, | 
(33)	0,0,0, | 0,5,3, | 
(7808)	1,0,0, | 0,5,2, | 
(5648)	0,4,2, | 0,5,2, | 
(7808)	1,0,0, | 0,5,2, | 
(4352)	0,3,2, | 0,5,2, | 
(2839)	0,2,1, | 0,5,1, | 
(2839)	0,2,1, | 0,5,1, | 
(2839)	0,2,1, | 0,5,1, | 
(2839)	0,2,1, | 0,5,1, | 
(24)	0,0,0, | 0,4,0, | 
(5395)	0,4,0, | 5,5,1, | 
(20796)	2,4,0, | 1,4,0, | 
(5251)	0,4,0, | 1,5,1, | 
(5215)	0,4,0, | 0,5,1, | 
(5280)	0,4,0, | 2,4,0, | 
(5251)	0,4,0, | 1,5,1, | 
(5359)	0,4,0, | 4,5,1, | 
(5208)	0,4,0, | 0,4,0, | 
(5184)	0,4,0, | 0,0,0, | 
(6703)	0,5,1, | 0,1,1, | 
(6745)	0,5,1, | 1,2,1, | 
(6703)	0,5,1, | 0,1,1, | 
(6703)	0,5,1, | 0,1,1, | 
(6912)	0,5,2, | 0,0,0, | 
(6925)	0,5,2, | 0,2,1, | 
(6919)	0,5,2, | 0,1,1, | 
(6925)	0,5,2, | 0,2,1, | 
(7128)	0,5,3, | 0,0,0, | 
(7128)	0,5,3, | 0,0,0, | 
(7128)	0,5,3, | 0,0,0, | 
(7128)	0,5,3, | 0,0,0, | 
(33)	0,0,0, | 0,5,3, | 
(33)	0,0,0, | 0,5,3, | 
(33)	0,0,0, | 0,5,3, | 
(33)	0,0,0, | 0,5,3, | 
(33)	0,0,0, | 0,5,3, | 
(33)	0,0,0, | 0,5,3, | 
(7808)	1,0,0, | 0,5,2, | 
(5648)	0,4,2, | 0,5,2, | 
(7808)	1,0,0, | 0,5,2, | 
(4352)	0,3,2, | 0,5,2, | 
(2839)	0,2,1, | 0,5,1, | 
(2839)	0,2,1, | 0,5,1, | 
(2839)	0,2,1, | 0,5,1, | 
(2839)	0,2,1, | 0,5,1, | 
(24)	0,0,0, | 0,4,0, | 
(5352)	0,4,0, | 4,4,0, | 
(5251)	0,4,0, | 1,5,1, | 
(5214)	0,4,0, | 0,5,0, | 
(5214)	0,4,0, | 0,5,0, | 
(5287)	0,4,0, | 2,5,1, | 
(5215)	0,4,0, | 0,5,1, | 
(5280)	0,4,0, | 2,4,0, | 
(5251)	0,4,0, | 1,5,1, | 
(5184)	0,4,0, | 0,0,0, | 
(5214)	0,4,0, | 0,5,0, | 
(6703)	0,5,1, | 0,1,1, | 
(6745)	0,5,1, | 1,2,1, | 
(6696)	0,5,1, | 0,0,0, | 
(6912)	0,5,2, | 0,0,0, | 
(6912)	0,5,2, | 0,0,0, | 
(6912)	0,5,2, | 0,0,0, | 
(6912)	0,5,2, | 0,0,0, | 
(7128)	0,5,3, | 0,0,0, | 
(7128)	0,5,3, | 0,0,0, | 
(7128)	0,5,3, | 0,0,0, | 
(7128)	0,5,3, | 0,0,0, | 
(33)	0,0,0, | 0,5,3, | 
(33)	0,0,0, | 0,5,3, | 
(33)	0,0,0, | 0,5,3, | 
(33)	0,0,0, | 0,5,3, | 
(33)	0,0,0, | 0,5,3, | 
(33)	0,0,0, | 0,5,3, | 
(7808)	1,0,0, | 0,5,2, | 
(32)	0,0,0, | 0,5,2, | 
(2840)	0,2,1, | 0,5,2, | 
(5648)	0,4,2, | 0,5,2, | 
(1543)	0,1,1, | 0,5,1, | 
(1543)	0,1,1, | 0,5,1, | 
(10615)	1,2,1, | 0,5,1, | 
(1543)	0,1,1, | 0,5,1, | 
(24)	0,0,0, | 0,4,0, | 
(5244)	0,4,0, | 1,4,0, | 
(5214)	0,4,0, | 0,5,0, | 
(5214)	0,4,0, | 0,5,0, | 
(5250)	0,4,0, | 1,5,0, | 
(36312)	4,4,0, | 0,4,0, | 
(5250)	0,4,0, | 1,5,0, | 
(6510)	0,5,0, | 0,5,0, | 
(14352)	1,5,0, | 2,4,0, | 
(5244)	0,4,0, | 1,4,0, | 
(5214)	0,4,0, | 0,5,0, | 
(5322)	0,4,0, | 3,5,0, | 
(5214)	0,4,0, | 0,5,0, | 
(6696)	0,5,1, | 0,0,0, | 
(6912)	0,5,2, | 0,0,0, | 
(6912)	0,5,2, | 0,0,0, | 
(6948)	0,5,2, | 1,0,0, | 
(6912)	0,5,2, | 0,0,0, | 
(7128)	0,5,3, | 0,0,0, | 
(7128)	0,5,3, | 0,0,0, | 
(7128)	0,5,3, | 0,0,0, | 
(7128)	0,5,3, | 0,0,0, | 
(7128)	0,5,3, | 0,0,0, | 
(7128)	0,5,3, | 0,0,0, | 
(7128)	0,5,3, | 0,0,0, | 
(7128)	0,5,3, | 0,0,0, | 
(13)	0,0,0, | 0,2,1, | 
(13)	0,0,0, | 0,2,1, | 
(13)	0,0,0, | 0,2,1, | 
(4333)	0,3,2, | 0,2,1, | 
(1531)	0,1,1, | 0,3,1, | 
(10603)	1,2,1, | 0,3,1, | 
(1543)	0,1,1, | 0,5,1, | 
(1543)	0,1,1, | 0,5,1, | 
(10615)	1,2,1, | 0,5,1, | 
(6504)	0,5,0, | 0,4,0, | 
(24)	0,0,0, | 0,4,0, | 
(2724)	0,2,0, | 3,4,0, | 
(5214)	0,4,0, | 0,5,0, | 
(3912)	0,3,0, | 0,4,0, | 
(5358)	0,4,0, | 4,5,0, | 
(6834)	0,5,1, | 3,5,0, | 
(2616)	0,2,0, | 0,4,0, | 
(44124)	5,4,0, | 1,4,0, | 
(13026)	1,4,0, | 1,5,0, | 
(4050)	0,3,0, | 4,3,0, | 
(7090)	0,5,2, | 4,5,4, | 
(6925)	0,5,2, | 0,2,1, | 
(6932)	0,5,2, | 0,3,2, | 
(6925)	0,5,2, | 0,2,1, | 
(6925)	0,5,2, | 0,2,1, | 
(6919)	0,5,2, | 0,1,1, | 
(6938)	0,5,2, | 0,4,2, | 
(7082)	0,5,2, | 4,4,2, | 
(7128)	0,5,3, | 0,0,0, | 
(7128)	0,5,3, | 0,0,0, | 
(7128)	0,5,3, | 0,0,0, | 
(7128)	0,5,3, | 0,0,0, | 
(7128)	0,5,3, | 0,0,0, | 
(7128)	0,5,3, | 0,0,0, | 
(26)	0,0,0, | 0,4,2, | 
(26)	0,0,0, | 0,4,2, | 
(26)	0,0,0, | 0,4,2, | 
(26)	0,0,0, | 0,4,2, | 
(7808)	1,0,0, | 0,5,2, | 
(32)	0,0,0, | 0,5,2, | 
(2840)	0,2,1, | 0,5,2, | 
(5648)	0,4,2, | 0,5,2, | 
(1543)	0,1,1, | 0,5,1, | 
(1543)	0,1,1, | 0,5,1, | 
(10615)	1,2,1, | 0,5,1, | 
(1543)	0,1,1, | 0,5,1, | 
(24)	0,0,0, | 0,4,0, | 
(3984)	0,3,0, | 2,4,0, | 
(5214)	0,4,0, | 0,5,0, | 
(4026)	0,3,0, | 3,5,0, | 
(5322)	0,4,0, | 3,5,0, | 
(36384)	4,4,0, | 2,4,0, | 
(5208)	0,4,0, | 0,4,0, | 
(44088)	5,4,0, | 0,4,0, | 
(12990)	1,4,0, | 0,5,0, | 
(5388)	0,4,0, | 5,4,0, | 
(6824)	0,5,1, | 3,3,2, | 
(6787)	0,5,1, | 2,3,1, | 
(6872)	0,5,1, | 4,5,2, | 
(6912)	0,5,2, | 0,0,0, | 
(6919)	0,5,2, | 0,1,1, | 
(6919)	0,5,2, | 0,1,1, | 
(6919)	0,5,2, | 0,1,1, | 
(6925)	0,5,2, | 0,2,1, | 
(7128)	0,5,3, | 0,0,0, | 
(7128)	0,5,3, | 0,0,0, | 
(7128)	0,5,3, | 0,0,0, | 
(7128)	0,5,3, | 0,0,0, | 
(7128)	0,5,3, | 0,0,0, | 
(33)	0,0,0, | 0,5,3, | 
(33)	0,0,0, | 0,5,3, | 
(33)	0,0,0, | 0,5,3, | 
(33)	0,0,0, | 0,5,3, | 
(33)	0,0,0, | 0,5,3, | 
(7808)	1,0,0, | 0,5,2, | 
(32)	0,0,0, | 0,5,2, | 
(2840)	0,2,1, | 0,5,2, | 
(5648)	0,4,2, | 0,5,2, | 
(1543)	0,1,1, | 0,5,1, | 
(1543)	0,1,1, | 0,5,1, | 
(10615)	1,2,1, | 0,5,1, | 
(1543)	0,1,1, | 0,5,1, | 
(24)	0,0,0, | 0,4,0, | 
(6612)	0,5,0, | 3,4,0, | 
(5286)	0,4,0, | 2,5,0, | 
(5286)	0,4,0, | 2,5,0, | 
(5286)	0,4,0, | 2,5,0, | 
(36384)	4,4,0, | 2,4,0, | 
(5214)	0,4,0, | 0,5,0, | 
(44160)	5,4,0, | 2,4,0, | 
(13134)	1,4,0, | 4,5,0, | 
(5184)	0,4,0, | 0,0,0, | 
(6883)	0,5,1, | 5,1,1, | 
(6709)	0,5,1, | 0,2,1, | 
(6709)	0,5,1, | 0,2,1, | 
(6709)	0,5,1, | 0,2,1, | 
(6932)	0,5,2, | 0,3,2, | 
(6948)	0,5,2, | 1,0,0, | 
(6919)	0,5,2, | 0,1,1, | 
(6932)	0,5,2, | 0,3,2, | 
(7128)	0,5,3, | 0,0,0, | 
(7128)	0,5,3, | 0,0,0, | 
(7128)	0,5,3, | 0,0,0, | 
(7128)	0,5,3, | 0,0,0, | 
(7128)	0,5,3, | 0,0,0, | 
(33)	0,0,0, | 0,5,3, | 
(33)	0,0,0, | 0,5,3, | 
(33)	0,0,0, | 0,5,3, | 
(33)	0,0,0, | 0,5,3, | 
(33)	0,0,0, | 0,5,3, | 
(7808)	1,0,0, | 0,5,2, | 
(32)	0,0,0, | 0,5,2, | 
(2840)	0,2,1, | 0,5,2, | 
(5648)	0,4,2, | 0,5,2, | 
(1543)	0,1,1, | 0,5,1, | 
(1543)	0,1,1, | 0,5,1, | 
(10615)	1,2,1, | 0,5,1, | 
(1543)	0,1,1, | 0,5,1, | 
(24)	0,0,0, | 0,4,0, | 
(6510)	0,5,0, | 0,5,0, | 
(5250)	0,4,0, | 1,5,0, | 
(5214)	0,4,0, | 0,5,0, | 
(5214)	0,4,0, | 0,5,0, | 
(5280)	0,4,0, | 2,4,0, | 
(5250)	0,4,0, | 1,5,0, | 
(44160)	5,4,0, | 2,4,0, | 
(12990)	1,4,0, | 0,5,0, | 
(5184)	0,4,0, | 0,0,0, | 
(6703)	0,5,1, | 0,1,1, | 
(6745)	0,5,1, | 1,2,1, | 
(6703)	0,5,1, | 0,1,1, | 
(6703)	0,5,1, | 0,1,1, | 
(6912)	0,5,2, | 0,0,0, | 
(6925)	0,5,2, | 0,2,1, | 
(6919)	0,5,2, | 0,1,1, | 
(6925)	0,5,2, | 0,2,1, | 
(7128)	0,5,3, | 0,0,0, | 
(7128)	0,5,3, | 0,0,0, | 
(7128)	0,5,3, | 0,0,0, | 
(7128)	0,5,3, | 0,0,0, | 
(7128)	0,5,3, | 0,0,0, | 
(33)	0,0,0, | 0,5,3, | 
(33)	0,0,0, | 0,5,3, | 
(33)	0,0,0, | 0,5,3, | 
(33)	0,0,0, | 0,5,3, | 
(33)	0,0,0, | 0,5,3, | 
(7808)	1,0,0, | 0,5,2, | 
(32)	0,0,0, | 0,5,2, | 
(2840)	0,2,1, | 0,5,2, | 
(5648)	0,4,2, | 0,5,2, | 
(1543)	0,1,1, | 0,5,1, | 
(1543)	0,1,1, | 0,5,1, | 
(10615)	1,2,1, | 0,5,1, | 
(1543)	0,1,1, | 0,5,1, | 
(24)	0,0,0, | 0,4,0, | 
(5352)	0,4,0, | 4,4,0, | 
(5214)	0,4,0, | 0,5,0, | 
(5250)	0,4,0, | 1,5,0, | 
(5214)	0,4,0, | 0,5,0, | 
(36384)	4,4,0, | 2,4,0, | 
(5214)	0,4,0, | 0,5,0, | 
(6648)	0,5,0, | 4,4,0, | 
(14280)	1,5,0, | 0,4,0, | 
(5184)	0,4,0, | 0,0,0, | 
(5214)	0,4,0, | 0,5,0, | 
(6703)	0,5,1, | 0,1,1, | 
(6745)	0,5,1, | 1,2,1, | 
(6696)	0,5,1, | 0,0,0, | 
(6912)	0,5,2, | 0,0,0, | 
(6912)	0,5,2, | 0,0,0, | 
(6912)	0,5,2, | 0,0,0, | 
(6912)	0,5,2, | 0,0,0, | 
(7128)	0,5,3, | 0,0,0, | 
(7128)	0,5,3, | 0,0,0, | 
(7128)	0,5,3, | 0,0,0, | 
(7128)	0,5,3, | 0,0,0, | 
(33)	0,0,0, | 0,5,3, | 
(33)	0,0,0, | 0,5,3, | 
(33)	0,0,0, | 0,5,3, | 
(33)	0,0,0, | 0,5,3, | 
(33)	0,0,0, | 0,5,3, | 
(33)	0,0,0, | 0,5,3, | 
(32)	0,0,0, | 0,5,2, | 
(5648)	0,4,2, | 0,5,2, | 
(32)	0,0,0, | 0,5,2, | 
(32)	0,0,0, | 0,5,2, | 
(31)	0,0,0, | 0,5,1, | 
(1543)	0,1,1, | 0,5,1, | 
(1543)	0,1,1, | 0,5,1, | 
(38911)	5,0,0, | 0,5,1, | 
(24)	0,0,0, | 0,4,0, | 
(6618)	0,5,0, | 3,5,0, | 
(6510)	0,5,0, | 0,5,0, | 
(5214)	0,4,0, | 0,5,0, | 
(6546)	0,5,0, | 1,5,0, | 
(6648)	0,5,0, | 4,4,0, | 
(6504)	0,5,0, | 0,4,0, | 
(6510)	0,5,0, | 0,5,0, | 
(5208)	0,4,0, | 0,4,0, | 
(5244)	0,4,0, | 1,4,0, | 
(5214)	0,4,0, | 0,5,0, | 
(5322)	0,4,0, | 3,5,0, | 
(6732)	0,5,1, | 1,0,0, | 
(6696)	0,5,1, | 0,0,0, | 
(6912)	0,5,2, | 0,0,0, | 
(6948)	0,5,2, | 1,0,0, | 
(6948)	0,5,2, | 1,0,0, | 
(6912)	0,5,2, | 0,0,0, | 
(7128)	0,5,3, | 0,0,0, | 
(7128)	0,5,3, | 0,0,0, | 
(7128)	0,5,3, | 0,0,0, | 
(7128)	0,5,3, | 0,0,0, | 
(7128)	0,5,3, | 0,0,0, | 
(7128)	0,5,3, | 0,0,0, | 
(7128)	0,5,3, | 0,0,0, | 
(7128)	0,5,3, | 0,0,0, | 
(13)	0,0,0, | 0,2,1, | 
(13)	0,0,0, | 0,2,1, | 
(44725)	5,4,3, | 0,2,1, | 
(1525)	0,1,1, | 0,2,1, | 
(35443)	4,3,2, | 0,3,1, | 
(19)	0,0,0, | 0,3,1, | 
(31)	0,0,0, | 0,5,1, | 
(38911)	5,0,0, | 0,5,1, | 
(6504)	0,5,0, | 0,4,0, | 
(6504)	0,5,0, | 0,4,0, | 
(24)	0,0,0, | 0,4,0, | 
(22272)	2,5,1, | 0,4,0, | 
(11730)	1,3,0, | 1,5,0, | 
(2616)	0,2,0, | 0,4,0, | 
(6684)	0,5,0, | 5,4,0, | 
(2730)	0,2,0, | 3,5,0, | 
(2730)	0,2,0, | 3,5,0, | 
(5244)	0,4,0, | 1,4,0, | 
(28578)	3,4,0, | 1,5,0, | 
(4050)	0,3,0, | 4,3,0, | 
(7090)	0,5,2, | 4,5,4, | 
(6925)	0,5,2, | 0,2,1, | 
(6932)	0,5,2, | 0,3,2, | 
(6925)	0,5,2, | 0,2,1, | 
(6925)	0,5,2, | 0,2,1, | 
(6919)	0,5,2, | 0,1,1, | 
(6938)	0,5,2, | 0,4,2, | 
(7082)	0,5,2, | 4,4,2, | 
(7128)	0,5,3, | 0,0,0, | 
(7128)	0,5,3, | 0,0,0, | 
(7128)	0,5,3, | 0,0,0, | 
(7128)	0,5,3, | 0,0,0, | 
(7128)	0,5,3, | 0,0,0, | 
(7128)	0,5,3, | 0,0,0, | 
(26)	0,0,0, | 0,4,2, | 
(26)	0,0,0, | 0,4,2, | 
(26)	0,0,0, | 0,4,2, | 
(26)	0,0,0, | 0,4,2, | 
(32)	0,0,0, | 0,5,2, | 
(5648)	0,4,2, | 0,5,2, | 
(32)	0,0,0, | 0,5,2, | 
(32)	0,0,0, | 0,5,2, | 
(31)	0,0,0, | 0,5,1, | 
(38911)	5,0,0, | 0,5,1, | 
(1543)	0,1,1, | 0,5,1, | 
(6504)	0,5,0, | 0,4,0, | 
(24)	0,0,0, | 0,4,0, | 
(22344)	2,5,1, | 2,4,0, | 
(11688)	1,3,0, | 0,4,0, | 
(4026)	0,3,0, | 3,5,0, | 
(6576)	0,5,0, | 2,4,0, | 
(6540)	0,5,0, | 1,4,0, | 
(3918)	0,3,0, | 0,5,0, | 
(14574)	1,5,1, | 2,5,0, | 
(28542)	3,4,0, | 0,5,0, | 
(5388)	0,4,0, | 5,4,0, | 
(6824)	0,5,1, | 3,3,2, | 
(6787)	0,5,1, | 2,3,1, | 
(6872)	0,5,1, | 4,5,2, | 
(6912)	0,5,2, | 0,0,0, | 
(6919)	0,5,2, | 0,1,1, | 
(6919)	0,5,2, | 0,1,1, | 
(6919)	0,5,2, | 0,1,1, | 
(6925)	0,5,2, | 0,2,1, | 
(7128)	0,5,3, | 0,0,0, | 
(7128)	0,5,3, | 0,0,0, | 
(7128)	0,5,3, | 0,0,0, | 
(7128)	0,5,3, | 0,0,0, | 
(7128)	0,5,3, | 0,0,0, | 
(7128)	0,5,3, | 0,0,0, | 
(33)	0,0,0, | 0,5,3, | 
(33)	0,0,0, | 0,5,3, | 
(33)	0,0,0, | 0,5,3, | 
(33)	0,0,0, | 0,5,3, | 
(32)	0,0,0, | 0,5,2, | 
(5648)	0,4,2, | 0,5,2, | 
(32)	0,0,0, | 0,5,2, | 
(32)	0,0,0, | 0,5,2, | 
(31)	0,0,0, | 0,5,1, | 
(38911)	5,0,0, | 0,5,1, | 
(1543)	0,1,1, | 0,5,1, | 
(6504)	0,5,0, | 0,4,0, | 
(24)	0,0,0, | 0,4,0, | 
(37860)	4,5,1, | 1,4,0, | 
(20832)	2,4,0, | 2,4,0, | 
(5286)	0,4,0, | 2,5,0, | 
(6510)	0,5,0, | 0,5,0, | 
(5214)	0,4,0, | 0,5,0, | 
(5208)	0,4,0, | 0,4,0, | 
(5280)	0,4,0, | 2,4,0, | 
(6510)	0,5,0, | 0,5,0, | 
(5184)	0,4,0, | 0,0,0, | 
(6883)	0,5,1, | 5,1,1, | 
(6709)	0,5,1, | 0,2,1, | 
(6709)	0,5,1, | 0,2,1, | 
(6709)	0,5,1, | 0,2,1, | 
(6932)	0,5,2, | 0,3,2, | 
(6948)	0,5,2, | 1,0,0, | 
(6919)	0,5,2, | 0,1,1, | 
(6932)	0,5,2, | 0,3,2, | 
(7128)	0,5,3, | 0,0,0, | 
(7128)	0,5,3, | 0,0,0, | 
(7128)	0,5,3, | 0,0,0, | 
(7128)	0,5,3, | 0,0,0, | 
(7128)	0,5,3, | 0,0,0, | 
(33)	0,0,0, | 0,5,3, | 
(33)	0,0,0, | 0,5,3, | 
(33)	0,0,0, | 0,5,3, | 
(33)	0,0,0, | 0,5,3, | 
(33)	0,0,0, | 0,5,3, | 
(32)	0,0,0, | 0,5,2, | 
(5648)	0,4,2, | 0,5,2, | 
(32)	0,0,0, | 0,5,2, | 
(32)	0,0,0, | 0,5,2, | 
(31)	0,0,0, | 0,5,1, | 
(38911)	5,0,0, | 0,5,1, | 
(1543)	0,1,1, | 0,5,1, | 
(6504)	0,5,0, | 0,4,0, | 
(24)	0,0,0, | 0,4,0, | 
(5250)	0,4,0, | 1,5,0, | 
(20832)	2,4,0, | 2,4,0, | 
(5214)	0,4,0, | 0,5,0, | 
(6510)	0,5,0, | 0,5,0, | 
(6504)	0,5,0, | 0,4,0, | 
(5286)	0,4,0, | 2,5,0, | 
(5280)	0,4,0, | 2,4,0, | 
(28542)	3,4,0, | 0,5,0, | 
(5184)	0,4,0, | 0,0,0, | 
(6703)	0,5,1, | 0,1,1, | 
(6745)	0,5,1, | 1,2,1, | 
(6703)	0,5,1, | 0,1,1, | 
(6703)	0,5,1, | 0,1,1, | 
(6912)	0,5,2, | 0,0,0, | 
(6925)	0,5,2, | 0,2,1, | 
(6919)	0,5,2, | 0,1,1, | 
(6925)	0,5,2, | 0,2,1, | 
(7128)	0,5,3, | 0,0,0, | 
(7128)	0,5,3, | 0,0,0, | 
(7128)	0,5,3, | 0,0,0, | 
(7128)	0,5,3, | 0,0,0, | 
(7128)	0,5,3, | 0,0,0, | 
(33)	0,0,0, | 0,5,3, | 
(33)	0,0,0, | 0,5,3, | 
(33)	0,0,0, | 0,5,3, | 
(33)	0,0,0, | 0,5,3, | 
(33)	0,0,0, | 0,5,3, | 
(32)	0,0,0, | 0,5,2, | 
(5648)	0,4,2, | 0,5,2, | 
(32)	0,0,0, | 0,5,2, | 
(32)	0,0,0, | 0,5,2, | 
(31)	0,0,0, | 0,5,1, | 
(38911)	5,0,0, | 0,5,1, | 
(1543)	0,1,1, | 0,5,1, | 
(6504)	0,5,0, | 0,4,0, | 
(24)	0,0,0, | 0,4,0, | 
(5214)	0,4,0, | 0,5,0, | 
(36390)	4,4,0, | 2,5,0, | 
(5250)	0,4,0, | 1,5,0, | 
(5214)	0,4,0, | 0,5,0, | 
(5280)	0,4,0, | 2,4,0, | 
(5244)	0,4,0, | 1,4,0, | 
(29976)	3,5,0, | 4,4,0, | 
(6510)	0,5,0, | 0,5,0, | 
(5184)	0,4,0, | 0,0,0, | 
(5214)	0,4,0, | 0,5,0, | 
(6703)	0,5,1, | 0,1,1, | 
(6745)	0,5,1, | 1,2,1, | 
(6696)	0,5,1, | 0,0,0, | 
(6912)	0,5,2, | 0,0,0, | 
(6912)	0,5,2, | 0,0,0, | 
(6912)	0,5,2, | 0,0,0, | 
(6912)	0,5,2, | 0,0,0, | 
