(0)	0,0,0, | 0,0,0, | 
(1)	0,0,0, | 0,0,1, | 
(0)	0,0,0, | 0,0,0, | 
(0)	0,0,0, | 0,0,0, | 
(0)	0,0,0, | 0,0,0, | 
(0)	0,0,0, | 0,0,0, | 
(0)	0,0,0, | 0,0,0, | 
(0)	0,0,0, | 0,0,0, | 
(0)	0,0,0, | 0,0,0, | 
(0)	0,0,0, | 0,0,0, | 
(4104)	0,3,1, | 0,0,0, | 
(1296)	0,1,0, | 0,0,0, | 
(14256)	1,5,0, | 0,0,0, | 
(2592)	0,2,0, | 0,0,0, | 
(0)	0,0,0, | 0,0,0, | 
(0)	0,0,0, | 0,0,0, | 
(0)	0,0,0, | 0,0,0, | 
(1296)	0,1,0, | 0,0,0, | 
(1296)	0,1,0, | 0,0,0, | 
(1471)	0,1,0, | 4,5,1, | 
(12)	0,0,0, | 0,2,0, | 
(6)	0,0,0, | 0,1,0, | 
(1308)	0,1,0, | 0,2,0, | 
(1308)	0,1,0, | 0,2,0, | 
(6)	0,0,0, | 0,1,0, | 
(6)	0,0,0, | 0,1,0, | 
(6)	0,0,0, | 0,1,0, | 
(6)	0,0,0, | 0,1,0, | 
(12)	0,0,0, | 0,2,0, | 
(0)	0,0,0, | 0,0,0, | 
(34)	0,0,0, | 0,5,4, | 
(0)	0,0,0, | 0,0,0, | 
(0)	0,0,0, | 0,0,0, | 
(6)	0,0,0, | 0,1,0, | 
(12)	0,0,0, | 0,2,0, | 
(6)	0,0,0, | 0,1,0, | 
(0)	0,0,0, | 0,0,0, | 
(49)	0,0,0, | 1,2,1, | 
(49)	0,0,0, | 1,2,1, | 
(49)	0,0,0, | 1,2,1, | 
(49)	0,0,0, | 1,2,1, | 
(49)	0,0,0, | 1,2,1, | 
(49)	0,0,0, | 1,2,1, | 
(49)	0,0,0, | 1,2,1, | 
(49)	0,0,0, | 1,2,1, | 
(7825)	1,0,0, | 1,2,1, | 
(17113)	2,1,1, | 1,2,1, | 
(17113)	2,1,1, | 1,2,1, | 
(49)	0,0,0, | 1,2,1, | 
(49)	0,0,0, | 1,2,1, | 
(49)	0,0,0, | 1,2,1, | 
(49)	0,0,0, | 1,2,1, | 
(49)	0,0,0, | 1,2,1, | 
(1561)	0,1,1, | 1,2,1, | 
(1296)	0,1,0, | 0,0,0, | 
(1323)	0,1,0, | 0,4,3, | 
(2598)	0,2,0, | 0,1,0, | 
(1309)	0,1,0, | 0,2,1, | 
(1309)	0,1,0, | 0,2,1, | 
(1309)	0,1,0, | 0,2,1, | 
(2661)	0,2,0, | 1,5,3, | 
(1309)	0,1,0, | 0,2,1, | 
(4147)	0,3,1, | 1,1,1, | 
(1309)	0,1,0, | 0,2,1, | 
(0)	0,0,0, | 0,0,0, | 
(0)	0,0,0, | 0,0,0, | 
(0)	0,0,0, | 0,0,0, | 
(0)	0,0,0, | 0,0,0, | 
(0)	0,0,0, | 0,0,0, | 
(0)	0,0,0, | 0,0,0, | 
(0)	0,0,0, | 0,0,0, | 
(0)	0,0,0, | 0,0,0, | 
(0)	0,0,0, | 0,0,0, | 
(62)	0,0,0, | 1,4,2, | 
(62)	0,0,0, | 1,4,2, | 
(62)	0,0,0, | 1,4,2, | 
(62)	0,0,0, | 1,4,2, | 
(62)	0,0,0, | 1,4,2, | 
(62)	0,0,0, | 1,4,2, | 
(62)	0,0,0, | 1,4,2, | 
(62)	0,0,0, | 1,4,2, | 
(7838)	1,0,0, | 1,4,2, | 
(17126)	2,1,1, | 1,4,2, | 
(17126)	2,1,1, | 1,4,2, | 
(62)	0,0,0, | 1,4,2, | 
(62)	0,0,0, | 1,4,2, | 
(62)	0,0,0, | 1,4,2, | 
(62)	0,0,0, | 1,4,2, | 
(62)	0,0,0, | 1,4,2, | 
(1574)	0,1,1, | 1,4,2, | 
(1296)	0,1,0, | 0,0,0, | 
(2605)	0,2,0, | 0,2,1, | 
(2713)	0,2,0, | 3,2,1, | 
(2592)	0,2,0, | 0,0,0, | 
(2592)	0,2,0, | 0,0,0, | 
(2604)	0,2,0, | 0,2,0, | 
(2592)	0,2,0, | 0,0,0, | 
(2604)	0,2,0, | 0,2,0, | 
(5478)	0,4,1, | 2,1,0, | 
(2604)	0,2,0, | 0,2,0, | 
(13)	0,0,0, | 0,2,1, | 
(49)	0,0,0, | 1,2,1, | 
(7)	0,0,0, | 0,1,1, | 
(49)	0,0,0, | 1,2,1, | 
(49)	0,0,0, | 1,2,1, | 
(49)	0,0,0, | 1,2,1, | 
(13)	0,0,0, | 0,2,1, | 
(14)	0,0,0, | 0,2,2, | 
(0)	0,0,0, | 0,0,0, | 
(69)	0,0,0, | 1,5,3, | 
(69)	0,0,0, | 1,5,3, | 
(69)	0,0,0, | 1,5,3, | 
(69)	0,0,0, | 1,5,3, | 
(69)	0,0,0, | 1,5,3, | 
(69)	0,0,0, | 1,5,3, | 
(69)	0,0,0, | 1,5,3, | 
(69)	0,0,0, | 1,5,3, | 
(7845)	1,0,0, | 1,5,3, | 
(17133)	2,1,1, | 1,5,3, | 
(17133)	2,1,1, | 1,5,3, | 
(69)	0,0,0, | 1,5,3, | 
(69)	0,0,0, | 1,5,3, | 
(69)	0,0,0, | 1,5,3, | 
(69)	0,0,0, | 1,5,3, | 
(69)	0,0,0, | 1,5,3, | 
(1581)	0,1,1, | 1,5,3, | 
(1296)	0,1,0, | 0,0,0, | 
(3912)	0,3,0, | 0,4,0, | 
(3912)	0,3,0, | 0,4,0, | 
(3900)	0,3,0, | 0,2,0, | 
(3907)	0,3,0, | 0,3,1, | 
(4092)	0,3,0, | 5,4,0, | 
(5316)	0,4,0, | 3,4,0, | 
(3985)	0,3,0, | 2,4,1, | 
(5419)	0,4,1, | 0,3,1, | 
(3912)	0,3,0, | 0,4,0, | 
(7)	0,0,0, | 0,1,1, | 
(27)	0,0,0, | 0,4,3, | 
(12)	0,0,0, | 0,2,0, | 
(18)	0,0,0, | 0,3,0, | 
(12)	0,0,0, | 0,2,0, | 
(7)	0,0,0, | 0,1,1, | 
(7)	0,0,0, | 0,1,1, | 
(12)	0,0,0, | 0,2,0, | 
(0)	0,0,0, | 0,0,0, | 
(69)	0,0,0, | 1,5,3, | 
(69)	0,0,0, | 1,5,3, | 
(69)	0,0,0, | 1,5,3, | 
(69)	0,0,0, | 1,5,3, | 
(69)	0,0,0, | 1,5,3, | 
(69)	0,0,0, | 1,5,3, | 
(69)	0,0,0, | 1,5,3, | 
(69)	0,0,0, | 1,5,3, | 
(7845)	1,0,0, | 1,5,3, | 
(17133)	2,1,1, | 1,5,3, | 
(17133)	2,1,1, | 1,5,3, | 
(69)	0,0,0, | 1,5,3, | 
(69)	0,0,0, | 1,5,3, | 
(69)	0,0,0, | 1,5,3, | 
(69)	0,0,0, | 1,5,3, | 
(69)	0,0,0, | 1,5,3, | 
(1581)	0,1,1, | 1,5,3, | 
(1296)	0,1,0, | 0,0,0, | 
(3948)	0,3,0, | 1,4,0, | 
(5316)	0,4,0, | 3,4,0, | 
(3924)	0,3,0, | 1,0,0, | 
(3913)	0,3,0, | 0,4,1, | 
(3990)	0,3,0, | 2,5,0, | 
(14346)	1,5,0, | 2,3,0, | 
(3913)	0,3,0, | 0,4,1, | 
(6528)	0,5,0, | 1,2,0, | 
(3907)	0,3,0, | 0,3,1, | 
(31)	0,0,0, | 0,5,1, | 
(42)	0,0,0, | 1,1,0, | 
(6)	0,0,0, | 0,1,0, | 
(42)	0,0,0, | 1,1,0, | 
(68)	0,0,0, | 1,5,2, | 
(6)	0,0,0, | 0,1,0, | 
(55)	0,0,0, | 1,3,1, | 
(162)	0,0,0, | 4,3,0, | 
(0)	0,0,0, | 0,0,0, | 
(69)	0,0,0, | 1,5,3, | 
(69)	0,0,0, | 1,5,3, | 
(69)	0,0,0, | 1,5,3, | 
(69)	0,0,0, | 1,5,3, | 
(69)	0,0,0, | 1,5,3, | 
(69)	0,0,0, | 1,5,3, | 
(69)	0,0,0, | 1,5,3, | 
(69)	0,0,0, | 1,5,3, | 
(7845)	1,0,0, | 1,5,3, | 
(17133)	2,1,1, | 1,5,3, | 
(17133)	2,1,1, | 1,5,3, | 
(69)	0,0,0, | 1,5,3, | 
(69)	0,0,0, | 1,5,3, | 
(69)	0,0,0, | 1,5,3, | 
(69)	0,0,0, | 1,5,3, | 
(69)	0,0,0, | 1,5,3, | 
(1581)	0,1,1, | 1,5,3, | 
(1296)	0,1,0, | 0,0,0, | 
(3990)	0,3,0, | 2,5,0, | 
(5280)	0,4,0, | 2,4,0, | 
(3900)	0,3,0, | 0,2,0, | 
(3912)	0,3,0, | 0,4,0, | 
(14268)	1,5,0, | 0,2,0, | 
(3948)	0,3,0, | 1,4,0, | 
(3888)	0,3,0, | 0,0,0, | 
(6492)	0,5,0, | 0,2,0, | 
(3949)	0,3,0, | 1,4,1, | 
(7)	0,0,0, | 0,1,1, | 
(7)	0,0,0, | 0,1,1, | 
(68)	0,0,0, | 1,5,2, | 
(21)	0,0,0, | 0,3,3, | 
(7)	0,0,0, | 0,1,1, | 
(7)	0,0,0, | 0,1,1, | 
(20)	0,0,0, | 0,3,2, | 
(27)	0,0,0, | 0,4,3, | 
(10584)	1,2,1, | 0,0,0, | 
(10584)	1,2,1, | 0,0,0, | 
(10584)	1,2,1, | 0,0,0, | 
(10584)	1,2,1, | 0,0,0, | 
(10584)	1,2,1, | 0,0,0, | 
(10584)	1,2,1, | 0,0,0, | 
(10584)	1,2,1, | 0,0,0, | 
(10584)	1,2,1, | 0,0,0, | 
(10584)	1,2,1, | 0,0,0, | 
(0)	0,0,0, | 0,0,0, | 
(19440)	2,3,0, | 0,0,0, | 
(0)	0,0,0, | 0,0,0, | 
(0)	0,0,0, | 0,0,0, | 
(37800)	4,5,1, | 0,0,0, | 
(7560)	0,5,5, | 0,0,0, | 
(0)	0,0,0, | 0,0,0, | 
(0)	0,0,0, | 0,0,0, | 
(0)	0,0,0, | 0,0,0, | 
(2610)	0,2,0, | 0,3,0, | 
(2610)	0,2,0, | 0,3,0, | 
(12)	0,0,0, | 0,2,0, | 
(6)	0,0,0, | 0,1,0, | 
(2840)	0,2,1, | 0,5,2, | 
(1482)	0,1,0, | 5,1,0, | 
(6)	0,0,0, | 0,1,0, | 
(6)	0,0,0, | 0,1,0, | 
(6)	0,0,0, | 0,1,0, | 
(6)	0,0,0, | 0,1,0, | 
(10591)	1,2,1, | 0,1,1, | 
(10584)	1,2,1, | 0,0,0, | 
(10584)	1,2,1, | 0,0,0, | 
(10584)	1,2,1, | 0,0,0, | 
(10584)	1,2,1, | 0,0,0, | 
(10591)	1,2,1, | 0,1,1, | 
(10584)	1,2,1, | 0,0,0, | 
(10692)	1,2,1, | 3,0,0, | 
(10584)	1,2,1, | 0,0,0, | 
(10584)	1,2,1, | 0,0,0, | 
(10584)	1,2,1, | 0,0,0, | 
(10584)	1,2,1, | 0,0,0, | 
(10584)	1,2,1, | 0,0,0, | 
(49)	0,0,0, | 1,2,1, | 
(49)	0,0,0, | 1,2,1, | 
(49)	0,0,0, | 1,2,1, | 
(49)	0,0,0, | 1,2,1, | 
(7825)	1,0,0, | 1,2,1, | 
(17113)	2,1,1, | 1,2,1, | 
(1561)	0,1,1, | 1,2,1, | 
(10849)	1,2,2, | 1,2,1, | 
(7825)	1,0,0, | 1,2,1, | 
(7825)	1,0,0, | 1,2,1, | 
(5881)	0,4,3, | 1,2,1, | 
(7825)	1,0,0, | 1,2,1, | 
(1561)	0,1,1, | 1,2,1, | 
(2610)	0,2,0, | 0,3,0, | 
(1302)	0,1,0, | 0,1,0, | 
(1338)	0,1,0, | 1,1,0, | 
(1302)	0,1,0, | 0,1,0, | 
(22663)	2,5,2, | 5,3,1, | 
(2622)	0,2,0, | 0,5,0, | 
(1472)	0,1,0, | 4,5,2, | 
(2658)	0,2,0, | 1,5,0, | 
(2634)	0,2,0, | 1,1,0, | 
(1309)	0,1,0, | 0,2,1, | 
(10762)	1,2,1, | 4,5,4, | 
(10620)	1,2,1, | 1,0,0, | 
(10584)	1,2,1, | 0,0,0, | 
(10591)	1,2,1, | 0,1,1, | 
(10620)	1,2,1, | 1,0,0, | 
(10706)	1,2,1, | 3,2,2, | 
(10591)	1,2,1, | 0,1,1, | 
(10591)	1,2,1, | 0,1,1, | 
(10584)	1,2,1, | 0,0,0, | 
(10584)	1,2,1, | 0,0,0, | 
(10584)	1,2,1, | 0,0,0, | 
(7802)	1,0,0, | 0,4,2, | 
(7802)	1,0,0, | 0,4,2, | 
(62)	0,0,0, | 1,4,2, | 
(62)	0,0,0, | 1,4,2, | 
(62)	0,0,0, | 1,4,2, | 
(62)	0,0,0, | 1,4,2, | 
(7838)	1,0,0, | 1,4,2, | 
(17126)	2,1,1, | 1,4,2, | 
(1574)	0,1,1, | 1,4,2, | 
(10646)	1,2,1, | 1,4,2, | 
(7838)	1,0,0, | 1,4,2, | 
(7838)	1,0,0, | 1,4,2, | 
(5894)	0,4,3, | 1,4,2, | 
(7838)	1,0,0, | 1,4,2, | 
(1574)	0,1,1, | 1,4,2, | 
(2610)	0,2,0, | 0,3,0, | 
(2616)	0,2,0, | 0,4,0, | 
(2610)	0,2,0, | 0,3,0, | 
(2604)	0,2,0, | 0,2,0, | 
(41610)	5,2,0, | 3,5,0, | 
(2616)	0,2,0, | 0,4,0, | 
(14574)	1,5,1, | 2,5,0, | 
(2604)	0,2,0, | 0,2,0, | 
(3978)	0,3,0, | 2,3,0, | 
(2604)	0,2,0, | 0,2,0, | 
(10470)	1,2,0, | 2,5,0, | 
(10428)	1,2,0, | 1,4,0, | 
(11887)	1,3,1, | 0,1,1, | 
(11893)	1,3,1, | 0,2,1, | 
(11887)	1,3,1, | 0,1,1, | 
(10591)	1,2,1, | 0,1,1, | 
(10634)	1,2,1, | 1,2,2, | 
(10598)	1,2,1, | 0,2,2, | 
(10584)	1,2,1, | 0,0,0, | 
(10584)	1,2,1, | 0,0,0, | 
(7809)	1,0,0, | 0,5,3, | 
(7809)	1,0,0, | 0,5,3, | 
(7809)	1,0,0, | 0,5,3, | 
(69)	0,0,0, | 1,5,3, | 
(69)	0,0,0, | 1,5,3, | 
(69)	0,0,0, | 1,5,3, | 
(69)	0,0,0, | 1,5,3, | 
(7845)	1,0,0, | 1,5,3, | 
(17133)	2,1,1, | 1,5,3, | 
(1581)	0,1,1, | 1,5,3, | 
(10869)	1,2,2, | 1,5,3, | 
(7845)	1,0,0, | 1,5,3, | 
(7845)	1,0,0, | 1,5,3, | 
(5901)	0,4,3, | 1,5,3, | 
(7845)	1,0,0, | 1,5,3, | 
(1581)	0,1,1, | 1,5,3, | 
(2610)	0,2,0, | 0,3,0, | 
(3912)	0,3,0, | 0,4,0, | 
(4063)	0,3,0, | 4,5,1, | 
(3948)	0,3,0, | 1,4,0, | 
(13272)	1,4,1, | 2,4,0, | 
(3979)	0,3,0, | 2,3,1, | 
(3907)	0,3,0, | 0,3,1, | 
(5424)	0,4,1, | 0,4,0, | 
(5442)	0,4,1, | 1,1,0, | 
(3912)	0,3,0, | 0,4,0, | 
(13189)	1,4,1, | 0,2,1, | 
(13212)	1,4,1, | 1,0,0, | 
(10428)	1,2,0, | 1,4,0, | 
(10386)	1,2,0, | 0,3,0, | 
(10584)	1,2,1, | 0,0,0, | 
(10598)	1,2,1, | 0,2,2, | 
(10584)	1,2,1, | 0,0,0, | 
(10699)	1,2,1, | 3,1,1, | 
(10584)	1,2,1, | 0,0,0, | 
(10584)	1,2,1, | 0,0,0, | 
(7809)	1,0,0, | 0,5,3, | 
(7809)	1,0,0, | 0,5,3, | 
(7809)	1,0,0, | 0,5,3, | 
(69)	0,0,0, | 1,5,3, | 
(69)	0,0,0, | 1,5,3, | 
(69)	0,0,0, | 1,5,3, | 
(69)	0,0,0, | 1,5,3, | 
(7845)	1,0,0, | 1,5,3, | 
(17133)	2,1,1, | 1,5,3, | 
(1581)	0,1,1, | 1,5,3, | 
(10869)	1,2,2, | 1,5,3, | 
(7845)	1,0,0, | 1,5,3, | 
(7845)	1,0,0, | 1,5,3, | 
(5901)	0,4,3, | 1,5,3, | 
(7845)	1,0,0, | 1,5,3, | 
(1581)	0,1,1, | 1,5,3, | 
(2610)	0,2,0, | 0,3,0, | 
(3907)	0,3,0, | 0,3,1, | 
(3919)	0,3,0, | 0,5,1, | 
(3984)	0,3,0, | 2,4,0, | 
(13098)	1,4,0, | 3,5,0, | 
(3949)	0,3,0, | 1,4,1, | 
(14538)	1,5,1, | 1,5,0, | 
(5286)	0,4,0, | 2,5,0, | 
(3991)	0,3,0, | 2,5,1, | 
(3907)	0,3,0, | 0,3,1, | 
(11766)	1,3,0, | 2,5,0, | 
(11802)	1,3,0, | 3,5,0, | 
(11688)	1,3,0, | 0,4,0, | 
(10536)	1,2,0, | 4,4,0, | 
(10647)	1,2,1, | 1,4,3, | 
(10584)	1,2,1, | 0,0,0, | 
(10584)	1,2,1, | 0,0,0, | 
(10618)	1,2,1, | 0,5,4, | 
(10584)	1,2,1, | 0,0,0, | 
(10584)	1,2,1, | 0,0,0, | 
(7809)	1,0,0, | 0,5,3, | 
(7809)	1,0,0, | 0,5,3, | 
(7809)	1,0,0, | 0,5,3, | 
(69)	0,0,0, | 1,5,3, | 
(69)	0,0,0, | 1,5,3, | 
(69)	0,0,0, | 1,5,3, | 
(69)	0,0,0, | 1,5,3, | 
(7845)	1,0,0, | 1,5,3, | 
(17133)	2,1,1, | 1,5,3, | 
(1581)	0,1,1, | 1,5,3, | 
(10869)	1,2,2, | 1,5,3, | 
(7845)	1,0,0, | 1,5,3, | 
(7845)	1,0,0, | 1,5,3, | 
(5901)	0,4,3, | 1,5,3, | 
(7845)	1,0,0, | 1,5,3, | 
(1581)	0,1,1, | 1,5,3, | 
(2610)	0,2,0, | 0,3,0, | 
(3913)	0,3,0, | 0,4,1, | 
(6738)	0,5,1, | 1,1,0, | 
(3954)	0,3,0, | 1,5,0, | 
(3906)	0,3,0, | 0,3,0, | 
(3949)	0,3,0, | 1,4,1, | 
(14568)	1,5,1, | 2,4,0, | 
(6872)	0,5,1, | 4,5,2, | 
(6763)	0,5,1, | 1,5,1, | 
(3949)	0,3,0, | 1,4,1, | 
(11730)	1,3,0, | 1,5,0, | 
(11694)	1,3,0, | 0,5,0, | 
(11730)	1,3,0, | 1,5,0, | 
(11760)	1,3,0, | 2,4,0, | 
(10618)	1,2,1, | 0,5,4, | 
(10591)	1,2,1, | 0,1,1, | 
(10640)	1,2,1, | 1,3,2, | 
(10618)	1,2,1, | 0,5,4, | 
(13392)	1,4,2, | 0,0,0, | 
(13392)	1,4,2, | 0,0,0, | 
(13392)	1,4,2, | 0,0,0, | 
(13392)	1,4,2, | 0,0,0, | 
(13392)	1,4,2, | 0,0,0, | 
(13392)	1,4,2, | 0,0,0, | 
(13392)	1,4,2, | 0,0,0, | 
(13392)	1,4,2, | 0,0,0, | 
(13392)	1,4,2, | 0,0,0, | 
(0)	0,0,0, | 0,0,0, | 
(13824)	1,4,4, | 0,0,0, | 
(2808)	0,2,1, | 0,0,0, | 
(10584)	1,2,1, | 0,0,0, | 
(2808)	0,2,1, | 0,0,0, | 
(2808)	0,2,1, | 0,0,0, | 
(2808)	0,2,1, | 0,0,0, | 
(10584)	1,2,1, | 0,0,0, | 
(5832)	0,4,3, | 0,0,0, | 
(2604)	0,2,0, | 0,2,0, | 
(2604)	0,2,0, | 0,2,0, | 
(12)	0,0,0, | 0,2,0, | 
(18)	0,0,0, | 0,3,0, | 
(1363)	0,1,0, | 1,5,1, | 
(2790)	0,2,0, | 5,3,0, | 
(12)	0,0,0, | 0,2,0, | 
(66)	0,0,0, | 1,5,0, | 
(12)	0,0,0, | 0,2,0, | 
(6)	0,0,0, | 0,1,0, | 
(13399)	1,4,2, | 0,1,1, | 
(13392)	1,4,2, | 0,0,0, | 
(13399)	1,4,2, | 0,1,1, | 
(13392)	1,4,2, | 0,0,0, | 
(13392)	1,4,2, | 0,0,0, | 
(13399)	1,4,2, | 0,1,1, | 
(13471)	1,4,2, | 2,1,1, | 
(13500)	1,4,2, | 3,0,0, | 
(13392)	1,4,2, | 0,0,0, | 
(13392)	1,4,2, | 0,0,0, | 
(13392)	1,4,2, | 0,0,0, | 
(13392)	1,4,2, | 0,0,0, | 
(13392)	1,4,2, | 0,0,0, | 
(5652)	0,4,2, | 1,0,0, | 
(5652)	0,4,2, | 1,0,0, | 
(49)	0,0,0, | 1,2,1, | 
(49)	0,0,0, | 1,2,1, | 
(7825)	1,0,0, | 1,2,1, | 
(17113)	2,1,1, | 1,2,1, | 
(12145)	1,3,2, | 1,2,1, | 
(1561)	0,1,1, | 1,2,1, | 
(2863)	0,2,1, | 1,3,1, | 
(2863)	0,2,1, | 1,3,1, | 
(1567)	0,1,1, | 1,3,1, | 
(13008)	1,4,0, | 1,2,0, | 
(29856)	3,5,0, | 1,2,0, | 
(2604)	0,2,0, | 0,2,0, | 
(2610)	0,2,0, | 0,3,0, | 
(2604)	0,2,0, | 0,2,0, | 
(1363)	0,1,0, | 1,5,1, | 
(13135)	1,4,0, | 4,5,1, | 
(2604)	0,2,0, | 0,2,0, | 
(2688)	0,2,0, | 2,4,0, | 
(2653)	0,2,0, | 1,4,1, | 
(2725)	0,2,0, | 3,4,1, | 
(1309)	0,1,0, | 0,2,1, | 
(13569)	1,4,2, | 4,5,3, | 
(13428)	1,4,2, | 1,0,0, | 
(13392)	1,4,2, | 0,0,0, | 
(13399)	1,4,2, | 0,1,1, | 
(13428)	1,4,2, | 1,0,0, | 
(13513)	1,4,2, | 3,2,1, | 
(13399)	1,4,2, | 0,1,1, | 
(13399)	1,4,2, | 0,1,1, | 
(13392)	1,4,2, | 0,0,0, | 
(13392)	1,4,2, | 0,0,0, | 
(13392)	1,4,2, | 0,0,0, | 
(13392)	1,4,2, | 0,0,0, | 
(13392)	1,4,2, | 0,0,0, | 
(62)	0,0,0, | 1,4,2, | 
(62)	0,0,0, | 1,4,2, | 
(62)	0,0,0, | 1,4,2, | 
(62)	0,0,0, | 1,4,2, | 
(7838)	1,0,0, | 1,4,2, | 
(18422)	2,2,1, | 1,4,2, | 
(62)	0,0,0, | 1,4,2, | 
(68)	0,0,0, | 1,5,2, | 
(4388)	0,3,2, | 1,5,2, | 
(2876)	0,2,1, | 1,5,2, | 
(4388)	0,3,2, | 1,5,2, | 
(2876)	0,2,1, | 1,5,2, | 
(10645)	1,2,1, | 1,4,1, | 
(2604)	0,2,0, | 0,2,0, | 
(2610)	0,2,0, | 0,3,0, | 
(2604)	0,2,0, | 0,2,0, | 
(2617)	0,2,0, | 0,4,1, | 
(41484)	5,2,0, | 0,2,0, | 
(2617)	0,2,0, | 0,4,1, | 
(2694)	0,2,0, | 2,5,0, | 
(2604)	0,2,0, | 0,2,0, | 
(3978)	0,3,0, | 2,3,0, | 
(2604)	0,2,0, | 0,2,0, | 
(13316)	1,4,1, | 3,5,2, | 
(14701)	1,5,2, | 0,2,1, | 
(14708)	1,5,2, | 0,3,2, | 
(14701)	1,5,2, | 0,2,1, | 
(14701)	1,5,2, | 0,2,1, | 
(14688)	1,5,2, | 0,0,0, | 
(13448)	1,4,2, | 1,3,2, | 
(13392)	1,4,2, | 0,0,0, | 
(13392)	1,4,2, | 0,0,0, | 
(13392)	1,4,2, | 0,0,0, | 
(13392)	1,4,2, | 0,0,0, | 
(13392)	1,4,2, | 0,0,0, | 
(7809)	1,0,0, | 0,5,3, | 
(69)	0,0,0, | 1,5,3, | 
(69)	0,0,0, | 1,5,3, | 
(69)	0,0,0, | 1,5,3, | 
(69)	0,0,0, | 1,5,3, | 
(7845)	1,0,0, | 1,5,3, | 
(17133)	2,1,1, | 1,5,3, | 
(43268)	5,3,2, | 1,5,2, | 
(68)	0,0,0, | 1,5,2, | 
(4388)	0,3,2, | 1,5,2, | 
(2876)	0,2,1, | 1,5,2, | 
(4388)	0,3,2, | 1,5,2, | 
(2876)	0,2,1, | 1,5,2, | 
(4388)	0,3,2, | 1,5,2, | 
(2604)	0,2,0, | 0,2,0, | 
(3978)	0,3,0, | 2,3,0, | 
(5352)	0,4,0, | 4,4,0, | 
(3906)	0,3,0, | 0,3,0, | 
(13086)	1,4,0, | 3,3,0, | 
(3912)	0,3,0, | 0,4,0, | 
(44082)	5,4,0, | 0,3,0, | 
(3912)	0,3,0, | 0,4,0, | 
(5202)	0,4,0, | 0,3,0, | 
(3912)	0,3,0, | 0,4,0, | 
(13196)	1,4,1, | 0,3,2, | 
(13212)	1,4,1, | 1,0,0, | 
(13189)	1,4,1, | 0,2,1, | 
(14695)	1,5,2, | 0,1,1, | 
(14695)	1,5,2, | 0,1,1, | 
(14695)	1,5,2, | 0,1,1, | 
(13435)	1,4,2, | 1,1,1, | 
(13399)	1,4,2, | 0,1,1, | 
(13392)	1,4,2, | 0,0,0, | 
(13392)	1,4,2, | 0,0,0, | 
(13392)	1,4,2, | 0,0,0, | 
(13392)	1,4,2, | 0,0,0, | 
(7809)	1,0,0, | 0,5,3, | 
(69)	0,0,0, | 1,5,3, | 
(69)	0,0,0, | 1,5,3, | 
(69)	0,0,0, | 1,5,3, | 
(69)	0,0,0, | 1,5,3, | 
(7845)	1,0,0, | 1,5,3, | 
(17133)	2,1,1, | 1,5,3, | 
(43268)	5,3,2, | 1,5,2, | 
(68)	0,0,0, | 1,5,2, | 
(4388)	0,3,2, | 1,5,2, | 
(2876)	0,2,1, | 1,5,2, | 
(4388)	0,3,2, | 1,5,2, | 
(2876)	0,2,1, | 1,5,2, | 
(4388)	0,3,2, | 1,5,2, | 
(2604)	0,2,0, | 0,2,0, | 
(3978)	0,3,0, | 2,3,0, | 
(5244)	0,4,0, | 1,4,0, | 
(3918)	0,3,0, | 0,5,0, | 
(13050)	1,4,0, | 2,3,0, | 
(4020)	0,3,0, | 3,4,0, | 
(14538)	1,5,1, | 1,5,0, | 
(3912)	0,3,0, | 0,4,0, | 
(3991)	0,3,0, | 2,5,1, | 
(3907)	0,3,0, | 0,3,1, | 
(11766)	1,3,0, | 2,5,0, | 
(13195)	1,4,1, | 0,3,1, | 
(13195)	1,4,1, | 0,3,1, | 
(14724)	1,5,2, | 1,0,0, | 
(14708)	1,5,2, | 0,3,2, | 
(14708)	1,5,2, | 0,3,2, | 
(13399)	1,4,2, | 0,1,1, | 
(13392)	1,4,2, | 0,0,0, | 
(13392)	1,4,2, | 0,0,0, | 
(13392)	1,4,2, | 0,0,0, | 
(13392)	1,4,2, | 0,0,0, | 
(7809)	1,0,0, | 0,5,3, | 
(7809)	1,0,0, | 0,5,3, | 
(69)	0,0,0, | 1,5,3, | 
(69)	0,0,0, | 1,5,3, | 
(69)	0,0,0, | 1,5,3, | 
(69)	0,0,0, | 1,5,3, | 
(7845)	1,0,0, | 1,5,3, | 
(17133)	2,1,1, | 1,5,3, | 
(43268)	5,3,2, | 1,5,2, | 
(68)	0,0,0, | 1,5,2, | 
(4388)	0,3,2, | 1,5,2, | 
(2876)	0,2,1, | 1,5,2, | 
(4388)	0,3,2, | 1,5,2, | 
(2876)	0,2,1, | 1,5,2, | 
(4388)	0,3,2, | 1,5,2, | 
(2604)	0,2,0, | 0,2,0, | 
(3991)	0,3,0, | 2,5,1, | 
(5280)	0,4,0, | 2,4,0, | 
(3906)	0,3,0, | 0,3,0, | 
(13021)	1,4,0, | 1,4,1, | 
(4020)	0,3,0, | 3,4,0, | 
(14568)	1,5,1, | 2,4,0, | 
(3984)	0,3,0, | 2,4,0, | 
(5196)	0,4,0, | 0,2,0, | 
(3949)	0,3,0, | 1,4,1, | 
(14533)	1,5,1, | 1,4,1, | 
(14508)	1,5,1, | 1,0,0, | 
(13176)	1,4,1, | 0,0,0, | 
(14688)	1,5,2, | 0,0,0, | 
(14845)	1,5,2, | 4,2,1, | 
(14688)	1,5,2, | 0,0,0, | 
(14852)	1,5,2, | 4,3,2, | 
(13425)	1,4,2, | 0,5,3, | 
(14904)	1,5,3, | 0,0,0, | 
(14904)	1,5,3, | 0,0,0, | 
(14904)	1,5,3, | 0,0,0, | 
(14904)	1,5,3, | 0,0,0, | 
(14904)	1,5,3, | 0,0,0, | 
(14904)	1,5,3, | 0,0,0, | 
(14904)	1,5,3, | 0,0,0, | 
(14904)	1,5,3, | 0,0,0, | 
(14904)	1,5,3, | 0,0,0, | 
(0)	0,0,0, | 0,0,0, | 
(19656)	2,3,1, | 0,0,0, | 
(5832)	0,4,3, | 0,0,0, | 
(1512)	0,1,1, | 0,0,0, | 
(2592)	0,2,0, | 0,0,0, | 
(6912)	0,5,2, | 0,0,0, | 
(5832)	0,4,3, | 0,0,0, | 
(5832)	0,4,3, | 0,0,0, | 
(1512)	0,1,1, | 0,0,0, | 
(1327)	0,1,0, | 0,5,1, | 
(1327)	0,1,0, | 0,5,1, | 
(1471)	0,1,0, | 4,5,1, | 
(1363)	0,1,0, | 1,5,1, | 
(1363)	0,1,0, | 1,5,1, | 
(4092)	0,3,0, | 5,4,0, | 
(30)	0,0,0, | 0,5,0, | 
(66)	0,0,0, | 1,5,0, | 
(40279)	5,1,0, | 2,5,1, | 
(6)	0,0,0, | 0,1,0, | 
(14911)	1,5,3, | 0,1,1, | 
(14904)	1,5,3, | 0,0,0, | 
(14904)	1,5,3, | 0,0,0, | 
(14983)	1,5,3, | 2,1,1, | 
(14911)	1,5,3, | 0,1,1, | 
(14911)	1,5,3, | 0,1,1, | 
(14904)	1,5,3, | 0,0,0, | 
(15012)	1,5,3, | 3,0,0, | 
(14904)	1,5,3, | 0,0,0, | 
(14904)	1,5,3, | 0,0,0, | 
(14904)	1,5,3, | 0,0,0, | 
(14904)	1,5,3, | 0,0,0, | 
(14904)	1,5,3, | 0,0,0, | 
(7164)	0,5,3, | 1,0,0, | 
(7164)	0,5,3, | 1,0,0, | 
(7164)	0,5,3, | 1,0,0, | 
(49)	0,0,0, | 1,2,1, | 
(7825)	1,0,0, | 1,2,1, | 
(22945)	2,5,4, | 1,2,1, | 
(1561)	0,1,1, | 1,2,1, | 
(1561)	0,1,1, | 1,2,1, | 
(5881)	0,4,3, | 1,2,1, | 
(3936)	0,3,0, | 1,2,0, | 
(3936)	0,3,0, | 1,2,0, | 
(7837)	1,0,0, | 1,4,1, | 
(2869)	0,2,1, | 1,4,1, | 
(1327)	0,1,0, | 0,5,1, | 
(1327)	0,1,0, | 0,5,1, | 
(3918)	0,3,0, | 0,5,0, | 
(1363)	0,1,0, | 1,5,1, | 
(1327)	0,1,0, | 0,5,1, | 
(3918)	0,3,0, | 0,5,0, | 
(18313)	2,2,0, | 4,4,1, | 
(2766)	0,2,0, | 4,5,0, | 
(3991)	0,3,0, | 2,5,1, | 
(1309)	0,1,0, | 0,2,1, | 
(15082)	1,5,3, | 4,5,4, | 
(14940)	1,5,3, | 1,0,0, | 
(14904)	1,5,3, | 0,0,0, | 
(14911)	1,5,3, | 0,1,1, | 
(14940)	1,5,3, | 1,0,0, | 
(15026)	1,5,3, | 3,2,2, | 
(14911)	1,5,3, | 0,1,1, | 
(14911)	1,5,3, | 0,1,1, | 
(14904)	1,5,3, | 0,0,0, | 
(14904)	1,5,3, | 0,0,0, | 
(14904)	1,5,3, | 0,0,0, | 
(14904)	1,5,3, | 0,0,0, | 
(14904)	1,5,3, | 0,0,0, | 
(7164)	0,5,3, | 1,0,0, | 
(62)	0,0,0, | 1,4,2, | 
(62)	0,0,0, | 1,4,2, | 
(62)	0,0,0, | 1,4,2, | 
(7838)	1,0,0, | 1,4,2, | 
(17126)	2,1,1, | 1,4,2, | 
(13670)	1,4,3, | 1,4,2, | 
(1580)	0,1,1, | 1,5,2, | 
(12164)	1,3,2, | 1,5,2, | 
(40460)	5,1,1, | 1,5,2, | 
(4165)	0,3,1, | 1,4,1, | 
(7837)	1,0,0, | 1,4,1, | 
(2869)	0,2,1, | 1,4,1, | 
(1327)	0,1,0, | 0,5,1, | 
(2616)	0,2,0, | 0,4,0, | 
(3912)	0,3,0, | 0,4,0, | 
(5461)	0,4,1, | 1,4,1, | 
(5425)	0,4,1, | 0,4,1, | 
(3912)	0,3,0, | 0,4,0, | 
(29947)	3,5,0, | 3,5,1, | 
(2652)	0,2,0, | 1,4,0, | 
(3978)	0,3,0, | 2,3,0, | 
(2604)	0,2,0, | 0,2,0, | 
(14708)	1,5,2, | 0,3,2, | 
(14701)	1,5,2, | 0,2,1, | 
(14708)	1,5,2, | 0,3,2, | 
(14701)	1,5,2, | 0,2,1, | 
(14701)	1,5,2, | 0,2,1, | 
(14688)	1,5,2, | 0,0,0, | 
(14868)	1,5,2, | 5,0,0, | 
(14918)	1,5,3, | 0,2,2, | 
(14904)	1,5,3, | 0,0,0, | 
(14904)	1,5,3, | 0,0,0, | 
(14904)	1,5,3, | 0,0,0, | 
(14904)	1,5,3, | 0,0,0, | 
(14904)	1,5,3, | 0,0,0, | 
(69)	0,0,0, | 1,5,3, | 
(69)	0,0,0, | 1,5,3, | 
(69)	0,0,0, | 1,5,3, | 
(69)	0,0,0, | 1,5,3, | 
(7845)	1,0,0, | 1,5,3, | 
(22965)	2,5,4, | 1,5,3, | 
(1580)	0,1,1, | 1,5,2, | 
(1580)	0,1,1, | 1,5,2, | 
(12164)	1,3,2, | 1,5,2, | 
(40460)	5,1,1, | 1,5,2, | 
(4165)	0,3,1, | 1,4,1, | 
(7837)	1,0,0, | 1,4,1, | 
(2869)	0,2,1, | 1,4,1, | 
(1327)	0,1,0, | 0,5,1, | 
(3912)	0,3,0, | 0,4,0, | 
(3912)	0,3,0, | 0,4,0, | 
(5425)	0,4,1, | 0,4,1, | 
(5605)	0,4,1, | 5,4,1, | 
(3912)	0,3,0, | 0,4,0, | 
(29826)	3,5,0, | 0,3,0, | 
(3912)	0,3,0, | 0,4,0, | 
(5202)	0,4,0, | 0,3,0, | 
(3912)	0,3,0, | 0,4,0, | 
(13284)	1,4,1, | 3,0,0, | 
(13212)	1,4,1, | 1,0,0, | 
(13189)	1,4,1, | 0,2,1, | 
(14695)	1,5,2, | 0,1,1, | 
(14695)	1,5,2, | 0,1,1, | 
(14695)	1,5,2, | 0,1,1, | 
(14695)	1,5,2, | 0,1,1, | 
(15019)	1,5,3, | 3,1,1, | 
(14904)	1,5,3, | 0,0,0, | 
(14904)	1,5,3, | 0,0,0, | 
(14904)	1,5,3, | 0,0,0, | 
(14904)	1,5,3, | 0,0,0, | 
(14904)	1,5,3, | 0,0,0, | 
(69)	0,0,0, | 1,5,3, | 
(69)	0,0,0, | 1,5,3, | 
(69)	0,0,0, | 1,5,3, | 
(69)	0,0,0, | 1,5,3, | 
(7845)	1,0,0, | 1,5,3, | 
(22965)	2,5,4, | 1,5,3, | 
(1580)	0,1,1, | 1,5,2, | 
(1580)	0,1,1, | 1,5,2, | 
(12164)	1,3,2, | 1,5,2, | 
(40460)	5,1,1, | 1,5,2, | 
(1580)	0,1,1, | 1,5,2, | 
(7837)	1,0,0, | 1,4,1, | 
(2869)	0,2,1, | 1,4,1, | 
(1327)	0,1,0, | 0,5,1, | 
(3912)	0,3,0, | 0,4,0, | 
(5209)	0,4,0, | 0,4,1, | 
(3906)	0,3,0, | 0,3,0, | 
(3913)	0,3,0, | 0,4,1, | 
(3912)	0,3,0, | 0,4,0, | 
(29875)	3,5,0, | 1,5,1, | 
(3990)	0,3,0, | 2,5,0, | 
(3991)	0,3,0, | 2,5,1, | 
(3907)	0,3,0, | 0,3,1, | 
(14497)	1,5,1, | 0,4,1, | 
(14497)	1,5,1, | 0,4,1, | 
(14786)	1,5,2, | 2,4,2, | 
(14724)	1,5,2, | 1,0,0, | 
(14708)	1,5,2, | 0,3,2, | 
(14708)	1,5,2, | 0,3,2, | 
(14701)	1,5,2, | 0,2,1, | 
(14938)	1,5,3, | 0,5,4, | 
(14904)	1,5,3, | 0,0,0, | 
(14904)	1,5,3, | 0,0,0, | 
(14904)	1,5,3, | 0,0,0, | 
(14904)	1,5,3, | 0,0,0, | 
(7809)	1,0,0, | 0,5,3, | 
(69)	0,0,0, | 1,5,3, | 
(69)	0,0,0, | 1,5,3, | 
(69)	0,0,0, | 1,5,3, | 
(69)	0,0,0, | 1,5,3, | 
(7845)	1,0,0, | 1,5,3, | 
(22965)	2,5,4, | 1,5,3, | 
(1580)	0,1,1, | 1,5,2, | 
(1580)	0,1,1, | 1,5,2, | 
(12164)	1,3,2, | 1,5,2, | 
(40460)	5,1,1, | 1,5,2, | 
(1580)	0,1,1, | 1,5,2, | 
(7837)	1,0,0, | 1,4,1, | 
(2869)	0,2,1, | 1,4,1, | 
(1327)	0,1,0, | 0,5,1, | 
(3918)	0,3,0, | 0,5,0, | 
(3954)	0,3,0, | 1,5,0, | 
(3906)	0,3,0, | 0,3,0, | 
(3906)	0,3,0, | 0,3,0, | 
(3913)	0,3,0, | 0,4,1, | 
(22446)	2,5,1, | 5,3,0, | 
(6582)	0,5,0, | 2,5,0, | 
(6618)	0,5,0, | 3,5,0, | 
(3949)	0,3,0, | 1,4,1, | 
(14533)	1,5,1, | 1,4,1, | 
(14508)	1,5,1, | 1,0,0, | 
(14485)	1,5,1, | 0,2,1, | 
(14688)	1,5,2, | 0,0,0, | 
(14852)	1,5,2, | 4,3,2, | 
(14688)	1,5,2, | 0,0,0, | 
(14852)	1,5,2, | 4,3,2, | 
(14938)	1,5,3, | 0,5,4, | 
(14904)	1,5,3, | 0,0,0, | 
(14904)	1,5,3, | 0,0,0, | 
(14904)	1,5,3, | 0,0,0, | 
(14904)	1,5,3, | 0,0,0, | 
(14904)	1,5,3, | 0,0,0, | 
(14904)	1,5,3, | 0,0,0, | 
(14904)	1,5,3, | 0,0,0, | 
(14904)	1,5,3, | 0,0,0, | 
(14904)	1,5,3, | 0,0,0, | 
(0)	0,0,0, | 0,0,0, | 
(25920)	3,2,0, | 0,0,0, | 
(14688)	1,5,2, | 0,0,0, | 
(1296)	0,1,0, | 0,0,0, | 
(1296)	0,1,0, | 0,0,0, | 
(18576)	2,2,2, | 0,0,0, | 
(5184)	0,4,0, | 0,0,0, | 
(9072)	1,1,0, | 0,0,0, | 
(6696)	0,5,1, | 0,0,0, | 
(1327)	0,1,0, | 0,5,1, | 
(5214)	0,4,0, | 0,5,0, | 
(1363)	0,1,0, | 1,5,1, | 
(18)	0,0,0, | 0,3,0, | 
(1314)	0,1,0, | 0,3,0, | 
(2623)	0,2,0, | 0,5,1, | 
(30)	0,0,0, | 0,5,0, | 
(66)	0,0,0, | 1,5,0, | 
(31)	0,0,0, | 0,5,1, | 
(6)	0,0,0, | 0,1,0, | 
(14911)	1,5,3, | 0,1,1, | 
(14904)	1,5,3, | 0,0,0, | 
(14904)	1,5,3, | 0,0,0, | 
(14904)	1,5,3, | 0,0,0, | 
(14904)	1,5,3, | 0,0,0, | 
(14911)	1,5,3, | 0,1,1, | 
(14904)	1,5,3, | 0,0,0, | 
(15012)	1,5,3, | 3,0,0, | 
(14904)	1,5,3, | 0,0,0, | 
(14904)	1,5,3, | 0,0,0, | 
(14904)	1,5,3, | 0,0,0, | 
(14904)	1,5,3, | 0,0,0, | 
(14904)	1,5,3, | 0,0,0, | 
(7164)	0,5,3, | 1,0,0, | 
(7164)	0,5,3, | 1,0,0, | 
(7164)	0,5,3, | 1,0,0, | 
(49)	0,0,0, | 1,2,1, | 
(7825)	1,0,0, | 1,2,1, | 
(18625)	2,2,2, | 1,2,1, | 
(1561)	0,1,1, | 1,2,1, | 
(49)	0,0,0, | 1,2,1, | 
(49)	0,0,0, | 1,2,1, | 
(36336)	4,4,0, | 1,2,0, | 
(22086)	2,5,0, | 1,3,0, | 
(29862)	3,5,0, | 1,3,0, | 
(22086)	2,5,0, | 1,3,0, | 
(1327)	0,1,0, | 0,5,1, | 
(2623)	0,2,0, | 0,5,1, | 
(1363)	0,1,0, | 1,5,1, | 
(1320)	0,1,0, | 0,4,0, | 
(22207)	2,5,0, | 4,5,1, | 
(5214)	0,4,0, | 0,5,0, | 
(14568)	1,5,1, | 2,4,0, | 
(5250)	0,4,0, | 1,5,0, | 
(5280)	0,4,0, | 2,4,0, | 
(1309)	0,1,0, | 0,2,1, | 
(15082)	1,5,3, | 4,5,4, | 
(14940)	1,5,3, | 1,0,0, | 
(14904)	1,5,3, | 0,0,0, | 
(14911)	1,5,3, | 0,1,1, | 
(14940)	1,5,3, | 1,0,0, | 
(15026)	1,5,3, | 3,2,2, | 
(14911)	1,5,3, | 0,1,1, | 
(14911)	1,5,3, | 0,1,1, | 
(14904)	1,5,3, | 0,0,0, | 
(14904)	1,5,3, | 0,0,0, | 
(14904)	1,5,3, | 0,0,0, | 
(14904)	1,5,3, | 0,0,0, | 
(14904)	1,5,3, | 0,0,0, | 
(7164)	0,5,3, | 1,0,0, | 
(62)	0,0,0, | 1,4,2, | 
(62)	0,0,0, | 1,4,2, | 
(62)	0,0,0, | 1,4,2, | 
(7838)	1,0,0, | 1,4,2, | 
(7190)	0,5,3, | 1,4,2, | 
(36998)	4,4,3, | 1,4,2, | 
(4388)	0,3,2, | 1,5,2, | 
(4388)	0,3,2, | 1,5,2, | 
(12164)	1,3,2, | 1,5,2, | 
(4165)	0,3,1, | 1,4,1, | 
(4165)	0,3,1, | 1,4,1, | 
(5467)	0,4,1, | 1,5,1, | 
(1327)	0,1,0, | 0,5,1, | 
(2616)	0,2,0, | 0,4,0, | 
(2695)	0,2,0, | 2,5,1, | 
(2622)	0,2,0, | 0,5,0, | 
(44202)	5,4,0, | 3,5,0, | 
(5424)	0,4,1, | 0,4,0, | 
(14574)	1,5,1, | 2,5,0, | 
(5604)	0,4,1, | 5,4,0, | 
(19530)	2,3,0, | 2,3,0, | 
(2604)	0,2,0, | 0,2,0, | 
(14708)	1,5,2, | 0,3,2, | 
(14701)	1,5,2, | 0,2,1, | 
(14708)	1,5,2, | 0,3,2, | 
(14701)	1,5,2, | 0,2,1, | 
(14701)	1,5,2, | 0,2,1, | 
(14688)	1,5,2, | 0,0,0, | 
(14868)	1,5,2, | 5,0,0, | 
(14918)	1,5,3, | 0,2,2, | 
(14904)	1,5,3, | 0,0,0, | 
(14904)	1,5,3, | 0,0,0, | 
(14904)	1,5,3, | 0,0,0, | 
(14904)	1,5,3, | 0,0,0, | 
(14904)	1,5,3, | 0,0,0, | 
(69)	0,0,0, | 1,5,3, | 
(69)	0,0,0, | 1,5,3, | 
(69)	0,0,0, | 1,5,3, | 
(69)	0,0,0, | 1,5,3, | 
(7845)	1,0,0, | 1,5,3, | 
(18645)	2,2,2, | 1,5,3, | 
(12164)	1,3,2, | 1,5,2, | 
(4388)	0,3,2, | 1,5,2, | 
(4388)	0,3,2, | 1,5,2, | 
(12164)	1,3,2, | 1,5,2, | 
(4388)	0,3,2, | 1,5,2, | 
(5467)	0,4,1, | 1,5,1, | 
(5467)	0,4,1, | 1,5,1, | 
(1327)	0,1,0, | 0,5,1, | 
(3912)	0,3,0, | 0,4,0, | 
(5214)	0,4,0, | 0,5,0, | 
(3906)	0,3,0, | 0,3,0, | 
(5496)	0,4,1, | 2,4,0, | 
(5322)	0,4,0, | 3,5,0, | 
(3978)	0,3,0, | 2,3,0, | 
(5424)	0,4,1, | 0,4,0, | 
(5202)	0,4,0, | 0,3,0, | 
(3912)	0,3,0, | 0,4,0, | 
(13284)	1,4,1, | 3,0,0, | 
(13212)	1,4,1, | 1,0,0, | 
(14875)	1,5,2, | 5,1,1, | 
(14695)	1,5,2, | 0,1,1, | 
(14695)	1,5,2, | 0,1,1, | 
(14695)	1,5,2, | 0,1,1, | 
(14695)	1,5,2, | 0,1,1, | 
(15019)	1,5,3, | 3,1,1, | 
(14904)	1,5,3, | 0,0,0, | 
(14904)	1,5,3, | 0,0,0, | 
(14904)	1,5,3, | 0,0,0, | 
(14904)	1,5,3, | 0,0,0, | 
(14904)	1,5,3, | 0,0,0, | 
(69)	0,0,0, | 1,5,3, | 
(69)	0,0,0, | 1,5,3, | 
(69)	0,0,0, | 1,5,3, | 
(69)	0,0,0, | 1,5,3, | 
(7845)	1,0,0, | 1,5,3, | 
(18645)	2,2,2, | 1,5,3, | 
(12164)	1,3,2, | 1,5,2, | 
(4388)	0,3,2, | 1,5,2, | 
(4388)	0,3,2, | 1,5,2, | 
(12164)	1,3,2, | 1,5,2, | 
(4388)	0,3,2, | 1,5,2, | 
(5467)	0,4,1, | 1,5,1, | 
(5467)	0,4,1, | 1,5,1, | 
(1327)	0,1,0, | 0,5,1, | 
(3912)	0,3,0, | 0,4,0, | 
(5214)	0,4,0, | 0,5,0, | 
(3919)	0,3,0, | 0,5,1, | 
(5322)	0,4,0, | 3,5,0, | 
(6684)	0,5,0, | 5,4,0, | 
(14538)	1,5,1, | 1,5,0, | 
(5286)	0,4,0, | 2,5,0, | 
(4026)	0,3,0, | 3,5,0, | 
(3907)	0,3,0, | 0,3,1, | 
(14497)	1,5,1, | 0,4,1, | 
(14497)	1,5,1, | 0,4,1, | 
(14786)	1,5,2, | 2,4,2, | 
(14724)	1,5,2, | 1,0,0, | 
(14708)	1,5,2, | 0,3,2, | 
(14708)	1,5,2, | 0,3,2, | 
(14701)	1,5,2, | 0,2,1, | 
(14938)	1,5,3, | 0,5,4, | 
(14904)	1,5,3, | 0,0,0, | 
(14904)	1,5,3, | 0,0,0, | 
(14904)	1,5,3, | 0,0,0, | 
(14904)	1,5,3, | 0,0,0, | 
(14904)	1,5,3, | 0,0,0, | 
(69)	0,0,0, | 1,5,3, | 
(69)	0,0,0, | 1,5,3, | 
(69)	0,0,0, | 1,5,3, | 
(69)	0,0,0, | 1,5,3, | 
(7845)	1,0,0, | 1,5,3, | 
(18645)	2,2,2, | 1,5,3, | 
(12164)	1,3,2, | 1,5,2, | 
(4388)	0,3,2, | 1,5,2, | 
(4388)	0,3,2, | 1,5,2, | 
(12164)	1,3,2, | 1,5,2, | 
(4388)	0,3,2, | 1,5,2, | 
(5467)	0,4,1, | 1,5,1, | 
(5467)	0,4,1, | 1,5,1, | 
(1327)	0,1,0, | 0,5,1, | 
(4026)	0,3,0, | 3,5,0, | 
(5250)	0,4,0, | 1,5,0, | 
(3906)	0,3,0, | 0,3,0, | 
(22092)	2,5,0, | 1,4,0, | 
(20832)	2,4,0, | 2,4,0, | 
(14568)	1,5,1, | 2,4,0, | 
(19572)	2,3,0, | 3,4,0, | 
(6618)	0,5,0, | 3,5,0, | 
(3949)	0,3,0, | 1,4,1, | 
(14533)	1,5,1, | 1,4,1, | 
(14508)	1,5,1, | 1,0,0, | 
(14485)	1,5,1, | 0,2,1, | 
(14688)	1,5,2, | 0,0,0, | 
(14845)	1,5,2, | 4,2,1, | 
(14688)	1,5,2, | 0,0,0, | 
(14852)	1,5,2, | 4,3,2, | 
(14938)	1,5,3, | 0,5,4, | 
(14904)	1,5,3, | 0,0,0, | 
(14904)	1,5,3, | 0,0,0, | 
(14904)	1,5,3, | 0,0,0, | 
(14904)	1,5,3, | 0,0,0, | 
(14904)	1,5,3, | 0,0,0, | 
(14904)	1,5,3, | 0,0,0, | 
(14904)	1,5,3, | 0,0,0, | 
(14904)	1,5,3, | 0,0,0, | 
(14904)	1,5,3, | 0,0,0, | 
(0)	0,0,0, | 0,0,0, | 
(27216)	3,3,0, | 0,0,0, | 
(4320)	0,3,2, | 0,0,0, | 
(1512)	0,1,1, | 0,0,0, | 
(1512)	0,1,1, | 0,0,0, | 
(1296)	0,1,0, | 0,0,0, | 
(14688)	1,5,2, | 0,0,0, | 
(1512)	0,1,1, | 0,0,0, | 
(4320)	0,3,2, | 0,0,0, | 
(10399)	1,2,0, | 0,5,1, | 
(9139)	1,1,0, | 1,5,1, | 
(7806)	1,0,0, | 0,5,0, | 
(18)	0,0,0, | 0,3,0, | 
(9139)	1,1,0, | 1,5,1, | 
(2790)	0,2,0, | 5,3,0, | 
(30)	0,0,0, | 0,5,0, | 
(66)	0,0,0, | 1,5,0, | 
(31)	0,0,0, | 0,5,1, | 
(6)	0,0,0, | 0,1,0, | 
(14911)	1,5,3, | 0,1,1, | 
(14904)	1,5,3, | 0,0,0, | 
(14904)	1,5,3, | 0,0,0, | 
(14904)	1,5,3, | 0,0,0, | 
(14904)	1,5,3, | 0,0,0, | 
(14911)	1,5,3, | 0,1,1, | 
(14904)	1,5,3, | 0,0,0, | 
(15012)	1,5,3, | 3,0,0, | 
(14904)	1,5,3, | 0,0,0, | 
(14904)	1,5,3, | 0,0,0, | 
(14904)	1,5,3, | 0,0,0, | 
(14904)	1,5,3, | 0,0,0, | 
(14904)	1,5,3, | 0,0,0, | 
(7164)	0,5,3, | 1,0,0, | 
(7164)	0,5,3, | 1,0,0, | 
(7164)	0,5,3, | 1,0,0, | 
(49)	0,0,0, | 1,2,1, | 
(7825)	1,0,0, | 1,2,1, | 
(21433)	2,4,3, | 1,2,1, | 
(4369)	0,3,2, | 1,2,1, | 
(1561)	0,1,1, | 1,2,1, | 
(12145)	1,3,2, | 1,2,1, | 
(6534)	0,5,0, | 1,3,0, | 
(20790)	2,4,0, | 1,3,0, | 
(6534)	0,5,0, | 1,3,0, | 
(14310)	1,5,0, | 1,3,0, | 
(10399)	1,2,0, | 0,5,1, | 
(2610)	0,2,0, | 0,3,0, | 
(9126)	1,1,0, | 1,3,0, | 
(3919)	0,3,0, | 0,5,1, | 
(1327)	0,1,0, | 0,5,1, | 
(3990)	0,3,0, | 2,5,0, | 
(2688)	0,2,0, | 2,4,0, | 
(9103)	1,1,0, | 0,5,1, | 
(5280)	0,4,0, | 2,4,0, | 
(1309)	0,1,0, | 0,2,1, | 
(15082)	1,5,3, | 4,5,4, | 
(14940)	1,5,3, | 1,0,0, | 
(14904)	1,5,3, | 0,0,0, | 
(14911)	1,5,3, | 0,1,1, | 
(14940)	1,5,3, | 1,0,0, | 
(15026)	1,5,3, | 3,2,2, | 
(14911)	1,5,3, | 0,1,1, | 
(14911)	1,5,3, | 0,1,1, | 
(14904)	1,5,3, | 0,0,0, | 
(14904)	1,5,3, | 0,0,0, | 
(14904)	1,5,3, | 0,0,0, | 
(14904)	1,5,3, | 0,0,0, | 
(14904)	1,5,3, | 0,0,0, | 
(7164)	0,5,3, | 1,0,0, | 
(7164)	0,5,3, | 1,0,0, | 
(62)	0,0,0, | 1,4,2, | 
(62)	0,0,0, | 1,4,2, | 
(7838)	1,0,0, | 1,4,2, | 
(21446)	2,4,3, | 1,4,2, | 
(35492)	4,3,2, | 1,5,2, | 
(68)	0,0,0, | 1,5,2, | 
(68)	0,0,0, | 1,5,2, | 
(33980)	4,2,1, | 1,5,2, | 
(61)	0,0,0, | 1,4,1, | 
(7843)	1,0,0, | 1,5,1, | 
(2875)	0,2,1, | 1,5,1, | 
(10399)	1,2,0, | 0,5,1, | 
(2610)	0,2,0, | 0,3,0, | 
(10471)	1,2,0, | 2,5,1, | 
(3906)	0,3,0, | 0,3,0, | 
(13098)	1,4,0, | 3,5,0, | 
(2659)	0,2,0, | 1,5,1, | 
(2694)	0,2,0, | 2,5,0, | 
(6799)	0,5,1, | 2,5,1, | 
(22338)	2,5,1, | 2,3,0, | 
(2604)	0,2,0, | 0,2,0, | 
(14708)	1,5,2, | 0,3,2, | 
(14701)	1,5,2, | 0,2,1, | 
(14708)	1,5,2, | 0,3,2, | 
(14701)	1,5,2, | 0,2,1, | 
(14701)	1,5,2, | 0,2,1, | 
(14688)	1,5,2, | 0,0,0, | 
(14868)	1,5,2, | 5,0,0, | 
(14918)	1,5,3, | 0,2,2, | 
(14904)	1,5,3, | 0,0,0, | 
(14904)	1,5,3, | 0,0,0, | 
(14904)	1,5,3, | 0,0,0, | 
(14904)	1,5,3, | 0,0,0, | 
(14904)	1,5,3, | 0,0,0, | 
(7164)	0,5,3, | 1,0,0, | 
(69)	0,0,0, | 1,5,3, | 
(69)	0,0,0, | 1,5,3, | 
(69)	0,0,0, | 1,5,3, | 
(7845)	1,0,0, | 1,5,3, | 
(21453)	2,4,3, | 1,5,3, | 
(35492)	4,3,2, | 1,5,2, | 
(68)	0,0,0, | 1,5,2, | 
(68)	0,0,0, | 1,5,2, | 
(33980)	4,2,1, | 1,5,2, | 
(14755)	1,5,2, | 1,5,1, | 
(7843)	1,0,0, | 1,5,1, | 
(2875)	0,2,1, | 1,5,1, | 
(10399)	1,2,0, | 0,5,1, | 
(3912)	0,3,0, | 0,4,0, | 
(4063)	0,3,0, | 4,5,1, | 
(3906)	0,3,0, | 0,3,0, | 
(13302)	1,4,1, | 3,3,0, | 
(4092)	0,3,0, | 5,4,0, | 
(3906)	0,3,0, | 0,3,0, | 
(6510)	0,5,0, | 0,5,0, | 
(5467)	0,4,1, | 1,5,1, | 
(3912)	0,3,0, | 0,4,0, | 
(13284)	1,4,1, | 3,0,0, | 
(13212)	1,4,1, | 1,0,0, | 
(14875)	1,5,2, | 5,1,1, | 
(14695)	1,5,2, | 0,1,1, | 
(14695)	1,5,2, | 0,1,1, | 
(14695)	1,5,2, | 0,1,1, | 
(14695)	1,5,2, | 0,1,1, | 
(15019)	1,5,3, | 3,1,1, | 
(14904)	1,5,3, | 0,0,0, | 
(14904)	1,5,3, | 0,0,0, | 
(14904)	1,5,3, | 0,0,0, | 
(14904)	1,5,3, | 0,0,0, | 
(14904)	1,5,3, | 0,0,0, | 
(69)	0,0,0, | 1,5,3, | 
(69)	0,0,0, | 1,5,3, | 
(69)	0,0,0, | 1,5,3, | 
(69)	0,0,0, | 1,5,3, | 
(7845)	1,0,0, | 1,5,3, | 
(21453)	2,4,3, | 1,5,3, | 
(35492)	4,3,2, | 1,5,2, | 
(68)	0,0,0, | 1,5,2, | 
(68)	0,0,0, | 1,5,2, | 
(33980)	4,2,1, | 1,5,2, | 
(14755)	1,5,2, | 1,5,1, | 
(7843)	1,0,0, | 1,5,1, | 
(2875)	0,2,1, | 1,5,1, | 
(10399)	1,2,0, | 0,5,1, | 
(3912)	0,3,0, | 0,4,0, | 
(3919)	0,3,0, | 0,5,1, | 
(3906)	0,3,0, | 0,3,0, | 
(3906)	0,3,0, | 0,3,0, | 
(3990)	0,3,0, | 2,5,0, | 
(44130)	5,4,0, | 1,5,0, | 
(5323)	0,4,0, | 3,5,1, | 
(4026)	0,3,0, | 3,5,0, | 
(3907)	0,3,0, | 0,3,1, | 
(14497)	1,5,1, | 0,4,1, | 
(14497)	1,5,1, | 0,4,1, | 
(14786)	1,5,2, | 2,4,2, | 
(14724)	1,5,2, | 1,0,0, | 
(14708)	1,5,2, | 0,3,2, | 
(14708)	1,5,2, | 0,3,2, | 
(14701)	1,5,2, | 0,2,1, | 
(14938)	1,5,3, | 0,5,4, | 
(14904)	1,5,3, | 0,0,0, | 
(14904)	1,5,3, | 0,0,0, | 
(14904)	1,5,3, | 0,0,0, | 
(14904)	1,5,3, | 0,0,0, | 
(14904)	1,5,3, | 0,0,0, | 
(69)	0,0,0, | 1,5,3, | 
(69)	0,0,0, | 1,5,3, | 
(69)	0,0,0, | 1,5,3, | 
(69)	0,0,0, | 1,5,3, | 
(7845)	1,0,0, | 1,5,3, | 
(21453)	2,4,3, | 1,5,3, | 
(35492)	4,3,2, | 1,5,2, | 
(68)	0,0,0, | 1,5,2, | 
(68)	0,0,0, | 1,5,2, | 
(33980)	4,2,1, | 1,5,2, | 
(14755)	1,5,2, | 1,5,1, | 
(7843)	1,0,0, | 1,5,1, | 
(2875)	0,2,1, | 1,5,1, | 
(10399)	1,2,0, | 0,5,1, | 
(4026)	0,3,0, | 3,5,0, | 
(14286)	1,5,0, | 0,5,0, | 
(3906)	0,3,0, | 0,3,0, | 
(4027)	0,3,0, | 3,5,1, | 
(6540)	0,5,0, | 1,4,0, | 
(14670)	1,5,1, | 5,3,0, | 
(14431)	1,5,0, | 4,5,1, | 
(6618)	0,5,0, | 3,5,0, | 
(3949)	0,3,0, | 1,4,1, | 
(14533)	1,5,1, | 1,4,1, | 
(14508)	1,5,1, | 1,0,0, | 
(14485)	1,5,1, | 0,2,1, | 
(14688)	1,5,2, | 0,0,0, | 
(14845)	1,5,2, | 4,2,1, | 
(14688)	1,5,2, | 0,0,0, | 
(14852)	1,5,2, | 4,3,2, | 
(14938)	1,5,3, | 0,5,4, | 
