(73)	0,0,0, | 2,0,1, | 
(0)	0,0,0, | 0,0,0, | 
(0)	0,0,0, | 0,0,0, | 
(0)	0,0,0, | 0,0,0, | 
(0)	0,0,0, | 0,0,0, | 
(0)	0,0,0, | 0,0,0, | 
(0)	0,0,0, | 0,0,0, | 
(0)	0,0,0, | 0,0,0, | 
(0)	0,0,0, | 0,0,0, | 
(15553)	2,0,0, | 0,0,1, | 
(15553)	2,0,0, | 0,0,1, | 
(15552)	2,0,0, | 0,0,0, | 
(7776)	1,0,0, | 0,0,0, | 
(7776)	1,0,0, | 0,0,0, | 
(7776)	1,0,0, | 0,0,0, | 
(7776)	1,0,0, | 0,0,0, | 
(7776)	1,0,0, | 0,0,0, | 
(0)	0,0,0, | 0,0,0, | 
(0)	0,0,0, | 0,0,0, | 
(0)	0,0,0, | 0,0,0, | 
(0)	0,0,0, | 0,0,0, | 
(0)	0,0,0, | 0,0,0, | 
(7776)	1,0,0, | 0,0,0, | 
(0)	0,0,0, | 0,0,0, | 
(72)	0,0,0, | 2,0,0, | 
(0)	0,0,0, | 0,0,0, | 
(7812)	1,0,0, | 1,0,0, | 
(0)	0,0,0, | 0,0,0, | 
(36)	0,0,0, | 1,0,0, | 
(0)	0,0,0, | 0,0,0, | 
(36)	0,0,0, | 1,0,0, | 
(0)	0,0,0, | 0,0,0, | 
(0)	0,0,0, | 0,0,0, | 
(0)	0,0,0, | 0,0,0, | 
(72)	0,0,0, | 2,0,0, | 
(0)	0,0,0, | 0,0,0, | 
(73)	0,0,0, | 2,0,1, | 
(49)	0,0,0, | 1,2,1, | 
(49)	0,0,0, | 1,2,1, | 
(49)	0,0,0, | 1,2,1, | 
(49)	0,0,0, | 1,2,1, | 
(49)	0,0,0, | 1,2,1, | 
(49)	0,0,0, | 1,2,1, | 
(49)	0,0,0, | 1,2,1, | 
(49)	0,0,0, | 1,2,1, | 
(7825)	1,0,0, | 1,2,1, | 
(7825)	1,0,0, | 1,2,1, | 
(49)	0,0,0, | 1,2,1, | 
(49)	0,0,0, | 1,2,1, | 
(49)	0,0,0, | 1,2,1, | 
(49)	0,0,0, | 1,2,1, | 
(49)	0,0,0, | 1,2,1, | 
(49)	0,0,0, | 1,2,1, | 
(7825)	1,0,0, | 1,2,1, | 
(0)	0,0,0, | 0,0,0, | 
(7795)	1,0,0, | 0,3,1, | 
(7825)	1,0,0, | 1,2,1, | 
(7796)	1,0,0, | 0,3,2, | 
(7891)	1,0,0, | 3,1,1, | 
(7891)	1,0,0, | 3,1,1, | 
(7860)	1,0,0, | 2,2,0, | 
(7860)	1,0,0, | 2,2,0, | 
(7869)	1,0,0, | 2,3,3, | 
(7869)	1,0,0, | 2,3,3, | 
(7790)	1,0,0, | 0,2,2, | 
(7789)	1,0,0, | 0,2,1, | 
(7796)	1,0,0, | 0,3,2, | 
(7776)	1,0,0, | 0,0,0, | 
(7776)	1,0,0, | 0,0,0, | 
(7795)	1,0,0, | 0,3,1, | 
(7783)	1,0,0, | 0,1,1, | 
(7795)	1,0,0, | 0,3,1, | 
(103)	0,0,0, | 2,5,1, | 
(62)	0,0,0, | 1,4,2, | 
(62)	0,0,0, | 1,4,2, | 
(62)	0,0,0, | 1,4,2, | 
(62)	0,0,0, | 1,4,2, | 
(62)	0,0,0, | 1,4,2, | 
(62)	0,0,0, | 1,4,2, | 
(62)	0,0,0, | 1,4,2, | 
(62)	0,0,0, | 1,4,2, | 
(7838)	1,0,0, | 1,4,2, | 
(62)	0,0,0, | 1,4,2, | 
(62)	0,0,0, | 1,4,2, | 
(62)	0,0,0, | 1,4,2, | 
(62)	0,0,0, | 1,4,2, | 
(62)	0,0,0, | 1,4,2, | 
(62)	0,0,0, | 1,4,2, | 
(62)	0,0,0, | 1,4,2, | 
(7838)	1,0,0, | 1,4,2, | 
(0)	0,0,0, | 0,0,0, | 
(7782)	1,0,0, | 0,1,0, | 
(7796)	1,0,0, | 0,3,2, | 
(7796)	1,0,0, | 0,3,2, | 
(7918)	1,0,0, | 3,5,4, | 
(7869)	1,0,0, | 2,3,3, | 
(7869)	1,0,0, | 2,3,3, | 
(7869)	1,0,0, | 2,3,3, | 
(7869)	1,0,0, | 2,3,3, | 
(7869)	1,0,0, | 2,3,3, | 
(7808)	1,0,0, | 0,5,2, | 
(7796)	1,0,0, | 0,3,2, | 
(7832)	1,0,0, | 1,3,2, | 
(7808)	1,0,0, | 0,5,2, | 
(7796)	1,0,0, | 0,3,2, | 
(7795)	1,0,0, | 0,3,1, | 
(7810)	1,0,0, | 0,5,4, | 
(7808)	1,0,0, | 0,5,2, | 
(70)	0,0,0, | 1,5,4, | 
(69)	0,0,0, | 1,5,3, | 
(69)	0,0,0, | 1,5,3, | 
(69)	0,0,0, | 1,5,3, | 
(69)	0,0,0, | 1,5,3, | 
(69)	0,0,0, | 1,5,3, | 
(69)	0,0,0, | 1,5,3, | 
(69)	0,0,0, | 1,5,3, | 
(69)	0,0,0, | 1,5,3, | 
(7845)	1,0,0, | 1,5,3, | 
(7845)	1,0,0, | 1,5,3, | 
(69)	0,0,0, | 1,5,3, | 
(69)	0,0,0, | 1,5,3, | 
(69)	0,0,0, | 1,5,3, | 
(69)	0,0,0, | 1,5,3, | 
(69)	0,0,0, | 1,5,3, | 
(69)	0,0,0, | 1,5,3, | 
(7845)	1,0,0, | 1,5,3, | 
(13)	0,0,0, | 0,2,1, | 
(7789)	1,0,0, | 0,2,1, | 
(7862)	1,0,0, | 2,2,2, | 
(7897)	1,0,0, | 3,2,1, | 
(7862)	1,0,0, | 2,2,2, | 
(7897)	1,0,0, | 3,2,1, | 
(7862)	1,0,0, | 2,2,2, | 
(7897)	1,0,0, | 3,2,1, | 
(7897)	1,0,0, | 3,2,1, | 
(7897)	1,0,0, | 3,2,1, | 
(7880)	1,0,0, | 2,5,2, | 
(7809)	1,0,0, | 0,5,3, | 
(7838)	1,0,0, | 1,4,2, | 
(7838)	1,0,0, | 1,4,2, | 
(7845)	1,0,0, | 1,5,3, | 
(7838)	1,0,0, | 1,4,2, | 
(7838)	1,0,0, | 1,4,2, | 
(7874)	1,0,0, | 2,4,2, | 
(70)	0,0,0, | 1,5,4, | 
(69)	0,0,0, | 1,5,3, | 
(69)	0,0,0, | 1,5,3, | 
(69)	0,0,0, | 1,5,3, | 
(69)	0,0,0, | 1,5,3, | 
(69)	0,0,0, | 1,5,3, | 
(69)	0,0,0, | 1,5,3, | 
(69)	0,0,0, | 1,5,3, | 
(69)	0,0,0, | 1,5,3, | 
(7845)	1,0,0, | 1,5,3, | 
(7845)	1,0,0, | 1,5,3, | 
(69)	0,0,0, | 1,5,3, | 
(69)	0,0,0, | 1,5,3, | 
(69)	0,0,0, | 1,5,3, | 
(69)	0,0,0, | 1,5,3, | 
(69)	0,0,0, | 1,5,3, | 
(69)	0,0,0, | 1,5,3, | 
(7845)	1,0,0, | 1,5,3, | 
(13)	0,0,0, | 0,2,1, | 
(7789)	1,0,0, | 0,2,1, | 
(7826)	1,0,0, | 1,2,2, | 
(7802)	1,0,0, | 0,4,2, | 
(7903)	1,0,0, | 3,3,1, | 
(7903)	1,0,0, | 3,3,1, | 
(7903)	1,0,0, | 3,3,1, | 
(7897)	1,0,0, | 3,2,1, | 
(7910)	1,0,0, | 3,4,2, | 
(7918)	1,0,0, | 3,5,4, | 
(7796)	1,0,0, | 0,3,2, | 
(7809)	1,0,0, | 0,5,3, | 
(7789)	1,0,0, | 0,2,1, | 
(7803)	1,0,0, | 0,4,3, | 
(7802)	1,0,0, | 0,4,2, | 
(7845)	1,0,0, | 1,5,3, | 
(7808)	1,0,0, | 0,5,2, | 
(7803)	1,0,0, | 0,4,3, | 
(70)	0,0,0, | 1,5,4, | 
(69)	0,0,0, | 1,5,3, | 
(69)	0,0,0, | 1,5,3, | 
(69)	0,0,0, | 1,5,3, | 
(69)	0,0,0, | 1,5,3, | 
(69)	0,0,0, | 1,5,3, | 
(69)	0,0,0, | 1,5,3, | 
(69)	0,0,0, | 1,5,3, | 
(69)	0,0,0, | 1,5,3, | 
(7845)	1,0,0, | 1,5,3, | 
(7845)	1,0,0, | 1,5,3, | 
(69)	0,0,0, | 1,5,3, | 
(69)	0,0,0, | 1,5,3, | 
(69)	0,0,0, | 1,5,3, | 
(69)	0,0,0, | 1,5,3, | 
(69)	0,0,0, | 1,5,3, | 
(69)	0,0,0, | 1,5,3, | 
(69)	0,0,0, | 1,5,3, | 
(13)	0,0,0, | 0,2,1, | 
(7789)	1,0,0, | 0,2,1, | 
(7845)	1,0,0, | 1,5,3, | 
(7789)	1,0,0, | 0,2,1, | 
(7918)	1,0,0, | 3,5,4, | 
(7867)	1,0,0, | 2,3,1, | 
(7918)	1,0,0, | 3,5,4, | 
(7918)	1,0,0, | 3,5,4, | 
(7911)	1,0,0, | 3,4,3, | 
(7918)	1,0,0, | 3,5,4, | 
(7845)	1,0,0, | 1,5,3, | 
(7802)	1,0,0, | 0,4,2, | 
(7796)	1,0,0, | 0,3,2, | 
(7796)	1,0,0, | 0,3,2, | 
(7825)	1,0,0, | 1,2,1, | 
(7796)	1,0,0, | 0,3,2, | 
(7795)	1,0,0, | 0,3,1, | 
(7810)	1,0,0, | 0,5,4, | 
(10584)	1,2,1, | 0,0,0, | 
(10584)	1,2,1, | 0,0,0, | 
(10585)	1,2,1, | 0,0,1, | 
(10585)	1,2,1, | 0,0,1, | 
(10585)	1,2,1, | 0,0,1, | 
(10585)	1,2,1, | 0,0,1, | 
(10584)	1,2,1, | 0,0,0, | 
(10584)	1,2,1, | 0,0,0, | 
(10584)	1,2,1, | 0,0,0, | 
(15553)	2,0,0, | 0,0,1, | 
(7812)	1,0,0, | 1,0,0, | 
(36)	0,0,0, | 1,0,0, | 
(1548)	0,1,1, | 1,0,0, | 
(1332)	0,1,0, | 1,0,0, | 
(10836)	1,2,2, | 1,0,0, | 
(1332)	0,1,0, | 1,0,0, | 
(4140)	0,3,1, | 1,0,0, | 
(10836)	1,2,2, | 1,0,0, | 
(20124)	2,3,3, | 1,0,0, | 
(10836)	1,2,2, | 1,0,0, | 
(18180)	2,2,0, | 1,0,0, | 
(18180)	2,2,0, | 1,0,0, | 
(23364)	3,0,0, | 1,0,0, | 
(7200)	0,5,3, | 2,0,0, | 
(10872)	1,2,2, | 2,0,0, | 
(1332)	0,1,0, | 1,0,0, | 
(36)	0,0,0, | 1,0,0, | 
(0)	0,0,0, | 0,0,0, | 
(10620)	1,2,1, | 1,0,0, | 
(10584)	1,2,1, | 0,0,0, | 
(10584)	1,2,1, | 0,0,0, | 
(10620)	1,2,1, | 1,0,0, | 
(10584)	1,2,1, | 0,0,0, | 
(10584)	1,2,1, | 0,0,0, | 
(10584)	1,2,1, | 0,0,0, | 
(10584)	1,2,1, | 0,0,0, | 
(10584)	1,2,1, | 0,0,0, | 
(10585)	1,2,1, | 0,0,1, | 
(10585)	1,2,1, | 0,0,1, | 
(10585)	1,2,1, | 0,0,1, | 
(10585)	1,2,1, | 0,0,1, | 
(49)	0,0,0, | 1,2,1, | 
(49)	0,0,0, | 1,2,1, | 
(49)	0,0,0, | 1,2,1, | 
(49)	0,0,0, | 1,2,1, | 
(7825)	1,0,0, | 1,2,1, | 
(10849)	1,2,2, | 1,2,1, | 
(15601)	2,0,0, | 1,2,1, | 
(49)	0,0,0, | 1,2,1, | 
(49)	0,0,0, | 1,2,1, | 
(49)	0,0,0, | 1,2,1, | 
(49)	0,0,0, | 1,2,1, | 
(49)	0,0,0, | 1,2,1, | 
(1561)	0,1,1, | 1,2,1, | 
(5658)	0,4,2, | 1,1,0, | 
(10465)	1,2,0, | 2,4,1, | 
(18235)	2,2,0, | 2,3,1, | 
(9114)	1,1,0, | 1,1,0, | 
(9120)	1,1,0, | 1,2,0, | 
(10436)	1,2,0, | 1,5,2, | 
(9126)	1,1,0, | 1,3,0, | 
(9126)	1,1,0, | 1,3,0, | 
(9126)	1,1,0, | 1,3,0, | 
(9098)	1,1,0, | 0,4,2, | 
(10656)	1,2,1, | 2,0,0, | 
(10584)	1,2,1, | 0,0,0, | 
(10584)	1,2,1, | 0,0,0, | 
(10656)	1,2,1, | 2,0,0, | 
(10584)	1,2,1, | 0,0,0, | 
(10584)	1,2,1, | 0,0,0, | 
(10584)	1,2,1, | 0,0,0, | 
(10584)	1,2,1, | 0,0,0, | 
(10584)	1,2,1, | 0,0,0, | 
(10584)	1,2,1, | 0,0,0, | 
(10585)	1,2,1, | 0,0,1, | 
(7802)	1,0,0, | 0,4,2, | 
(7802)	1,0,0, | 0,4,2, | 
(62)	0,0,0, | 1,4,2, | 
(62)	0,0,0, | 1,4,2, | 
(62)	0,0,0, | 1,4,2, | 
(62)	0,0,0, | 1,4,2, | 
(7838)	1,0,0, | 1,4,2, | 
(7838)	1,0,0, | 1,4,2, | 
(15614)	2,0,0, | 1,4,2, | 
(62)	0,0,0, | 1,4,2, | 
(62)	0,0,0, | 1,4,2, | 
(62)	0,0,0, | 1,4,2, | 
(62)	0,0,0, | 1,4,2, | 
(62)	0,0,0, | 1,4,2, | 
(1574)	0,1,1, | 1,4,2, | 
(5658)	0,4,2, | 1,1,0, | 
(10410)	1,2,0, | 1,1,0, | 
(10488)	1,2,0, | 3,2,0, | 
(10410)	1,2,0, | 1,1,0, | 
(10410)	1,2,0, | 1,1,0, | 
(10488)	1,2,0, | 3,2,0, | 
(10507)	1,2,0, | 3,5,1, | 
(10488)	1,2,0, | 3,2,0, | 
(10410)	1,2,0, | 1,1,0, | 
(10429)	1,2,0, | 1,4,1, | 
(10386)	1,2,0, | 0,3,0, | 
(10386)	1,2,0, | 0,3,0, | 
(11880)	1,3,1, | 0,0,0, | 
(11880)	1,3,1, | 0,0,0, | 
(11887)	1,3,1, | 0,1,1, | 
(10584)	1,2,1, | 0,0,0, | 
(10584)	1,2,1, | 0,0,0, | 
(10584)	1,2,1, | 0,0,0, | 
(10621)	1,2,1, | 1,0,1, | 
(10620)	1,2,1, | 1,0,0, | 
(7809)	1,0,0, | 0,5,3, | 
(7809)	1,0,0, | 0,5,3, | 
(7809)	1,0,0, | 0,5,3, | 
(69)	0,0,0, | 1,5,3, | 
(69)	0,0,0, | 1,5,3, | 
(69)	0,0,0, | 1,5,3, | 
(69)	0,0,0, | 1,5,3, | 
(7845)	1,0,0, | 1,5,3, | 
(10869)	1,2,2, | 1,5,3, | 
(15621)	2,0,0, | 1,5,3, | 
(69)	0,0,0, | 1,5,3, | 
(69)	0,0,0, | 1,5,3, | 
(69)	0,0,0, | 1,5,3, | 
(69)	0,0,0, | 1,5,3, | 
(69)	0,0,0, | 1,5,3, | 
(1581)	0,1,1, | 1,5,3, | 
(5658)	0,4,2, | 1,1,0, | 
(13273)	1,4,1, | 2,4,1, | 
(11706)	1,3,0, | 1,1,0, | 
(11718)	1,3,0, | 1,3,0, | 
(11706)	1,3,0, | 1,1,0, | 
(13309)	1,4,1, | 3,4,1, | 
(13309)	1,4,1, | 3,4,1, | 
(11706)	1,3,0, | 1,1,0, | 
(11718)	1,3,0, | 1,3,0, | 
(11683)	1,3,0, | 0,3,1, | 
(13189)	1,4,1, | 0,2,1, | 
(13176)	1,4,1, | 0,0,0, | 
(13176)	1,4,1, | 0,0,0, | 
(13183)	1,4,1, | 0,1,1, | 
(11893)	1,3,1, | 0,2,1, | 
(11880)	1,3,1, | 0,0,0, | 
(10620)	1,2,1, | 1,0,0, | 
(10620)	1,2,1, | 1,0,0, | 
(10620)	1,2,1, | 1,0,0, | 
(7809)	1,0,0, | 0,5,3, | 
(7809)	1,0,0, | 0,5,3, | 
(7809)	1,0,0, | 0,5,3, | 
(7809)	1,0,0, | 0,5,3, | 
(69)	0,0,0, | 1,5,3, | 
(69)	0,0,0, | 1,5,3, | 
(69)	0,0,0, | 1,5,3, | 
(69)	0,0,0, | 1,5,3, | 
(7845)	1,0,0, | 1,5,3, | 
(10869)	1,2,2, | 1,5,3, | 
(15621)	2,0,0, | 1,5,3, | 
(69)	0,0,0, | 1,5,3, | 
(69)	0,0,0, | 1,5,3, | 
(69)	0,0,0, | 1,5,3, | 
(69)	0,0,0, | 1,5,3, | 
(69)	0,0,0, | 1,5,3, | 
(69)	0,0,0, | 1,5,3, | 
(5658)	0,4,2, | 1,1,0, | 
(11718)	1,3,0, | 1,3,0, | 
(11706)	1,3,0, | 1,1,0, | 
(11706)	1,3,0, | 1,1,0, | 
(11706)	1,3,0, | 1,1,0, | 
(11803)	1,3,0, | 3,5,1, | 
(11768)	1,3,0, | 2,5,2, | 
(11731)	1,3,0, | 1,5,1, | 
(11712)	1,3,0, | 1,2,0, | 
(11670)	1,3,0, | 0,1,0, | 
(11724)	1,3,0, | 1,4,0, | 
(11724)	1,3,0, | 1,4,0, | 
(13183)	1,4,1, | 0,1,1, | 
(13195)	1,4,1, | 0,3,1, | 
(11880)	1,3,1, | 0,0,0, | 
(11880)	1,3,1, | 0,0,0, | 
(11893)	1,3,1, | 0,2,1, | 
(10620)	1,2,1, | 1,0,0, | 
(10620)	1,2,1, | 1,0,0, | 
(7809)	1,0,0, | 0,5,3, | 
(7809)	1,0,0, | 0,5,3, | 
(7809)	1,0,0, | 0,5,3, | 
(7809)	1,0,0, | 0,5,3, | 
(69)	0,0,0, | 1,5,3, | 
(69)	0,0,0, | 1,5,3, | 
(69)	0,0,0, | 1,5,3, | 
(69)	0,0,0, | 1,5,3, | 
(7845)	1,0,0, | 1,5,3, | 
(7845)	1,0,0, | 1,5,3, | 
(15621)	2,0,0, | 1,5,3, | 
(69)	0,0,0, | 1,5,3, | 
(69)	0,0,0, | 1,5,3, | 
(69)	0,0,0, | 1,5,3, | 
(69)	0,0,0, | 1,5,3, | 
(69)	0,0,0, | 1,5,3, | 
(69)	0,0,0, | 1,5,3, | 
(5658)	0,4,2, | 1,1,0, | 
(11724)	1,3,0, | 1,4,0, | 
(11712)	1,3,0, | 1,2,0, | 
(11706)	1,3,0, | 1,1,0, | 
(11706)	1,3,0, | 1,1,0, | 
(11730)	1,3,0, | 1,5,0, | 
(11730)	1,3,0, | 1,5,0, | 
(11706)	1,3,0, | 1,1,0, | 
(11719)	1,3,0, | 1,3,1, | 
(11689)	1,3,0, | 0,4,1, | 
(11724)	1,3,0, | 1,4,0, | 
(11724)	1,3,0, | 1,4,0, | 
(11724)	1,3,0, | 1,4,0, | 
(13189)	1,4,1, | 0,2,1, | 
(11887)	1,3,1, | 0,1,1, | 
(11880)	1,3,1, | 0,0,0, | 
(11880)	1,3,1, | 0,0,0, | 
(11880)	1,3,1, | 0,0,0, | 
(13393)	1,4,2, | 0,0,1, | 
(13392)	1,4,2, | 0,0,0, | 
(13392)	1,4,2, | 0,0,0, | 
(13392)	1,4,2, | 0,0,0, | 
(13392)	1,4,2, | 0,0,0, | 
(13392)	1,4,2, | 0,0,0, | 
(13392)	1,4,2, | 0,0,0, | 
(13392)	1,4,2, | 0,0,0, | 
(13392)	1,4,2, | 0,0,0, | 
(27432)	3,3,1, | 0,0,0, | 
(13212)	1,4,1, | 1,0,0, | 
(7380)	0,5,4, | 1,0,0, | 
(1332)	0,1,0, | 1,0,0, | 
(14724)	1,5,2, | 1,0,0, | 
(36)	0,0,0, | 1,0,0, | 
(6948)	0,5,2, | 1,0,0, | 
(4356)	0,3,2, | 1,0,0, | 
(12132)	1,3,2, | 1,0,0, | 
(20124)	2,3,3, | 1,0,0, | 
(20124)	2,3,3, | 1,0,0, | 
(6984)	0,5,2, | 2,0,0, | 
(20124)	2,3,3, | 1,0,0, | 
(20124)	2,3,3, | 1,0,0, | 
(36)	0,0,0, | 1,0,0, | 
(3096)	0,2,2, | 2,0,0, | 
(2844)	0,2,1, | 1,0,0, | 
(36)	0,0,0, | 1,0,0, | 
(0)	0,0,0, | 0,0,0, | 
(13428)	1,4,2, | 1,0,0, | 
(13392)	1,4,2, | 0,0,0, | 
(13392)	1,4,2, | 0,0,0, | 
(13392)	1,4,2, | 0,0,0, | 
(13392)	1,4,2, | 0,0,0, | 
(13392)	1,4,2, | 0,0,0, | 
(13392)	1,4,2, | 0,0,0, | 
(13392)	1,4,2, | 0,0,0, | 
(13393)	1,4,2, | 0,0,1, | 
(13392)	1,4,2, | 0,0,0, | 
(13392)	1,4,2, | 0,0,0, | 
(13392)	1,4,2, | 0,0,0, | 
(13392)	1,4,2, | 0,0,0, | 
(5653)	0,4,2, | 1,0,1, | 
(5653)	0,4,2, | 1,0,1, | 
(49)	0,0,0, | 1,2,1, | 
(49)	0,0,0, | 1,2,1, | 
(7825)	1,0,0, | 1,2,1, | 
(7825)	1,0,0, | 1,2,1, | 
(49)	0,0,0, | 1,2,1, | 
(9337)	1,1,1, | 1,2,1, | 
(55)	0,0,0, | 1,3,1, | 
(2863)	0,2,1, | 1,3,1, | 
(55)	0,0,0, | 1,3,1, | 
(3936)	0,3,0, | 1,2,0, | 
(3936)	0,3,0, | 1,2,0, | 
(13224)	1,4,1, | 1,2,0, | 
(14785)	1,5,2, | 2,4,1, | 
(9126)	1,1,0, | 1,3,0, | 
(9120)	1,1,0, | 1,2,0, | 
(9120)	1,1,0, | 1,2,0, | 
(13273)	1,4,1, | 2,4,1, | 
(10488)	1,2,0, | 3,2,0, | 
(9126)	1,1,0, | 1,3,0, | 
(9126)	1,1,0, | 1,3,0, | 
(9098)	1,1,0, | 0,4,2, | 
(13392)	1,4,2, | 0,0,0, | 
(13392)	1,4,2, | 0,0,0, | 
(13399)	1,4,2, | 0,1,1, | 
(13392)	1,4,2, | 0,0,0, | 
(13392)	1,4,2, | 0,0,0, | 
(13392)	1,4,2, | 0,0,0, | 
(13428)	1,4,2, | 1,0,0, | 
(13392)	1,4,2, | 0,0,0, | 
(13392)	1,4,2, | 0,0,0, | 
(13393)	1,4,2, | 0,0,1, | 
(13392)	1,4,2, | 0,0,0, | 
(13393)	1,4,2, | 0,0,1, | 
(13393)	1,4,2, | 0,0,1, | 
(62)	0,0,0, | 1,4,2, | 
(62)	0,0,0, | 1,4,2, | 
(62)	0,0,0, | 1,4,2, | 
(62)	0,0,0, | 1,4,2, | 
(7838)	1,0,0, | 1,4,2, | 
(7838)	1,0,0, | 1,4,2, | 
(9350)	1,1,1, | 1,4,2, | 
(9356)	1,1,1, | 1,5,2, | 
(68)	0,0,0, | 1,5,2, | 
(68)	0,0,0, | 1,5,2, | 
(68)	0,0,0, | 1,5,2, | 
(68)	0,0,0, | 1,5,2, | 
(2869)	0,2,1, | 1,4,1, | 
(9139)	1,1,0, | 1,5,1, | 
(10435)	1,2,0, | 1,5,1, | 
(10416)	1,2,0, | 1,2,0, | 
(10416)	1,2,0, | 1,2,0, | 
(10416)	1,2,0, | 1,2,0, | 
(10488)	1,2,0, | 3,2,0, | 
(10488)	1,2,0, | 3,2,0, | 
(10488)	1,2,0, | 3,2,0, | 
(10429)	1,2,0, | 1,4,1, | 
(10429)	1,2,0, | 1,4,1, | 
(13189)	1,4,1, | 0,2,1, | 
(14737)	1,5,2, | 1,2,1, | 
(14688)	1,5,2, | 0,0,0, | 
(14688)	1,5,2, | 0,0,0, | 
(14708)	1,5,2, | 0,3,2, | 
(14688)	1,5,2, | 0,0,0, | 
(13435)	1,4,2, | 1,1,1, | 
(13435)	1,4,2, | 1,1,1, | 
(13392)	1,4,2, | 0,0,0, | 
(13392)	1,4,2, | 0,0,0, | 
(13392)	1,4,2, | 0,0,0, | 
(13393)	1,4,2, | 0,0,1, | 
(7809)	1,0,0, | 0,5,3, | 
(69)	0,0,0, | 1,5,3, | 
(69)	0,0,0, | 1,5,3, | 
(69)	0,0,0, | 1,5,3, | 
(69)	0,0,0, | 1,5,3, | 
(7845)	1,0,0, | 1,5,3, | 
(7845)	1,0,0, | 1,5,3, | 
(68)	0,0,0, | 1,5,2, | 
(9356)	1,1,1, | 1,5,2, | 
(68)	0,0,0, | 1,5,2, | 
(68)	0,0,0, | 1,5,2, | 
(68)	0,0,0, | 1,5,2, | 
(68)	0,0,0, | 1,5,2, | 
(68)	0,0,0, | 1,5,2, | 
(9139)	1,1,0, | 1,5,1, | 
(14532)	1,5,1, | 1,4,0, | 
(21042)	2,4,1, | 2,3,0, | 
(19501)	2,3,0, | 1,4,1, | 
(11712)	1,3,0, | 1,2,0, | 
(21085)	2,4,1, | 3,4,1, | 
(11784)	1,3,0, | 3,2,0, | 
(13260)	1,4,1, | 2,2,0, | 
(14592)	1,5,1, | 3,2,0, | 
(11683)	1,3,0, | 0,3,1, | 
(13183)	1,4,1, | 0,1,1, | 
(13176)	1,4,1, | 0,0,0, | 
(13183)	1,4,1, | 0,1,1, | 
(14688)	1,5,2, | 0,0,0, | 
(14701)	1,5,2, | 0,2,1, | 
(14708)	1,5,2, | 0,3,2, | 
(13392)	1,4,2, | 0,0,0, | 
(13392)	1,4,2, | 0,0,0, | 
(14688)	1,5,2, | 0,0,0, | 
(13428)	1,4,2, | 1,0,0, | 
(13428)	1,4,2, | 1,0,0, | 
(7809)	1,0,0, | 0,5,3, | 
(7809)	1,0,0, | 0,5,3, | 
(69)	0,0,0, | 1,5,3, | 
(69)	0,0,0, | 1,5,3, | 
(69)	0,0,0, | 1,5,3, | 
(69)	0,0,0, | 1,5,3, | 
(7845)	1,0,0, | 1,5,3, | 
(7845)	1,0,0, | 1,5,3, | 
(68)	0,0,0, | 1,5,2, | 
(9356)	1,1,1, | 1,5,2, | 
(68)	0,0,0, | 1,5,2, | 
(68)	0,0,0, | 1,5,2, | 
(68)	0,0,0, | 1,5,2, | 
(68)	0,0,0, | 1,5,2, | 
(68)	0,0,0, | 1,5,2, | 
(9139)	1,1,0, | 1,5,1, | 
(14532)	1,5,1, | 1,4,0, | 
(11718)	1,3,0, | 1,3,0, | 
(19488)	2,3,0, | 1,2,0, | 
(11712)	1,3,0, | 1,2,0, | 
(11803)	1,3,0, | 3,5,1, | 
(11730)	1,3,0, | 1,5,0, | 
(11731)	1,3,0, | 1,5,1, | 
(14592)	1,5,1, | 3,2,0, | 
(11670)	1,3,0, | 0,1,0, | 
(14479)	1,5,1, | 0,1,1, | 
(13195)	1,4,1, | 0,3,1, | 
(13183)	1,4,1, | 0,1,1, | 
(14688)	1,5,2, | 0,0,0, | 
(14688)	1,5,2, | 0,0,0, | 
(14737)	1,5,2, | 1,2,1, | 
(14701)	1,5,2, | 0,2,1, | 
(14688)	1,5,2, | 0,0,0, | 
(14724)	1,5,2, | 1,0,0, | 
(14688)	1,5,2, | 0,0,0, | 
(14689)	1,5,2, | 0,0,1, | 
(7809)	1,0,0, | 0,5,3, | 
(7809)	1,0,0, | 0,5,3, | 
(69)	0,0,0, | 1,5,3, | 
(69)	0,0,0, | 1,5,3, | 
(69)	0,0,0, | 1,5,3, | 
(69)	0,0,0, | 1,5,3, | 
(7845)	1,0,0, | 1,5,3, | 
(7845)	1,0,0, | 1,5,3, | 
(68)	0,0,0, | 1,5,2, | 
(9356)	1,1,1, | 1,5,2, | 
(68)	0,0,0, | 1,5,2, | 
(68)	0,0,0, | 1,5,2, | 
(68)	0,0,0, | 1,5,2, | 
(68)	0,0,0, | 1,5,2, | 
(68)	0,0,0, | 1,5,2, | 
(9139)	1,1,0, | 1,5,1, | 
(19488)	2,3,0, | 1,2,0, | 
(11718)	1,3,0, | 1,3,0, | 
(19488)	2,3,0, | 1,2,0, | 
(11712)	1,3,0, | 1,2,0, | 
(11730)	1,3,0, | 1,5,0, | 
(11790)	1,3,0, | 3,3,0, | 
(11730)	1,3,0, | 1,5,0, | 
(11712)	1,3,0, | 1,2,0, | 
(11689)	1,3,0, | 0,4,1, | 
(14485)	1,5,1, | 0,2,1, | 
(14472)	1,5,1, | 0,0,0, | 
(13195)	1,4,1, | 0,3,1, | 
(14701)	1,5,2, | 0,2,1, | 
(14701)	1,5,2, | 0,2,1, | 
(14701)	1,5,2, | 0,2,1, | 
(14695)	1,5,2, | 0,1,1, | 
(14714)	1,5,2, | 0,4,2, | 
(14905)	1,5,3, | 0,0,1, | 
(14904)	1,5,3, | 0,0,0, | 
(14904)	1,5,3, | 0,0,0, | 
(14904)	1,5,3, | 0,0,0, | 
(14904)	1,5,3, | 0,0,0, | 
(14904)	1,5,3, | 0,0,0, | 
(14904)	1,5,3, | 0,0,0, | 
(14904)	1,5,3, | 0,0,0, | 
(14904)	1,5,3, | 0,0,0, | 
(28944)	3,4,2, | 0,0,0, | 
(13212)	1,4,1, | 1,0,0, | 
(4356)	0,3,2, | 1,0,0, | 
(4140)	0,3,1, | 1,0,0, | 
(4356)	0,3,2, | 1,0,0, | 
(13428)	1,4,2, | 1,0,0, | 
(4140)	0,3,1, | 1,0,0, | 
(13428)	1,4,2, | 1,0,0, | 
(13428)	1,4,2, | 1,0,0, | 
(26172)	3,2,1, | 1,0,0, | 
(18612)	2,2,2, | 1,0,0, | 
(26172)	3,2,1, | 1,0,0, | 
(18612)	2,2,2, | 1,0,0, | 
(26172)	3,2,1, | 1,0,0, | 
(26172)	3,2,1, | 1,0,0, | 
(4176)	0,3,1, | 2,0,0, | 
(4140)	0,3,1, | 1,0,0, | 
(4140)	0,3,1, | 1,0,0, | 
(2808)	0,2,1, | 0,0,0, | 
(14904)	1,5,3, | 0,0,0, | 
(14904)	1,5,3, | 0,0,0, | 
(14904)	1,5,3, | 0,0,0, | 
(14940)	1,5,3, | 1,0,0, | 
(14904)	1,5,3, | 0,0,0, | 
(14904)	1,5,3, | 0,0,0, | 
(14904)	1,5,3, | 0,0,0, | 
(14904)	1,5,3, | 0,0,0, | 
(14904)	1,5,3, | 0,0,0, | 
(14904)	1,5,3, | 0,0,0, | 
(14904)	1,5,3, | 0,0,0, | 
(14904)	1,5,3, | 0,0,0, | 
(14904)	1,5,3, | 0,0,0, | 
(7165)	0,5,3, | 1,0,1, | 
(7165)	0,5,3, | 1,0,1, | 
(7165)	0,5,3, | 1,0,1, | 
(7825)	1,0,0, | 1,2,1, | 
(7825)	1,0,0, | 1,2,1, | 
(7825)	1,0,0, | 1,2,1, | 
(7825)	1,0,0, | 1,2,1, | 
(2863)	0,2,1, | 1,3,1, | 
(55)	0,0,0, | 1,3,1, | 
(61)	0,0,0, | 1,4,1, | 
(1573)	0,1,1, | 1,4,1, | 
(61)	0,0,0, | 1,4,1, | 
(2869)	0,2,1, | 1,4,1, | 
(4158)	0,3,1, | 1,3,0, | 
(14526)	1,5,1, | 1,3,0, | 
(13230)	1,4,1, | 1,3,0, | 
(9126)	1,1,0, | 1,3,0, | 
(9133)	1,1,0, | 1,4,1, | 
(21049)	2,4,1, | 2,4,1, | 
(9126)	1,1,0, | 1,3,0, | 
(9126)	1,1,0, | 1,3,0, | 
(9126)	1,1,0, | 1,3,0, | 
(9098)	1,1,0, | 0,4,2, | 
(14904)	1,5,3, | 0,0,0, | 
(14976)	1,5,3, | 2,0,0, | 
(14904)	1,5,3, | 0,0,0, | 
(14976)	1,5,3, | 2,0,0, | 
(14904)	1,5,3, | 0,0,0, | 
(14904)	1,5,3, | 0,0,0, | 
(14911)	1,5,3, | 0,1,1, | 
(14947)	1,5,3, | 1,1,1, | 
(14904)	1,5,3, | 0,0,0, | 
(14904)	1,5,3, | 0,0,0, | 
(14904)	1,5,3, | 0,0,0, | 
(14904)	1,5,3, | 0,0,0, | 
(14904)	1,5,3, | 0,0,0, | 
(7165)	0,5,3, | 1,0,1, | 
(62)	0,0,0, | 1,4,2, | 
(62)	0,0,0, | 1,4,2, | 
(62)	0,0,0, | 1,4,2, | 
(62)	0,0,0, | 1,4,2, | 
(62)	0,0,0, | 1,4,2, | 
(62)	0,0,0, | 1,4,2, | 
(1580)	0,1,1, | 1,5,2, | 
(68)	0,0,0, | 1,5,2, | 
(2876)	0,2,1, | 1,5,2, | 
(1573)	0,1,1, | 1,4,1, | 
(61)	0,0,0, | 1,4,1, | 
(2869)	0,2,1, | 1,4,1, | 
(4158)	0,3,1, | 1,3,0, | 
(26023)	3,2,0, | 2,5,1, | 
(13056)	1,4,0, | 2,4,0, | 
(10422)	1,2,0, | 1,3,0, | 
(10435)	1,2,0, | 1,5,1, | 
(13315)	1,4,1, | 3,5,1, | 
(10507)	1,2,0, | 3,5,1, | 
(11754)	1,3,0, | 2,3,0, | 
(10429)	1,2,0, | 1,4,1, | 
(10429)	1,2,0, | 1,4,1, | 
(14688)	1,5,2, | 0,0,0, | 
(14708)	1,5,2, | 0,3,2, | 
(14695)	1,5,2, | 0,1,1, | 
(14688)	1,5,2, | 0,0,0, | 
(14708)	1,5,2, | 0,3,2, | 
(14695)	1,5,2, | 0,1,1, | 
(14688)	1,5,2, | 0,0,0, | 
(14904)	1,5,3, | 0,0,0, | 
(13392)	1,4,2, | 0,0,0, | 
(13392)	1,4,2, | 0,0,0, | 
(13392)	1,4,2, | 0,0,0, | 
(13392)	1,4,2, | 0,0,0, | 
(7164)	0,5,3, | 1,0,0, | 
(7809)	1,0,0, | 0,5,3, | 
(62)	0,0,0, | 1,4,2, | 
(62)	0,0,0, | 1,4,2, | 
(62)	0,0,0, | 1,4,2, | 
(62)	0,0,0, | 1,4,2, | 
(2876)	0,2,1, | 1,5,2, | 
(68)	0,0,0, | 1,5,2, | 
(68)	0,0,0, | 1,5,2, | 
(2876)	0,2,1, | 1,5,2, | 
(2876)	0,2,1, | 1,5,2, | 
(1573)	0,1,1, | 1,4,1, | 
(61)	0,0,0, | 1,4,1, | 
(2869)	0,2,1, | 1,4,1, | 
(3948)	0,3,0, | 1,4,0, | 
(11731)	1,3,0, | 1,5,1, | 
(13266)	1,4,1, | 2,3,0, | 
(30091)	3,5,1, | 1,5,1, | 
(11718)	1,3,0, | 1,3,0, | 
(11790)	1,3,0, | 3,3,0, | 
(14598)	1,5,1, | 3,3,0, | 
(11767)	1,3,0, | 2,5,1, | 
(11718)	1,3,0, | 1,3,0, | 
(11768)	1,3,0, | 2,5,2, | 
(13183)	1,4,1, | 0,1,1, | 
(13176)	1,4,1, | 0,0,0, | 
(13176)	1,4,1, | 0,0,0, | 
(14701)	1,5,2, | 0,2,1, | 
(14714)	1,5,2, | 0,4,2, | 
(14695)	1,5,2, | 0,1,1, | 
(14737)	1,5,2, | 1,2,1, | 
(14688)	1,5,2, | 0,0,0, | 
(14688)	1,5,2, | 0,0,0, | 
(14689)	1,5,2, | 0,0,1, | 
(14688)	1,5,2, | 0,0,0, | 
(14689)	1,5,2, | 0,0,1, | 
(7809)	1,0,0, | 0,5,3, | 
(7809)	1,0,0, | 0,5,3, | 
(7845)	1,0,0, | 1,5,3, | 
(7845)	1,0,0, | 1,5,3, | 
(7845)	1,0,0, | 1,5,3, | 
(7845)	1,0,0, | 1,5,3, | 
(7844)	1,0,0, | 1,5,2, | 
(68)	0,0,0, | 1,5,2, | 
(68)	0,0,0, | 1,5,2, | 
(68)	0,0,0, | 1,5,2, | 
(68)	0,0,0, | 1,5,2, | 
(68)	0,0,0, | 1,5,2, | 
(61)	0,0,0, | 1,4,1, | 
(2869)	0,2,1, | 1,4,1, | 
(3948)	0,3,0, | 1,4,0, | 
(27276)	3,3,0, | 1,4,0, | 
(22381)	2,5,1, | 3,4,1, | 
(11718)	1,3,0, | 1,3,0, | 
(11718)	1,3,0, | 1,3,0, | 
(19579)	2,3,0, | 3,5,1, | 
(11730)	1,3,0, | 1,5,0, | 
(11731)	1,3,0, | 1,5,1, | 
(11803)	1,3,0, | 3,5,1, | 
(11731)	1,3,0, | 1,5,1, | 
(14491)	1,5,1, | 0,3,1, | 
(14472)	1,5,1, | 0,0,0, | 
(14688)	1,5,2, | 0,0,0, | 
(14688)	1,5,2, | 0,0,0, | 
(14701)	1,5,2, | 0,2,1, | 
(14695)	1,5,2, | 0,1,1, | 
(14724)	1,5,2, | 1,0,0, | 
(14695)	1,5,2, | 0,1,1, | 
(14724)	1,5,2, | 1,0,0, | 
(14689)	1,5,2, | 0,0,1, | 
(14688)	1,5,2, | 0,0,0, | 
(14689)	1,5,2, | 0,0,1, | 
(7809)	1,0,0, | 0,5,3, | 
(7809)	1,0,0, | 0,5,3, | 
(7845)	1,0,0, | 1,5,3, | 
(7845)	1,0,0, | 1,5,3, | 
(7845)	1,0,0, | 1,5,3, | 
(7845)	1,0,0, | 1,5,3, | 
(7844)	1,0,0, | 1,5,2, | 
(68)	0,0,0, | 1,5,2, | 
(68)	0,0,0, | 1,5,2, | 
(68)	0,0,0, | 1,5,2, | 
(2876)	0,2,1, | 1,5,2, | 
(2876)	0,2,1, | 1,5,2, | 
(61)	0,0,0, | 1,4,1, | 
(2869)	0,2,1, | 1,4,1, | 
(3948)	0,3,0, | 1,4,0, | 
(22374)	2,5,1, | 3,3,0, | 
(22381)	2,5,1, | 3,4,1, | 
(11718)	1,3,0, | 1,3,0, | 
(11725)	1,3,0, | 1,4,1, | 
(11797)	1,3,0, | 3,4,1, | 
(14598)	1,5,1, | 3,3,0, | 
(11730)	1,3,0, | 1,5,0, | 
(11730)	1,3,0, | 1,5,0, | 
(11689)	1,3,0, | 0,4,1, | 
(14485)	1,5,1, | 0,2,1, | 
(14472)	1,5,1, | 0,0,0, | 
(14491)	1,5,1, | 0,3,1, | 
(14701)	1,5,2, | 0,2,1, | 
(14688)	1,5,2, | 0,0,0, | 
(14701)	1,5,2, | 0,2,1, | 
(14701)	1,5,2, | 0,2,1, | 
(14688)	1,5,2, | 0,0,0, | 
(14905)	1,5,3, | 0,0,1, | 
(14904)	1,5,3, | 0,0,0, | 
(14904)	1,5,3, | 0,0,0, | 
(14904)	1,5,3, | 0,0,0, | 
(14904)	1,5,3, | 0,0,0, | 
(14904)	1,5,3, | 0,0,0, | 
(14904)	1,5,3, | 0,0,0, | 
(14904)	1,5,3, | 0,0,0, | 
(14904)	1,5,3, | 0,0,0, | 
(21384)	2,4,3, | 0,0,0, | 
(10620)	1,2,1, | 1,0,0, | 
(2844)	0,2,1, | 1,0,0, | 
(4356)	0,3,2, | 1,0,0, | 
(5652)	0,4,2, | 1,0,0, | 
(10620)	1,2,1, | 1,0,0, | 
(4140)	0,3,1, | 1,0,0, | 
(5652)	0,4,2, | 1,0,0, | 
(2844)	0,2,1, | 1,0,0, | 
(30708)	3,5,4, | 1,0,0, | 
(27684)	3,3,2, | 1,0,0, | 
(26172)	3,2,1, | 1,0,0, | 
(27468)	3,3,1, | 1,0,0, | 
(27468)	3,3,1, | 1,0,0, | 
(5688)	0,4,2, | 2,0,0, | 
(4176)	0,3,1, | 2,0,0, | 
(2844)	0,2,1, | 1,0,0, | 
(2844)	0,2,1, | 1,0,0, | 
(2808)	0,2,1, | 0,0,0, | 
(14904)	1,5,3, | 0,0,0, | 
(14904)	1,5,3, | 0,0,0, | 
(14904)	1,5,3, | 0,0,0, | 
(14904)	1,5,3, | 0,0,0, | 
(14904)	1,5,3, | 0,0,0, | 
(14904)	1,5,3, | 0,0,0, | 
(14904)	1,5,3, | 0,0,0, | 
(14904)	1,5,3, | 0,0,0, | 
(14904)	1,5,3, | 0,0,0, | 
(14904)	1,5,3, | 0,0,0, | 
(14904)	1,5,3, | 0,0,0, | 
(14904)	1,5,3, | 0,0,0, | 
(14904)	1,5,3, | 0,0,0, | 
(7164)	0,5,3, | 1,0,0, | 
(7164)	0,5,3, | 1,0,0, | 
(7165)	0,5,3, | 1,0,1, | 
(7165)	0,5,3, | 1,0,1, | 
(7825)	1,0,0, | 1,2,1, | 
(7825)	1,0,0, | 1,2,1, | 
(55)	0,0,0, | 1,3,1, | 
(55)	0,0,0, | 1,3,1, | 
(55)	0,0,0, | 1,3,1, | 
(6973)	0,5,2, | 1,4,1, | 
(61)	0,0,0, | 1,4,1, | 
(13014)	1,4,0, | 1,3,0, | 
(13014)	1,4,0, | 1,3,0, | 
(1350)	0,1,0, | 1,3,0, | 
(22518)	2,5,2, | 1,3,0, | 
(9126)	1,1,0, | 1,3,0, | 
(9126)	1,1,0, | 1,3,0, | 
(9126)	1,1,0, | 1,3,0, | 
(19494)	2,3,0, | 1,3,0, | 
(22518)	2,5,2, | 1,3,0, | 
(9126)	1,1,0, | 1,3,0, | 
(9126)	1,1,0, | 1,3,0, | 
(9098)	1,1,0, | 0,4,2, | 
(14904)	1,5,3, | 0,0,0, | 
(14904)	1,5,3, | 0,0,0, | 
(14904)	1,5,3, | 0,0,0, | 
(14904)	1,5,3, | 0,0,0, | 
(14904)	1,5,3, | 0,0,0, | 
(14911)	1,5,3, | 0,1,1, | 
(14911)	1,5,3, | 0,1,1, | 
(14904)	1,5,3, | 0,0,0, | 
(14904)	1,5,3, | 0,0,0, | 
(14904)	1,5,3, | 0,0,0, | 
(14904)	1,5,3, | 0,0,0, | 
(14904)	1,5,3, | 0,0,0, | 
(14904)	1,5,3, | 0,0,0, | 
(7164)	0,5,3, | 1,0,0, | 
(7164)	0,5,3, | 1,0,0, | 
(7838)	1,0,0, | 1,4,2, | 
(7838)	1,0,0, | 1,4,2, | 
(7844)	1,0,0, | 1,5,2, | 
(7844)	1,0,0, | 1,5,2, | 
(68)	0,0,0, | 1,5,2, | 
(4388)	0,3,2, | 1,5,2, | 
(68)	0,0,0, | 1,5,2, | 
(68)	0,0,0, | 1,5,2, | 
(61)	0,0,0, | 1,4,1, | 
(61)	0,0,0, | 1,4,1, | 
(1579)	0,1,1, | 1,5,1, | 
(1350)	0,1,0, | 1,3,0, | 
(26023)	3,2,0, | 2,5,1, | 
(30114)	3,5,1, | 2,3,0, | 
(10422)	1,2,0, | 1,3,0, | 
(28795)	3,4,1, | 1,5,1, | 
(10507)	1,2,0, | 3,5,1, | 
(10507)	1,2,0, | 3,5,1, | 
(11754)	1,3,0, | 2,3,0, | 
(10458)	1,2,0, | 2,3,0, | 
(10429)	1,2,0, | 1,4,1, | 
(14688)	1,5,2, | 0,0,0, | 
(14688)	1,5,2, | 0,0,0, | 
(14708)	1,5,2, | 0,3,2, | 
(14688)	1,5,2, | 0,0,0, | 
(14708)	1,5,2, | 0,3,2, | 
(14695)	1,5,2, | 0,1,1, | 
(14688)	1,5,2, | 0,0,0, | 
(14947)	1,5,3, | 1,1,1, | 
(14941)	1,5,3, | 1,0,1, | 
(14940)	1,5,3, | 1,0,0, | 
(14940)	1,5,3, | 1,0,0, | 
(14940)	1,5,3, | 1,0,0, | 
(7164)	0,5,3, | 1,0,0, | 
(7164)	0,5,3, | 1,0,0, | 
(68)	0,0,0, | 1,5,2, | 
(68)	0,0,0, | 1,5,2, | 
(68)	0,0,0, | 1,5,2, | 
(7844)	1,0,0, | 1,5,2, | 
(7844)	1,0,0, | 1,5,2, | 
(68)	0,0,0, | 1,5,2, | 
(68)	0,0,0, | 1,5,2, | 
(68)	0,0,0, | 1,5,2, | 
(68)	0,0,0, | 1,5,2, | 
(68)	0,0,0, | 1,5,2, | 
(67)	0,0,0, | 1,5,1, | 
(1579)	0,1,1, | 1,5,1, | 
(1363)	0,1,0, | 1,5,1, | 
(30114)	3,5,1, | 2,3,0, | 
(30114)	3,5,1, | 2,3,0, | 
(30091)	3,5,1, | 1,5,1, | 
(19579)	2,3,0, | 3,5,1, | 
(19579)	2,3,0, | 3,5,1, | 
(11790)	1,3,0, | 3,3,0, | 
(11767)	1,3,0, | 2,5,1, | 
(11718)	1,3,0, | 1,3,0, | 
(11768)	1,3,0, | 2,5,2, | 
(13183)	1,4,1, | 0,1,1, | 
(13176)	1,4,1, | 0,0,0, | 
(14701)	1,5,2, | 0,2,1, | 
(14688)	1,5,2, | 0,0,0, | 
(14714)	1,5,2, | 0,4,2, | 
(14688)	1,5,2, | 0,0,0, | 
(14737)	1,5,2, | 1,2,1, | 
(14688)	1,5,2, | 0,0,0, | 
(14688)	1,5,2, | 0,0,0, | 
(14688)	1,5,2, | 0,0,0, | 
(14688)	1,5,2, | 0,0,0, | 
(14688)	1,5,2, | 0,0,0, | 
(7164)	0,5,3, | 1,0,0, | 
(7809)	1,0,0, | 0,5,3, | 
(68)	0,0,0, | 1,5,2, | 
(68)	0,0,0, | 1,5,2, | 
(68)	0,0,0, | 1,5,2, | 
(7844)	1,0,0, | 1,5,2, | 
(7844)	1,0,0, | 1,5,2, | 
(68)	0,0,0, | 1,5,2, | 
(68)	0,0,0, | 1,5,2, | 
(68)	0,0,0, | 1,5,2, | 
(68)	0,0,0, | 1,5,2, | 
(68)	0,0,0, | 1,5,2, | 
(67)	0,0,0, | 1,5,1, | 
(1579)	0,1,1, | 1,5,1, | 
(1363)	0,1,0, | 1,5,1, | 
(22308)	2,5,1, | 1,4,0, | 
(30114)	3,5,1, | 2,3,0, | 
(11718)	1,3,0, | 1,3,0, | 
(11718)	1,3,0, | 1,3,0, | 
(19579)	2,3,0, | 3,5,1, | 
(11730)	1,3,0, | 1,5,0, | 
(11731)	1,3,0, | 1,5,1, | 
(11724)	1,3,0, | 1,4,0, | 
(11731)	1,3,0, | 1,5,1, | 
(14485)	1,5,1, | 0,2,1, | 
(14472)	1,5,1, | 0,0,0, | 
(14688)	1,5,2, | 0,0,0, | 
(14688)	1,5,2, | 0,0,0, | 
(14701)	1,5,2, | 0,2,1, | 
(14688)	1,5,2, | 0,0,0, | 
(14724)	1,5,2, | 1,0,0, | 
(14688)	1,5,2, | 0,0,0, | 
(14688)	1,5,2, | 0,0,0, | 
(14688)	1,5,2, | 0,0,0, | 
(14688)	1,5,2, | 0,0,0, | 
(14688)	1,5,2, | 0,0,0, | 
(7164)	0,5,3, | 1,0,0, | 
(7809)	1,0,0, | 0,5,3, | 
(68)	0,0,0, | 1,5,2, | 
(68)	0,0,0, | 1,5,2, | 
(68)	0,0,0, | 1,5,2, | 
(7844)	1,0,0, | 1,5,2, | 
(68)	0,0,0, | 1,5,2, | 
(68)	0,0,0, | 1,5,2, | 
(68)	0,0,0, | 1,5,2, | 
(68)	0,0,0, | 1,5,2, | 
(68)	0,0,0, | 1,5,2, | 
(68)	0,0,0, | 1,5,2, | 
(67)	0,0,0, | 1,5,1, | 
(1579)	0,1,1, | 1,5,1, | 
(1363)	0,1,0, | 1,5,1, | 
(22308)	2,5,1, | 1,4,0, | 
(30127)	3,5,1, | 2,5,1, | 
(11718)	1,3,0, | 1,3,0, | 
(11730)	1,3,0, | 1,5,0, | 
(11730)	1,3,0, | 1,5,0, | 
(11790)	1,3,0, | 3,3,0, | 
(11730)	1,3,0, | 1,5,0, | 
(11730)	1,3,0, | 1,5,0, | 
(11689)	1,3,0, | 0,4,1, | 
(14485)	1,5,1, | 0,2,1, | 
(14472)	1,5,1, | 0,0,0, | 
(14491)	1,5,1, | 0,3,1, | 
(14701)	1,5,2, | 0,2,1, | 
(14688)	1,5,2, | 0,0,0, | 
(14744)	1,5,2, | 1,3,2, | 
(14701)	1,5,2, | 0,2,1, | 
(14695)	1,5,2, | 0,1,1, | 
(14905)	1,5,3, | 0,0,1, | 
(14904)	1,5,3, | 0,0,0, | 
(14904)	1,5,3, | 0,0,0, | 
(14904)	1,5,3, | 0,0,0, | 
(14904)	1,5,3, | 0,0,0, | 
(14904)	1,5,3, | 0,0,0, | 
(14904)	1,5,3, | 0,0,0, | 
(14904)	1,5,3, | 0,0,0, | 
(14904)	1,5,3, | 0,0,0, | 
(22896)	2,5,4, | 0,0,0, | 
(10620)	1,2,1, | 1,0,0, | 
(2844)	0,2,1, | 1,0,0, | 
(2844)	0,2,1, | 1,0,0, | 
(2844)	0,2,1, | 1,0,0, | 
(4356)	0,3,2, | 1,0,0, | 
(4356)	0,3,2, | 1,0,0, | 
(5652)	0,4,2, | 1,0,0, | 
(2844)	0,2,1, | 1,0,0, | 
(30708)	3,5,4, | 1,0,0, | 
(7812)	1,0,0, | 1,0,0, | 
(30708)	3,5,4, | 1,0,0, | 
(4356)	0,3,2, | 1,0,0, | 
(30708)	3,5,4, | 1,0,0, | 
(10656)	1,2,1, | 2,0,0, | 
(2880)	0,2,1, | 2,0,0, | 
(4356)	0,3,2, | 1,0,0, | 
(30708)	3,5,4, | 1,0,0, | 
(2808)	0,2,1, | 0,0,0, | 
(14904)	1,5,3, | 0,0,0, | 
(14904)	1,5,3, | 0,0,0, | 
(14904)	1,5,3, | 0,0,0, | 
(14940)	1,5,3, | 1,0,0, | 
(14904)	1,5,3, | 0,0,0, | 
(14904)	1,5,3, | 0,0,0, | 
(14904)	1,5,3, | 0,0,0, | 
(14904)	1,5,3, | 0,0,0, | 
(14904)	1,5,3, | 0,0,0, | 
(14905)	1,5,3, | 0,0,1, | 
(14904)	1,5,3, | 0,0,0, | 
(14904)	1,5,3, | 0,0,0, | 
(14905)	1,5,3, | 0,0,1, | 
(7165)	0,5,3, | 1,0,1, | 
(7165)	0,5,3, | 1,0,1, | 
(7165)	0,5,3, | 1,0,1, | 
(7164)	0,5,3, | 1,0,0, | 
(7825)	1,0,0, | 1,2,1, | 
(55)	0,0,0, | 1,3,1, | 
(55)	0,0,0, | 1,3,1, | 
(55)	0,0,0, | 1,3,1, | 
(55)	0,0,0, | 1,3,1, | 
(61)	0,0,0, | 1,4,1, | 
(13014)	1,4,0, | 1,3,0, | 
(13014)	1,4,0, | 1,3,0, | 
(13014)	1,4,0, | 1,3,0, | 
(5454)	0,4,1, | 1,3,0, | 
(14310)	1,5,0, | 1,3,0, | 
(9126)	1,1,0, | 1,3,0, | 
(9126)	1,1,0, | 1,3,0, | 
(9126)	1,1,0, | 1,3,0, | 
(19494)	2,3,0, | 1,3,0, | 
(9126)	1,1,0, | 1,3,0, | 
(9126)	1,1,0, | 1,3,0, | 
(9126)	1,1,0, | 1,3,0, | 
(9098)	1,1,0, | 0,4,2, | 
(14904)	1,5,3, | 0,0,0, | 
(14904)	1,5,3, | 0,0,0, | 
(14904)	1,5,3, | 0,0,0, | 
(14924)	1,5,3, | 0,3,2, | 
(14904)	1,5,3, | 0,0,0, | 
(14911)	1,5,3, | 0,1,1, | 
(14940)	1,5,3, | 1,0,0, | 
(14904)	1,5,3, | 0,0,0, | 
(14904)	1,5,3, | 0,0,0, | 
(14904)	1,5,3, | 0,0,0, | 
(14904)	1,5,3, | 0,0,0, | 
(14904)	1,5,3, | 0,0,0, | 
(14905)	1,5,3, | 0,0,1, | 
(7165)	0,5,3, | 1,0,1, | 
(7165)	0,5,3, | 1,0,1, | 
(68)	0,0,0, | 1,5,2, | 
(68)	0,0,0, | 1,5,2, | 
(7844)	1,0,0, | 1,5,2, | 
(7844)	1,0,0, | 1,5,2, | 
(2876)	0,2,1, | 1,5,2, | 
(2876)	0,2,1, | 1,5,2, | 
(2876)	0,2,1, | 1,5,2, | 
(2876)	0,2,1, | 1,5,2, | 
(61)	0,0,0, | 1,4,1, | 
(67)	0,0,0, | 1,5,1, | 
(5467)	0,4,1, | 1,5,1, | 
(1363)	0,1,0, | 1,5,1, | 
(14310)	1,5,0, | 1,3,0, | 
(10471)	1,2,0, | 2,5,1, | 
(10422)	1,2,0, | 1,3,0, | 
(10422)	1,2,0, | 1,3,0, | 
(10507)	1,2,0, | 3,5,1, | 
(10507)	1,2,0, | 3,5,1, | 
(10507)	1,2,0, | 3,5,1, | 
(11754)	1,3,0, | 2,3,0, | 
(10429)	1,2,0, | 1,4,1, | 
(14688)	1,5,2, | 0,0,0, | 
(14737)	1,5,2, | 1,2,1, | 
(14688)	1,5,2, | 0,0,0, | 
(14695)	1,5,2, | 0,1,1, | 
(14688)	1,5,2, | 0,0,0, | 
(14695)	1,5,2, | 0,1,1, | 
(14688)	1,5,2, | 0,0,0, | 
(14947)	1,5,3, | 1,1,1, | 
(14941)	1,5,3, | 1,0,1, | 
(14940)	1,5,3, | 1,0,0, | 
(14940)	1,5,3, | 1,0,0, | 
(14940)	1,5,3, | 1,0,0, | 
(7164)	0,5,3, | 1,0,0, | 
(7165)	0,5,3, | 1,0,1, | 
(68)	0,0,0, | 1,5,2, | 
(68)	0,0,0, | 1,5,2, | 
(68)	0,0,0, | 1,5,2, | 
(7844)	1,0,0, | 1,5,2, | 
(7844)	1,0,0, | 1,5,2, | 
(68)	0,0,0, | 1,5,2, | 
(2876)	0,2,1, | 1,5,2, | 
(68)	0,0,0, | 1,5,2, | 
(68)	0,0,0, | 1,5,2, | 
(1579)	0,1,1, | 1,5,1, | 
(67)	0,0,0, | 1,5,1, | 
(5467)	0,4,1, | 1,5,1, | 
(1363)	0,1,0, | 1,5,1, | 
(14323)	1,5,0, | 1,5,1, | 
(28795)	3,4,1, | 1,5,1, | 
(14316)	1,5,0, | 1,4,0, | 
(11718)	1,3,0, | 1,3,0, | 
(11790)	1,3,0, | 3,3,0, | 
(11790)	1,3,0, | 3,3,0, | 
(13020)	1,4,0, | 1,4,0, | 
(11718)	1,3,0, | 1,3,0, | 
(11768)	1,3,0, | 2,5,2, | 
(13189)	1,4,1, | 0,2,1, | 
(13176)	1,4,1, | 0,0,0, | 
(14701)	1,5,2, | 0,2,1, | 
(14688)	1,5,2, | 0,0,0, | 
(14688)	1,5,2, | 0,0,0, | 
(14688)	1,5,2, | 0,0,0, | 
(14737)	1,5,2, | 1,2,1, | 
(14695)	1,5,2, | 0,1,1, | 
(14688)	1,5,2, | 0,0,0, | 
(14688)	1,5,2, | 0,0,0, | 
(14688)	1,5,2, | 0,0,0, | 
(14688)	1,5,2, | 0,0,0, | 
(7164)	0,5,3, | 1,0,0, | 
(7809)	1,0,0, | 0,5,3, | 
(68)	0,0,0, | 1,5,2, | 
(68)	0,0,0, | 1,5,2, | 
(68)	0,0,0, | 1,5,2, | 
(7844)	1,0,0, | 1,5,2, | 
(4388)	0,3,2, | 1,5,2, | 
(68)	0,0,0, | 1,5,2, | 
(68)	0,0,0, | 1,5,2, | 
(68)	0,0,0, | 1,5,2, | 
(2876)	0,2,1, | 1,5,2, | 
(1579)	0,1,1, | 1,5,1, | 
(67)	0,0,0, | 1,5,1, | 
(5467)	0,4,1, | 1,5,1, | 
(1363)	0,1,0, | 1,5,1, | 
(14316)	1,5,0, | 1,4,0, | 
(11718)	1,3,0, | 1,3,0, | 
(11718)	1,3,0, | 1,3,0, | 
(11718)	1,3,0, | 1,3,0, | 
(19579)	2,3,0, | 3,5,1, | 
(13086)	1,4,0, | 3,3,0, | 
(11731)	1,3,0, | 1,5,1, | 
(11803)	1,3,0, | 3,5,1, | 
(11731)	1,3,0, | 1,5,1, | 
(14485)	1,5,1, | 0,2,1, | 
(14472)	1,5,1, | 0,0,0, | 
(14688)	1,5,2, | 0,0,0, | 
(14688)	1,5,2, | 0,0,0, | 
(14701)	1,5,2, | 0,2,1, | 
(14688)	1,5,2, | 0,0,0, | 
(14724)	1,5,2, | 1,0,0, | 
(14688)	1,5,2, | 0,0,0, | 
(14724)	1,5,2, | 1,0,0, | 
(14688)	1,5,2, | 0,0,0, | 
(14688)	1,5,2, | 0,0,0, | 
(14688)	1,5,2, | 0,0,0, | 
(7165)	0,5,3, | 1,0,1, | 
(7809)	1,0,0, | 0,5,3, | 
(68)	0,0,0, | 1,5,2, | 
(68)	0,0,0, | 1,5,2, | 
(68)	0,0,0, | 1,5,2, | 
(7844)	1,0,0, | 1,5,2, | 
(7844)	1,0,0, | 1,5,2, | 
(68)	0,0,0, | 1,5,2, | 
(68)	0,0,0, | 1,5,2, | 
(2876)	0,2,1, | 1,5,2, | 
(68)	0,0,0, | 1,5,2, | 
(1579)	0,1,1, | 1,5,1, | 
(67)	0,0,0, | 1,5,1, | 
(5467)	0,4,1, | 1,5,1, | 
(1363)	0,1,0, | 1,5,1, | 
(14310)	1,5,0, | 1,3,0, | 
(11730)	1,3,0, | 1,5,0, | 
(11718)	1,3,0, | 1,3,0, | 
(11730)	1,3,0, | 1,5,0, | 
(11730)	1,3,0, | 1,5,0, | 
(11790)	1,3,0, | 3,3,0, | 
(11730)	1,3,0, | 1,5,0, | 
(11730)	1,3,0, | 1,5,0, | 
(11689)	1,3,0, | 0,4,1, | 
(14485)	1,5,1, | 0,2,1, | 
(14472)	1,5,1, | 0,0,0, | 
(14472)	1,5,1, | 0,0,0, | 
(14701)	1,5,2, | 0,2,1, | 
(14695)	1,5,2, | 0,1,1, | 
(14744)	1,5,2, | 1,3,2, | 
(14701)	1,5,2, | 0,2,1, | 
(14695)	1,5,2, | 0,1,1, | 
