(37)	0,0,0, | 1,0,1, | 
(1)	0,0,0, | 0,0,1, | 
(0)	0,0,0, | 0,0,0, | 
(0)	0,0,0, | 0,0,0, | 
(0)	0,0,0, | 0,0,0, | 
(0)	0,0,0, | 0,0,0, | 
(0)	0,0,0, | 0,0,0, | 
(0)	0,0,0, | 0,0,0, | 
(0)	0,0,0, | 0,0,0, | 
(7992)	1,0,1, | 0,0,0, | 
(7992)	1,0,1, | 0,0,0, | 
(0)	0,0,0, | 0,0,0, | 
(0)	0,0,0, | 0,0,0, | 
(0)	0,0,0, | 0,0,0, | 
(0)	0,0,0, | 0,0,0, | 
(0)	0,0,0, | 0,0,0, | 
(7776)	1,0,0, | 0,0,0, | 
(0)	0,0,0, | 0,0,0, | 
(0)	0,0,0, | 0,0,0, | 
(0)	0,0,0, | 0,0,0, | 
(0)	0,0,0, | 0,0,0, | 
(0)	0,0,0, | 0,0,0, | 
(0)	0,0,0, | 0,0,0, | 
(0)	0,0,0, | 0,0,0, | 
(0)	0,0,0, | 0,0,0, | 
(0)	0,0,0, | 0,0,0, | 
(0)	0,0,0, | 0,0,0, | 
(0)	0,0,0, | 0,0,0, | 
(0)	0,0,0, | 0,0,0, | 
(0)	0,0,0, | 0,0,0, | 
(0)	0,0,0, | 0,0,0, | 
(0)	0,0,0, | 0,0,0, | 
(0)	0,0,0, | 0,0,0, | 
(36)	0,0,0, | 1,0,0, | 
(36)	0,0,0, | 1,0,0, | 
(36)	0,0,0, | 1,0,0, | 
(37)	0,0,0, | 1,0,1, | 
(49)	0,0,0, | 1,2,1, | 
(49)	0,0,0, | 1,2,1, | 
(49)	0,0,0, | 1,2,1, | 
(49)	0,0,0, | 1,2,1, | 
(49)	0,0,0, | 1,2,1, | 
(49)	0,0,0, | 1,2,1, | 
(49)	0,0,0, | 1,2,1, | 
(49)	0,0,0, | 1,2,1, | 
(49)	0,0,0, | 1,2,1, | 
(49)	0,0,0, | 1,2,1, | 
(49)	0,0,0, | 1,2,1, | 
(49)	0,0,0, | 1,2,1, | 
(49)	0,0,0, | 1,2,1, | 
(49)	0,0,0, | 1,2,1, | 
(49)	0,0,0, | 1,2,1, | 
(49)	0,0,0, | 1,2,1, | 
(49)	0,0,0, | 1,2,1, | 
(13)	0,0,0, | 0,2,1, | 
(7789)	1,0,0, | 0,2,1, | 
(7796)	1,0,0, | 0,3,2, | 
(7825)	1,0,0, | 1,2,1, | 
(7831)	1,0,0, | 1,3,1, | 
(7831)	1,0,0, | 1,3,1, | 
(7812)	1,0,0, | 1,0,0, | 
(7831)	1,0,0, | 1,3,1, | 
(7825)	1,0,0, | 1,2,1, | 
(7831)	1,0,0, | 1,3,1, | 
(7825)	1,0,0, | 1,2,1, | 
(7796)	1,0,0, | 0,3,2, | 
(7789)	1,0,0, | 0,2,1, | 
(7825)	1,0,0, | 1,2,1, | 
(7796)	1,0,0, | 0,3,2, | 
(7789)	1,0,0, | 0,2,1, | 
(7796)	1,0,0, | 0,3,2, | 
(7789)	1,0,0, | 0,2,1, | 
(63)	0,0,0, | 1,4,3, | 
(62)	0,0,0, | 1,4,2, | 
(62)	0,0,0, | 1,4,2, | 
(62)	0,0,0, | 1,4,2, | 
(62)	0,0,0, | 1,4,2, | 
(62)	0,0,0, | 1,4,2, | 
(62)	0,0,0, | 1,4,2, | 
(62)	0,0,0, | 1,4,2, | 
(62)	0,0,0, | 1,4,2, | 
(62)	0,0,0, | 1,4,2, | 
(62)	0,0,0, | 1,4,2, | 
(62)	0,0,0, | 1,4,2, | 
(62)	0,0,0, | 1,4,2, | 
(62)	0,0,0, | 1,4,2, | 
(62)	0,0,0, | 1,4,2, | 
(62)	0,0,0, | 1,4,2, | 
(62)	0,0,0, | 1,4,2, | 
(62)	0,0,0, | 1,4,2, | 
(20)	0,0,0, | 0,3,2, | 
(7789)	1,0,0, | 0,2,1, | 
(7831)	1,0,0, | 1,3,1, | 
(7789)	1,0,0, | 0,2,1, | 
(7796)	1,0,0, | 0,3,2, | 
(7802)	1,0,0, | 0,4,2, | 
(7808)	1,0,0, | 0,5,2, | 
(7789)	1,0,0, | 0,2,1, | 
(7796)	1,0,0, | 0,3,2, | 
(7831)	1,0,0, | 1,3,1, | 
(7808)	1,0,0, | 0,5,2, | 
(7796)	1,0,0, | 0,3,2, | 
(7789)	1,0,0, | 0,2,1, | 
(7796)	1,0,0, | 0,3,2, | 
(7789)	1,0,0, | 0,2,1, | 
(7802)	1,0,0, | 0,4,2, | 
(7796)	1,0,0, | 0,3,2, | 
(7796)	1,0,0, | 0,3,2, | 
(70)	0,0,0, | 1,5,4, | 
(69)	0,0,0, | 1,5,3, | 
(69)	0,0,0, | 1,5,3, | 
(69)	0,0,0, | 1,5,3, | 
(69)	0,0,0, | 1,5,3, | 
(69)	0,0,0, | 1,5,3, | 
(69)	0,0,0, | 1,5,3, | 
(69)	0,0,0, | 1,5,3, | 
(69)	0,0,0, | 1,5,3, | 
(69)	0,0,0, | 1,5,3, | 
(69)	0,0,0, | 1,5,3, | 
(69)	0,0,0, | 1,5,3, | 
(69)	0,0,0, | 1,5,3, | 
(69)	0,0,0, | 1,5,3, | 
(69)	0,0,0, | 1,5,3, | 
(69)	0,0,0, | 1,5,3, | 
(69)	0,0,0, | 1,5,3, | 
(69)	0,0,0, | 1,5,3, | 
(26)	0,0,0, | 0,4,2, | 
(7832)	1,0,0, | 1,3,2, | 
(7802)	1,0,0, | 0,4,2, | 
(7802)	1,0,0, | 0,4,2, | 
(7832)	1,0,0, | 1,3,2, | 
(7802)	1,0,0, | 0,4,2, | 
(7808)	1,0,0, | 0,5,2, | 
(7802)	1,0,0, | 0,4,2, | 
(7802)	1,0,0, | 0,4,2, | 
(7802)	1,0,0, | 0,4,2, | 
(7802)	1,0,0, | 0,4,2, | 
(7802)	1,0,0, | 0,4,2, | 
(7802)	1,0,0, | 0,4,2, | 
(7802)	1,0,0, | 0,4,2, | 
(7802)	1,0,0, | 0,4,2, | 
(7802)	1,0,0, | 0,4,2, | 
(7808)	1,0,0, | 0,5,2, | 
(7802)	1,0,0, | 0,4,2, | 
(62)	0,0,0, | 1,4,2, | 
(69)	0,0,0, | 1,5,3, | 
(69)	0,0,0, | 1,5,3, | 
(69)	0,0,0, | 1,5,3, | 
(69)	0,0,0, | 1,5,3, | 
(69)	0,0,0, | 1,5,3, | 
(69)	0,0,0, | 1,5,3, | 
(69)	0,0,0, | 1,5,3, | 
(69)	0,0,0, | 1,5,3, | 
(69)	0,0,0, | 1,5,3, | 
(69)	0,0,0, | 1,5,3, | 
(69)	0,0,0, | 1,5,3, | 
(69)	0,0,0, | 1,5,3, | 
(69)	0,0,0, | 1,5,3, | 
(69)	0,0,0, | 1,5,3, | 
(69)	0,0,0, | 1,5,3, | 
(69)	0,0,0, | 1,5,3, | 
(69)	0,0,0, | 1,5,3, | 
(33)	0,0,0, | 0,5,3, | 
(7809)	1,0,0, | 0,5,3, | 
(7802)	1,0,0, | 0,4,2, | 
(7845)	1,0,0, | 1,5,3, | 
(7808)	1,0,0, | 0,5,2, | 
(7809)	1,0,0, | 0,5,3, | 
(7808)	1,0,0, | 0,5,2, | 
(7809)	1,0,0, | 0,5,3, | 
(7802)	1,0,0, | 0,4,2, | 
(7808)	1,0,0, | 0,5,2, | 
(7808)	1,0,0, | 0,5,2, | 
(7802)	1,0,0, | 0,4,2, | 
(7802)	1,0,0, | 0,4,2, | 
(7845)	1,0,0, | 1,5,3, | 
(7802)	1,0,0, | 0,4,2, | 
(7809)	1,0,0, | 0,5,3, | 
(7802)	1,0,0, | 0,4,2, | 
(7809)	1,0,0, | 0,5,3, | 
(70)	0,0,0, | 1,5,4, | 
(69)	0,0,0, | 1,5,3, | 
(69)	0,0,0, | 1,5,3, | 
(69)	0,0,0, | 1,5,3, | 
(69)	0,0,0, | 1,5,3, | 
(69)	0,0,0, | 1,5,3, | 
(69)	0,0,0, | 1,5,3, | 
(69)	0,0,0, | 1,5,3, | 
(69)	0,0,0, | 1,5,3, | 
(69)	0,0,0, | 1,5,3, | 
(69)	0,0,0, | 1,5,3, | 
(69)	0,0,0, | 1,5,3, | 
(69)	0,0,0, | 1,5,3, | 
(69)	0,0,0, | 1,5,3, | 
(69)	0,0,0, | 1,5,3, | 
(69)	0,0,0, | 1,5,3, | 
(69)	0,0,0, | 1,5,3, | 
(69)	0,0,0, | 1,5,3, | 
(33)	0,0,0, | 0,5,3, | 
(7838)	1,0,0, | 1,4,2, | 
(7808)	1,0,0, | 0,5,2, | 
(7802)	1,0,0, | 0,4,2, | 
(7802)	1,0,0, | 0,4,2, | 
(7802)	1,0,0, | 0,4,2, | 
(7802)	1,0,0, | 0,4,2, | 
(7802)	1,0,0, | 0,4,2, | 
(7809)	1,0,0, | 0,5,3, | 
(7808)	1,0,0, | 0,5,2, | 
(7845)	1,0,0, | 1,5,3, | 
(7802)	1,0,0, | 0,4,2, | 
(7809)	1,0,0, | 0,5,3, | 
(7802)	1,0,0, | 0,4,2, | 
(7808)	1,0,0, | 0,5,2, | 
(7809)	1,0,0, | 0,5,3, | 
(7802)	1,0,0, | 0,4,2, | 
(7809)	1,0,0, | 0,5,3, | 
(10584)	1,2,1, | 0,0,0, | 
(10585)	1,2,1, | 0,0,1, | 
(10585)	1,2,1, | 0,0,1, | 
(10585)	1,2,1, | 0,0,1, | 
(10585)	1,2,1, | 0,0,1, | 
(10585)	1,2,1, | 0,0,1, | 
(10584)	1,2,1, | 0,0,0, | 
(10584)	1,2,1, | 0,0,0, | 
(10584)	1,2,1, | 0,0,0, | 
(7992)	1,0,1, | 0,0,0, | 
(10620)	1,2,1, | 1,0,0, | 
(10620)	1,2,1, | 1,0,0, | 
(10620)	1,2,1, | 1,0,0, | 
(10620)	1,2,1, | 1,0,0, | 
(10620)	1,2,1, | 1,0,0, | 
(10620)	1,2,1, | 1,0,0, | 
(10620)	1,2,1, | 1,0,0, | 
(10620)	1,2,1, | 1,0,0, | 
(11916)	1,3,1, | 1,0,0, | 
(10620)	1,2,1, | 1,0,0, | 
(4356)	0,3,2, | 1,0,0, | 
(2844)	0,2,1, | 1,0,0, | 
(12132)	1,3,2, | 1,0,0, | 
(13428)	1,4,2, | 1,0,0, | 
(2844)	0,2,1, | 1,0,0, | 
(4356)	0,3,2, | 1,0,0, | 
(4356)	0,3,2, | 1,0,0, | 
(2808)	0,2,1, | 0,0,0, | 
(10584)	1,2,1, | 0,0,0, | 
(10584)	1,2,1, | 0,0,0, | 
(10584)	1,2,1, | 0,0,0, | 
(10584)	1,2,1, | 0,0,0, | 
(10584)	1,2,1, | 0,0,0, | 
(10584)	1,2,1, | 0,0,0, | 
(10584)	1,2,1, | 0,0,0, | 
(10584)	1,2,1, | 0,0,0, | 
(10584)	1,2,1, | 0,0,0, | 
(10585)	1,2,1, | 0,0,1, | 
(10585)	1,2,1, | 0,0,1, | 
(10585)	1,2,1, | 0,0,1, | 
(10585)	1,2,1, | 0,0,1, | 
(49)	0,0,0, | 1,2,1, | 
(49)	0,0,0, | 1,2,1, | 
(49)	0,0,0, | 1,2,1, | 
(49)	0,0,0, | 1,2,1, | 
(7825)	1,0,0, | 1,2,1, | 
(7825)	1,0,0, | 1,2,1, | 
(7825)	1,0,0, | 1,2,1, | 
(7825)	1,0,0, | 1,2,1, | 
(7825)	1,0,0, | 1,2,1, | 
(7825)	1,0,0, | 1,2,1, | 
(7825)	1,0,0, | 1,2,1, | 
(7825)	1,0,0, | 1,2,1, | 
(7825)	1,0,0, | 1,2,1, | 
(17119)	2,1,1, | 1,3,1, | 
(11935)	1,3,1, | 1,3,1, | 
(9114)	1,1,0, | 1,1,0, | 
(9114)	1,1,0, | 1,1,0, | 
(11935)	1,3,1, | 1,3,1, | 
(11935)	1,3,1, | 1,3,1, | 
(9114)	1,1,0, | 1,1,0, | 
(9114)	1,1,0, | 1,1,0, | 
(11935)	1,3,1, | 1,3,1, | 
(11959)	1,3,1, | 2,1,1, | 
(10591)	1,2,1, | 0,1,1, | 
(10584)	1,2,1, | 0,0,0, | 
(10584)	1,2,1, | 0,0,0, | 
(10584)	1,2,1, | 0,0,0, | 
(10584)	1,2,1, | 0,0,0, | 
(10591)	1,2,1, | 0,1,1, | 
(10584)	1,2,1, | 0,0,0, | 
(10584)	1,2,1, | 0,0,0, | 
(11880)	1,3,1, | 0,0,0, | 
(7802)	1,0,0, | 0,4,2, | 
(7802)	1,0,0, | 0,4,2, | 
(7802)	1,0,0, | 0,4,2, | 
(7802)	1,0,0, | 0,4,2, | 
(62)	0,0,0, | 1,4,2, | 
(62)	0,0,0, | 1,4,2, | 
(62)	0,0,0, | 1,4,2, | 
(62)	0,0,0, | 1,4,2, | 
(7838)	1,0,0, | 1,4,2, | 
(7838)	1,0,0, | 1,4,2, | 
(7838)	1,0,0, | 1,4,2, | 
(7838)	1,0,0, | 1,4,2, | 
(7838)	1,0,0, | 1,4,2, | 
(7838)	1,0,0, | 1,4,2, | 
(7838)	1,0,0, | 1,4,2, | 
(7838)	1,0,0, | 1,4,2, | 
(7838)	1,0,0, | 1,4,2, | 
(17119)	2,1,1, | 1,3,1, | 
(10410)	1,2,0, | 1,1,0, | 
(10416)	1,2,0, | 1,2,0, | 
(10410)	1,2,0, | 1,1,0, | 
(10410)	1,2,0, | 1,1,0, | 
(10436)	1,2,0, | 1,5,2, | 
(10416)	1,2,0, | 1,2,0, | 
(10410)	1,2,0, | 1,1,0, | 
(10436)	1,2,0, | 1,5,2, | 
(10393)	1,2,0, | 0,4,1, | 
(10393)	1,2,0, | 0,4,1, | 
(10393)	1,2,0, | 0,4,1, | 
(11880)	1,3,1, | 0,0,0, | 
(11880)	1,3,1, | 0,0,0, | 
(11880)	1,3,1, | 0,0,0, | 
(11880)	1,3,1, | 0,0,0, | 
(11880)	1,3,1, | 0,0,0, | 
(11880)	1,3,1, | 0,0,0, | 
(8018)	1,0,1, | 0,4,2, | 
(7809)	1,0,0, | 0,5,3, | 
(7809)	1,0,0, | 0,5,3, | 
(7809)	1,0,0, | 0,5,3, | 
(7809)	1,0,0, | 0,5,3, | 
(69)	0,0,0, | 1,5,3, | 
(69)	0,0,0, | 1,5,3, | 
(69)	0,0,0, | 1,5,3, | 
(69)	0,0,0, | 1,5,3, | 
(7845)	1,0,0, | 1,5,3, | 
(7845)	1,0,0, | 1,5,3, | 
(7845)	1,0,0, | 1,5,3, | 
(7845)	1,0,0, | 1,5,3, | 
(7845)	1,0,0, | 1,5,3, | 
(7845)	1,0,0, | 1,5,3, | 
(7845)	1,0,0, | 1,5,3, | 
(7845)	1,0,0, | 1,5,3, | 
(7845)	1,0,0, | 1,5,3, | 
(17119)	2,1,1, | 1,3,1, | 
(13218)	1,4,1, | 1,1,0, | 
(13218)	1,4,1, | 1,1,0, | 
(13218)	1,4,1, | 1,1,0, | 
(13218)	1,4,1, | 1,1,0, | 
(13218)	1,4,1, | 1,1,0, | 
(13218)	1,4,1, | 1,1,0, | 
(13218)	1,4,1, | 1,1,0, | 
(13218)	1,4,1, | 1,1,0, | 
(13189)	1,4,1, | 0,2,1, | 
(13189)	1,4,1, | 0,2,1, | 
(13189)	1,4,1, | 0,2,1, | 
(13189)	1,4,1, | 0,2,1, | 
(13189)	1,4,1, | 0,2,1, | 
(13189)	1,4,1, | 0,2,1, | 
(9104)	1,1,0, | 0,5,2, | 
(7808)	1,0,0, | 0,5,2, | 
(7802)	1,0,0, | 0,4,2, | 
(8018)	1,0,1, | 0,4,2, | 
(7809)	1,0,0, | 0,5,3, | 
(7809)	1,0,0, | 0,5,3, | 
(7809)	1,0,0, | 0,5,3, | 
(7809)	1,0,0, | 0,5,3, | 
(69)	0,0,0, | 1,5,3, | 
(69)	0,0,0, | 1,5,3, | 
(69)	0,0,0, | 1,5,3, | 
(69)	0,0,0, | 1,5,3, | 
(7845)	1,0,0, | 1,5,3, | 
(7845)	1,0,0, | 1,5,3, | 
(7845)	1,0,0, | 1,5,3, | 
(7845)	1,0,0, | 1,5,3, | 
(7845)	1,0,0, | 1,5,3, | 
(7845)	1,0,0, | 1,5,3, | 
(7845)	1,0,0, | 1,5,3, | 
(7845)	1,0,0, | 1,5,3, | 
(7845)	1,0,0, | 1,5,3, | 
(17132)	2,1,1, | 1,5,2, | 
(10435)	1,2,0, | 1,5,1, | 
(10435)	1,2,0, | 1,5,1, | 
(10435)	1,2,0, | 1,5,1, | 
(13189)	1,4,1, | 0,2,1, | 
(13189)	1,4,1, | 0,2,1, | 
(13189)	1,4,1, | 0,2,1, | 
(13189)	1,4,1, | 0,2,1, | 
(13189)	1,4,1, | 0,2,1, | 
(13189)	1,4,1, | 0,2,1, | 
(13189)	1,4,1, | 0,2,1, | 
(13189)	1,4,1, | 0,2,1, | 
(13189)	1,4,1, | 0,2,1, | 
(13189)	1,4,1, | 0,2,1, | 
(13189)	1,4,1, | 0,2,1, | 
(9104)	1,1,0, | 0,5,2, | 
(7802)	1,0,0, | 0,4,2, | 
(7845)	1,0,0, | 1,5,3, | 
(8018)	1,0,1, | 0,4,2, | 
(7809)	1,0,0, | 0,5,3, | 
(7809)	1,0,0, | 0,5,3, | 
(7809)	1,0,0, | 0,5,3, | 
(7809)	1,0,0, | 0,5,3, | 
(69)	0,0,0, | 1,5,3, | 
(69)	0,0,0, | 1,5,3, | 
(69)	0,0,0, | 1,5,3, | 
(69)	0,0,0, | 1,5,3, | 
(7845)	1,0,0, | 1,5,3, | 
(7845)	1,0,0, | 1,5,3, | 
(7845)	1,0,0, | 1,5,3, | 
(7845)	1,0,0, | 1,5,3, | 
(7845)	1,0,0, | 1,5,3, | 
(7845)	1,0,0, | 1,5,3, | 
(7845)	1,0,0, | 1,5,3, | 
(7845)	1,0,0, | 1,5,3, | 
(7845)	1,0,0, | 1,5,3, | 
(17132)	2,1,1, | 1,5,2, | 
(10435)	1,2,0, | 1,5,1, | 
(10435)	1,2,0, | 1,5,1, | 
(10435)	1,2,0, | 1,5,1, | 
(10435)	1,2,0, | 1,5,1, | 
(10435)	1,2,0, | 1,5,1, | 
(10435)	1,2,0, | 1,5,1, | 
(10435)	1,2,0, | 1,5,1, | 
(10435)	1,2,0, | 1,5,1, | 
(10435)	1,2,0, | 1,5,1, | 
(10393)	1,2,0, | 0,4,1, | 
(10393)	1,2,0, | 0,4,1, | 
(10393)	1,2,0, | 0,4,1, | 
(10393)	1,2,0, | 0,4,1, | 
(10393)	1,2,0, | 0,4,1, | 
(9104)	1,1,0, | 0,5,2, | 
(7802)	1,0,0, | 0,4,2, | 
(7845)	1,0,0, | 1,5,3, | 
(13392)	1,4,2, | 0,0,0, | 
(13393)	1,4,2, | 0,0,1, | 
(13392)	1,4,2, | 0,0,0, | 
(13393)	1,4,2, | 0,0,1, | 
(13393)	1,4,2, | 0,0,1, | 
(13393)	1,4,2, | 0,0,1, | 
(13392)	1,4,2, | 0,0,0, | 
(13392)	1,4,2, | 0,0,0, | 
(13392)	1,4,2, | 0,0,0, | 
(13608)	1,4,3, | 0,0,0, | 
(14940)	1,5,3, | 1,0,0, | 
(13428)	1,4,2, | 1,0,0, | 
(13428)	1,4,2, | 1,0,0, | 
(14940)	1,5,3, | 1,0,0, | 
(14940)	1,5,3, | 1,0,0, | 
(13428)	1,4,2, | 1,0,0, | 
(13428)	1,4,2, | 1,0,0, | 
(14940)	1,5,3, | 1,0,0, | 
(11916)	1,3,1, | 1,0,0, | 
(6948)	0,5,2, | 1,0,0, | 
(2844)	0,2,1, | 1,0,0, | 
(2844)	0,2,1, | 1,0,0, | 
(2844)	0,2,1, | 1,0,0, | 
(2844)	0,2,1, | 1,0,0, | 
(4356)	0,3,2, | 1,0,0, | 
(2844)	0,2,1, | 1,0,0, | 
(14940)	1,5,3, | 1,0,0, | 
(4320)	0,3,2, | 0,0,0, | 
(13392)	1,4,2, | 0,0,0, | 
(13392)	1,4,2, | 0,0,0, | 
(13392)	1,4,2, | 0,0,0, | 
(13392)	1,4,2, | 0,0,0, | 
(13392)	1,4,2, | 0,0,0, | 
(13392)	1,4,2, | 0,0,0, | 
(13392)	1,4,2, | 0,0,0, | 
(13392)	1,4,2, | 0,0,0, | 
(13392)	1,4,2, | 0,0,0, | 
(13393)	1,4,2, | 0,0,1, | 
(13392)	1,4,2, | 0,0,0, | 
(13393)	1,4,2, | 0,0,1, | 
(13393)	1,4,2, | 0,0,1, | 
(5652)	0,4,2, | 1,0,0, | 
(5652)	0,4,2, | 1,0,0, | 
(5652)	0,4,2, | 1,0,0, | 
(5652)	0,4,2, | 1,0,0, | 
(55)	0,0,0, | 1,3,1, | 
(55)	0,0,0, | 1,3,1, | 
(55)	0,0,0, | 1,3,1, | 
(55)	0,0,0, | 1,3,1, | 
(55)	0,0,0, | 1,3,1, | 
(55)	0,0,0, | 1,3,1, | 
(55)	0,0,0, | 1,3,1, | 
(5448)	0,4,1, | 1,2,0, | 
(5448)	0,4,1, | 1,2,0, | 
(2869)	0,2,1, | 1,4,1, | 
(10416)	1,2,0, | 1,2,0, | 
(9120)	1,1,0, | 1,2,0, | 
(10416)	1,2,0, | 1,2,0, | 
(10416)	1,2,0, | 1,2,0, | 
(9120)	1,1,0, | 1,2,0, | 
(10416)	1,2,0, | 1,2,0, | 
(10416)	1,2,0, | 1,2,0, | 
(14736)	1,5,2, | 1,2,0, | 
(11959)	1,3,1, | 2,1,1, | 
(13399)	1,4,2, | 0,1,1, | 
(13392)	1,4,2, | 0,0,0, | 
(13392)	1,4,2, | 0,0,0, | 
(13392)	1,4,2, | 0,0,0, | 
(13399)	1,4,2, | 0,1,1, | 
(13399)	1,4,2, | 0,1,1, | 
(13392)	1,4,2, | 0,0,0, | 
(13392)	1,4,2, | 0,0,0, | 
(14688)	1,5,2, | 0,0,0, | 
(14688)	1,5,2, | 0,0,0, | 
(14689)	1,5,2, | 0,0,1, | 
(14689)	1,5,2, | 0,0,1, | 
(5652)	0,4,2, | 1,0,0, | 
(7802)	1,0,0, | 0,4,2, | 
(68)	0,0,0, | 1,5,2, | 
(68)	0,0,0, | 1,5,2, | 
(68)	0,0,0, | 1,5,2, | 
(68)	0,0,0, | 1,5,2, | 
(68)	0,0,0, | 1,5,2, | 
(68)	0,0,0, | 1,5,2, | 
(68)	0,0,0, | 1,5,2, | 
(1580)	0,1,1, | 1,5,2, | 
(68)	0,0,0, | 1,5,2, | 
(68)	0,0,0, | 1,5,2, | 
(1580)	0,1,1, | 1,5,2, | 
(7837)	1,0,0, | 1,4,1, | 
(16909)	2,1,0, | 1,4,1, | 
(10416)	1,2,0, | 1,2,0, | 
(10416)	1,2,0, | 1,2,0, | 
(10416)	1,2,0, | 1,2,0, | 
(13237)	1,4,1, | 1,4,1, | 
(13237)	1,4,1, | 1,4,1, | 
(10416)	1,2,0, | 1,2,0, | 
(10416)	1,2,0, | 1,2,0, | 
(13260)	1,4,1, | 2,2,0, | 
(13254)	1,4,1, | 2,1,0, | 
(13183)	1,4,1, | 0,1,1, | 
(14695)	1,5,2, | 0,1,1, | 
(14688)	1,5,2, | 0,0,0, | 
(14688)	1,5,2, | 0,0,0, | 
(14695)	1,5,2, | 0,1,1, | 
(14688)	1,5,2, | 0,0,0, | 
(14688)	1,5,2, | 0,0,0, | 
(14688)	1,5,2, | 0,0,0, | 
(14724)	1,5,2, | 1,0,0, | 
(14724)	1,5,2, | 1,0,0, | 
(7802)	1,0,0, | 0,4,2, | 
(7802)	1,0,0, | 0,4,2, | 
(7802)	1,0,0, | 0,4,2, | 
(7802)	1,0,0, | 0,4,2, | 
(68)	0,0,0, | 1,5,2, | 
(68)	0,0,0, | 1,5,2, | 
(68)	0,0,0, | 1,5,2, | 
(68)	0,0,0, | 1,5,2, | 
(68)	0,0,0, | 1,5,2, | 
(68)	0,0,0, | 1,5,2, | 
(68)	0,0,0, | 1,5,2, | 
(1580)	0,1,1, | 1,5,2, | 
(68)	0,0,0, | 1,5,2, | 
(68)	0,0,0, | 1,5,2, | 
(68)	0,0,0, | 1,5,2, | 
(1580)	0,1,1, | 1,5,2, | 
(16909)	2,1,0, | 1,4,1, | 
(14533)	1,5,1, | 1,4,1, | 
(13237)	1,4,1, | 1,4,1, | 
(13260)	1,4,1, | 2,2,0, | 
(13260)	1,4,1, | 2,2,0, | 
(13260)	1,4,1, | 2,2,0, | 
(13260)	1,4,1, | 2,2,0, | 
(13260)	1,4,1, | 2,2,0, | 
(13260)	1,4,1, | 2,2,0, | 
(13244)	1,4,1, | 1,5,2, | 
(13183)	1,4,1, | 0,1,1, | 
(13176)	1,4,1, | 0,0,0, | 
(13183)	1,4,1, | 0,1,1, | 
(13183)	1,4,1, | 0,1,1, | 
(13189)	1,4,1, | 0,2,1, | 
(13212)	1,4,1, | 1,0,0, | 
(14724)	1,5,2, | 1,0,0, | 
(14724)	1,5,2, | 1,0,0, | 
(14724)	1,5,2, | 1,0,0, | 
(10617)	1,2,1, | 0,5,3, | 
(10617)	1,2,1, | 0,5,3, | 
(7802)	1,0,0, | 0,4,2, | 
(7802)	1,0,0, | 0,4,2, | 
(68)	0,0,0, | 1,5,2, | 
(68)	0,0,0, | 1,5,2, | 
(68)	0,0,0, | 1,5,2, | 
(68)	0,0,0, | 1,5,2, | 
(68)	0,0,0, | 1,5,2, | 
(68)	0,0,0, | 1,5,2, | 
(68)	0,0,0, | 1,5,2, | 
(68)	0,0,0, | 1,5,2, | 
(68)	0,0,0, | 1,5,2, | 
(68)	0,0,0, | 1,5,2, | 
(1580)	0,1,1, | 1,5,2, | 
(68)	0,0,0, | 1,5,2, | 
(1580)	0,1,1, | 1,5,2, | 
(16909)	2,1,0, | 1,4,1, | 
(14533)	1,5,1, | 1,4,1, | 
(14533)	1,5,1, | 1,4,1, | 
(14520)	1,5,1, | 1,2,0, | 
(14533)	1,5,1, | 1,4,1, | 
(14533)	1,5,1, | 1,4,1, | 
(14533)	1,5,1, | 1,4,1, | 
(14533)	1,5,1, | 1,4,1, | 
(11731)	1,3,0, | 1,5,1, | 
(11695)	1,3,0, | 0,5,1, | 
(14491)	1,5,1, | 0,3,1, | 
(13176)	1,4,1, | 0,0,0, | 
(13176)	1,4,1, | 0,0,0, | 
(13176)	1,4,1, | 0,0,0, | 
(13183)	1,4,1, | 0,1,1, | 
(13183)	1,4,1, | 0,1,1, | 
(13176)	1,4,1, | 0,0,0, | 
(14724)	1,5,2, | 1,0,0, | 
(14724)	1,5,2, | 1,0,0, | 
(10617)	1,2,1, | 0,5,3, | 
(10617)	1,2,1, | 0,5,3, | 
(7808)	1,0,0, | 0,5,2, | 
(7808)	1,0,0, | 0,5,2, | 
(68)	0,0,0, | 1,5,2, | 
(68)	0,0,0, | 1,5,2, | 
(68)	0,0,0, | 1,5,2, | 
(68)	0,0,0, | 1,5,2, | 
(68)	0,0,0, | 1,5,2, | 
(68)	0,0,0, | 1,5,2, | 
(68)	0,0,0, | 1,5,2, | 
(68)	0,0,0, | 1,5,2, | 
(68)	0,0,0, | 1,5,2, | 
(68)	0,0,0, | 1,5,2, | 
(1580)	0,1,1, | 1,5,2, | 
(68)	0,0,0, | 1,5,2, | 
(1580)	0,1,1, | 1,5,2, | 
(16909)	2,1,0, | 1,4,1, | 
(14533)	1,5,1, | 1,4,1, | 
(14533)	1,5,1, | 1,4,1, | 
(14520)	1,5,1, | 1,2,0, | 
(14533)	1,5,1, | 1,4,1, | 
(14533)	1,5,1, | 1,4,1, | 
(14533)	1,5,1, | 1,4,1, | 
(14520)	1,5,1, | 1,2,0, | 
(11731)	1,3,0, | 1,5,1, | 
(11695)	1,3,0, | 0,5,1, | 
(14491)	1,5,1, | 0,3,1, | 
(14491)	1,5,1, | 0,3,1, | 
(14491)	1,5,1, | 0,3,1, | 
(14491)	1,5,1, | 0,3,1, | 
(14724)	1,5,2, | 1,0,0, | 
(14724)	1,5,2, | 1,0,0, | 
(14724)	1,5,2, | 1,0,0, | 
(14724)	1,5,2, | 1,0,0, | 
(14905)	1,5,3, | 0,0,1, | 
(14904)	1,5,3, | 0,0,0, | 
(14904)	1,5,3, | 0,0,0, | 
(14904)	1,5,3, | 0,0,0, | 
(14904)	1,5,3, | 0,0,0, | 
(14904)	1,5,3, | 0,0,0, | 
(14904)	1,5,3, | 0,0,0, | 
(14904)	1,5,3, | 0,0,0, | 
(14904)	1,5,3, | 0,0,0, | 
(15120)	1,5,4, | 0,0,0, | 
(14940)	1,5,3, | 1,0,0, | 
(14940)	1,5,3, | 1,0,0, | 
(14940)	1,5,3, | 1,0,0, | 
(14940)	1,5,3, | 1,0,0, | 
(14940)	1,5,3, | 1,0,0, | 
(14940)	1,5,3, | 1,0,0, | 
(14940)	1,5,3, | 1,0,0, | 
(5652)	0,4,2, | 1,0,0, | 
(5652)	0,4,2, | 1,0,0, | 
(5652)	0,4,2, | 1,0,0, | 
(5652)	0,4,2, | 1,0,0, | 
(5652)	0,4,2, | 1,0,0, | 
(5652)	0,4,2, | 1,0,0, | 
(5652)	0,4,2, | 1,0,0, | 
(5652)	0,4,2, | 1,0,0, | 
(5652)	0,4,2, | 1,0,0, | 
(5652)	0,4,2, | 1,0,0, | 
(5616)	0,4,2, | 0,0,0, | 
(14904)	1,5,3, | 0,0,0, | 
(14904)	1,5,3, | 0,0,0, | 
(14904)	1,5,3, | 0,0,0, | 
(14904)	1,5,3, | 0,0,0, | 
(14904)	1,5,3, | 0,0,0, | 
(14904)	1,5,3, | 0,0,0, | 
(14904)	1,5,3, | 0,0,0, | 
(14904)	1,5,3, | 0,0,0, | 
(14905)	1,5,3, | 0,0,1, | 
(14904)	1,5,3, | 0,0,0, | 
(14904)	1,5,3, | 0,0,0, | 
(14904)	1,5,3, | 0,0,0, | 
(14904)	1,5,3, | 0,0,0, | 
(7164)	0,5,3, | 1,0,0, | 
(7164)	0,5,3, | 1,0,0, | 
(7164)	0,5,3, | 1,0,0, | 
(7164)	0,5,3, | 1,0,0, | 
(14940)	1,5,3, | 1,0,0, | 
(14940)	1,5,3, | 1,0,0, | 
(14940)	1,5,3, | 1,0,0, | 
(14730)	1,5,2, | 1,1,0, | 
(2869)	0,2,1, | 1,4,1, | 
(2869)	0,2,1, | 1,4,1, | 
(2869)	0,2,1, | 1,4,1, | 
(2869)	0,2,1, | 1,4,1, | 
(2869)	0,2,1, | 1,4,1, | 
(2869)	0,2,1, | 1,4,1, | 
(9133)	1,1,0, | 1,4,1, | 
(9133)	1,1,0, | 1,4,1, | 
(9133)	1,1,0, | 1,4,1, | 
(9133)	1,1,0, | 1,4,1, | 
(9133)	1,1,0, | 1,4,1, | 
(9133)	1,1,0, | 1,4,1, | 
(9133)	1,1,0, | 1,4,1, | 
(9133)	1,1,0, | 1,4,1, | 
(11959)	1,3,1, | 2,1,1, | 
(14911)	1,5,3, | 0,1,1, | 
(14940)	1,5,3, | 1,0,0, | 
(14904)	1,5,3, | 0,0,0, | 
(14904)	1,5,3, | 0,0,0, | 
(14904)	1,5,3, | 0,0,0, | 
(14904)	1,5,3, | 0,0,0, | 
(14904)	1,5,3, | 0,0,0, | 
(14904)	1,5,3, | 0,0,0, | 
(14688)	1,5,2, | 0,0,0, | 
(14688)	1,5,2, | 0,0,0, | 
(14688)	1,5,2, | 0,0,0, | 
(14689)	1,5,2, | 0,0,1, | 
(5652)	0,4,2, | 1,0,0, | 
(5652)	0,4,2, | 1,0,0, | 
(5652)	0,4,2, | 1,0,0, | 
(5652)	0,4,2, | 1,0,0, | 
(7844)	1,0,0, | 1,5,2, | 
(7844)	1,0,0, | 1,5,2, | 
(7844)	1,0,0, | 1,5,2, | 
(7844)	1,0,0, | 1,5,2, | 
(7837)	1,0,0, | 1,4,1, | 
(7837)	1,0,0, | 1,4,1, | 
(7837)	1,0,0, | 1,4,1, | 
(7837)	1,0,0, | 1,4,1, | 
(7837)	1,0,0, | 1,4,1, | 
(7837)	1,0,0, | 1,4,1, | 
(14749)	1,5,2, | 1,4,1, | 
(18205)	2,2,0, | 1,4,1, | 
(21013)	2,4,1, | 1,4,1, | 
(10435)	1,2,0, | 1,5,1, | 
(18205)	2,2,0, | 1,4,1, | 
(18205)	2,2,0, | 1,4,1, | 
(10435)	1,2,0, | 1,5,1, | 
(13243)	1,4,1, | 1,5,1, | 
(13243)	1,4,1, | 1,5,1, | 
(13254)	1,4,1, | 2,1,0, | 
(14695)	1,5,2, | 0,1,1, | 
(14688)	1,5,2, | 0,0,0, | 
(14688)	1,5,2, | 0,0,0, | 
(14688)	1,5,2, | 0,0,0, | 
(14688)	1,5,2, | 0,0,0, | 
(14688)	1,5,2, | 0,0,0, | 
(14688)	1,5,2, | 0,0,0, | 
(14688)	1,5,2, | 0,0,0, | 
(14725)	1,5,2, | 1,0,1, | 
(14724)	1,5,2, | 1,0,0, | 
(14724)	1,5,2, | 1,0,0, | 
(14724)	1,5,2, | 1,0,0, | 
(6948)	0,5,2, | 1,0,0, | 
(7808)	1,0,0, | 0,5,2, | 
(7844)	1,0,0, | 1,5,2, | 
(7844)	1,0,0, | 1,5,2, | 
(7844)	1,0,0, | 1,5,2, | 
(7844)	1,0,0, | 1,5,2, | 
(7844)	1,0,0, | 1,5,2, | 
(7844)	1,0,0, | 1,5,2, | 
(7844)	1,0,0, | 1,5,2, | 
(7844)	1,0,0, | 1,5,2, | 
(7837)	1,0,0, | 1,4,1, | 
(7837)	1,0,0, | 1,4,1, | 
(7837)	1,0,0, | 1,4,1, | 
(7837)	1,0,0, | 1,4,1, | 
(14749)	1,5,2, | 1,4,1, | 
(14539)	1,5,1, | 1,5,1, | 
(22309)	2,5,1, | 1,4,1, | 
(13273)	1,4,1, | 2,4,1, | 
(21013)	2,4,1, | 1,4,1, | 
(13279)	1,4,1, | 2,5,1, | 
(13273)	1,4,1, | 2,4,1, | 
(13273)	1,4,1, | 2,4,1, | 
(13243)	1,4,1, | 1,5,1, | 
(13244)	1,4,1, | 1,5,2, | 
(13189)	1,4,1, | 0,2,1, | 
(13189)	1,4,1, | 0,2,1, | 
(13189)	1,4,1, | 0,2,1, | 
(13189)	1,4,1, | 0,2,1, | 
(14724)	1,5,2, | 1,0,0, | 
(14724)	1,5,2, | 1,0,0, | 
(14724)	1,5,2, | 1,0,0, | 
(14724)	1,5,2, | 1,0,0, | 
(14724)	1,5,2, | 1,0,0, | 
(14724)	1,5,2, | 1,0,0, | 
(14724)	1,5,2, | 1,0,0, | 
(14724)	1,5,2, | 1,0,0, | 
(7808)	1,0,0, | 0,5,2, | 
(7808)	1,0,0, | 0,5,2, | 
(7844)	1,0,0, | 1,5,2, | 
(7844)	1,0,0, | 1,5,2, | 
(7844)	1,0,0, | 1,5,2, | 
(7844)	1,0,0, | 1,5,2, | 
(7844)	1,0,0, | 1,5,2, | 
(7844)	1,0,0, | 1,5,2, | 
(7844)	1,0,0, | 1,5,2, | 
(7844)	1,0,0, | 1,5,2, | 
(7837)	1,0,0, | 1,4,1, | 
(7837)	1,0,0, | 1,4,1, | 
(7837)	1,0,0, | 1,4,1, | 
(7837)	1,0,0, | 1,4,1, | 
(14749)	1,5,2, | 1,4,1, | 
(22309)	2,5,1, | 1,4,1, | 
(22309)	2,5,1, | 1,4,1, | 
(14575)	1,5,1, | 2,5,1, | 
(22315)	2,5,1, | 1,5,1, | 
(14575)	1,5,1, | 2,5,1, | 
(14575)	1,5,1, | 2,5,1, | 
(14575)	1,5,1, | 2,5,1, | 
(14526)	1,5,1, | 1,3,0, | 
(14556)	1,5,1, | 2,2,0, | 
(14491)	1,5,1, | 0,3,1, | 
(14491)	1,5,1, | 0,3,1, | 
(13189)	1,4,1, | 0,2,1, | 
(13189)	1,4,1, | 0,2,1, | 
(13189)	1,4,1, | 0,2,1, | 
(14724)	1,5,2, | 1,0,0, | 
(14724)	1,5,2, | 1,0,0, | 
(14724)	1,5,2, | 1,0,0, | 
(14724)	1,5,2, | 1,0,0, | 
(14724)	1,5,2, | 1,0,0, | 
(14724)	1,5,2, | 1,0,0, | 
(7808)	1,0,0, | 0,5,2, | 
(7808)	1,0,0, | 0,5,2, | 
(7808)	1,0,0, | 0,5,2, | 
(7844)	1,0,0, | 1,5,2, | 
(7844)	1,0,0, | 1,5,2, | 
(7844)	1,0,0, | 1,5,2, | 
(7844)	1,0,0, | 1,5,2, | 
(7844)	1,0,0, | 1,5,2, | 
(7844)	1,0,0, | 1,5,2, | 
(7844)	1,0,0, | 1,5,2, | 
(7844)	1,0,0, | 1,5,2, | 
(7844)	1,0,0, | 1,5,2, | 
(2869)	0,2,1, | 1,4,1, | 
(2869)	0,2,1, | 1,4,1, | 
(2869)	0,2,1, | 1,4,1, | 
(14749)	1,5,2, | 1,4,1, | 
(14575)	1,5,1, | 2,5,1, | 
(14575)	1,5,1, | 2,5,1, | 
(14526)	1,5,1, | 1,3,0, | 
(22315)	2,5,1, | 1,5,1, | 
(14526)	1,5,1, | 1,3,0, | 
(14526)	1,5,1, | 1,3,0, | 
(14575)	1,5,1, | 2,5,1, | 
(22315)	2,5,1, | 1,5,1, | 
(14556)	1,5,1, | 2,2,0, | 
(14491)	1,5,1, | 0,3,1, | 
(14491)	1,5,1, | 0,3,1, | 
(14491)	1,5,1, | 0,3,1, | 
(14491)	1,5,1, | 0,3,1, | 
(14724)	1,5,2, | 1,0,0, | 
(14724)	1,5,2, | 1,0,0, | 
(14724)	1,5,2, | 1,0,0, | 
(14724)	1,5,2, | 1,0,0, | 
(14905)	1,5,3, | 0,0,1, | 
(14904)	1,5,3, | 0,0,0, | 
(14904)	1,5,3, | 0,0,0, | 
(14904)	1,5,3, | 0,0,0, | 
(14904)	1,5,3, | 0,0,0, | 
(14904)	1,5,3, | 0,0,0, | 
(14904)	1,5,3, | 0,0,0, | 
(14904)	1,5,3, | 0,0,0, | 
(14904)	1,5,3, | 0,0,0, | 
(15120)	1,5,4, | 0,0,0, | 
(14940)	1,5,3, | 1,0,0, | 
(14940)	1,5,3, | 1,0,0, | 
(14940)	1,5,3, | 1,0,0, | 
(14940)	1,5,3, | 1,0,0, | 
(14940)	1,5,3, | 1,0,0, | 
(14940)	1,5,3, | 1,0,0, | 
(14940)	1,5,3, | 1,0,0, | 
(5652)	0,4,2, | 1,0,0, | 
(6948)	0,5,2, | 1,0,0, | 
(7164)	0,5,3, | 1,0,0, | 
(7164)	0,5,3, | 1,0,0, | 
(5652)	0,4,2, | 1,0,0, | 
(5652)	0,4,2, | 1,0,0, | 
(5652)	0,4,2, | 1,0,0, | 
(5652)	0,4,2, | 1,0,0, | 
(5652)	0,4,2, | 1,0,0, | 
(6948)	0,5,2, | 1,0,0, | 
(7128)	0,5,3, | 0,0,0, | 
(14904)	1,5,3, | 0,0,0, | 
(14904)	1,5,3, | 0,0,0, | 
(14904)	1,5,3, | 0,0,0, | 
(14904)	1,5,3, | 0,0,0, | 
(14904)	1,5,3, | 0,0,0, | 
(14904)	1,5,3, | 0,0,0, | 
(14904)	1,5,3, | 0,0,0, | 
(14904)	1,5,3, | 0,0,0, | 
(14905)	1,5,3, | 0,0,1, | 
(14904)	1,5,3, | 0,0,0, | 
(14904)	1,5,3, | 0,0,0, | 
(14904)	1,5,3, | 0,0,0, | 
(14904)	1,5,3, | 0,0,0, | 
(7164)	0,5,3, | 1,0,0, | 
(7164)	0,5,3, | 1,0,0, | 
(7164)	0,5,3, | 1,0,0, | 
(7164)	0,5,3, | 1,0,0, | 
(14940)	1,5,3, | 1,0,0, | 
(14940)	1,5,3, | 1,0,0, | 
(14940)	1,5,3, | 1,0,0, | 
(14730)	1,5,2, | 1,1,0, | 
(2869)	0,2,1, | 1,4,1, | 
(2869)	0,2,1, | 1,4,1, | 
(2869)	0,2,1, | 1,4,1, | 
(2869)	0,2,1, | 1,4,1, | 
(2869)	0,2,1, | 1,4,1, | 
(2869)	0,2,1, | 1,4,1, | 
(2869)	0,2,1, | 1,4,1, | 
(2869)	0,2,1, | 1,4,1, | 
(2869)	0,2,1, | 1,4,1, | 
(2869)	0,2,1, | 1,4,1, | 
(2869)	0,2,1, | 1,4,1, | 
(14520)	1,5,1, | 1,2,0, | 
(14520)	1,5,1, | 1,2,0, | 
(14520)	1,5,1, | 1,2,0, | 
(14767)	1,5,2, | 2,1,1, | 
(14911)	1,5,3, | 0,1,1, | 
(14904)	1,5,3, | 0,0,0, | 
(14904)	1,5,3, | 0,0,0, | 
(14904)	1,5,3, | 0,0,0, | 
(14904)	1,5,3, | 0,0,0, | 
(14904)	1,5,3, | 0,0,0, | 
(14904)	1,5,3, | 0,0,0, | 
(14904)	1,5,3, | 0,0,0, | 
(14688)	1,5,2, | 0,0,0, | 
(14688)	1,5,2, | 0,0,0, | 
(14688)	1,5,2, | 0,0,0, | 
(14688)	1,5,2, | 0,0,0, | 
(14689)	1,5,2, | 0,0,1, | 
(5652)	0,4,2, | 1,0,0, | 
(5652)	0,4,2, | 1,0,0, | 
(7177)	0,5,3, | 1,2,1, | 
(7177)	0,5,3, | 1,2,1, | 
(7844)	1,0,0, | 1,5,2, | 
(7844)	1,0,0, | 1,5,2, | 
(61)	0,0,0, | 1,4,1, | 
(61)	0,0,0, | 1,4,1, | 
(61)	0,0,0, | 1,4,1, | 
(2869)	0,2,1, | 1,4,1, | 
(2869)	0,2,1, | 1,4,1, | 
(2869)	0,2,1, | 1,4,1, | 
(4171)	0,3,1, | 1,5,1, | 
(2659)	0,2,0, | 1,5,1, | 
(13243)	1,4,1, | 1,5,1, | 
(13243)	1,4,1, | 1,5,1, | 
(13243)	1,4,1, | 1,5,1, | 
(13243)	1,4,1, | 1,5,1, | 
(13243)	1,4,1, | 1,5,1, | 
(13243)	1,4,1, | 1,5,1, | 
(13243)	1,4,1, | 1,5,1, | 
(13243)	1,4,1, | 1,5,1, | 
(13254)	1,4,1, | 2,1,0, | 
(14695)	1,5,2, | 0,1,1, | 
(14695)	1,5,2, | 0,1,1, | 
(14695)	1,5,2, | 0,1,1, | 
(14688)	1,5,2, | 0,0,0, | 
(14688)	1,5,2, | 0,0,0, | 
(14688)	1,5,2, | 0,0,0, | 
(14688)	1,5,2, | 0,0,0, | 
(14688)	1,5,2, | 0,0,0, | 
(14724)	1,5,2, | 1,0,0, | 
(14724)	1,5,2, | 1,0,0, | 
(14724)	1,5,2, | 1,0,0, | 
(14724)	1,5,2, | 1,0,0, | 
(6948)	0,5,2, | 1,0,0, | 
(6948)	0,5,2, | 1,0,0, | 
(7844)	1,0,0, | 1,5,2, | 
(7844)	1,0,0, | 1,5,2, | 
(7844)	1,0,0, | 1,5,2, | 
(7844)	1,0,0, | 1,5,2, | 
(7844)	1,0,0, | 1,5,2, | 
(7844)	1,0,0, | 1,5,2, | 
(7844)	1,0,0, | 1,5,2, | 
(2869)	0,2,1, | 1,4,1, | 
(2869)	0,2,1, | 1,4,1, | 
(2869)	0,2,1, | 1,4,1, | 
(4171)	0,3,1, | 1,5,1, | 
(4171)	0,3,1, | 1,5,1, | 
(18211)	2,2,0, | 1,5,1, | 
(11731)	1,3,0, | 1,5,1, | 
(13243)	1,4,1, | 1,5,1, | 
(11731)	1,3,0, | 1,5,1, | 
(11731)	1,3,0, | 1,5,1, | 
(13279)	1,4,1, | 2,5,1, | 
(22315)	2,5,1, | 1,5,1, | 
(13279)	1,4,1, | 2,5,1, | 
(14575)	1,5,1, | 2,5,1, | 
(13244)	1,4,1, | 1,5,2, | 
(13189)	1,4,1, | 0,2,1, | 
(13189)	1,4,1, | 0,2,1, | 
(13189)	1,4,1, | 0,2,1, | 
(13189)	1,4,1, | 0,2,1, | 
(14724)	1,5,2, | 1,0,0, | 
(14724)	1,5,2, | 1,0,0, | 
(14724)	1,5,2, | 1,0,0, | 
(14724)	1,5,2, | 1,0,0, | 
(14724)	1,5,2, | 1,0,0, | 
(14724)	1,5,2, | 1,0,0, | 
(14724)	1,5,2, | 1,0,0, | 
(14724)	1,5,2, | 1,0,0, | 
(6948)	0,5,2, | 1,0,0, | 
(7808)	1,0,0, | 0,5,2, | 
(7844)	1,0,0, | 1,5,2, | 
(7844)	1,0,0, | 1,5,2, | 
(7844)	1,0,0, | 1,5,2, | 
(7844)	1,0,0, | 1,5,2, | 
(7844)	1,0,0, | 1,5,2, | 
(7844)	1,0,0, | 1,5,2, | 
(7844)	1,0,0, | 1,5,2, | 
(7844)	1,0,0, | 1,5,2, | 
(2869)	0,2,1, | 1,4,1, | 
(2869)	0,2,1, | 1,4,1, | 
(4171)	0,3,1, | 1,5,1, | 
(4171)	0,3,1, | 1,5,1, | 
(14755)	1,5,2, | 1,5,1, | 
(19507)	2,3,0, | 1,5,1, | 
(22315)	2,5,1, | 1,5,1, | 
(14562)	1,5,1, | 2,3,0, | 
(19507)	2,3,0, | 1,5,1, | 
(14562)	1,5,1, | 2,3,0, | 
(14562)	1,5,1, | 2,3,0, | 
(14562)	1,5,1, | 2,3,0, | 
(14575)	1,5,1, | 2,5,1, | 
(11767)	1,3,0, | 2,5,1, | 
(14491)	1,5,1, | 0,3,1, | 
(14491)	1,5,1, | 0,3,1, | 
(13189)	1,4,1, | 0,2,1, | 
(13189)	1,4,1, | 0,2,1, | 
(14724)	1,5,2, | 1,0,0, | 
(14724)	1,5,2, | 1,0,0, | 
(14724)	1,5,2, | 1,0,0, | 
(14724)	1,5,2, | 1,0,0, | 
(14724)	1,5,2, | 1,0,0, | 
(14724)	1,5,2, | 1,0,0, | 
(14724)	1,5,2, | 1,0,0, | 
(6948)	0,5,2, | 1,0,0, | 
(7808)	1,0,0, | 0,5,2, | 
(7808)	1,0,0, | 0,5,2, | 
(7844)	1,0,0, | 1,5,2, | 
(7844)	1,0,0, | 1,5,2, | 
(7844)	1,0,0, | 1,5,2, | 
(7844)	1,0,0, | 1,5,2, | 
(7844)	1,0,0, | 1,5,2, | 
(7844)	1,0,0, | 1,5,2, | 
(7844)	1,0,0, | 1,5,2, | 
(7844)	1,0,0, | 1,5,2, | 
(2869)	0,2,1, | 1,4,1, | 
(4171)	0,3,1, | 1,5,1, | 
(4171)	0,3,1, | 1,5,1, | 
(4171)	0,3,1, | 1,5,1, | 
(14755)	1,5,2, | 1,5,1, | 
(11718)	1,3,0, | 1,3,0, | 
(22302)	2,5,1, | 1,3,0, | 
(19507)	2,3,0, | 1,5,1, | 
(19507)	2,3,0, | 1,5,1, | 
(19507)	2,3,0, | 1,5,1, | 
(11718)	1,3,0, | 1,3,0, | 
(14575)	1,5,1, | 2,5,1, | 
(14562)	1,5,1, | 2,3,0, | 
(14556)	1,5,1, | 2,2,0, | 
(14491)	1,5,1, | 0,3,1, | 
(14491)	1,5,1, | 0,3,1, | 
(14491)	1,5,1, | 0,3,1, | 
(14491)	1,5,1, | 0,3,1, | 
(14724)	1,5,2, | 1,0,0, | 
(14724)	1,5,2, | 1,0,0, | 
(14724)	1,5,2, | 1,0,0, | 
(14724)	1,5,2, | 1,0,0, | 
(14905)	1,5,3, | 0,0,1, | 
(14904)	1,5,3, | 0,0,0, | 
(14904)	1,5,3, | 0,0,0, | 
(14904)	1,5,3, | 0,0,0, | 
(14904)	1,5,3, | 0,0,0, | 
(14904)	1,5,3, | 0,0,0, | 
(14904)	1,5,3, | 0,0,0, | 
(14904)	1,5,3, | 0,0,0, | 
(14904)	1,5,3, | 0,0,0, | 
(15120)	1,5,4, | 0,0,0, | 
(14940)	1,5,3, | 1,0,0, | 
(14940)	1,5,3, | 1,0,0, | 
(14940)	1,5,3, | 1,0,0, | 
(14940)	1,5,3, | 1,0,0, | 
(14940)	1,5,3, | 1,0,0, | 
(14940)	1,5,3, | 1,0,0, | 
(14940)	1,5,3, | 1,0,0, | 
(5652)	0,4,2, | 1,0,0, | 
(6948)	0,5,2, | 1,0,0, | 
(13428)	1,4,2, | 1,0,0, | 
(5652)	0,4,2, | 1,0,0, | 
(5652)	0,4,2, | 1,0,0, | 
(5652)	0,4,2, | 1,0,0, | 
(5652)	0,4,2, | 1,0,0, | 
(5652)	0,4,2, | 1,0,0, | 
(5652)	0,4,2, | 1,0,0, | 
(5652)	0,4,2, | 1,0,0, | 
(7128)	0,5,3, | 0,0,0, | 
(14904)	1,5,3, | 0,0,0, | 
(14904)	1,5,3, | 0,0,0, | 
(14904)	1,5,3, | 0,0,0, | 
(14904)	1,5,3, | 0,0,0, | 
(14904)	1,5,3, | 0,0,0, | 
(14904)	1,5,3, | 0,0,0, | 
(14904)	1,5,3, | 0,0,0, | 
(14904)	1,5,3, | 0,0,0, | 
(14905)	1,5,3, | 0,0,1, | 
(14904)	1,5,3, | 0,0,0, | 
(14904)	1,5,3, | 0,0,0, | 
(14904)	1,5,3, | 0,0,0, | 
(14904)	1,5,3, | 0,0,0, | 
(7164)	0,5,3, | 1,0,0, | 
(7164)	0,5,3, | 1,0,0, | 
(7164)	0,5,3, | 1,0,0, | 
(7164)	0,5,3, | 1,0,0, | 
(14940)	1,5,3, | 1,0,0, | 
(14940)	1,5,3, | 1,0,0, | 
(14940)	1,5,3, | 1,0,0, | 
(14730)	1,5,2, | 1,1,0, | 
(5448)	0,4,1, | 1,2,0, | 
(5448)	0,4,1, | 1,2,0, | 
(5448)	0,4,1, | 1,2,0, | 
(5448)	0,4,1, | 1,2,0, | 
(5448)	0,4,1, | 1,2,0, | 
(14520)	1,5,1, | 1,2,0, | 
(14736)	1,5,2, | 1,2,0, | 
(14520)	1,5,1, | 1,2,0, | 
(14520)	1,5,1, | 1,2,0, | 
(14520)	1,5,1, | 1,2,0, | 
(14520)	1,5,1, | 1,2,0, | 
(14520)	1,5,1, | 1,2,0, | 
(14520)	1,5,1, | 1,2,0, | 
(14520)	1,5,1, | 1,2,0, | 
(14767)	1,5,2, | 2,1,1, | 
(14904)	1,5,3, | 0,0,0, | 
(14940)	1,5,3, | 1,0,0, | 
(14904)	1,5,3, | 0,0,0, | 
(14904)	1,5,3, | 0,0,0, | 
(14911)	1,5,3, | 0,1,1, | 
(14904)	1,5,3, | 0,0,0, | 
(14904)	1,5,3, | 0,0,0, | 
(14904)	1,5,3, | 0,0,0, | 
(14688)	1,5,2, | 0,0,0, | 
(14688)	1,5,2, | 0,0,0, | 
(14688)	1,5,2, | 0,0,0, | 
(14688)	1,5,2, | 0,0,0, | 
(14689)	1,5,2, | 0,0,1, | 
(6948)	0,5,2, | 1,0,0, | 
(6948)	0,5,2, | 1,0,0, | 
(7177)	0,5,3, | 1,2,1, | 
(7177)	0,5,3, | 1,2,1, | 
(7844)	1,0,0, | 1,5,2, | 
(7844)	1,0,0, | 1,5,2, | 
(7844)	1,0,0, | 1,5,2, | 
(7844)	1,0,0, | 1,5,2, | 
(7844)	1,0,0, | 1,5,2, | 
(4171)	0,3,1, | 1,5,1, | 
(4171)	0,3,1, | 1,5,1, | 
(4171)	0,3,1, | 1,5,1, | 
(4171)	0,3,1, | 1,5,1, | 
(2659)	0,2,0, | 1,5,1, | 
(10435)	1,2,0, | 1,5,1, | 
(10435)	1,2,0, | 1,5,1, | 
(10435)	1,2,0, | 1,5,1, | 
(10435)	1,2,0, | 1,5,1, | 
(10435)	1,2,0, | 1,5,1, | 
(13243)	1,4,1, | 1,5,1, | 
(13243)	1,4,1, | 1,5,1, | 
(13243)	1,4,1, | 1,5,1, | 
(13254)	1,4,1, | 2,1,0, | 
(14695)	1,5,2, | 0,1,1, | 
(14688)	1,5,2, | 0,0,0, | 
(14688)	1,5,2, | 0,0,0, | 
(14688)	1,5,2, | 0,0,0, | 
(14688)	1,5,2, | 0,0,0, | 
(14688)	1,5,2, | 0,0,0, | 
(14688)	1,5,2, | 0,0,0, | 
(14688)	1,5,2, | 0,0,0, | 
(14724)	1,5,2, | 1,0,0, | 
(14724)	1,5,2, | 1,0,0, | 
(14724)	1,5,2, | 1,0,0, | 
(14724)	1,5,2, | 1,0,0, | 
(6948)	0,5,2, | 1,0,0, | 
(6948)	0,5,2, | 1,0,0, | 
(6948)	0,5,2, | 1,0,0, | 
(7844)	1,0,0, | 1,5,2, | 
(7844)	1,0,0, | 1,5,2, | 
(7844)	1,0,0, | 1,5,2, | 
(7844)	1,0,0, | 1,5,2, | 
(7844)	1,0,0, | 1,5,2, | 
(7844)	1,0,0, | 1,5,2, | 
(7844)	1,0,0, | 1,5,2, | 
(4171)	0,3,1, | 1,5,1, | 
(4171)	0,3,1, | 1,5,1, | 
(4171)	0,3,1, | 1,5,1, | 
(4171)	0,3,1, | 1,5,1, | 
(18211)	2,2,0, | 1,5,1, | 
(11731)	1,3,0, | 1,5,1, | 
(22315)	2,5,1, | 1,5,1, | 
(14575)	1,5,1, | 2,5,1, | 
(11731)	1,3,0, | 1,5,1, | 
(14575)	1,5,1, | 2,5,1, | 
(13279)	1,4,1, | 2,5,1, | 
(13279)	1,4,1, | 2,5,1, | 
(13243)	1,4,1, | 1,5,1, | 
(13244)	1,4,1, | 1,5,2, | 
(13189)	1,4,1, | 0,2,1, | 
(13189)	1,4,1, | 0,2,1, | 
(13189)	1,4,1, | 0,2,1, | 
(14724)	1,5,2, | 1,0,0, | 
(14724)	1,5,2, | 1,0,0, | 
(14724)	1,5,2, | 1,0,0, | 
(14724)	1,5,2, | 1,0,0, | 
(14724)	1,5,2, | 1,0,0, | 
(14724)	1,5,2, | 1,0,0, | 
(14724)	1,5,2, | 1,0,0, | 
(14724)	1,5,2, | 1,0,0, | 
(14724)	1,5,2, | 1,0,0, | 
(6948)	0,5,2, | 1,0,0, | 
(6948)	0,5,2, | 1,0,0, | 
(7808)	1,0,0, | 0,5,2, | 
(7844)	1,0,0, | 1,5,2, | 
(7844)	1,0,0, | 1,5,2, | 
(7844)	1,0,0, | 1,5,2, | 
(7844)	1,0,0, | 1,5,2, | 
(7844)	1,0,0, | 1,5,2, | 
(7844)	1,0,0, | 1,5,2, | 
(7844)	1,0,0, | 1,5,2, | 
(4171)	0,3,1, | 1,5,1, | 
(4171)	0,3,1, | 1,5,1, | 
(4171)	0,3,1, | 1,5,1, | 
(4171)	0,3,1, | 1,5,1, | 
(18211)	2,2,0, | 1,5,1, | 
(11718)	1,3,0, | 1,3,0, | 
(22315)	2,5,1, | 1,5,1, | 
(14562)	1,5,1, | 2,3,0, | 
(14562)	1,5,1, | 2,3,0, | 
(14562)	1,5,1, | 2,3,0, | 
(14562)	1,5,1, | 2,3,0, | 
(14575)	1,5,1, | 2,5,1, | 
(11718)	1,3,0, | 1,3,0, | 
(11767)	1,3,0, | 2,5,1, | 
(14491)	1,5,1, | 0,3,1, | 
(14491)	1,5,1, | 0,3,1, | 
(14491)	1,5,1, | 0,3,1, | 
(13189)	1,4,1, | 0,2,1, | 
(14724)	1,5,2, | 1,0,0, | 
(14724)	1,5,2, | 1,0,0, | 
(14724)	1,5,2, | 1,0,0, | 
(14724)	1,5,2, | 1,0,0, | 
(14724)	1,5,2, | 1,0,0, | 
(14724)	1,5,2, | 1,0,0, | 
(14724)	1,5,2, | 1,0,0, | 
(6948)	0,5,2, | 1,0,0, | 
(6948)	0,5,2, | 1,0,0, | 
(7808)	1,0,0, | 0,5,2, | 
(7808)	1,0,0, | 0,5,2, | 
(7844)	1,0,0, | 1,5,2, | 
(7844)	1,0,0, | 1,5,2, | 
(7844)	1,0,0, | 1,5,2, | 
(7844)	1,0,0, | 1,5,2, | 
(7844)	1,0,0, | 1,5,2, | 
(7844)	1,0,0, | 1,5,2, | 
(7844)	1,0,0, | 1,5,2, | 
(4171)	0,3,1, | 1,5,1, | 
(4171)	0,3,1, | 1,5,1, | 
(4171)	0,3,1, | 1,5,1, | 
(4171)	0,3,1, | 1,5,1, | 
(18211)	2,2,0, | 1,5,1, | 
(11718)	1,3,0, | 1,3,0, | 
(11718)	1,3,0, | 1,3,0, | 
(11718)	1,3,0, | 1,3,0, | 
(11767)	1,3,0, | 2,5,1, | 
(11718)	1,3,0, | 1,3,0, | 
(11718)	1,3,0, | 1,3,0, | 
(14575)	1,5,1, | 2,5,1, | 
(11731)	1,3,0, | 1,5,1, | 
(14556)	1,5,1, | 2,2,0, | 
(14491)	1,5,1, | 0,3,1, | 
(14491)	1,5,1, | 0,3,1, | 
(14491)	1,5,1, | 0,3,1, | 
(14491)	1,5,1, | 0,3,1, | 
(14724)	1,5,2, | 1,0,0, | 
(14724)	1,5,2, | 1,0,0, | 
(14724)	1,5,2, | 1,0,0, | 
(14724)	1,5,2, | 1,0,0, | 
