(73)	0,0,0, | 2,0,1, | 
(1)	0,0,0, | 0,0,1, | 
(0)	0,0,0, | 0,0,0, | 
(0)	0,0,0, | 0,0,0, | 
(0)	0,0,0, | 0,0,0, | 
(0)	0,0,0, | 0,0,0, | 
(0)	0,0,0, | 0,0,0, | 
(0)	0,0,0, | 0,0,0, | 
(0)	0,0,0, | 0,0,0, | 
(216)	0,0,1, | 0,0,0, | 
(0)	0,0,0, | 0,0,0, | 
(0)	0,0,0, | 0,0,0, | 
(7776)	1,0,0, | 0,0,0, | 
(0)	0,0,0, | 0,0,0, | 
(7776)	1,0,0, | 0,0,0, | 
(7776)	1,0,0, | 0,0,0, | 
(0)	0,0,0, | 0,0,0, | 
(0)	0,0,0, | 0,0,0, | 
(0)	0,0,0, | 0,0,0, | 
(144)	0,0,0, | 4,0,0, | 
(7812)	1,0,0, | 1,0,0, | 
(0)	0,0,0, | 0,0,0, | 
(0)	0,0,0, | 0,0,0, | 
(7776)	1,0,0, | 0,0,0, | 
(0)	0,0,0, | 0,0,0, | 
(0)	0,0,0, | 0,0,0, | 
(0)	0,0,0, | 0,0,0, | 
(0)	0,0,0, | 0,0,0, | 
(0)	0,0,0, | 0,0,0, | 
(0)	0,0,0, | 0,0,0, | 
(0)	0,0,0, | 0,0,0, | 
(0)	0,0,0, | 0,0,0, | 
(36)	0,0,0, | 1,0,0, | 
(0)	0,0,0, | 0,0,0, | 
(36)	0,0,0, | 1,0,0, | 
(36)	0,0,0, | 1,0,0, | 
(72)	0,0,0, | 2,0,0, | 
(49)	0,0,0, | 1,2,1, | 
(49)	0,0,0, | 1,2,1, | 
(49)	0,0,0, | 1,2,1, | 
(49)	0,0,0, | 1,2,1, | 
(49)	0,0,0, | 1,2,1, | 
(49)	0,0,0, | 1,2,1, | 
(49)	0,0,0, | 1,2,1, | 
(49)	0,0,0, | 1,2,1, | 
(7825)	1,0,0, | 1,2,1, | 
(15601)	2,0,0, | 1,2,1, | 
(49)	0,0,0, | 1,2,1, | 
(7825)	1,0,0, | 1,2,1, | 
(49)	0,0,0, | 1,2,1, | 
(7825)	1,0,0, | 1,2,1, | 
(7825)	1,0,0, | 1,2,1, | 
(49)	0,0,0, | 1,2,1, | 
(49)	0,0,0, | 1,2,1, | 
(0)	0,0,0, | 0,0,0, | 
(7804)	1,0,0, | 0,4,4, | 
(7790)	1,0,0, | 0,2,2, | 
(7794)	1,0,0, | 0,3,0, | 
(7783)	1,0,0, | 0,1,1, | 
(7776)	1,0,0, | 0,0,0, | 
(7789)	1,0,0, | 0,2,1, | 
(15602)	2,0,0, | 1,2,2, | 
(38977)	5,0,0, | 2,4,1, | 
(7782)	1,0,0, | 0,1,0, | 
(7846)	1,0,0, | 1,5,4, | 
(7790)	1,0,0, | 0,2,2, | 
(7846)	1,0,0, | 1,5,4, | 
(7824)	1,0,0, | 1,2,0, | 
(7796)	1,0,0, | 0,3,2, | 
(7794)	1,0,0, | 0,3,0, | 
(7794)	1,0,0, | 0,3,0, | 
(7796)	1,0,0, | 0,3,2, | 
(72)	0,0,0, | 2,0,0, | 
(62)	0,0,0, | 1,4,2, | 
(62)	0,0,0, | 1,4,2, | 
(62)	0,0,0, | 1,4,2, | 
(62)	0,0,0, | 1,4,2, | 
(62)	0,0,0, | 1,4,2, | 
(62)	0,0,0, | 1,4,2, | 
(62)	0,0,0, | 1,4,2, | 
(62)	0,0,0, | 1,4,2, | 
(62)	0,0,0, | 1,4,2, | 
(15614)	2,0,0, | 1,4,2, | 
(62)	0,0,0, | 1,4,2, | 
(62)	0,0,0, | 1,4,2, | 
(62)	0,0,0, | 1,4,2, | 
(7838)	1,0,0, | 1,4,2, | 
(7838)	1,0,0, | 1,4,2, | 
(62)	0,0,0, | 1,4,2, | 
(62)	0,0,0, | 1,4,2, | 
(0)	0,0,0, | 0,0,0, | 
(7819)	1,0,0, | 1,1,1, | 
(7776)	1,0,0, | 0,0,0, | 
(7794)	1,0,0, | 0,3,0, | 
(7776)	1,0,0, | 0,0,0, | 
(7796)	1,0,0, | 0,3,2, | 
(7878)	1,0,0, | 2,5,0, | 
(15566)	2,0,0, | 0,2,2, | 
(38886)	5,0,0, | 0,1,0, | 
(7891)	1,0,0, | 3,1,1, | 
(7783)	1,0,0, | 0,1,1, | 
(7776)	1,0,0, | 0,0,0, | 
(7796)	1,0,0, | 0,3,2, | 
(7783)	1,0,0, | 0,1,1, | 
(7804)	1,0,0, | 0,4,4, | 
(7776)	1,0,0, | 0,0,0, | 
(7954)	1,0,0, | 4,5,4, | 
(7776)	1,0,0, | 0,0,0, | 
(72)	0,0,0, | 2,0,0, | 
(69)	0,0,0, | 1,5,3, | 
(69)	0,0,0, | 1,5,3, | 
(69)	0,0,0, | 1,5,3, | 
(69)	0,0,0, | 1,5,3, | 
(69)	0,0,0, | 1,5,3, | 
(69)	0,0,0, | 1,5,3, | 
(69)	0,0,0, | 1,5,3, | 
(69)	0,0,0, | 1,5,3, | 
(7845)	1,0,0, | 1,5,3, | 
(15621)	2,0,0, | 1,5,3, | 
(69)	0,0,0, | 1,5,3, | 
(69)	0,0,0, | 1,5,3, | 
(69)	0,0,0, | 1,5,3, | 
(7845)	1,0,0, | 1,5,3, | 
(7845)	1,0,0, | 1,5,3, | 
(69)	0,0,0, | 1,5,3, | 
(69)	0,0,0, | 1,5,3, | 
(0)	0,0,0, | 0,0,0, | 
(7884)	1,0,0, | 3,0,0, | 
(7801)	1,0,0, | 0,4,1, | 
(7782)	1,0,0, | 0,1,0, | 
(7776)	1,0,0, | 0,0,0, | 
(7807)	1,0,0, | 0,5,1, | 
(7807)	1,0,0, | 0,5,1, | 
(7832)	1,0,0, | 1,3,2, | 
(31283)	4,0,0, | 4,5,5, | 
(7969)	1,0,0, | 5,2,1, | 
(7776)	1,0,0, | 0,0,0, | 
(7794)	1,0,0, | 0,3,0, | 
(7788)	1,0,0, | 0,2,0, | 
(7782)	1,0,0, | 0,1,0, | 
(7794)	1,0,0, | 0,3,0, | 
(7794)	1,0,0, | 0,3,0, | 
(7776)	1,0,0, | 0,0,0, | 
(7826)	1,0,0, | 1,2,2, | 
(72)	0,0,0, | 2,0,0, | 
(69)	0,0,0, | 1,5,3, | 
(69)	0,0,0, | 1,5,3, | 
(69)	0,0,0, | 1,5,3, | 
(69)	0,0,0, | 1,5,3, | 
(69)	0,0,0, | 1,5,3, | 
(69)	0,0,0, | 1,5,3, | 
(69)	0,0,0, | 1,5,3, | 
(69)	0,0,0, | 1,5,3, | 
(7845)	1,0,0, | 1,5,3, | 
(15621)	2,0,0, | 1,5,3, | 
(69)	0,0,0, | 1,5,3, | 
(69)	0,0,0, | 1,5,3, | 
(69)	0,0,0, | 1,5,3, | 
(7845)	1,0,0, | 1,5,3, | 
(7845)	1,0,0, | 1,5,3, | 
(69)	0,0,0, | 1,5,3, | 
(69)	0,0,0, | 1,5,3, | 
(0)	0,0,0, | 0,0,0, | 
(7884)	1,0,0, | 3,0,0, | 
(7782)	1,0,0, | 0,1,0, | 
(15585)	2,0,0, | 0,5,3, | 
(7783)	1,0,0, | 0,1,1, | 
(7796)	1,0,0, | 0,3,2, | 
(7790)	1,0,0, | 0,2,2, | 
(15601)	2,0,0, | 1,2,1, | 
(15654)	2,0,0, | 2,5,0, | 
(7776)	1,0,0, | 0,0,0, | 
(7783)	1,0,0, | 0,1,1, | 
(7825)	1,0,0, | 1,2,1, | 
(7825)	1,0,0, | 1,2,1, | 
(7783)	1,0,0, | 0,1,1, | 
(7783)	1,0,0, | 0,1,1, | 
(7838)	1,0,0, | 1,4,2, | 
(7783)	1,0,0, | 0,1,1, | 
(7782)	1,0,0, | 0,1,0, | 
(72)	0,0,0, | 2,0,0, | 
(69)	0,0,0, | 1,5,3, | 
(69)	0,0,0, | 1,5,3, | 
(69)	0,0,0, | 1,5,3, | 
(69)	0,0,0, | 1,5,3, | 
(69)	0,0,0, | 1,5,3, | 
(69)	0,0,0, | 1,5,3, | 
(69)	0,0,0, | 1,5,3, | 
(69)	0,0,0, | 1,5,3, | 
(7845)	1,0,0, | 1,5,3, | 
(15621)	2,0,0, | 1,5,3, | 
(69)	0,0,0, | 1,5,3, | 
(69)	0,0,0, | 1,5,3, | 
(69)	0,0,0, | 1,5,3, | 
(7845)	1,0,0, | 1,5,3, | 
(7845)	1,0,0, | 1,5,3, | 
(69)	0,0,0, | 1,5,3, | 
(69)	0,0,0, | 1,5,3, | 
(0)	0,0,0, | 0,0,0, | 
(7818)	1,0,0, | 1,1,0, | 
(7776)	1,0,0, | 0,0,0, | 
(15585)	2,0,0, | 0,5,3, | 
(7801)	1,0,0, | 0,4,1, | 
(7801)	1,0,0, | 0,4,1, | 
(7776)	1,0,0, | 0,0,0, | 
(7968)	1,0,0, | 5,2,0, | 
(38894)	5,0,0, | 0,2,2, | 
(7776)	1,0,0, | 0,0,0, | 
(7776)	1,0,0, | 0,0,0, | 
(7790)	1,0,0, | 0,2,2, | 
(7776)	1,0,0, | 0,0,0, | 
(7790)	1,0,0, | 0,2,2, | 
(7788)	1,0,0, | 0,2,0, | 
(7804)	1,0,0, | 0,4,4, | 
(7812)	1,0,0, | 1,0,0, | 
(7776)	1,0,0, | 0,0,0, | 
(10585)	1,2,1, | 0,0,1, | 
(10584)	1,2,1, | 0,0,0, | 
(10584)	1,2,1, | 0,0,0, | 
(10585)	1,2,1, | 0,0,1, | 
(10584)	1,2,1, | 0,0,0, | 
(10584)	1,2,1, | 0,0,0, | 
(10585)	1,2,1, | 0,0,1, | 
(10584)	1,2,1, | 0,0,0, | 
(10585)	1,2,1, | 0,0,1, | 
(216)	0,0,1, | 0,0,0, | 
(4356)	0,3,2, | 1,0,0, | 
(1332)	0,1,0, | 1,0,0, | 
(4140)	0,3,1, | 1,0,0, | 
(36)	0,0,0, | 1,0,0, | 
(10404)	1,2,0, | 1,0,0, | 
(12348)	1,3,3, | 1,0,0, | 
(3060)	0,2,2, | 1,0,0, | 
(2628)	0,2,0, | 1,0,0, | 
(1332)	0,1,0, | 1,0,0, | 
(2952)	0,2,1, | 4,0,0, | 
(2628)	0,2,0, | 1,0,0, | 
(36)	0,0,0, | 1,0,0, | 
(5256)	0,4,0, | 2,0,0, | 
(144)	0,0,0, | 4,0,0, | 
(36)	0,0,0, | 1,0,0, | 
(36)	0,0,0, | 1,0,0, | 
(2844)	0,2,1, | 1,0,0, | 
(0)	0,0,0, | 0,0,0, | 
(10584)	1,2,1, | 0,0,0, | 
(10584)	1,2,1, | 0,0,0, | 
(10584)	1,2,1, | 0,0,0, | 
(10584)	1,2,1, | 0,0,0, | 
(10584)	1,2,1, | 0,0,0, | 
(10620)	1,2,1, | 1,0,0, | 
(10584)	1,2,1, | 0,0,0, | 
(10620)	1,2,1, | 1,0,0, | 
(10584)	1,2,1, | 0,0,0, | 
(10584)	1,2,1, | 0,0,0, | 
(10584)	1,2,1, | 0,0,0, | 
(10584)	1,2,1, | 0,0,0, | 
(10584)	1,2,1, | 0,0,0, | 
(49)	0,0,0, | 1,2,1, | 
(49)	0,0,0, | 1,2,1, | 
(49)	0,0,0, | 1,2,1, | 
(49)	0,0,0, | 1,2,1, | 
(7825)	1,0,0, | 1,2,1, | 
(15601)	2,0,0, | 1,2,1, | 
(15169)	1,5,4, | 1,2,1, | 
(4369)	0,3,2, | 1,2,1, | 
(49)	0,0,0, | 1,2,1, | 
(4369)	0,3,2, | 1,2,1, | 
(7393)	0,5,4, | 1,2,1, | 
(4369)	0,3,2, | 1,2,1, | 
(49)	0,0,0, | 1,2,1, | 
(42)	0,0,0, | 1,1,0, | 
(10482)	1,2,0, | 3,1,0, | 
(10416)	1,2,0, | 1,2,0, | 
(9126)	1,1,0, | 1,3,0, | 
(9284)	1,1,0, | 5,5,2, | 
(9114)	1,1,0, | 1,1,0, | 
(18235)	2,2,0, | 2,3,1, | 
(14808)	1,5,2, | 3,2,0, | 
(9169)	1,1,0, | 2,4,1, | 
(9072)	1,1,0, | 0,0,0, | 
(10618)	1,2,1, | 0,5,4, | 
(10604)	1,2,1, | 0,3,2, | 
(10584)	1,2,1, | 0,0,0, | 
(10584)	1,2,1, | 0,0,0, | 
(10584)	1,2,1, | 0,0,0, | 
(10618)	1,2,1, | 0,5,4, | 
(10584)	1,2,1, | 0,0,0, | 
(10620)	1,2,1, | 1,0,0, | 
(10584)	1,2,1, | 0,0,0, | 
(10584)	1,2,1, | 0,0,0, | 
(10584)	1,2,1, | 0,0,0, | 
(7802)	1,0,0, | 0,4,2, | 
(7802)	1,0,0, | 0,4,2, | 
(62)	0,0,0, | 1,4,2, | 
(62)	0,0,0, | 1,4,2, | 
(62)	0,0,0, | 1,4,2, | 
(62)	0,0,0, | 1,4,2, | 
(62)	0,0,0, | 1,4,2, | 
(15614)	2,0,0, | 1,4,2, | 
(14966)	1,5,3, | 1,4,2, | 
(62)	0,0,0, | 1,4,2, | 
(62)	0,0,0, | 1,4,2, | 
(62)	0,0,0, | 1,4,2, | 
(7190)	0,5,3, | 1,4,2, | 
(4382)	0,3,2, | 1,4,2, | 
(62)	0,0,0, | 1,4,2, | 
(42)	0,0,0, | 1,1,0, | 
(11706)	1,3,0, | 1,1,0, | 
(10488)	1,2,0, | 3,2,0, | 
(10422)	1,2,0, | 1,3,0, | 
(11791)	1,3,0, | 3,3,1, | 
(10429)	1,2,0, | 1,4,1, | 
(10423)	1,2,0, | 1,3,1, | 
(10436)	1,2,0, | 1,5,2, | 
(10436)	1,2,0, | 1,5,2, | 
(10368)	1,2,0, | 0,0,0, | 
(10458)	1,2,0, | 2,3,0, | 
(10386)	1,2,0, | 0,3,0, | 
(11913)	1,3,1, | 0,5,3, | 
(11949)	1,3,1, | 1,5,3, | 
(11887)	1,3,1, | 0,1,1, | 
(10584)	1,2,1, | 0,0,0, | 
(10584)	1,2,1, | 0,0,0, | 
(10584)	1,2,1, | 0,0,0, | 
(10584)	1,2,1, | 0,0,0, | 
(10584)	1,2,1, | 0,0,0, | 
(7809)	1,0,0, | 0,5,3, | 
(7809)	1,0,0, | 0,5,3, | 
(7809)	1,0,0, | 0,5,3, | 
(69)	0,0,0, | 1,5,3, | 
(69)	0,0,0, | 1,5,3, | 
(69)	0,0,0, | 1,5,3, | 
(69)	0,0,0, | 1,5,3, | 
(7845)	1,0,0, | 1,5,3, | 
(69)	0,0,0, | 1,5,3, | 
(15189)	1,5,4, | 1,5,3, | 
(69)	0,0,0, | 1,5,3, | 
(69)	0,0,0, | 1,5,3, | 
(4389)	0,3,2, | 1,5,3, | 
(7413)	0,5,4, | 1,5,3, | 
(4389)	0,3,2, | 1,5,3, | 
(69)	0,0,0, | 1,5,3, | 
(42)	0,0,0, | 1,1,0, | 
(11706)	1,3,0, | 1,1,0, | 
(11732)	1,3,0, | 1,5,2, | 
(11706)	1,3,0, | 1,1,0, | 
(13230)	1,4,1, | 1,3,0, | 
(11706)	1,3,0, | 1,1,0, | 
(11706)	1,3,0, | 1,1,0, | 
(11748)	1,3,0, | 2,2,0, | 
(11706)	1,3,0, | 1,1,0, | 
(11664)	1,3,0, | 0,0,0, | 
(13208)	1,4,1, | 0,5,2, | 
(13261)	1,4,1, | 2,2,1, | 
(10392)	1,2,0, | 0,4,0, | 
(10392)	1,2,0, | 0,4,0, | 
(10584)	1,2,1, | 0,0,0, | 
(10618)	1,2,1, | 0,5,4, | 
(10764)	1,2,1, | 5,0,0, | 
(10591)	1,2,1, | 0,1,1, | 
(10584)	1,2,1, | 0,0,0, | 
(10584)	1,2,1, | 0,0,0, | 
(7809)	1,0,0, | 0,5,3, | 
(7809)	1,0,0, | 0,5,3, | 
(7809)	1,0,0, | 0,5,3, | 
(69)	0,0,0, | 1,5,3, | 
(69)	0,0,0, | 1,5,3, | 
(69)	0,0,0, | 1,5,3, | 
(69)	0,0,0, | 1,5,3, | 
(7845)	1,0,0, | 1,5,3, | 
(69)	0,0,0, | 1,5,3, | 
(15189)	1,5,4, | 1,5,3, | 
(4389)	0,3,2, | 1,5,3, | 
(69)	0,0,0, | 1,5,3, | 
(4389)	0,3,2, | 1,5,3, | 
(7413)	0,5,4, | 1,5,3, | 
(4389)	0,3,2, | 1,5,3, | 
(69)	0,0,0, | 1,5,3, | 
(42)	0,0,0, | 1,1,0, | 
(11706)	1,3,0, | 1,1,0, | 
(11863)	1,3,0, | 5,3,1, | 
(11706)	1,3,0, | 1,1,0, | 
(11724)	1,3,0, | 1,4,0, | 
(11706)	1,3,0, | 1,1,0, | 
(11706)	1,3,0, | 1,1,0, | 
(11706)	1,3,0, | 1,1,0, | 
(11784)	1,3,0, | 3,2,0, | 
(11664)	1,3,0, | 0,0,0, | 
(11694)	1,3,0, | 0,5,0, | 
(11688)	1,3,0, | 0,4,0, | 
(11688)	1,3,0, | 0,4,0, | 
(10386)	1,2,0, | 0,3,0, | 
(10584)	1,2,1, | 0,0,0, | 
(10670)	1,2,1, | 2,2,2, | 
(10604)	1,2,1, | 0,3,2, | 
(10584)	1,2,1, | 0,0,0, | 
(10584)	1,2,1, | 0,0,0, | 
(10584)	1,2,1, | 0,0,0, | 
(7809)	1,0,0, | 0,5,3, | 
(7809)	1,0,0, | 0,5,3, | 
(7809)	1,0,0, | 0,5,3, | 
(69)	0,0,0, | 1,5,3, | 
(69)	0,0,0, | 1,5,3, | 
(69)	0,0,0, | 1,5,3, | 
(69)	0,0,0, | 1,5,3, | 
(7845)	1,0,0, | 1,5,3, | 
(69)	0,0,0, | 1,5,3, | 
(15189)	1,5,4, | 1,5,3, | 
(4389)	0,3,2, | 1,5,3, | 
(69)	0,0,0, | 1,5,3, | 
(4389)	0,3,2, | 1,5,3, | 
(7413)	0,5,4, | 1,5,3, | 
(4389)	0,3,2, | 1,5,3, | 
(69)	0,0,0, | 1,5,3, | 
(42)	0,0,0, | 1,1,0, | 
(11712)	1,3,0, | 1,2,0, | 
(11784)	1,3,0, | 3,2,0, | 
(11712)	1,3,0, | 1,2,0, | 
(11876)	1,3,0, | 5,5,2, | 
(30108)	3,5,1, | 2,2,0, | 
(11706)	1,3,0, | 1,1,0, | 
(11778)	1,3,0, | 3,1,0, | 
(11730)	1,3,0, | 1,5,0, | 
(11664)	1,3,0, | 0,0,0, | 
(11730)	1,3,0, | 1,5,0, | 
(11688)	1,3,0, | 0,4,0, | 
(11730)	1,3,0, | 1,5,0, | 
(11730)	1,3,0, | 1,5,0, | 
(10584)	1,2,1, | 0,0,0, | 
(10647)	1,2,1, | 1,4,3, | 
(10611)	1,2,1, | 0,4,3, | 
(10598)	1,2,1, | 0,2,2, | 
(13393)	1,4,2, | 0,0,1, | 
(13392)	1,4,2, | 0,0,0, | 
(13392)	1,4,2, | 0,0,0, | 
(13393)	1,4,2, | 0,0,1, | 
(13392)	1,4,2, | 0,0,0, | 
(13392)	1,4,2, | 0,0,0, | 
(13392)	1,4,2, | 0,0,0, | 
(13392)	1,4,2, | 0,0,0, | 
(13392)	1,4,2, | 0,0,0, | 
(216)	0,0,1, | 0,0,0, | 
(4356)	0,3,2, | 1,0,0, | 
(22500)	2,5,2, | 1,0,0, | 
(1332)	0,1,0, | 1,0,0, | 
(1332)	0,1,0, | 1,0,0, | 
(36)	0,0,0, | 1,0,0, | 
(1332)	0,1,0, | 1,0,0, | 
(36)	0,0,0, | 1,0,0, | 
(1332)	0,1,0, | 1,0,0, | 
(24876)	3,1,1, | 1,0,0, | 
(1656)	0,1,1, | 4,0,0, | 
(36)	0,0,0, | 1,0,0, | 
(1548)	0,1,1, | 1,0,0, | 
(1476)	0,1,0, | 5,0,0, | 
(36)	0,0,0, | 1,0,0, | 
(36)	0,0,0, | 1,0,0, | 
(36972)	4,4,3, | 1,0,0, | 
(1332)	0,1,0, | 1,0,0, | 
(0)	0,0,0, | 0,0,0, | 
(13392)	1,4,2, | 0,0,0, | 
(13536)	1,4,2, | 4,0,0, | 
(13392)	1,4,2, | 0,0,0, | 
(13392)	1,4,2, | 0,0,0, | 
(13392)	1,4,2, | 0,0,0, | 
(13392)	1,4,2, | 0,0,0, | 
(13392)	1,4,2, | 0,0,0, | 
(13428)	1,4,2, | 1,0,0, | 
(13392)	1,4,2, | 0,0,0, | 
(13392)	1,4,2, | 0,0,0, | 
(13392)	1,4,2, | 0,0,0, | 
(13392)	1,4,2, | 0,0,0, | 
(13392)	1,4,2, | 0,0,0, | 
(5652)	0,4,2, | 1,0,0, | 
(5652)	0,4,2, | 1,0,0, | 
(49)	0,0,0, | 1,2,1, | 
(49)	0,0,0, | 1,2,1, | 
(7825)	1,0,0, | 1,2,1, | 
(15601)	2,0,0, | 1,2,1, | 
(49)	0,0,0, | 1,2,1, | 
(1561)	0,1,1, | 1,2,1, | 
(10639)	1,2,1, | 1,3,1, | 
(7183)	0,5,3, | 1,3,1, | 
(5671)	0,4,2, | 1,3,1, | 
(3936)	0,3,0, | 1,2,0, | 
(3936)	0,3,0, | 1,2,0, | 
(48)	0,0,0, | 1,2,0, | 
(14736)	1,5,2, | 1,2,0, | 
(11838)	1,3,0, | 4,5,0, | 
(9126)	1,1,0, | 1,3,0, | 
(10422)	1,2,0, | 1,3,0, | 
(9120)	1,1,0, | 1,2,0, | 
(21006)	2,4,1, | 1,3,0, | 
(9126)	1,1,0, | 1,3,0, | 
(9126)	1,1,0, | 1,3,0, | 
(9072)	1,1,0, | 0,0,0, | 
(13425)	1,4,2, | 0,5,3, | 
(13412)	1,4,2, | 0,3,2, | 
(13392)	1,4,2, | 0,0,0, | 
(13425)	1,4,2, | 0,5,3, | 
(13392)	1,4,2, | 0,0,0, | 
(13405)	1,4,2, | 0,2,1, | 
(13425)	1,4,2, | 0,5,3, | 
(13477)	1,4,2, | 2,2,1, | 
(13392)	1,4,2, | 0,0,0, | 
(13392)	1,4,2, | 0,0,0, | 
(13392)	1,4,2, | 0,0,0, | 
(13392)	1,4,2, | 0,0,0, | 
(13392)	1,4,2, | 0,0,0, | 
(62)	0,0,0, | 1,4,2, | 
(62)	0,0,0, | 1,4,2, | 
(62)	0,0,0, | 1,4,2, | 
(62)	0,0,0, | 1,4,2, | 
(62)	0,0,0, | 1,4,2, | 
(26198)	3,2,1, | 1,4,2, | 
(26198)	3,2,1, | 1,4,2, | 
(10652)	1,2,1, | 1,5,2, | 
(9356)	1,1,1, | 1,5,2, | 
(14972)	1,5,3, | 1,5,2, | 
(1580)	0,1,1, | 1,5,2, | 
(4388)	0,3,2, | 1,5,2, | 
(61)	0,0,0, | 1,4,1, | 
(48)	0,0,0, | 1,2,0, | 
(19560)	2,3,0, | 3,2,0, | 
(11724)	1,3,0, | 1,4,0, | 
(10422)	1,2,0, | 1,3,0, | 
(10494)	1,2,0, | 3,3,0, | 
(10434)	1,2,0, | 1,5,0, | 
(10428)	1,2,0, | 1,4,0, | 
(20790)	2,4,0, | 1,3,0, | 
(11803)	1,3,0, | 3,5,1, | 
(10368)	1,2,0, | 0,0,0, | 
(13231)	1,4,1, | 1,3,1, | 
(14708)	1,5,2, | 0,3,2, | 
(14731)	1,5,2, | 1,1,1, | 
(14786)	1,5,2, | 2,4,2, | 
(14731)	1,5,2, | 1,1,1, | 
(14731)	1,5,2, | 1,1,1, | 
(13399)	1,4,2, | 0,1,1, | 
(13392)	1,4,2, | 0,0,0, | 
(13392)	1,4,2, | 0,0,0, | 
(13392)	1,4,2, | 0,0,0, | 
(13392)	1,4,2, | 0,0,0, | 
(13392)	1,4,2, | 0,0,0, | 
(7809)	1,0,0, | 0,5,3, | 
(69)	0,0,0, | 1,5,3, | 
(69)	0,0,0, | 1,5,3, | 
(69)	0,0,0, | 1,5,3, | 
(69)	0,0,0, | 1,5,3, | 
(7845)	1,0,0, | 1,5,3, | 
(15621)	2,0,0, | 1,5,3, | 
(22748)	2,5,3, | 1,5,2, | 
(1580)	0,1,1, | 1,5,2, | 
(9356)	1,1,1, | 1,5,2, | 
(14972)	1,5,3, | 1,5,2, | 
(1580)	0,1,1, | 1,5,2, | 
(4388)	0,3,2, | 1,5,2, | 
(9356)	1,1,1, | 1,5,2, | 
(48)	0,0,0, | 1,2,0, | 
(19488)	2,3,0, | 1,2,0, | 
(11766)	1,3,0, | 2,5,0, | 
(11712)	1,3,0, | 1,2,0, | 
(11838)	1,3,0, | 4,5,0, | 
(11712)	1,3,0, | 1,2,0, | 
(21042)	2,4,1, | 2,3,0, | 
(20820)	2,4,0, | 2,2,0, | 
(11766)	1,3,0, | 2,5,0, | 
(11664)	1,3,0, | 0,0,0, | 
(13176)	1,4,1, | 0,0,0, | 
(13261)	1,4,1, | 2,2,1, | 
(13183)	1,4,1, | 0,1,1, | 
(14757)	1,5,2, | 1,5,3, | 
(14688)	1,5,2, | 0,0,0, | 
(14731)	1,5,2, | 1,1,1, | 
(13428)	1,4,2, | 1,0,0, | 
(13392)	1,4,2, | 0,0,0, | 
(13392)	1,4,2, | 0,0,0, | 
(13392)	1,4,2, | 0,0,0, | 
(13392)	1,4,2, | 0,0,0, | 
(13392)	1,4,2, | 0,0,0, | 
(7809)	1,0,0, | 0,5,3, | 
(69)	0,0,0, | 1,5,3, | 
(69)	0,0,0, | 1,5,3, | 
(69)	0,0,0, | 1,5,3, | 
(69)	0,0,0, | 1,5,3, | 
(7845)	1,0,0, | 1,5,3, | 
(15621)	2,0,0, | 1,5,3, | 
(22748)	2,5,3, | 1,5,2, | 
(1580)	0,1,1, | 1,5,2, | 
(9356)	1,1,1, | 1,5,2, | 
(14972)	1,5,3, | 1,5,2, | 
(1580)	0,1,1, | 1,5,2, | 
(4388)	0,3,2, | 1,5,2, | 
(9356)	1,1,1, | 1,5,2, | 
(48)	0,0,0, | 1,2,0, | 
(19560)	2,3,0, | 3,2,0, | 
(11724)	1,3,0, | 1,4,0, | 
(11724)	1,3,0, | 1,4,0, | 
(11724)	1,3,0, | 1,4,0, | 
(11731)	1,3,0, | 1,5,1, | 
(11718)	1,3,0, | 1,3,0, | 
(11724)	1,3,0, | 1,4,0, | 
(13056)	1,4,0, | 2,4,0, | 
(11664)	1,3,0, | 0,0,0, | 
(11796)	1,3,0, | 3,4,0, | 
(13208)	1,4,1, | 0,5,2, | 
(13176)	1,4,1, | 0,0,0, | 
(14786)	1,5,2, | 2,4,2, | 
(14688)	1,5,2, | 0,0,0, | 
(14701)	1,5,2, | 0,2,1, | 
(13412)	1,4,2, | 0,3,2, | 
(13392)	1,4,2, | 0,0,0, | 
(13392)	1,4,2, | 0,0,0, | 
(13392)	1,4,2, | 0,0,0, | 
(13392)	1,4,2, | 0,0,0, | 
(7809)	1,0,0, | 0,5,3, | 
(7809)	1,0,0, | 0,5,3, | 
(69)	0,0,0, | 1,5,3, | 
(69)	0,0,0, | 1,5,3, | 
(69)	0,0,0, | 1,5,3, | 
(69)	0,0,0, | 1,5,3, | 
(7845)	1,0,0, | 1,5,3, | 
(69)	0,0,0, | 1,5,3, | 
(22748)	2,5,3, | 1,5,2, | 
(10652)	1,2,1, | 1,5,2, | 
(9356)	1,1,1, | 1,5,2, | 
(14972)	1,5,3, | 1,5,2, | 
(1580)	0,1,1, | 1,5,2, | 
(4388)	0,3,2, | 1,5,2, | 
(9356)	1,1,1, | 1,5,2, | 
(48)	0,0,0, | 1,2,0, | 
(14611)	1,5,1, | 3,5,1, | 
(11724)	1,3,0, | 1,4,0, | 
(11718)	1,3,0, | 1,3,0, | 
(11868)	1,3,0, | 5,4,0, | 
(11718)	1,3,0, | 1,3,0, | 
(11718)	1,3,0, | 1,3,0, | 
(11724)	1,3,0, | 1,4,0, | 
(11730)	1,3,0, | 1,5,0, | 
(11664)	1,3,0, | 0,0,0, | 
(11694)	1,3,0, | 0,5,0, | 
(11688)	1,3,0, | 0,4,0, | 
(13231)	1,4,1, | 1,3,1, | 
(14757)	1,5,2, | 1,5,3, | 
(14695)	1,5,2, | 0,1,1, | 
(14695)	1,5,2, | 0,1,1, | 
(14757)	1,5,2, | 1,5,3, | 
(13392)	1,4,2, | 0,0,0, | 
(14905)	1,5,3, | 0,0,1, | 
(14904)	1,5,3, | 0,0,0, | 
(14904)	1,5,3, | 0,0,0, | 
(14905)	1,5,3, | 0,0,1, | 
(14904)	1,5,3, | 0,0,0, | 
(14904)	1,5,3, | 0,0,0, | 
(14904)	1,5,3, | 0,0,0, | 
(14904)	1,5,3, | 0,0,0, | 
(14905)	1,5,3, | 0,0,1, | 
(216)	0,0,1, | 0,0,0, | 
(3924)	0,3,0, | 1,0,0, | 
(12132)	1,3,2, | 1,0,0, | 
(1332)	0,1,0, | 1,0,0, | 
(6948)	0,5,2, | 1,0,0, | 
(36)	0,0,0, | 1,0,0, | 
(12132)	1,3,2, | 1,0,0, | 
(3924)	0,3,0, | 1,0,0, | 
(36)	0,0,0, | 1,0,0, | 
(41724)	5,2,1, | 1,0,0, | 
(144)	0,0,0, | 4,0,0, | 
(12276)	1,3,2, | 5,0,0, | 
(36)	0,0,0, | 1,0,0, | 
(3060)	0,2,2, | 1,0,0, | 
(36)	0,0,0, | 1,0,0, | 
(36)	0,0,0, | 1,0,0, | 
(36)	0,0,0, | 1,0,0, | 
(36)	0,0,0, | 1,0,0, | 
(0)	0,0,0, | 0,0,0, | 
(14904)	1,5,3, | 0,0,0, | 
(14904)	1,5,3, | 0,0,0, | 
(14904)	1,5,3, | 0,0,0, | 
(14904)	1,5,3, | 0,0,0, | 
(14904)	1,5,3, | 0,0,0, | 
(14904)	1,5,3, | 0,0,0, | 
(14904)	1,5,3, | 0,0,0, | 
(14976)	1,5,3, | 2,0,0, | 
(14904)	1,5,3, | 0,0,0, | 
(14904)	1,5,3, | 0,0,0, | 
(14904)	1,5,3, | 0,0,0, | 
(14904)	1,5,3, | 0,0,0, | 
(14904)	1,5,3, | 0,0,0, | 
(7164)	0,5,3, | 1,0,0, | 
(7164)	0,5,3, | 1,0,0, | 
(7164)	0,5,3, | 1,0,0, | 
(49)	0,0,0, | 1,2,1, | 
(7825)	1,0,0, | 1,2,1, | 
(17113)	2,1,1, | 1,2,1, | 
(38929)	5,0,0, | 1,2,1, | 
(5881)	0,4,3, | 1,2,1, | 
(1561)	0,1,1, | 1,2,1, | 
(5232)	0,4,0, | 1,2,0, | 
(5232)	0,4,0, | 1,2,0, | 
(18421)	2,2,1, | 1,4,1, | 
(9349)	1,1,1, | 1,4,1, | 
(54)	0,0,0, | 1,3,0, | 
(13020)	1,4,0, | 1,4,0, | 
(13056)	1,4,0, | 2,4,0, | 
(9126)	1,1,0, | 1,3,0, | 
(9283)	1,1,0, | 5,5,1, | 
(9126)	1,1,0, | 1,3,0, | 
(9126)	1,1,0, | 1,3,0, | 
(9126)	1,1,0, | 1,3,0, | 
(9126)	1,1,0, | 1,3,0, | 
(9072)	1,1,0, | 0,0,0, | 
(14904)	1,5,3, | 0,0,0, | 
(14924)	1,5,3, | 0,3,2, | 
(14904)	1,5,3, | 0,0,0, | 
(14938)	1,5,3, | 0,5,4, | 
(14904)	1,5,3, | 0,0,0, | 
(14918)	1,5,3, | 0,2,2, | 
(14938)	1,5,3, | 0,5,4, | 
(14904)	1,5,3, | 0,0,0, | 
(14904)	1,5,3, | 0,0,0, | 
(14904)	1,5,3, | 0,0,0, | 
(14904)	1,5,3, | 0,0,0, | 
(14904)	1,5,3, | 0,0,0, | 
(14904)	1,5,3, | 0,0,0, | 
(7164)	0,5,3, | 1,0,0, | 
(62)	0,0,0, | 1,4,2, | 
(62)	0,0,0, | 1,4,2, | 
(62)	0,0,0, | 1,4,2, | 
(62)	0,0,0, | 1,4,2, | 
(62)	0,0,0, | 1,4,2, | 
(5894)	0,4,3, | 1,4,2, | 
(68)	0,0,0, | 1,5,2, | 
(68)	0,0,0, | 1,5,2, | 
(41756)	5,2,1, | 1,5,2, | 
(9349)	1,1,1, | 1,4,1, | 
(18421)	2,2,1, | 1,4,1, | 
(9349)	1,1,1, | 1,4,1, | 
(54)	0,0,0, | 1,3,0, | 
(14532)	1,5,1, | 1,4,0, | 
(11862)	1,3,0, | 5,3,0, | 
(13237)	1,4,1, | 1,4,1, | 
(18270)	2,2,0, | 3,3,0, | 
(10435)	1,2,0, | 1,5,1, | 
(10428)	1,2,0, | 1,4,0, | 
(13014)	1,4,0, | 1,3,0, | 
(10494)	1,2,0, | 3,3,0, | 
(10368)	1,2,0, | 0,0,0, | 
(14731)	1,5,2, | 1,1,1, | 
(14708)	1,5,2, | 0,3,2, | 
(14731)	1,5,2, | 1,1,1, | 
(14786)	1,5,2, | 2,4,2, | 
(14731)	1,5,2, | 1,1,1, | 
(14750)	1,5,2, | 1,4,2, | 
(14695)	1,5,2, | 0,1,1, | 
(14911)	1,5,3, | 0,1,1, | 
(14904)	1,5,3, | 0,0,0, | 
(14904)	1,5,3, | 0,0,0, | 
(14904)	1,5,3, | 0,0,0, | 
(14904)	1,5,3, | 0,0,0, | 
(14904)	1,5,3, | 0,0,0, | 
(69)	0,0,0, | 1,5,3, | 
(69)	0,0,0, | 1,5,3, | 
(69)	0,0,0, | 1,5,3, | 
(69)	0,0,0, | 1,5,3, | 
(7845)	1,0,0, | 1,5,3, | 
(1581)	0,1,1, | 1,5,3, | 
(41756)	5,2,1, | 1,5,2, | 
(68)	0,0,0, | 1,5,2, | 
(68)	0,0,0, | 1,5,2, | 
(41756)	5,2,1, | 1,5,2, | 
(9349)	1,1,1, | 1,4,1, | 
(18421)	2,2,1, | 1,4,1, | 
(9349)	1,1,1, | 1,4,1, | 
(54)	0,0,0, | 1,3,0, | 
(14610)	1,5,1, | 3,5,0, | 
(11718)	1,3,0, | 1,3,0, | 
(11761)	1,3,0, | 2,4,1, | 
(21006)	2,4,1, | 1,3,0, | 
(11766)	1,3,0, | 2,5,0, | 
(11718)	1,3,0, | 1,3,0, | 
(11718)	1,3,0, | 1,3,0, | 
(11761)	1,3,0, | 2,4,1, | 
(11664)	1,3,0, | 0,0,0, | 
(13244)	1,4,1, | 1,5,2, | 
(13176)	1,4,1, | 0,0,0, | 
(13183)	1,4,1, | 0,1,1, | 
(14757)	1,5,2, | 1,5,3, | 
(14724)	1,5,2, | 1,0,0, | 
(14721)	1,5,2, | 0,5,3, | 
(14688)	1,5,2, | 0,0,0, | 
(14918)	1,5,3, | 0,2,2, | 
(14904)	1,5,3, | 0,0,0, | 
(14904)	1,5,3, | 0,0,0, | 
(14904)	1,5,3, | 0,0,0, | 
(14904)	1,5,3, | 0,0,0, | 
(14904)	1,5,3, | 0,0,0, | 
(69)	0,0,0, | 1,5,3, | 
(69)	0,0,0, | 1,5,3, | 
(69)	0,0,0, | 1,5,3, | 
(69)	0,0,0, | 1,5,3, | 
(7845)	1,0,0, | 1,5,3, | 
(17133)	2,1,1, | 1,5,3, | 
(41756)	5,2,1, | 1,5,2, | 
(68)	0,0,0, | 1,5,2, | 
(68)	0,0,0, | 1,5,2, | 
(41756)	5,2,1, | 1,5,2, | 
(68)	0,0,0, | 1,5,2, | 
(18421)	2,2,1, | 1,4,1, | 
(9349)	1,1,1, | 1,4,1, | 
(54)	0,0,0, | 1,3,0, | 
(14604)	1,5,1, | 3,4,0, | 
(11754)	1,3,0, | 2,3,0, | 
(11731)	1,3,0, | 1,5,1, | 
(14532)	1,5,1, | 1,4,0, | 
(11731)	1,3,0, | 1,5,1, | 
(11718)	1,3,0, | 1,3,0, | 
(11797)	1,3,0, | 3,4,1, | 
(14358)	1,5,0, | 2,5,0, | 
(11664)	1,3,0, | 0,0,0, | 
(14479)	1,5,1, | 0,1,1, | 
(14472)	1,5,1, | 0,0,0, | 
(14701)	1,5,2, | 0,2,1, | 
(14786)	1,5,2, | 2,4,2, | 
(14695)	1,5,2, | 0,1,1, | 
(14786)	1,5,2, | 2,4,2, | 
(14786)	1,5,2, | 2,4,2, | 
(14904)	1,5,3, | 0,0,0, | 
(14904)	1,5,3, | 0,0,0, | 
(14904)	1,5,3, | 0,0,0, | 
(14904)	1,5,3, | 0,0,0, | 
(14904)	1,5,3, | 0,0,0, | 
(7809)	1,0,0, | 0,5,3, | 
(69)	0,0,0, | 1,5,3, | 
(69)	0,0,0, | 1,5,3, | 
(69)	0,0,0, | 1,5,3, | 
(69)	0,0,0, | 1,5,3, | 
(7845)	1,0,0, | 1,5,3, | 
(17133)	2,1,1, | 1,5,3, | 
(41756)	5,2,1, | 1,5,2, | 
(68)	0,0,0, | 1,5,2, | 
(68)	0,0,0, | 1,5,2, | 
(41756)	5,2,1, | 1,5,2, | 
(68)	0,0,0, | 1,5,2, | 
(18421)	2,2,1, | 1,4,1, | 
(9349)	1,1,1, | 1,4,1, | 
(54)	0,0,0, | 1,3,0, | 
(13020)	1,4,0, | 1,4,0, | 
(11767)	1,3,0, | 2,5,1, | 
(11761)	1,3,0, | 2,4,1, | 
(22092)	2,5,0, | 1,4,0, | 
(11718)	1,3,0, | 1,3,0, | 
(11718)	1,3,0, | 1,3,0, | 
(11761)	1,3,0, | 2,4,1, | 
(13086)	1,4,0, | 3,3,0, | 
(11664)	1,3,0, | 0,0,0, | 
(14472)	1,5,1, | 0,0,0, | 
(14587)	1,5,1, | 3,1,1, | 
(14587)	1,5,1, | 3,1,1, | 
(14757)	1,5,2, | 1,5,3, | 
(14695)	1,5,2, | 0,1,1, | 
(14786)	1,5,2, | 2,4,2, | 
(14757)	1,5,2, | 1,5,3, | 
(14904)	1,5,3, | 0,0,0, | 
(14905)	1,5,3, | 0,0,1, | 
(14904)	1,5,3, | 0,0,0, | 
(14904)	1,5,3, | 0,0,0, | 
(14904)	1,5,3, | 0,0,0, | 
(14904)	1,5,3, | 0,0,0, | 
(14904)	1,5,3, | 0,0,0, | 
(14904)	1,5,3, | 0,0,0, | 
(14904)	1,5,3, | 0,0,0, | 
(14904)	1,5,3, | 0,0,0, | 
(216)	0,0,1, | 0,0,0, | 
(15588)	2,0,0, | 1,0,0, | 
(1332)	0,1,0, | 1,0,0, | 
(10620)	1,2,1, | 1,0,0, | 
(10620)	1,2,1, | 1,0,0, | 
(21420)	2,4,3, | 1,0,0, | 
(36)	0,0,0, | 1,0,0, | 
(10620)	1,2,1, | 1,0,0, | 
(1332)	0,1,0, | 1,0,0, | 
(36)	0,0,0, | 1,0,0, | 
(1620)	0,1,1, | 3,0,0, | 
(22716)	2,5,3, | 1,0,0, | 
(1548)	0,1,1, | 1,0,0, | 
(14724)	1,5,2, | 1,0,0, | 
(4356)	0,3,2, | 1,0,0, | 
(36)	0,0,0, | 1,0,0, | 
(36)	0,0,0, | 1,0,0, | 
(72)	0,0,0, | 2,0,0, | 
(0)	0,0,0, | 0,0,0, | 
(14904)	1,5,3, | 0,0,0, | 
(14904)	1,5,3, | 0,0,0, | 
(14904)	1,5,3, | 0,0,0, | 
(15048)	1,5,3, | 4,0,0, | 
(14904)	1,5,3, | 0,0,0, | 
(14904)	1,5,3, | 0,0,0, | 
(14904)	1,5,3, | 0,0,0, | 
(14976)	1,5,3, | 2,0,0, | 
(14904)	1,5,3, | 0,0,0, | 
(14904)	1,5,3, | 0,0,0, | 
(14904)	1,5,3, | 0,0,0, | 
(14904)	1,5,3, | 0,0,0, | 
(14904)	1,5,3, | 0,0,0, | 
(7164)	0,5,3, | 1,0,0, | 
(7164)	0,5,3, | 1,0,0, | 
(7164)	0,5,3, | 1,0,0, | 
(49)	0,0,0, | 1,2,1, | 
(7825)	1,0,0, | 1,2,1, | 
(15601)	2,0,0, | 1,2,1, | 
(1561)	0,1,1, | 1,2,1, | 
(5881)	0,4,3, | 1,2,1, | 
(34177)	4,2,2, | 1,2,1, | 
(3936)	0,3,0, | 1,2,0, | 
(5238)	0,4,0, | 1,3,0, | 
(5238)	0,4,0, | 1,3,0, | 
(5238)	0,4,0, | 1,3,0, | 
(54)	0,0,0, | 1,3,0, | 
(18283)	2,2,0, | 3,5,1, | 
(26094)	3,2,0, | 4,5,0, | 
(9126)	1,1,0, | 1,3,0, | 
(11718)	1,3,0, | 1,3,0, | 
(9126)	1,1,0, | 1,3,0, | 
(13050)	1,4,0, | 2,3,0, | 
(9126)	1,1,0, | 1,3,0, | 
(9126)	1,1,0, | 1,3,0, | 
(9072)	1,1,0, | 0,0,0, | 
(14904)	1,5,3, | 0,0,0, | 
(14924)	1,5,3, | 0,3,2, | 
(14904)	1,5,3, | 0,0,0, | 
(14938)	1,5,3, | 0,5,4, | 
(14904)	1,5,3, | 0,0,0, | 
(14918)	1,5,3, | 0,2,2, | 
(14904)	1,5,3, | 0,0,0, | 
(14904)	1,5,3, | 0,0,0, | 
(14904)	1,5,3, | 0,0,0, | 
(14904)	1,5,3, | 0,0,0, | 
(14904)	1,5,3, | 0,0,0, | 
(14904)	1,5,3, | 0,0,0, | 
(14904)	1,5,3, | 0,0,0, | 
(7164)	0,5,3, | 1,0,0, | 
(62)	0,0,0, | 1,4,2, | 
(62)	0,0,0, | 1,4,2, | 
(62)	0,0,0, | 1,4,2, | 
(62)	0,0,0, | 1,4,2, | 
(62)	0,0,0, | 1,4,2, | 
(62)	0,0,0, | 1,4,2, | 
(15620)	2,0,0, | 1,5,2, | 
(5684)	0,4,2, | 1,5,2, | 
(15620)	2,0,0, | 1,5,2, | 
(1573)	0,1,1, | 1,4,1, | 
(6973)	0,5,2, | 1,4,1, | 
(1579)	0,1,1, | 1,5,1, | 
(54)	0,0,0, | 1,3,0, | 
(18283)	2,2,0, | 3,5,1, | 
(25974)	3,2,0, | 1,3,0, | 
(10422)	1,2,0, | 1,3,0, | 
(19579)	2,3,0, | 3,5,1, | 
(10435)	1,2,0, | 1,5,1, | 
(10428)	1,2,0, | 1,4,0, | 
(13014)	1,4,0, | 1,3,0, | 
(14352)	1,5,0, | 2,4,0, | 
(10368)	1,2,0, | 0,0,0, | 
(14731)	1,5,2, | 1,1,1, | 
(14708)	1,5,2, | 0,3,2, | 
(14731)	1,5,2, | 1,1,1, | 
(14796)	1,5,2, | 3,0,0, | 
(14731)	1,5,2, | 1,1,1, | 
(14786)	1,5,2, | 2,4,2, | 
(14695)	1,5,2, | 0,1,1, | 
(14924)	1,5,3, | 0,3,2, | 
(14904)	1,5,3, | 0,0,0, | 
(14904)	1,5,3, | 0,0,0, | 
(14904)	1,5,3, | 0,0,0, | 
(14904)	1,5,3, | 0,0,0, | 
(14904)	1,5,3, | 0,0,0, | 
(69)	0,0,0, | 1,5,3, | 
(69)	0,0,0, | 1,5,3, | 
(69)	0,0,0, | 1,5,3, | 
(69)	0,0,0, | 1,5,3, | 
(7845)	1,0,0, | 1,5,3, | 
(69)	0,0,0, | 1,5,3, | 
(7844)	1,0,0, | 1,5,2, | 
(15620)	2,0,0, | 1,5,2, | 
(5684)	0,4,2, | 1,5,2, | 
(15620)	2,0,0, | 1,5,2, | 
(2876)	0,2,1, | 1,5,2, | 
(67)	0,0,0, | 1,5,1, | 
(1579)	0,1,1, | 1,5,1, | 
(54)	0,0,0, | 1,3,0, | 
(22170)	2,5,0, | 3,5,0, | 
(14323)	1,5,0, | 1,5,1, | 
(11718)	1,3,0, | 1,3,0, | 
(11838)	1,3,0, | 4,5,0, | 
(11766)	1,3,0, | 2,5,0, | 
(11718)	1,3,0, | 1,3,0, | 
(11718)	1,3,0, | 1,3,0, | 
(11766)	1,3,0, | 2,5,0, | 
(11664)	1,3,0, | 0,0,0, | 
(13176)	1,4,1, | 0,0,0, | 
(13176)	1,4,1, | 0,0,0, | 
(14731)	1,5,2, | 1,1,1, | 
(14695)	1,5,2, | 0,1,1, | 
(14688)	1,5,2, | 0,0,0, | 
(14786)	1,5,2, | 2,4,2, | 
(14881)	1,5,2, | 5,2,1, | 
(14918)	1,5,3, | 0,2,2, | 
(14904)	1,5,3, | 0,0,0, | 
(14904)	1,5,3, | 0,0,0, | 
(14904)	1,5,3, | 0,0,0, | 
(14904)	1,5,3, | 0,0,0, | 
(14904)	1,5,3, | 0,0,0, | 
(69)	0,0,0, | 1,5,3, | 
(69)	0,0,0, | 1,5,3, | 
(69)	0,0,0, | 1,5,3, | 
(69)	0,0,0, | 1,5,3, | 
(7845)	1,0,0, | 1,5,3, | 
(69)	0,0,0, | 1,5,3, | 
(7844)	1,0,0, | 1,5,2, | 
(15620)	2,0,0, | 1,5,2, | 
(5684)	0,4,2, | 1,5,2, | 
(15620)	2,0,0, | 1,5,2, | 
(2876)	0,2,1, | 1,5,2, | 
(67)	0,0,0, | 1,5,1, | 
(1579)	0,1,1, | 1,5,1, | 
(54)	0,0,0, | 1,3,0, | 
(22170)	2,5,0, | 3,5,0, | 
(14358)	1,5,0, | 2,5,0, | 
(11724)	1,3,0, | 1,4,0, | 
(14670)	1,5,1, | 5,3,0, | 
(11731)	1,3,0, | 1,5,1, | 
(11718)	1,3,0, | 1,3,0, | 
(11724)	1,3,0, | 1,4,0, | 
(13056)	1,4,0, | 2,4,0, | 
(11664)	1,3,0, | 0,0,0, | 
(14479)	1,5,1, | 0,1,1, | 
(14472)	1,5,1, | 0,0,0, | 
(14701)	1,5,2, | 0,2,1, | 
(14724)	1,5,2, | 1,0,0, | 
(14688)	1,5,2, | 0,0,0, | 
(14701)	1,5,2, | 0,2,1, | 
(14786)	1,5,2, | 2,4,2, | 
(14904)	1,5,3, | 0,0,0, | 
(14904)	1,5,3, | 0,0,0, | 
(14904)	1,5,3, | 0,0,0, | 
(14904)	1,5,3, | 0,0,0, | 
(14904)	1,5,3, | 0,0,0, | 
(14904)	1,5,3, | 0,0,0, | 
(69)	0,0,0, | 1,5,3, | 
(69)	0,0,0, | 1,5,3, | 
(69)	0,0,0, | 1,5,3, | 
(69)	0,0,0, | 1,5,3, | 
(7845)	1,0,0, | 1,5,3, | 
(69)	0,0,0, | 1,5,3, | 
(7844)	1,0,0, | 1,5,2, | 
(68)	0,0,0, | 1,5,2, | 
(5684)	0,4,2, | 1,5,2, | 
(68)	0,0,0, | 1,5,2, | 
(2876)	0,2,1, | 1,5,2, | 
(67)	0,0,0, | 1,5,1, | 
(1579)	0,1,1, | 1,5,1, | 
(54)	0,0,0, | 1,3,0, | 
(22387)	2,5,1, | 3,5,1, | 
(19543)	2,3,0, | 2,5,1, | 
(11718)	1,3,0, | 1,3,0, | 
(11868)	1,3,0, | 5,4,0, | 
(11718)	1,3,0, | 1,3,0, | 
(11718)	1,3,0, | 1,3,0, | 
(11766)	1,3,0, | 2,5,0, | 
(11730)	1,3,0, | 1,5,0, | 
(11664)	1,3,0, | 0,0,0, | 
(14472)	1,5,1, | 0,0,0, | 
(14472)	1,5,1, | 0,0,0, | 
(14472)	1,5,1, | 0,0,0, | 
(14757)	1,5,2, | 1,5,3, | 
(14695)	1,5,2, | 0,1,1, | 
(14695)	1,5,2, | 0,1,1, | 
(14757)	1,5,2, | 1,5,3, | 
(14904)	1,5,3, | 0,0,0, | 
(14905)	1,5,3, | 0,0,1, | 
(14904)	1,5,3, | 0,0,0, | 
(14904)	1,5,3, | 0,0,0, | 
(14904)	1,5,3, | 0,0,0, | 
(14904)	1,5,3, | 0,0,0, | 
(14904)	1,5,3, | 0,0,0, | 
(14904)	1,5,3, | 0,0,0, | 
(14904)	1,5,3, | 0,0,0, | 
(14905)	1,5,3, | 0,0,1, | 
(216)	0,0,1, | 0,0,0, | 
(18396)	2,2,1, | 1,0,0, | 
(41724)	5,2,1, | 1,0,0, | 
(36)	0,0,0, | 1,0,0, | 
(6948)	0,5,2, | 1,0,0, | 
(36)	0,0,0, | 1,0,0, | 
(36)	0,0,0, | 1,0,0, | 
(3060)	0,2,2, | 1,0,0, | 
(3060)	0,2,2, | 1,0,0, | 
(36)	0,0,0, | 1,0,0, | 
(144)	0,0,0, | 4,0,0, | 
(1548)	0,1,1, | 1,0,0, | 
(6084)	0,4,4, | 1,0,0, | 
(180)	0,0,0, | 5,0,0, | 
(36)	0,0,0, | 1,0,0, | 
(1548)	0,1,1, | 1,0,0, | 
(2628)	0,2,0, | 1,0,0, | 
(36)	0,0,0, | 1,0,0, | 
(0)	0,0,0, | 0,0,0, | 
(14904)	1,5,3, | 0,0,0, | 
(15048)	1,5,3, | 4,0,0, | 
(14904)	1,5,3, | 0,0,0, | 
(14904)	1,5,3, | 0,0,0, | 
(15048)	1,5,3, | 4,0,0, | 
(14904)	1,5,3, | 0,0,0, | 
(14904)	1,5,3, | 0,0,0, | 
(14940)	1,5,3, | 1,0,0, | 
(14904)	1,5,3, | 0,0,0, | 
(14904)	1,5,3, | 0,0,0, | 
(14904)	1,5,3, | 0,0,0, | 
(14904)	1,5,3, | 0,0,0, | 
(14904)	1,5,3, | 0,0,0, | 
(7164)	0,5,3, | 1,0,0, | 
(7164)	0,5,3, | 1,0,0, | 
(7164)	0,5,3, | 1,0,0, | 
(49)	0,0,0, | 1,2,1, | 
(7825)	1,0,0, | 1,2,1, | 
(3073)	0,2,2, | 1,2,1, | 
(49)	0,0,0, | 1,2,1, | 
(49)	0,0,0, | 1,2,1, | 
(49)	0,0,0, | 1,2,1, | 
(6534)	0,5,0, | 1,3,0, | 
(5238)	0,4,0, | 1,3,0, | 
(6534)	0,5,0, | 1,3,0, | 
(5238)	0,4,0, | 1,3,0, | 
(54)	0,0,0, | 1,3,0, | 
(13020)	1,4,0, | 1,4,0, | 
(24798)	3,1,0, | 4,5,0, | 
(9126)	1,1,0, | 1,3,0, | 
(14346)	1,5,0, | 2,3,0, | 
(9126)	1,1,0, | 1,3,0, | 
(36378)	4,4,0, | 2,3,0, | 
(18247)	2,2,0, | 2,5,1, | 
(9126)	1,1,0, | 1,3,0, | 
(9072)	1,1,0, | 0,0,0, | 
(15048)	1,5,3, | 4,0,0, | 
(14924)	1,5,3, | 0,3,2, | 
(14904)	1,5,3, | 0,0,0, | 
(14938)	1,5,3, | 0,5,4, | 
(14904)	1,5,3, | 0,0,0, | 
(14918)	1,5,3, | 0,2,2, | 
(14938)	1,5,3, | 0,5,4, | 
(14904)	1,5,3, | 0,0,0, | 
(14904)	1,5,3, | 0,0,0, | 
(14904)	1,5,3, | 0,0,0, | 
(14904)	1,5,3, | 0,0,0, | 
(14904)	1,5,3, | 0,0,0, | 
(14904)	1,5,3, | 0,0,0, | 
(7164)	0,5,3, | 1,0,0, | 
(7164)	0,5,3, | 1,0,0, | 
(62)	0,0,0, | 1,4,2, | 
(62)	0,0,0, | 1,4,2, | 
(62)	0,0,0, | 1,4,2, | 
(2870)	0,2,1, | 1,4,2, | 
(7196)	0,5,3, | 1,5,2, | 
(15620)	2,0,0, | 1,5,2, | 
(68)	0,0,0, | 1,5,2, | 
(15620)	2,0,0, | 1,5,2, | 
(17125)	2,1,1, | 1,4,1, | 
(24907)	3,1,1, | 1,5,1, | 
(45859)	5,5,2, | 1,5,1, | 
(54)	0,0,0, | 1,3,0, | 
(13092)	1,4,0, | 3,4,0, | 
(22446)	2,5,1, | 5,3,0, | 
(10422)	1,2,0, | 1,3,0, | 
(14382)	1,5,0, | 3,3,0, | 
(10434)	1,2,0, | 1,5,0, | 
(10428)	1,2,0, | 1,4,0, | 
(13014)	1,4,0, | 1,3,0, | 
(10494)	1,2,0, | 3,3,0, | 
(10368)	1,2,0, | 0,0,0, | 
(14731)	1,5,2, | 1,1,1, | 
(14708)	1,5,2, | 0,3,2, | 
(14731)	1,5,2, | 1,1,1, | 
(14786)	1,5,2, | 2,4,2, | 
(14731)	1,5,2, | 1,1,1, | 
(14786)	1,5,2, | 2,4,2, | 
(14695)	1,5,2, | 0,1,1, | 
(14938)	1,5,3, | 0,5,4, | 
(14904)	1,5,3, | 0,0,0, | 
(14904)	1,5,3, | 0,0,0, | 
(14904)	1,5,3, | 0,0,0, | 
(14904)	1,5,3, | 0,0,0, | 
(14904)	1,5,3, | 0,0,0, | 
(7164)	0,5,3, | 1,0,0, | 
(69)	0,0,0, | 1,5,3, | 
(69)	0,0,0, | 1,5,3, | 
(69)	0,0,0, | 1,5,3, | 
(7845)	1,0,0, | 1,5,3, | 
(69)	0,0,0, | 1,5,3, | 
(7196)	0,5,3, | 1,5,2, | 
(15620)	2,0,0, | 1,5,2, | 
(68)	0,0,0, | 1,5,2, | 
(15620)	2,0,0, | 1,5,2, | 
(2875)	0,2,1, | 1,5,1, | 
(24907)	3,1,1, | 1,5,1, | 
(45859)	5,5,2, | 1,5,1, | 
(54)	0,0,0, | 1,3,0, | 
(13092)	1,4,0, | 3,4,0, | 
(22302)	2,5,1, | 1,3,0, | 
(11718)	1,3,0, | 1,3,0, | 
(27306)	3,3,0, | 2,3,0, | 
(11766)	1,3,0, | 2,5,0, | 
(11718)	1,3,0, | 1,3,0, | 
(11718)	1,3,0, | 1,3,0, | 
(11766)	1,3,0, | 2,5,0, | 
(11664)	1,3,0, | 0,0,0, | 
(13212)	1,4,1, | 1,0,0, | 
(13261)	1,4,1, | 2,2,1, | 
(14731)	1,5,2, | 1,1,1, | 
(14757)	1,5,2, | 1,5,3, | 
(14688)	1,5,2, | 0,0,0, | 
(14786)	1,5,2, | 2,4,2, | 
(14688)	1,5,2, | 0,0,0, | 
(14918)	1,5,3, | 0,2,2, | 
(14904)	1,5,3, | 0,0,0, | 
(14904)	1,5,3, | 0,0,0, | 
(14904)	1,5,3, | 0,0,0, | 
(14904)	1,5,3, | 0,0,0, | 
(14904)	1,5,3, | 0,0,0, | 
(69)	0,0,0, | 1,5,3, | 
(69)	0,0,0, | 1,5,3, | 
(69)	0,0,0, | 1,5,3, | 
(69)	0,0,0, | 1,5,3, | 
(7845)	1,0,0, | 1,5,3, | 
(69)	0,0,0, | 1,5,3, | 
(7196)	0,5,3, | 1,5,2, | 
(15620)	2,0,0, | 1,5,2, | 
(68)	0,0,0, | 1,5,2, | 
(15620)	2,0,0, | 1,5,2, | 
(2875)	0,2,1, | 1,5,1, | 
(24907)	3,1,1, | 1,5,1, | 
(45859)	5,5,2, | 1,5,1, | 
(54)	0,0,0, | 1,3,0, | 
(13092)	1,4,0, | 3,4,0, | 
(22338)	2,5,1, | 2,3,0, | 
(11724)	1,3,0, | 1,4,0, | 
(22098)	2,5,0, | 1,5,0, | 
(11731)	1,3,0, | 1,5,1, | 
(11718)	1,3,0, | 1,3,0, | 
(11754)	1,3,0, | 2,3,0, | 
(13056)	1,4,0, | 2,4,0, | 
(11664)	1,3,0, | 0,0,0, | 
(14479)	1,5,1, | 0,1,1, | 
(14472)	1,5,1, | 0,0,0, | 
(14701)	1,5,2, | 0,2,1, | 
(14786)	1,5,2, | 2,4,2, | 
(14688)	1,5,2, | 0,0,0, | 
(14701)	1,5,2, | 0,2,1, | 
(14786)	1,5,2, | 2,4,2, | 
(14904)	1,5,3, | 0,0,0, | 
(14904)	1,5,3, | 0,0,0, | 
(14904)	1,5,3, | 0,0,0, | 
(14904)	1,5,3, | 0,0,0, | 
(14904)	1,5,3, | 0,0,0, | 
(14904)	1,5,3, | 0,0,0, | 
(69)	0,0,0, | 1,5,3, | 
(69)	0,0,0, | 1,5,3, | 
(69)	0,0,0, | 1,5,3, | 
(69)	0,0,0, | 1,5,3, | 
(7845)	1,0,0, | 1,5,3, | 
(69)	0,0,0, | 1,5,3, | 
(7196)	0,5,3, | 1,5,2, | 
(68)	0,0,0, | 1,5,2, | 
(68)	0,0,0, | 1,5,2, | 
(68)	0,0,0, | 1,5,2, | 
(2875)	0,2,1, | 1,5,1, | 
(24907)	3,1,1, | 1,5,1, | 
(45859)	5,5,2, | 1,5,1, | 
(54)	0,0,0, | 1,3,0, | 
(13020)	1,4,0, | 1,4,0, | 
(11803)	1,3,0, | 3,5,1, | 
(11718)	1,3,0, | 1,3,0, | 
(14467)	1,5,0, | 5,5,1, | 
(11718)	1,3,0, | 1,3,0, | 
(11718)	1,3,0, | 1,3,0, | 
(11731)	1,3,0, | 1,5,1, | 
(11730)	1,3,0, | 1,5,0, | 
(11664)	1,3,0, | 0,0,0, | 
(14472)	1,5,1, | 0,0,0, | 
(14587)	1,5,1, | 3,1,1, | 
(14587)	1,5,1, | 3,1,1, | 
(14757)	1,5,2, | 1,5,3, | 
(14695)	1,5,2, | 0,1,1, | 
(14695)	1,5,2, | 0,1,1, | 
(14757)	1,5,2, | 1,5,3, | 
(14904)	1,5,3, | 0,0,0, | 
