(46009)	5,5,3, | 0,0,1, | 
(46009)	5,5,3, | 0,0,1, | 
(46009)	5,5,3, | 0,0,1, | 
(46009)	5,5,3, | 0,0,1, | 
(46009)	5,5,3, | 0,0,1, | 
(46009)	5,5,3, | 0,0,1, | 
(213)	0,0,0, | 5,5,3, | 
(213)	0,0,0, | 5,5,3, | 
(213)	0,0,0, | 5,5,3, | 
(213)	0,0,0, | 5,5,3, | 
(213)	0,0,0, | 5,5,3, | 
(7989)	1,0,0, | 5,5,3, | 
(11013)	1,2,2, | 5,5,3, | 
(10796)	1,2,1, | 5,5,2, | 
(10796)	1,2,1, | 5,5,2, | 
(7988)	1,0,0, | 5,5,2, | 
(7988)	1,0,0, | 5,5,2, | 
(7988)	1,0,0, | 5,5,2, | 
(10796)	1,2,1, | 5,5,2, | 
(10796)	1,2,1, | 5,5,2, | 
(78)	0,0,0, | 2,1,0, | 
(35420)	4,3,1, | 5,5,2, | 
(9120)	1,1,0, | 1,2,0, | 
(16968)	2,1,0, | 3,2,0, | 
(9235)	1,1,0, | 4,3,1, | 
(10446)	1,2,0, | 2,1,0, | 
(9114)	1,1,0, | 1,1,0, | 
(33738)	4,2,0, | 1,1,0, | 
(9271)	1,1,0, | 5,3,1, | 
(9235)	1,1,0, | 4,3,1, | 
(9072)	1,1,0, | 0,0,0, | 
(45828)	5,5,2, | 1,0,0, | 
(45828)	5,5,2, | 1,0,0, | 
(45871)	5,5,2, | 2,1,1, | 
(45828)	5,5,2, | 1,0,0, | 
(45871)	5,5,2, | 2,1,1, | 
(45828)	5,5,2, | 1,0,0, | 
(45828)	5,5,2, | 1,0,0, | 
(46044)	5,5,3, | 1,0,0, | 
(46044)	5,5,3, | 1,0,0, | 
(46008)	5,5,3, | 0,0,0, | 
(46009)	5,5,3, | 0,0,1, | 
(46009)	5,5,3, | 0,0,1, | 
(46009)	5,5,3, | 0,0,1, | 
(46009)	5,5,3, | 0,0,1, | 
(46009)	5,5,3, | 0,0,1, | 
(46009)	5,5,3, | 0,0,1, | 
(46009)	5,5,3, | 0,0,1, | 
(46009)	5,5,3, | 0,0,1, | 
(46009)	5,5,3, | 0,0,1, | 
(0)	0,0,0, | 0,0,0, | 
(7992)	1,0,1, | 0,0,0, | 
(0)	0,0,0, | 0,0,0, | 
(10584)	1,2,1, | 0,0,0, | 
(13392)	1,4,2, | 0,0,0, | 
(7776)	1,0,0, | 0,0,0, | 
(7776)	1,0,0, | 0,0,0, | 
(15552)	2,0,0, | 0,0,0, | 
(30672)	3,5,4, | 0,0,0, | 
(17276)	2,1,1, | 5,5,2, | 
(78)	0,0,0, | 2,1,0, | 
(55)	0,0,0, | 1,3,1, | 
(42)	0,0,0, | 1,1,0, | 
(10662)	1,2,1, | 2,1,0, | 
(7818)	1,0,0, | 1,1,0, | 
(10410)	1,2,0, | 1,1,0, | 
(7975)	1,0,0, | 5,3,1, | 
(11922)	1,3,1, | 1,1,0, | 
(11922)	1,3,1, | 1,1,0, | 
(7916)	1,0,0, | 3,5,2, | 
(85)	0,0,0, | 2,2,1, | 
(46044)	5,5,3, | 1,0,0, | 
(46051)	5,5,3, | 1,1,1, | 
(46058)	5,5,3, | 1,2,2, | 
(46058)	5,5,3, | 1,2,2, | 
(46058)	5,5,3, | 1,2,2, | 
(46051)	5,5,3, | 1,1,1, | 
(46058)	5,5,3, | 1,2,2, | 
(46051)	5,5,3, | 1,1,1, | 
(46051)	5,5,3, | 1,1,1, | 
(46009)	5,5,3, | 0,0,1, | 
(46009)	5,5,3, | 0,0,1, | 
(46009)	5,5,3, | 0,0,1, | 
(46009)	5,5,3, | 0,0,1, | 
(46009)	5,5,3, | 0,0,1, | 
(46009)	5,5,3, | 0,0,1, | 
(46009)	5,5,3, | 0,0,1, | 
(46009)	5,5,3, | 0,0,1, | 
(46009)	5,5,3, | 0,0,1, | 
(46009)	5,5,3, | 0,0,1, | 
(0)	0,0,0, | 0,0,0, | 
(19657)	2,3,1, | 0,0,1, | 
(0)	0,0,0, | 0,0,0, | 
(10584)	1,2,1, | 0,0,0, | 
(13392)	1,4,2, | 0,0,0, | 
(7776)	1,0,0, | 0,0,0, | 
(7776)	1,0,0, | 0,0,0, | 
(15552)	2,0,0, | 0,0,0, | 
(30672)	3,5,4, | 0,0,0, | 
(7825)	1,0,0, | 1,2,1, | 
(91)	0,0,0, | 2,3,1, | 
(55)	0,0,0, | 1,3,1, | 
(42)	0,0,0, | 1,1,0, | 
(16896)	2,1,0, | 1,2,0, | 
(7818)	1,0,0, | 1,1,0, | 
(10410)	1,2,0, | 1,1,0, | 
(7867)	1,0,0, | 2,3,1, | 
(11922)	1,3,1, | 1,1,0, | 
(11922)	1,3,1, | 1,1,0, | 
(9150)	1,1,0, | 2,1,0, | 
(0)	0,0,0, | 0,0,0, | 
(46087)	5,5,3, | 2,1,1, | 
(46051)	5,5,3, | 1,1,1, | 
(46058)	5,5,3, | 1,2,2, | 
(46058)	5,5,3, | 1,2,2, | 
(46058)	5,5,3, | 1,2,2, | 
(46051)	5,5,3, | 1,1,1, | 
(46058)	5,5,3, | 1,2,2, | 
(46051)	5,5,3, | 1,1,1, | 
(46051)	5,5,3, | 1,1,1, | 
(46009)	5,5,3, | 0,0,1, | 
(46009)	5,5,3, | 0,0,1, | 
(46009)	5,5,3, | 0,0,1, | 
(46009)	5,5,3, | 0,0,1, | 
(46009)	5,5,3, | 0,0,1, | 
(46009)	5,5,3, | 0,0,1, | 
(46009)	5,5,3, | 0,0,1, | 
(46009)	5,5,3, | 0,0,1, | 
(46009)	5,5,3, | 0,0,1, | 
(46009)	5,5,3, | 0,0,1, | 
(0)	0,0,0, | 0,0,0, | 
(7992)	1,0,1, | 0,0,0, | 
(0)	0,0,0, | 0,0,0, | 
(10584)	1,2,1, | 0,0,0, | 
(13392)	1,4,2, | 0,0,0, | 
(7776)	1,0,0, | 0,0,0, | 
(7776)	1,0,0, | 0,0,0, | 
(15552)	2,0,0, | 0,0,0, | 
(30672)	3,5,4, | 0,0,0, | 
(7825)	1,0,0, | 1,2,1, | 
(91)	0,0,0, | 2,3,1, | 
(55)	0,0,0, | 1,3,1, | 
(42)	0,0,0, | 1,1,0, | 
(16896)	2,1,0, | 1,2,0, | 
(7818)	1,0,0, | 1,1,0, | 
(10410)	1,2,0, | 1,1,0, | 
(7867)	1,0,0, | 2,3,1, | 
(11922)	1,3,1, | 1,1,0, | 
(11922)	1,3,1, | 1,1,0, | 
(9150)	1,1,0, | 2,1,0, | 
(0)	0,0,0, | 0,0,0, | 
(46087)	5,5,3, | 2,1,1, | 
(46051)	5,5,3, | 1,1,1, | 
(46058)	5,5,3, | 1,2,2, | 
(46058)	5,5,3, | 1,2,2, | 
(46058)	5,5,3, | 1,2,2, | 
(46051)	5,5,3, | 1,1,1, | 
(46058)	5,5,3, | 1,2,2, | 
(46051)	5,5,3, | 1,1,1, | 
(46051)	5,5,3, | 1,1,1, | 
(46009)	5,5,3, | 0,0,1, | 
(46009)	5,5,3, | 0,0,1, | 
(46009)	5,5,3, | 0,0,1, | 
(46009)	5,5,3, | 0,0,1, | 
(46009)	5,5,3, | 0,0,1, | 
(46009)	5,5,3, | 0,0,1, | 
(46009)	5,5,3, | 0,0,1, | 
(46009)	5,5,3, | 0,0,1, | 
(46009)	5,5,3, | 0,0,1, | 
(46009)	5,5,3, | 0,0,1, | 
(0)	0,0,0, | 0,0,0, | 
(7992)	1,0,1, | 0,0,0, | 
(0)	0,0,0, | 0,0,0, | 
(10584)	1,2,1, | 0,0,0, | 
(13392)	1,4,2, | 0,0,0, | 
(7776)	1,0,0, | 0,0,0, | 
(7776)	1,0,0, | 0,0,0, | 
(15552)	2,0,0, | 0,0,0, | 
(30672)	3,5,4, | 0,0,0, | 
(7825)	1,0,0, | 1,2,1, | 
(91)	0,0,0, | 2,3,1, | 
(55)	0,0,0, | 1,3,1, | 
(42)	0,0,0, | 1,1,0, | 
(16896)	2,1,0, | 1,2,0, | 
(7818)	1,0,0, | 1,1,0, | 
(10410)	1,2,0, | 1,1,0, | 
(7867)	1,0,0, | 2,3,1, | 
(11922)	1,3,1, | 1,1,0, | 
(11922)	1,3,1, | 1,1,0, | 
(9150)	1,1,0, | 2,1,0, | 
(0)	0,0,0, | 0,0,0, | 
(46087)	5,5,3, | 2,1,1, | 
(46051)	5,5,3, | 1,1,1, | 
(46058)	5,5,3, | 1,2,2, | 
(46058)	5,5,3, | 1,2,2, | 
(46058)	5,5,3, | 1,2,2, | 
(46051)	5,5,3, | 1,1,1, | 
(46058)	5,5,3, | 1,2,2, | 
(46051)	5,5,3, | 1,1,1, | 
(46051)	5,5,3, | 1,1,1, | 
(46009)	5,5,3, | 0,0,1, | 
(46009)	5,5,3, | 0,0,1, | 
(46009)	5,5,3, | 0,0,1, | 
(46009)	5,5,3, | 0,0,1, | 
(46009)	5,5,3, | 0,0,1, | 
(46009)	5,5,3, | 0,0,1, | 
(46009)	5,5,3, | 0,0,1, | 
(46009)	5,5,3, | 0,0,1, | 
(46009)	5,5,3, | 0,0,1, | 
(46009)	5,5,3, | 0,0,1, | 
(0)	0,0,0, | 0,0,0, | 
(7992)	1,0,1, | 0,0,0, | 
(0)	0,0,0, | 0,0,0, | 
(10584)	1,2,1, | 0,0,0, | 
(13392)	1,4,2, | 0,0,0, | 
(7776)	1,0,0, | 0,0,0, | 
(7776)	1,0,0, | 0,0,0, | 
(15552)	2,0,0, | 0,0,0, | 
(30672)	3,5,4, | 0,0,0, | 
(7825)	1,0,0, | 1,2,1, | 
(91)	0,0,0, | 2,3,1, | 
(55)	0,0,0, | 1,3,1, | 
(42)	0,0,0, | 1,1,0, | 
(16896)	2,1,0, | 1,2,0, | 
(7818)	1,0,0, | 1,1,0, | 
(10410)	1,2,0, | 1,1,0, | 
(7867)	1,0,0, | 2,3,1, | 
(11922)	1,3,1, | 1,1,0, | 
(11922)	1,3,1, | 1,1,0, | 
(9150)	1,1,0, | 2,1,0, | 
(0)	0,0,0, | 0,0,0, | 
(46087)	5,5,3, | 2,1,1, | 
(46051)	5,5,3, | 1,1,1, | 
(46058)	5,5,3, | 1,2,2, | 
(46058)	5,5,3, | 1,2,2, | 
(46058)	5,5,3, | 1,2,2, | 
(46051)	5,5,3, | 1,1,1, | 
(46058)	5,5,3, | 1,2,2, | 
(46051)	5,5,3, | 1,1,1, | 
(46051)	5,5,3, | 1,1,1, | 
(0)	0,0,0, | 0,0,0, | 
(213)	0,0,0, | 5,5,3, | 
(213)	0,0,0, | 5,5,3, | 
(213)	0,0,0, | 5,5,3, | 
(213)	0,0,0, | 5,5,3, | 
(213)	0,0,0, | 5,5,3, | 
(213)	0,0,0, | 5,5,3, | 
(213)	0,0,0, | 5,5,3, | 
(213)	0,0,0, | 5,5,3, | 
(213)	0,0,0, | 5,5,3, | 
(213)	0,0,0, | 5,5,3, | 
(11013)	1,2,2, | 5,5,3, | 
(7989)	1,0,0, | 5,5,3, | 
(7989)	1,0,0, | 5,5,3, | 
(9501)	1,1,1, | 5,5,3, | 
(7989)	1,0,0, | 5,5,3, | 
(7989)	1,0,0, | 5,5,3, | 
(7989)	1,0,0, | 5,5,3, | 
(7989)	1,0,0, | 5,5,3, | 
(18789)	2,2,2, | 5,5,3, | 
(72)	0,0,0, | 2,0,0, | 
(26089)	3,2,0, | 4,4,1, | 
(9121)	1,1,0, | 1,2,1, | 
(9144)	1,1,0, | 2,0,0, | 
(9144)	1,1,0, | 2,0,0, | 
(9072)	1,1,0, | 0,0,0, | 
(9114)	1,1,0, | 1,1,0, | 
(9072)	1,1,0, | 0,0,0, | 
(9108)	1,1,0, | 1,0,0, | 
(9072)	1,1,0, | 0,0,0, | 
(9072)	1,1,0, | 0,0,0, | 
(45864)	5,5,2, | 2,0,0, | 
(36)	0,0,0, | 1,0,0, | 
(36)	0,0,0, | 1,0,0, | 
(36)	0,0,0, | 1,0,0, | 
(36)	0,0,0, | 1,0,0, | 
(0)	0,0,0, | 0,0,0, | 
(169)	0,0,0, | 4,4,1, | 
(72)	0,0,0, | 2,0,0, | 
(0)	0,0,0, | 0,0,0, | 
(121)	0,0,0, | 3,2,1, | 
(0)	0,0,0, | 0,0,0, | 
(0)	0,0,0, | 0,0,0, | 
(0)	0,0,0, | 0,0,0, | 
(0)	0,0,0, | 0,0,0, | 
(0)	0,0,0, | 0,0,0, | 
(0)	0,0,0, | 0,0,0, | 
(0)	0,0,0, | 0,0,0, | 
(0)	0,0,0, | 0,0,0, | 
(0)	0,0,0, | 0,0,0, | 
(0)	0,0,0, | 0,0,0, | 
(7992)	1,0,1, | 0,0,0, | 
(12096)	1,3,2, | 0,0,0, | 
(7776)	1,0,0, | 0,0,0, | 
(7776)	1,0,0, | 0,0,0, | 
(7776)	1,0,0, | 0,0,0, | 
(10800)	1,2,2, | 0,0,0, | 
(10800)	1,2,2, | 0,0,0, | 
(28944)	3,4,2, | 0,0,0, | 
(26136)	3,2,1, | 0,0,0, | 
(72)	0,0,0, | 2,0,0, | 
(26136)	3,2,1, | 0,0,0, | 
(36)	0,0,0, | 1,0,0, | 
(7824)	1,0,0, | 1,2,0, | 
(141)	0,0,0, | 3,5,3, | 
(9373)	1,1,1, | 2,2,1, | 
(43)	0,0,0, | 1,1,1, | 
(9072)	1,1,0, | 0,0,0, | 
(7875)	1,0,0, | 2,4,3, | 
(85)	0,0,0, | 2,2,1, | 
(85)	0,0,0, | 2,2,1, | 
(121)	0,0,0, | 3,2,1, | 
(43)	0,0,0, | 1,1,1, | 
(42)	0,0,0, | 1,1,0, | 
(50)	0,0,0, | 1,2,2, | 
(48)	0,0,0, | 1,2,0, | 
(42)	0,0,0, | 1,1,0, | 
(134)	0,0,0, | 3,4,2, | 
(85)	0,0,0, | 2,2,1, | 
(48)	0,0,0, | 1,2,0, | 
(0)	0,0,0, | 0,0,0, | 
(0)	0,0,0, | 0,0,0, | 
(0)	0,0,0, | 0,0,0, | 
(0)	0,0,0, | 0,0,0, | 
(0)	0,0,0, | 0,0,0, | 
(0)	0,0,0, | 0,0,0, | 
(0)	0,0,0, | 0,0,0, | 
(0)	0,0,0, | 0,0,0, | 
(0)	0,0,0, | 0,0,0, | 
(0)	0,0,0, | 0,0,0, | 
(0)	0,0,0, | 0,0,0, | 
(21169)	2,4,2, | 0,0,1, | 
(12096)	1,3,2, | 0,0,0, | 
(7776)	1,0,0, | 0,0,0, | 
(7776)	1,0,0, | 0,0,0, | 
(7776)	1,0,0, | 0,0,0, | 
(10800)	1,2,2, | 0,0,0, | 
(10800)	1,2,2, | 0,0,0, | 
(28944)	3,4,2, | 0,0,0, | 
(26136)	3,2,1, | 0,0,0, | 
(85)	0,0,0, | 2,2,1, | 
(26136)	3,2,1, | 0,0,0, | 
(36)	0,0,0, | 1,0,0, | 
(7824)	1,0,0, | 1,2,0, | 
(9114)	1,1,0, | 1,1,0, | 
(7776)	1,0,0, | 0,0,0, | 
(43)	0,0,0, | 1,1,1, | 
(9072)	1,1,0, | 0,0,0, | 
(7861)	1,0,0, | 2,2,1, | 
(85)	0,0,0, | 2,2,1, | 
(0)	0,0,0, | 0,0,0, | 
(78)	0,0,0, | 2,1,0, | 
(43)	0,0,0, | 1,1,1, | 
(42)	0,0,0, | 1,1,0, | 
(50)	0,0,0, | 1,2,2, | 
(48)	0,0,0, | 1,2,0, | 
(42)	0,0,0, | 1,1,0, | 
(36)	0,0,0, | 1,0,0, | 
(36)	0,0,0, | 1,0,0, | 
(48)	0,0,0, | 1,2,0, | 
(0)	0,0,0, | 0,0,0, | 
(0)	0,0,0, | 0,0,0, | 
(0)	0,0,0, | 0,0,0, | 
(0)	0,0,0, | 0,0,0, | 
(0)	0,0,0, | 0,0,0, | 
(0)	0,0,0, | 0,0,0, | 
(0)	0,0,0, | 0,0,0, | 
(0)	0,0,0, | 0,0,0, | 
(0)	0,0,0, | 0,0,0, | 
(0)	0,0,0, | 0,0,0, | 
(0)	0,0,0, | 0,0,0, | 
(7992)	1,0,1, | 0,0,0, | 
(12096)	1,3,2, | 0,0,0, | 
(7776)	1,0,0, | 0,0,0, | 
(7776)	1,0,0, | 0,0,0, | 
(7776)	1,0,0, | 0,0,0, | 
(10800)	1,2,2, | 0,0,0, | 
(10800)	1,2,2, | 0,0,0, | 
(28944)	3,4,2, | 0,0,0, | 
(26136)	3,2,1, | 0,0,0, | 
(85)	0,0,0, | 2,2,1, | 
(26136)	3,2,1, | 0,0,0, | 
(36)	0,0,0, | 1,0,0, | 
(7824)	1,0,0, | 1,2,0, | 
(9114)	1,1,0, | 1,1,0, | 
(7776)	1,0,0, | 0,0,0, | 
(43)	0,0,0, | 1,1,1, | 
(9072)	1,1,0, | 0,0,0, | 
(7861)	1,0,0, | 2,2,1, | 
(85)	0,0,0, | 2,2,1, | 
(0)	0,0,0, | 0,0,0, | 
(78)	0,0,0, | 2,1,0, | 
(43)	0,0,0, | 1,1,1, | 
(42)	0,0,0, | 1,1,0, | 
(50)	0,0,0, | 1,2,2, | 
(48)	0,0,0, | 1,2,0, | 
(42)	0,0,0, | 1,1,0, | 
(36)	0,0,0, | 1,0,0, | 
(36)	0,0,0, | 1,0,0, | 
(48)	0,0,0, | 1,2,0, | 
(0)	0,0,0, | 0,0,0, | 
(0)	0,0,0, | 0,0,0, | 
(0)	0,0,0, | 0,0,0, | 
(0)	0,0,0, | 0,0,0, | 
(0)	0,0,0, | 0,0,0, | 
(0)	0,0,0, | 0,0,0, | 
(0)	0,0,0, | 0,0,0, | 
(0)	0,0,0, | 0,0,0, | 
(0)	0,0,0, | 0,0,0, | 
(0)	0,0,0, | 0,0,0, | 
(0)	0,0,0, | 0,0,0, | 
(7992)	1,0,1, | 0,0,0, | 
(12096)	1,3,2, | 0,0,0, | 
(7776)	1,0,0, | 0,0,0, | 
(7776)	1,0,0, | 0,0,0, | 
(7776)	1,0,0, | 0,0,0, | 
(10800)	1,2,2, | 0,0,0, | 
(10800)	1,2,2, | 0,0,0, | 
(28944)	3,4,2, | 0,0,0, | 
(26136)	3,2,1, | 0,0,0, | 
(85)	0,0,0, | 2,2,1, | 
(26136)	3,2,1, | 0,0,0, | 
(36)	0,0,0, | 1,0,0, | 
(7824)	1,0,0, | 1,2,0, | 
(9114)	1,1,0, | 1,1,0, | 
(7776)	1,0,0, | 0,0,0, | 
(43)	0,0,0, | 1,1,1, | 
(9072)	1,1,0, | 0,0,0, | 
(7861)	1,0,0, | 2,2,1, | 
(85)	0,0,0, | 2,2,1, | 
(0)	0,0,0, | 0,0,0, | 
(78)	0,0,0, | 2,1,0, | 
(43)	0,0,0, | 1,1,1, | 
(42)	0,0,0, | 1,1,0, | 
(50)	0,0,0, | 1,2,2, | 
(48)	0,0,0, | 1,2,0, | 
(42)	0,0,0, | 1,1,0, | 
(36)	0,0,0, | 1,0,0, | 
(36)	0,0,0, | 1,0,0, | 
(48)	0,0,0, | 1,2,0, | 
(0)	0,0,0, | 0,0,0, | 
(0)	0,0,0, | 0,0,0, | 
(0)	0,0,0, | 0,0,0, | 
(0)	0,0,0, | 0,0,0, | 
(0)	0,0,0, | 0,0,0, | 
(0)	0,0,0, | 0,0,0, | 
(0)	0,0,0, | 0,0,0, | 
(0)	0,0,0, | 0,0,0, | 
(0)	0,0,0, | 0,0,0, | 
(0)	0,0,0, | 0,0,0, | 
(0)	0,0,0, | 0,0,0, | 
(7992)	1,0,1, | 0,0,0, | 
(12096)	1,3,2, | 0,0,0, | 
(7776)	1,0,0, | 0,0,0, | 
(7776)	1,0,0, | 0,0,0, | 
(7776)	1,0,0, | 0,0,0, | 
(10800)	1,2,2, | 0,0,0, | 
(10800)	1,2,2, | 0,0,0, | 
(28944)	3,4,2, | 0,0,0, | 
(26136)	3,2,1, | 0,0,0, | 
(85)	0,0,0, | 2,2,1, | 
(26136)	3,2,1, | 0,0,0, | 
(36)	0,0,0, | 1,0,0, | 
(7824)	1,0,0, | 1,2,0, | 
(9114)	1,1,0, | 1,1,0, | 
(7776)	1,0,0, | 0,0,0, | 
(43)	0,0,0, | 1,1,1, | 
(9072)	1,1,0, | 0,0,0, | 
(7861)	1,0,0, | 2,2,1, | 
(85)	0,0,0, | 2,2,1, | 
(0)	0,0,0, | 0,0,0, | 
(78)	0,0,0, | 2,1,0, | 
(43)	0,0,0, | 1,1,1, | 
(42)	0,0,0, | 1,1,0, | 
(50)	0,0,0, | 1,2,2, | 
(48)	0,0,0, | 1,2,0, | 
(42)	0,0,0, | 1,1,0, | 
(36)	0,0,0, | 1,0,0, | 
(36)	0,0,0, | 1,0,0, | 
(48)	0,0,0, | 1,2,0, | 
(0)	0,0,0, | 0,0,0, | 
(213)	0,0,0, | 5,5,3, | 
(213)	0,0,0, | 5,5,3, | 
(213)	0,0,0, | 5,5,3, | 
(213)	0,0,0, | 5,5,3, | 
(213)	0,0,0, | 5,5,3, | 
(213)	0,0,0, | 5,5,3, | 
(213)	0,0,0, | 5,5,3, | 
(213)	0,0,0, | 5,5,3, | 
(213)	0,0,0, | 5,5,3, | 
(213)	0,0,0, | 5,5,3, | 
(11013)	1,2,2, | 5,5,3, | 
(17277)	2,1,1, | 5,5,3, | 
(7989)	1,0,0, | 5,5,3, | 
(9501)	1,1,1, | 5,5,3, | 
(7989)	1,0,0, | 5,5,3, | 
(7989)	1,0,0, | 5,5,3, | 
(7989)	1,0,0, | 5,5,3, | 
(7989)	1,0,0, | 5,5,3, | 
(17277)	2,1,1, | 5,5,3, | 
(72)	0,0,0, | 2,0,0, | 
(9072)	1,1,0, | 0,0,0, | 
(9121)	1,1,0, | 1,2,1, | 
(9144)	1,1,0, | 2,0,0, | 
(9144)	1,1,0, | 2,0,0, | 
(9072)	1,1,0, | 0,0,0, | 
(9114)	1,1,0, | 1,1,0, | 
(9072)	1,1,0, | 0,0,0, | 
(9108)	1,1,0, | 1,0,0, | 
(9072)	1,1,0, | 0,0,0, | 
(9072)	1,1,0, | 0,0,0, | 
(10620)	1,2,1, | 1,0,0, | 
(36)	0,0,0, | 1,0,0, | 
(36)	0,0,0, | 1,0,0, | 
(36)	0,0,0, | 1,0,0, | 
(36)	0,0,0, | 1,0,0, | 
(0)	0,0,0, | 0,0,0, | 
(169)	0,0,0, | 4,4,1, | 
(72)	0,0,0, | 2,0,0, | 
(0)	0,0,0, | 0,0,0, | 
(121)	0,0,0, | 3,2,1, | 
(0)	0,0,0, | 0,0,0, | 
(0)	0,0,0, | 0,0,0, | 
(0)	0,0,0, | 0,0,0, | 
(0)	0,0,0, | 0,0,0, | 
(0)	0,0,0, | 0,0,0, | 
(0)	0,0,0, | 0,0,0, | 
(0)	0,0,0, | 0,0,0, | 
(0)	0,0,0, | 0,0,0, | 
(0)	0,0,0, | 0,0,0, | 
(0)	0,0,0, | 0,0,0, | 
(7992)	1,0,1, | 0,0,0, | 
(12096)	1,3,2, | 0,0,0, | 
(7776)	1,0,0, | 0,0,0, | 
(7776)	1,0,0, | 0,0,0, | 
(7776)	1,0,0, | 0,0,0, | 
(10800)	1,2,2, | 0,0,0, | 
(10800)	1,2,2, | 0,0,0, | 
(10368)	1,2,0, | 0,0,0, | 
(12096)	1,3,2, | 0,0,0, | 
(72)	0,0,0, | 2,0,0, | 
(17113)	2,1,1, | 1,2,1, | 
(36)	0,0,0, | 1,0,0, | 
(7824)	1,0,0, | 1,2,0, | 
(141)	0,0,0, | 3,5,3, | 
(9373)	1,1,1, | 2,2,1, | 
(43)	0,0,0, | 1,1,1, | 
(9072)	1,1,0, | 0,0,0, | 
(7875)	1,0,0, | 2,4,3, | 
(85)	0,0,0, | 2,2,1, | 
(85)	0,0,0, | 2,2,1, | 
(121)	0,0,0, | 3,2,1, | 
(43)	0,0,0, | 1,1,1, | 
(42)	0,0,0, | 1,1,0, | 
(50)	0,0,0, | 1,2,2, | 
(48)	0,0,0, | 1,2,0, | 
(42)	0,0,0, | 1,1,0, | 
(134)	0,0,0, | 3,4,2, | 
(85)	0,0,0, | 2,2,1, | 
(48)	0,0,0, | 1,2,0, | 
(0)	0,0,0, | 0,0,0, | 
(0)	0,0,0, | 0,0,0, | 
(0)	0,0,0, | 0,0,0, | 
(0)	0,0,0, | 0,0,0, | 
(0)	0,0,0, | 0,0,0, | 
(0)	0,0,0, | 0,0,0, | 
(0)	0,0,0, | 0,0,0, | 
(0)	0,0,0, | 0,0,0, | 
(0)	0,0,0, | 0,0,0, | 
(0)	0,0,0, | 0,0,0, | 
(0)	0,0,0, | 0,0,0, | 
(7776)	1,0,0, | 0,0,0, | 
(12096)	1,3,2, | 0,0,0, | 
(7776)	1,0,0, | 0,0,0, | 
(7776)	1,0,0, | 0,0,0, | 
(7776)	1,0,0, | 0,0,0, | 
(10800)	1,2,2, | 0,0,0, | 
(10800)	1,2,2, | 0,0,0, | 
(10368)	1,2,0, | 0,0,0, | 
(12096)	1,3,2, | 0,0,0, | 
(85)	0,0,0, | 2,2,1, | 
(17113)	2,1,1, | 1,2,1, | 
(36)	0,0,0, | 1,0,0, | 
(7824)	1,0,0, | 1,2,0, | 
(9114)	1,1,0, | 1,1,0, | 
(7776)	1,0,0, | 0,0,0, | 
(43)	0,0,0, | 1,1,1, | 
(9072)	1,1,0, | 0,0,0, | 
(7861)	1,0,0, | 2,2,1, | 
(85)	0,0,0, | 2,2,1, | 
(0)	0,0,0, | 0,0,0, | 
(78)	0,0,0, | 2,1,0, | 
(43)	0,0,0, | 1,1,1, | 
(42)	0,0,0, | 1,1,0, | 
(50)	0,0,0, | 1,2,2, | 
(48)	0,0,0, | 1,2,0, | 
(42)	0,0,0, | 1,1,0, | 
(36)	0,0,0, | 1,0,0, | 
(36)	0,0,0, | 1,0,0, | 
(48)	0,0,0, | 1,2,0, | 
(0)	0,0,0, | 0,0,0, | 
(0)	0,0,0, | 0,0,0, | 
(0)	0,0,0, | 0,0,0, | 
(0)	0,0,0, | 0,0,0, | 
(0)	0,0,0, | 0,0,0, | 
(0)	0,0,0, | 0,0,0, | 
(0)	0,0,0, | 0,0,0, | 
(0)	0,0,0, | 0,0,0, | 
(0)	0,0,0, | 0,0,0, | 
(0)	0,0,0, | 0,0,0, | 
(0)	0,0,0, | 0,0,0, | 
(7992)	1,0,1, | 0,0,0, | 
(12096)	1,3,2, | 0,0,0, | 
(7776)	1,0,0, | 0,0,0, | 
(7776)	1,0,0, | 0,0,0, | 
(7776)	1,0,0, | 0,0,0, | 
(10800)	1,2,2, | 0,0,0, | 
(10800)	1,2,2, | 0,0,0, | 
(10368)	1,2,0, | 0,0,0, | 
(12096)	1,3,2, | 0,0,0, | 
(85)	0,0,0, | 2,2,1, | 
(17113)	2,1,1, | 1,2,1, | 
(36)	0,0,0, | 1,0,0, | 
(7824)	1,0,0, | 1,2,0, | 
(9114)	1,1,0, | 1,1,0, | 
(7776)	1,0,0, | 0,0,0, | 
(43)	0,0,0, | 1,1,1, | 
(9072)	1,1,0, | 0,0,0, | 
(7861)	1,0,0, | 2,2,1, | 
(85)	0,0,0, | 2,2,1, | 
(0)	0,0,0, | 0,0,0, | 
(78)	0,0,0, | 2,1,0, | 
(43)	0,0,0, | 1,1,1, | 
(42)	0,0,0, | 1,1,0, | 
(50)	0,0,0, | 1,2,2, | 
(48)	0,0,0, | 1,2,0, | 
(42)	0,0,0, | 1,1,0, | 
(36)	0,0,0, | 1,0,0, | 
(36)	0,0,0, | 1,0,0, | 
(48)	0,0,0, | 1,2,0, | 
(0)	0,0,0, | 0,0,0, | 
(0)	0,0,0, | 0,0,0, | 
(0)	0,0,0, | 0,0,0, | 
(0)	0,0,0, | 0,0,0, | 
(0)	0,0,0, | 0,0,0, | 
(0)	0,0,0, | 0,0,0, | 
(0)	0,0,0, | 0,0,0, | 
(0)	0,0,0, | 0,0,0, | 
(0)	0,0,0, | 0,0,0, | 
(0)	0,0,0, | 0,0,0, | 
(0)	0,0,0, | 0,0,0, | 
(7992)	1,0,1, | 0,0,0, | 
(12096)	1,3,2, | 0,0,0, | 
(7776)	1,0,0, | 0,0,0, | 
(7776)	1,0,0, | 0,0,0, | 
(7776)	1,0,0, | 0,0,0, | 
(10800)	1,2,2, | 0,0,0, | 
(10800)	1,2,2, | 0,0,0, | 
(10368)	1,2,0, | 0,0,0, | 
(12096)	1,3,2, | 0,0,0, | 
(85)	0,0,0, | 2,2,1, | 
(17113)	2,1,1, | 1,2,1, | 
(36)	0,0,0, | 1,0,0, | 
(7824)	1,0,0, | 1,2,0, | 
(9114)	1,1,0, | 1,1,0, | 
(7776)	1,0,0, | 0,0,0, | 
(43)	0,0,0, | 1,1,1, | 
(9072)	1,1,0, | 0,0,0, | 
(7861)	1,0,0, | 2,2,1, | 
(85)	0,0,0, | 2,2,1, | 
(0)	0,0,0, | 0,0,0, | 
(78)	0,0,0, | 2,1,0, | 
(43)	0,0,0, | 1,1,1, | 
(42)	0,0,0, | 1,1,0, | 
(50)	0,0,0, | 1,2,2, | 
(48)	0,0,0, | 1,2,0, | 
(42)	0,0,0, | 1,1,0, | 
(36)	0,0,0, | 1,0,0, | 
(36)	0,0,0, | 1,0,0, | 
(48)	0,0,0, | 1,2,0, | 
(0)	0,0,0, | 0,0,0, | 
(0)	0,0,0, | 0,0,0, | 
(0)	0,0,0, | 0,0,0, | 
(0)	0,0,0, | 0,0,0, | 
(0)	0,0,0, | 0,0,0, | 
(0)	0,0,0, | 0,0,0, | 
(0)	0,0,0, | 0,0,0, | 
(0)	0,0,0, | 0,0,0, | 
(0)	0,0,0, | 0,0,0, | 
(0)	0,0,0, | 0,0,0, | 
(0)	0,0,0, | 0,0,0, | 
(7992)	1,0,1, | 0,0,0, | 
(12096)	1,3,2, | 0,0,0, | 
(7776)	1,0,0, | 0,0,0, | 
(7776)	1,0,0, | 0,0,0, | 
(7776)	1,0,0, | 0,0,0, | 
(10800)	1,2,2, | 0,0,0, | 
(10800)	1,2,2, | 0,0,0, | 
(10368)	1,2,0, | 0,0,0, | 
(12096)	1,3,2, | 0,0,0, | 
(85)	0,0,0, | 2,2,1, | 
(17113)	2,1,1, | 1,2,1, | 
(36)	0,0,0, | 1,0,0, | 
(7824)	1,0,0, | 1,2,0, | 
(9114)	1,1,0, | 1,1,0, | 
(7776)	1,0,0, | 0,0,0, | 
(43)	0,0,0, | 1,1,1, | 
(9072)	1,1,0, | 0,0,0, | 
(7861)	1,0,0, | 2,2,1, | 
(85)	0,0,0, | 2,2,1, | 
(0)	0,0,0, | 0,0,0, | 
(78)	0,0,0, | 2,1,0, | 
(43)	0,0,0, | 1,1,1, | 
(42)	0,0,0, | 1,1,0, | 
(50)	0,0,0, | 1,2,2, | 
(48)	0,0,0, | 1,2,0, | 
(42)	0,0,0, | 1,1,0, | 
(36)	0,0,0, | 1,0,0, | 
(36)	0,0,0, | 1,0,0, | 
(48)	0,0,0, | 1,2,0, | 
(0)	0,0,0, | 0,0,0, | 
(213)	0,0,0, | 5,5,3, | 
(213)	0,0,0, | 5,5,3, | 
(213)	0,0,0, | 5,5,3, | 
(213)	0,0,0, | 5,5,3, | 
(213)	0,0,0, | 5,5,3, | 
(213)	0,0,0, | 5,5,3, | 
(213)	0,0,0, | 5,5,3, | 
(213)	0,0,0, | 5,5,3, | 
(213)	0,0,0, | 5,5,3, | 
(213)	0,0,0, | 5,5,3, | 
(11013)	1,2,2, | 5,5,3, | 
(17277)	2,1,1, | 5,5,3, | 
(7989)	1,0,0, | 5,5,3, | 
(9501)	1,1,1, | 5,5,3, | 
(7989)	1,0,0, | 5,5,3, | 
(7989)	1,0,0, | 5,5,3, | 
(7989)	1,0,0, | 5,5,3, | 
(7989)	1,0,0, | 5,5,3, | 
(17277)	2,1,1, | 5,5,3, | 
(72)	0,0,0, | 2,0,0, | 
(9072)	1,1,0, | 0,0,0, | 
(9121)	1,1,0, | 1,2,1, | 
(9144)	1,1,0, | 2,0,0, | 
(9144)	1,1,0, | 2,0,0, | 
(9072)	1,1,0, | 0,0,0, | 
(9114)	1,1,0, | 1,1,0, | 
(9072)	1,1,0, | 0,0,0, | 
(9108)	1,1,0, | 1,0,0, | 
(9072)	1,1,0, | 0,0,0, | 
(9072)	1,1,0, | 0,0,0, | 
(10620)	1,2,1, | 1,0,0, | 
(36)	0,0,0, | 1,0,0, | 
(36)	0,0,0, | 1,0,0, | 
(36)	0,0,0, | 1,0,0, | 
(36)	0,0,0, | 1,0,0, | 
(0)	0,0,0, | 0,0,0, | 
(169)	0,0,0, | 4,4,1, | 
(72)	0,0,0, | 2,0,0, | 
(0)	0,0,0, | 0,0,0, | 
(121)	0,0,0, | 3,2,1, | 
(0)	0,0,0, | 0,0,0, | 
(0)	0,0,0, | 0,0,0, | 
(0)	0,0,0, | 0,0,0, | 
(0)	0,0,0, | 0,0,0, | 
(0)	0,0,0, | 0,0,0, | 
(0)	0,0,0, | 0,0,0, | 
(0)	0,0,0, | 0,0,0, | 
(0)	0,0,0, | 0,0,0, | 
(0)	0,0,0, | 0,0,0, | 
(0)	0,0,0, | 0,0,0, | 
(7992)	1,0,1, | 0,0,0, | 
(12096)	1,3,2, | 0,0,0, | 
(7776)	1,0,0, | 0,0,0, | 
(7776)	1,0,0, | 0,0,0, | 
(7776)	1,0,0, | 0,0,0, | 
(10800)	1,2,2, | 0,0,0, | 
(10800)	1,2,2, | 0,0,0, | 
(10368)	1,2,0, | 0,0,0, | 
(12096)	1,3,2, | 0,0,0, | 
(72)	0,0,0, | 2,0,0, | 
(17113)	2,1,1, | 1,2,1, | 
(36)	0,0,0, | 1,0,0, | 
(7824)	1,0,0, | 1,2,0, | 
(141)	0,0,0, | 3,5,3, | 
(9373)	1,1,1, | 2,2,1, | 
(43)	0,0,0, | 1,1,1, | 
(9072)	1,1,0, | 0,0,0, | 
(7875)	1,0,0, | 2,4,3, | 
(85)	0,0,0, | 2,2,1, | 
(85)	0,0,0, | 2,2,1, | 
(121)	0,0,0, | 3,2,1, | 
(43)	0,0,0, | 1,1,1, | 
(42)	0,0,0, | 1,1,0, | 
(50)	0,0,0, | 1,2,2, | 
(48)	0,0,0, | 1,2,0, | 
(42)	0,0,0, | 1,1,0, | 
(134)	0,0,0, | 3,4,2, | 
(85)	0,0,0, | 2,2,1, | 
(48)	0,0,0, | 1,2,0, | 
(0)	0,0,0, | 0,0,0, | 
(0)	0,0,0, | 0,0,0, | 
(0)	0,0,0, | 0,0,0, | 
(0)	0,0,0, | 0,0,0, | 
(0)	0,0,0, | 0,0,0, | 
(0)	0,0,0, | 0,0,0, | 
(0)	0,0,0, | 0,0,0, | 
(0)	0,0,0, | 0,0,0, | 
(0)	0,0,0, | 0,0,0, | 
(0)	0,0,0, | 0,0,0, | 
(0)	0,0,0, | 0,0,0, | 
(7776)	1,0,0, | 0,0,0, | 
(12096)	1,3,2, | 0,0,0, | 
(7776)	1,0,0, | 0,0,0, | 
(7776)	1,0,0, | 0,0,0, | 
(7776)	1,0,0, | 0,0,0, | 
(10800)	1,2,2, | 0,0,0, | 
(10800)	1,2,2, | 0,0,0, | 
(10368)	1,2,0, | 0,0,0, | 
(12096)	1,3,2, | 0,0,0, | 
(85)	0,0,0, | 2,2,1, | 
(17113)	2,1,1, | 1,2,1, | 
(36)	0,0,0, | 1,0,0, | 
(7824)	1,0,0, | 1,2,0, | 
(9114)	1,1,0, | 1,1,0, | 
(7776)	1,0,0, | 0,0,0, | 
(43)	0,0,0, | 1,1,1, | 
(9072)	1,1,0, | 0,0,0, | 
(7861)	1,0,0, | 2,2,1, | 
(85)	0,0,0, | 2,2,1, | 
(0)	0,0,0, | 0,0,0, | 
(78)	0,0,0, | 2,1,0, | 
(43)	0,0,0, | 1,1,1, | 
(42)	0,0,0, | 1,1,0, | 
(50)	0,0,0, | 1,2,2, | 
(48)	0,0,0, | 1,2,0, | 
(42)	0,0,0, | 1,1,0, | 
(36)	0,0,0, | 1,0,0, | 
(36)	0,0,0, | 1,0,0, | 
(48)	0,0,0, | 1,2,0, | 
(0)	0,0,0, | 0,0,0, | 
(0)	0,0,0, | 0,0,0, | 
(0)	0,0,0, | 0,0,0, | 
(0)	0,0,0, | 0,0,0, | 
(0)	0,0,0, | 0,0,0, | 
(0)	0,0,0, | 0,0,0, | 
(0)	0,0,0, | 0,0,0, | 
(0)	0,0,0, | 0,0,0, | 
(0)	0,0,0, | 0,0,0, | 
(0)	0,0,0, | 0,0,0, | 
(0)	0,0,0, | 0,0,0, | 
(7992)	1,0,1, | 0,0,0, | 
(12096)	1,3,2, | 0,0,0, | 
(7776)	1,0,0, | 0,0,0, | 
(7776)	1,0,0, | 0,0,0, | 
(7776)	1,0,0, | 0,0,0, | 
(10800)	1,2,2, | 0,0,0, | 
(10800)	1,2,2, | 0,0,0, | 
(10368)	1,2,0, | 0,0,0, | 
(12096)	1,3,2, | 0,0,0, | 
(85)	0,0,0, | 2,2,1, | 
(17113)	2,1,1, | 1,2,1, | 
(36)	0,0,0, | 1,0,0, | 
(7824)	1,0,0, | 1,2,0, | 
(9114)	1,1,0, | 1,1,0, | 
(7776)	1,0,0, | 0,0,0, | 
(43)	0,0,0, | 1,1,1, | 
(9072)	1,1,0, | 0,0,0, | 
(7861)	1,0,0, | 2,2,1, | 
(85)	0,0,0, | 2,2,1, | 
(0)	0,0,0, | 0,0,0, | 
(78)	0,0,0, | 2,1,0, | 
(43)	0,0,0, | 1,1,1, | 
(42)	0,0,0, | 1,1,0, | 
(50)	0,0,0, | 1,2,2, | 
(48)	0,0,0, | 1,2,0, | 
(42)	0,0,0, | 1,1,0, | 
(36)	0,0,0, | 1,0,0, | 
(36)	0,0,0, | 1,0,0, | 
(48)	0,0,0, | 1,2,0, | 
(0)	0,0,0, | 0,0,0, | 
(0)	0,0,0, | 0,0,0, | 
(0)	0,0,0, | 0,0,0, | 
(0)	0,0,0, | 0,0,0, | 
(0)	0,0,0, | 0,0,0, | 
(0)	0,0,0, | 0,0,0, | 
(0)	0,0,0, | 0,0,0, | 
(0)	0,0,0, | 0,0,0, | 
(0)	0,0,0, | 0,0,0, | 
(0)	0,0,0, | 0,0,0, | 
(0)	0,0,0, | 0,0,0, | 
(7992)	1,0,1, | 0,0,0, | 
(12096)	1,3,2, | 0,0,0, | 
(7776)	1,0,0, | 0,0,0, | 
(7776)	1,0,0, | 0,0,0, | 
(7776)	1,0,0, | 0,0,0, | 
(10800)	1,2,2, | 0,0,0, | 
(10800)	1,2,2, | 0,0,0, | 
(10368)	1,2,0, | 0,0,0, | 
(12096)	1,3,2, | 0,0,0, | 
(85)	0,0,0, | 2,2,1, | 
(17113)	2,1,1, | 1,2,1, | 
(36)	0,0,0, | 1,0,0, | 
(7824)	1,0,0, | 1,2,0, | 
(9114)	1,1,0, | 1,1,0, | 
(7776)	1,0,0, | 0,0,0, | 
(43)	0,0,0, | 1,1,1, | 
(9072)	1,1,0, | 0,0,0, | 
(7861)	1,0,0, | 2,2,1, | 
(85)	0,0,0, | 2,2,1, | 
(0)	0,0,0, | 0,0,0, | 
(78)	0,0,0, | 2,1,0, | 
(43)	0,0,0, | 1,1,1, | 
(42)	0,0,0, | 1,1,0, | 
(50)	0,0,0, | 1,2,2, | 
(48)	0,0,0, | 1,2,0, | 
(42)	0,0,0, | 1,1,0, | 
(36)	0,0,0, | 1,0,0, | 
(36)	0,0,0, | 1,0,0, | 
(48)	0,0,0, | 1,2,0, | 
(0)	0,0,0, | 0,0,0, | 
(0)	0,0,0, | 0,0,0, | 
(0)	0,0,0, | 0,0,0, | 
(0)	0,0,0, | 0,0,0, | 
(0)	0,0,0, | 0,0,0, | 
(0)	0,0,0, | 0,0,0, | 
(0)	0,0,0, | 0,0,0, | 
(0)	0,0,0, | 0,0,0, | 
(0)	0,0,0, | 0,0,0, | 
(0)	0,0,0, | 0,0,0, | 
(0)	0,0,0, | 0,0,0, | 
(7992)	1,0,1, | 0,0,0, | 
(12096)	1,3,2, | 0,0,0, | 
(7776)	1,0,0, | 0,0,0, | 
(7776)	1,0,0, | 0,0,0, | 
(7776)	1,0,0, | 0,0,0, | 
(10800)	1,2,2, | 0,0,0, | 
(10800)	1,2,2, | 0,0,0, | 
(10368)	1,2,0, | 0,0,0, | 
(12096)	1,3,2, | 0,0,0, | 
(85)	0,0,0, | 2,2,1, | 
(17113)	2,1,1, | 1,2,1, | 
(36)	0,0,0, | 1,0,0, | 
(7824)	1,0,0, | 1,2,0, | 
(9114)	1,1,0, | 1,1,0, | 
(7776)	1,0,0, | 0,0,0, | 
(43)	0,0,0, | 1,1,1, | 
(9072)	1,1,0, | 0,0,0, | 
(7861)	1,0,0, | 2,2,1, | 
(85)	0,0,0, | 2,2,1, | 
(0)	0,0,0, | 0,0,0, | 
(78)	0,0,0, | 2,1,0, | 
(43)	0,0,0, | 1,1,1, | 
(42)	0,0,0, | 1,1,0, | 
(50)	0,0,0, | 1,2,2, | 
(48)	0,0,0, | 1,2,0, | 
(42)	0,0,0, | 1,1,0, | 
(36)	0,0,0, | 1,0,0, | 
(36)	0,0,0, | 1,0,0, | 
(48)	0,0,0, | 1,2,0, | 
(0)	0,0,0, | 0,0,0, | 
(213)	0,0,0, | 5,5,3, | 
(213)	0,0,0, | 5,5,3, | 
(213)	0,0,0, | 5,5,3, | 
(213)	0,0,0, | 5,5,3, | 
(213)	0,0,0, | 5,5,3, | 
(213)	0,0,0, | 5,5,3, | 
(213)	0,0,0, | 5,5,3, | 
(213)	0,0,0, | 5,5,3, | 
(213)	0,0,0, | 5,5,3, | 
(213)	0,0,0, | 5,5,3, | 
(11013)	1,2,2, | 5,5,3, | 
(17277)	2,1,1, | 5,5,3, | 
(7989)	1,0,0, | 5,5,3, | 
(9501)	1,1,1, | 5,5,3, | 
(7989)	1,0,0, | 5,5,3, | 
(7989)	1,0,0, | 5,5,3, | 
(7989)	1,0,0, | 5,5,3, | 
(7989)	1,0,0, | 5,5,3, | 
(17277)	2,1,1, | 5,5,3, | 
(72)	0,0,0, | 2,0,0, | 
(9072)	1,1,0, | 0,0,0, | 
(9121)	1,1,0, | 1,2,1, | 
(9144)	1,1,0, | 2,0,0, | 
(9144)	1,1,0, | 2,0,0, | 
(9072)	1,1,0, | 0,0,0, | 
(9114)	1,1,0, | 1,1,0, | 
(9072)	1,1,0, | 0,0,0, | 
(9108)	1,1,0, | 1,0,0, | 
(9072)	1,1,0, | 0,0,0, | 
(9072)	1,1,0, | 0,0,0, | 
(10620)	1,2,1, | 1,0,0, | 
(36)	0,0,0, | 1,0,0, | 
(36)	0,0,0, | 1,0,0, | 
(36)	0,0,0, | 1,0,0, | 
(36)	0,0,0, | 1,0,0, | 
(0)	0,0,0, | 0,0,0, | 
(169)	0,0,0, | 4,4,1, | 
(72)	0,0,0, | 2,0,0, | 
(0)	0,0,0, | 0,0,0, | 
(121)	0,0,0, | 3,2,1, | 
(0)	0,0,0, | 0,0,0, | 
(0)	0,0,0, | 0,0,0, | 
(0)	0,0,0, | 0,0,0, | 
(0)	0,0,0, | 0,0,0, | 
(0)	0,0,0, | 0,0,0, | 
(0)	0,0,0, | 0,0,0, | 
(0)	0,0,0, | 0,0,0, | 
(0)	0,0,0, | 0,0,0, | 
(0)	0,0,0, | 0,0,0, | 
(0)	0,0,0, | 0,0,0, | 
(7992)	1,0,1, | 0,0,0, | 
(12096)	1,3,2, | 0,0,0, | 
(7776)	1,0,0, | 0,0,0, | 
(7776)	1,0,0, | 0,0,0, | 
(7776)	1,0,0, | 0,0,0, | 
(10800)	1,2,2, | 0,0,0, | 
(10800)	1,2,2, | 0,0,0, | 
(10368)	1,2,0, | 0,0,0, | 
(12096)	1,3,2, | 0,0,0, | 
(72)	0,0,0, | 2,0,0, | 
(17113)	2,1,1, | 1,2,1, | 
(36)	0,0,0, | 1,0,0, | 
(7824)	1,0,0, | 1,2,0, | 
(141)	0,0,0, | 3,5,3, | 
(9373)	1,1,1, | 2,2,1, | 
(43)	0,0,0, | 1,1,1, | 
(9072)	1,1,0, | 0,0,0, | 
(7875)	1,0,0, | 2,4,3, | 
(85)	0,0,0, | 2,2,1, | 
(85)	0,0,0, | 2,2,1, | 
(121)	0,0,0, | 3,2,1, | 
(43)	0,0,0, | 1,1,1, | 
(42)	0,0,0, | 1,1,0, | 
(50)	0,0,0, | 1,2,2, | 
(48)	0,0,0, | 1,2,0, | 
(42)	0,0,0, | 1,1,0, | 
(134)	0,0,0, | 3,4,2, | 
(85)	0,0,0, | 2,2,1, | 
(48)	0,0,0, | 1,2,0, | 
(0)	0,0,0, | 0,0,0, | 
(0)	0,0,0, | 0,0,0, | 
(0)	0,0,0, | 0,0,0, | 
(0)	0,0,0, | 0,0,0, | 
(0)	0,0,0, | 0,0,0, | 
(0)	0,0,0, | 0,0,0, | 
(0)	0,0,0, | 0,0,0, | 
(0)	0,0,0, | 0,0,0, | 
(0)	0,0,0, | 0,0,0, | 
(0)	0,0,0, | 0,0,0, | 
(0)	0,0,0, | 0,0,0, | 
(7776)	1,0,0, | 0,0,0, | 
(12096)	1,3,2, | 0,0,0, | 
(7776)	1,0,0, | 0,0,0, | 
(7776)	1,0,0, | 0,0,0, | 
(7776)	1,0,0, | 0,0,0, | 
(10800)	1,2,2, | 0,0,0, | 
(10800)	1,2,2, | 0,0,0, | 
(10368)	1,2,0, | 0,0,0, | 
(12096)	1,3,2, | 0,0,0, | 
(85)	0,0,0, | 2,2,1, | 
(17113)	2,1,1, | 1,2,1, | 
(36)	0,0,0, | 1,0,0, | 
(7824)	1,0,0, | 1,2,0, | 
(9114)	1,1,0, | 1,1,0, | 
(7776)	1,0,0, | 0,0,0, | 
(43)	0,0,0, | 1,1,1, | 
(9072)	1,1,0, | 0,0,0, | 
(7861)	1,0,0, | 2,2,1, | 
(85)	0,0,0, | 2,2,1, | 
(0)	0,0,0, | 0,0,0, | 
(78)	0,0,0, | 2,1,0, | 
(43)	0,0,0, | 1,1,1, | 
(42)	0,0,0, | 1,1,0, | 
(50)	0,0,0, | 1,2,2, | 
(48)	0,0,0, | 1,2,0, | 
(42)	0,0,0, | 1,1,0, | 
(36)	0,0,0, | 1,0,0, | 
(36)	0,0,0, | 1,0,0, | 
(48)	0,0,0, | 1,2,0, | 
(0)	0,0,0, | 0,0,0, | 
(0)	0,0,0, | 0,0,0, | 
(0)	0,0,0, | 0,0,0, | 
(0)	0,0,0, | 0,0,0, | 
(0)	0,0,0, | 0,0,0, | 
(0)	0,0,0, | 0,0,0, | 
(0)	0,0,0, | 0,0,0, | 
(0)	0,0,0, | 0,0,0, | 
(0)	0,0,0, | 0,0,0, | 
(0)	0,0,0, | 0,0,0, | 
(0)	0,0,0, | 0,0,0, | 
(7992)	1,0,1, | 0,0,0, | 
(12096)	1,3,2, | 0,0,0, | 
(7776)	1,0,0, | 0,0,0, | 
(7776)	1,0,0, | 0,0,0, | 
(7776)	1,0,0, | 0,0,0, | 
(10800)	1,2,2, | 0,0,0, | 
(10800)	1,2,2, | 0,0,0, | 
(10368)	1,2,0, | 0,0,0, | 
(12096)	1,3,2, | 0,0,0, | 
(85)	0,0,0, | 2,2,1, | 
(17113)	2,1,1, | 1,2,1, | 
(36)	0,0,0, | 1,0,0, | 
(7824)	1,0,0, | 1,2,0, | 
(9114)	1,1,0, | 1,1,0, | 
(7776)	1,0,0, | 0,0,0, | 
(43)	0,0,0, | 1,1,1, | 
(9072)	1,1,0, | 0,0,0, | 
(7861)	1,0,0, | 2,2,1, | 
(85)	0,0,0, | 2,2,1, | 
(0)	0,0,0, | 0,0,0, | 
(78)	0,0,0, | 2,1,0, | 
(43)	0,0,0, | 1,1,1, | 
(42)	0,0,0, | 1,1,0, | 
(50)	0,0,0, | 1,2,2, | 
(48)	0,0,0, | 1,2,0, | 
(42)	0,0,0, | 1,1,0, | 
(36)	0,0,0, | 1,0,0, | 
(36)	0,0,0, | 1,0,0, | 
(48)	0,0,0, | 1,2,0, | 
(0)	0,0,0, | 0,0,0, | 
(0)	0,0,0, | 0,0,0, | 
(0)	0,0,0, | 0,0,0, | 
(0)	0,0,0, | 0,0,0, | 
(0)	0,0,0, | 0,0,0, | 
(0)	0,0,0, | 0,0,0, | 
(0)	0,0,0, | 0,0,0, | 
(0)	0,0,0, | 0,0,0, | 
(0)	0,0,0, | 0,0,0, | 
(0)	0,0,0, | 0,0,0, | 
(0)	0,0,0, | 0,0,0, | 
(7992)	1,0,1, | 0,0,0, | 
(12096)	1,3,2, | 0,0,0, | 
(7776)	1,0,0, | 0,0,0, | 
(7776)	1,0,0, | 0,0,0, | 
(7776)	1,0,0, | 0,0,0, | 
(10800)	1,2,2, | 0,0,0, | 
(10800)	1,2,2, | 0,0,0, | 
(10368)	1,2,0, | 0,0,0, | 
(12096)	1,3,2, | 0,0,0, | 
(85)	0,0,0, | 2,2,1, | 
(17113)	2,1,1, | 1,2,1, | 
(36)	0,0,0, | 1,0,0, | 
(7824)	1,0,0, | 1,2,0, | 
(9114)	1,1,0, | 1,1,0, | 
(7776)	1,0,0, | 0,0,0, | 
(43)	0,0,0, | 1,1,1, | 
(9072)	1,1,0, | 0,0,0, | 
(7861)	1,0,0, | 2,2,1, | 
(85)	0,0,0, | 2,2,1, | 
(0)	0,0,0, | 0,0,0, | 
(78)	0,0,0, | 2,1,0, | 
(43)	0,0,0, | 1,1,1, | 
(42)	0,0,0, | 1,1,0, | 
(50)	0,0,0, | 1,2,2, | 
(48)	0,0,0, | 1,2,0, | 
(42)	0,0,0, | 1,1,0, | 
(36)	0,0,0, | 1,0,0, | 
(36)	0,0,0, | 1,0,0, | 
(48)	0,0,0, | 1,2,0, | 
(0)	0,0,0, | 0,0,0, | 
(0)	0,0,0, | 0,0,0, | 
(0)	0,0,0, | 0,0,0, | 
(0)	0,0,0, | 0,0,0, | 
(0)	0,0,0, | 0,0,0, | 
(0)	0,0,0, | 0,0,0, | 
(0)	0,0,0, | 0,0,0, | 
(0)	0,0,0, | 0,0,0, | 
(0)	0,0,0, | 0,0,0, | 
(0)	0,0,0, | 0,0,0, | 
(0)	0,0,0, | 0,0,0, | 
(7992)	1,0,1, | 0,0,0, | 
(12096)	1,3,2, | 0,0,0, | 
(7776)	1,0,0, | 0,0,0, | 
(7776)	1,0,0, | 0,0,0, | 
(7776)	1,0,0, | 0,0,0, | 
(10800)	1,2,2, | 0,0,0, | 
(10800)	1,2,2, | 0,0,0, | 
(10368)	1,2,0, | 0,0,0, | 
(12096)	1,3,2, | 0,0,0, | 
(85)	0,0,0, | 2,2,1, | 
(17113)	2,1,1, | 1,2,1, | 
(36)	0,0,0, | 1,0,0, | 
(7824)	1,0,0, | 1,2,0, | 
(9114)	1,1,0, | 1,1,0, | 
(7776)	1,0,0, | 0,0,0, | 
(43)	0,0,0, | 1,1,1, | 
(9072)	1,1,0, | 0,0,0, | 
(7861)	1,0,0, | 2,2,1, | 
(85)	0,0,0, | 2,2,1, | 
(0)	0,0,0, | 0,0,0, | 
(78)	0,0,0, | 2,1,0, | 
(43)	0,0,0, | 1,1,1, | 
(42)	0,0,0, | 1,1,0, | 
(50)	0,0,0, | 1,2,2, | 
(48)	0,0,0, | 1,2,0, | 
(42)	0,0,0, | 1,1,0, | 
(36)	0,0,0, | 1,0,0, | 
(36)	0,0,0, | 1,0,0, | 
(48)	0,0,0, | 1,2,0, | 
(0)	0,0,0, | 0,0,0, | 
(213)	0,0,0, | 5,5,3, | 
(213)	0,0,0, | 5,5,3, | 
(213)	0,0,0, | 5,5,3, | 
(213)	0,0,0, | 5,5,3, | 
(213)	0,0,0, | 5,5,3, | 
(213)	0,0,0, | 5,5,3, | 
(213)	0,0,0, | 5,5,3, | 
(213)	0,0,0, | 5,5,3, | 
(213)	0,0,0, | 5,5,3, | 
(213)	0,0,0, | 5,5,3, | 
(11013)	1,2,2, | 5,5,3, | 
(17277)	2,1,1, | 5,5,3, | 
(7989)	1,0,0, | 5,5,3, | 
(9501)	1,1,1, | 5,5,3, | 
(7989)	1,0,0, | 5,5,3, | 
(7989)	1,0,0, | 5,5,3, | 
(7989)	1,0,0, | 5,5,3, | 
(7989)	1,0,0, | 5,5,3, | 
(17277)	2,1,1, | 5,5,3, | 
(72)	0,0,0, | 2,0,0, | 
(9072)	1,1,0, | 0,0,0, | 
(9121)	1,1,0, | 1,2,1, | 
(9144)	1,1,0, | 2,0,0, | 
(9144)	1,1,0, | 2,0,0, | 
(9072)	1,1,0, | 0,0,0, | 
(9114)	1,1,0, | 1,1,0, | 
(9072)	1,1,0, | 0,0,0, | 
(9108)	1,1,0, | 1,0,0, | 
(9072)	1,1,0, | 0,0,0, | 
(9072)	1,1,0, | 0,0,0, | 
(10620)	1,2,1, | 1,0,0, | 
(36)	0,0,0, | 1,0,0, | 
(36)	0,0,0, | 1,0,0, | 
(36)	0,0,0, | 1,0,0, | 
(36)	0,0,0, | 1,0,0, | 
(0)	0,0,0, | 0,0,0, | 
(169)	0,0,0, | 4,4,1, | 
(72)	0,0,0, | 2,0,0, | 
(0)	0,0,0, | 0,0,0, | 
(121)	0,0,0, | 3,2,1, | 
(0)	0,0,0, | 0,0,0, | 
(0)	0,0,0, | 0,0,0, | 
(0)	0,0,0, | 0,0,0, | 
(0)	0,0,0, | 0,0,0, | 
(0)	0,0,0, | 0,0,0, | 
(0)	0,0,0, | 0,0,0, | 
(0)	0,0,0, | 0,0,0, | 
(0)	0,0,0, | 0,0,0, | 
(0)	0,0,0, | 0,0,0, | 
(0)	0,0,0, | 0,0,0, | 
(7992)	1,0,1, | 0,0,0, | 
(12096)	1,3,2, | 0,0,0, | 
(7776)	1,0,0, | 0,0,0, | 
(7776)	1,0,0, | 0,0,0, | 
(7776)	1,0,0, | 0,0,0, | 
(10800)	1,2,2, | 0,0,0, | 
(10800)	1,2,2, | 0,0,0, | 
(10368)	1,2,0, | 0,0,0, | 
(12096)	1,3,2, | 0,0,0, | 
(72)	0,0,0, | 2,0,0, | 
(17113)	2,1,1, | 1,2,1, | 
(36)	0,0,0, | 1,0,0, | 
(7824)	1,0,0, | 1,2,0, | 
(141)	0,0,0, | 3,5,3, | 
(9373)	1,1,1, | 2,2,1, | 
(43)	0,0,0, | 1,1,1, | 
(9072)	1,1,0, | 0,0,0, | 
(7875)	1,0,0, | 2,4,3, | 
(85)	0,0,0, | 2,2,1, | 
(85)	0,0,0, | 2,2,1, | 
(121)	0,0,0, | 3,2,1, | 
(43)	0,0,0, | 1,1,1, | 
(42)	0,0,0, | 1,1,0, | 
(50)	0,0,0, | 1,2,2, | 
(48)	0,0,0, | 1,2,0, | 
(42)	0,0,0, | 1,1,0, | 
(134)	0,0,0, | 3,4,2, | 
(85)	0,0,0, | 2,2,1, | 
(48)	0,0,0, | 1,2,0, | 
(0)	0,0,0, | 0,0,0, | 
(0)	0,0,0, | 0,0,0, | 
(0)	0,0,0, | 0,0,0, | 
(0)	0,0,0, | 0,0,0, | 
(0)	0,0,0, | 0,0,0, | 
(0)	0,0,0, | 0,0,0, | 
(0)	0,0,0, | 0,0,0, | 
(0)	0,0,0, | 0,0,0, | 
(0)	0,0,0, | 0,0,0, | 
(0)	0,0,0, | 0,0,0, | 
(0)	0,0,0, | 0,0,0, | 
(7776)	1,0,0, | 0,0,0, | 
(12096)	1,3,2, | 0,0,0, | 
(7776)	1,0,0, | 0,0,0, | 
(7776)	1,0,0, | 0,0,0, | 
(7776)	1,0,0, | 0,0,0, | 
(10800)	1,2,2, | 0,0,0, | 
(10800)	1,2,2, | 0,0,0, | 
(10368)	1,2,0, | 0,0,0, | 
(12096)	1,3,2, | 0,0,0, | 
(85)	0,0,0, | 2,2,1, | 
(17113)	2,1,1, | 1,2,1, | 
(36)	0,0,0, | 1,0,0, | 
(7824)	1,0,0, | 1,2,0, | 
(9114)	1,1,0, | 1,1,0, | 
(7776)	1,0,0, | 0,0,0, | 
(43)	0,0,0, | 1,1,1, | 
(9072)	1,1,0, | 0,0,0, | 
(7861)	1,0,0, | 2,2,1, | 
(85)	0,0,0, | 2,2,1, | 
(0)	0,0,0, | 0,0,0, | 
(78)	0,0,0, | 2,1,0, | 
(43)	0,0,0, | 1,1,1, | 
(42)	0,0,0, | 1,1,0, | 
(50)	0,0,0, | 1,2,2, | 
(48)	0,0,0, | 1,2,0, | 
(42)	0,0,0, | 1,1,0, | 
(36)	0,0,0, | 1,0,0, | 
(36)	0,0,0, | 1,0,0, | 
(48)	0,0,0, | 1,2,0, | 
(0)	0,0,0, | 0,0,0, | 
(0)	0,0,0, | 0,0,0, | 
(0)	0,0,0, | 0,0,0, | 
(0)	0,0,0, | 0,0,0, | 
(0)	0,0,0, | 0,0,0, | 
(0)	0,0,0, | 0,0,0, | 
(0)	0,0,0, | 0,0,0, | 
(0)	0,0,0, | 0,0,0, | 
(0)	0,0,0, | 0,0,0, | 
(0)	0,0,0, | 0,0,0, | 
(0)	0,0,0, | 0,0,0, | 
(7992)	1,0,1, | 0,0,0, | 
(12096)	1,3,2, | 0,0,0, | 
(7776)	1,0,0, | 0,0,0, | 
(7776)	1,0,0, | 0,0,0, | 
(7776)	1,0,0, | 0,0,0, | 
(10800)	1,2,2, | 0,0,0, | 
(10800)	1,2,2, | 0,0,0, | 
(10368)	1,2,0, | 0,0,0, | 
(12096)	1,3,2, | 0,0,0, | 
(85)	0,0,0, | 2,2,1, | 
(17113)	2,1,1, | 1,2,1, | 
(36)	0,0,0, | 1,0,0, | 
(7824)	1,0,0, | 1,2,0, | 
(9114)	1,1,0, | 1,1,0, | 
(7776)	1,0,0, | 0,0,0, | 
(43)	0,0,0, | 1,1,1, | 
(9072)	1,1,0, | 0,0,0, | 
(7861)	1,0,0, | 2,2,1, | 
(85)	0,0,0, | 2,2,1, | 
(0)	0,0,0, | 0,0,0, | 
(78)	0,0,0, | 2,1,0, | 
(43)	0,0,0, | 1,1,1, | 
(42)	0,0,0, | 1,1,0, | 
(50)	0,0,0, | 1,2,2, | 
(48)	0,0,0, | 1,2,0, | 
(42)	0,0,0, | 1,1,0, | 
(36)	0,0,0, | 1,0,0, | 
(36)	0,0,0, | 1,0,0, | 
(48)	0,0,0, | 1,2,0, | 
(0)	0,0,0, | 0,0,0, | 
(0)	0,0,0, | 0,0,0, | 
(0)	0,0,0, | 0,0,0, | 
(0)	0,0,0, | 0,0,0, | 
(0)	0,0,0, | 0,0,0, | 
(0)	0,0,0, | 0,0,0, | 
(0)	0,0,0, | 0,0,0, | 
(0)	0,0,0, | 0,0,0, | 
(0)	0,0,0, | 0,0,0, | 
(0)	0,0,0, | 0,0,0, | 
(0)	0,0,0, | 0,0,0, | 
(7992)	1,0,1, | 0,0,0, | 
(12096)	1,3,2, | 0,0,0, | 
(7776)	1,0,0, | 0,0,0, | 
(7776)	1,0,0, | 0,0,0, | 
(7776)	1,0,0, | 0,0,0, | 
(10800)	1,2,2, | 0,0,0, | 
(10800)	1,2,2, | 0,0,0, | 
(10368)	1,2,0, | 0,0,0, | 
(12096)	1,3,2, | 0,0,0, | 
(85)	0,0,0, | 2,2,1, | 
(17113)	2,1,1, | 1,2,1, | 
(36)	0,0,0, | 1,0,0, | 
(7824)	1,0,0, | 1,2,0, | 
(9114)	1,1,0, | 1,1,0, | 
(7776)	1,0,0, | 0,0,0, | 
(43)	0,0,0, | 1,1,1, | 
(9072)	1,1,0, | 0,0,0, | 
(7861)	1,0,0, | 2,2,1, | 
(85)	0,0,0, | 2,2,1, | 
(0)	0,0,0, | 0,0,0, | 
(78)	0,0,0, | 2,1,0, | 
(43)	0,0,0, | 1,1,1, | 
(42)	0,0,0, | 1,1,0, | 
(50)	0,0,0, | 1,2,2, | 
(48)	0,0,0, | 1,2,0, | 
(42)	0,0,0, | 1,1,0, | 
(36)	0,0,0, | 1,0,0, | 
(36)	0,0,0, | 1,0,0, | 
(48)	0,0,0, | 1,2,0, | 
(0)	0,0,0, | 0,0,0, | 
(0)	0,0,0, | 0,0,0, | 
(0)	0,0,0, | 0,0,0, | 
(0)	0,0,0, | 0,0,0, | 
(0)	0,0,0, | 0,0,0, | 
(0)	0,0,0, | 0,0,0, | 
(0)	0,0,0, | 0,0,0, | 
(0)	0,0,0, | 0,0,0, | 
(0)	0,0,0, | 0,0,0, | 
(0)	0,0,0, | 0,0,0, | 
(0)	0,0,0, | 0,0,0, | 
(7992)	1,0,1, | 0,0,0, | 
(12096)	1,3,2, | 0,0,0, | 
(7776)	1,0,0, | 0,0,0, | 
(7776)	1,0,0, | 0,0,0, | 
(7776)	1,0,0, | 0,0,0, | 
(10800)	1,2,2, | 0,0,0, | 
(10800)	1,2,2, | 0,0,0, | 
(10368)	1,2,0, | 0,0,0, | 
(12096)	1,3,2, | 0,0,0, | 
(85)	0,0,0, | 2,2,1, | 
(17113)	2,1,1, | 1,2,1, | 
(36)	0,0,0, | 1,0,0, | 
(7824)	1,0,0, | 1,2,0, | 
(9114)	1,1,0, | 1,1,0, | 
(7776)	1,0,0, | 0,0,0, | 
(43)	0,0,0, | 1,1,1, | 
(9072)	1,1,0, | 0,0,0, | 
(7861)	1,0,0, | 2,2,1, | 
(85)	0,0,0, | 2,2,1, | 
(0)	0,0,0, | 0,0,0, | 
(78)	0,0,0, | 2,1,0, | 
(43)	0,0,0, | 1,1,1, | 
(42)	0,0,0, | 1,1,0, | 
(50)	0,0,0, | 1,2,2, | 
(48)	0,0,0, | 1,2,0, | 
(42)	0,0,0, | 1,1,0, | 
(36)	0,0,0, | 1,0,0, | 
(36)	0,0,0, | 1,0,0, | 
(48)	0,0,0, | 1,2,0, | 
