(38268)	4,5,3, | 1,0,0, | 
(38268)	4,5,3, | 1,0,0, | 
(38268)	4,5,3, | 1,0,0, | 
(38268)	4,5,3, | 1,0,0, | 
(38268)	4,5,3, | 1,0,0, | 
(7953)	1,0,0, | 4,5,3, | 
(7953)	1,0,0, | 4,5,3, | 
(7953)	1,0,0, | 4,5,3, | 
(7953)	1,0,0, | 4,5,3, | 
(7953)	1,0,0, | 4,5,3, | 
(23504)	3,0,0, | 4,5,2, | 
(7952)	1,0,0, | 4,5,2, | 
(7952)	1,0,0, | 4,5,2, | 
(7952)	1,0,0, | 4,5,2, | 
(23503)	3,0,0, | 4,5,1, | 
(7951)	1,0,0, | 4,5,1, | 
(14424)	1,5,0, | 4,4,0, | 
(14424)	1,5,0, | 4,4,0, | 
(7836)	1,0,0, | 1,4,0, | 
(20832)	2,4,0, | 2,4,0, | 
(13026)	1,4,0, | 1,5,0, | 
(13020)	1,4,0, | 1,4,0, | 
(13062)	1,4,0, | 2,5,0, | 
(13020)	1,4,0, | 1,4,0, | 
(13020)	1,4,0, | 1,4,0, | 
(13020)	1,4,0, | 1,4,0, | 
(13020)	1,4,0, | 1,4,0, | 
(12996)	1,4,0, | 1,0,0, | 
(36354)	4,4,0, | 1,5,0, | 
(36354)	4,4,0, | 1,5,0, | 
(37836)	4,5,1, | 1,0,0, | 
(37908)	4,5,1, | 3,0,0, | 
(38088)	4,5,2, | 2,0,0, | 
(38052)	4,5,2, | 1,0,0, | 
(38052)	4,5,2, | 1,0,0, | 
(38052)	4,5,2, | 1,0,0, | 
(38268)	4,5,3, | 1,0,0, | 
(38268)	4,5,3, | 1,0,0, | 
(38268)	4,5,3, | 1,0,0, | 
(38268)	4,5,3, | 1,0,0, | 
(38268)	4,5,3, | 1,0,0, | 
(15084)	1,5,3, | 5,0,0, | 
(15084)	1,5,3, | 5,0,0, | 
(15084)	1,5,3, | 5,0,0, | 
(7969)	1,0,0, | 5,2,1, | 
(7969)	1,0,0, | 5,2,1, | 
(23521)	3,0,0, | 5,2,1, | 
(7969)	1,0,0, | 5,2,1, | 
(7975)	1,0,0, | 5,3,1, | 
(7975)	1,0,0, | 5,3,1, | 
(14460)	1,5,0, | 5,4,0, | 
(14460)	1,5,0, | 5,4,0, | 
(14460)	1,5,0, | 5,4,0, | 
(14460)	1,5,0, | 5,4,0, | 
(7836)	1,0,0, | 1,4,0, | 
(10500)	1,2,0, | 3,4,0, | 
(10500)	1,2,0, | 3,4,0, | 
(10428)	1,2,0, | 1,4,0, | 
(10428)	1,2,0, | 1,4,0, | 
(14322)	1,5,0, | 1,5,0, | 
(10434)	1,2,0, | 1,5,0, | 
(10500)	1,2,0, | 3,4,0, | 
(10470)	1,2,0, | 2,5,0, | 
(10428)	1,2,0, | 1,4,0, | 
(38078)	4,5,2, | 1,4,2, | 
(38144)	4,5,2, | 3,3,2, | 
(38144)	4,5,2, | 3,3,2, | 
(38059)	4,5,2, | 1,1,1, | 
(38065)	4,5,2, | 1,2,1, | 
(38065)	4,5,2, | 1,2,1, | 
(38059)	4,5,2, | 1,1,1, | 
(38065)	4,5,2, | 1,2,1, | 
(38268)	4,5,3, | 1,0,0, | 
(38268)	4,5,3, | 1,0,0, | 
(38268)	4,5,3, | 1,0,0, | 
(38268)	4,5,3, | 1,0,0, | 
(38268)	4,5,3, | 1,0,0, | 
(15084)	1,5,3, | 5,0,0, | 
(15084)	1,5,3, | 5,0,0, | 
(7982)	1,0,0, | 5,4,2, | 
(7982)	1,0,0, | 5,4,2, | 
(7982)	1,0,0, | 5,4,2, | 
(23540)	3,0,0, | 5,5,2, | 
(7988)	1,0,0, | 5,5,2, | 
(7988)	1,0,0, | 5,5,2, | 
(7988)	1,0,0, | 5,5,2, | 
(7987)	1,0,0, | 5,5,1, | 
(14460)	1,5,0, | 5,4,0, | 
(14460)	1,5,0, | 5,4,0, | 
(14460)	1,5,0, | 5,4,0, | 
(7836)	1,0,0, | 1,4,0, | 
(11730)	1,3,0, | 1,5,0, | 
(11802)	1,3,0, | 3,5,0, | 
(13020)	1,4,0, | 1,4,0, | 
(11730)	1,3,0, | 1,5,0, | 
(14358)	1,5,0, | 2,5,0, | 
(11724)	1,3,0, | 1,4,0, | 
(11724)	1,3,0, | 1,4,0, | 
(11868)	1,3,0, | 5,4,0, | 
(11706)	1,3,0, | 1,1,0, | 
(37855)	4,5,1, | 1,3,1, | 
(37904)	4,5,1, | 2,5,2, | 
(37855)	4,5,1, | 1,3,1, | 
(38059)	4,5,2, | 1,1,1, | 
(38059)	4,5,2, | 1,1,1, | 
(38052)	4,5,2, | 1,0,0, | 
(38052)	4,5,2, | 1,0,0, | 
(38052)	4,5,2, | 1,0,0, | 
(38268)	4,5,3, | 1,0,0, | 
(38268)	4,5,3, | 1,0,0, | 
(38268)	4,5,3, | 1,0,0, | 
(38268)	4,5,3, | 1,0,0, | 
(38268)	4,5,3, | 1,0,0, | 
(15084)	1,5,3, | 5,0,0, | 
(7989)	1,0,0, | 5,5,3, | 
(7989)	1,0,0, | 5,5,3, | 
(7989)	1,0,0, | 5,5,3, | 
(7989)	1,0,0, | 5,5,3, | 
(7988)	1,0,0, | 5,5,2, | 
(7988)	1,0,0, | 5,5,2, | 
(7988)	1,0,0, | 5,5,2, | 
(7988)	1,0,0, | 5,5,2, | 
(7987)	1,0,0, | 5,5,1, | 
(14460)	1,5,0, | 5,4,0, | 
(14460)	1,5,0, | 5,4,0, | 
(14460)	1,5,0, | 5,4,0, | 
(7836)	1,0,0, | 1,4,0, | 
(13170)	1,4,0, | 5,5,0, | 
(13026)	1,4,0, | 1,5,0, | 
(13020)	1,4,0, | 1,4,0, | 
(13020)	1,4,0, | 1,4,0, | 
(14430)	1,5,0, | 4,5,0, | 
(13020)	1,4,0, | 1,4,0, | 
(44124)	5,4,0, | 1,4,0, | 
(13020)	1,4,0, | 1,4,0, | 
(13020)	1,4,0, | 1,4,0, | 
(37941)	4,5,1, | 3,5,3, | 
(37849)	4,5,1, | 1,2,1, | 
(37940)	4,5,1, | 3,5,2, | 
(37855)	4,5,1, | 1,3,1, | 
(38059)	4,5,2, | 1,1,1, | 
(38052)	4,5,2, | 1,0,0, | 
(38078)	4,5,2, | 1,4,2, | 
(38052)	4,5,2, | 1,0,0, | 
(38268)	4,5,3, | 1,0,0, | 
(38268)	4,5,3, | 1,0,0, | 
(38268)	4,5,3, | 1,0,0, | 
(38268)	4,5,3, | 1,0,0, | 
(38268)	4,5,3, | 1,0,0, | 
(15084)	1,5,3, | 5,0,0, | 
(7989)	1,0,0, | 5,5,3, | 
(7989)	1,0,0, | 5,5,3, | 
(7989)	1,0,0, | 5,5,3, | 
(7989)	1,0,0, | 5,5,3, | 
(23540)	3,0,0, | 5,5,2, | 
(7988)	1,0,0, | 5,5,2, | 
(7988)	1,0,0, | 5,5,2, | 
(7988)	1,0,0, | 5,5,2, | 
(7987)	1,0,0, | 5,5,1, | 
(14460)	1,5,0, | 5,4,0, | 
(14460)	1,5,0, | 5,4,0, | 
(14460)	1,5,0, | 5,4,0, | 
(7836)	1,0,0, | 1,4,0, | 
(13062)	1,4,0, | 2,5,0, | 
(13098)	1,4,0, | 3,5,0, | 
(13092)	1,4,0, | 3,4,0, | 
(13020)	1,4,0, | 1,4,0, | 
(13026)	1,4,0, | 1,5,0, | 
(13026)	1,4,0, | 1,5,0, | 
(44232)	5,4,0, | 4,4,0, | 
(13056)	1,4,0, | 2,4,0, | 
(13002)	1,4,0, | 1,1,0, | 
(37843)	4,5,1, | 1,1,1, | 
(37843)	4,5,1, | 1,1,1, | 
(37836)	4,5,1, | 1,0,0, | 
(37836)	4,5,1, | 1,0,0, | 
(38059)	4,5,2, | 1,1,1, | 
(38052)	4,5,2, | 1,0,0, | 
(38078)	4,5,2, | 1,4,2, | 
(38052)	4,5,2, | 1,0,0, | 
(38268)	4,5,3, | 1,0,0, | 
(38268)	4,5,3, | 1,0,0, | 
(38268)	4,5,3, | 1,0,0, | 
(38268)	4,5,3, | 1,0,0, | 
(38268)	4,5,3, | 1,0,0, | 
(15084)	1,5,3, | 5,0,0, | 
(7989)	1,0,0, | 5,5,3, | 
(7989)	1,0,0, | 5,5,3, | 
(7989)	1,0,0, | 5,5,3, | 
(7989)	1,0,0, | 5,5,3, | 
(7988)	1,0,0, | 5,5,2, | 
(7988)	1,0,0, | 5,5,2, | 
(7988)	1,0,0, | 5,5,2, | 
(7988)	1,0,0, | 5,5,2, | 
(7987)	1,0,0, | 5,5,1, | 
(31315)	4,0,0, | 5,5,1, | 
(14460)	1,5,0, | 5,4,0, | 
(14460)	1,5,0, | 5,4,0, | 
(7836)	1,0,0, | 1,4,0, | 
(13020)	1,4,0, | 1,4,0, | 
(37716)	4,5,0, | 3,4,0, | 
(13020)	1,4,0, | 1,4,0, | 
(13020)	1,4,0, | 1,4,0, | 
(13026)	1,4,0, | 1,5,0, | 
(13056)	1,4,0, | 2,4,0, | 
(13026)	1,4,0, | 1,5,0, | 
(13098)	1,4,0, | 3,5,0, | 
(13032)	1,4,0, | 2,0,0, | 
(37855)	4,5,1, | 1,3,1, | 
(37849)	4,5,1, | 1,2,1, | 
(37843)	4,5,1, | 1,1,1, | 
(37836)	4,5,1, | 1,0,0, | 
(38052)	4,5,2, | 1,0,0, | 
(38052)	4,5,2, | 1,0,0, | 
(38052)	4,5,2, | 1,0,0, | 
(38052)	4,5,2, | 1,0,0, | 
(41724)	5,2,1, | 1,0,0, | 
(41724)	5,2,1, | 1,0,0, | 
(38949)	5,0,0, | 1,5,3, | 
(38949)	5,0,0, | 1,5,3, | 
(38949)	5,0,0, | 1,5,3, | 
(7953)	1,0,0, | 4,5,3, | 
(7953)	1,0,0, | 4,5,3, | 
(7953)	1,0,0, | 4,5,3, | 
(7953)	1,0,0, | 4,5,3, | 
(7953)	1,0,0, | 4,5,3, | 
(9464)	1,1,1, | 4,5,2, | 
(9464)	1,1,1, | 4,5,2, | 
(9464)	1,1,1, | 4,5,2, | 
(13568)	1,4,2, | 4,5,2, | 
(10760)	1,2,1, | 4,5,2, | 
(27824)	3,3,2, | 4,5,2, | 
(27824)	3,3,2, | 4,5,2, | 
(43376)	5,3,2, | 4,5,2, | 
(9127)	1,1,0, | 1,3,1, | 
(13008)	1,4,0, | 1,2,0, | 
(13020)	1,4,0, | 1,4,0, | 
(13008)	1,4,0, | 1,2,0, | 
(13008)	1,4,0, | 1,2,0, | 
(13008)	1,4,0, | 1,2,0, | 
(13008)	1,4,0, | 1,2,0, | 
(13008)	1,4,0, | 1,2,0, | 
(13008)	1,4,0, | 1,2,0, | 
(12996)	1,4,0, | 1,0,0, | 
(44130)	5,4,0, | 1,5,0, | 
(44130)	5,4,0, | 1,5,0, | 
(44130)	5,4,0, | 1,5,0, | 
(44130)	5,4,0, | 1,5,0, | 
(43020)	5,3,1, | 1,0,0, | 
(43128)	5,3,1, | 4,0,0, | 
(41724)	5,2,1, | 1,0,0, | 
(41760)	5,2,1, | 2,0,0, | 
(41724)	5,2,1, | 1,0,0, | 
(41724)	5,2,1, | 1,0,0, | 
(41724)	5,2,1, | 1,0,0, | 
(41724)	5,2,1, | 1,0,0, | 
(41724)	5,2,1, | 1,0,0, | 
(7969)	1,0,0, | 5,2,1, | 
(7969)	1,0,0, | 5,2,1, | 
(7969)	1,0,0, | 5,2,1, | 
(7969)	1,0,0, | 5,2,1, | 
(7969)	1,0,0, | 5,2,1, | 
(9481)	1,1,1, | 5,2,1, | 
(7969)	1,0,0, | 5,2,1, | 
(9487)	1,1,1, | 5,3,1, | 
(13591)	1,4,2, | 5,3,1, | 
(20071)	2,3,2, | 5,3,1, | 
(22879)	2,5,3, | 5,3,1, | 
(27847)	3,3,2, | 5,3,1, | 
(43399)	5,3,2, | 5,3,1, | 
(9127)	1,1,0, | 1,3,1, | 
(10566)	1,2,0, | 5,3,0, | 
(30223)	3,5,1, | 5,3,1, | 
(10471)	1,2,0, | 2,5,1, | 
(27559)	3,3,1, | 3,3,1, | 
(10428)	1,2,0, | 1,4,0, | 
(14533)	1,5,1, | 1,4,1, | 
(13315)	1,4,1, | 3,5,1, | 
(10567)	1,2,0, | 5,3,1, | 
(10428)	1,2,0, | 1,4,0, | 
(43033)	5,3,1, | 1,2,1, | 
(43112)	5,3,1, | 3,3,2, | 
(43112)	5,3,1, | 3,3,2, | 
(43027)	5,3,1, | 1,1,1, | 
(43033)	5,3,1, | 1,2,1, | 
(43027)	5,3,1, | 1,1,1, | 
(41724)	5,2,1, | 1,0,0, | 
(41724)	5,2,1, | 1,0,0, | 
(41724)	5,2,1, | 1,0,0, | 
(41724)	5,2,1, | 1,0,0, | 
(41724)	5,2,1, | 1,0,0, | 
(38942)	5,0,0, | 1,4,2, | 
(38942)	5,0,0, | 1,4,2, | 
(7982)	1,0,0, | 5,4,2, | 
(7982)	1,0,0, | 5,4,2, | 
(7982)	1,0,0, | 5,4,2, | 
(7982)	1,0,0, | 5,4,2, | 
(7982)	1,0,0, | 5,4,2, | 
(9494)	1,1,1, | 5,4,2, | 
(9500)	1,1,1, | 5,5,2, | 
(9500)	1,1,1, | 5,5,2, | 
(13604)	1,4,2, | 5,5,2, | 
(20084)	2,3,2, | 5,5,2, | 
(22892)	2,5,3, | 5,5,2, | 
(27860)	3,3,2, | 5,5,2, | 
(43412)	5,3,2, | 5,5,2, | 
(9127)	1,1,0, | 1,3,1, | 
(13135)	1,4,0, | 4,5,1, | 
(30200)	3,5,1, | 4,5,2, | 
(22296)	2,5,1, | 1,2,0, | 
(29874)	3,5,0, | 1,5,0, | 
(13062)	1,4,0, | 2,5,0, | 
(27318)	3,3,0, | 2,5,0, | 
(13008)	1,4,0, | 1,2,0, | 
(14322)	1,5,0, | 1,5,0, | 
(11706)	1,3,0, | 1,1,0, | 
(42870)	5,3,0, | 2,5,0, | 
(41574)	5,2,0, | 2,5,0, | 
(44316)	5,4,1, | 1,0,0, | 
(43076)	5,3,1, | 2,3,2, | 
(43020)	5,3,1, | 1,0,0, | 
(43033)	5,3,1, | 1,2,1, | 
(41866)	5,2,1, | 4,5,4, | 
(41724)	5,2,1, | 1,0,0, | 
(41724)	5,2,1, | 1,0,0, | 
(41724)	5,2,1, | 1,0,0, | 
(41724)	5,2,1, | 1,0,0, | 
(38949)	5,0,0, | 1,5,3, | 
(38949)	5,0,0, | 1,5,3, | 
(7989)	1,0,0, | 5,5,3, | 
(7989)	1,0,0, | 5,5,3, | 
(7989)	1,0,0, | 5,5,3, | 
(7989)	1,0,0, | 5,5,3, | 
(7989)	1,0,0, | 5,5,3, | 
(10796)	1,2,1, | 5,5,2, | 
(9500)	1,1,1, | 5,5,2, | 
(9500)	1,1,1, | 5,5,2, | 
(13604)	1,4,2, | 5,5,2, | 
(20084)	2,3,2, | 5,5,2, | 
(22892)	2,5,3, | 5,5,2, | 
(27860)	3,3,2, | 5,5,2, | 
(43412)	5,3,2, | 5,5,2, | 
(9127)	1,1,0, | 1,3,1, | 
(13164)	1,4,0, | 5,4,0, | 
(30157)	3,5,1, | 3,4,1, | 
(22224)	2,5,0, | 5,2,0, | 
(14394)	1,5,0, | 3,5,0, | 
(28573)	3,4,0, | 1,4,1, | 
(13020)	1,4,0, | 1,4,0, | 
(13014)	1,4,0, | 1,3,0, | 
(13020)	1,4,0, | 1,4,0, | 
(13020)	1,4,0, | 1,4,0, | 
(45717)	5,5,1, | 3,5,3, | 
(45625)	5,5,1, | 1,2,1, | 
(45716)	5,5,1, | 3,5,2, | 
(43020)	5,3,1, | 1,0,0, | 
(43027)	5,3,1, | 1,1,1, | 
(43033)	5,3,1, | 1,2,1, | 
(41724)	5,2,1, | 1,0,0, | 
(41724)	5,2,1, | 1,0,0, | 
(41724)	5,2,1, | 1,0,0, | 
(41724)	5,2,1, | 1,0,0, | 
(38949)	5,0,0, | 1,5,3, | 
(38949)	5,0,0, | 1,5,3, | 
(38949)	5,0,0, | 1,5,3, | 
(7989)	1,0,0, | 5,5,3, | 
(7989)	1,0,0, | 5,5,3, | 
(7989)	1,0,0, | 5,5,3, | 
(7989)	1,0,0, | 5,5,3, | 
(7989)	1,0,0, | 5,5,3, | 
(10796)	1,2,1, | 5,5,2, | 
(9500)	1,1,1, | 5,5,2, | 
(9500)	1,1,1, | 5,5,2, | 
(13604)	1,4,2, | 5,5,2, | 
(20084)	2,3,2, | 5,5,2, | 
(22892)	2,5,3, | 5,5,2, | 
(27860)	3,3,2, | 5,5,2, | 
(43412)	5,3,2, | 5,5,2, | 
(9127)	1,1,0, | 1,3,1, | 
(13158)	1,4,0, | 5,3,0, | 
(22135)	2,5,0, | 2,5,1, | 
(13057)	1,4,0, | 2,4,1, | 
(14322)	1,5,0, | 1,5,0, | 
(13116)	1,4,0, | 4,2,0, | 
(13044)	1,4,0, | 2,2,0, | 
(30018)	3,5,0, | 5,5,0, | 
(13062)	1,4,0, | 2,5,0, | 
(13002)	1,4,0, | 1,1,0, | 
(44130)	5,4,0, | 1,5,0, | 
(45619)	5,5,1, | 1,1,1, | 
(45612)	5,5,1, | 1,0,0, | 
(45619)	5,5,1, | 1,1,1, | 
(43046)	5,3,1, | 1,4,2, | 
(43033)	5,3,1, | 1,2,1, | 
(41724)	5,2,1, | 1,0,0, | 
(41724)	5,2,1, | 1,0,0, | 
(41724)	5,2,1, | 1,0,0, | 
(41724)	5,2,1, | 1,0,0, | 
(38949)	5,0,0, | 1,5,3, | 
(38949)	5,0,0, | 1,5,3, | 
(38949)	5,0,0, | 1,5,3, | 
(7989)	1,0,0, | 5,5,3, | 
(7989)	1,0,0, | 5,5,3, | 
(7989)	1,0,0, | 5,5,3, | 
(7989)	1,0,0, | 5,5,3, | 
(7989)	1,0,0, | 5,5,3, | 
(10796)	1,2,1, | 5,5,2, | 
(9500)	1,1,1, | 5,5,2, | 
(9500)	1,1,1, | 5,5,2, | 
(13604)	1,4,2, | 5,5,2, | 
(20084)	2,3,2, | 5,5,2, | 
(22892)	2,5,3, | 5,5,2, | 
(27860)	3,3,2, | 5,5,2, | 
(43412)	5,3,2, | 5,5,2, | 
(9127)	1,1,0, | 1,3,1, | 
(13152)	1,4,0, | 5,2,0, | 
(13080)	1,4,0, | 3,2,0, | 
(13044)	1,4,0, | 2,2,0, | 
(13050)	1,4,0, | 2,3,0, | 
(14394)	1,5,0, | 3,5,0, | 
(13044)	1,4,0, | 2,2,0, | 
(13008)	1,4,0, | 1,2,0, | 
(13008)	1,4,0, | 1,2,0, | 
(13032)	1,4,0, | 2,0,0, | 
(44166)	5,4,0, | 2,5,0, | 
(44130)	5,4,0, | 1,5,0, | 
(45619)	5,5,1, | 1,1,1, | 
(45612)	5,5,1, | 1,0,0, | 
(43128)	5,3,1, | 4,0,0, | 
(43027)	5,3,1, | 1,1,1, | 
(41751)	5,2,1, | 1,4,3, | 
(41724)	5,2,1, | 1,0,0, | 
(44532)	5,4,2, | 1,0,0, | 
(44532)	5,4,2, | 1,0,0, | 
(44532)	5,4,2, | 1,0,0, | 
(38949)	5,0,0, | 1,5,3, | 
(38949)	5,0,0, | 1,5,3, | 
(7953)	1,0,0, | 4,5,3, | 
(7953)	1,0,0, | 4,5,3, | 
(7953)	1,0,0, | 4,5,3, | 
(7953)	1,0,0, | 4,5,3, | 
(7953)	1,0,0, | 4,5,3, | 
(7952)	1,0,0, | 4,5,2, | 
(7952)	1,0,0, | 4,5,2, | 
(10760)	1,2,1, | 4,5,2, | 
(7952)	1,0,0, | 4,5,2, | 
(9464)	1,1,1, | 4,5,2, | 
(21127)	2,4,1, | 4,5,1, | 
(22639)	2,5,2, | 4,5,1, | 
(12055)	1,3,1, | 4,5,1, | 
(9126)	1,1,0, | 1,3,0, | 
(13014)	1,4,0, | 1,3,0, | 
(13020)	1,4,0, | 1,4,0, | 
(13014)	1,4,0, | 1,3,0, | 
(13062)	1,4,0, | 2,5,0, | 
(13014)	1,4,0, | 1,3,0, | 
(13014)	1,4,0, | 1,3,0, | 
(13014)	1,4,0, | 1,3,0, | 
(13014)	1,4,0, | 1,3,0, | 
(12996)	1,4,0, | 1,0,0, | 
(44130)	5,4,0, | 1,5,0, | 
(44130)	5,4,0, | 1,5,0, | 
(44130)	5,4,0, | 1,5,0, | 
(45612)	5,5,1, | 1,0,0, | 
(45828)	5,5,2, | 1,0,0, | 
(45828)	5,5,2, | 1,0,0, | 
(45828)	5,5,2, | 1,0,0, | 
(45900)	5,5,2, | 3,0,0, | 
(44532)	5,4,2, | 1,0,0, | 
(44532)	5,4,2, | 1,0,0, | 
(44532)	5,4,2, | 1,0,0, | 
(44532)	5,4,2, | 1,0,0, | 
(44532)	5,4,2, | 1,0,0, | 
(13572)	1,4,2, | 5,0,0, | 
(13572)	1,4,2, | 5,0,0, | 
(7969)	1,0,0, | 5,2,1, | 
(7969)	1,0,0, | 5,2,1, | 
(7969)	1,0,0, | 5,2,1, | 
(7969)	1,0,0, | 5,2,1, | 
(7969)	1,0,0, | 5,2,1, | 
(13591)	1,4,2, | 5,3,1, | 
(7975)	1,0,0, | 5,3,1, | 
(10783)	1,2,1, | 5,3,1, | 
(7981)	1,0,0, | 5,4,1, | 
(22224)	2,5,0, | 5,2,0, | 
(13158)	1,4,0, | 5,3,0, | 
(9126)	1,1,0, | 1,3,0, | 
(12078)	1,3,1, | 5,3,0, | 
(10470)	1,2,0, | 2,5,0, | 
(42828)	5,3,0, | 1,4,0, | 
(11718)	1,3,0, | 1,3,0, | 
(11766)	1,3,0, | 2,5,0, | 
(22092)	2,5,0, | 1,4,0, | 
(14394)	1,5,0, | 3,5,0, | 
(22675)	2,5,2, | 5,5,1, | 
(10428)	1,2,0, | 1,4,0, | 
(45854)	5,5,2, | 1,4,2, | 
(45920)	5,5,2, | 3,3,2, | 
(45920)	5,5,2, | 3,3,2, | 
(45835)	5,5,2, | 1,1,1, | 
(45854)	5,5,2, | 1,4,2, | 
(45835)	5,5,2, | 1,1,1, | 
(45835)	5,5,2, | 1,1,1, | 
(44532)	5,4,2, | 1,0,0, | 
(44532)	5,4,2, | 1,0,0, | 
(44532)	5,4,2, | 1,0,0, | 
(44532)	5,4,2, | 1,0,0, | 
(44532)	5,4,2, | 1,0,0, | 
(44532)	5,4,2, | 1,0,0, | 
(7982)	1,0,0, | 5,4,2, | 
(7982)	1,0,0, | 5,4,2, | 
(7982)	1,0,0, | 5,4,2, | 
(7982)	1,0,0, | 5,4,2, | 
(7982)	1,0,0, | 5,4,2, | 
(20084)	2,3,2, | 5,5,2, | 
(7988)	1,0,0, | 5,5,2, | 
(10796)	1,2,1, | 5,5,2, | 
(7988)	1,0,0, | 5,5,2, | 
(7988)	1,0,0, | 5,5,2, | 
(10795)	1,2,1, | 5,5,1, | 
(10795)	1,2,1, | 5,5,1, | 
(12091)	1,3,1, | 5,5,1, | 
(9126)	1,1,0, | 1,3,0, | 
(11868)	1,3,0, | 5,4,0, | 
(11839)	1,3,0, | 4,5,1, | 
(42864)	5,3,0, | 2,4,0, | 
(11718)	1,3,0, | 1,3,0, | 
(11766)	1,3,0, | 2,5,0, | 
(14394)	1,5,0, | 3,5,0, | 
(11718)	1,3,0, | 1,3,0, | 
(14322)	1,5,0, | 1,5,0, | 
(11706)	1,3,0, | 1,1,0, | 
(45631)	5,5,1, | 1,3,1, | 
(45625)	5,5,1, | 1,2,1, | 
(45631)	5,5,1, | 1,3,1, | 
(45884)	5,5,2, | 2,3,2, | 
(45828)	5,5,2, | 1,0,0, | 
(45828)	5,5,2, | 1,0,0, | 
(45949)	5,5,2, | 4,2,1, | 
(45828)	5,5,2, | 1,0,0, | 
(44532)	5,4,2, | 1,0,0, | 
(44532)	5,4,2, | 1,0,0, | 
(44532)	5,4,2, | 1,0,0, | 
(44532)	5,4,2, | 1,0,0, | 
(38949)	5,0,0, | 1,5,3, | 
(7989)	1,0,0, | 5,5,3, | 
(7989)	1,0,0, | 5,5,3, | 
(7989)	1,0,0, | 5,5,3, | 
(7989)	1,0,0, | 5,5,3, | 
(7989)	1,0,0, | 5,5,3, | 
(20084)	2,3,2, | 5,5,2, | 
(7988)	1,0,0, | 5,5,2, | 
(10796)	1,2,1, | 5,5,2, | 
(7988)	1,0,0, | 5,5,2, | 
(7988)	1,0,0, | 5,5,2, | 
(10795)	1,2,1, | 5,5,1, | 
(10795)	1,2,1, | 5,5,1, | 
(12091)	1,3,1, | 5,5,1, | 
(9126)	1,1,0, | 1,3,0, | 
(13171)	1,4,0, | 5,5,1, | 
(20802)	2,4,0, | 1,5,0, | 
(14430)	1,5,0, | 4,5,0, | 
(22086)	2,5,0, | 1,3,0, | 
(14575)	1,5,1, | 2,5,1, | 
(13020)	1,4,0, | 1,4,0, | 
(28572)	3,4,0, | 1,4,0, | 
(13020)	1,4,0, | 1,4,0, | 
(13020)	1,4,0, | 1,4,0, | 
(45716)	5,5,1, | 3,5,2, | 
(45625)	5,5,1, | 1,2,1, | 
(45716)	5,5,1, | 3,5,2, | 
(45631)	5,5,1, | 1,3,1, | 
(45835)	5,5,2, | 1,1,1, | 
(45841)	5,5,2, | 1,2,1, | 
(45841)	5,5,2, | 1,2,1, | 
(45854)	5,5,2, | 1,4,2, | 
(44532)	5,4,2, | 1,0,0, | 
(44532)	5,4,2, | 1,0,0, | 
(44532)	5,4,2, | 1,0,0, | 
(44532)	5,4,2, | 1,0,0, | 
(38949)	5,0,0, | 1,5,3, | 
(7989)	1,0,0, | 5,5,3, | 
(7989)	1,0,0, | 5,5,3, | 
(7989)	1,0,0, | 5,5,3, | 
(7989)	1,0,0, | 5,5,3, | 
(7989)	1,0,0, | 5,5,3, | 
(7988)	1,0,0, | 5,5,2, | 
(7988)	1,0,0, | 5,5,2, | 
(10796)	1,2,1, | 5,5,2, | 
(7988)	1,0,0, | 5,5,2, | 
(7988)	1,0,0, | 5,5,2, | 
(10795)	1,2,1, | 5,5,1, | 
(10795)	1,2,1, | 5,5,1, | 
(12091)	1,3,1, | 5,5,1, | 
(9126)	1,1,0, | 1,3,0, | 
(14466)	1,5,0, | 5,5,0, | 
(13063)	1,4,0, | 2,5,1, | 
(20839)	2,4,0, | 2,5,1, | 
(14322)	1,5,0, | 1,5,0, | 
(14394)	1,5,0, | 3,5,0, | 
(22243)	2,5,0, | 5,5,1, | 
(14466)	1,5,0, | 5,5,0, | 
(13062)	1,4,0, | 2,5,0, | 
(13002)	1,4,0, | 1,1,0, | 
(45619)	5,5,1, | 1,1,1, | 
(45619)	5,5,1, | 1,1,1, | 
(45612)	5,5,1, | 1,0,0, | 
(45619)	5,5,1, | 1,1,1, | 
(45828)	5,5,2, | 1,0,0, | 
(45841)	5,5,2, | 1,2,1, | 
(45828)	5,5,2, | 1,0,0, | 
(45828)	5,5,2, | 1,0,0, | 
(44532)	5,4,2, | 1,0,0, | 
(44532)	5,4,2, | 1,0,0, | 
(44532)	5,4,2, | 1,0,0, | 
(44532)	5,4,2, | 1,0,0, | 
(38949)	5,0,0, | 1,5,3, | 
(7989)	1,0,0, | 5,5,3, | 
(7989)	1,0,0, | 5,5,3, | 
(7989)	1,0,0, | 5,5,3, | 
(7989)	1,0,0, | 5,5,3, | 
(7989)	1,0,0, | 5,5,3, | 
(7988)	1,0,0, | 5,5,2, | 
(7988)	1,0,0, | 5,5,2, | 
(10796)	1,2,1, | 5,5,2, | 
(7988)	1,0,0, | 5,5,2, | 
(7988)	1,0,0, | 5,5,2, | 
(10795)	1,2,1, | 5,5,1, | 
(10795)	1,2,1, | 5,5,1, | 
(12091)	1,3,1, | 5,5,1, | 
(9126)	1,1,0, | 1,3,0, | 
(14466)	1,5,0, | 5,5,0, | 
(20904)	2,4,0, | 4,4,0, | 
(14430)	1,5,0, | 4,5,0, | 
(20826)	2,4,0, | 2,3,0, | 
(14394)	1,5,0, | 3,5,0, | 
(22122)	2,5,0, | 2,3,0, | 
(13063)	1,4,0, | 2,5,1, | 
(13026)	1,4,0, | 1,5,0, | 
(13032)	1,4,0, | 2,0,0, | 
(44166)	5,4,0, | 2,5,0, | 
(45619)	5,5,1, | 1,1,1, | 
(45619)	5,5,1, | 1,1,1, | 
(45612)	5,5,1, | 1,0,0, | 
(45828)	5,5,2, | 1,0,0, | 
(45835)	5,5,2, | 1,1,1, | 
(45907)	5,5,2, | 3,1,1, | 
(45828)	5,5,2, | 1,0,0, | 
(46044)	5,5,3, | 1,0,0, | 
(46044)	5,5,3, | 1,0,0, | 
(46044)	5,5,3, | 1,0,0, | 
(46044)	5,5,3, | 1,0,0, | 
(38949)	5,0,0, | 1,5,3, | 
(7953)	1,0,0, | 4,5,3, | 
(7953)	1,0,0, | 4,5,3, | 
(7953)	1,0,0, | 4,5,3, | 
(7953)	1,0,0, | 4,5,3, | 
(7953)	1,0,0, | 4,5,3, | 
(7952)	1,0,0, | 4,5,2, | 
(7952)	1,0,0, | 4,5,2, | 
(7952)	1,0,0, | 4,5,2, | 
(7952)	1,0,0, | 4,5,2, | 
(13351)	1,4,1, | 4,5,1, | 
(10759)	1,2,1, | 4,5,1, | 
(10759)	1,2,1, | 4,5,1, | 
(12055)	1,3,1, | 4,5,1, | 
(10435)	1,2,0, | 1,5,1, | 
(13020)	1,4,0, | 1,4,0, | 
(13020)	1,4,0, | 1,4,0, | 
(13020)	1,4,0, | 1,4,0, | 
(13027)	1,4,0, | 1,5,1, | 
(13020)	1,4,0, | 1,4,0, | 
(13020)	1,4,0, | 1,4,0, | 
(13020)	1,4,0, | 1,4,0, | 
(13026)	1,4,0, | 1,5,0, | 
(12996)	1,4,0, | 1,0,0, | 
(44130)	5,4,0, | 1,5,0, | 
(44130)	5,4,0, | 1,5,0, | 
(44130)	5,4,0, | 1,5,0, | 
(45684)	5,5,1, | 3,0,0, | 
(45828)	5,5,2, | 1,0,0, | 
(45828)	5,5,2, | 1,0,0, | 
(45828)	5,5,2, | 1,0,0, | 
(45828)	5,5,2, | 1,0,0, | 
(46044)	5,5,3, | 1,0,0, | 
(46044)	5,5,3, | 1,0,0, | 
(46044)	5,5,3, | 1,0,0, | 
(46044)	5,5,3, | 1,0,0, | 
(46044)	5,5,3, | 1,0,0, | 
(15084)	1,5,3, | 5,0,0, | 
(15084)	1,5,3, | 5,0,0, | 
(7969)	1,0,0, | 5,2,1, | 
(7969)	1,0,0, | 5,2,1, | 
(7969)	1,0,0, | 5,2,1, | 
(7969)	1,0,0, | 5,2,1, | 
(7969)	1,0,0, | 5,2,1, | 
(15103)	1,5,3, | 5,3,1, | 
(9487)	1,1,1, | 5,3,1, | 
(7975)	1,0,0, | 5,3,1, | 
(10795)	1,2,1, | 5,5,1, | 
(10795)	1,2,1, | 5,5,1, | 
(12091)	1,3,1, | 5,5,1, | 
(10435)	1,2,0, | 1,5,1, | 
(13135)	1,4,0, | 4,5,1, | 
(11766)	1,3,0, | 2,5,0, | 
(41574)	5,2,0, | 2,5,0, | 
(10471)	1,2,0, | 2,5,1, | 
(19542)	2,3,0, | 2,5,0, | 
(13062)	1,4,0, | 2,5,0, | 
(10470)	1,2,0, | 2,5,0, | 
(12091)	1,3,1, | 5,5,1, | 
(10428)	1,2,0, | 1,4,0, | 
(45841)	5,5,2, | 1,2,1, | 
(45920)	5,5,2, | 3,3,2, | 
(45920)	5,5,2, | 3,3,2, | 
(45835)	5,5,2, | 1,1,1, | 
(45854)	5,5,2, | 1,4,2, | 
(45835)	5,5,2, | 1,1,1, | 
(45835)	5,5,2, | 1,1,1, | 
(45835)	5,5,2, | 1,1,1, | 
(46044)	5,5,3, | 1,0,0, | 
(46044)	5,5,3, | 1,0,0, | 
(46044)	5,5,3, | 1,0,0, | 
(46044)	5,5,3, | 1,0,0, | 
(46044)	5,5,3, | 1,0,0, | 
(15084)	1,5,3, | 5,0,0, | 
(7982)	1,0,0, | 5,4,2, | 
(7982)	1,0,0, | 5,4,2, | 
(7982)	1,0,0, | 5,4,2, | 
(7982)	1,0,0, | 5,4,2, | 
(7988)	1,0,0, | 5,5,2, | 
(7988)	1,0,0, | 5,5,2, | 
(9500)	1,1,1, | 5,5,2, | 
(9500)	1,1,1, | 5,5,2, | 
(10795)	1,2,1, | 5,5,1, | 
(10795)	1,2,1, | 5,5,1, | 
(10795)	1,2,1, | 5,5,1, | 
(12091)	1,3,1, | 5,5,1, | 
(10435)	1,2,0, | 1,5,1, | 
(13135)	1,4,0, | 4,5,1, | 
(11839)	1,3,0, | 4,5,1, | 
(44232)	5,4,0, | 4,4,0, | 
(11731)	1,3,0, | 1,5,1, | 
(19542)	2,3,0, | 2,5,0, | 
(11766)	1,3,0, | 2,5,0, | 
(11767)	1,3,0, | 2,5,1, | 
(14322)	1,5,0, | 1,5,0, | 
(11706)	1,3,0, | 1,1,0, | 
(45631)	5,5,1, | 1,3,1, | 
(45680)	5,5,1, | 2,5,2, | 
(45631)	5,5,1, | 1,3,1, | 
(45884)	5,5,2, | 2,3,2, | 
(45828)	5,5,2, | 1,0,0, | 
(45828)	5,5,2, | 1,0,0, | 
(45884)	5,5,2, | 2,3,2, | 
(45828)	5,5,2, | 1,0,0, | 
(46044)	5,5,3, | 1,0,0, | 
(46044)	5,5,3, | 1,0,0, | 
(46044)	5,5,3, | 1,0,0, | 
(46044)	5,5,3, | 1,0,0, | 
(46044)	5,5,3, | 1,0,0, | 
(7989)	1,0,0, | 5,5,3, | 
(7989)	1,0,0, | 5,5,3, | 
(7989)	1,0,0, | 5,5,3, | 
(7989)	1,0,0, | 5,5,3, | 
(7989)	1,0,0, | 5,5,3, | 
(7988)	1,0,0, | 5,5,2, | 
(15116)	1,5,3, | 5,5,2, | 
(9500)	1,1,1, | 5,5,2, | 
(9500)	1,1,1, | 5,5,2, | 
(10795)	1,2,1, | 5,5,1, | 
(10795)	1,2,1, | 5,5,1, | 
(10795)	1,2,1, | 5,5,1, | 
(12091)	1,3,1, | 5,5,1, | 
(10435)	1,2,0, | 1,5,1, | 
(13164)	1,4,0, | 5,4,0, | 
(13020)	1,4,0, | 1,4,0, | 
(14430)	1,5,0, | 4,5,0, | 
(14316)	1,5,0, | 1,4,0, | 
(30156)	3,5,1, | 3,4,0, | 
(14460)	1,5,0, | 5,4,0, | 
(13020)	1,4,0, | 1,4,0, | 
(13020)	1,4,0, | 1,4,0, | 
(13020)	1,4,0, | 1,4,0, | 
(45716)	5,5,1, | 3,5,2, | 
(45625)	5,5,1, | 1,2,1, | 
(45716)	5,5,1, | 3,5,2, | 
(45631)	5,5,1, | 1,3,1, | 
(45835)	5,5,2, | 1,1,1, | 
(45841)	5,5,2, | 1,2,1, | 
(45998)	5,5,2, | 5,4,2, | 
(45854)	5,5,2, | 1,4,2, | 
(46044)	5,5,3, | 1,0,0, | 
(46044)	5,5,3, | 1,0,0, | 
(46044)	5,5,3, | 1,0,0, | 
(46044)	5,5,3, | 1,0,0, | 
(46044)	5,5,3, | 1,0,0, | 
(7989)	1,0,0, | 5,5,3, | 
(7989)	1,0,0, | 5,5,3, | 
(7989)	1,0,0, | 5,5,3, | 
(7989)	1,0,0, | 5,5,3, | 
(7989)	1,0,0, | 5,5,3, | 
(7988)	1,0,0, | 5,5,2, | 
(15116)	1,5,3, | 5,5,2, | 
(9500)	1,1,1, | 5,5,2, | 
(9500)	1,1,1, | 5,5,2, | 
(10795)	1,2,1, | 5,5,1, | 
(10795)	1,2,1, | 5,5,1, | 
(10795)	1,2,1, | 5,5,1, | 
(12091)	1,3,1, | 5,5,1, | 
(10435)	1,2,0, | 1,5,1, | 
(13171)	1,4,0, | 5,5,1, | 
(13020)	1,4,0, | 1,4,0, | 
(44232)	5,4,0, | 4,4,0, | 
(14388)	1,5,0, | 3,4,0, | 
(22098)	2,5,0, | 1,5,0, | 
(13062)	1,4,0, | 2,5,0, | 
(30018)	3,5,0, | 5,5,0, | 
(13062)	1,4,0, | 2,5,0, | 
(13002)	1,4,0, | 1,1,0, | 
(45619)	5,5,1, | 1,1,1, | 
(45619)	5,5,1, | 1,1,1, | 
(45612)	5,5,1, | 1,0,0, | 
(45619)	5,5,1, | 1,1,1, | 
(45828)	5,5,2, | 1,0,0, | 
(45841)	5,5,2, | 1,2,1, | 
(45828)	5,5,2, | 1,0,0, | 
(45828)	5,5,2, | 1,0,0, | 
(46044)	5,5,3, | 1,0,0, | 
(46044)	5,5,3, | 1,0,0, | 
(46044)	5,5,3, | 1,0,0, | 
(46044)	5,5,3, | 1,0,0, | 
(38949)	5,0,0, | 1,5,3, | 
(7989)	1,0,0, | 5,5,3, | 
(7989)	1,0,0, | 5,5,3, | 
(7989)	1,0,0, | 5,5,3, | 
(7989)	1,0,0, | 5,5,3, | 
(7989)	1,0,0, | 5,5,3, | 
(7988)	1,0,0, | 5,5,2, | 
(15116)	1,5,3, | 5,5,2, | 
(9500)	1,1,1, | 5,5,2, | 
(9500)	1,1,1, | 5,5,2, | 
(10795)	1,2,1, | 5,5,1, | 
(10795)	1,2,1, | 5,5,1, | 
(10795)	1,2,1, | 5,5,1, | 
(12091)	1,3,1, | 5,5,1, | 
(10435)	1,2,0, | 1,5,1, | 
(28615)	3,4,0, | 2,5,1, | 
(13092)	1,4,0, | 3,4,0, | 
(44232)	5,4,0, | 4,4,0, | 
(29904)	3,5,0, | 2,4,0, | 
(36391)	4,4,0, | 2,5,1, | 
(13063)	1,4,0, | 2,5,1, | 
(13056)	1,4,0, | 2,4,0, | 
(37650)	4,5,0, | 1,5,0, | 
(13032)	1,4,0, | 2,0,0, | 
(44166)	5,4,0, | 2,5,0, | 
(45619)	5,5,1, | 1,1,1, | 
(45619)	5,5,1, | 1,1,1, | 
(45612)	5,5,1, | 1,0,0, | 
(45828)	5,5,2, | 1,0,0, | 
(45835)	5,5,2, | 1,1,1, | 
(45828)	5,5,2, | 1,0,0, | 
(45828)	5,5,2, | 1,0,0, | 
(46044)	5,5,3, | 1,0,0, | 
(46044)	5,5,3, | 1,0,0, | 
(46044)	5,5,3, | 1,0,0, | 
(46044)	5,5,3, | 1,0,0, | 
(38949)	5,0,0, | 1,5,3, | 
(7953)	1,0,0, | 4,5,3, | 
(7953)	1,0,0, | 4,5,3, | 
(7953)	1,0,0, | 4,5,3, | 
(7953)	1,0,0, | 4,5,3, | 
(7953)	1,0,0, | 4,5,3, | 
(7952)	1,0,0, | 4,5,2, | 
(7952)	1,0,0, | 4,5,2, | 
(7952)	1,0,0, | 4,5,2, | 
(7952)	1,0,0, | 4,5,2, | 
(9463)	1,1,1, | 4,5,1, | 
(10759)	1,2,1, | 4,5,1, | 
(9463)	1,1,1, | 4,5,1, | 
(9463)	1,1,1, | 4,5,1, | 
(9132)	1,1,0, | 1,4,0, | 
(13026)	1,4,0, | 1,5,0, | 
(13026)	1,4,0, | 1,5,0, | 
(13026)	1,4,0, | 1,5,0, | 
(13062)	1,4,0, | 2,5,0, | 
(13020)	1,4,0, | 1,4,0, | 
(13020)	1,4,0, | 1,4,0, | 
(13020)	1,4,0, | 1,4,0, | 
(20802)	2,4,0, | 1,5,0, | 
(12996)	1,4,0, | 1,0,0, | 
(44130)	5,4,0, | 1,5,0, | 
(44130)	5,4,0, | 1,5,0, | 
(44130)	5,4,0, | 1,5,0, | 
(45684)	5,5,1, | 3,0,0, | 
(45828)	5,5,2, | 1,0,0, | 
(45900)	5,5,2, | 3,0,0, | 
(45828)	5,5,2, | 1,0,0, | 
(45900)	5,5,2, | 3,0,0, | 
(46044)	5,5,3, | 1,0,0, | 
(46044)	5,5,3, | 1,0,0, | 
(46044)	5,5,3, | 1,0,0, | 
(46044)	5,5,3, | 1,0,0, | 
(46044)	5,5,3, | 1,0,0, | 
(15084)	1,5,3, | 5,0,0, | 
(15084)	1,5,3, | 5,0,0, | 
(15084)	1,5,3, | 5,0,0, | 
(7969)	1,0,0, | 5,2,1, | 
(7969)	1,0,0, | 5,2,1, | 
(7969)	1,0,0, | 5,2,1, | 
(18769)	2,2,2, | 5,2,1, | 
(13591)	1,4,2, | 5,3,1, | 
(15103)	1,5,3, | 5,3,1, | 
(7987)	1,0,0, | 5,5,1, | 
(10795)	1,2,1, | 5,5,1, | 
(9499)	1,1,1, | 5,5,1, | 
(22236)	2,5,0, | 5,4,0, | 
(9132)	1,1,0, | 1,4,0, | 
(11730)	1,3,0, | 1,5,0, | 
(45498)	5,5,0, | 3,5,0, | 
(18246)	2,2,0, | 2,5,0, | 
(14532)	1,5,1, | 1,4,0, | 
(11766)	1,3,0, | 2,5,0, | 
(22092)	2,5,0, | 1,4,0, | 
(10470)	1,2,0, | 2,5,0, | 
(20838)	2,4,0, | 2,5,0, | 
(10428)	1,2,0, | 1,4,0, | 
(45841)	5,5,2, | 1,2,1, | 
(45920)	5,5,2, | 3,3,2, | 
(45920)	5,5,2, | 3,3,2, | 
(45835)	5,5,2, | 1,1,1, | 
(45841)	5,5,2, | 1,2,1, | 
(45835)	5,5,2, | 1,1,1, | 
(45835)	5,5,2, | 1,1,1, | 
(45992)	5,5,2, | 5,3,2, | 
(46044)	5,5,3, | 1,0,0, | 
(46044)	5,5,3, | 1,0,0, | 
(46044)	5,5,3, | 1,0,0, | 
(46044)	5,5,3, | 1,0,0, | 
(46044)	5,5,3, | 1,0,0, | 
(15084)	1,5,3, | 5,0,0, | 
(7982)	1,0,0, | 5,4,2, | 
(7982)	1,0,0, | 5,4,2, | 
(7982)	1,0,0, | 5,4,2, | 
(7982)	1,0,0, | 5,4,2, | 
(10796)	1,2,1, | 5,5,2, | 
(7988)	1,0,0, | 5,5,2, | 
(7988)	1,0,0, | 5,5,2, | 
(7988)	1,0,0, | 5,5,2, | 
(9499)	1,1,1, | 5,5,1, | 
(10795)	1,2,1, | 5,5,1, | 
(9499)	1,1,1, | 5,5,1, | 
(9499)	1,1,1, | 5,5,1, | 
(9132)	1,1,0, | 1,4,0, | 
(11730)	1,3,0, | 1,5,0, | 
(14322)	1,5,0, | 1,5,0, | 
(45426)	5,5,0, | 1,5,0, | 
(11868)	1,3,0, | 5,4,0, | 
(11766)	1,3,0, | 2,5,0, | 
(14394)	1,5,0, | 3,5,0, | 
(11724)	1,3,0, | 1,4,0, | 
(14322)	1,5,0, | 1,5,0, | 
(11706)	1,3,0, | 1,1,0, | 
(45631)	5,5,1, | 1,3,1, | 
(45625)	5,5,1, | 1,2,1, | 
(45631)	5,5,1, | 1,3,1, | 
(45884)	5,5,2, | 2,3,2, | 
(45828)	5,5,2, | 1,0,0, | 
(45828)	5,5,2, | 1,0,0, | 
(45884)	5,5,2, | 2,3,2, | 
(45848)	5,5,2, | 1,3,2, | 
(46044)	5,5,3, | 1,0,0, | 
(46044)	5,5,3, | 1,0,0, | 
(46044)	5,5,3, | 1,0,0, | 
(46044)	5,5,3, | 1,0,0, | 
(46044)	5,5,3, | 1,0,0, | 
(7989)	1,0,0, | 5,5,3, | 
(7989)	1,0,0, | 5,5,3, | 
(7989)	1,0,0, | 5,5,3, | 
(7989)	1,0,0, | 5,5,3, | 
(7989)	1,0,0, | 5,5,3, | 
(10796)	1,2,1, | 5,5,2, | 
(7988)	1,0,0, | 5,5,2, | 
(7988)	1,0,0, | 5,5,2, | 
(7988)	1,0,0, | 5,5,2, | 
(9499)	1,1,1, | 5,5,1, | 
(10795)	1,2,1, | 5,5,1, | 
(9499)	1,1,1, | 5,5,1, | 
(9499)	1,1,1, | 5,5,1, | 
(9132)	1,1,0, | 1,4,0, | 
(14466)	1,5,0, | 5,5,0, | 
(13026)	1,4,0, | 1,5,0, | 
(45534)	5,5,0, | 4,5,0, | 
(13026)	1,4,0, | 1,5,0, | 
(13026)	1,4,0, | 1,5,0, | 
(37788)	4,5,0, | 5,4,0, | 
(13020)	1,4,0, | 1,4,0, | 
(13020)	1,4,0, | 1,4,0, | 
(13020)	1,4,0, | 1,4,0, | 
(45717)	5,5,1, | 3,5,3, | 
(45625)	5,5,1, | 1,2,1, | 
(45716)	5,5,1, | 3,5,2, | 
(45631)	5,5,1, | 1,3,1, | 
(45835)	5,5,2, | 1,1,1, | 
(45841)	5,5,2, | 1,2,1, | 
(45998)	5,5,2, | 5,4,2, | 
(45835)	5,5,2, | 1,1,1, | 
(46044)	5,5,3, | 1,0,0, | 
(46044)	5,5,3, | 1,0,0, | 
(46044)	5,5,3, | 1,0,0, | 
(46044)	5,5,3, | 1,0,0, | 
(46044)	5,5,3, | 1,0,0, | 
(7989)	1,0,0, | 5,5,3, | 
(7989)	1,0,0, | 5,5,3, | 
(7989)	1,0,0, | 5,5,3, | 
(7989)	1,0,0, | 5,5,3, | 
(7989)	1,0,0, | 5,5,3, | 
(10796)	1,2,1, | 5,5,2, | 
(7988)	1,0,0, | 5,5,2, | 
(7988)	1,0,0, | 5,5,2, | 
(7988)	1,0,0, | 5,5,2, | 
(9499)	1,1,1, | 5,5,1, | 
(10795)	1,2,1, | 5,5,1, | 
(9499)	1,1,1, | 5,5,1, | 
(9499)	1,1,1, | 5,5,1, | 
(9132)	1,1,0, | 1,4,0, | 
(14466)	1,5,0, | 5,5,0, | 
(20910)	2,4,0, | 4,5,0, | 
(45426)	5,5,0, | 1,5,0, | 
(13062)	1,4,0, | 2,5,0, | 
(13062)	1,4,0, | 2,5,0, | 
(13128)	1,4,0, | 4,4,0, | 
(14466)	1,5,0, | 5,5,0, | 
(13062)	1,4,0, | 2,5,0, | 
(13002)	1,4,0, | 1,1,0, | 
(45619)	5,5,1, | 1,1,1, | 
(45619)	5,5,1, | 1,1,1, | 
(45612)	5,5,1, | 1,0,0, | 
(45619)	5,5,1, | 1,1,1, | 
(45828)	5,5,2, | 1,0,0, | 
(45841)	5,5,2, | 1,2,1, | 
(45828)	5,5,2, | 1,0,0, | 
(45828)	5,5,2, | 1,0,0, | 
(46044)	5,5,3, | 1,0,0, | 
(46044)	5,5,3, | 1,0,0, | 
(46044)	5,5,3, | 1,0,0, | 
(46044)	5,5,3, | 1,0,0, | 
(46044)	5,5,3, | 1,0,0, | 
(7989)	1,0,0, | 5,5,3, | 
(7989)	1,0,0, | 5,5,3, | 
(7989)	1,0,0, | 5,5,3, | 
(7989)	1,0,0, | 5,5,3, | 
(7989)	1,0,0, | 5,5,3, | 
(7988)	1,0,0, | 5,5,2, | 
(7988)	1,0,0, | 5,5,2, | 
(7988)	1,0,0, | 5,5,2, | 
(7988)	1,0,0, | 5,5,2, | 
(9499)	1,1,1, | 5,5,1, | 
(10795)	1,2,1, | 5,5,1, | 
(9499)	1,1,1, | 5,5,1, | 
(9499)	1,1,1, | 5,5,1, | 
(9132)	1,1,0, | 1,4,0, | 
(14466)	1,5,0, | 5,5,0, | 
(37644)	4,5,0, | 1,4,0, | 
(45534)	5,5,0, | 4,5,0, | 
(28614)	3,4,0, | 2,5,0, | 
(13062)	1,4,0, | 2,5,0, | 
(14322)	1,5,0, | 1,5,0, | 
(13056)	1,4,0, | 2,4,0, | 
(45426)	5,5,0, | 1,5,0, | 
(13032)	1,4,0, | 2,0,0, | 
(44166)	5,4,0, | 2,5,0, | 
(45619)	5,5,1, | 1,1,1, | 
(45619)	5,5,1, | 1,1,1, | 
(45612)	5,5,1, | 1,0,0, | 
(45828)	5,5,2, | 1,0,0, | 
(45835)	5,5,2, | 1,1,1, | 
(45828)	5,5,2, | 1,0,0, | 
(45828)	5,5,2, | 1,0,0, | 
(46044)	5,5,3, | 1,0,0, | 
(46044)	5,5,3, | 1,0,0, | 
(46044)	5,5,3, | 1,0,0, | 
(46044)	5,5,3, | 1,0,0, | 
(38949)	5,0,0, | 1,5,3, | 
(7953)	1,0,0, | 4,5,3, | 
(7953)	1,0,0, | 4,5,3, | 
(7953)	1,0,0, | 4,5,3, | 
(7953)	1,0,0, | 4,5,3, | 
(7953)	1,0,0, | 4,5,3, | 
(7952)	1,0,0, | 4,5,2, | 
(7952)	1,0,0, | 4,5,2, | 
(7952)	1,0,0, | 4,5,2, | 
(7952)	1,0,0, | 4,5,2, | 
(9463)	1,1,1, | 4,5,1, | 
(12055)	1,3,1, | 4,5,1, | 
(9463)	1,1,1, | 4,5,1, | 
(21127)	2,4,1, | 4,5,1, | 
(14322)	1,5,0, | 1,5,0, | 
(13026)	1,4,0, | 1,5,0, | 
(13062)	1,4,0, | 2,5,0, | 
(13026)	1,4,0, | 1,5,0, | 
(13062)	1,4,0, | 2,5,0, | 
(13020)	1,4,0, | 1,4,0, | 
(13020)	1,4,0, | 1,4,0, | 
(13020)	1,4,0, | 1,4,0, | 
(13026)	1,4,0, | 1,5,0, | 
(12996)	1,4,0, | 1,0,0, | 
(44130)	5,4,0, | 1,5,0, | 
(44130)	5,4,0, | 1,5,0, | 
(45612)	5,5,1, | 1,0,0, | 
(45684)	5,5,1, | 3,0,0, | 
(45828)	5,5,2, | 1,0,0, | 
(45828)	5,5,2, | 1,0,0, | 
(45828)	5,5,2, | 1,0,0, | 
(45828)	5,5,2, | 1,0,0, | 
(46044)	5,5,3, | 1,0,0, | 
(46044)	5,5,3, | 1,0,0, | 
(46044)	5,5,3, | 1,0,0, | 
(46044)	5,5,3, | 1,0,0, | 
(46044)	5,5,3, | 1,0,0, | 
(15084)	1,5,3, | 5,0,0, | 
(15084)	1,5,3, | 5,0,0, | 
(15084)	1,5,3, | 5,0,0, | 
(7969)	1,0,0, | 5,2,1, | 
(7969)	1,0,0, | 5,2,1, | 
(7969)	1,0,0, | 5,2,1, | 
(7969)	1,0,0, | 5,2,1, | 
(15103)	1,5,3, | 5,3,1, | 
(15751)	2,0,0, | 5,3,1, | 
(7987)	1,0,0, | 5,5,1, | 
(12091)	1,3,1, | 5,5,1, | 
(14460)	1,5,0, | 5,4,0, | 
(14460)	1,5,0, | 5,4,0, | 
(14322)	1,5,0, | 1,5,0, | 
(13380)	1,4,1, | 5,4,0, | 
(18246)	2,2,0, | 2,5,0, | 
(19542)	2,3,0, | 2,5,0, | 
(11724)	1,3,0, | 1,4,0, | 
(19542)	2,3,0, | 2,5,0, | 
(10428)	1,2,0, | 1,4,0, | 
(11766)	1,3,0, | 2,5,0, | 
(10428)	1,2,0, | 1,4,0, | 
(10428)	1,2,0, | 1,4,0, | 
(45841)	5,5,2, | 1,2,1, | 
(45920)	5,5,2, | 3,3,2, | 
(45920)	5,5,2, | 3,3,2, | 
(45835)	5,5,2, | 1,1,1, | 
(45854)	5,5,2, | 1,4,2, | 
(45835)	5,5,2, | 1,1,1, | 
(45835)	5,5,2, | 1,1,1, | 
(45992)	5,5,2, | 5,3,2, | 
(46044)	5,5,3, | 1,0,0, | 
(46044)	5,5,3, | 1,0,0, | 
(46044)	5,5,3, | 1,0,0, | 
(46044)	5,5,3, | 1,0,0, | 
(46044)	5,5,3, | 1,0,0, | 
(15084)	1,5,3, | 5,0,0, | 
(7982)	1,0,0, | 5,4,2, | 
(7982)	1,0,0, | 5,4,2, | 
(7982)	1,0,0, | 5,4,2, | 
(7982)	1,0,0, | 5,4,2, | 
(7988)	1,0,0, | 5,5,2, | 
(7988)	1,0,0, | 5,5,2, | 
(7988)	1,0,0, | 5,5,2, | 
(7988)	1,0,0, | 5,5,2, | 
(9499)	1,1,1, | 5,5,1, | 
(12091)	1,3,1, | 5,5,1, | 
(9499)	1,1,1, | 5,5,1, | 
(14460)	1,5,0, | 5,4,0, | 
(14322)	1,5,0, | 1,5,0, | 
(19542)	2,3,0, | 2,5,0, | 
(14352)	1,5,0, | 2,4,0, | 
(19542)	2,3,0, | 2,5,0, | 
(11766)	1,3,0, | 2,5,0, | 
(13062)	1,4,0, | 2,5,0, | 
(11766)	1,3,0, | 2,5,0, | 
(11724)	1,3,0, | 1,4,0, | 
(14322)	1,5,0, | 1,5,0, | 
(11706)	1,3,0, | 1,1,0, | 
(45631)	5,5,1, | 1,3,1, | 
(45625)	5,5,1, | 1,2,1, | 
(45631)	5,5,1, | 1,3,1, | 
(45884)	5,5,2, | 2,3,2, | 
(45828)	5,5,2, | 1,0,0, | 
(45828)	5,5,2, | 1,0,0, | 
(45884)	5,5,2, | 2,3,2, | 
(45854)	5,5,2, | 1,4,2, | 
(46044)	5,5,3, | 1,0,0, | 
(46044)	5,5,3, | 1,0,0, | 
(46044)	5,5,3, | 1,0,0, | 
(46044)	5,5,3, | 1,0,0, | 
(46044)	5,5,3, | 1,0,0, | 
(15084)	1,5,3, | 5,0,0, | 
(7989)	1,0,0, | 5,5,3, | 
(7989)	1,0,0, | 5,5,3, | 
(7989)	1,0,0, | 5,5,3, | 
(7989)	1,0,0, | 5,5,3, | 
(7988)	1,0,0, | 5,5,2, | 
(7988)	1,0,0, | 5,5,2, | 
(7988)	1,0,0, | 5,5,2, | 
(7988)	1,0,0, | 5,5,2, | 
(9499)	1,1,1, | 5,5,1, | 
(12091)	1,3,1, | 5,5,1, | 
(9499)	1,1,1, | 5,5,1, | 
(14460)	1,5,0, | 5,4,0, | 
(14322)	1,5,0, | 1,5,0, | 
(13170)	1,4,0, | 5,5,0, | 
(14460)	1,5,0, | 5,4,0, | 
(37758)	4,5,0, | 4,5,0, | 
(20796)	2,4,0, | 1,4,0, | 
(28578)	3,4,0, | 1,5,0, | 
(13020)	1,4,0, | 1,4,0, | 
(28572)	3,4,0, | 1,4,0, | 
(13020)	1,4,0, | 1,4,0, | 
(13020)	1,4,0, | 1,4,0, | 
(45717)	5,5,1, | 3,5,3, | 
(45625)	5,5,1, | 1,2,1, | 
(45716)	5,5,1, | 3,5,2, | 
(45631)	5,5,1, | 1,3,1, | 
(45835)	5,5,2, | 1,1,1, | 
(45841)	5,5,2, | 1,2,1, | 
(45998)	5,5,2, | 5,4,2, | 
(45835)	5,5,2, | 1,1,1, | 
(46044)	5,5,3, | 1,0,0, | 
(46044)	5,5,3, | 1,0,0, | 
(46044)	5,5,3, | 1,0,0, | 
(46044)	5,5,3, | 1,0,0, | 
(46044)	5,5,3, | 1,0,0, | 
(7989)	1,0,0, | 5,5,3, | 
(7989)	1,0,0, | 5,5,3, | 
(7989)	1,0,0, | 5,5,3, | 
(7989)	1,0,0, | 5,5,3, | 
(7989)	1,0,0, | 5,5,3, | 
(7988)	1,0,0, | 5,5,2, | 
(7988)	1,0,0, | 5,5,2, | 
(7988)	1,0,0, | 5,5,2, | 
(7988)	1,0,0, | 5,5,2, | 
(9499)	1,1,1, | 5,5,1, | 
(12091)	1,3,1, | 5,5,1, | 
(9499)	1,1,1, | 5,5,1, | 
(14460)	1,5,0, | 5,4,0, | 
(14322)	1,5,0, | 1,5,0, | 
(22236)	2,5,0, | 5,4,0, | 
(14388)	1,5,0, | 3,4,0, | 
(14352)	1,5,0, | 2,4,0, | 
(28614)	3,4,0, | 2,5,0, | 
(14394)	1,5,0, | 3,5,0, | 
(13128)	1,4,0, | 4,4,0, | 
(30018)	3,5,0, | 5,5,0, | 
(13062)	1,4,0, | 2,5,0, | 
(13002)	1,4,0, | 1,1,0, | 
(45619)	5,5,1, | 1,1,1, | 
(45619)	5,5,1, | 1,1,1, | 
(45612)	5,5,1, | 1,0,0, | 
(45619)	5,5,1, | 1,1,1, | 
(45828)	5,5,2, | 1,0,0, | 
(45841)	5,5,2, | 1,2,1, | 
(45828)	5,5,2, | 1,0,0, | 
(45841)	5,5,2, | 1,2,1, | 
(46044)	5,5,3, | 1,0,0, | 
(46044)	5,5,3, | 1,0,0, | 
(46044)	5,5,3, | 1,0,0, | 
(46044)	5,5,3, | 1,0,0, | 
(46044)	5,5,3, | 1,0,0, | 
(7989)	1,0,0, | 5,5,3, | 
(7989)	1,0,0, | 5,5,3, | 
(7989)	1,0,0, | 5,5,3, | 
(7989)	1,0,0, | 5,5,3, | 
(7989)	1,0,0, | 5,5,3, | 
(7988)	1,0,0, | 5,5,2, | 
(7988)	1,0,0, | 5,5,2, | 
(7988)	1,0,0, | 5,5,2, | 
(7988)	1,0,0, | 5,5,2, | 
(9499)	1,1,1, | 5,5,1, | 
(12091)	1,3,1, | 5,5,1, | 
(9499)	1,1,1, | 5,5,1, | 
(14460)	1,5,0, | 5,4,0, | 
(14322)	1,5,0, | 1,5,0, | 
(13170)	1,4,0, | 5,5,0, | 
(36456)	4,4,0, | 4,4,0, | 
(13134)	1,4,0, | 4,5,0, | 
(13062)	1,4,0, | 2,5,0, | 
(14394)	1,5,0, | 3,5,0, | 
(13020)	1,4,0, | 1,4,0, | 
(13134)	1,4,0, | 4,5,0, | 
(13026)	1,4,0, | 1,5,0, | 
(13032)	1,4,0, | 2,0,0, | 
(44166)	5,4,0, | 2,5,0, | 
(45619)	5,5,1, | 1,1,1, | 
(45619)	5,5,1, | 1,1,1, | 
(45612)	5,5,1, | 1,0,0, | 
(45828)	5,5,2, | 1,0,0, | 
(45835)	5,5,2, | 1,1,1, | 
(45828)	5,5,2, | 1,0,0, | 
(45835)	5,5,2, | 1,1,1, | 
