(216)	0,0,1, | 0,0,0, | 
(1)	0,0,0, | 0,0,1, | 
(0)	0,0,0, | 0,0,0, | 
(0)	0,0,0, | 0,0,0, | 
(0)	0,0,0, | 0,0,0, | 
(0)	0,0,0, | 0,0,0, | 
(0)	0,0,0, | 0,0,0, | 
(0)	0,0,0, | 0,0,0, | 
(0)	0,0,0, | 0,0,0, | 
(0)	0,0,0, | 0,0,0, | 
(7776)	1,0,0, | 0,0,0, | 
(0)	0,0,0, | 0,0,0, | 
(0)	0,0,0, | 0,0,0, | 
(7776)	1,0,0, | 0,0,0, | 
(0)	0,0,0, | 0,0,0, | 
(7776)	1,0,0, | 0,0,0, | 
(0)	0,0,0, | 0,0,0, | 
(0)	0,0,0, | 0,0,0, | 
(0)	0,0,0, | 0,0,0, | 
(0)	0,0,0, | 0,0,0, | 
(36)	0,0,0, | 1,0,0, | 
(0)	0,0,0, | 0,0,0, | 
(7776)	1,0,0, | 0,0,0, | 
(0)	0,0,0, | 0,0,0, | 
(0)	0,0,0, | 0,0,0, | 
(36)	0,0,0, | 1,0,0, | 
(0)	0,0,0, | 0,0,0, | 
(0)	0,0,0, | 0,0,0, | 
(0)	0,0,0, | 0,0,0, | 
(36)	0,0,0, | 1,0,0, | 
(0)	0,0,0, | 0,0,0, | 
(0)	0,0,0, | 0,0,0, | 
(0)	0,0,0, | 0,0,0, | 
(0)	0,0,0, | 0,0,0, | 
(0)	0,0,0, | 0,0,0, | 
(0)	0,0,0, | 0,0,0, | 
(98)	0,0,0, | 2,4,2, | 
(49)	0,0,0, | 1,2,1, | 
(49)	0,0,0, | 1,2,1, | 
(49)	0,0,0, | 1,2,1, | 
(49)	0,0,0, | 1,2,1, | 
(49)	0,0,0, | 1,2,1, | 
(49)	0,0,0, | 1,2,1, | 
(49)	0,0,0, | 1,2,1, | 
(49)	0,0,0, | 1,2,1, | 
(7825)	1,0,0, | 1,2,1, | 
(7825)	1,0,0, | 1,2,1, | 
(49)	0,0,0, | 1,2,1, | 
(49)	0,0,0, | 1,2,1, | 
(49)	0,0,0, | 1,2,1, | 
(49)	0,0,0, | 1,2,1, | 
(49)	0,0,0, | 1,2,1, | 
(49)	0,0,0, | 1,2,1, | 
(49)	0,0,0, | 1,2,1, | 
(0)	0,0,0, | 0,0,0, | 
(7812)	1,0,0, | 1,0,0, | 
(7782)	1,0,0, | 0,1,0, | 
(7783)	1,0,0, | 0,1,1, | 
(7795)	1,0,0, | 0,3,1, | 
(7824)	1,0,0, | 1,2,0, | 
(7904)	1,0,0, | 3,3,2, | 
(7903)	1,0,0, | 3,3,1, | 
(7884)	1,0,0, | 3,0,0, | 
(7824)	1,0,0, | 1,2,0, | 
(7783)	1,0,0, | 0,1,1, | 
(7789)	1,0,0, | 0,2,1, | 
(7789)	1,0,0, | 0,2,1, | 
(7776)	1,0,0, | 0,0,0, | 
(7789)	1,0,0, | 0,2,1, | 
(7776)	1,0,0, | 0,0,0, | 
(7776)	1,0,0, | 0,0,0, | 
(7782)	1,0,0, | 0,1,0, | 
(13)	0,0,0, | 0,2,1, | 
(62)	0,0,0, | 1,4,2, | 
(62)	0,0,0, | 1,4,2, | 
(62)	0,0,0, | 1,4,2, | 
(62)	0,0,0, | 1,4,2, | 
(62)	0,0,0, | 1,4,2, | 
(62)	0,0,0, | 1,4,2, | 
(62)	0,0,0, | 1,4,2, | 
(62)	0,0,0, | 1,4,2, | 
(7838)	1,0,0, | 1,4,2, | 
(62)	0,0,0, | 1,4,2, | 
(62)	0,0,0, | 1,4,2, | 
(62)	0,0,0, | 1,4,2, | 
(62)	0,0,0, | 1,4,2, | 
(62)	0,0,0, | 1,4,2, | 
(62)	0,0,0, | 1,4,2, | 
(62)	0,0,0, | 1,4,2, | 
(62)	0,0,0, | 1,4,2, | 
(13)	0,0,0, | 0,2,1, | 
(7796)	1,0,0, | 0,3,2, | 
(7802)	1,0,0, | 0,4,2, | 
(7810)	1,0,0, | 0,5,4, | 
(7897)	1,0,0, | 3,2,1, | 
(7897)	1,0,0, | 3,2,1, | 
(7897)	1,0,0, | 3,2,1, | 
(7897)	1,0,0, | 3,2,1, | 
(7897)	1,0,0, | 3,2,1, | 
(7897)	1,0,0, | 3,2,1, | 
(7795)	1,0,0, | 0,3,1, | 
(7795)	1,0,0, | 0,3,1, | 
(7802)	1,0,0, | 0,4,2, | 
(7796)	1,0,0, | 0,3,2, | 
(7802)	1,0,0, | 0,4,2, | 
(7846)	1,0,0, | 1,5,4, | 
(7846)	1,0,0, | 1,5,4, | 
(7810)	1,0,0, | 0,5,4, | 
(26)	0,0,0, | 0,4,2, | 
(69)	0,0,0, | 1,5,3, | 
(69)	0,0,0, | 1,5,3, | 
(69)	0,0,0, | 1,5,3, | 
(69)	0,0,0, | 1,5,3, | 
(69)	0,0,0, | 1,5,3, | 
(69)	0,0,0, | 1,5,3, | 
(69)	0,0,0, | 1,5,3, | 
(69)	0,0,0, | 1,5,3, | 
(7845)	1,0,0, | 1,5,3, | 
(7845)	1,0,0, | 1,5,3, | 
(69)	0,0,0, | 1,5,3, | 
(69)	0,0,0, | 1,5,3, | 
(69)	0,0,0, | 1,5,3, | 
(69)	0,0,0, | 1,5,3, | 
(69)	0,0,0, | 1,5,3, | 
(69)	0,0,0, | 1,5,3, | 
(69)	0,0,0, | 1,5,3, | 
(13)	0,0,0, | 0,2,1, | 
(7789)	1,0,0, | 0,2,1, | 
(7910)	1,0,0, | 3,4,2, | 
(7801)	1,0,0, | 0,4,1, | 
(7910)	1,0,0, | 3,4,2, | 
(7875)	1,0,0, | 2,4,3, | 
(7875)	1,0,0, | 2,4,3, | 
(7875)	1,0,0, | 2,4,3, | 
(7910)	1,0,0, | 3,4,2, | 
(7875)	1,0,0, | 2,4,3, | 
(7795)	1,0,0, | 0,3,1, | 
(7809)	1,0,0, | 0,5,3, | 
(7808)	1,0,0, | 0,5,2, | 
(7808)	1,0,0, | 0,5,2, | 
(7809)	1,0,0, | 0,5,3, | 
(7795)	1,0,0, | 0,3,1, | 
(7810)	1,0,0, | 0,5,4, | 
(7832)	1,0,0, | 1,3,2, | 
(13)	0,0,0, | 0,2,1, | 
(69)	0,0,0, | 1,5,3, | 
(69)	0,0,0, | 1,5,3, | 
(69)	0,0,0, | 1,5,3, | 
(69)	0,0,0, | 1,5,3, | 
(69)	0,0,0, | 1,5,3, | 
(69)	0,0,0, | 1,5,3, | 
(69)	0,0,0, | 1,5,3, | 
(69)	0,0,0, | 1,5,3, | 
(69)	0,0,0, | 1,5,3, | 
(7845)	1,0,0, | 1,5,3, | 
(69)	0,0,0, | 1,5,3, | 
(69)	0,0,0, | 1,5,3, | 
(69)	0,0,0, | 1,5,3, | 
(69)	0,0,0, | 1,5,3, | 
(69)	0,0,0, | 1,5,3, | 
(69)	0,0,0, | 1,5,3, | 
(69)	0,0,0, | 1,5,3, | 
(13)	0,0,0, | 0,2,1, | 
(7795)	1,0,0, | 0,3,1, | 
(7810)	1,0,0, | 0,5,4, | 
(7796)	1,0,0, | 0,3,2, | 
(7845)	1,0,0, | 1,5,3, | 
(7910)	1,0,0, | 3,4,2, | 
(7910)	1,0,0, | 3,4,2, | 
(7809)	1,0,0, | 0,5,3, | 
(7910)	1,0,0, | 3,4,2, | 
(7910)	1,0,0, | 3,4,2, | 
(7809)	1,0,0, | 0,5,3, | 
(7810)	1,0,0, | 0,5,4, | 
(7796)	1,0,0, | 0,3,2, | 
(7802)	1,0,0, | 0,4,2, | 
(7809)	1,0,0, | 0,5,3, | 
(7789)	1,0,0, | 0,2,1, | 
(7832)	1,0,0, | 1,3,2, | 
(7802)	1,0,0, | 0,4,2, | 
(26)	0,0,0, | 0,4,2, | 
(69)	0,0,0, | 1,5,3, | 
(69)	0,0,0, | 1,5,3, | 
(69)	0,0,0, | 1,5,3, | 
(69)	0,0,0, | 1,5,3, | 
(69)	0,0,0, | 1,5,3, | 
(69)	0,0,0, | 1,5,3, | 
(69)	0,0,0, | 1,5,3, | 
(69)	0,0,0, | 1,5,3, | 
(7845)	1,0,0, | 1,5,3, | 
(7845)	1,0,0, | 1,5,3, | 
(69)	0,0,0, | 1,5,3, | 
(69)	0,0,0, | 1,5,3, | 
(69)	0,0,0, | 1,5,3, | 
(69)	0,0,0, | 1,5,3, | 
(69)	0,0,0, | 1,5,3, | 
(69)	0,0,0, | 1,5,3, | 
(69)	0,0,0, | 1,5,3, | 
(20)	0,0,0, | 0,3,2, | 
(7789)	1,0,0, | 0,2,1, | 
(7796)	1,0,0, | 0,3,2, | 
(7789)	1,0,0, | 0,2,1, | 
(7867)	1,0,0, | 2,3,1, | 
(7838)	1,0,0, | 1,4,2, | 
(7867)	1,0,0, | 2,3,1, | 
(7867)	1,0,0, | 2,3,1, | 
(7867)	1,0,0, | 2,3,1, | 
(7867)	1,0,0, | 2,3,1, | 
(7796)	1,0,0, | 0,3,2, | 
(7844)	1,0,0, | 1,5,2, | 
(7803)	1,0,0, | 0,4,3, | 
(7789)	1,0,0, | 0,2,1, | 
(7789)	1,0,0, | 0,2,1, | 
(7796)	1,0,0, | 0,3,2, | 
(7803)	1,0,0, | 0,4,3, | 
(7789)	1,0,0, | 0,2,1, | 
(10584)	1,2,1, | 0,0,0, | 
(10584)	1,2,1, | 0,0,0, | 
(10584)	1,2,1, | 0,0,0, | 
(10584)	1,2,1, | 0,0,0, | 
(10584)	1,2,1, | 0,0,0, | 
(10584)	1,2,1, | 0,0,0, | 
(10584)	1,2,1, | 0,0,0, | 
(10584)	1,2,1, | 0,0,0, | 
(10585)	1,2,1, | 0,0,1, | 
(15553)	2,0,0, | 0,0,1, | 
(18396)	2,2,1, | 1,0,0, | 
(36)	0,0,0, | 1,0,0, | 
(36)	0,0,0, | 1,0,0, | 
(4140)	0,3,1, | 1,0,0, | 
(2844)	0,2,1, | 1,0,0, | 
(1548)	0,1,1, | 1,0,0, | 
(36)	0,0,0, | 1,0,0, | 
(1548)	0,1,1, | 1,0,0, | 
(10404)	1,2,0, | 1,0,0, | 
(27468)	3,3,1, | 1,0,0, | 
(27468)	3,3,1, | 1,0,0, | 
(1548)	0,1,1, | 1,0,0, | 
(12348)	1,3,3, | 1,0,0, | 
(23364)	3,0,0, | 1,0,0, | 
(27684)	3,3,2, | 1,0,0, | 
(2844)	0,2,1, | 1,0,0, | 
(36)	0,0,0, | 1,0,0, | 
(0)	0,0,0, | 0,0,0, | 
(10584)	1,2,1, | 0,0,0, | 
(10584)	1,2,1, | 0,0,0, | 
(10584)	1,2,1, | 0,0,0, | 
(10584)	1,2,1, | 0,0,0, | 
(10584)	1,2,1, | 0,0,0, | 
(10584)	1,2,1, | 0,0,0, | 
(10584)	1,2,1, | 0,0,0, | 
(10584)	1,2,1, | 0,0,0, | 
(10584)	1,2,1, | 0,0,0, | 
(10585)	1,2,1, | 0,0,1, | 
(10584)	1,2,1, | 0,0,0, | 
(10584)	1,2,1, | 0,0,0, | 
(10584)	1,2,1, | 0,0,0, | 
(49)	0,0,0, | 1,2,1, | 
(49)	0,0,0, | 1,2,1, | 
(49)	0,0,0, | 1,2,1, | 
(49)	0,0,0, | 1,2,1, | 
(7825)	1,0,0, | 1,2,1, | 
(15601)	2,0,0, | 1,2,1, | 
(49)	0,0,0, | 1,2,1, | 
(49)	0,0,0, | 1,2,1, | 
(49)	0,0,0, | 1,2,1, | 
(9337)	1,1,1, | 1,2,1, | 
(49)	0,0,0, | 1,2,1, | 
(49)	0,0,0, | 1,2,1, | 
(3073)	0,2,2, | 1,2,1, | 
(42)	0,0,0, | 1,1,0, | 
(24685)	3,1,0, | 1,4,1, | 
(9120)	1,1,0, | 1,2,0, | 
(9114)	1,1,0, | 1,1,0, | 
(13290)	1,4,1, | 3,1,0, | 
(27487)	3,3,1, | 1,3,1, | 
(12007)	1,3,1, | 3,3,1, | 
(14779)	1,5,2, | 2,3,1, | 
(10452)	1,2,0, | 2,2,0, | 
(9072)	1,1,0, | 0,0,0, | 
(10584)	1,2,1, | 0,0,0, | 
(10584)	1,2,1, | 0,0,0, | 
(10634)	1,2,1, | 1,2,2, | 
(10584)	1,2,1, | 0,0,0, | 
(10584)	1,2,1, | 0,0,0, | 
(10656)	1,2,1, | 2,0,0, | 
(10591)	1,2,1, | 0,1,1, | 
(10584)	1,2,1, | 0,0,0, | 
(10584)	1,2,1, | 0,0,0, | 
(10585)	1,2,1, | 0,0,1, | 
(10584)	1,2,1, | 0,0,0, | 
(7802)	1,0,0, | 0,4,2, | 
(7802)	1,0,0, | 0,4,2, | 
(62)	0,0,0, | 1,4,2, | 
(62)	0,0,0, | 1,4,2, | 
(62)	0,0,0, | 1,4,2, | 
(62)	0,0,0, | 1,4,2, | 
(7838)	1,0,0, | 1,4,2, | 
(7838)	1,0,0, | 1,4,2, | 
(62)	0,0,0, | 1,4,2, | 
(62)	0,0,0, | 1,4,2, | 
(62)	0,0,0, | 1,4,2, | 
(9350)	1,1,1, | 1,4,2, | 
(62)	0,0,0, | 1,4,2, | 
(62)	0,0,0, | 1,4,2, | 
(2870)	0,2,1, | 1,4,2, | 
(21013)	2,4,1, | 1,4,1, | 
(10416)	1,2,0, | 1,2,0, | 
(10488)	1,2,0, | 3,2,0, | 
(10488)	1,2,0, | 3,2,0, | 
(13290)	1,4,1, | 3,1,0, | 
(10488)	1,2,0, | 3,2,0, | 
(10488)	1,2,0, | 3,2,0, | 
(10458)	1,2,0, | 2,3,0, | 
(10488)	1,2,0, | 3,2,0, | 
(10458)	1,2,0, | 2,3,0, | 
(10399)	1,2,0, | 0,5,1, | 
(10399)	1,2,0, | 0,5,1, | 
(11887)	1,3,1, | 0,1,1, | 
(11880)	1,3,1, | 0,0,0, | 
(11887)	1,3,1, | 0,1,1, | 
(10584)	1,2,1, | 0,0,0, | 
(10584)	1,2,1, | 0,0,0, | 
(10584)	1,2,1, | 0,0,0, | 
(10621)	1,2,1, | 1,0,1, | 
(7809)	1,0,0, | 0,5,3, | 
(7809)	1,0,0, | 0,5,3, | 
(7809)	1,0,0, | 0,5,3, | 
(7809)	1,0,0, | 0,5,3, | 
(69)	0,0,0, | 1,5,3, | 
(69)	0,0,0, | 1,5,3, | 
(69)	0,0,0, | 1,5,3, | 
(69)	0,0,0, | 1,5,3, | 
(7845)	1,0,0, | 1,5,3, | 
(15621)	2,0,0, | 1,5,3, | 
(69)	0,0,0, | 1,5,3, | 
(69)	0,0,0, | 1,5,3, | 
(69)	0,0,0, | 1,5,3, | 
(9357)	1,1,1, | 1,5,3, | 
(69)	0,0,0, | 1,5,3, | 
(69)	0,0,0, | 1,5,3, | 
(3093)	0,2,2, | 1,5,3, | 
(21013)	2,4,1, | 1,4,1, | 
(13273)	1,4,1, | 2,4,1, | 
(13231)	1,4,1, | 1,3,1, | 
(11718)	1,3,0, | 1,3,0, | 
(13303)	1,4,1, | 3,3,1, | 
(11767)	1,3,0, | 2,5,1, | 
(13280)	1,4,1, | 2,5,2, | 
(11767)	1,3,0, | 2,5,1, | 
(13244)	1,4,1, | 1,5,2, | 
(11682)	1,3,0, | 0,3,0, | 
(13189)	1,4,1, | 0,2,1, | 
(13176)	1,4,1, | 0,0,0, | 
(13195)	1,4,1, | 0,3,1, | 
(13231)	1,4,1, | 1,3,1, | 
(11893)	1,3,1, | 0,2,1, | 
(11880)	1,3,1, | 0,0,0, | 
(11887)	1,3,1, | 0,1,1, | 
(11887)	1,3,1, | 0,1,1, | 
(7844)	1,0,0, | 1,5,2, | 
(7809)	1,0,0, | 0,5,3, | 
(7809)	1,0,0, | 0,5,3, | 
(7809)	1,0,0, | 0,5,3, | 
(7809)	1,0,0, | 0,5,3, | 
(69)	0,0,0, | 1,5,3, | 
(69)	0,0,0, | 1,5,3, | 
(69)	0,0,0, | 1,5,3, | 
(69)	0,0,0, | 1,5,3, | 
(69)	0,0,0, | 1,5,3, | 
(15621)	2,0,0, | 1,5,3, | 
(69)	0,0,0, | 1,5,3, | 
(69)	0,0,0, | 1,5,3, | 
(69)	0,0,0, | 1,5,3, | 
(69)	0,0,0, | 1,5,3, | 
(69)	0,0,0, | 1,5,3, | 
(69)	0,0,0, | 1,5,3, | 
(3093)	0,2,2, | 1,5,3, | 
(21013)	2,4,1, | 1,4,1, | 
(11724)	1,3,0, | 1,4,0, | 
(11724)	1,3,0, | 1,4,0, | 
(11718)	1,3,0, | 1,3,0, | 
(11731)	1,3,0, | 1,5,1, | 
(11754)	1,3,0, | 2,3,0, | 
(11754)	1,3,0, | 2,3,0, | 
(11718)	1,3,0, | 1,3,0, | 
(11724)	1,3,0, | 1,4,0, | 
(11682)	1,3,0, | 0,3,0, | 
(11682)	1,3,0, | 0,3,0, | 
(13176)	1,4,1, | 0,0,0, | 
(13176)	1,4,1, | 0,0,0, | 
(13189)	1,4,1, | 0,2,1, | 
(13189)	1,4,1, | 0,2,1, | 
(9103)	1,1,0, | 0,5,1, | 
(9103)	1,1,0, | 0,5,1, | 
(7802)	1,0,0, | 0,4,2, | 
(7802)	1,0,0, | 0,4,2, | 
(7809)	1,0,0, | 0,5,3, | 
(7809)	1,0,0, | 0,5,3, | 
(7809)	1,0,0, | 0,5,3, | 
(7809)	1,0,0, | 0,5,3, | 
(69)	0,0,0, | 1,5,3, | 
(69)	0,0,0, | 1,5,3, | 
(69)	0,0,0, | 1,5,3, | 
(69)	0,0,0, | 1,5,3, | 
(7845)	1,0,0, | 1,5,3, | 
(69)	0,0,0, | 1,5,3, | 
(69)	0,0,0, | 1,5,3, | 
(69)	0,0,0, | 1,5,3, | 
(69)	0,0,0, | 1,5,3, | 
(9357)	1,1,1, | 1,5,3, | 
(69)	0,0,0, | 1,5,3, | 
(69)	0,0,0, | 1,5,3, | 
(3093)	0,2,2, | 1,5,3, | 
(21013)	2,4,1, | 1,4,1, | 
(11718)	1,3,0, | 1,3,0, | 
(11724)	1,3,0, | 1,4,0, | 
(11718)	1,3,0, | 1,3,0, | 
(11731)	1,3,0, | 1,5,1, | 
(11754)	1,3,0, | 2,3,0, | 
(11718)	1,3,0, | 1,3,0, | 
(11731)	1,3,0, | 1,5,1, | 
(11731)	1,3,0, | 1,5,1, | 
(11682)	1,3,0, | 0,3,0, | 
(11718)	1,3,0, | 1,3,0, | 
(11718)	1,3,0, | 1,3,0, | 
(11695)	1,3,0, | 0,5,1, | 
(13189)	1,4,1, | 0,2,1, | 
(13189)	1,4,1, | 0,2,1, | 
(9103)	1,1,0, | 0,5,1, | 
(9103)	1,1,0, | 0,5,1, | 
(7802)	1,0,0, | 0,4,2, | 
(13392)	1,4,2, | 0,0,0, | 
(13392)	1,4,2, | 0,0,0, | 
(13392)	1,4,2, | 0,0,0, | 
(13392)	1,4,2, | 0,0,0, | 
(13392)	1,4,2, | 0,0,0, | 
(13392)	1,4,2, | 0,0,0, | 
(13392)	1,4,2, | 0,0,0, | 
(13392)	1,4,2, | 0,0,0, | 
(13392)	1,4,2, | 0,0,0, | 
(15553)	2,0,0, | 0,0,1, | 
(21204)	2,4,2, | 1,0,0, | 
(36)	0,0,0, | 1,0,0, | 
(15156)	1,5,4, | 1,0,0, | 
(7380)	0,5,4, | 1,0,0, | 
(5652)	0,4,2, | 1,0,0, | 
(7164)	0,5,3, | 1,0,0, | 
(4356)	0,3,2, | 1,0,0, | 
(4140)	0,3,1, | 1,0,0, | 
(26172)	3,2,1, | 1,0,0, | 
(26172)	3,2,1, | 1,0,0, | 
(26172)	3,2,1, | 1,0,0, | 
(26172)	3,2,1, | 1,0,0, | 
(16884)	2,1,0, | 1,0,0, | 
(9108)	1,1,0, | 1,0,0, | 
(7164)	0,5,3, | 1,0,0, | 
(5652)	0,4,2, | 1,0,0, | 
(26172)	3,2,1, | 1,0,0, | 
(36)	0,0,0, | 1,0,0, | 
(13392)	1,4,2, | 0,0,0, | 
(13392)	1,4,2, | 0,0,0, | 
(13392)	1,4,2, | 0,0,0, | 
(13392)	1,4,2, | 0,0,0, | 
(13392)	1,4,2, | 0,0,0, | 
(13392)	1,4,2, | 0,0,0, | 
(13392)	1,4,2, | 0,0,0, | 
(13392)	1,4,2, | 0,0,0, | 
(13464)	1,4,2, | 2,0,0, | 
(13392)	1,4,2, | 0,0,0, | 
(13392)	1,4,2, | 0,0,0, | 
(13392)	1,4,2, | 0,0,0, | 
(13392)	1,4,2, | 0,0,0, | 
(5652)	0,4,2, | 1,0,0, | 
(5652)	0,4,2, | 1,0,0, | 
(49)	0,0,0, | 1,2,1, | 
(49)	0,0,0, | 1,2,1, | 
(49)	0,0,0, | 1,2,1, | 
(49)	0,0,0, | 1,2,1, | 
(49)	0,0,0, | 1,2,1, | 
(49)	0,0,0, | 1,2,1, | 
(55)	0,0,0, | 1,3,1, | 
(55)	0,0,0, | 1,3,1, | 
(9343)	1,1,1, | 1,3,1, | 
(6744)	0,5,1, | 1,2,0, | 
(6744)	0,5,1, | 1,2,0, | 
(19488)	2,3,0, | 1,2,0, | 
(14736)	1,5,2, | 1,2,0, | 
(9120)	1,1,0, | 1,2,0, | 
(9133)	1,1,0, | 1,4,1, | 
(25968)	3,2,0, | 1,2,0, | 
(25968)	3,2,0, | 1,2,0, | 
(14772)	1,5,2, | 2,2,0, | 
(13273)	1,4,1, | 2,4,1, | 
(10452)	1,2,0, | 2,2,0, | 
(13273)	1,4,1, | 2,4,1, | 
(13441)	1,4,2, | 1,2,1, | 
(13392)	1,4,2, | 0,0,0, | 
(13399)	1,4,2, | 0,1,1, | 
(13392)	1,4,2, | 0,0,0, | 
(13392)	1,4,2, | 0,0,0, | 
(13464)	1,4,2, | 2,0,0, | 
(13399)	1,4,2, | 0,1,1, | 
(13405)	1,4,2, | 0,2,1, | 
(13392)	1,4,2, | 0,0,0, | 
(13392)	1,4,2, | 0,0,0, | 
(13392)	1,4,2, | 0,0,0, | 
(13392)	1,4,2, | 0,0,0, | 
(13392)	1,4,2, | 0,0,0, | 
(62)	0,0,0, | 1,4,2, | 
(62)	0,0,0, | 1,4,2, | 
(62)	0,0,0, | 1,4,2, | 
(62)	0,0,0, | 1,4,2, | 
(7838)	1,0,0, | 1,4,2, | 
(7838)	1,0,0, | 1,4,2, | 
(62)	0,0,0, | 1,4,2, | 
(68)	0,0,0, | 1,5,2, | 
(68)	0,0,0, | 1,5,2, | 
(68)	0,0,0, | 1,5,2, | 
(9356)	1,1,1, | 1,5,2, | 
(68)	0,0,0, | 1,5,2, | 
(17125)	2,1,1, | 1,4,1, | 
(19488)	2,3,0, | 1,2,0, | 
(18211)	2,2,0, | 1,5,1, | 
(25968)	3,2,0, | 1,2,0, | 
(10488)	1,2,0, | 3,2,0, | 
(25968)	3,2,0, | 1,2,0, | 
(10488)	1,2,0, | 3,2,0, | 
(10488)	1,2,0, | 3,2,0, | 
(10488)	1,2,0, | 3,2,0, | 
(10488)	1,2,0, | 3,2,0, | 
(10458)	1,2,0, | 2,3,0, | 
(13176)	1,4,1, | 0,0,0, | 
(14688)	1,5,2, | 0,0,0, | 
(14695)	1,5,2, | 0,1,1, | 
(14688)	1,5,2, | 0,0,0, | 
(14688)	1,5,2, | 0,0,0, | 
(14708)	1,5,2, | 0,3,2, | 
(13392)	1,4,2, | 0,0,0, | 
(13392)	1,4,2, | 0,0,0, | 
(14688)	1,5,2, | 0,0,0, | 
(13428)	1,4,2, | 1,0,0, | 
(13428)	1,4,2, | 1,0,0, | 
(7809)	1,0,0, | 0,5,3, | 
(7809)	1,0,0, | 0,5,3, | 
(69)	0,0,0, | 1,5,3, | 
(69)	0,0,0, | 1,5,3, | 
(69)	0,0,0, | 1,5,3, | 
(69)	0,0,0, | 1,5,3, | 
(69)	0,0,0, | 1,5,3, | 
(69)	0,0,0, | 1,5,3, | 
(68)	0,0,0, | 1,5,2, | 
(68)	0,0,0, | 1,5,2, | 
(68)	0,0,0, | 1,5,2, | 
(68)	0,0,0, | 1,5,2, | 
(9356)	1,1,1, | 1,5,2, | 
(68)	0,0,0, | 1,5,2, | 
(9356)	1,1,1, | 1,5,2, | 
(19488)	2,3,0, | 1,2,0, | 
(19501)	2,3,0, | 1,4,1, | 
(11718)	1,3,0, | 1,3,0, | 
(19501)	2,3,0, | 1,4,1, | 
(19501)	2,3,0, | 1,4,1, | 
(13309)	1,4,1, | 3,4,1, | 
(11725)	1,3,0, | 1,4,1, | 
(11725)	1,3,0, | 1,4,1, | 
(11712)	1,3,0, | 1,2,0, | 
(11670)	1,3,0, | 0,1,0, | 
(13176)	1,4,1, | 0,0,0, | 
(13212)	1,4,1, | 1,0,0, | 
(13176)	1,4,1, | 0,0,0, | 
(14688)	1,5,2, | 0,0,0, | 
(14688)	1,5,2, | 0,0,0, | 
(14731)	1,5,2, | 1,1,1, | 
(14688)	1,5,2, | 0,0,0, | 
(14724)	1,5,2, | 1,0,0, | 
(14688)	1,5,2, | 0,0,0, | 
(14688)	1,5,2, | 0,0,0, | 
(14688)	1,5,2, | 0,0,0, | 
(7809)	1,0,0, | 0,5,3, | 
(7809)	1,0,0, | 0,5,3, | 
(69)	0,0,0, | 1,5,3, | 
(69)	0,0,0, | 1,5,3, | 
(69)	0,0,0, | 1,5,3, | 
(69)	0,0,0, | 1,5,3, | 
(69)	0,0,0, | 1,5,3, | 
(69)	0,0,0, | 1,5,3, | 
(68)	0,0,0, | 1,5,2, | 
(68)	0,0,0, | 1,5,2, | 
(68)	0,0,0, | 1,5,2, | 
(68)	0,0,0, | 1,5,2, | 
(68)	0,0,0, | 1,5,2, | 
(68)	0,0,0, | 1,5,2, | 
(9356)	1,1,1, | 1,5,2, | 
(19488)	2,3,0, | 1,2,0, | 
(14533)	1,5,1, | 1,4,1, | 
(19488)	2,3,0, | 1,2,0, | 
(19488)	2,3,0, | 1,2,0, | 
(19488)	2,3,0, | 1,2,0, | 
(11803)	1,3,0, | 3,5,1, | 
(11803)	1,3,0, | 3,5,1, | 
(11803)	1,3,0, | 3,5,1, | 
(11724)	1,3,0, | 1,4,0, | 
(11670)	1,3,0, | 0,1,0, | 
(14485)	1,5,1, | 0,2,1, | 
(13212)	1,4,1, | 1,0,0, | 
(13176)	1,4,1, | 0,0,0, | 
(14688)	1,5,2, | 0,0,0, | 
(14688)	1,5,2, | 0,0,0, | 
(14688)	1,5,2, | 0,0,0, | 
(14688)	1,5,2, | 0,0,0, | 
(14708)	1,5,2, | 0,3,2, | 
(14688)	1,5,2, | 0,0,0, | 
(14688)	1,5,2, | 0,0,0, | 
(14688)	1,5,2, | 0,0,0, | 
(7809)	1,0,0, | 0,5,3, | 
(7809)	1,0,0, | 0,5,3, | 
(69)	0,0,0, | 1,5,3, | 
(69)	0,0,0, | 1,5,3, | 
(69)	0,0,0, | 1,5,3, | 
(69)	0,0,0, | 1,5,3, | 
(69)	0,0,0, | 1,5,3, | 
(69)	0,0,0, | 1,5,3, | 
(68)	0,0,0, | 1,5,2, | 
(68)	0,0,0, | 1,5,2, | 
(68)	0,0,0, | 1,5,2, | 
(12164)	1,3,2, | 1,5,2, | 
(9356)	1,1,1, | 1,5,2, | 
(68)	0,0,0, | 1,5,2, | 
(9356)	1,1,1, | 1,5,2, | 
(19488)	2,3,0, | 1,2,0, | 
(19488)	2,3,0, | 1,2,0, | 
(19501)	2,3,0, | 1,4,1, | 
(19488)	2,3,0, | 1,2,0, | 
(11712)	1,3,0, | 1,2,0, | 
(14605)	1,5,1, | 3,4,1, | 
(11760)	1,3,0, | 2,4,0, | 
(14520)	1,5,1, | 1,2,0, | 
(11731)	1,3,0, | 1,5,1, | 
(11760)	1,3,0, | 2,4,0, | 
(14479)	1,5,1, | 0,1,1, | 
(14492)	1,5,1, | 0,3,2, | 
(13212)	1,4,1, | 1,0,0, | 
(14731)	1,5,2, | 1,1,1, | 
(14701)	1,5,2, | 0,2,1, | 
(14695)	1,5,2, | 0,1,1, | 
(14701)	1,5,2, | 0,2,1, | 
(14688)	1,5,2, | 0,0,0, | 
(14904)	1,5,3, | 0,0,0, | 
(14904)	1,5,3, | 0,0,0, | 
(14904)	1,5,3, | 0,0,0, | 
(14904)	1,5,3, | 0,0,0, | 
(14904)	1,5,3, | 0,0,0, | 
(14904)	1,5,3, | 0,0,0, | 
(14904)	1,5,3, | 0,0,0, | 
(14904)	1,5,3, | 0,0,0, | 
(14904)	1,5,3, | 0,0,0, | 
(18361)	2,2,1, | 0,0,1, | 
(22716)	2,5,3, | 1,0,0, | 
(7164)	0,5,3, | 1,0,0, | 
(4140)	0,3,1, | 1,0,0, | 
(5436)	0,4,1, | 1,0,0, | 
(10620)	1,2,1, | 1,0,0, | 
(2844)	0,2,1, | 1,0,0, | 
(5436)	0,4,1, | 1,0,0, | 
(10620)	1,2,1, | 1,0,0, | 
(21420)	2,4,3, | 1,0,0, | 
(28980)	3,4,2, | 1,0,0, | 
(21420)	2,4,3, | 1,0,0, | 
(21420)	2,4,3, | 1,0,0, | 
(28980)	3,4,2, | 1,0,0, | 
(21420)	2,4,3, | 1,0,0, | 
(4140)	0,3,1, | 1,0,0, | 
(7164)	0,5,3, | 1,0,0, | 
(2844)	0,2,1, | 1,0,0, | 
(2808)	0,2,1, | 0,0,0, | 
(14904)	1,5,3, | 0,0,0, | 
(14904)	1,5,3, | 0,0,0, | 
(14904)	1,5,3, | 0,0,0, | 
(14904)	1,5,3, | 0,0,0, | 
(14904)	1,5,3, | 0,0,0, | 
(14904)	1,5,3, | 0,0,0, | 
(14904)	1,5,3, | 0,0,0, | 
(14904)	1,5,3, | 0,0,0, | 
(14904)	1,5,3, | 0,0,0, | 
(14904)	1,5,3, | 0,0,0, | 
(14904)	1,5,3, | 0,0,0, | 
(14904)	1,5,3, | 0,0,0, | 
(14904)	1,5,3, | 0,0,0, | 
(7164)	0,5,3, | 1,0,0, | 
(7164)	0,5,3, | 1,0,0, | 
(7164)	0,5,3, | 1,0,0, | 
(7164)	0,5,3, | 1,0,0, | 
(7825)	1,0,0, | 1,2,1, | 
(55)	0,0,0, | 1,3,1, | 
(55)	0,0,0, | 1,3,1, | 
(55)	0,0,0, | 1,3,1, | 
(2863)	0,2,1, | 1,3,1, | 
(61)	0,0,0, | 1,4,1, | 
(13453)	1,4,2, | 1,4,1, | 
(4165)	0,3,1, | 1,4,1, | 
(6973)	0,5,2, | 1,4,1, | 
(61)	0,0,0, | 1,4,1, | 
(22302)	2,5,1, | 1,3,0, | 
(9133)	1,1,0, | 1,4,1, | 
(9169)	1,1,0, | 2,4,1, | 
(13273)	1,4,1, | 2,4,1, | 
(18205)	2,2,0, | 1,4,1, | 
(10429)	1,2,0, | 1,4,1, | 
(9133)	1,1,0, | 1,4,1, | 
(9169)	1,1,0, | 2,4,1, | 
(13273)	1,4,1, | 2,4,1, | 
(14911)	1,5,3, | 0,1,1, | 
(14904)	1,5,3, | 0,0,0, | 
(14904)	1,5,3, | 0,0,0, | 
(14904)	1,5,3, | 0,0,0, | 
(14904)	1,5,3, | 0,0,0, | 
(14976)	1,5,3, | 2,0,0, | 
(14911)	1,5,3, | 0,1,1, | 
(14904)	1,5,3, | 0,0,0, | 
(14904)	1,5,3, | 0,0,0, | 
(14904)	1,5,3, | 0,0,0, | 
(14904)	1,5,3, | 0,0,0, | 
(14904)	1,5,3, | 0,0,0, | 
(14904)	1,5,3, | 0,0,0, | 
(7164)	0,5,3, | 1,0,0, | 
(7164)	0,5,3, | 1,0,0, | 
(7838)	1,0,0, | 1,4,2, | 
(7838)	1,0,0, | 1,4,2, | 
(7844)	1,0,0, | 1,5,2, | 
(68)	0,0,0, | 1,5,2, | 
(68)	0,0,0, | 1,5,2, | 
(68)	0,0,0, | 1,5,2, | 
(9356)	1,1,1, | 1,5,2, | 
(68)	0,0,0, | 1,5,2, | 
(13453)	1,4,2, | 1,4,1, | 
(4165)	0,3,1, | 1,4,1, | 
(6973)	0,5,2, | 1,4,1, | 
(61)	0,0,0, | 1,4,1, | 
(13020)	1,4,0, | 1,4,0, | 
(10422)	1,2,0, | 1,3,0, | 
(18234)	2,2,0, | 2,3,0, | 
(13315)	1,4,1, | 3,5,1, | 
(13315)	1,4,1, | 3,5,1, | 
(13266)	1,4,1, | 2,3,0, | 
(10458)	1,2,0, | 2,3,0, | 
(10458)	1,2,0, | 2,3,0, | 
(10458)	1,2,0, | 2,3,0, | 
(14688)	1,5,2, | 0,0,0, | 
(14688)	1,5,2, | 0,0,0, | 
(14695)	1,5,2, | 0,1,1, | 
(14688)	1,5,2, | 0,0,0, | 
(14688)	1,5,2, | 0,0,0, | 
(14731)	1,5,2, | 1,1,1, | 
(14688)	1,5,2, | 0,0,0, | 
(14904)	1,5,3, | 0,0,0, | 
(14688)	1,5,2, | 0,0,0, | 
(14688)	1,5,2, | 0,0,0, | 
(14688)	1,5,2, | 0,0,0, | 
(14688)	1,5,2, | 0,0,0, | 
(7164)	0,5,3, | 1,0,0, | 
(7809)	1,0,0, | 0,5,3, | 
(68)	0,0,0, | 1,5,2, | 
(68)	0,0,0, | 1,5,2, | 
(68)	0,0,0, | 1,5,2, | 
(7844)	1,0,0, | 1,5,2, | 
(68)	0,0,0, | 1,5,2, | 
(68)	0,0,0, | 1,5,2, | 
(68)	0,0,0, | 1,5,2, | 
(9356)	1,1,1, | 1,5,2, | 
(68)	0,0,0, | 1,5,2, | 
(13453)	1,4,2, | 1,4,1, | 
(4165)	0,3,1, | 1,4,1, | 
(6973)	0,5,2, | 1,4,1, | 
(61)	0,0,0, | 1,4,1, | 
(13020)	1,4,0, | 1,4,0, | 
(11718)	1,3,0, | 1,3,0, | 
(11718)	1,3,0, | 1,3,0, | 
(11725)	1,3,0, | 1,4,1, | 
(13020)	1,4,0, | 1,4,0, | 
(11803)	1,3,0, | 3,5,1, | 
(13020)	1,4,0, | 1,4,0, | 
(11803)	1,3,0, | 3,5,1, | 
(11676)	1,3,0, | 0,2,0, | 
(13176)	1,4,1, | 0,0,0, | 
(13176)	1,4,1, | 0,0,0, | 
(13195)	1,4,1, | 0,3,1, | 
(14688)	1,5,2, | 0,0,0, | 
(14688)	1,5,2, | 0,0,0, | 
(14695)	1,5,2, | 0,1,1, | 
(14737)	1,5,2, | 1,2,1, | 
(14737)	1,5,2, | 1,2,1, | 
(14688)	1,5,2, | 0,0,0, | 
(14688)	1,5,2, | 0,0,0, | 
(14688)	1,5,2, | 0,0,0, | 
(14688)	1,5,2, | 0,0,0, | 
(7809)	1,0,0, | 0,5,3, | 
(7809)	1,0,0, | 0,5,3, | 
(68)	0,0,0, | 1,5,2, | 
(68)	0,0,0, | 1,5,2, | 
(68)	0,0,0, | 1,5,2, | 
(68)	0,0,0, | 1,5,2, | 
(7844)	1,0,0, | 1,5,2, | 
(68)	0,0,0, | 1,5,2, | 
(68)	0,0,0, | 1,5,2, | 
(9356)	1,1,1, | 1,5,2, | 
(68)	0,0,0, | 1,5,2, | 
(2876)	0,2,1, | 1,5,2, | 
(4165)	0,3,1, | 1,4,1, | 
(6973)	0,5,2, | 1,4,1, | 
(61)	0,0,0, | 1,4,1, | 
(22338)	2,5,1, | 2,3,0, | 
(11718)	1,3,0, | 1,3,0, | 
(14539)	1,5,1, | 1,5,1, | 
(11731)	1,3,0, | 1,5,1, | 
(13020)	1,4,0, | 1,4,0, | 
(11803)	1,3,0, | 3,5,1, | 
(11803)	1,3,0, | 3,5,1, | 
(11724)	1,3,0, | 1,4,0, | 
(11676)	1,3,0, | 0,2,0, | 
(14504)	1,5,1, | 0,5,2, | 
(14472)	1,5,1, | 0,0,0, | 
(14708)	1,5,2, | 0,3,2, | 
(14688)	1,5,2, | 0,0,0, | 
(14701)	1,5,2, | 0,2,1, | 
(14688)	1,5,2, | 0,0,0, | 
(14724)	1,5,2, | 1,0,0, | 
(14688)	1,5,2, | 0,0,0, | 
(14688)	1,5,2, | 0,0,0, | 
(14688)	1,5,2, | 0,0,0, | 
(14688)	1,5,2, | 0,0,0, | 
(14688)	1,5,2, | 0,0,0, | 
(7809)	1,0,0, | 0,5,3, | 
(7809)	1,0,0, | 0,5,3, | 
(68)	0,0,0, | 1,5,2, | 
(68)	0,0,0, | 1,5,2, | 
(68)	0,0,0, | 1,5,2, | 
(7844)	1,0,0, | 1,5,2, | 
(7844)	1,0,0, | 1,5,2, | 
(68)	0,0,0, | 1,5,2, | 
(68)	0,0,0, | 1,5,2, | 
(9356)	1,1,1, | 1,5,2, | 
(68)	0,0,0, | 1,5,2, | 
(68)	0,0,0, | 1,5,2, | 
(4165)	0,3,1, | 1,4,1, | 
(6973)	0,5,2, | 1,4,1, | 
(61)	0,0,0, | 1,4,1, | 
(13020)	1,4,0, | 1,4,0, | 
(11718)	1,3,0, | 1,3,0, | 
(11718)	1,3,0, | 1,3,0, | 
(11731)	1,3,0, | 1,5,1, | 
(14605)	1,5,1, | 3,4,1, | 
(11760)	1,3,0, | 2,4,0, | 
(11724)	1,3,0, | 1,4,0, | 
(11731)	1,3,0, | 1,5,1, | 
(11760)	1,3,0, | 2,4,0, | 
(14498)	1,5,1, | 0,4,2, | 
(14472)	1,5,1, | 0,0,0, | 
(14472)	1,5,1, | 0,0,0, | 
(14701)	1,5,2, | 0,2,1, | 
(14708)	1,5,2, | 0,3,2, | 
(14688)	1,5,2, | 0,0,0, | 
(14701)	1,5,2, | 0,2,1, | 
(14688)	1,5,2, | 0,0,0, | 
(14904)	1,5,3, | 0,0,0, | 
(14904)	1,5,3, | 0,0,0, | 
(14904)	1,5,3, | 0,0,0, | 
(14904)	1,5,3, | 0,0,0, | 
(14904)	1,5,3, | 0,0,0, | 
(14904)	1,5,3, | 0,0,0, | 
(14904)	1,5,3, | 0,0,0, | 
(14904)	1,5,3, | 0,0,0, | 
(14904)	1,5,3, | 0,0,0, | 
(18361)	2,2,1, | 0,0,1, | 
(13428)	1,4,2, | 1,0,0, | 
(2844)	0,2,1, | 1,0,0, | 
(5652)	0,4,2, | 1,0,0, | 
(2844)	0,2,1, | 1,0,0, | 
(7164)	0,5,3, | 1,0,0, | 
(5868)	0,4,3, | 1,0,0, | 
(2844)	0,2,1, | 1,0,0, | 
(2844)	0,2,1, | 1,0,0, | 
(28980)	3,4,2, | 1,0,0, | 
(7164)	0,5,3, | 1,0,0, | 
(7164)	0,5,3, | 1,0,0, | 
(5868)	0,4,3, | 1,0,0, | 
(28980)	3,4,2, | 1,0,0, | 
(28980)	3,4,2, | 1,0,0, | 
(28980)	3,4,2, | 1,0,0, | 
(7164)	0,5,3, | 1,0,0, | 
(18396)	2,2,1, | 1,0,0, | 
(2808)	0,2,1, | 0,0,0, | 
(14904)	1,5,3, | 0,0,0, | 
(14940)	1,5,3, | 1,0,0, | 
(14904)	1,5,3, | 0,0,0, | 
(14904)	1,5,3, | 0,0,0, | 
(14904)	1,5,3, | 0,0,0, | 
(14940)	1,5,3, | 1,0,0, | 
(14904)	1,5,3, | 0,0,0, | 
(14904)	1,5,3, | 0,0,0, | 
(14904)	1,5,3, | 0,0,0, | 
(14904)	1,5,3, | 0,0,0, | 
(14904)	1,5,3, | 0,0,0, | 
(14904)	1,5,3, | 0,0,0, | 
(14904)	1,5,3, | 0,0,0, | 
(7164)	0,5,3, | 1,0,0, | 
(7164)	0,5,3, | 1,0,0, | 
(7164)	0,5,3, | 1,0,0, | 
(7164)	0,5,3, | 1,0,0, | 
(12132)	1,3,2, | 1,0,0, | 
(13428)	1,4,2, | 1,0,0, | 
(6738)	0,5,1, | 1,1,0, | 
(6738)	0,5,1, | 1,1,0, | 
(61)	0,0,0, | 1,4,1, | 
(61)	0,0,0, | 1,4,1, | 
(61)	0,0,0, | 1,4,1, | 
(4165)	0,3,1, | 1,4,1, | 
(3942)	0,3,0, | 1,3,0, | 
(3942)	0,3,0, | 1,3,0, | 
(11718)	1,3,0, | 1,3,0, | 
(14526)	1,5,1, | 1,3,0, | 
(11718)	1,3,0, | 1,3,0, | 
(19494)	2,3,0, | 1,3,0, | 
(19494)	2,3,0, | 1,3,0, | 
(11718)	1,3,0, | 1,3,0, | 
(13014)	1,4,0, | 1,3,0, | 
(11718)	1,3,0, | 1,3,0, | 
(13273)	1,4,1, | 2,4,1, | 
(14911)	1,5,3, | 0,1,1, | 
(14904)	1,5,3, | 0,0,0, | 
(14904)	1,5,3, | 0,0,0, | 
(14904)	1,5,3, | 0,0,0, | 
(14904)	1,5,3, | 0,0,0, | 
(14918)	1,5,3, | 0,2,2, | 
(14911)	1,5,3, | 0,1,1, | 
(14904)	1,5,3, | 0,0,0, | 
(14904)	1,5,3, | 0,0,0, | 
(14904)	1,5,3, | 0,0,0, | 
(14904)	1,5,3, | 0,0,0, | 
(14904)	1,5,3, | 0,0,0, | 
(14904)	1,5,3, | 0,0,0, | 
(7164)	0,5,3, | 1,0,0, | 
(7164)	0,5,3, | 1,0,0, | 
(68)	0,0,0, | 1,5,2, | 
(68)	0,0,0, | 1,5,2, | 
(7844)	1,0,0, | 1,5,2, | 
(68)	0,0,0, | 1,5,2, | 
(7844)	1,0,0, | 1,5,2, | 
(2876)	0,2,1, | 1,5,2, | 
(1580)	0,1,1, | 1,5,2, | 
(2876)	0,2,1, | 1,5,2, | 
(61)	0,0,0, | 1,4,1, | 
(4165)	0,3,1, | 1,4,1, | 
(2875)	0,2,1, | 1,5,1, | 
(67)	0,0,0, | 1,5,1, | 
(14539)	1,5,1, | 1,5,1, | 
(10422)	1,2,0, | 1,3,0, | 
(19494)	2,3,0, | 1,3,0, | 
(11718)	1,3,0, | 1,3,0, | 
(13315)	1,4,1, | 3,5,1, | 
(13266)	1,4,1, | 2,3,0, | 
(10458)	1,2,0, | 2,3,0, | 
(10458)	1,2,0, | 2,3,0, | 
(10458)	1,2,0, | 2,3,0, | 
(14688)	1,5,2, | 0,0,0, | 
(14688)	1,5,2, | 0,0,0, | 
(14708)	1,5,2, | 0,3,2, | 
(14688)	1,5,2, | 0,0,0, | 
(14688)	1,5,2, | 0,0,0, | 
(14737)	1,5,2, | 1,2,1, | 
(14688)	1,5,2, | 0,0,0, | 
(14904)	1,5,3, | 0,0,0, | 
(14688)	1,5,2, | 0,0,0, | 
(14688)	1,5,2, | 0,0,0, | 
(14688)	1,5,2, | 0,0,0, | 
(14688)	1,5,2, | 0,0,0, | 
(7164)	0,5,3, | 1,0,0, | 
(7164)	0,5,3, | 1,0,0, | 
(68)	0,0,0, | 1,5,2, | 
(68)	0,0,0, | 1,5,2, | 
(68)	0,0,0, | 1,5,2, | 
(7844)	1,0,0, | 1,5,2, | 
(7844)	1,0,0, | 1,5,2, | 
(7844)	1,0,0, | 1,5,2, | 
(68)	0,0,0, | 1,5,2, | 
(1580)	0,1,1, | 1,5,2, | 
(2876)	0,2,1, | 1,5,2, | 
(68)	0,0,0, | 1,5,2, | 
(4171)	0,3,1, | 1,5,1, | 
(2875)	0,2,1, | 1,5,1, | 
(67)	0,0,0, | 1,5,1, | 
(11731)	1,3,0, | 1,5,1, | 
(30091)	3,5,1, | 1,5,1, | 
(19543)	2,3,0, | 2,5,1, | 
(11718)	1,3,0, | 1,3,0, | 
(19543)	2,3,0, | 2,5,1, | 
(13266)	1,4,1, | 2,3,0, | 
(30078)	3,5,1, | 1,3,0, | 
(13027)	1,4,0, | 1,5,1, | 
(11676)	1,3,0, | 0,2,0, | 
(13176)	1,4,1, | 0,0,0, | 
(13176)	1,4,1, | 0,0,0, | 
(14688)	1,5,2, | 0,0,0, | 
(14688)	1,5,2, | 0,0,0, | 
(14688)	1,5,2, | 0,0,0, | 
(14688)	1,5,2, | 0,0,0, | 
(14737)	1,5,2, | 1,2,1, | 
(14695)	1,5,2, | 0,1,1, | 
(14688)	1,5,2, | 0,0,0, | 
(14688)	1,5,2, | 0,0,0, | 
(14688)	1,5,2, | 0,0,0, | 
(14688)	1,5,2, | 0,0,0, | 
(7164)	0,5,3, | 1,0,0, | 
(7809)	1,0,0, | 0,5,3, | 
(68)	0,0,0, | 1,5,2, | 
(68)	0,0,0, | 1,5,2, | 
(68)	0,0,0, | 1,5,2, | 
(68)	0,0,0, | 1,5,2, | 
(68)	0,0,0, | 1,5,2, | 
(7844)	1,0,0, | 1,5,2, | 
(2876)	0,2,1, | 1,5,2, | 
(68)	0,0,0, | 1,5,2, | 
(68)	0,0,0, | 1,5,2, | 
(68)	0,0,0, | 1,5,2, | 
(4171)	0,3,1, | 1,5,1, | 
(2875)	0,2,1, | 1,5,1, | 
(67)	0,0,0, | 1,5,1, | 
(19530)	2,3,0, | 2,3,0, | 
(11724)	1,3,0, | 1,4,0, | 
(11754)	1,3,0, | 2,3,0, | 
(30078)	3,5,1, | 1,3,0, | 
(11803)	1,3,0, | 3,5,1, | 
(14611)	1,5,1, | 3,5,1, | 
(11803)	1,3,0, | 3,5,1, | 
(11724)	1,3,0, | 1,4,0, | 
(11676)	1,3,0, | 0,2,0, | 
(14485)	1,5,1, | 0,2,1, | 
(14472)	1,5,1, | 0,0,0, | 
(14701)	1,5,2, | 0,2,1, | 
(14688)	1,5,2, | 0,0,0, | 
(14701)	1,5,2, | 0,2,1, | 
(14688)	1,5,2, | 0,0,0, | 
(14724)	1,5,2, | 1,0,0, | 
(14688)	1,5,2, | 0,0,0, | 
(14688)	1,5,2, | 0,0,0, | 
(14689)	1,5,2, | 0,0,1, | 
(14688)	1,5,2, | 0,0,0, | 
(14688)	1,5,2, | 0,0,0, | 
(7164)	0,5,3, | 1,0,0, | 
(7809)	1,0,0, | 0,5,3, | 
(68)	0,0,0, | 1,5,2, | 
(68)	0,0,0, | 1,5,2, | 
(68)	0,0,0, | 1,5,2, | 
(7844)	1,0,0, | 1,5,2, | 
(68)	0,0,0, | 1,5,2, | 
(7844)	1,0,0, | 1,5,2, | 
(2876)	0,2,1, | 1,5,2, | 
(68)	0,0,0, | 1,5,2, | 
(2876)	0,2,1, | 1,5,2, | 
(68)	0,0,0, | 1,5,2, | 
(4171)	0,3,1, | 1,5,1, | 
(2875)	0,2,1, | 1,5,1, | 
(67)	0,0,0, | 1,5,1, | 
(14539)	1,5,1, | 1,5,1, | 
(30078)	3,5,1, | 1,3,0, | 
(11718)	1,3,0, | 1,3,0, | 
(11731)	1,3,0, | 1,5,1, | 
(19494)	2,3,0, | 1,3,0, | 
(11760)	1,3,0, | 2,4,0, | 
(11724)	1,3,0, | 1,4,0, | 
(11760)	1,3,0, | 2,4,0, | 
(11760)	1,3,0, | 2,4,0, | 
(14485)	1,5,1, | 0,2,1, | 
(14492)	1,5,1, | 0,3,2, | 
(14472)	1,5,1, | 0,0,0, | 
(14695)	1,5,2, | 0,1,1, | 
(14708)	1,5,2, | 0,3,2, | 
(14688)	1,5,2, | 0,0,0, | 
(14701)	1,5,2, | 0,2,1, | 
(14688)	1,5,2, | 0,0,0, | 
(14904)	1,5,3, | 0,0,0, | 
(14904)	1,5,3, | 0,0,0, | 
(14904)	1,5,3, | 0,0,0, | 
(14904)	1,5,3, | 0,0,0, | 
(14904)	1,5,3, | 0,0,0, | 
(14904)	1,5,3, | 0,0,0, | 
(14904)	1,5,3, | 0,0,0, | 
(14904)	1,5,3, | 0,0,0, | 
(14904)	1,5,3, | 0,0,0, | 
(18361)	2,2,1, | 0,0,1, | 
(22716)	2,5,3, | 1,0,0, | 
(2844)	0,2,1, | 1,0,0, | 
(14724)	1,5,2, | 1,0,0, | 
(4140)	0,3,1, | 1,0,0, | 
(5868)	0,4,3, | 1,0,0, | 
(4356)	0,3,2, | 1,0,0, | 
(2844)	0,2,1, | 1,0,0, | 
(4356)	0,3,2, | 1,0,0, | 
(19692)	2,3,1, | 1,0,0, | 
(14940)	1,5,3, | 1,0,0, | 
(19692)	2,3,1, | 1,0,0, | 
(19692)	2,3,1, | 1,0,0, | 
(19692)	2,3,1, | 1,0,0, | 
(5868)	0,4,3, | 1,0,0, | 
(7164)	0,5,3, | 1,0,0, | 
(7164)	0,5,3, | 1,0,0, | 
(2844)	0,2,1, | 1,0,0, | 
(2844)	0,2,1, | 1,0,0, | 
(14904)	1,5,3, | 0,0,0, | 
(14904)	1,5,3, | 0,0,0, | 
(14904)	1,5,3, | 0,0,0, | 
(14904)	1,5,3, | 0,0,0, | 
(14904)	1,5,3, | 0,0,0, | 
(14940)	1,5,3, | 1,0,0, | 
(14904)	1,5,3, | 0,0,0, | 
(14904)	1,5,3, | 0,0,0, | 
(14904)	1,5,3, | 0,0,0, | 
(14904)	1,5,3, | 0,0,0, | 
(14904)	1,5,3, | 0,0,0, | 
(14904)	1,5,3, | 0,0,0, | 
(14904)	1,5,3, | 0,0,0, | 
(7164)	0,5,3, | 1,0,0, | 
(7164)	0,5,3, | 1,0,0, | 
(7164)	0,5,3, | 1,0,0, | 
(7164)	0,5,3, | 1,0,0, | 
(12132)	1,3,2, | 1,0,0, | 
(22716)	2,5,3, | 1,0,0, | 
(6738)	0,5,1, | 1,1,0, | 
(6738)	0,5,1, | 1,1,0, | 
(61)	0,0,0, | 1,4,1, | 
(2869)	0,2,1, | 1,4,1, | 
(3942)	0,3,0, | 1,3,0, | 
(11718)	1,3,0, | 1,3,0, | 
(3942)	0,3,0, | 1,3,0, | 
(3942)	0,3,0, | 1,3,0, | 
(19494)	2,3,0, | 1,3,0, | 
(11718)	1,3,0, | 1,3,0, | 
(11718)	1,3,0, | 1,3,0, | 
(11718)	1,3,0, | 1,3,0, | 
(14526)	1,5,1, | 1,3,0, | 
(14526)	1,5,1, | 1,3,0, | 
(13014)	1,4,0, | 1,3,0, | 
(11718)	1,3,0, | 1,3,0, | 
(13273)	1,4,1, | 2,4,1, | 
(14904)	1,5,3, | 0,0,0, | 
(14904)	1,5,3, | 0,0,0, | 
(14904)	1,5,3, | 0,0,0, | 
(14904)	1,5,3, | 0,0,0, | 
(14904)	1,5,3, | 0,0,0, | 
(14918)	1,5,3, | 0,2,2, | 
(14911)	1,5,3, | 0,1,1, | 
(14954)	1,5,3, | 1,2,2, | 
(14904)	1,5,3, | 0,0,0, | 
(14904)	1,5,3, | 0,0,0, | 
(14904)	1,5,3, | 0,0,0, | 
(14904)	1,5,3, | 0,0,0, | 
(14904)	1,5,3, | 0,0,0, | 
(7164)	0,5,3, | 1,0,0, | 
(7164)	0,5,3, | 1,0,0, | 
(68)	0,0,0, | 1,5,2, | 
(68)	0,0,0, | 1,5,2, | 
(7844)	1,0,0, | 1,5,2, | 
(4388)	0,3,2, | 1,5,2, | 
(2876)	0,2,1, | 1,5,2, | 
(1580)	0,1,1, | 1,5,2, | 
(2876)	0,2,1, | 1,5,2, | 
(1580)	0,1,1, | 1,5,2, | 
(61)	0,0,0, | 1,4,1, | 
(4171)	0,3,1, | 1,5,1, | 
(9355)	1,1,1, | 1,5,1, | 
(20790)	2,4,0, | 1,3,0, | 
(20790)	2,4,0, | 1,3,0, | 
(28795)	3,4,1, | 1,5,1, | 
(10435)	1,2,0, | 1,5,1, | 
(20790)	2,4,0, | 1,3,0, | 
(13315)	1,4,1, | 3,5,1, | 
(10458)	1,2,0, | 2,3,0, | 
(10458)	1,2,0, | 2,3,0, | 
(10458)	1,2,0, | 2,3,0, | 
(10458)	1,2,0, | 2,3,0, | 
(14737)	1,5,2, | 1,2,1, | 
(14688)	1,5,2, | 0,0,0, | 
(14688)	1,5,2, | 0,0,0, | 
(14688)	1,5,2, | 0,0,0, | 
(14688)	1,5,2, | 0,0,0, | 
(14737)	1,5,2, | 1,2,1, | 
(14688)	1,5,2, | 0,0,0, | 
(14904)	1,5,3, | 0,0,0, | 
(14688)	1,5,2, | 0,0,0, | 
(14688)	1,5,2, | 0,0,0, | 
(14688)	1,5,2, | 0,0,0, | 
(14688)	1,5,2, | 0,0,0, | 
(7164)	0,5,3, | 1,0,0, | 
(7164)	0,5,3, | 1,0,0, | 
(68)	0,0,0, | 1,5,2, | 
(68)	0,0,0, | 1,5,2, | 
(68)	0,0,0, | 1,5,2, | 
(7844)	1,0,0, | 1,5,2, | 
(68)	0,0,0, | 1,5,2, | 
(68)	0,0,0, | 1,5,2, | 
(68)	0,0,0, | 1,5,2, | 
(68)	0,0,0, | 1,5,2, | 
(1580)	0,1,1, | 1,5,2, | 
(9355)	1,1,1, | 1,5,1, | 
(4171)	0,3,1, | 1,5,1, | 
(9355)	1,1,1, | 1,5,1, | 
(20790)	2,4,0, | 1,3,0, | 
(11731)	1,3,0, | 1,5,1, | 
(11724)	1,3,0, | 1,4,0, | 
(11718)	1,3,0, | 1,3,0, | 
(11718)	1,3,0, | 1,3,0, | 
(11803)	1,3,0, | 3,5,1, | 
(13266)	1,4,1, | 2,3,0, | 
(11718)	1,3,0, | 1,3,0, | 
(13027)	1,4,0, | 1,5,1, | 
(11676)	1,3,0, | 0,2,0, | 
(13212)	1,4,1, | 1,0,0, | 
(13176)	1,4,1, | 0,0,0, | 
(14701)	1,5,2, | 0,2,1, | 
(14688)	1,5,2, | 0,0,0, | 
(14688)	1,5,2, | 0,0,0, | 
(14688)	1,5,2, | 0,0,0, | 
(14737)	1,5,2, | 1,2,1, | 
(14688)	1,5,2, | 0,0,0, | 
(14688)	1,5,2, | 0,0,0, | 
(14688)	1,5,2, | 0,0,0, | 
(14688)	1,5,2, | 0,0,0, | 
(14688)	1,5,2, | 0,0,0, | 
(7164)	0,5,3, | 1,0,0, | 
(7809)	1,0,0, | 0,5,3, | 
(68)	0,0,0, | 1,5,2, | 
(68)	0,0,0, | 1,5,2, | 
(68)	0,0,0, | 1,5,2, | 
(68)	0,0,0, | 1,5,2, | 
(68)	0,0,0, | 1,5,2, | 
(68)	0,0,0, | 1,5,2, | 
(1580)	0,1,1, | 1,5,2, | 
(2876)	0,2,1, | 1,5,2, | 
(1580)	0,1,1, | 1,5,2, | 
(9355)	1,1,1, | 1,5,1, | 
(4171)	0,3,1, | 1,5,1, | 
(9355)	1,1,1, | 1,5,1, | 
(20790)	2,4,0, | 1,3,0, | 
(20803)	2,4,0, | 1,5,1, | 
(11724)	1,3,0, | 1,4,0, | 
(14562)	1,5,1, | 2,3,0, | 
(11731)	1,3,0, | 1,5,1, | 
(11803)	1,3,0, | 3,5,1, | 
(13063)	1,4,0, | 2,5,1, | 
(11803)	1,3,0, | 3,5,1, | 
(11724)	1,3,0, | 1,4,0, | 
(11676)	1,3,0, | 0,2,0, | 
(14485)	1,5,1, | 0,2,1, | 
(14472)	1,5,1, | 0,0,0, | 
(14688)	1,5,2, | 0,0,0, | 
(14688)	1,5,2, | 0,0,0, | 
(14701)	1,5,2, | 0,2,1, | 
(14688)	1,5,2, | 0,0,0, | 
(14724)	1,5,2, | 1,0,0, | 
(14708)	1,5,2, | 0,3,2, | 
(14688)	1,5,2, | 0,0,0, | 
(14689)	1,5,2, | 0,0,1, | 
(14688)	1,5,2, | 0,0,0, | 
(14688)	1,5,2, | 0,0,0, | 
(7164)	0,5,3, | 1,0,0, | 
(7809)	1,0,0, | 0,5,3, | 
(68)	0,0,0, | 1,5,2, | 
(68)	0,0,0, | 1,5,2, | 
(68)	0,0,0, | 1,5,2, | 
(7844)	1,0,0, | 1,5,2, | 
(4388)	0,3,2, | 1,5,2, | 
(68)	0,0,0, | 1,5,2, | 
(1580)	0,1,1, | 1,5,2, | 
(68)	0,0,0, | 1,5,2, | 
(68)	0,0,0, | 1,5,2, | 
(9355)	1,1,1, | 1,5,1, | 
(4171)	0,3,1, | 1,5,1, | 
(9355)	1,1,1, | 1,5,1, | 
(20790)	2,4,0, | 1,3,0, | 
(20790)	2,4,0, | 1,3,0, | 
(11754)	1,3,0, | 2,3,0, | 
(11718)	1,3,0, | 1,3,0, | 
(11731)	1,3,0, | 1,5,1, | 
(20803)	2,4,0, | 1,5,1, | 
(11760)	1,3,0, | 2,4,0, | 
(11731)	1,3,0, | 1,5,1, | 
(11731)	1,3,0, | 1,5,1, | 
(11760)	1,3,0, | 2,4,0, | 
(14485)	1,5,1, | 0,2,1, | 
(14472)	1,5,1, | 0,0,0, | 
(14472)	1,5,1, | 0,0,0, | 
(14688)	1,5,2, | 0,0,0, | 
(14695)	1,5,2, | 0,1,1, | 
(14688)	1,5,2, | 0,0,0, | 
(14701)	1,5,2, | 0,2,1, | 
(14701)	1,5,2, | 0,2,1, | 
