(46008)	5,5,3, | 0,0,0, | 
(46008)	5,5,3, | 0,0,0, | 
(46008)	5,5,3, | 0,0,0, | 
(46008)	5,5,3, | 0,0,0, | 
(46008)	5,5,3, | 0,0,0, | 
(46008)	5,5,3, | 0,0,0, | 
(213)	0,0,0, | 5,5,3, | 
(213)	0,0,0, | 5,5,3, | 
(213)	0,0,0, | 5,5,3, | 
(213)	0,0,0, | 5,5,3, | 
(213)	0,0,0, | 5,5,3, | 
(15333)	1,5,4, | 5,5,3, | 
(29373)	3,4,3, | 5,5,3, | 
(13604)	1,4,2, | 5,5,2, | 
(7988)	1,0,0, | 5,5,2, | 
(9500)	1,1,1, | 5,5,2, | 
(9500)	1,1,1, | 5,5,2, | 
(9500)	1,1,1, | 5,5,2, | 
(13604)	1,4,2, | 5,5,2, | 
(9500)	1,1,1, | 5,5,2, | 
(42)	0,0,0, | 1,1,0, | 
(9150)	1,1,0, | 2,1,0, | 
(9156)	1,1,0, | 2,2,0, | 
(13092)	1,4,0, | 3,4,0, | 
(9199)	1,1,0, | 3,3,1, | 
(9126)	1,1,0, | 1,3,0, | 
(13021)	1,4,0, | 1,4,1, | 
(14298)	1,5,0, | 1,1,0, | 
(9163)	1,1,0, | 2,3,1, | 
(9114)	1,1,0, | 1,1,0, | 
(9115)	1,1,0, | 1,1,1, | 
(45861)	5,5,2, | 1,5,3, | 
(45835)	5,5,2, | 1,1,1, | 
(45835)	5,5,2, | 1,1,1, | 
(45854)	5,5,2, | 1,4,2, | 
(45828)	5,5,2, | 1,0,0, | 
(45835)	5,5,2, | 1,1,1, | 
(45835)	5,5,2, | 1,1,1, | 
(46080)	5,5,3, | 2,0,0, | 
(46064)	5,5,3, | 1,3,2, | 
(46008)	5,5,3, | 0,0,0, | 
(46008)	5,5,3, | 0,0,0, | 
(46008)	5,5,3, | 0,0,0, | 
(46008)	5,5,3, | 0,0,0, | 
(46008)	5,5,3, | 0,0,0, | 
(46008)	5,5,3, | 0,0,0, | 
(46008)	5,5,3, | 0,0,0, | 
(46008)	5,5,3, | 0,0,0, | 
(46008)	5,5,3, | 0,0,0, | 
(46008)	5,5,3, | 0,0,0, | 
(0)	0,0,0, | 0,0,0, | 
(10368)	1,2,0, | 0,0,0, | 
(10584)	1,2,1, | 0,0,0, | 
(10368)	1,2,0, | 0,0,0, | 
(7776)	1,0,0, | 0,0,0, | 
(14688)	1,5,2, | 0,0,0, | 
(10368)	1,2,0, | 0,0,0, | 
(14904)	1,5,3, | 0,0,0, | 
(10584)	1,2,1, | 0,0,0, | 
(9500)	1,1,1, | 5,5,2, | 
(42)	0,0,0, | 1,1,0, | 
(9235)	1,1,0, | 4,3,1, | 
(9198)	1,1,0, | 3,3,0, | 
(9198)	1,1,0, | 3,3,0, | 
(9163)	1,1,0, | 2,3,1, | 
(102)	0,0,0, | 2,5,0, | 
(61)	0,0,0, | 1,4,1, | 
(9120)	1,1,0, | 1,2,0, | 
(9114)	1,1,0, | 1,1,0, | 
(42)	0,0,0, | 1,1,0, | 
(48)	0,0,0, | 1,2,0, | 
(46087)	5,5,3, | 2,1,1, | 
(46107)	5,5,3, | 2,4,3, | 
(46058)	5,5,3, | 1,2,2, | 
(46058)	5,5,3, | 1,2,2, | 
(46044)	5,5,3, | 1,0,0, | 
(46044)	5,5,3, | 1,0,0, | 
(46051)	5,5,3, | 1,1,1, | 
(46058)	5,5,3, | 1,2,2, | 
(46058)	5,5,3, | 1,2,2, | 
(46008)	5,5,3, | 0,0,0, | 
(46008)	5,5,3, | 0,0,0, | 
(46008)	5,5,3, | 0,0,0, | 
(46008)	5,5,3, | 0,0,0, | 
(46008)	5,5,3, | 0,0,0, | 
(46008)	5,5,3, | 0,0,0, | 
(46008)	5,5,3, | 0,0,0, | 
(46008)	5,5,3, | 0,0,0, | 
(46008)	5,5,3, | 0,0,0, | 
(46008)	5,5,3, | 0,0,0, | 
(0)	0,0,0, | 0,0,0, | 
(10368)	1,2,0, | 0,0,0, | 
(10584)	1,2,1, | 0,0,0, | 
(10368)	1,2,0, | 0,0,0, | 
(7776)	1,0,0, | 0,0,0, | 
(14688)	1,5,2, | 0,0,0, | 
(10368)	1,2,0, | 0,0,0, | 
(14904)	1,5,3, | 0,0,0, | 
(10584)	1,2,1, | 0,0,0, | 
(35473)	4,3,2, | 1,2,1, | 
(42)	0,0,0, | 1,1,0, | 
(11826)	1,3,0, | 4,3,0, | 
(9156)	1,1,0, | 2,2,0, | 
(14756)	1,5,2, | 1,5,2, | 
(11718)	1,3,0, | 1,3,0, | 
(9120)	1,1,0, | 1,2,0, | 
(61)	0,0,0, | 1,4,1, | 
(9120)	1,1,0, | 1,2,0, | 
(9114)	1,1,0, | 1,1,0, | 
(42)	0,0,0, | 1,1,0, | 
(48)	0,0,0, | 1,2,0, | 
(46071)	5,5,3, | 1,4,3, | 
(46166)	5,5,3, | 4,2,2, | 
(46058)	5,5,3, | 1,2,2, | 
(46058)	5,5,3, | 1,2,2, | 
(46044)	5,5,3, | 1,0,0, | 
(46044)	5,5,3, | 1,0,0, | 
(46051)	5,5,3, | 1,1,1, | 
(46058)	5,5,3, | 1,2,2, | 
(46058)	5,5,3, | 1,2,2, | 
(46008)	5,5,3, | 0,0,0, | 
(46008)	5,5,3, | 0,0,0, | 
(46008)	5,5,3, | 0,0,0, | 
(46008)	5,5,3, | 0,0,0, | 
(46008)	5,5,3, | 0,0,0, | 
(46008)	5,5,3, | 0,0,0, | 
(46008)	5,5,3, | 0,0,0, | 
(46008)	5,5,3, | 0,0,0, | 
(46008)	5,5,3, | 0,0,0, | 
(46008)	5,5,3, | 0,0,0, | 
(0)	0,0,0, | 0,0,0, | 
(10368)	1,2,0, | 0,0,0, | 
(10584)	1,2,1, | 0,0,0, | 
(10368)	1,2,0, | 0,0,0, | 
(7776)	1,0,0, | 0,0,0, | 
(14688)	1,5,2, | 0,0,0, | 
(10368)	1,2,0, | 0,0,0, | 
(14904)	1,5,3, | 0,0,0, | 
(10584)	1,2,1, | 0,0,0, | 
(35473)	4,3,2, | 1,2,1, | 
(42)	0,0,0, | 1,1,0, | 
(11790)	1,3,0, | 3,3,0, | 
(9156)	1,1,0, | 2,2,0, | 
(14756)	1,5,2, | 1,5,2, | 
(11718)	1,3,0, | 1,3,0, | 
(9120)	1,1,0, | 1,2,0, | 
(61)	0,0,0, | 1,4,1, | 
(9120)	1,1,0, | 1,2,0, | 
(9114)	1,1,0, | 1,1,0, | 
(42)	0,0,0, | 1,1,0, | 
(48)	0,0,0, | 1,2,0, | 
(46071)	5,5,3, | 1,4,3, | 
(46044)	5,5,3, | 1,0,0, | 
(46058)	5,5,3, | 1,2,2, | 
(46058)	5,5,3, | 1,2,2, | 
(46044)	5,5,3, | 1,0,0, | 
(46044)	5,5,3, | 1,0,0, | 
(46051)	5,5,3, | 1,1,1, | 
(46058)	5,5,3, | 1,2,2, | 
(46058)	5,5,3, | 1,2,2, | 
(46008)	5,5,3, | 0,0,0, | 
(46008)	5,5,3, | 0,0,0, | 
(46008)	5,5,3, | 0,0,0, | 
(46008)	5,5,3, | 0,0,0, | 
(46008)	5,5,3, | 0,0,0, | 
(46008)	5,5,3, | 0,0,0, | 
(46008)	5,5,3, | 0,0,0, | 
(46008)	5,5,3, | 0,0,0, | 
(46008)	5,5,3, | 0,0,0, | 
(46008)	5,5,3, | 0,0,0, | 
(0)	0,0,0, | 0,0,0, | 
(10368)	1,2,0, | 0,0,0, | 
(10584)	1,2,1, | 0,0,0, | 
(10368)	1,2,0, | 0,0,0, | 
(7776)	1,0,0, | 0,0,0, | 
(14688)	1,5,2, | 0,0,0, | 
(10368)	1,2,0, | 0,0,0, | 
(14904)	1,5,3, | 0,0,0, | 
(10584)	1,2,1, | 0,0,0, | 
(35473)	4,3,2, | 1,2,1, | 
(42)	0,0,0, | 1,1,0, | 
(11790)	1,3,0, | 3,3,0, | 
(9156)	1,1,0, | 2,2,0, | 
(14756)	1,5,2, | 1,5,2, | 
(11718)	1,3,0, | 1,3,0, | 
(9120)	1,1,0, | 1,2,0, | 
(61)	0,0,0, | 1,4,1, | 
(9120)	1,1,0, | 1,2,0, | 
(9114)	1,1,0, | 1,1,0, | 
(42)	0,0,0, | 1,1,0, | 
(48)	0,0,0, | 1,2,0, | 
(46071)	5,5,3, | 1,4,3, | 
(46202)	5,5,3, | 5,2,2, | 
(46058)	5,5,3, | 1,2,2, | 
(46058)	5,5,3, | 1,2,2, | 
(46044)	5,5,3, | 1,0,0, | 
(46044)	5,5,3, | 1,0,0, | 
(46051)	5,5,3, | 1,1,1, | 
(46058)	5,5,3, | 1,2,2, | 
(46058)	5,5,3, | 1,2,2, | 
(46008)	5,5,3, | 0,0,0, | 
(46008)	5,5,3, | 0,0,0, | 
(46008)	5,5,3, | 0,0,0, | 
(46008)	5,5,3, | 0,0,0, | 
(46008)	5,5,3, | 0,0,0, | 
(46008)	5,5,3, | 0,0,0, | 
(46008)	5,5,3, | 0,0,0, | 
(46008)	5,5,3, | 0,0,0, | 
(46008)	5,5,3, | 0,0,0, | 
(46008)	5,5,3, | 0,0,0, | 
(0)	0,0,0, | 0,0,0, | 
(10368)	1,2,0, | 0,0,0, | 
(10584)	1,2,1, | 0,0,0, | 
(10368)	1,2,0, | 0,0,0, | 
(7776)	1,0,0, | 0,0,0, | 
(14688)	1,5,2, | 0,0,0, | 
(10368)	1,2,0, | 0,0,0, | 
(14904)	1,5,3, | 0,0,0, | 
(10584)	1,2,1, | 0,0,0, | 
(35473)	4,3,2, | 1,2,1, | 
(42)	0,0,0, | 1,1,0, | 
(11790)	1,3,0, | 3,3,0, | 
(9156)	1,1,0, | 2,2,0, | 
(14756)	1,5,2, | 1,5,2, | 
(11718)	1,3,0, | 1,3,0, | 
(9120)	1,1,0, | 1,2,0, | 
(61)	0,0,0, | 1,4,1, | 
(9120)	1,1,0, | 1,2,0, | 
(9114)	1,1,0, | 1,1,0, | 
(42)	0,0,0, | 1,1,0, | 
(48)	0,0,0, | 1,2,0, | 
(46071)	5,5,3, | 1,4,3, | 
(46044)	5,5,3, | 1,0,0, | 
(46058)	5,5,3, | 1,2,2, | 
(46058)	5,5,3, | 1,2,2, | 
(46044)	5,5,3, | 1,0,0, | 
(46044)	5,5,3, | 1,0,0, | 
(46051)	5,5,3, | 1,1,1, | 
(46058)	5,5,3, | 1,2,2, | 
(46058)	5,5,3, | 1,2,2, | 
(0)	0,0,0, | 0,0,0, | 
(213)	0,0,0, | 5,5,3, | 
(213)	0,0,0, | 5,5,3, | 
(213)	0,0,0, | 5,5,3, | 
(213)	0,0,0, | 5,5,3, | 
(213)	0,0,0, | 5,5,3, | 
(213)	0,0,0, | 5,5,3, | 
(213)	0,0,0, | 5,5,3, | 
(213)	0,0,0, | 5,5,3, | 
(213)	0,0,0, | 5,5,3, | 
(213)	0,0,0, | 5,5,3, | 
(13821)	1,4,3, | 5,5,3, | 
(7989)	1,0,0, | 5,5,3, | 
(7989)	1,0,0, | 5,5,3, | 
(17277)	2,1,1, | 5,5,3, | 
(7989)	1,0,0, | 5,5,3, | 
(11013)	1,2,2, | 5,5,3, | 
(13821)	1,4,3, | 5,5,3, | 
(13821)	1,4,3, | 5,5,3, | 
(13821)	1,4,3, | 5,5,3, | 
(36)	0,0,0, | 1,0,0, | 
(9115)	1,1,0, | 1,1,1, | 
(16932)	2,1,0, | 2,2,0, | 
(10423)	1,2,0, | 1,3,1, | 
(14520)	1,5,1, | 1,2,0, | 
(9133)	1,1,0, | 1,4,1, | 
(9114)	1,1,0, | 1,1,0, | 
(10430)	1,2,0, | 1,4,2, | 
(9175)	1,1,0, | 2,5,1, | 
(9072)	1,1,0, | 0,0,0, | 
(9115)	1,1,0, | 1,1,1, | 
(45835)	5,5,2, | 1,1,1, | 
(49)	0,0,0, | 1,2,1, | 
(85)	0,0,0, | 2,2,1, | 
(156)	0,0,0, | 4,2,0, | 
(48)	0,0,0, | 1,2,0, | 
(98)	0,0,0, | 2,4,2, | 
(69)	0,0,0, | 1,5,3, | 
(156)	0,0,0, | 4,2,0, | 
(164)	0,0,0, | 4,3,2, | 
(0)	0,0,0, | 0,0,0, | 
(0)	0,0,0, | 0,0,0, | 
(0)	0,0,0, | 0,0,0, | 
(0)	0,0,0, | 0,0,0, | 
(0)	0,0,0, | 0,0,0, | 
(0)	0,0,0, | 0,0,0, | 
(0)	0,0,0, | 0,0,0, | 
(0)	0,0,0, | 0,0,0, | 
(0)	0,0,0, | 0,0,0, | 
(0)	0,0,0, | 0,0,0, | 
(0)	0,0,0, | 0,0,0, | 
(13176)	1,4,1, | 0,0,0, | 
(22032)	2,5,0, | 0,0,0, | 
(7776)	1,0,0, | 0,0,0, | 
(17064)	2,1,1, | 0,0,0, | 
(36936)	4,4,3, | 0,0,0, | 
(10800)	1,2,2, | 0,0,0, | 
(10368)	1,2,0, | 0,0,0, | 
(12960)	1,4,0, | 0,0,0, | 
(10368)	1,2,0, | 0,0,0, | 
(36)	0,0,0, | 1,0,0, | 
(7826)	1,0,0, | 1,2,2, | 
(16974)	2,1,0, | 3,3,0, | 
(9198)	1,1,0, | 3,3,0, | 
(14592)	1,5,1, | 3,2,0, | 
(102)	0,0,0, | 2,5,0, | 
(13995)	1,4,4, | 4,4,3, | 
(7824)	1,0,0, | 1,2,0, | 
(10544)	1,2,0, | 4,5,2, | 
(0)	0,0,0, | 0,0,0, | 
(48)	0,0,0, | 1,2,0, | 
(79)	0,0,0, | 2,1,1, | 
(48)	0,0,0, | 1,2,0, | 
(48)	0,0,0, | 1,2,0, | 
(48)	0,0,0, | 1,2,0, | 
(48)	0,0,0, | 1,2,0, | 
(36)	0,0,0, | 1,0,0, | 
(42)	0,0,0, | 1,1,0, | 
(48)	0,0,0, | 1,2,0, | 
(48)	0,0,0, | 1,2,0, | 
(0)	0,0,0, | 0,0,0, | 
(0)	0,0,0, | 0,0,0, | 
(0)	0,0,0, | 0,0,0, | 
(0)	0,0,0, | 0,0,0, | 
(0)	0,0,0, | 0,0,0, | 
(0)	0,0,0, | 0,0,0, | 
(0)	0,0,0, | 0,0,0, | 
(0)	0,0,0, | 0,0,0, | 
(0)	0,0,0, | 0,0,0, | 
(0)	0,0,0, | 0,0,0, | 
(0)	0,0,0, | 0,0,0, | 
(13176)	1,4,1, | 0,0,0, | 
(22032)	2,5,0, | 0,0,0, | 
(7776)	1,0,0, | 0,0,0, | 
(17064)	2,1,1, | 0,0,0, | 
(36936)	4,4,3, | 0,0,0, | 
(10800)	1,2,2, | 0,0,0, | 
(10368)	1,2,0, | 0,0,0, | 
(12960)	1,4,0, | 0,0,0, | 
(10368)	1,2,0, | 0,0,0, | 
(36)	0,0,0, | 1,0,0, | 
(7826)	1,0,0, | 1,2,2, | 
(16932)	2,1,0, | 2,2,0, | 
(10404)	1,2,0, | 1,0,0, | 
(17004)	2,1,0, | 4,2,0, | 
(158)	0,0,0, | 4,2,2, | 
(61)	0,0,0, | 1,4,1, | 
(7824)	1,0,0, | 1,2,0, | 
(9283)	1,1,0, | 5,5,1, | 
(0)	0,0,0, | 0,0,0, | 
(48)	0,0,0, | 1,2,0, | 
(84)	0,0,0, | 2,2,0, | 
(48)	0,0,0, | 1,2,0, | 
(48)	0,0,0, | 1,2,0, | 
(48)	0,0,0, | 1,2,0, | 
(48)	0,0,0, | 1,2,0, | 
(36)	0,0,0, | 1,0,0, | 
(177)	0,0,0, | 4,5,3, | 
(48)	0,0,0, | 1,2,0, | 
(48)	0,0,0, | 1,2,0, | 
(0)	0,0,0, | 0,0,0, | 
(0)	0,0,0, | 0,0,0, | 
(0)	0,0,0, | 0,0,0, | 
(0)	0,0,0, | 0,0,0, | 
(0)	0,0,0, | 0,0,0, | 
(0)	0,0,0, | 0,0,0, | 
(0)	0,0,0, | 0,0,0, | 
(0)	0,0,0, | 0,0,0, | 
(0)	0,0,0, | 0,0,0, | 
(0)	0,0,0, | 0,0,0, | 
(0)	0,0,0, | 0,0,0, | 
(13176)	1,4,1, | 0,0,0, | 
(22032)	2,5,0, | 0,0,0, | 
(7776)	1,0,0, | 0,0,0, | 
(17064)	2,1,1, | 0,0,0, | 
(36936)	4,4,3, | 0,0,0, | 
(10800)	1,2,2, | 0,0,0, | 
(10368)	1,2,0, | 0,0,0, | 
(12960)	1,4,0, | 0,0,0, | 
(10368)	1,2,0, | 0,0,0, | 
(36)	0,0,0, | 1,0,0, | 
(7826)	1,0,0, | 1,2,2, | 
(16932)	2,1,0, | 2,2,0, | 
(10404)	1,2,0, | 1,0,0, | 
(17046)	2,1,0, | 5,3,0, | 
(177)	0,0,0, | 4,5,3, | 
(13315)	1,4,1, | 3,5,1, | 
(7824)	1,0,0, | 1,2,0, | 
(10668)	1,2,1, | 2,2,0, | 
(0)	0,0,0, | 0,0,0, | 
(48)	0,0,0, | 1,2,0, | 
(84)	0,0,0, | 2,2,0, | 
(48)	0,0,0, | 1,2,0, | 
(48)	0,0,0, | 1,2,0, | 
(48)	0,0,0, | 1,2,0, | 
(48)	0,0,0, | 1,2,0, | 
(36)	0,0,0, | 1,0,0, | 
(177)	0,0,0, | 4,5,3, | 
(48)	0,0,0, | 1,2,0, | 
(48)	0,0,0, | 1,2,0, | 
(0)	0,0,0, | 0,0,0, | 
(0)	0,0,0, | 0,0,0, | 
(0)	0,0,0, | 0,0,0, | 
(0)	0,0,0, | 0,0,0, | 
(0)	0,0,0, | 0,0,0, | 
(0)	0,0,0, | 0,0,0, | 
(0)	0,0,0, | 0,0,0, | 
(0)	0,0,0, | 0,0,0, | 
(0)	0,0,0, | 0,0,0, | 
(0)	0,0,0, | 0,0,0, | 
(0)	0,0,0, | 0,0,0, | 
(13176)	1,4,1, | 0,0,0, | 
(22032)	2,5,0, | 0,0,0, | 
(7776)	1,0,0, | 0,0,0, | 
(17064)	2,1,1, | 0,0,0, | 
(36936)	4,4,3, | 0,0,0, | 
(10800)	1,2,2, | 0,0,0, | 
(10368)	1,2,0, | 0,0,0, | 
(12960)	1,4,0, | 0,0,0, | 
(10368)	1,2,0, | 0,0,0, | 
(36)	0,0,0, | 1,0,0, | 
(7826)	1,0,0, | 1,2,2, | 
(16932)	2,1,0, | 2,2,0, | 
(10404)	1,2,0, | 1,0,0, | 
(17010)	2,1,0, | 4,3,0, | 
(9127)	1,1,0, | 1,3,1, | 
(13315)	1,4,1, | 3,5,1, | 
(7824)	1,0,0, | 1,2,0, | 
(10668)	1,2,1, | 2,2,0, | 
(0)	0,0,0, | 0,0,0, | 
(48)	0,0,0, | 1,2,0, | 
(84)	0,0,0, | 2,2,0, | 
(48)	0,0,0, | 1,2,0, | 
(48)	0,0,0, | 1,2,0, | 
(164)	0,0,0, | 4,3,2, | 
(48)	0,0,0, | 1,2,0, | 
(36)	0,0,0, | 1,0,0, | 
(42)	0,0,0, | 1,1,0, | 
(48)	0,0,0, | 1,2,0, | 
(48)	0,0,0, | 1,2,0, | 
(0)	0,0,0, | 0,0,0, | 
(0)	0,0,0, | 0,0,0, | 
(0)	0,0,0, | 0,0,0, | 
(0)	0,0,0, | 0,0,0, | 
(0)	0,0,0, | 0,0,0, | 
(0)	0,0,0, | 0,0,0, | 
(0)	0,0,0, | 0,0,0, | 
(0)	0,0,0, | 0,0,0, | 
(0)	0,0,0, | 0,0,0, | 
(0)	0,0,0, | 0,0,0, | 
(0)	0,0,0, | 0,0,0, | 
(13176)	1,4,1, | 0,0,0, | 
(22032)	2,5,0, | 0,0,0, | 
(7776)	1,0,0, | 0,0,0, | 
(17064)	2,1,1, | 0,0,0, | 
(36936)	4,4,3, | 0,0,0, | 
(10800)	1,2,2, | 0,0,0, | 
(10368)	1,2,0, | 0,0,0, | 
(12960)	1,4,0, | 0,0,0, | 
(10368)	1,2,0, | 0,0,0, | 
(36)	0,0,0, | 1,0,0, | 
(7826)	1,0,0, | 1,2,2, | 
(16932)	2,1,0, | 2,2,0, | 
(10404)	1,2,0, | 1,0,0, | 
(17010)	2,1,0, | 4,3,0, | 
(9127)	1,1,0, | 1,3,1, | 
(13315)	1,4,1, | 3,5,1, | 
(7824)	1,0,0, | 1,2,0, | 
(10668)	1,2,1, | 2,2,0, | 
(0)	0,0,0, | 0,0,0, | 
(48)	0,0,0, | 1,2,0, | 
(84)	0,0,0, | 2,2,0, | 
(48)	0,0,0, | 1,2,0, | 
(48)	0,0,0, | 1,2,0, | 
(164)	0,0,0, | 4,3,2, | 
(48)	0,0,0, | 1,2,0, | 
(36)	0,0,0, | 1,0,0, | 
(42)	0,0,0, | 1,1,0, | 
(48)	0,0,0, | 1,2,0, | 
(48)	0,0,0, | 1,2,0, | 
(0)	0,0,0, | 0,0,0, | 
(213)	0,0,0, | 5,5,3, | 
(213)	0,0,0, | 5,5,3, | 
(213)	0,0,0, | 5,5,3, | 
(213)	0,0,0, | 5,5,3, | 
(213)	0,0,0, | 5,5,3, | 
(213)	0,0,0, | 5,5,3, | 
(213)	0,0,0, | 5,5,3, | 
(213)	0,0,0, | 5,5,3, | 
(213)	0,0,0, | 5,5,3, | 
(213)	0,0,0, | 5,5,3, | 
(13821)	1,4,3, | 5,5,3, | 
(7989)	1,0,0, | 5,5,3, | 
(18789)	2,2,2, | 5,5,3, | 
(7989)	1,0,0, | 5,5,3, | 
(7989)	1,0,0, | 5,5,3, | 
(11013)	1,2,2, | 5,5,3, | 
(13821)	1,4,3, | 5,5,3, | 
(13821)	1,4,3, | 5,5,3, | 
(13821)	1,4,3, | 5,5,3, | 
(36)	0,0,0, | 1,0,0, | 
(9115)	1,1,0, | 1,1,1, | 
(9114)	1,1,0, | 1,1,0, | 
(10423)	1,2,0, | 1,3,1, | 
(14520)	1,5,1, | 1,2,0, | 
(9133)	1,1,0, | 1,4,1, | 
(18206)	2,2,0, | 1,4,2, | 
(10430)	1,2,0, | 1,4,2, | 
(9175)	1,1,0, | 2,5,1, | 
(9072)	1,1,0, | 0,0,0, | 
(9115)	1,1,0, | 1,1,1, | 
(10748)	1,2,1, | 4,3,2, | 
(49)	0,0,0, | 1,2,1, | 
(85)	0,0,0, | 2,2,1, | 
(156)	0,0,0, | 4,2,0, | 
(48)	0,0,0, | 1,2,0, | 
(98)	0,0,0, | 2,4,2, | 
(69)	0,0,0, | 1,5,3, | 
(156)	0,0,0, | 4,2,0, | 
(164)	0,0,0, | 4,3,2, | 
(0)	0,0,0, | 0,0,0, | 
(0)	0,0,0, | 0,0,0, | 
(0)	0,0,0, | 0,0,0, | 
(0)	0,0,0, | 0,0,0, | 
(0)	0,0,0, | 0,0,0, | 
(0)	0,0,0, | 0,0,0, | 
(0)	0,0,0, | 0,0,0, | 
(0)	0,0,0, | 0,0,0, | 
(0)	0,0,0, | 0,0,0, | 
(0)	0,0,0, | 0,0,0, | 
(0)	0,0,0, | 0,0,0, | 
(13176)	1,4,1, | 0,0,0, | 
(7776)	1,0,0, | 0,0,0, | 
(18144)	2,2,0, | 0,0,0, | 
(19872)	2,3,2, | 0,0,0, | 
(38232)	4,5,3, | 0,0,0, | 
(10800)	1,2,2, | 0,0,0, | 
(10368)	1,2,0, | 0,0,0, | 
(12960)	1,4,0, | 0,0,0, | 
(10368)	1,2,0, | 0,0,0, | 
(36)	0,0,0, | 1,0,0, | 
(7826)	1,0,0, | 1,2,2, | 
(50)	0,0,0, | 1,2,2, | 
(9198)	1,1,0, | 3,3,0, | 
(14592)	1,5,1, | 3,2,0, | 
(102)	0,0,0, | 2,5,0, | 
(13995)	1,4,4, | 4,4,3, | 
(7824)	1,0,0, | 1,2,0, | 
(10544)	1,2,0, | 4,5,2, | 
(0)	0,0,0, | 0,0,0, | 
(48)	0,0,0, | 1,2,0, | 
(79)	0,0,0, | 2,1,1, | 
(48)	0,0,0, | 1,2,0, | 
(48)	0,0,0, | 1,2,0, | 
(48)	0,0,0, | 1,2,0, | 
(48)	0,0,0, | 1,2,0, | 
(36)	0,0,0, | 1,0,0, | 
(42)	0,0,0, | 1,1,0, | 
(48)	0,0,0, | 1,2,0, | 
(48)	0,0,0, | 1,2,0, | 
(0)	0,0,0, | 0,0,0, | 
(0)	0,0,0, | 0,0,0, | 
(0)	0,0,0, | 0,0,0, | 
(0)	0,0,0, | 0,0,0, | 
(0)	0,0,0, | 0,0,0, | 
(0)	0,0,0, | 0,0,0, | 
(0)	0,0,0, | 0,0,0, | 
(0)	0,0,0, | 0,0,0, | 
(0)	0,0,0, | 0,0,0, | 
(0)	0,0,0, | 0,0,0, | 
(0)	0,0,0, | 0,0,0, | 
(13176)	1,4,1, | 0,0,0, | 
(7776)	1,0,0, | 0,0,0, | 
(18144)	2,2,0, | 0,0,0, | 
(19872)	2,3,2, | 0,0,0, | 
(38232)	4,5,3, | 0,0,0, | 
(10800)	1,2,2, | 0,0,0, | 
(10368)	1,2,0, | 0,0,0, | 
(12960)	1,4,0, | 0,0,0, | 
(10368)	1,2,0, | 0,0,0, | 
(36)	0,0,0, | 1,0,0, | 
(7826)	1,0,0, | 1,2,2, | 
(50)	0,0,0, | 1,2,2, | 
(10404)	1,2,0, | 1,0,0, | 
(27284)	3,3,0, | 1,5,2, | 
(158)	0,0,0, | 4,2,2, | 
(61)	0,0,0, | 1,4,1, | 
(7824)	1,0,0, | 1,2,0, | 
(9283)	1,1,0, | 5,5,1, | 
(0)	0,0,0, | 0,0,0, | 
(48)	0,0,0, | 1,2,0, | 
(84)	0,0,0, | 2,2,0, | 
(48)	0,0,0, | 1,2,0, | 
(48)	0,0,0, | 1,2,0, | 
(48)	0,0,0, | 1,2,0, | 
(48)	0,0,0, | 1,2,0, | 
(36)	0,0,0, | 1,0,0, | 
(177)	0,0,0, | 4,5,3, | 
(48)	0,0,0, | 1,2,0, | 
(48)	0,0,0, | 1,2,0, | 
(0)	0,0,0, | 0,0,0, | 
(0)	0,0,0, | 0,0,0, | 
(0)	0,0,0, | 0,0,0, | 
(0)	0,0,0, | 0,0,0, | 
(0)	0,0,0, | 0,0,0, | 
(0)	0,0,0, | 0,0,0, | 
(0)	0,0,0, | 0,0,0, | 
(0)	0,0,0, | 0,0,0, | 
(0)	0,0,0, | 0,0,0, | 
(0)	0,0,0, | 0,0,0, | 
(0)	0,0,0, | 0,0,0, | 
(13176)	1,4,1, | 0,0,0, | 
(7776)	1,0,0, | 0,0,0, | 
(18144)	2,2,0, | 0,0,0, | 
(19872)	2,3,2, | 0,0,0, | 
(38232)	4,5,3, | 0,0,0, | 
(10800)	1,2,2, | 0,0,0, | 
(10368)	1,2,0, | 0,0,0, | 
(12960)	1,4,0, | 0,0,0, | 
(10368)	1,2,0, | 0,0,0, | 
(36)	0,0,0, | 1,0,0, | 
(7826)	1,0,0, | 1,2,2, | 
(50)	0,0,0, | 1,2,2, | 
(10404)	1,2,0, | 1,0,0, | 
(27284)	3,3,0, | 1,5,2, | 
(177)	0,0,0, | 4,5,3, | 
(13315)	1,4,1, | 3,5,1, | 
(7824)	1,0,0, | 1,2,0, | 
(10668)	1,2,1, | 2,2,0, | 
(0)	0,0,0, | 0,0,0, | 
(48)	0,0,0, | 1,2,0, | 
(84)	0,0,0, | 2,2,0, | 
(48)	0,0,0, | 1,2,0, | 
(48)	0,0,0, | 1,2,0, | 
(48)	0,0,0, | 1,2,0, | 
(48)	0,0,0, | 1,2,0, | 
(36)	0,0,0, | 1,0,0, | 
(177)	0,0,0, | 4,5,3, | 
(48)	0,0,0, | 1,2,0, | 
(48)	0,0,0, | 1,2,0, | 
(0)	0,0,0, | 0,0,0, | 
(0)	0,0,0, | 0,0,0, | 
(0)	0,0,0, | 0,0,0, | 
(0)	0,0,0, | 0,0,0, | 
(0)	0,0,0, | 0,0,0, | 
(0)	0,0,0, | 0,0,0, | 
(0)	0,0,0, | 0,0,0, | 
(0)	0,0,0, | 0,0,0, | 
(0)	0,0,0, | 0,0,0, | 
(0)	0,0,0, | 0,0,0, | 
(0)	0,0,0, | 0,0,0, | 
(13176)	1,4,1, | 0,0,0, | 
(7776)	1,0,0, | 0,0,0, | 
(18144)	2,2,0, | 0,0,0, | 
(19872)	2,3,2, | 0,0,0, | 
(38232)	4,5,3, | 0,0,0, | 
(10800)	1,2,2, | 0,0,0, | 
(10368)	1,2,0, | 0,0,0, | 
(12960)	1,4,0, | 0,0,0, | 
(10368)	1,2,0, | 0,0,0, | 
(36)	0,0,0, | 1,0,0, | 
(7826)	1,0,0, | 1,2,2, | 
(50)	0,0,0, | 1,2,2, | 
(10404)	1,2,0, | 1,0,0, | 
(27284)	3,3,0, | 1,5,2, | 
(9127)	1,1,0, | 1,3,1, | 
(13315)	1,4,1, | 3,5,1, | 
(7824)	1,0,0, | 1,2,0, | 
(10668)	1,2,1, | 2,2,0, | 
(0)	0,0,0, | 0,0,0, | 
(48)	0,0,0, | 1,2,0, | 
(84)	0,0,0, | 2,2,0, | 
(48)	0,0,0, | 1,2,0, | 
(48)	0,0,0, | 1,2,0, | 
(164)	0,0,0, | 4,3,2, | 
(48)	0,0,0, | 1,2,0, | 
(36)	0,0,0, | 1,0,0, | 
(42)	0,0,0, | 1,1,0, | 
(48)	0,0,0, | 1,2,0, | 
(48)	0,0,0, | 1,2,0, | 
(0)	0,0,0, | 0,0,0, | 
(0)	0,0,0, | 0,0,0, | 
(0)	0,0,0, | 0,0,0, | 
(0)	0,0,0, | 0,0,0, | 
(0)	0,0,0, | 0,0,0, | 
(0)	0,0,0, | 0,0,0, | 
(0)	0,0,0, | 0,0,0, | 
(0)	0,0,0, | 0,0,0, | 
(0)	0,0,0, | 0,0,0, | 
(0)	0,0,0, | 0,0,0, | 
(0)	0,0,0, | 0,0,0, | 
(13176)	1,4,1, | 0,0,0, | 
(7776)	1,0,0, | 0,0,0, | 
(18144)	2,2,0, | 0,0,0, | 
(19872)	2,3,2, | 0,0,0, | 
(38232)	4,5,3, | 0,0,0, | 
(10800)	1,2,2, | 0,0,0, | 
(10368)	1,2,0, | 0,0,0, | 
(12960)	1,4,0, | 0,0,0, | 
(10368)	1,2,0, | 0,0,0, | 
(36)	0,0,0, | 1,0,0, | 
(7826)	1,0,0, | 1,2,2, | 
(50)	0,0,0, | 1,2,2, | 
(10404)	1,2,0, | 1,0,0, | 
(27284)	3,3,0, | 1,5,2, | 
(9127)	1,1,0, | 1,3,1, | 
(13315)	1,4,1, | 3,5,1, | 
(7824)	1,0,0, | 1,2,0, | 
(10668)	1,2,1, | 2,2,0, | 
(0)	0,0,0, | 0,0,0, | 
(48)	0,0,0, | 1,2,0, | 
(84)	0,0,0, | 2,2,0, | 
(48)	0,0,0, | 1,2,0, | 
(48)	0,0,0, | 1,2,0, | 
(164)	0,0,0, | 4,3,2, | 
(48)	0,0,0, | 1,2,0, | 
(36)	0,0,0, | 1,0,0, | 
(42)	0,0,0, | 1,1,0, | 
(48)	0,0,0, | 1,2,0, | 
(48)	0,0,0, | 1,2,0, | 
(0)	0,0,0, | 0,0,0, | 
(213)	0,0,0, | 5,5,3, | 
(213)	0,0,0, | 5,5,3, | 
(213)	0,0,0, | 5,5,3, | 
(213)	0,0,0, | 5,5,3, | 
(213)	0,0,0, | 5,5,3, | 
(213)	0,0,0, | 5,5,3, | 
(213)	0,0,0, | 5,5,3, | 
(213)	0,0,0, | 5,5,3, | 
(213)	0,0,0, | 5,5,3, | 
(213)	0,0,0, | 5,5,3, | 
(13821)	1,4,3, | 5,5,3, | 
(7989)	1,0,0, | 5,5,3, | 
(18789)	2,2,2, | 5,5,3, | 
(7989)	1,0,0, | 5,5,3, | 
(7989)	1,0,0, | 5,5,3, | 
(11013)	1,2,2, | 5,5,3, | 
(13821)	1,4,3, | 5,5,3, | 
(13821)	1,4,3, | 5,5,3, | 
(13821)	1,4,3, | 5,5,3, | 
(36)	0,0,0, | 1,0,0, | 
(9115)	1,1,0, | 1,1,1, | 
(9114)	1,1,0, | 1,1,0, | 
(10423)	1,2,0, | 1,3,1, | 
(14520)	1,5,1, | 1,2,0, | 
(9133)	1,1,0, | 1,4,1, | 
(18206)	2,2,0, | 1,4,2, | 
(10430)	1,2,0, | 1,4,2, | 
(9175)	1,1,0, | 2,5,1, | 
(9072)	1,1,0, | 0,0,0, | 
(9115)	1,1,0, | 1,1,1, | 
(10748)	1,2,1, | 4,3,2, | 
(49)	0,0,0, | 1,2,1, | 
(85)	0,0,0, | 2,2,1, | 
(156)	0,0,0, | 4,2,0, | 
(48)	0,0,0, | 1,2,0, | 
(98)	0,0,0, | 2,4,2, | 
(69)	0,0,0, | 1,5,3, | 
(156)	0,0,0, | 4,2,0, | 
(164)	0,0,0, | 4,3,2, | 
(0)	0,0,0, | 0,0,0, | 
(0)	0,0,0, | 0,0,0, | 
(0)	0,0,0, | 0,0,0, | 
(0)	0,0,0, | 0,0,0, | 
(0)	0,0,0, | 0,0,0, | 
(0)	0,0,0, | 0,0,0, | 
(0)	0,0,0, | 0,0,0, | 
(0)	0,0,0, | 0,0,0, | 
(0)	0,0,0, | 0,0,0, | 
(0)	0,0,0, | 0,0,0, | 
(0)	0,0,0, | 0,0,0, | 
(13176)	1,4,1, | 0,0,0, | 
(7776)	1,0,0, | 0,0,0, | 
(18144)	2,2,0, | 0,0,0, | 
(19872)	2,3,2, | 0,0,0, | 
(7776)	1,0,0, | 0,0,0, | 
(10800)	1,2,2, | 0,0,0, | 
(10368)	1,2,0, | 0,0,0, | 
(12960)	1,4,0, | 0,0,0, | 
(10368)	1,2,0, | 0,0,0, | 
(36)	0,0,0, | 1,0,0, | 
(7826)	1,0,0, | 1,2,2, | 
(50)	0,0,0, | 1,2,2, | 
(9198)	1,1,0, | 3,3,0, | 
(14592)	1,5,1, | 3,2,0, | 
(102)	0,0,0, | 2,5,0, | 
(13995)	1,4,4, | 4,4,3, | 
(7824)	1,0,0, | 1,2,0, | 
(10544)	1,2,0, | 4,5,2, | 
(0)	0,0,0, | 0,0,0, | 
(48)	0,0,0, | 1,2,0, | 
(79)	0,0,0, | 2,1,1, | 
(48)	0,0,0, | 1,2,0, | 
(48)	0,0,0, | 1,2,0, | 
(48)	0,0,0, | 1,2,0, | 
(48)	0,0,0, | 1,2,0, | 
(36)	0,0,0, | 1,0,0, | 
(42)	0,0,0, | 1,1,0, | 
(48)	0,0,0, | 1,2,0, | 
(48)	0,0,0, | 1,2,0, | 
(0)	0,0,0, | 0,0,0, | 
(0)	0,0,0, | 0,0,0, | 
(0)	0,0,0, | 0,0,0, | 
(0)	0,0,0, | 0,0,0, | 
(0)	0,0,0, | 0,0,0, | 
(0)	0,0,0, | 0,0,0, | 
(0)	0,0,0, | 0,0,0, | 
(0)	0,0,0, | 0,0,0, | 
(0)	0,0,0, | 0,0,0, | 
(0)	0,0,0, | 0,0,0, | 
(0)	0,0,0, | 0,0,0, | 
(13176)	1,4,1, | 0,0,0, | 
(7776)	1,0,0, | 0,0,0, | 
(18144)	2,2,0, | 0,0,0, | 
(19872)	2,3,2, | 0,0,0, | 
(7776)	1,0,0, | 0,0,0, | 
(10800)	1,2,2, | 0,0,0, | 
(10368)	1,2,0, | 0,0,0, | 
(12960)	1,4,0, | 0,0,0, | 
(10368)	1,2,0, | 0,0,0, | 
(36)	0,0,0, | 1,0,0, | 
(7826)	1,0,0, | 1,2,2, | 
(40260)	5,1,0, | 2,2,0, | 
(10404)	1,2,0, | 1,0,0, | 
(27378)	3,3,0, | 4,3,0, | 
(158)	0,0,0, | 4,2,2, | 
(61)	0,0,0, | 1,4,1, | 
(7824)	1,0,0, | 1,2,0, | 
(9283)	1,1,0, | 5,5,1, | 
(0)	0,0,0, | 0,0,0, | 
(48)	0,0,0, | 1,2,0, | 
(84)	0,0,0, | 2,2,0, | 
(48)	0,0,0, | 1,2,0, | 
(48)	0,0,0, | 1,2,0, | 
(48)	0,0,0, | 1,2,0, | 
(48)	0,0,0, | 1,2,0, | 
(36)	0,0,0, | 1,0,0, | 
(177)	0,0,0, | 4,5,3, | 
(48)	0,0,0, | 1,2,0, | 
(48)	0,0,0, | 1,2,0, | 
(0)	0,0,0, | 0,0,0, | 
(0)	0,0,0, | 0,0,0, | 
(0)	0,0,0, | 0,0,0, | 
(0)	0,0,0, | 0,0,0, | 
(0)	0,0,0, | 0,0,0, | 
(0)	0,0,0, | 0,0,0, | 
(0)	0,0,0, | 0,0,0, | 
(0)	0,0,0, | 0,0,0, | 
(0)	0,0,0, | 0,0,0, | 
(0)	0,0,0, | 0,0,0, | 
(0)	0,0,0, | 0,0,0, | 
(13176)	1,4,1, | 0,0,0, | 
(7776)	1,0,0, | 0,0,0, | 
(18144)	2,2,0, | 0,0,0, | 
(19872)	2,3,2, | 0,0,0, | 
(7776)	1,0,0, | 0,0,0, | 
(10800)	1,2,2, | 0,0,0, | 
(10368)	1,2,0, | 0,0,0, | 
(12960)	1,4,0, | 0,0,0, | 
(10368)	1,2,0, | 0,0,0, | 
(36)	0,0,0, | 1,0,0, | 
(7826)	1,0,0, | 1,2,2, | 
(40260)	5,1,0, | 2,2,0, | 
(10404)	1,2,0, | 1,0,0, | 
(27342)	3,3,0, | 3,3,0, | 
(177)	0,0,0, | 4,5,3, | 
(13315)	1,4,1, | 3,5,1, | 
(7824)	1,0,0, | 1,2,0, | 
(10668)	1,2,1, | 2,2,0, | 
(0)	0,0,0, | 0,0,0, | 
(48)	0,0,0, | 1,2,0, | 
(84)	0,0,0, | 2,2,0, | 
(48)	0,0,0, | 1,2,0, | 
(48)	0,0,0, | 1,2,0, | 
(48)	0,0,0, | 1,2,0, | 
(48)	0,0,0, | 1,2,0, | 
(36)	0,0,0, | 1,0,0, | 
(177)	0,0,0, | 4,5,3, | 
(48)	0,0,0, | 1,2,0, | 
(48)	0,0,0, | 1,2,0, | 
(0)	0,0,0, | 0,0,0, | 
(0)	0,0,0, | 0,0,0, | 
(0)	0,0,0, | 0,0,0, | 
(0)	0,0,0, | 0,0,0, | 
(0)	0,0,0, | 0,0,0, | 
(0)	0,0,0, | 0,0,0, | 
(0)	0,0,0, | 0,0,0, | 
(0)	0,0,0, | 0,0,0, | 
(0)	0,0,0, | 0,0,0, | 
(0)	0,0,0, | 0,0,0, | 
(0)	0,0,0, | 0,0,0, | 
(13176)	1,4,1, | 0,0,0, | 
(7776)	1,0,0, | 0,0,0, | 
(18144)	2,2,0, | 0,0,0, | 
(19872)	2,3,2, | 0,0,0, | 
(7776)	1,0,0, | 0,0,0, | 
(10800)	1,2,2, | 0,0,0, | 
(10368)	1,2,0, | 0,0,0, | 
(12960)	1,4,0, | 0,0,0, | 
(10368)	1,2,0, | 0,0,0, | 
(36)	0,0,0, | 1,0,0, | 
(7826)	1,0,0, | 1,2,2, | 
(40260)	5,1,0, | 2,2,0, | 
(10404)	1,2,0, | 1,0,0, | 
(27342)	3,3,0, | 3,3,0, | 
(9127)	1,1,0, | 1,3,1, | 
(13315)	1,4,1, | 3,5,1, | 
(7824)	1,0,0, | 1,2,0, | 
(10668)	1,2,1, | 2,2,0, | 
(0)	0,0,0, | 0,0,0, | 
(48)	0,0,0, | 1,2,0, | 
(84)	0,0,0, | 2,2,0, | 
(48)	0,0,0, | 1,2,0, | 
(48)	0,0,0, | 1,2,0, | 
(164)	0,0,0, | 4,3,2, | 
(48)	0,0,0, | 1,2,0, | 
(36)	0,0,0, | 1,0,0, | 
(42)	0,0,0, | 1,1,0, | 
(48)	0,0,0, | 1,2,0, | 
(48)	0,0,0, | 1,2,0, | 
(0)	0,0,0, | 0,0,0, | 
(0)	0,0,0, | 0,0,0, | 
(0)	0,0,0, | 0,0,0, | 
(0)	0,0,0, | 0,0,0, | 
(0)	0,0,0, | 0,0,0, | 
(0)	0,0,0, | 0,0,0, | 
(0)	0,0,0, | 0,0,0, | 
(0)	0,0,0, | 0,0,0, | 
(0)	0,0,0, | 0,0,0, | 
(0)	0,0,0, | 0,0,0, | 
(0)	0,0,0, | 0,0,0, | 
(13176)	1,4,1, | 0,0,0, | 
(7776)	1,0,0, | 0,0,0, | 
(18144)	2,2,0, | 0,0,0, | 
(19872)	2,3,2, | 0,0,0, | 
(7776)	1,0,0, | 0,0,0, | 
(10800)	1,2,2, | 0,0,0, | 
(10368)	1,2,0, | 0,0,0, | 
(12960)	1,4,0, | 0,0,0, | 
(10368)	1,2,0, | 0,0,0, | 
(36)	0,0,0, | 1,0,0, | 
(7826)	1,0,0, | 1,2,2, | 
(40260)	5,1,0, | 2,2,0, | 
(10404)	1,2,0, | 1,0,0, | 
(27342)	3,3,0, | 3,3,0, | 
(9127)	1,1,0, | 1,3,1, | 
(13315)	1,4,1, | 3,5,1, | 
(7824)	1,0,0, | 1,2,0, | 
(10668)	1,2,1, | 2,2,0, | 
(0)	0,0,0, | 0,0,0, | 
(48)	0,0,0, | 1,2,0, | 
(84)	0,0,0, | 2,2,0, | 
(48)	0,0,0, | 1,2,0, | 
(48)	0,0,0, | 1,2,0, | 
(164)	0,0,0, | 4,3,2, | 
(48)	0,0,0, | 1,2,0, | 
(36)	0,0,0, | 1,0,0, | 
(42)	0,0,0, | 1,1,0, | 
(48)	0,0,0, | 1,2,0, | 
(48)	0,0,0, | 1,2,0, | 
(0)	0,0,0, | 0,0,0, | 
(213)	0,0,0, | 5,5,3, | 
(213)	0,0,0, | 5,5,3, | 
(213)	0,0,0, | 5,5,3, | 
(213)	0,0,0, | 5,5,3, | 
(213)	0,0,0, | 5,5,3, | 
(213)	0,0,0, | 5,5,3, | 
(213)	0,0,0, | 5,5,3, | 
(213)	0,0,0, | 5,5,3, | 
(213)	0,0,0, | 5,5,3, | 
(213)	0,0,0, | 5,5,3, | 
(13821)	1,4,3, | 5,5,3, | 
(7989)	1,0,0, | 5,5,3, | 
(18789)	2,2,2, | 5,5,3, | 
(7989)	1,0,0, | 5,5,3, | 
(7989)	1,0,0, | 5,5,3, | 
(11013)	1,2,2, | 5,5,3, | 
(13821)	1,4,3, | 5,5,3, | 
(13821)	1,4,3, | 5,5,3, | 
(13821)	1,4,3, | 5,5,3, | 
(36)	0,0,0, | 1,0,0, | 
(9115)	1,1,0, | 1,1,1, | 
(9114)	1,1,0, | 1,1,0, | 
(10423)	1,2,0, | 1,3,1, | 
(14520)	1,5,1, | 1,2,0, | 
(9133)	1,1,0, | 1,4,1, | 
(18206)	2,2,0, | 1,4,2, | 
(10430)	1,2,0, | 1,4,2, | 
(9175)	1,1,0, | 2,5,1, | 
(9072)	1,1,0, | 0,0,0, | 
(9115)	1,1,0, | 1,1,1, | 
(10748)	1,2,1, | 4,3,2, | 
(49)	0,0,0, | 1,2,1, | 
(85)	0,0,0, | 2,2,1, | 
(156)	0,0,0, | 4,2,0, | 
(48)	0,0,0, | 1,2,0, | 
(98)	0,0,0, | 2,4,2, | 
(69)	0,0,0, | 1,5,3, | 
(156)	0,0,0, | 4,2,0, | 
(164)	0,0,0, | 4,3,2, | 
(0)	0,0,0, | 0,0,0, | 
(0)	0,0,0, | 0,0,0, | 
(0)	0,0,0, | 0,0,0, | 
(0)	0,0,0, | 0,0,0, | 
(0)	0,0,0, | 0,0,0, | 
(0)	0,0,0, | 0,0,0, | 
(0)	0,0,0, | 0,0,0, | 
(0)	0,0,0, | 0,0,0, | 
(0)	0,0,0, | 0,0,0, | 
(0)	0,0,0, | 0,0,0, | 
(0)	0,0,0, | 0,0,0, | 
(13176)	1,4,1, | 0,0,0, | 
(7776)	1,0,0, | 0,0,0, | 
(18144)	2,2,0, | 0,0,0, | 
(19872)	2,3,2, | 0,0,0, | 
(7776)	1,0,0, | 0,0,0, | 
(10800)	1,2,2, | 0,0,0, | 
(10368)	1,2,0, | 0,0,0, | 
(12960)	1,4,0, | 0,0,0, | 
(10368)	1,2,0, | 0,0,0, | 
(36)	0,0,0, | 1,0,0, | 
(7826)	1,0,0, | 1,2,2, | 
(50)	0,0,0, | 1,2,2, | 
(9198)	1,1,0, | 3,3,0, | 
(14592)	1,5,1, | 3,2,0, | 
(102)	0,0,0, | 2,5,0, | 
(13995)	1,4,4, | 4,4,3, | 
(7824)	1,0,0, | 1,2,0, | 
(10544)	1,2,0, | 4,5,2, | 
(0)	0,0,0, | 0,0,0, | 
(48)	0,0,0, | 1,2,0, | 
(79)	0,0,0, | 2,1,1, | 
(48)	0,0,0, | 1,2,0, | 
(48)	0,0,0, | 1,2,0, | 
(48)	0,0,0, | 1,2,0, | 
(48)	0,0,0, | 1,2,0, | 
(36)	0,0,0, | 1,0,0, | 
(42)	0,0,0, | 1,1,0, | 
(48)	0,0,0, | 1,2,0, | 
(48)	0,0,0, | 1,2,0, | 
(0)	0,0,0, | 0,0,0, | 
(0)	0,0,0, | 0,0,0, | 
(0)	0,0,0, | 0,0,0, | 
(0)	0,0,0, | 0,0,0, | 
(0)	0,0,0, | 0,0,0, | 
(0)	0,0,0, | 0,0,0, | 
(0)	0,0,0, | 0,0,0, | 
(0)	0,0,0, | 0,0,0, | 
(0)	0,0,0, | 0,0,0, | 
(0)	0,0,0, | 0,0,0, | 
(0)	0,0,0, | 0,0,0, | 
(13176)	1,4,1, | 0,0,0, | 
(7776)	1,0,0, | 0,0,0, | 
(18144)	2,2,0, | 0,0,0, | 
(19872)	2,3,2, | 0,0,0, | 
(7776)	1,0,0, | 0,0,0, | 
(10800)	1,2,2, | 0,0,0, | 
(10368)	1,2,0, | 0,0,0, | 
(12960)	1,4,0, | 0,0,0, | 
(10368)	1,2,0, | 0,0,0, | 
(36)	0,0,0, | 1,0,0, | 
(7826)	1,0,0, | 1,2,2, | 
(50)	0,0,0, | 1,2,2, | 
(10404)	1,2,0, | 1,0,0, | 
(27378)	3,3,0, | 4,3,0, | 
(158)	0,0,0, | 4,2,2, | 
(61)	0,0,0, | 1,4,1, | 
(7824)	1,0,0, | 1,2,0, | 
(9283)	1,1,0, | 5,5,1, | 
(0)	0,0,0, | 0,0,0, | 
(48)	0,0,0, | 1,2,0, | 
(84)	0,0,0, | 2,2,0, | 
(48)	0,0,0, | 1,2,0, | 
(48)	0,0,0, | 1,2,0, | 
(48)	0,0,0, | 1,2,0, | 
(48)	0,0,0, | 1,2,0, | 
(36)	0,0,0, | 1,0,0, | 
(177)	0,0,0, | 4,5,3, | 
(48)	0,0,0, | 1,2,0, | 
(48)	0,0,0, | 1,2,0, | 
(0)	0,0,0, | 0,0,0, | 
(0)	0,0,0, | 0,0,0, | 
(0)	0,0,0, | 0,0,0, | 
(0)	0,0,0, | 0,0,0, | 
(0)	0,0,0, | 0,0,0, | 
(0)	0,0,0, | 0,0,0, | 
(0)	0,0,0, | 0,0,0, | 
(0)	0,0,0, | 0,0,0, | 
(0)	0,0,0, | 0,0,0, | 
(0)	0,0,0, | 0,0,0, | 
(0)	0,0,0, | 0,0,0, | 
(13176)	1,4,1, | 0,0,0, | 
(7776)	1,0,0, | 0,0,0, | 
(18144)	2,2,0, | 0,0,0, | 
(19872)	2,3,2, | 0,0,0, | 
(7776)	1,0,0, | 0,0,0, | 
(10800)	1,2,2, | 0,0,0, | 
(10368)	1,2,0, | 0,0,0, | 
(12960)	1,4,0, | 0,0,0, | 
(10368)	1,2,0, | 0,0,0, | 
(36)	0,0,0, | 1,0,0, | 
(7826)	1,0,0, | 1,2,2, | 
(50)	0,0,0, | 1,2,2, | 
(10404)	1,2,0, | 1,0,0, | 
(27342)	3,3,0, | 3,3,0, | 
(177)	0,0,0, | 4,5,3, | 
(13315)	1,4,1, | 3,5,1, | 
(7824)	1,0,0, | 1,2,0, | 
(10668)	1,2,1, | 2,2,0, | 
(0)	0,0,0, | 0,0,0, | 
(48)	0,0,0, | 1,2,0, | 
(84)	0,0,0, | 2,2,0, | 
(48)	0,0,0, | 1,2,0, | 
(48)	0,0,0, | 1,2,0, | 
(48)	0,0,0, | 1,2,0, | 
(48)	0,0,0, | 1,2,0, | 
(36)	0,0,0, | 1,0,0, | 
(177)	0,0,0, | 4,5,3, | 
(48)	0,0,0, | 1,2,0, | 
(48)	0,0,0, | 1,2,0, | 
(0)	0,0,0, | 0,0,0, | 
(0)	0,0,0, | 0,0,0, | 
(0)	0,0,0, | 0,0,0, | 
(0)	0,0,0, | 0,0,0, | 
(0)	0,0,0, | 0,0,0, | 
(0)	0,0,0, | 0,0,0, | 
(0)	0,0,0, | 0,0,0, | 
(0)	0,0,0, | 0,0,0, | 
(0)	0,0,0, | 0,0,0, | 
(0)	0,0,0, | 0,0,0, | 
(0)	0,0,0, | 0,0,0, | 
(13176)	1,4,1, | 0,0,0, | 
(7776)	1,0,0, | 0,0,0, | 
(18144)	2,2,0, | 0,0,0, | 
(19872)	2,3,2, | 0,0,0, | 
(7776)	1,0,0, | 0,0,0, | 
(10800)	1,2,2, | 0,0,0, | 
(10368)	1,2,0, | 0,0,0, | 
(12960)	1,4,0, | 0,0,0, | 
(10368)	1,2,0, | 0,0,0, | 
(36)	0,0,0, | 1,0,0, | 
(7826)	1,0,0, | 1,2,2, | 
(50)	0,0,0, | 1,2,2, | 
(10404)	1,2,0, | 1,0,0, | 
(27342)	3,3,0, | 3,3,0, | 
(9127)	1,1,0, | 1,3,1, | 
(13315)	1,4,1, | 3,5,1, | 
(7824)	1,0,0, | 1,2,0, | 
(10668)	1,2,1, | 2,2,0, | 
(0)	0,0,0, | 0,0,0, | 
(48)	0,0,0, | 1,2,0, | 
(84)	0,0,0, | 2,2,0, | 
(48)	0,0,0, | 1,2,0, | 
(48)	0,0,0, | 1,2,0, | 
(164)	0,0,0, | 4,3,2, | 
(48)	0,0,0, | 1,2,0, | 
(36)	0,0,0, | 1,0,0, | 
(42)	0,0,0, | 1,1,0, | 
(48)	0,0,0, | 1,2,0, | 
(48)	0,0,0, | 1,2,0, | 
(0)	0,0,0, | 0,0,0, | 
(0)	0,0,0, | 0,0,0, | 
(0)	0,0,0, | 0,0,0, | 
(0)	0,0,0, | 0,0,0, | 
(0)	0,0,0, | 0,0,0, | 
(0)	0,0,0, | 0,0,0, | 
(0)	0,0,0, | 0,0,0, | 
(0)	0,0,0, | 0,0,0, | 
(0)	0,0,0, | 0,0,0, | 
(0)	0,0,0, | 0,0,0, | 
(0)	0,0,0, | 0,0,0, | 
(13176)	1,4,1, | 0,0,0, | 
(7776)	1,0,0, | 0,0,0, | 
(18144)	2,2,0, | 0,0,0, | 
(19872)	2,3,2, | 0,0,0, | 
(7776)	1,0,0, | 0,0,0, | 
(10800)	1,2,2, | 0,0,0, | 
(10368)	1,2,0, | 0,0,0, | 
(12960)	1,4,0, | 0,0,0, | 
(10368)	1,2,0, | 0,0,0, | 
(36)	0,0,0, | 1,0,0, | 
(7826)	1,0,0, | 1,2,2, | 
(50)	0,0,0, | 1,2,2, | 
(10404)	1,2,0, | 1,0,0, | 
(27342)	3,3,0, | 3,3,0, | 
(9127)	1,1,0, | 1,3,1, | 
(13315)	1,4,1, | 3,5,1, | 
(7824)	1,0,0, | 1,2,0, | 
(10668)	1,2,1, | 2,2,0, | 
(0)	0,0,0, | 0,0,0, | 
(48)	0,0,0, | 1,2,0, | 
(84)	0,0,0, | 2,2,0, | 
(48)	0,0,0, | 1,2,0, | 
(48)	0,0,0, | 1,2,0, | 
(164)	0,0,0, | 4,3,2, | 
(48)	0,0,0, | 1,2,0, | 
(36)	0,0,0, | 1,0,0, | 
(42)	0,0,0, | 1,1,0, | 
(48)	0,0,0, | 1,2,0, | 
(48)	0,0,0, | 1,2,0, | 
(0)	0,0,0, | 0,0,0, | 
(213)	0,0,0, | 5,5,3, | 
(213)	0,0,0, | 5,5,3, | 
(213)	0,0,0, | 5,5,3, | 
(213)	0,0,0, | 5,5,3, | 
(213)	0,0,0, | 5,5,3, | 
(213)	0,0,0, | 5,5,3, | 
(213)	0,0,0, | 5,5,3, | 
(213)	0,0,0, | 5,5,3, | 
(213)	0,0,0, | 5,5,3, | 
(213)	0,0,0, | 5,5,3, | 
(44925)	5,4,3, | 5,5,3, | 
(7989)	1,0,0, | 5,5,3, | 
(18789)	2,2,2, | 5,5,3, | 
(7989)	1,0,0, | 5,5,3, | 
(7989)	1,0,0, | 5,5,3, | 
(11013)	1,2,2, | 5,5,3, | 
(13821)	1,4,3, | 5,5,3, | 
(13821)	1,4,3, | 5,5,3, | 
(13821)	1,4,3, | 5,5,3, | 
(36)	0,0,0, | 1,0,0, | 
(9115)	1,1,0, | 1,1,1, | 
(9114)	1,1,0, | 1,1,0, | 
(10423)	1,2,0, | 1,3,1, | 
(14520)	1,5,1, | 1,2,0, | 
(9133)	1,1,0, | 1,4,1, | 
(18206)	2,2,0, | 1,4,2, | 
(10430)	1,2,0, | 1,4,2, | 
(9175)	1,1,0, | 2,5,1, | 
(9072)	1,1,0, | 0,0,0, | 
(9115)	1,1,0, | 1,1,1, | 
(10748)	1,2,1, | 4,3,2, | 
(49)	0,0,0, | 1,2,1, | 
(85)	0,0,0, | 2,2,1, | 
(156)	0,0,0, | 4,2,0, | 
(48)	0,0,0, | 1,2,0, | 
(98)	0,0,0, | 2,4,2, | 
(69)	0,0,0, | 1,5,3, | 
(156)	0,0,0, | 4,2,0, | 
(164)	0,0,0, | 4,3,2, | 
(0)	0,0,0, | 0,0,0, | 
(0)	0,0,0, | 0,0,0, | 
(0)	0,0,0, | 0,0,0, | 
(0)	0,0,0, | 0,0,0, | 
(0)	0,0,0, | 0,0,0, | 
(0)	0,0,0, | 0,0,0, | 
(0)	0,0,0, | 0,0,0, | 
(0)	0,0,0, | 0,0,0, | 
(0)	0,0,0, | 0,0,0, | 
(0)	0,0,0, | 0,0,0, | 
(0)	0,0,0, | 0,0,0, | 
(13176)	1,4,1, | 0,0,0, | 
(7776)	1,0,0, | 0,0,0, | 
(18144)	2,2,0, | 0,0,0, | 
(19872)	2,3,2, | 0,0,0, | 
(7776)	1,0,0, | 0,0,0, | 
(10800)	1,2,2, | 0,0,0, | 
(10368)	1,2,0, | 0,0,0, | 
(12960)	1,4,0, | 0,0,0, | 
(10368)	1,2,0, | 0,0,0, | 
(36)	0,0,0, | 1,0,0, | 
(7826)	1,0,0, | 1,2,2, | 
(50)	0,0,0, | 1,2,2, | 
(9198)	1,1,0, | 3,3,0, | 
(14592)	1,5,1, | 3,2,0, | 
(102)	0,0,0, | 2,5,0, | 
(13995)	1,4,4, | 4,4,3, | 
(7824)	1,0,0, | 1,2,0, | 
(10544)	1,2,0, | 4,5,2, | 
(0)	0,0,0, | 0,0,0, | 
(48)	0,0,0, | 1,2,0, | 
(79)	0,0,0, | 2,1,1, | 
(48)	0,0,0, | 1,2,0, | 
(48)	0,0,0, | 1,2,0, | 
(48)	0,0,0, | 1,2,0, | 
(48)	0,0,0, | 1,2,0, | 
(36)	0,0,0, | 1,0,0, | 
(42)	0,0,0, | 1,1,0, | 
(48)	0,0,0, | 1,2,0, | 
(48)	0,0,0, | 1,2,0, | 
(0)	0,0,0, | 0,0,0, | 
(0)	0,0,0, | 0,0,0, | 
(0)	0,0,0, | 0,0,0, | 
(0)	0,0,0, | 0,0,0, | 
(0)	0,0,0, | 0,0,0, | 
(0)	0,0,0, | 0,0,0, | 
(0)	0,0,0, | 0,0,0, | 
(0)	0,0,0, | 0,0,0, | 
(0)	0,0,0, | 0,0,0, | 
(0)	0,0,0, | 0,0,0, | 
(0)	0,0,0, | 0,0,0, | 
(13176)	1,4,1, | 0,0,0, | 
(7776)	1,0,0, | 0,0,0, | 
(18144)	2,2,0, | 0,0,0, | 
(19872)	2,3,2, | 0,0,0, | 
(7776)	1,0,0, | 0,0,0, | 
(10800)	1,2,2, | 0,0,0, | 
(10368)	1,2,0, | 0,0,0, | 
(12960)	1,4,0, | 0,0,0, | 
(10368)	1,2,0, | 0,0,0, | 
(36)	0,0,0, | 1,0,0, | 
(7826)	1,0,0, | 1,2,2, | 
(50)	0,0,0, | 1,2,2, | 
(10404)	1,2,0, | 1,0,0, | 
(27378)	3,3,0, | 4,3,0, | 
(158)	0,0,0, | 4,2,2, | 
(61)	0,0,0, | 1,4,1, | 
(7824)	1,0,0, | 1,2,0, | 
(9283)	1,1,0, | 5,5,1, | 
(0)	0,0,0, | 0,0,0, | 
(48)	0,0,0, | 1,2,0, | 
(84)	0,0,0, | 2,2,0, | 
(48)	0,0,0, | 1,2,0, | 
(48)	0,0,0, | 1,2,0, | 
(48)	0,0,0, | 1,2,0, | 
(48)	0,0,0, | 1,2,0, | 
(36)	0,0,0, | 1,0,0, | 
(177)	0,0,0, | 4,5,3, | 
(48)	0,0,0, | 1,2,0, | 
(48)	0,0,0, | 1,2,0, | 
(0)	0,0,0, | 0,0,0, | 
(0)	0,0,0, | 0,0,0, | 
(0)	0,0,0, | 0,0,0, | 
(0)	0,0,0, | 0,0,0, | 
(0)	0,0,0, | 0,0,0, | 
(0)	0,0,0, | 0,0,0, | 
(0)	0,0,0, | 0,0,0, | 
(0)	0,0,0, | 0,0,0, | 
(0)	0,0,0, | 0,0,0, | 
(0)	0,0,0, | 0,0,0, | 
(0)	0,0,0, | 0,0,0, | 
(13176)	1,4,1, | 0,0,0, | 
(7776)	1,0,0, | 0,0,0, | 
(18144)	2,2,0, | 0,0,0, | 
(19872)	2,3,2, | 0,0,0, | 
(7776)	1,0,0, | 0,0,0, | 
(10800)	1,2,2, | 0,0,0, | 
(10368)	1,2,0, | 0,0,0, | 
(12960)	1,4,0, | 0,0,0, | 
(10368)	1,2,0, | 0,0,0, | 
(36)	0,0,0, | 1,0,0, | 
(7826)	1,0,0, | 1,2,2, | 
(50)	0,0,0, | 1,2,2, | 
(10404)	1,2,0, | 1,0,0, | 
(27342)	3,3,0, | 3,3,0, | 
(177)	0,0,0, | 4,5,3, | 
(13315)	1,4,1, | 3,5,1, | 
(7824)	1,0,0, | 1,2,0, | 
(10668)	1,2,1, | 2,2,0, | 
(0)	0,0,0, | 0,0,0, | 
(48)	0,0,0, | 1,2,0, | 
(84)	0,0,0, | 2,2,0, | 
(48)	0,0,0, | 1,2,0, | 
(48)	0,0,0, | 1,2,0, | 
(48)	0,0,0, | 1,2,0, | 
(48)	0,0,0, | 1,2,0, | 
(36)	0,0,0, | 1,0,0, | 
(177)	0,0,0, | 4,5,3, | 
(48)	0,0,0, | 1,2,0, | 
(48)	0,0,0, | 1,2,0, | 
(0)	0,0,0, | 0,0,0, | 
(0)	0,0,0, | 0,0,0, | 
(0)	0,0,0, | 0,0,0, | 
(0)	0,0,0, | 0,0,0, | 
(0)	0,0,0, | 0,0,0, | 
(0)	0,0,0, | 0,0,0, | 
(0)	0,0,0, | 0,0,0, | 
(0)	0,0,0, | 0,0,0, | 
(0)	0,0,0, | 0,0,0, | 
(0)	0,0,0, | 0,0,0, | 
(0)	0,0,0, | 0,0,0, | 
(13176)	1,4,1, | 0,0,0, | 
(7776)	1,0,0, | 0,0,0, | 
(18144)	2,2,0, | 0,0,0, | 
(19872)	2,3,2, | 0,0,0, | 
(7776)	1,0,0, | 0,0,0, | 
(10800)	1,2,2, | 0,0,0, | 
(10368)	1,2,0, | 0,0,0, | 
(12960)	1,4,0, | 0,0,0, | 
(10368)	1,2,0, | 0,0,0, | 
(36)	0,0,0, | 1,0,0, | 
(7826)	1,0,0, | 1,2,2, | 
(50)	0,0,0, | 1,2,2, | 
(10404)	1,2,0, | 1,0,0, | 
(27342)	3,3,0, | 3,3,0, | 
(9127)	1,1,0, | 1,3,1, | 
(13315)	1,4,1, | 3,5,1, | 
(7824)	1,0,0, | 1,2,0, | 
(10668)	1,2,1, | 2,2,0, | 
(0)	0,0,0, | 0,0,0, | 
(48)	0,0,0, | 1,2,0, | 
(84)	0,0,0, | 2,2,0, | 
(48)	0,0,0, | 1,2,0, | 
(48)	0,0,0, | 1,2,0, | 
(164)	0,0,0, | 4,3,2, | 
(48)	0,0,0, | 1,2,0, | 
(36)	0,0,0, | 1,0,0, | 
(42)	0,0,0, | 1,1,0, | 
(48)	0,0,0, | 1,2,0, | 
(48)	0,0,0, | 1,2,0, | 
(0)	0,0,0, | 0,0,0, | 
(0)	0,0,0, | 0,0,0, | 
(0)	0,0,0, | 0,0,0, | 
(0)	0,0,0, | 0,0,0, | 
(0)	0,0,0, | 0,0,0, | 
(0)	0,0,0, | 0,0,0, | 
(0)	0,0,0, | 0,0,0, | 
(0)	0,0,0, | 0,0,0, | 
(0)	0,0,0, | 0,0,0, | 
(0)	0,0,0, | 0,0,0, | 
(0)	0,0,0, | 0,0,0, | 
(13176)	1,4,1, | 0,0,0, | 
(7776)	1,0,0, | 0,0,0, | 
(18144)	2,2,0, | 0,0,0, | 
(19872)	2,3,2, | 0,0,0, | 
(7776)	1,0,0, | 0,0,0, | 
(10800)	1,2,2, | 0,0,0, | 
(10368)	1,2,0, | 0,0,0, | 
(12960)	1,4,0, | 0,0,0, | 
(10368)	1,2,0, | 0,0,0, | 
(36)	0,0,0, | 1,0,0, | 
(7826)	1,0,0, | 1,2,2, | 
(50)	0,0,0, | 1,2,2, | 
(10404)	1,2,0, | 1,0,0, | 
(27342)	3,3,0, | 3,3,0, | 
(9127)	1,1,0, | 1,3,1, | 
(13315)	1,4,1, | 3,5,1, | 
(7824)	1,0,0, | 1,2,0, | 
(10668)	1,2,1, | 2,2,0, | 
(0)	0,0,0, | 0,0,0, | 
(48)	0,0,0, | 1,2,0, | 
(84)	0,0,0, | 2,2,0, | 
(48)	0,0,0, | 1,2,0, | 
(48)	0,0,0, | 1,2,0, | 
(164)	0,0,0, | 4,3,2, | 
(48)	0,0,0, | 1,2,0, | 
(36)	0,0,0, | 1,0,0, | 
(42)	0,0,0, | 1,1,0, | 
(48)	0,0,0, | 1,2,0, | 
(48)	0,0,0, | 1,2,0, | 
