(38052)	4,5,2, | 1,0,0, | 
(38052)	4,5,2, | 1,0,0, | 
(38268)	4,5,3, | 1,0,0, | 
(38268)	4,5,3, | 1,0,0, | 
(38268)	4,5,3, | 1,0,0, | 
(7953)	1,0,0, | 4,5,3, | 
(7953)	1,0,0, | 4,5,3, | 
(7953)	1,0,0, | 4,5,3, | 
(7952)	1,0,0, | 4,5,2, | 
(7952)	1,0,0, | 4,5,2, | 
(23504)	3,0,0, | 4,5,2, | 
(7952)	1,0,0, | 4,5,2, | 
(7952)	1,0,0, | 4,5,2, | 
(7952)	1,0,0, | 4,5,2, | 
(23503)	3,0,0, | 4,5,1, | 
(7951)	1,0,0, | 4,5,1, | 
(14424)	1,5,0, | 4,4,0, | 
(14424)	1,5,0, | 4,4,0, | 
(7836)	1,0,0, | 1,4,0, | 
(13062)	1,4,0, | 2,5,0, | 
(13062)	1,4,0, | 2,5,0, | 
(20946)	2,4,0, | 5,5,0, | 
(13020)	1,4,0, | 1,4,0, | 
(13098)	1,4,0, | 3,5,0, | 
(13020)	1,4,0, | 1,4,0, | 
(13020)	1,4,0, | 1,4,0, | 
(13026)	1,4,0, | 1,5,0, | 
(12996)	1,4,0, | 1,0,0, | 
(36354)	4,4,0, | 1,5,0, | 
(36354)	4,4,0, | 1,5,0, | 
(37836)	4,5,1, | 1,0,0, | 
(37908)	4,5,1, | 3,0,0, | 
(38052)	4,5,2, | 1,0,0, | 
(38088)	4,5,2, | 2,0,0, | 
(38052)	4,5,2, | 1,0,0, | 
(38052)	4,5,2, | 1,0,0, | 
(38268)	4,5,3, | 1,0,0, | 
(38268)	4,5,3, | 1,0,0, | 
(38268)	4,5,3, | 1,0,0, | 
(38268)	4,5,3, | 1,0,0, | 
(38268)	4,5,3, | 1,0,0, | 
(15084)	1,5,3, | 5,0,0, | 
(15084)	1,5,3, | 5,0,0, | 
(15084)	1,5,3, | 5,0,0, | 
(7969)	1,0,0, | 5,2,1, | 
(7969)	1,0,0, | 5,2,1, | 
(7969)	1,0,0, | 5,2,1, | 
(7969)	1,0,0, | 5,2,1, | 
(7975)	1,0,0, | 5,3,1, | 
(7975)	1,0,0, | 5,3,1, | 
(14460)	1,5,0, | 5,4,0, | 
(14460)	1,5,0, | 5,4,0, | 
(14460)	1,5,0, | 5,4,0, | 
(14460)	1,5,0, | 5,4,0, | 
(7836)	1,0,0, | 1,4,0, | 
(10578)	1,2,0, | 5,5,0, | 
(10434)	1,2,0, | 1,5,0, | 
(10428)	1,2,0, | 1,4,0, | 
(10428)	1,2,0, | 1,4,0, | 
(10572)	1,2,0, | 5,4,0, | 
(10428)	1,2,0, | 1,4,0, | 
(10428)	1,2,0, | 1,4,0, | 
(10572)	1,2,0, | 5,4,0, | 
(14586)	1,5,1, | 3,1,0, | 
(38066)	4,5,2, | 1,2,2, | 
(38072)	4,5,2, | 1,3,2, | 
(38065)	4,5,2, | 1,2,1, | 
(38059)	4,5,2, | 1,1,1, | 
(38059)	4,5,2, | 1,1,1, | 
(38059)	4,5,2, | 1,1,1, | 
(38059)	4,5,2, | 1,1,1, | 
(38065)	4,5,2, | 1,2,1, | 
(38268)	4,5,3, | 1,0,0, | 
(38268)	4,5,3, | 1,0,0, | 
(38268)	4,5,3, | 1,0,0, | 
(38268)	4,5,3, | 1,0,0, | 
(38268)	4,5,3, | 1,0,0, | 
(15084)	1,5,3, | 5,0,0, | 
(15084)	1,5,3, | 5,0,0, | 
(7982)	1,0,0, | 5,4,2, | 
(7982)	1,0,0, | 5,4,2, | 
(7982)	1,0,0, | 5,4,2, | 
(23540)	3,0,0, | 5,5,2, | 
(7988)	1,0,0, | 5,5,2, | 
(7988)	1,0,0, | 5,5,2, | 
(7988)	1,0,0, | 5,5,2, | 
(7987)	1,0,0, | 5,5,1, | 
(14460)	1,5,0, | 5,4,0, | 
(14460)	1,5,0, | 5,4,0, | 
(14460)	1,5,0, | 5,4,0, | 
(7836)	1,0,0, | 1,4,0, | 
(11766)	1,3,0, | 2,5,0, | 
(11724)	1,3,0, | 1,4,0, | 
(11724)	1,3,0, | 1,4,0, | 
(11730)	1,3,0, | 1,5,0, | 
(11730)	1,3,0, | 1,5,0, | 
(11724)	1,3,0, | 1,4,0, | 
(11724)	1,3,0, | 1,4,0, | 
(13092)	1,4,0, | 3,4,0, | 
(14622)	1,5,1, | 4,1,0, | 
(37849)	4,5,1, | 1,2,1, | 
(37849)	4,5,1, | 1,2,1, | 
(37849)	4,5,1, | 1,2,1, | 
(38065)	4,5,2, | 1,2,1, | 
(38052)	4,5,2, | 1,0,0, | 
(38065)	4,5,2, | 1,2,1, | 
(38052)	4,5,2, | 1,0,0, | 
(38052)	4,5,2, | 1,0,0, | 
(38268)	4,5,3, | 1,0,0, | 
(38268)	4,5,3, | 1,0,0, | 
(38268)	4,5,3, | 1,0,0, | 
(38268)	4,5,3, | 1,0,0, | 
(38268)	4,5,3, | 1,0,0, | 
(15084)	1,5,3, | 5,0,0, | 
(7989)	1,0,0, | 5,5,3, | 
(7989)	1,0,0, | 5,5,3, | 
(7988)	1,0,0, | 5,5,2, | 
(7988)	1,0,0, | 5,5,2, | 
(23540)	3,0,0, | 5,5,2, | 
(7988)	1,0,0, | 5,5,2, | 
(7988)	1,0,0, | 5,5,2, | 
(7988)	1,0,0, | 5,5,2, | 
(7987)	1,0,0, | 5,5,1, | 
(14460)	1,5,0, | 5,4,0, | 
(14460)	1,5,0, | 5,4,0, | 
(14460)	1,5,0, | 5,4,0, | 
(7836)	1,0,0, | 1,4,0, | 
(13170)	1,4,0, | 5,5,0, | 
(13026)	1,4,0, | 1,5,0, | 
(13020)	1,4,0, | 1,4,0, | 
(13020)	1,4,0, | 1,4,0, | 
(13098)	1,4,0, | 3,5,0, | 
(13062)	1,4,0, | 2,5,0, | 
(13020)	1,4,0, | 1,4,0, | 
(13020)	1,4,0, | 1,4,0, | 
(13038)	1,4,0, | 2,1,0, | 
(37861)	4,5,1, | 1,4,1, | 
(37855)	4,5,1, | 1,3,1, | 
(37849)	4,5,1, | 1,2,1, | 
(37849)	4,5,1, | 1,2,1, | 
(38059)	4,5,2, | 1,1,1, | 
(38072)	4,5,2, | 1,3,2, | 
(38052)	4,5,2, | 1,0,0, | 
(38052)	4,5,2, | 1,0,0, | 
(38268)	4,5,3, | 1,0,0, | 
(38268)	4,5,3, | 1,0,0, | 
(38268)	4,5,3, | 1,0,0, | 
(38268)	4,5,3, | 1,0,0, | 
(38268)	4,5,3, | 1,0,0, | 
(15084)	1,5,3, | 5,0,0, | 
(7989)	1,0,0, | 5,5,3, | 
(7989)	1,0,0, | 5,5,3, | 
(7988)	1,0,0, | 5,5,2, | 
(7988)	1,0,0, | 5,5,2, | 
(23540)	3,0,0, | 5,5,2, | 
(7988)	1,0,0, | 5,5,2, | 
(7988)	1,0,0, | 5,5,2, | 
(7988)	1,0,0, | 5,5,2, | 
(7987)	1,0,0, | 5,5,1, | 
(14460)	1,5,0, | 5,4,0, | 
(14460)	1,5,0, | 5,4,0, | 
(14460)	1,5,0, | 5,4,0, | 
(7836)	1,0,0, | 1,4,0, | 
(13098)	1,4,0, | 3,5,0, | 
(37644)	4,5,0, | 1,4,0, | 
(13020)	1,4,0, | 1,4,0, | 
(13020)	1,4,0, | 1,4,0, | 
(13020)	1,4,0, | 1,4,0, | 
(13170)	1,4,0, | 5,5,0, | 
(13026)	1,4,0, | 1,5,0, | 
(13020)	1,4,0, | 1,4,0, | 
(13014)	1,4,0, | 1,3,0, | 
(37836)	4,5,1, | 1,0,0, | 
(37843)	4,5,1, | 1,1,1, | 
(37855)	4,5,1, | 1,3,1, | 
(37836)	4,5,1, | 1,0,0, | 
(38059)	4,5,2, | 1,1,1, | 
(38059)	4,5,2, | 1,1,1, | 
(38078)	4,5,2, | 1,4,2, | 
(38052)	4,5,2, | 1,0,0, | 
(38268)	4,5,3, | 1,0,0, | 
(38268)	4,5,3, | 1,0,0, | 
(38268)	4,5,3, | 1,0,0, | 
(38268)	4,5,3, | 1,0,0, | 
(38268)	4,5,3, | 1,0,0, | 
(15084)	1,5,3, | 5,0,0, | 
(7989)	1,0,0, | 5,5,3, | 
(7989)	1,0,0, | 5,5,3, | 
(7988)	1,0,0, | 5,5,2, | 
(7988)	1,0,0, | 5,5,2, | 
(23540)	3,0,0, | 5,5,2, | 
(7988)	1,0,0, | 5,5,2, | 
(7988)	1,0,0, | 5,5,2, | 
(7988)	1,0,0, | 5,5,2, | 
(7987)	1,0,0, | 5,5,1, | 
(7987)	1,0,0, | 5,5,1, | 
(14460)	1,5,0, | 5,4,0, | 
(14460)	1,5,0, | 5,4,0, | 
(7836)	1,0,0, | 1,4,0, | 
(13026)	1,4,0, | 1,5,0, | 
(37716)	4,5,0, | 3,4,0, | 
(13020)	1,4,0, | 1,4,0, | 
(13020)	1,4,0, | 1,4,0, | 
(13092)	1,4,0, | 3,4,0, | 
(13170)	1,4,0, | 5,5,0, | 
(13026)	1,4,0, | 1,5,0, | 
(13020)	1,4,0, | 1,4,0, | 
(12996)	1,4,0, | 1,0,0, | 
(37836)	4,5,1, | 1,0,0, | 
(37843)	4,5,1, | 1,1,1, | 
(37904)	4,5,1, | 2,5,2, | 
(37836)	4,5,1, | 1,0,0, | 
(38052)	4,5,2, | 1,0,0, | 
(38180)	4,5,2, | 4,3,2, | 
(38052)	4,5,2, | 1,0,0, | 
(38095)	4,5,2, | 2,1,1, | 
(41724)	5,2,1, | 1,0,0, | 
(41724)	5,2,1, | 1,0,0, | 
(38949)	5,0,0, | 1,5,3, | 
(38949)	5,0,0, | 1,5,3, | 
(38949)	5,0,0, | 1,5,3, | 
(7953)	1,0,0, | 4,5,3, | 
(7953)	1,0,0, | 4,5,3, | 
(7953)	1,0,0, | 4,5,3, | 
(7953)	1,0,0, | 4,5,3, | 
(7953)	1,0,0, | 4,5,3, | 
(9464)	1,1,1, | 4,5,2, | 
(9464)	1,1,1, | 4,5,2, | 
(9464)	1,1,1, | 4,5,2, | 
(9464)	1,1,1, | 4,5,2, | 
(9464)	1,1,1, | 4,5,2, | 
(9464)	1,1,1, | 4,5,2, | 
(9464)	1,1,1, | 4,5,2, | 
(9464)	1,1,1, | 4,5,2, | 
(24691)	3,1,0, | 1,5,1, | 
(13008)	1,4,0, | 1,2,0, | 
(13080)	1,4,0, | 3,2,0, | 
(13008)	1,4,0, | 1,2,0, | 
(13008)	1,4,0, | 1,2,0, | 
(13020)	1,4,0, | 1,4,0, | 
(13008)	1,4,0, | 1,2,0, | 
(13008)	1,4,0, | 1,2,0, | 
(13008)	1,4,0, | 1,2,0, | 
(12996)	1,4,0, | 1,0,0, | 
(44130)	5,4,0, | 1,5,0, | 
(44130)	5,4,0, | 1,5,0, | 
(44130)	5,4,0, | 1,5,0, | 
(44130)	5,4,0, | 1,5,0, | 
(43020)	5,3,1, | 1,0,0, | 
(43020)	5,3,1, | 1,0,0, | 
(41724)	5,2,1, | 1,0,0, | 
(41724)	5,2,1, | 1,0,0, | 
(41724)	5,2,1, | 1,0,0, | 
(41724)	5,2,1, | 1,0,0, | 
(41724)	5,2,1, | 1,0,0, | 
(41724)	5,2,1, | 1,0,0, | 
(41724)	5,2,1, | 1,0,0, | 
(7969)	1,0,0, | 5,2,1, | 
(7969)	1,0,0, | 5,2,1, | 
(7969)	1,0,0, | 5,2,1, | 
(7969)	1,0,0, | 5,2,1, | 
(7969)	1,0,0, | 5,2,1, | 
(7969)	1,0,0, | 5,2,1, | 
(34321)	4,2,2, | 5,2,1, | 
(12295)	1,3,2, | 5,3,1, | 
(27847)	3,3,2, | 5,3,1, | 
(43399)	5,3,2, | 5,3,1, | 
(9487)	1,1,1, | 5,3,1, | 
(20071)	2,3,2, | 5,3,1, | 
(12295)	1,3,2, | 5,3,1, | 
(24691)	3,1,0, | 1,5,1, | 
(11862)	1,3,0, | 5,3,0, | 
(10422)	1,2,0, | 1,3,0, | 
(10452)	1,2,0, | 2,2,0, | 
(10416)	1,2,0, | 1,2,0, | 
(11731)	1,3,0, | 1,5,1, | 
(10416)	1,2,0, | 1,2,0, | 
(11971)	1,3,1, | 2,3,1, | 
(10416)	1,2,0, | 1,2,0, | 
(14586)	1,5,1, | 3,1,0, | 
(43033)	5,3,1, | 1,2,1, | 
(43027)	5,3,1, | 1,1,1, | 
(43027)	5,3,1, | 1,1,1, | 
(43027)	5,3,1, | 1,1,1, | 
(43027)	5,3,1, | 1,1,1, | 
(43040)	5,3,1, | 1,3,2, | 
(41744)	5,2,1, | 1,3,2, | 
(41724)	5,2,1, | 1,0,0, | 
(41724)	5,2,1, | 1,0,0, | 
(41724)	5,2,1, | 1,0,0, | 
(41724)	5,2,1, | 1,0,0, | 
(38942)	5,0,0, | 1,4,2, | 
(38942)	5,0,0, | 1,4,2, | 
(7982)	1,0,0, | 5,4,2, | 
(7982)	1,0,0, | 5,4,2, | 
(7982)	1,0,0, | 5,4,2, | 
(7982)	1,0,0, | 5,4,2, | 
(7982)	1,0,0, | 5,4,2, | 
(7982)	1,0,0, | 5,4,2, | 
(9500)	1,1,1, | 5,5,2, | 
(12308)	1,3,2, | 5,5,2, | 
(27860)	3,3,2, | 5,5,2, | 
(43412)	5,3,2, | 5,5,2, | 
(9500)	1,1,1, | 5,5,2, | 
(20084)	2,3,2, | 5,5,2, | 
(12308)	1,3,2, | 5,5,2, | 
(24691)	3,1,0, | 1,5,1, | 
(11731)	1,3,0, | 1,5,1, | 
(11712)	1,3,0, | 1,2,0, | 
(11712)	1,3,0, | 1,2,0, | 
(11718)	1,3,0, | 1,3,0, | 
(13014)	1,4,0, | 1,3,0, | 
(11718)	1,3,0, | 1,3,0, | 
(11712)	1,3,0, | 1,2,0, | 
(11712)	1,3,0, | 1,2,0, | 
(14622)	1,5,1, | 4,1,0, | 
(42828)	5,3,0, | 1,4,0, | 
(41526)	5,2,0, | 1,3,0, | 
(44323)	5,4,1, | 1,1,1, | 
(43020)	5,3,1, | 1,0,0, | 
(43027)	5,3,1, | 1,1,1, | 
(43027)	5,3,1, | 1,1,1, | 
(41738)	5,2,1, | 1,2,2, | 
(41724)	5,2,1, | 1,0,0, | 
(41724)	5,2,1, | 1,0,0, | 
(41724)	5,2,1, | 1,0,0, | 
(41724)	5,2,1, | 1,0,0, | 
(38949)	5,0,0, | 1,5,3, | 
(38949)	5,0,0, | 1,5,3, | 
(7989)	1,0,0, | 5,5,3, | 
(7989)	1,0,0, | 5,5,3, | 
(7989)	1,0,0, | 5,5,3, | 
(7989)	1,0,0, | 5,5,3, | 
(7989)	1,0,0, | 5,5,3, | 
(9500)	1,1,1, | 5,5,2, | 
(9500)	1,1,1, | 5,5,2, | 
(12308)	1,3,2, | 5,5,2, | 
(27860)	3,3,2, | 5,5,2, | 
(43412)	5,3,2, | 5,5,2, | 
(9500)	1,1,1, | 5,5,2, | 
(20084)	2,3,2, | 5,5,2, | 
(9500)	1,1,1, | 5,5,2, | 
(24691)	3,1,0, | 1,5,1, | 
(14358)	1,5,0, | 2,5,0, | 
(13021)	1,4,0, | 1,4,1, | 
(13020)	1,4,0, | 1,4,0, | 
(13020)	1,4,0, | 1,4,0, | 
(13057)	1,4,0, | 2,4,1, | 
(38011)	4,5,1, | 5,5,1, | 
(13116)	1,4,0, | 4,2,0, | 
(13020)	1,4,0, | 1,4,0, | 
(13038)	1,4,0, | 2,1,0, | 
(45632)	5,5,1, | 1,3,2, | 
(45637)	5,5,1, | 1,4,1, | 
(45631)	5,5,1, | 1,3,1, | 
(43020)	5,3,1, | 1,0,0, | 
(43033)	5,3,1, | 1,2,1, | 
(43046)	5,3,1, | 1,4,2, | 
(41724)	5,2,1, | 1,0,0, | 
(41724)	5,2,1, | 1,0,0, | 
(41724)	5,2,1, | 1,0,0, | 
(41724)	5,2,1, | 1,0,0, | 
(38949)	5,0,0, | 1,5,3, | 
(38949)	5,0,0, | 1,5,3, | 
(38949)	5,0,0, | 1,5,3, | 
(7989)	1,0,0, | 5,5,3, | 
(7989)	1,0,0, | 5,5,3, | 
(7989)	1,0,0, | 5,5,3, | 
(7989)	1,0,0, | 5,5,3, | 
(7989)	1,0,0, | 5,5,3, | 
(9500)	1,1,1, | 5,5,2, | 
(9500)	1,1,1, | 5,5,2, | 
(12308)	1,3,2, | 5,5,2, | 
(27860)	3,3,2, | 5,5,2, | 
(43412)	5,3,2, | 5,5,2, | 
(9500)	1,1,1, | 5,5,2, | 
(20084)	2,3,2, | 5,5,2, | 
(12308)	1,3,2, | 5,5,2, | 
(24691)	3,1,0, | 1,5,1, | 
(13056)	1,4,0, | 2,4,0, | 
(13050)	1,4,0, | 2,3,0, | 
(13020)	1,4,0, | 1,4,0, | 
(13014)	1,4,0, | 1,3,0, | 
(13014)	1,4,0, | 1,3,0, | 
(13014)	1,4,0, | 1,3,0, | 
(13008)	1,4,0, | 1,2,0, | 
(13020)	1,4,0, | 1,4,0, | 
(13014)	1,4,0, | 1,3,0, | 
(44166)	5,4,0, | 2,5,0, | 
(45619)	5,5,1, | 1,1,1, | 
(45619)	5,5,1, | 1,1,1, | 
(45612)	5,5,1, | 1,0,0, | 
(43027)	5,3,1, | 1,1,1, | 
(43027)	5,3,1, | 1,1,1, | 
(41731)	5,2,1, | 1,1,1, | 
(41724)	5,2,1, | 1,0,0, | 
(41724)	5,2,1, | 1,0,0, | 
(41724)	5,2,1, | 1,0,0, | 
(38949)	5,0,0, | 1,5,3, | 
(38949)	5,0,0, | 1,5,3, | 
(38949)	5,0,0, | 1,5,3, | 
(7989)	1,0,0, | 5,5,3, | 
(7989)	1,0,0, | 5,5,3, | 
(7989)	1,0,0, | 5,5,3, | 
(7989)	1,0,0, | 5,5,3, | 
(7989)	1,0,0, | 5,5,3, | 
(9500)	1,1,1, | 5,5,2, | 
(9500)	1,1,1, | 5,5,2, | 
(12308)	1,3,2, | 5,5,2, | 
(27860)	3,3,2, | 5,5,2, | 
(43412)	5,3,2, | 5,5,2, | 
(9500)	1,1,1, | 5,5,2, | 
(20084)	2,3,2, | 5,5,2, | 
(12308)	1,3,2, | 5,5,2, | 
(24691)	3,1,0, | 1,5,1, | 
(13080)	1,4,0, | 3,2,0, | 
(13008)	1,4,0, | 1,2,0, | 
(13020)	1,4,0, | 1,4,0, | 
(13014)	1,4,0, | 1,3,0, | 
(13008)	1,4,0, | 1,2,0, | 
(13020)	1,4,0, | 1,4,0, | 
(13008)	1,4,0, | 1,2,0, | 
(13020)	1,4,0, | 1,4,0, | 
(12996)	1,4,0, | 1,0,0, | 
(44130)	5,4,0, | 1,5,0, | 
(44130)	5,4,0, | 1,5,0, | 
(45612)	5,5,1, | 1,0,0, | 
(45637)	5,5,1, | 1,4,1, | 
(43076)	5,3,1, | 2,3,2, | 
(43027)	5,3,1, | 1,1,1, | 
(41839)	5,2,1, | 4,1,1, | 
(41724)	5,2,1, | 1,0,0, | 
(44532)	5,4,2, | 1,0,0, | 
(44532)	5,4,2, | 1,0,0, | 
(44532)	5,4,2, | 1,0,0, | 
(38949)	5,0,0, | 1,5,3, | 
(38949)	5,0,0, | 1,5,3, | 
(7953)	1,0,0, | 4,5,3, | 
(7953)	1,0,0, | 4,5,3, | 
(7953)	1,0,0, | 4,5,3, | 
(7953)	1,0,0, | 4,5,3, | 
(7953)	1,0,0, | 4,5,3, | 
(7952)	1,0,0, | 4,5,2, | 
(7952)	1,0,0, | 4,5,2, | 
(7952)	1,0,0, | 4,5,2, | 
(7952)	1,0,0, | 4,5,2, | 
(7952)	1,0,0, | 4,5,2, | 
(10759)	1,2,1, | 4,5,1, | 
(10759)	1,2,1, | 4,5,1, | 
(10759)	1,2,1, | 4,5,1, | 
(32467)	4,1,0, | 1,5,1, | 
(13014)	1,4,0, | 1,3,0, | 
(13086)	1,4,0, | 3,3,0, | 
(28680)	3,4,0, | 4,4,0, | 
(13014)	1,4,0, | 1,3,0, | 
(13020)	1,4,0, | 1,4,0, | 
(13014)	1,4,0, | 1,3,0, | 
(13014)	1,4,0, | 1,3,0, | 
(13014)	1,4,0, | 1,3,0, | 
(12996)	1,4,0, | 1,0,0, | 
(44130)	5,4,0, | 1,5,0, | 
(44130)	5,4,0, | 1,5,0, | 
(44130)	5,4,0, | 1,5,0, | 
(45612)	5,5,1, | 1,0,0, | 
(45864)	5,5,2, | 2,0,0, | 
(45828)	5,5,2, | 1,0,0, | 
(45828)	5,5,2, | 1,0,0, | 
(45828)	5,5,2, | 1,0,0, | 
(44532)	5,4,2, | 1,0,0, | 
(44532)	5,4,2, | 1,0,0, | 
(44532)	5,4,2, | 1,0,0, | 
(44532)	5,4,2, | 1,0,0, | 
(44532)	5,4,2, | 1,0,0, | 
(13572)	1,4,2, | 5,0,0, | 
(13572)	1,4,2, | 5,0,0, | 
(7969)	1,0,0, | 5,2,1, | 
(7969)	1,0,0, | 5,2,1, | 
(7969)	1,0,0, | 5,2,1, | 
(7969)	1,0,0, | 5,2,1, | 
(10993)	1,2,2, | 5,2,1, | 
(7975)	1,0,0, | 5,3,1, | 
(12295)	1,3,2, | 5,3,1, | 
(7975)	1,0,0, | 5,3,1, | 
(9493)	1,1,1, | 5,4,1, | 
(19632)	2,3,0, | 5,2,0, | 
(13158)	1,4,0, | 5,3,0, | 
(32467)	4,1,0, | 1,5,1, | 
(20934)	2,4,0, | 5,3,0, | 
(10422)	1,2,0, | 1,3,0, | 
(10428)	1,2,0, | 1,4,0, | 
(10494)	1,2,0, | 3,3,0, | 
(13014)	1,4,0, | 1,3,0, | 
(10422)	1,2,0, | 1,3,0, | 
(10422)	1,2,0, | 1,3,0, | 
(10422)	1,2,0, | 1,3,0, | 
(14586)	1,5,1, | 3,1,0, | 
(45848)	5,5,2, | 1,3,2, | 
(45884)	5,5,2, | 2,3,2, | 
(45835)	5,5,2, | 1,1,1, | 
(45835)	5,5,2, | 1,1,1, | 
(45835)	5,5,2, | 1,1,1, | 
(45848)	5,5,2, | 1,3,2, | 
(45848)	5,5,2, | 1,3,2, | 
(44532)	5,4,2, | 1,0,0, | 
(44532)	5,4,2, | 1,0,0, | 
(44532)	5,4,2, | 1,0,0, | 
(44532)	5,4,2, | 1,0,0, | 
(44532)	5,4,2, | 1,0,0, | 
(44532)	5,4,2, | 1,0,0, | 
(7982)	1,0,0, | 5,4,2, | 
(7982)	1,0,0, | 5,4,2, | 
(7982)	1,0,0, | 5,4,2, | 
(7982)	1,0,0, | 5,4,2, | 
(7982)	1,0,0, | 5,4,2, | 
(7988)	1,0,0, | 5,5,2, | 
(10796)	1,2,1, | 5,5,2, | 
(43412)	5,3,2, | 5,5,2, | 
(12308)	1,3,2, | 5,5,2, | 
(7988)	1,0,0, | 5,5,2, | 
(10795)	1,2,1, | 5,5,1, | 
(10795)	1,2,1, | 5,5,1, | 
(10795)	1,2,1, | 5,5,1, | 
(32467)	4,1,0, | 1,5,1, | 
(13122)	1,4,0, | 4,3,0, | 
(11724)	1,3,0, | 1,4,0, | 
(14526)	1,5,1, | 1,3,0, | 
(28716)	3,4,0, | 5,4,0, | 
(13014)	1,4,0, | 1,3,0, | 
(20832)	2,4,0, | 2,4,0, | 
(11718)	1,3,0, | 1,3,0, | 
(11724)	1,3,0, | 1,4,0, | 
(14622)	1,5,1, | 4,1,0, | 
(45625)	5,5,1, | 1,2,1, | 
(45637)	5,5,1, | 1,4,1, | 
(45625)	5,5,1, | 1,2,1, | 
(45871)	5,5,2, | 2,1,1, | 
(45854)	5,5,2, | 1,4,2, | 
(45835)	5,5,2, | 1,1,1, | 
(45841)	5,5,2, | 1,2,1, | 
(45828)	5,5,2, | 1,0,0, | 
(44532)	5,4,2, | 1,0,0, | 
(44532)	5,4,2, | 1,0,0, | 
(44532)	5,4,2, | 1,0,0, | 
(44532)	5,4,2, | 1,0,0, | 
(38949)	5,0,0, | 1,5,3, | 
(7989)	1,0,0, | 5,5,3, | 
(7989)	1,0,0, | 5,5,3, | 
(7989)	1,0,0, | 5,5,3, | 
(7989)	1,0,0, | 5,5,3, | 
(7989)	1,0,0, | 5,5,3, | 
(7988)	1,0,0, | 5,5,2, | 
(10796)	1,2,1, | 5,5,2, | 
(43412)	5,3,2, | 5,5,2, | 
(12308)	1,3,2, | 5,5,2, | 
(7988)	1,0,0, | 5,5,2, | 
(10795)	1,2,1, | 5,5,1, | 
(10795)	1,2,1, | 5,5,1, | 
(10795)	1,2,1, | 5,5,1, | 
(32467)	4,1,0, | 1,5,1, | 
(13014)	1,4,0, | 1,3,0, | 
(13086)	1,4,0, | 3,3,0, | 
(14562)	1,5,1, | 2,3,0, | 
(13014)	1,4,0, | 1,3,0, | 
(13122)	1,4,0, | 4,3,0, | 
(20796)	2,4,0, | 1,4,0, | 
(13050)	1,4,0, | 2,3,0, | 
(13062)	1,4,0, | 2,5,0, | 
(13038)	1,4,0, | 2,1,0, | 
(45645)	5,5,1, | 1,5,3, | 
(45680)	5,5,1, | 2,5,2, | 
(45631)	5,5,1, | 1,3,1, | 
(45625)	5,5,1, | 1,2,1, | 
(45841)	5,5,2, | 1,2,1, | 
(45835)	5,5,2, | 1,1,1, | 
(45828)	5,5,2, | 1,0,0, | 
(45828)	5,5,2, | 1,0,0, | 
(44532)	5,4,2, | 1,0,0, | 
(44532)	5,4,2, | 1,0,0, | 
(44532)	5,4,2, | 1,0,0, | 
(44532)	5,4,2, | 1,0,0, | 
(38949)	5,0,0, | 1,5,3, | 
(7989)	1,0,0, | 5,5,3, | 
(7989)	1,0,0, | 5,5,3, | 
(7989)	1,0,0, | 5,5,3, | 
(7989)	1,0,0, | 5,5,3, | 
(7989)	1,0,0, | 5,5,3, | 
(7988)	1,0,0, | 5,5,2, | 
(10796)	1,2,1, | 5,5,2, | 
(43412)	5,3,2, | 5,5,2, | 
(12308)	1,3,2, | 5,5,2, | 
(7988)	1,0,0, | 5,5,2, | 
(10795)	1,2,1, | 5,5,1, | 
(10795)	1,2,1, | 5,5,1, | 
(10795)	1,2,1, | 5,5,1, | 
(32467)	4,1,0, | 1,5,1, | 
(13063)	1,4,0, | 2,5,1, | 
(13050)	1,4,0, | 2,3,0, | 
(13014)	1,4,0, | 1,3,0, | 
(13014)	1,4,0, | 1,3,0, | 
(13014)	1,4,0, | 1,3,0, | 
(13014)	1,4,0, | 1,3,0, | 
(13014)	1,4,0, | 1,3,0, | 
(13026)	1,4,0, | 1,5,0, | 
(13014)	1,4,0, | 1,3,0, | 
(45619)	5,5,1, | 1,1,1, | 
(45625)	5,5,1, | 1,2,1, | 
(45619)	5,5,1, | 1,1,1, | 
(45612)	5,5,1, | 1,0,0, | 
(45848)	5,5,2, | 1,3,2, | 
(45835)	5,5,2, | 1,1,1, | 
(45835)	5,5,2, | 1,1,1, | 
(45962)	5,5,2, | 4,4,2, | 
(44532)	5,4,2, | 1,0,0, | 
(44532)	5,4,2, | 1,0,0, | 
(44532)	5,4,2, | 1,0,0, | 
(44532)	5,4,2, | 1,0,0, | 
(38949)	5,0,0, | 1,5,3, | 
(7989)	1,0,0, | 5,5,3, | 
(7989)	1,0,0, | 5,5,3, | 
(7989)	1,0,0, | 5,5,3, | 
(7989)	1,0,0, | 5,5,3, | 
(7989)	1,0,0, | 5,5,3, | 
(7988)	1,0,0, | 5,5,2, | 
(10796)	1,2,1, | 5,5,2, | 
(43412)	5,3,2, | 5,5,2, | 
(12308)	1,3,2, | 5,5,2, | 
(7988)	1,0,0, | 5,5,2, | 
(10795)	1,2,1, | 5,5,1, | 
(10795)	1,2,1, | 5,5,1, | 
(10795)	1,2,1, | 5,5,1, | 
(32467)	4,1,0, | 1,5,1, | 
(13027)	1,4,0, | 1,5,1, | 
(13027)	1,4,0, | 1,5,1, | 
(13014)	1,4,0, | 1,3,0, | 
(13014)	1,4,0, | 1,3,0, | 
(20904)	2,4,0, | 4,4,0, | 
(13020)	1,4,0, | 1,4,0, | 
(13014)	1,4,0, | 1,3,0, | 
(13020)	1,4,0, | 1,4,0, | 
(12996)	1,4,0, | 1,0,0, | 
(44130)	5,4,0, | 1,5,0, | 
(45612)	5,5,1, | 1,0,0, | 
(45612)	5,5,1, | 1,0,0, | 
(45612)	5,5,1, | 1,0,0, | 
(45907)	5,5,2, | 3,1,1, | 
(45890)	5,5,2, | 2,4,2, | 
(45835)	5,5,2, | 1,1,1, | 
(45828)	5,5,2, | 1,0,0, | 
(45828)	5,5,2, | 1,0,0, | 
(45828)	5,5,2, | 1,0,0, | 
(46044)	5,5,3, | 1,0,0, | 
(46044)	5,5,3, | 1,0,0, | 
(38949)	5,0,0, | 1,5,3, | 
(7953)	1,0,0, | 4,5,3, | 
(7953)	1,0,0, | 4,5,3, | 
(7953)	1,0,0, | 4,5,3, | 
(7953)	1,0,0, | 4,5,3, | 
(7953)	1,0,0, | 4,5,3, | 
(7952)	1,0,0, | 4,5,2, | 
(7952)	1,0,0, | 4,5,2, | 
(7952)	1,0,0, | 4,5,2, | 
(10760)	1,2,1, | 4,5,2, | 
(10759)	1,2,1, | 4,5,1, | 
(10759)	1,2,1, | 4,5,1, | 
(13351)	1,4,1, | 4,5,1, | 
(10759)	1,2,1, | 4,5,1, | 
(16908)	2,1,0, | 1,4,0, | 
(13027)	1,4,0, | 1,5,1, | 
(13098)	1,4,0, | 3,5,0, | 
(13020)	1,4,0, | 1,4,0, | 
(13020)	1,4,0, | 1,4,0, | 
(13020)	1,4,0, | 1,4,0, | 
(13020)	1,4,0, | 1,4,0, | 
(13020)	1,4,0, | 1,4,0, | 
(13026)	1,4,0, | 1,5,0, | 
(12996)	1,4,0, | 1,0,0, | 
(44130)	5,4,0, | 1,5,0, | 
(44130)	5,4,0, | 1,5,0, | 
(44130)	5,4,0, | 1,5,0, | 
(45612)	5,5,1, | 1,0,0, | 
(45828)	5,5,2, | 1,0,0, | 
(45936)	5,5,2, | 4,0,0, | 
(45828)	5,5,2, | 1,0,0, | 
(45828)	5,5,2, | 1,0,0, | 
(46044)	5,5,3, | 1,0,0, | 
(46044)	5,5,3, | 1,0,0, | 
(46044)	5,5,3, | 1,0,0, | 
(46044)	5,5,3, | 1,0,0, | 
(46044)	5,5,3, | 1,0,0, | 
(15084)	1,5,3, | 5,0,0, | 
(15084)	1,5,3, | 5,0,0, | 
(7969)	1,0,0, | 5,2,1, | 
(7969)	1,0,0, | 5,2,1, | 
(7969)	1,0,0, | 5,2,1, | 
(7969)	1,0,0, | 5,2,1, | 
(7969)	1,0,0, | 5,2,1, | 
(10783)	1,2,1, | 5,3,1, | 
(7975)	1,0,0, | 5,3,1, | 
(7975)	1,0,0, | 5,3,1, | 
(10795)	1,2,1, | 5,5,1, | 
(13387)	1,4,1, | 5,5,1, | 
(12091)	1,3,1, | 5,5,1, | 
(16908)	2,1,0, | 1,4,0, | 
(33870)	4,2,0, | 4,5,0, | 
(11803)	1,3,0, | 3,5,1, | 
(10471)	1,2,0, | 2,5,1, | 
(26094)	3,2,0, | 4,5,0, | 
(13092)	1,4,0, | 3,4,0, | 
(10428)	1,2,0, | 1,4,0, | 
(10428)	1,2,0, | 1,4,0, | 
(10428)	1,2,0, | 1,4,0, | 
(14586)	1,5,1, | 3,1,0, | 
(45884)	5,5,2, | 2,3,2, | 
(45835)	5,5,2, | 1,1,1, | 
(45835)	5,5,2, | 1,1,1, | 
(45835)	5,5,2, | 1,1,1, | 
(45835)	5,5,2, | 1,1,1, | 
(45848)	5,5,2, | 1,3,2, | 
(45848)	5,5,2, | 1,3,2, | 
(45835)	5,5,2, | 1,1,1, | 
(46044)	5,5,3, | 1,0,0, | 
(46044)	5,5,3, | 1,0,0, | 
(46044)	5,5,3, | 1,0,0, | 
(46044)	5,5,3, | 1,0,0, | 
(46044)	5,5,3, | 1,0,0, | 
(15084)	1,5,3, | 5,0,0, | 
(7982)	1,0,0, | 5,4,2, | 
(7982)	1,0,0, | 5,4,2, | 
(7982)	1,0,0, | 5,4,2, | 
(7982)	1,0,0, | 5,4,2, | 
(7988)	1,0,0, | 5,5,2, | 
(7988)	1,0,0, | 5,5,2, | 
(9500)	1,1,1, | 5,5,2, | 
(18572)	2,2,1, | 5,5,2, | 
(13387)	1,4,1, | 5,5,1, | 
(10795)	1,2,1, | 5,5,1, | 
(13387)	1,4,1, | 5,5,1, | 
(14899)	1,5,2, | 5,5,1, | 
(16908)	2,1,0, | 1,4,0, | 
(14610)	1,5,1, | 3,5,0, | 
(11731)	1,3,0, | 1,5,1, | 
(22315)	2,5,1, | 1,5,1, | 
(13092)	1,4,0, | 3,4,0, | 
(27391)	3,3,0, | 4,5,1, | 
(11724)	1,3,0, | 1,4,0, | 
(11724)	1,3,0, | 1,4,0, | 
(11724)	1,3,0, | 1,4,0, | 
(14622)	1,5,1, | 4,1,0, | 
(45625)	5,5,1, | 1,2,1, | 
(45625)	5,5,1, | 1,2,1, | 
(45625)	5,5,1, | 1,2,1, | 
(45871)	5,5,2, | 2,1,1, | 
(45835)	5,5,2, | 1,1,1, | 
(45835)	5,5,2, | 1,1,1, | 
(45841)	5,5,2, | 1,2,1, | 
(45828)	5,5,2, | 1,0,0, | 
(46044)	5,5,3, | 1,0,0, | 
(46044)	5,5,3, | 1,0,0, | 
(46044)	5,5,3, | 1,0,0, | 
(46044)	5,5,3, | 1,0,0, | 
(46044)	5,5,3, | 1,0,0, | 
(7989)	1,0,0, | 5,5,3, | 
(7989)	1,0,0, | 5,5,3, | 
(7989)	1,0,0, | 5,5,3, | 
(7989)	1,0,0, | 5,5,3, | 
(7989)	1,0,0, | 5,5,3, | 
(7988)	1,0,0, | 5,5,2, | 
(7988)	1,0,0, | 5,5,2, | 
(9500)	1,1,1, | 5,5,2, | 
(18572)	2,2,1, | 5,5,2, | 
(13387)	1,4,1, | 5,5,1, | 
(10795)	1,2,1, | 5,5,1, | 
(13387)	1,4,1, | 5,5,1, | 
(14899)	1,5,2, | 5,5,1, | 
(16908)	2,1,0, | 1,4,0, | 
(14647)	1,5,1, | 4,5,1, | 
(13062)	1,4,0, | 2,5,0, | 
(13020)	1,4,0, | 1,4,0, | 
(13020)	1,4,0, | 1,4,0, | 
(37680)	4,5,0, | 2,4,0, | 
(13020)	1,4,0, | 1,4,0, | 
(45679)	5,5,1, | 2,5,1, | 
(13020)	1,4,0, | 1,4,0, | 
(13038)	1,4,0, | 2,1,0, | 
(45645)	5,5,1, | 1,5,3, | 
(45637)	5,5,1, | 1,4,1, | 
(45631)	5,5,1, | 1,3,1, | 
(45625)	5,5,1, | 1,2,1, | 
(45841)	5,5,2, | 1,2,1, | 
(45835)	5,5,2, | 1,1,1, | 
(45828)	5,5,2, | 1,0,0, | 
(45828)	5,5,2, | 1,0,0, | 
(46044)	5,5,3, | 1,0,0, | 
(46044)	5,5,3, | 1,0,0, | 
(46044)	5,5,3, | 1,0,0, | 
(46044)	5,5,3, | 1,0,0, | 
(46044)	5,5,3, | 1,0,0, | 
(7989)	1,0,0, | 5,5,3, | 
(7989)	1,0,0, | 5,5,3, | 
(7989)	1,0,0, | 5,5,3, | 
(7989)	1,0,0, | 5,5,3, | 
(7989)	1,0,0, | 5,5,3, | 
(7988)	1,0,0, | 5,5,2, | 
(7988)	1,0,0, | 5,5,2, | 
(9500)	1,1,1, | 5,5,2, | 
(18572)	2,2,1, | 5,5,2, | 
(12091)	1,3,1, | 5,5,1, | 
(10795)	1,2,1, | 5,5,1, | 
(13387)	1,4,1, | 5,5,1, | 
(14899)	1,5,2, | 5,5,1, | 
(16908)	2,1,0, | 1,4,0, | 
(13056)	1,4,0, | 2,4,0, | 
(13099)	1,4,0, | 3,5,1, | 
(13020)	1,4,0, | 1,4,0, | 
(13092)	1,4,0, | 3,4,0, | 
(20838)	2,4,0, | 2,5,0, | 
(13026)	1,4,0, | 1,5,0, | 
(13020)	1,4,0, | 1,4,0, | 
(13020)	1,4,0, | 1,4,0, | 
(13014)	1,4,0, | 1,3,0, | 
(45681)	5,5,1, | 2,5,3, | 
(45619)	5,5,1, | 1,1,1, | 
(45619)	5,5,1, | 1,1,1, | 
(45612)	5,5,1, | 1,0,0, | 
(45848)	5,5,2, | 1,3,2, | 
(45835)	5,5,2, | 1,1,1, | 
(45835)	5,5,2, | 1,1,1, | 
(45962)	5,5,2, | 4,4,2, | 
(46044)	5,5,3, | 1,0,0, | 
(46044)	5,5,3, | 1,0,0, | 
(46044)	5,5,3, | 1,0,0, | 
(46044)	5,5,3, | 1,0,0, | 
(38949)	5,0,0, | 1,5,3, | 
(7989)	1,0,0, | 5,5,3, | 
(7989)	1,0,0, | 5,5,3, | 
(7989)	1,0,0, | 5,5,3, | 
(7989)	1,0,0, | 5,5,3, | 
(7989)	1,0,0, | 5,5,3, | 
(7988)	1,0,0, | 5,5,2, | 
(7988)	1,0,0, | 5,5,2, | 
(9500)	1,1,1, | 5,5,2, | 
(18572)	2,2,1, | 5,5,2, | 
(13387)	1,4,1, | 5,5,1, | 
(10795)	1,2,1, | 5,5,1, | 
(13387)	1,4,1, | 5,5,1, | 
(14899)	1,5,2, | 5,5,1, | 
(16908)	2,1,0, | 1,4,0, | 
(20802)	2,4,0, | 1,5,0, | 
(13027)	1,4,0, | 1,5,1, | 
(13020)	1,4,0, | 1,4,0, | 
(13020)	1,4,0, | 1,4,0, | 
(28680)	3,4,0, | 4,4,0, | 
(13027)	1,4,0, | 1,5,1, | 
(28572)	3,4,0, | 1,4,0, | 
(13020)	1,4,0, | 1,4,0, | 
(12996)	1,4,0, | 1,0,0, | 
(44130)	5,4,0, | 1,5,0, | 
(45612)	5,5,1, | 1,0,0, | 
(45612)	5,5,1, | 1,0,0, | 
(45612)	5,5,1, | 1,0,0, | 
(45884)	5,5,2, | 2,3,2, | 
(45890)	5,5,2, | 2,4,2, | 
(45835)	5,5,2, | 1,1,1, | 
(45828)	5,5,2, | 1,0,0, | 
(45828)	5,5,2, | 1,0,0, | 
(45828)	5,5,2, | 1,0,0, | 
(46044)	5,5,3, | 1,0,0, | 
(46044)	5,5,3, | 1,0,0, | 
(38949)	5,0,0, | 1,5,3, | 
(7953)	1,0,0, | 4,5,3, | 
(7953)	1,0,0, | 4,5,3, | 
(7953)	1,0,0, | 4,5,3, | 
(7953)	1,0,0, | 4,5,3, | 
(7953)	1,0,0, | 4,5,3, | 
(7952)	1,0,0, | 4,5,2, | 
(9464)	1,1,1, | 4,5,2, | 
(7952)	1,0,0, | 4,5,2, | 
(7952)	1,0,0, | 4,5,2, | 
(7951)	1,0,0, | 4,5,1, | 
(7951)	1,0,0, | 4,5,1, | 
(9463)	1,1,1, | 4,5,1, | 
(7951)	1,0,0, | 4,5,1, | 
(11724)	1,3,0, | 1,4,0, | 
(13056)	1,4,0, | 2,4,0, | 
(13098)	1,4,0, | 3,5,0, | 
(13020)	1,4,0, | 1,4,0, | 
(13020)	1,4,0, | 1,4,0, | 
(13020)	1,4,0, | 1,4,0, | 
(13020)	1,4,0, | 1,4,0, | 
(13020)	1,4,0, | 1,4,0, | 
(13026)	1,4,0, | 1,5,0, | 
(12996)	1,4,0, | 1,0,0, | 
(44130)	5,4,0, | 1,5,0, | 
(44130)	5,4,0, | 1,5,0, | 
(44130)	5,4,0, | 1,5,0, | 
(45612)	5,5,1, | 1,0,0, | 
(45828)	5,5,2, | 1,0,0, | 
(45828)	5,5,2, | 1,0,0, | 
(45828)	5,5,2, | 1,0,0, | 
(45900)	5,5,2, | 3,0,0, | 
(46044)	5,5,3, | 1,0,0, | 
(46044)	5,5,3, | 1,0,0, | 
(46044)	5,5,3, | 1,0,0, | 
(46044)	5,5,3, | 1,0,0, | 
(46044)	5,5,3, | 1,0,0, | 
(15084)	1,5,3, | 5,0,0, | 
(15084)	1,5,3, | 5,0,0, | 
(15084)	1,5,3, | 5,0,0, | 
(7969)	1,0,0, | 5,2,1, | 
(7969)	1,0,0, | 5,2,1, | 
(7969)	1,0,0, | 5,2,1, | 
(9481)	1,1,1, | 5,2,1, | 
(9487)	1,1,1, | 5,3,1, | 
(9487)	1,1,1, | 5,3,1, | 
(9499)	1,1,1, | 5,5,1, | 
(9499)	1,1,1, | 5,5,1, | 
(9499)	1,1,1, | 5,5,1, | 
(14460)	1,5,0, | 5,4,0, | 
(11724)	1,3,0, | 1,4,0, | 
(42942)	5,3,0, | 4,5,0, | 
(11760)	1,3,0, | 2,4,0, | 
(11724)	1,3,0, | 1,4,0, | 
(11724)	1,3,0, | 1,4,0, | 
(13092)	1,4,0, | 3,4,0, | 
(10428)	1,2,0, | 1,4,0, | 
(10428)	1,2,0, | 1,4,0, | 
(10428)	1,2,0, | 1,4,0, | 
(14586)	1,5,1, | 3,1,0, | 
(45884)	5,5,2, | 2,3,2, | 
(45835)	5,5,2, | 1,1,1, | 
(45835)	5,5,2, | 1,1,1, | 
(45835)	5,5,2, | 1,1,1, | 
(45835)	5,5,2, | 1,1,1, | 
(45848)	5,5,2, | 1,3,2, | 
(45848)	5,5,2, | 1,3,2, | 
(45835)	5,5,2, | 1,1,1, | 
(46044)	5,5,3, | 1,0,0, | 
(46044)	5,5,3, | 1,0,0, | 
(46044)	5,5,3, | 1,0,0, | 
(46044)	5,5,3, | 1,0,0, | 
(46044)	5,5,3, | 1,0,0, | 
(15084)	1,5,3, | 5,0,0, | 
(7982)	1,0,0, | 5,4,2, | 
(7982)	1,0,0, | 5,4,2, | 
(7982)	1,0,0, | 5,4,2, | 
(7982)	1,0,0, | 5,4,2, | 
(12308)	1,3,2, | 5,5,2, | 
(9500)	1,1,1, | 5,5,2, | 
(9500)	1,1,1, | 5,5,2, | 
(7988)	1,0,0, | 5,5,2, | 
(9499)	1,1,1, | 5,5,1, | 
(9499)	1,1,1, | 5,5,1, | 
(9499)	1,1,1, | 5,5,1, | 
(9499)	1,1,1, | 5,5,1, | 
(11724)	1,3,0, | 1,4,0, | 
(11724)	1,3,0, | 1,4,0, | 
(11724)	1,3,0, | 1,4,0, | 
(11724)	1,3,0, | 1,4,0, | 
(11724)	1,3,0, | 1,4,0, | 
(35058)	4,3,0, | 1,5,0, | 
(11724)	1,3,0, | 1,4,0, | 
(11724)	1,3,0, | 1,4,0, | 
(11724)	1,3,0, | 1,4,0, | 
(14622)	1,5,1, | 4,1,0, | 
(45625)	5,5,1, | 1,2,1, | 
(45709)	5,5,1, | 3,4,1, | 
(45625)	5,5,1, | 1,2,1, | 
(45871)	5,5,2, | 2,1,1, | 
(45835)	5,5,2, | 1,1,1, | 
(45835)	5,5,2, | 1,1,1, | 
(45841)	5,5,2, | 1,2,1, | 
(45828)	5,5,2, | 1,0,0, | 
(46044)	5,5,3, | 1,0,0, | 
(46044)	5,5,3, | 1,0,0, | 
(46044)	5,5,3, | 1,0,0, | 
(46044)	5,5,3, | 1,0,0, | 
(46044)	5,5,3, | 1,0,0, | 
(7989)	1,0,0, | 5,5,3, | 
(7989)	1,0,0, | 5,5,3, | 
(7989)	1,0,0, | 5,5,3, | 
(7989)	1,0,0, | 5,5,3, | 
(7989)	1,0,0, | 5,5,3, | 
(12308)	1,3,2, | 5,5,2, | 
(9500)	1,1,1, | 5,5,2, | 
(9500)	1,1,1, | 5,5,2, | 
(7988)	1,0,0, | 5,5,2, | 
(9499)	1,1,1, | 5,5,1, | 
(9499)	1,1,1, | 5,5,1, | 
(9499)	1,1,1, | 5,5,1, | 
(9499)	1,1,1, | 5,5,1, | 
(11724)	1,3,0, | 1,4,0, | 
(30156)	3,5,1, | 3,4,0, | 
(13020)	1,4,0, | 1,4,0, | 
(13026)	1,4,0, | 1,5,0, | 
(13020)	1,4,0, | 1,4,0, | 
(29904)	3,5,0, | 2,4,0, | 
(13020)	1,4,0, | 1,4,0, | 
(13020)	1,4,0, | 1,4,0, | 
(13062)	1,4,0, | 2,5,0, | 
(13038)	1,4,0, | 2,1,0, | 
(45645)	5,5,1, | 1,5,3, | 
(45637)	5,5,1, | 1,4,1, | 
(45631)	5,5,1, | 1,3,1, | 
(45625)	5,5,1, | 1,2,1, | 
(45841)	5,5,2, | 1,2,1, | 
(45835)	5,5,2, | 1,1,1, | 
(45828)	5,5,2, | 1,0,0, | 
(45828)	5,5,2, | 1,0,0, | 
(46044)	5,5,3, | 1,0,0, | 
(46044)	5,5,3, | 1,0,0, | 
(46044)	5,5,3, | 1,0,0, | 
(46044)	5,5,3, | 1,0,0, | 
(46044)	5,5,3, | 1,0,0, | 
(7989)	1,0,0, | 5,5,3, | 
(7989)	1,0,0, | 5,5,3, | 
(7989)	1,0,0, | 5,5,3, | 
(7989)	1,0,0, | 5,5,3, | 
(7989)	1,0,0, | 5,5,3, | 
(12308)	1,3,2, | 5,5,2, | 
(9500)	1,1,1, | 5,5,2, | 
(9500)	1,1,1, | 5,5,2, | 
(7988)	1,0,0, | 5,5,2, | 
(9499)	1,1,1, | 5,5,1, | 
(9499)	1,1,1, | 5,5,1, | 
(9499)	1,1,1, | 5,5,1, | 
(9499)	1,1,1, | 5,5,1, | 
(11724)	1,3,0, | 1,4,0, | 
(13056)	1,4,0, | 2,4,0, | 
(14322)	1,5,0, | 1,5,0, | 
(13026)	1,4,0, | 1,5,0, | 
(13098)	1,4,0, | 3,5,0, | 
(13056)	1,4,0, | 2,4,0, | 
(13026)	1,4,0, | 1,5,0, | 
(13020)	1,4,0, | 1,4,0, | 
(13026)	1,4,0, | 1,5,0, | 
(13014)	1,4,0, | 1,3,0, | 
(45681)	5,5,1, | 2,5,3, | 
(45619)	5,5,1, | 1,1,1, | 
(45619)	5,5,1, | 1,1,1, | 
(45612)	5,5,1, | 1,0,0, | 
(45848)	5,5,2, | 1,3,2, | 
(45890)	5,5,2, | 2,4,2, | 
(45835)	5,5,2, | 1,1,1, | 
(45962)	5,5,2, | 4,4,2, | 
(46044)	5,5,3, | 1,0,0, | 
(46044)	5,5,3, | 1,0,0, | 
(46044)	5,5,3, | 1,0,0, | 
(46044)	5,5,3, | 1,0,0, | 
(46044)	5,5,3, | 1,0,0, | 
(7989)	1,0,0, | 5,5,3, | 
(7989)	1,0,0, | 5,5,3, | 
(7989)	1,0,0, | 5,5,3, | 
(7989)	1,0,0, | 5,5,3, | 
(7989)	1,0,0, | 5,5,3, | 
(12308)	1,3,2, | 5,5,2, | 
(9500)	1,1,1, | 5,5,2, | 
(9500)	1,1,1, | 5,5,2, | 
(7988)	1,0,0, | 5,5,2, | 
(9499)	1,1,1, | 5,5,1, | 
(9499)	1,1,1, | 5,5,1, | 
(9499)	1,1,1, | 5,5,1, | 
(9499)	1,1,1, | 5,5,1, | 
(11724)	1,3,0, | 1,4,0, | 
(20838)	2,4,0, | 2,5,0, | 
(13056)	1,4,0, | 2,4,0, | 
(13026)	1,4,0, | 1,5,0, | 
(13020)	1,4,0, | 1,4,0, | 
(13128)	1,4,0, | 4,4,0, | 
(13020)	1,4,0, | 1,4,0, | 
(20946)	2,4,0, | 5,5,0, | 
(13020)	1,4,0, | 1,4,0, | 
(12996)	1,4,0, | 1,0,0, | 
(44130)	5,4,0, | 1,5,0, | 
(45612)	5,5,1, | 1,0,0, | 
(45612)	5,5,1, | 1,0,0, | 
(45612)	5,5,1, | 1,0,0, | 
(45884)	5,5,2, | 2,3,2, | 
(45890)	5,5,2, | 2,4,2, | 
(45835)	5,5,2, | 1,1,1, | 
(45828)	5,5,2, | 1,0,0, | 
(45828)	5,5,2, | 1,0,0, | 
(45828)	5,5,2, | 1,0,0, | 
(46044)	5,5,3, | 1,0,0, | 
(46044)	5,5,3, | 1,0,0, | 
(38949)	5,0,0, | 1,5,3, | 
(7953)	1,0,0, | 4,5,3, | 
(7953)	1,0,0, | 4,5,3, | 
(7953)	1,0,0, | 4,5,3, | 
(7953)	1,0,0, | 4,5,3, | 
(7953)	1,0,0, | 4,5,3, | 
(7952)	1,0,0, | 4,5,2, | 
(7952)	1,0,0, | 4,5,2, | 
(20048)	2,3,2, | 4,5,2, | 
(7952)	1,0,0, | 4,5,2, | 
(7951)	1,0,0, | 4,5,1, | 
(7951)	1,0,0, | 4,5,1, | 
(7951)	1,0,0, | 4,5,1, | 
(7951)	1,0,0, | 4,5,1, | 
(7836)	1,0,0, | 1,4,0, | 
(13056)	1,4,0, | 2,4,0, | 
(13098)	1,4,0, | 3,5,0, | 
(13020)	1,4,0, | 1,4,0, | 
(13020)	1,4,0, | 1,4,0, | 
(13020)	1,4,0, | 1,4,0, | 
(13020)	1,4,0, | 1,4,0, | 
(13020)	1,4,0, | 1,4,0, | 
(13026)	1,4,0, | 1,5,0, | 
(12996)	1,4,0, | 1,0,0, | 
(44130)	5,4,0, | 1,5,0, | 
(44130)	5,4,0, | 1,5,0, | 
(45612)	5,5,1, | 1,0,0, | 
(45612)	5,5,1, | 1,0,0, | 
(45828)	5,5,2, | 1,0,0, | 
(45828)	5,5,2, | 1,0,0, | 
(45828)	5,5,2, | 1,0,0, | 
(45900)	5,5,2, | 3,0,0, | 
(46044)	5,5,3, | 1,0,0, | 
(46044)	5,5,3, | 1,0,0, | 
(46044)	5,5,3, | 1,0,0, | 
(46044)	5,5,3, | 1,0,0, | 
(46044)	5,5,3, | 1,0,0, | 
(15084)	1,5,3, | 5,0,0, | 
(15084)	1,5,3, | 5,0,0, | 
(15084)	1,5,3, | 5,0,0, | 
(7969)	1,0,0, | 5,2,1, | 
(7969)	1,0,0, | 5,2,1, | 
(7969)	1,0,0, | 5,2,1, | 
(32809)	4,1,1, | 5,2,1, | 
(7975)	1,0,0, | 5,3,1, | 
(7975)	1,0,0, | 5,3,1, | 
(7987)	1,0,0, | 5,5,1, | 
(7987)	1,0,0, | 5,5,1, | 
(14460)	1,5,0, | 5,4,0, | 
(22236)	2,5,0, | 5,4,0, | 
(7836)	1,0,0, | 1,4,0, | 
(45456)	5,5,0, | 2,4,0, | 
(11760)	1,3,0, | 2,4,0, | 
(11724)	1,3,0, | 1,4,0, | 
(10428)	1,2,0, | 1,4,0, | 
(13092)	1,4,0, | 3,4,0, | 
(10428)	1,2,0, | 1,4,0, | 
(10428)	1,2,0, | 1,4,0, | 
(10428)	1,2,0, | 1,4,0, | 
(14586)	1,5,1, | 3,1,0, | 
(45835)	5,5,2, | 1,1,1, | 
(45835)	5,5,2, | 1,1,1, | 
(45835)	5,5,2, | 1,1,1, | 
(45835)	5,5,2, | 1,1,1, | 
(45835)	5,5,2, | 1,1,1, | 
(45848)	5,5,2, | 1,3,2, | 
(45848)	5,5,2, | 1,3,2, | 
(45835)	5,5,2, | 1,1,1, | 
(46044)	5,5,3, | 1,0,0, | 
(46044)	5,5,3, | 1,0,0, | 
(46044)	5,5,3, | 1,0,0, | 
(46044)	5,5,3, | 1,0,0, | 
(46044)	5,5,3, | 1,0,0, | 
(15084)	1,5,3, | 5,0,0, | 
(7982)	1,0,0, | 5,4,2, | 
(7982)	1,0,0, | 5,4,2, | 
(7982)	1,0,0, | 5,4,2, | 
(7982)	1,0,0, | 5,4,2, | 
(7988)	1,0,0, | 5,5,2, | 
(9500)	1,1,1, | 5,5,2, | 
(20084)	2,3,2, | 5,5,2, | 
(35636)	4,3,2, | 5,5,2, | 
(7987)	1,0,0, | 5,5,1, | 
(10795)	1,2,1, | 5,5,1, | 
(10795)	1,2,1, | 5,5,1, | 
(22236)	2,5,0, | 5,4,0, | 
(7836)	1,0,0, | 1,4,0, | 
(11802)	1,3,0, | 3,5,0, | 
(11724)	1,3,0, | 1,4,0, | 
(11724)	1,3,0, | 1,4,0, | 
(13092)	1,4,0, | 3,4,0, | 
(11724)	1,3,0, | 1,4,0, | 
(45492)	5,5,0, | 3,4,0, | 
(11724)	1,3,0, | 1,4,0, | 
(11724)	1,3,0, | 1,4,0, | 
(14622)	1,5,1, | 4,1,0, | 
(45625)	5,5,1, | 1,2,1, | 
(45709)	5,5,1, | 3,4,1, | 
(45625)	5,5,1, | 1,2,1, | 
(45871)	5,5,2, | 2,1,1, | 
(45835)	5,5,2, | 1,1,1, | 
(45835)	5,5,2, | 1,1,1, | 
(45841)	5,5,2, | 1,2,1, | 
(45828)	5,5,2, | 1,0,0, | 
(46044)	5,5,3, | 1,0,0, | 
(46044)	5,5,3, | 1,0,0, | 
(46044)	5,5,3, | 1,0,0, | 
(46044)	5,5,3, | 1,0,0, | 
(46044)	5,5,3, | 1,0,0, | 
(15084)	1,5,3, | 5,0,0, | 
(7989)	1,0,0, | 5,5,3, | 
(7989)	1,0,0, | 5,5,3, | 
(7989)	1,0,0, | 5,5,3, | 
(7989)	1,0,0, | 5,5,3, | 
(7988)	1,0,0, | 5,5,2, | 
(9500)	1,1,1, | 5,5,2, | 
(20084)	2,3,2, | 5,5,2, | 
(35636)	4,3,2, | 5,5,2, | 
(7987)	1,0,0, | 5,5,1, | 
(7987)	1,0,0, | 5,5,1, | 
(10795)	1,2,1, | 5,5,1, | 
(22236)	2,5,0, | 5,4,0, | 
(7836)	1,0,0, | 1,4,0, | 
(37686)	4,5,0, | 2,5,0, | 
(13020)	1,4,0, | 1,4,0, | 
(13020)	1,4,0, | 1,4,0, | 
(13020)	1,4,0, | 1,4,0, | 
(45456)	5,5,0, | 2,4,0, | 
(45456)	5,5,0, | 2,4,0, | 
(13020)	1,4,0, | 1,4,0, | 
(13092)	1,4,0, | 3,4,0, | 
(13038)	1,4,0, | 2,1,0, | 
(45645)	5,5,1, | 1,5,3, | 
(45637)	5,5,1, | 1,4,1, | 
(45631)	5,5,1, | 1,3,1, | 
(45625)	5,5,1, | 1,2,1, | 
(45841)	5,5,2, | 1,2,1, | 
(45835)	5,5,2, | 1,1,1, | 
(45828)	5,5,2, | 1,0,0, | 
(45828)	5,5,2, | 1,0,0, | 
(46044)	5,5,3, | 1,0,0, | 
(46044)	5,5,3, | 1,0,0, | 
(46044)	5,5,3, | 1,0,0, | 
(46044)	5,5,3, | 1,0,0, | 
(46044)	5,5,3, | 1,0,0, | 
(7989)	1,0,0, | 5,5,3, | 
(7989)	1,0,0, | 5,5,3, | 
(7989)	1,0,0, | 5,5,3, | 
(7989)	1,0,0, | 5,5,3, | 
(7989)	1,0,0, | 5,5,3, | 
(7988)	1,0,0, | 5,5,2, | 
(9500)	1,1,1, | 5,5,2, | 
(20084)	2,3,2, | 5,5,2, | 
(35636)	4,3,2, | 5,5,2, | 
(7987)	1,0,0, | 5,5,1, | 
(10795)	1,2,1, | 5,5,1, | 
(10795)	1,2,1, | 5,5,1, | 
(22236)	2,5,0, | 5,4,0, | 
(7836)	1,0,0, | 1,4,0, | 
(13056)	1,4,0, | 2,4,0, | 
(14322)	1,5,0, | 1,5,0, | 
(13020)	1,4,0, | 1,4,0, | 
(13092)	1,4,0, | 3,4,0, | 
(20838)	2,4,0, | 2,5,0, | 
(45420)	5,5,0, | 1,4,0, | 
(13020)	1,4,0, | 1,4,0, | 
(13098)	1,4,0, | 3,5,0, | 
(13014)	1,4,0, | 1,3,0, | 
(45619)	5,5,1, | 1,1,1, | 
(45619)	5,5,1, | 1,1,1, | 
(45619)	5,5,1, | 1,1,1, | 
(45612)	5,5,1, | 1,0,0, | 
(45848)	5,5,2, | 1,3,2, | 
(45835)	5,5,2, | 1,1,1, | 
(45835)	5,5,2, | 1,1,1, | 
(45835)	5,5,2, | 1,1,1, | 
(46044)	5,5,3, | 1,0,0, | 
(46044)	5,5,3, | 1,0,0, | 
(46044)	5,5,3, | 1,0,0, | 
(46044)	5,5,3, | 1,0,0, | 
(46044)	5,5,3, | 1,0,0, | 
(7989)	1,0,0, | 5,5,3, | 
(7989)	1,0,0, | 5,5,3, | 
(7989)	1,0,0, | 5,5,3, | 
(7989)	1,0,0, | 5,5,3, | 
(7989)	1,0,0, | 5,5,3, | 
(7988)	1,0,0, | 5,5,2, | 
(9500)	1,1,1, | 5,5,2, | 
(20084)	2,3,2, | 5,5,2, | 
(35636)	4,3,2, | 5,5,2, | 
(7987)	1,0,0, | 5,5,1, | 
(10795)	1,2,1, | 5,5,1, | 
(10795)	1,2,1, | 5,5,1, | 
(22236)	2,5,0, | 5,4,0, | 
(7836)	1,0,0, | 1,4,0, | 
(13164)	1,4,0, | 5,4,0, | 
(13056)	1,4,0, | 2,4,0, | 
(13020)	1,4,0, | 1,4,0, | 
(13020)	1,4,0, | 1,4,0, | 
(28680)	3,4,0, | 4,4,0, | 
(45492)	5,5,0, | 3,4,0, | 
(13170)	1,4,0, | 5,5,0, | 
(13020)	1,4,0, | 1,4,0, | 
(12996)	1,4,0, | 1,0,0, | 
(44130)	5,4,0, | 1,5,0, | 
(45612)	5,5,1, | 1,0,0, | 
(45612)	5,5,1, | 1,0,0, | 
(45612)	5,5,1, | 1,0,0, | 
(45884)	5,5,2, | 2,3,2, | 
(45890)	5,5,2, | 2,4,2, | 
(45835)	5,5,2, | 1,1,1, | 
(45828)	5,5,2, | 1,0,0, | 
