(37)	0,0,0, | 1,0,1, | 
(0)	0,0,0, | 0,0,0, | 
(0)	0,0,0, | 0,0,0, | 
(0)	0,0,0, | 0,0,0, | 
(0)	0,0,0, | 0,0,0, | 
(0)	0,0,0, | 0,0,0, | 
(0)	0,0,0, | 0,0,0, | 
(0)	0,0,0, | 0,0,0, | 
(0)	0,0,0, | 0,0,0, | 
(216)	0,0,1, | 0,0,0, | 
(7776)	1,0,0, | 0,0,0, | 
(7776)	1,0,0, | 0,0,0, | 
(7776)	1,0,0, | 0,0,0, | 
(7776)	1,0,0, | 0,0,0, | 
(7776)	1,0,0, | 0,0,0, | 
(0)	0,0,0, | 0,0,0, | 
(7776)	1,0,0, | 0,0,0, | 
(0)	0,0,0, | 0,0,0, | 
(0)	0,0,0, | 0,0,0, | 
(7776)	1,0,0, | 0,0,0, | 
(7776)	1,0,0, | 0,0,0, | 
(36)	0,0,0, | 1,0,0, | 
(36)	0,0,0, | 1,0,0, | 
(36)	0,0,0, | 1,0,0, | 
(36)	0,0,0, | 1,0,0, | 
(36)	0,0,0, | 1,0,0, | 
(36)	0,0,0, | 1,0,0, | 
(0)	0,0,0, | 0,0,0, | 
(0)	0,0,0, | 0,0,0, | 
(36)	0,0,0, | 1,0,0, | 
(36)	0,0,0, | 1,0,0, | 
(0)	0,0,0, | 0,0,0, | 
(0)	0,0,0, | 0,0,0, | 
(0)	0,0,0, | 0,0,0, | 
(36)	0,0,0, | 1,0,0, | 
(0)	0,0,0, | 0,0,0, | 
(37)	0,0,0, | 1,0,1, | 
(49)	0,0,0, | 1,2,1, | 
(49)	0,0,0, | 1,2,1, | 
(49)	0,0,0, | 1,2,1, | 
(49)	0,0,0, | 1,2,1, | 
(49)	0,0,0, | 1,2,1, | 
(49)	0,0,0, | 1,2,1, | 
(49)	0,0,0, | 1,2,1, | 
(49)	0,0,0, | 1,2,1, | 
(49)	0,0,0, | 1,2,1, | 
(49)	0,0,0, | 1,2,1, | 
(49)	0,0,0, | 1,2,1, | 
(49)	0,0,0, | 1,2,1, | 
(49)	0,0,0, | 1,2,1, | 
(49)	0,0,0, | 1,2,1, | 
(49)	0,0,0, | 1,2,1, | 
(49)	0,0,0, | 1,2,1, | 
(49)	0,0,0, | 1,2,1, | 
(36)	0,0,0, | 1,0,0, | 
(7789)	1,0,0, | 0,2,1, | 
(7789)	1,0,0, | 0,2,1, | 
(7789)	1,0,0, | 0,2,1, | 
(7789)	1,0,0, | 0,2,1, | 
(7789)	1,0,0, | 0,2,1, | 
(7789)	1,0,0, | 0,2,1, | 
(7789)	1,0,0, | 0,2,1, | 
(7789)	1,0,0, | 0,2,1, | 
(7789)	1,0,0, | 0,2,1, | 
(7789)	1,0,0, | 0,2,1, | 
(7789)	1,0,0, | 0,2,1, | 
(7789)	1,0,0, | 0,2,1, | 
(7789)	1,0,0, | 0,2,1, | 
(7789)	1,0,0, | 0,2,1, | 
(7789)	1,0,0, | 0,2,1, | 
(7789)	1,0,0, | 0,2,1, | 
(7789)	1,0,0, | 0,2,1, | 
(56)	0,0,0, | 1,3,2, | 
(62)	0,0,0, | 1,4,2, | 
(62)	0,0,0, | 1,4,2, | 
(62)	0,0,0, | 1,4,2, | 
(62)	0,0,0, | 1,4,2, | 
(62)	0,0,0, | 1,4,2, | 
(62)	0,0,0, | 1,4,2, | 
(62)	0,0,0, | 1,4,2, | 
(62)	0,0,0, | 1,4,2, | 
(62)	0,0,0, | 1,4,2, | 
(62)	0,0,0, | 1,4,2, | 
(62)	0,0,0, | 1,4,2, | 
(62)	0,0,0, | 1,4,2, | 
(62)	0,0,0, | 1,4,2, | 
(62)	0,0,0, | 1,4,2, | 
(62)	0,0,0, | 1,4,2, | 
(62)	0,0,0, | 1,4,2, | 
(62)	0,0,0, | 1,4,2, | 
(49)	0,0,0, | 1,2,1, | 
(7802)	1,0,0, | 0,4,2, | 
(7802)	1,0,0, | 0,4,2, | 
(7802)	1,0,0, | 0,4,2, | 
(7802)	1,0,0, | 0,4,2, | 
(7802)	1,0,0, | 0,4,2, | 
(7802)	1,0,0, | 0,4,2, | 
(7802)	1,0,0, | 0,4,2, | 
(7802)	1,0,0, | 0,4,2, | 
(7802)	1,0,0, | 0,4,2, | 
(7802)	1,0,0, | 0,4,2, | 
(7802)	1,0,0, | 0,4,2, | 
(7802)	1,0,0, | 0,4,2, | 
(7802)	1,0,0, | 0,4,2, | 
(7802)	1,0,0, | 0,4,2, | 
(7802)	1,0,0, | 0,4,2, | 
(7802)	1,0,0, | 0,4,2, | 
(7802)	1,0,0, | 0,4,2, | 
(63)	0,0,0, | 1,4,3, | 
(69)	0,0,0, | 1,5,3, | 
(69)	0,0,0, | 1,5,3, | 
(69)	0,0,0, | 1,5,3, | 
(69)	0,0,0, | 1,5,3, | 
(69)	0,0,0, | 1,5,3, | 
(69)	0,0,0, | 1,5,3, | 
(69)	0,0,0, | 1,5,3, | 
(69)	0,0,0, | 1,5,3, | 
(69)	0,0,0, | 1,5,3, | 
(69)	0,0,0, | 1,5,3, | 
(69)	0,0,0, | 1,5,3, | 
(69)	0,0,0, | 1,5,3, | 
(69)	0,0,0, | 1,5,3, | 
(69)	0,0,0, | 1,5,3, | 
(69)	0,0,0, | 1,5,3, | 
(69)	0,0,0, | 1,5,3, | 
(69)	0,0,0, | 1,5,3, | 
(56)	0,0,0, | 1,3,2, | 
(7809)	1,0,0, | 0,5,3, | 
(7809)	1,0,0, | 0,5,3, | 
(7809)	1,0,0, | 0,5,3, | 
(7809)	1,0,0, | 0,5,3, | 
(7809)	1,0,0, | 0,5,3, | 
(7809)	1,0,0, | 0,5,3, | 
(7809)	1,0,0, | 0,5,3, | 
(7809)	1,0,0, | 0,5,3, | 
(7809)	1,0,0, | 0,5,3, | 
(7809)	1,0,0, | 0,5,3, | 
(7809)	1,0,0, | 0,5,3, | 
(7809)	1,0,0, | 0,5,3, | 
(7809)	1,0,0, | 0,5,3, | 
(7809)	1,0,0, | 0,5,3, | 
(7809)	1,0,0, | 0,5,3, | 
(7809)	1,0,0, | 0,5,3, | 
(7809)	1,0,0, | 0,5,3, | 
(63)	0,0,0, | 1,4,3, | 
(69)	0,0,0, | 1,5,3, | 
(69)	0,0,0, | 1,5,3, | 
(69)	0,0,0, | 1,5,3, | 
(69)	0,0,0, | 1,5,3, | 
(69)	0,0,0, | 1,5,3, | 
(69)	0,0,0, | 1,5,3, | 
(69)	0,0,0, | 1,5,3, | 
(69)	0,0,0, | 1,5,3, | 
(69)	0,0,0, | 1,5,3, | 
(69)	0,0,0, | 1,5,3, | 
(69)	0,0,0, | 1,5,3, | 
(69)	0,0,0, | 1,5,3, | 
(69)	0,0,0, | 1,5,3, | 
(69)	0,0,0, | 1,5,3, | 
(69)	0,0,0, | 1,5,3, | 
(69)	0,0,0, | 1,5,3, | 
(69)	0,0,0, | 1,5,3, | 
(56)	0,0,0, | 1,3,2, | 
(7809)	1,0,0, | 0,5,3, | 
(7809)	1,0,0, | 0,5,3, | 
(7809)	1,0,0, | 0,5,3, | 
(7809)	1,0,0, | 0,5,3, | 
(7809)	1,0,0, | 0,5,3, | 
(7809)	1,0,0, | 0,5,3, | 
(7809)	1,0,0, | 0,5,3, | 
(7809)	1,0,0, | 0,5,3, | 
(7809)	1,0,0, | 0,5,3, | 
(7809)	1,0,0, | 0,5,3, | 
(7809)	1,0,0, | 0,5,3, | 
(7809)	1,0,0, | 0,5,3, | 
(7809)	1,0,0, | 0,5,3, | 
(7809)	1,0,0, | 0,5,3, | 
(7809)	1,0,0, | 0,5,3, | 
(7809)	1,0,0, | 0,5,3, | 
(7809)	1,0,0, | 0,5,3, | 
(62)	0,0,0, | 1,4,2, | 
(69)	0,0,0, | 1,5,3, | 
(69)	0,0,0, | 1,5,3, | 
(69)	0,0,0, | 1,5,3, | 
(69)	0,0,0, | 1,5,3, | 
(69)	0,0,0, | 1,5,3, | 
(69)	0,0,0, | 1,5,3, | 
(69)	0,0,0, | 1,5,3, | 
(69)	0,0,0, | 1,5,3, | 
(69)	0,0,0, | 1,5,3, | 
(69)	0,0,0, | 1,5,3, | 
(69)	0,0,0, | 1,5,3, | 
(69)	0,0,0, | 1,5,3, | 
(69)	0,0,0, | 1,5,3, | 
(69)	0,0,0, | 1,5,3, | 
(69)	0,0,0, | 1,5,3, | 
(69)	0,0,0, | 1,5,3, | 
(69)	0,0,0, | 1,5,3, | 
(62)	0,0,0, | 1,4,2, | 
(7809)	1,0,0, | 0,5,3, | 
(7809)	1,0,0, | 0,5,3, | 
(7809)	1,0,0, | 0,5,3, | 
(7809)	1,0,0, | 0,5,3, | 
(7809)	1,0,0, | 0,5,3, | 
(7809)	1,0,0, | 0,5,3, | 
(7809)	1,0,0, | 0,5,3, | 
(7809)	1,0,0, | 0,5,3, | 
(7809)	1,0,0, | 0,5,3, | 
(7809)	1,0,0, | 0,5,3, | 
(7809)	1,0,0, | 0,5,3, | 
(7809)	1,0,0, | 0,5,3, | 
(7809)	1,0,0, | 0,5,3, | 
(7809)	1,0,0, | 0,5,3, | 
(7809)	1,0,0, | 0,5,3, | 
(7809)	1,0,0, | 0,5,3, | 
(7809)	1,0,0, | 0,5,3, | 
(10584)	1,2,1, | 0,0,0, | 
(10584)	1,2,1, | 0,0,0, | 
(10585)	1,2,1, | 0,0,1, | 
(10585)	1,2,1, | 0,0,1, | 
(10585)	1,2,1, | 0,0,1, | 
(10585)	1,2,1, | 0,0,1, | 
(10584)	1,2,1, | 0,0,0, | 
(10584)	1,2,1, | 0,0,0, | 
(10585)	1,2,1, | 0,0,1, | 
(18361)	2,2,1, | 0,0,1, | 
(2844)	0,2,1, | 1,0,0, | 
(2844)	0,2,1, | 1,0,0, | 
(2844)	0,2,1, | 1,0,0, | 
(2844)	0,2,1, | 1,0,0, | 
(2844)	0,2,1, | 1,0,0, | 
(2844)	0,2,1, | 1,0,0, | 
(2844)	0,2,1, | 1,0,0, | 
(2844)	0,2,1, | 1,0,0, | 
(2844)	0,2,1, | 1,0,0, | 
(2844)	0,2,1, | 1,0,0, | 
(2844)	0,2,1, | 1,0,0, | 
(2844)	0,2,1, | 1,0,0, | 
(2844)	0,2,1, | 1,0,0, | 
(2844)	0,2,1, | 1,0,0, | 
(2844)	0,2,1, | 1,0,0, | 
(2844)	0,2,1, | 1,0,0, | 
(2844)	0,2,1, | 1,0,0, | 
(7776)	1,0,0, | 0,0,0, | 
(10584)	1,2,1, | 0,0,0, | 
(10584)	1,2,1, | 0,0,0, | 
(10584)	1,2,1, | 0,0,0, | 
(10584)	1,2,1, | 0,0,0, | 
(10584)	1,2,1, | 0,0,0, | 
(10584)	1,2,1, | 0,0,0, | 
(10584)	1,2,1, | 0,0,0, | 
(10584)	1,2,1, | 0,0,0, | 
(10620)	1,2,1, | 1,0,0, | 
(10620)	1,2,1, | 1,0,0, | 
(7789)	1,0,0, | 0,2,1, | 
(7789)	1,0,0, | 0,2,1, | 
(7789)	1,0,0, | 0,2,1, | 
(2844)	0,2,1, | 1,0,0, | 
(2844)	0,2,1, | 1,0,0, | 
(2844)	0,2,1, | 1,0,0, | 
(7825)	1,0,0, | 1,2,1, | 
(7825)	1,0,0, | 1,2,1, | 
(7825)	1,0,0, | 1,2,1, | 
(7825)	1,0,0, | 1,2,1, | 
(7825)	1,0,0, | 1,2,1, | 
(7825)	1,0,0, | 1,2,1, | 
(7825)	1,0,0, | 1,2,1, | 
(7825)	1,0,0, | 1,2,1, | 
(55)	0,0,0, | 1,3,1, | 
(55)	0,0,0, | 1,3,1, | 
(55)	0,0,0, | 1,3,1, | 
(9127)	1,1,0, | 1,3,1, | 
(9127)	1,1,0, | 1,3,1, | 
(9114)	1,1,0, | 1,1,0, | 
(9114)	1,1,0, | 1,1,0, | 
(9127)	1,1,0, | 1,3,1, | 
(9114)	1,1,0, | 1,1,0, | 
(9114)	1,1,0, | 1,1,0, | 
(9127)	1,1,0, | 1,3,1, | 
(11880)	1,3,1, | 0,0,0, | 
(11880)	1,3,1, | 0,0,0, | 
(11880)	1,3,1, | 0,0,0, | 
(10620)	1,2,1, | 1,0,0, | 
(10620)	1,2,1, | 1,0,0, | 
(10620)	1,2,1, | 1,0,0, | 
(10620)	1,2,1, | 1,0,0, | 
(10620)	1,2,1, | 1,0,0, | 
(10620)	1,2,1, | 1,0,0, | 
(8018)	1,0,1, | 0,4,2, | 
(7802)	1,0,0, | 0,4,2, | 
(7802)	1,0,0, | 0,4,2, | 
(7802)	1,0,0, | 0,4,2, | 
(7802)	1,0,0, | 0,4,2, | 
(7802)	1,0,0, | 0,4,2, | 
(68)	0,0,0, | 1,5,2, | 
(68)	0,0,0, | 1,5,2, | 
(68)	0,0,0, | 1,5,2, | 
(68)	0,0,0, | 1,5,2, | 
(68)	0,0,0, | 1,5,2, | 
(68)	0,0,0, | 1,5,2, | 
(68)	0,0,0, | 1,5,2, | 
(68)	0,0,0, | 1,5,2, | 
(68)	0,0,0, | 1,5,2, | 
(68)	0,0,0, | 1,5,2, | 
(68)	0,0,0, | 1,5,2, | 
(68)	0,0,0, | 1,5,2, | 
(7831)	1,0,0, | 1,3,1, | 
(9127)	1,1,0, | 1,3,1, | 
(9140)	1,1,0, | 1,5,2, | 
(9127)	1,1,0, | 1,3,1, | 
(9127)	1,1,0, | 1,3,1, | 
(9140)	1,1,0, | 1,5,2, | 
(9140)	1,1,0, | 1,5,2, | 
(9140)	1,1,0, | 1,5,2, | 
(9127)	1,1,0, | 1,3,1, | 
(9098)	1,1,0, | 0,4,2, | 
(9098)	1,1,0, | 0,4,2, | 
(9098)	1,1,0, | 0,4,2, | 
(9098)	1,1,0, | 0,4,2, | 
(9098)	1,1,0, | 0,4,2, | 
(9098)	1,1,0, | 0,4,2, | 
(9098)	1,1,0, | 0,4,2, | 
(7802)	1,0,0, | 0,4,2, | 
(7802)	1,0,0, | 0,4,2, | 
(8025)	1,0,1, | 0,5,3, | 
(7809)	1,0,0, | 0,5,3, | 
(7809)	1,0,0, | 0,5,3, | 
(7809)	1,0,0, | 0,5,3, | 
(7809)	1,0,0, | 0,5,3, | 
(7809)	1,0,0, | 0,5,3, | 
(68)	0,0,0, | 1,5,2, | 
(68)	0,0,0, | 1,5,2, | 
(68)	0,0,0, | 1,5,2, | 
(68)	0,0,0, | 1,5,2, | 
(68)	0,0,0, | 1,5,2, | 
(68)	0,0,0, | 1,5,2, | 
(68)	0,0,0, | 1,5,2, | 
(68)	0,0,0, | 1,5,2, | 
(68)	0,0,0, | 1,5,2, | 
(68)	0,0,0, | 1,5,2, | 
(68)	0,0,0, | 1,5,2, | 
(68)	0,0,0, | 1,5,2, | 
(7844)	1,0,0, | 1,5,2, | 
(9140)	1,1,0, | 1,5,2, | 
(9140)	1,1,0, | 1,5,2, | 
(9140)	1,1,0, | 1,5,2, | 
(9140)	1,1,0, | 1,5,2, | 
(9140)	1,1,0, | 1,5,2, | 
(9140)	1,1,0, | 1,5,2, | 
(9140)	1,1,0, | 1,5,2, | 
(9140)	1,1,0, | 1,5,2, | 
(9140)	1,1,0, | 1,5,2, | 
(9104)	1,1,0, | 0,5,2, | 
(9104)	1,1,0, | 0,5,2, | 
(9104)	1,1,0, | 0,5,2, | 
(9104)	1,1,0, | 0,5,2, | 
(9104)	1,1,0, | 0,5,2, | 
(9104)	1,1,0, | 0,5,2, | 
(7809)	1,0,0, | 0,5,3, | 
(7809)	1,0,0, | 0,5,3, | 
(8025)	1,0,1, | 0,5,3, | 
(7809)	1,0,0, | 0,5,3, | 
(7809)	1,0,0, | 0,5,3, | 
(7809)	1,0,0, | 0,5,3, | 
(7809)	1,0,0, | 0,5,3, | 
(7809)	1,0,0, | 0,5,3, | 
(68)	0,0,0, | 1,5,2, | 
(68)	0,0,0, | 1,5,2, | 
(68)	0,0,0, | 1,5,2, | 
(68)	0,0,0, | 1,5,2, | 
(68)	0,0,0, | 1,5,2, | 
(68)	0,0,0, | 1,5,2, | 
(68)	0,0,0, | 1,5,2, | 
(68)	0,0,0, | 1,5,2, | 
(68)	0,0,0, | 1,5,2, | 
(68)	0,0,0, | 1,5,2, | 
(68)	0,0,0, | 1,5,2, | 
(68)	0,0,0, | 1,5,2, | 
(7844)	1,0,0, | 1,5,2, | 
(9140)	1,1,0, | 1,5,2, | 
(9140)	1,1,0, | 1,5,2, | 
(9140)	1,1,0, | 1,5,2, | 
(9140)	1,1,0, | 1,5,2, | 
(9140)	1,1,0, | 1,5,2, | 
(9140)	1,1,0, | 1,5,2, | 
(9140)	1,1,0, | 1,5,2, | 
(9140)	1,1,0, | 1,5,2, | 
(9104)	1,1,0, | 0,5,2, | 
(9104)	1,1,0, | 0,5,2, | 
(9104)	1,1,0, | 0,5,2, | 
(9104)	1,1,0, | 0,5,2, | 
(9104)	1,1,0, | 0,5,2, | 
(9104)	1,1,0, | 0,5,2, | 
(9104)	1,1,0, | 0,5,2, | 
(7809)	1,0,0, | 0,5,3, | 
(7809)	1,0,0, | 0,5,3, | 
(8025)	1,0,1, | 0,5,3, | 
(7809)	1,0,0, | 0,5,3, | 
(7809)	1,0,0, | 0,5,3, | 
(7809)	1,0,0, | 0,5,3, | 
(7809)	1,0,0, | 0,5,3, | 
(7809)	1,0,0, | 0,5,3, | 
(68)	0,0,0, | 1,5,2, | 
(68)	0,0,0, | 1,5,2, | 
(68)	0,0,0, | 1,5,2, | 
(68)	0,0,0, | 1,5,2, | 
(68)	0,0,0, | 1,5,2, | 
(68)	0,0,0, | 1,5,2, | 
(68)	0,0,0, | 1,5,2, | 
(68)	0,0,0, | 1,5,2, | 
(68)	0,0,0, | 1,5,2, | 
(68)	0,0,0, | 1,5,2, | 
(68)	0,0,0, | 1,5,2, | 
(68)	0,0,0, | 1,5,2, | 
(7844)	1,0,0, | 1,5,2, | 
(9140)	1,1,0, | 1,5,2, | 
(9140)	1,1,0, | 1,5,2, | 
(9140)	1,1,0, | 1,5,2, | 
(9140)	1,1,0, | 1,5,2, | 
(9140)	1,1,0, | 1,5,2, | 
(9140)	1,1,0, | 1,5,2, | 
(9140)	1,1,0, | 1,5,2, | 
(9140)	1,1,0, | 1,5,2, | 
(9104)	1,1,0, | 0,5,2, | 
(9104)	1,1,0, | 0,5,2, | 
(9104)	1,1,0, | 0,5,2, | 
(9104)	1,1,0, | 0,5,2, | 
(9104)	1,1,0, | 0,5,2, | 
(9104)	1,1,0, | 0,5,2, | 
(9104)	1,1,0, | 0,5,2, | 
(7809)	1,0,0, | 0,5,3, | 
(7809)	1,0,0, | 0,5,3, | 
(13392)	1,4,2, | 0,0,0, | 
(13392)	1,4,2, | 0,0,0, | 
(13392)	1,4,2, | 0,0,0, | 
(13393)	1,4,2, | 0,0,1, | 
(13393)	1,4,2, | 0,0,1, | 
(13393)	1,4,2, | 0,0,1, | 
(13392)	1,4,2, | 0,0,0, | 
(13392)	1,4,2, | 0,0,0, | 
(13393)	1,4,2, | 0,0,1, | 
(18361)	2,2,1, | 0,0,1, | 
(5652)	0,4,2, | 1,0,0, | 
(5652)	0,4,2, | 1,0,0, | 
(5652)	0,4,2, | 1,0,0, | 
(5652)	0,4,2, | 1,0,0, | 
(5652)	0,4,2, | 1,0,0, | 
(5652)	0,4,2, | 1,0,0, | 
(5652)	0,4,2, | 1,0,0, | 
(5652)	0,4,2, | 1,0,0, | 
(5652)	0,4,2, | 1,0,0, | 
(5652)	0,4,2, | 1,0,0, | 
(5652)	0,4,2, | 1,0,0, | 
(5652)	0,4,2, | 1,0,0, | 
(5652)	0,4,2, | 1,0,0, | 
(5652)	0,4,2, | 1,0,0, | 
(5652)	0,4,2, | 1,0,0, | 
(5652)	0,4,2, | 1,0,0, | 
(5652)	0,4,2, | 1,0,0, | 
(10584)	1,2,1, | 0,0,0, | 
(13392)	1,4,2, | 0,0,0, | 
(13392)	1,4,2, | 0,0,0, | 
(13392)	1,4,2, | 0,0,0, | 
(13392)	1,4,2, | 0,0,0, | 
(13392)	1,4,2, | 0,0,0, | 
(13392)	1,4,2, | 0,0,0, | 
(13392)	1,4,2, | 0,0,0, | 
(13392)	1,4,2, | 0,0,0, | 
(14688)	1,5,2, | 0,0,0, | 
(14688)	1,5,2, | 0,0,0, | 
(14689)	1,5,2, | 0,0,1, | 
(14689)	1,5,2, | 0,0,1, | 
(5652)	0,4,2, | 1,0,0, | 
(5652)	0,4,2, | 1,0,0, | 
(5652)	0,4,2, | 1,0,0, | 
(5652)	0,4,2, | 1,0,0, | 
(5652)	0,4,2, | 1,0,0, | 
(5652)	0,4,2, | 1,0,0, | 
(5652)	0,4,2, | 1,0,0, | 
(5652)	0,4,2, | 1,0,0, | 
(5658)	0,4,2, | 1,1,0, | 
(5658)	0,4,2, | 1,1,0, | 
(5658)	0,4,2, | 1,1,0, | 
(5658)	0,4,2, | 1,1,0, | 
(5658)	0,4,2, | 1,1,0, | 
(5658)	0,4,2, | 1,1,0, | 
(5658)	0,4,2, | 1,1,0, | 
(11922)	1,3,1, | 1,1,0, | 
(11922)	1,3,1, | 1,1,0, | 
(14730)	1,5,2, | 1,1,0, | 
(11922)	1,3,1, | 1,1,0, | 
(11922)	1,3,1, | 1,1,0, | 
(14730)	1,5,2, | 1,1,0, | 
(11922)	1,3,1, | 1,1,0, | 
(11922)	1,3,1, | 1,1,0, | 
(11916)	1,3,1, | 1,0,0, | 
(14688)	1,5,2, | 0,0,0, | 
(14688)	1,5,2, | 0,0,0, | 
(14688)	1,5,2, | 0,0,0, | 
(14688)	1,5,2, | 0,0,0, | 
(14688)	1,5,2, | 0,0,0, | 
(14688)	1,5,2, | 0,0,0, | 
(14688)	1,5,2, | 0,0,0, | 
(14688)	1,5,2, | 0,0,0, | 
(14724)	1,5,2, | 1,0,0, | 
(14724)	1,5,2, | 1,0,0, | 
(14724)	1,5,2, | 1,0,0, | 
(14724)	1,5,2, | 1,0,0, | 
(14724)	1,5,2, | 1,0,0, | 
(7844)	1,0,0, | 1,5,2, | 
(7844)	1,0,0, | 1,5,2, | 
(7844)	1,0,0, | 1,5,2, | 
(7844)	1,0,0, | 1,5,2, | 
(7844)	1,0,0, | 1,5,2, | 
(7844)	1,0,0, | 1,5,2, | 
(7844)	1,0,0, | 1,5,2, | 
(7844)	1,0,0, | 1,5,2, | 
(7844)	1,0,0, | 1,5,2, | 
(7844)	1,0,0, | 1,5,2, | 
(7844)	1,0,0, | 1,5,2, | 
(7844)	1,0,0, | 1,5,2, | 
(9133)	1,1,0, | 1,4,1, | 
(9133)	1,1,0, | 1,4,1, | 
(9133)	1,1,0, | 1,4,1, | 
(9133)	1,1,0, | 1,4,1, | 
(9133)	1,1,0, | 1,4,1, | 
(9133)	1,1,0, | 1,4,1, | 
(13218)	1,4,1, | 1,1,0, | 
(13218)	1,4,1, | 1,1,0, | 
(13218)	1,4,1, | 1,1,0, | 
(13218)	1,4,1, | 1,1,0, | 
(13218)	1,4,1, | 1,1,0, | 
(13218)	1,4,1, | 1,1,0, | 
(14724)	1,5,2, | 1,0,0, | 
(14724)	1,5,2, | 1,0,0, | 
(14724)	1,5,2, | 1,0,0, | 
(14724)	1,5,2, | 1,0,0, | 
(14724)	1,5,2, | 1,0,0, | 
(14724)	1,5,2, | 1,0,0, | 
(14724)	1,5,2, | 1,0,0, | 
(9104)	1,1,0, | 0,5,2, | 
(9104)	1,1,0, | 0,5,2, | 
(9104)	1,1,0, | 0,5,2, | 
(7844)	1,0,0, | 1,5,2, | 
(7844)	1,0,0, | 1,5,2, | 
(7844)	1,0,0, | 1,5,2, | 
(7844)	1,0,0, | 1,5,2, | 
(7844)	1,0,0, | 1,5,2, | 
(7844)	1,0,0, | 1,5,2, | 
(7844)	1,0,0, | 1,5,2, | 
(7844)	1,0,0, | 1,5,2, | 
(7844)	1,0,0, | 1,5,2, | 
(7844)	1,0,0, | 1,5,2, | 
(7844)	1,0,0, | 1,5,2, | 
(7844)	1,0,0, | 1,5,2, | 
(7844)	1,0,0, | 1,5,2, | 
(7844)	1,0,0, | 1,5,2, | 
(7844)	1,0,0, | 1,5,2, | 
(7844)	1,0,0, | 1,5,2, | 
(11948)	1,3,1, | 1,5,2, | 
(13218)	1,4,1, | 1,1,0, | 
(13218)	1,4,1, | 1,1,0, | 
(13218)	1,4,1, | 1,1,0, | 
(13218)	1,4,1, | 1,1,0, | 
(13218)	1,4,1, | 1,1,0, | 
(13218)	1,4,1, | 1,1,0, | 
(13218)	1,4,1, | 1,1,0, | 
(13218)	1,4,1, | 1,1,0, | 
(13218)	1,4,1, | 1,1,0, | 
(13218)	1,4,1, | 1,1,0, | 
(13218)	1,4,1, | 1,1,0, | 
(13218)	1,4,1, | 1,1,0, | 
(13218)	1,4,1, | 1,1,0, | 
(13218)	1,4,1, | 1,1,0, | 
(13218)	1,4,1, | 1,1,0, | 
(9104)	1,1,0, | 0,5,2, | 
(9104)	1,1,0, | 0,5,2, | 
(9104)	1,1,0, | 0,5,2, | 
(9104)	1,1,0, | 0,5,2, | 
(7844)	1,0,0, | 1,5,2, | 
(7844)	1,0,0, | 1,5,2, | 
(7844)	1,0,0, | 1,5,2, | 
(7844)	1,0,0, | 1,5,2, | 
(7844)	1,0,0, | 1,5,2, | 
(7844)	1,0,0, | 1,5,2, | 
(7844)	1,0,0, | 1,5,2, | 
(7844)	1,0,0, | 1,5,2, | 
(7844)	1,0,0, | 1,5,2, | 
(7844)	1,0,0, | 1,5,2, | 
(7844)	1,0,0, | 1,5,2, | 
(7844)	1,0,0, | 1,5,2, | 
(7844)	1,0,0, | 1,5,2, | 
(7844)	1,0,0, | 1,5,2, | 
(7844)	1,0,0, | 1,5,2, | 
(7844)	1,0,0, | 1,5,2, | 
(11948)	1,3,1, | 1,5,2, | 
(9140)	1,1,0, | 1,5,2, | 
(9140)	1,1,0, | 1,5,2, | 
(9140)	1,1,0, | 1,5,2, | 
(9140)	1,1,0, | 1,5,2, | 
(9140)	1,1,0, | 1,5,2, | 
(9140)	1,1,0, | 1,5,2, | 
(9140)	1,1,0, | 1,5,2, | 
(9104)	1,1,0, | 0,5,2, | 
(9104)	1,1,0, | 0,5,2, | 
(9104)	1,1,0, | 0,5,2, | 
(9104)	1,1,0, | 0,5,2, | 
(9104)	1,1,0, | 0,5,2, | 
(9104)	1,1,0, | 0,5,2, | 
(9104)	1,1,0, | 0,5,2, | 
(9104)	1,1,0, | 0,5,2, | 
(9104)	1,1,0, | 0,5,2, | 
(9104)	1,1,0, | 0,5,2, | 
(10616)	1,2,1, | 0,5,2, | 
(10616)	1,2,1, | 0,5,2, | 
(10616)	1,2,1, | 0,5,2, | 
(10616)	1,2,1, | 0,5,2, | 
(7844)	1,0,0, | 1,5,2, | 
(7844)	1,0,0, | 1,5,2, | 
(7844)	1,0,0, | 1,5,2, | 
(7844)	1,0,0, | 1,5,2, | 
(7844)	1,0,0, | 1,5,2, | 
(7844)	1,0,0, | 1,5,2, | 
(7844)	1,0,0, | 1,5,2, | 
(7844)	1,0,0, | 1,5,2, | 
(7844)	1,0,0, | 1,5,2, | 
(7844)	1,0,0, | 1,5,2, | 
(7844)	1,0,0, | 1,5,2, | 
(7844)	1,0,0, | 1,5,2, | 
(7844)	1,0,0, | 1,5,2, | 
(7844)	1,0,0, | 1,5,2, | 
(11948)	1,3,1, | 1,5,2, | 
(9140)	1,1,0, | 1,5,2, | 
(9140)	1,1,0, | 1,5,2, | 
(9140)	1,1,0, | 1,5,2, | 
(9140)	1,1,0, | 1,5,2, | 
(9140)	1,1,0, | 1,5,2, | 
(9140)	1,1,0, | 1,5,2, | 
(9140)	1,1,0, | 1,5,2, | 
(9104)	1,1,0, | 0,5,2, | 
(9104)	1,1,0, | 0,5,2, | 
(9104)	1,1,0, | 0,5,2, | 
(9104)	1,1,0, | 0,5,2, | 
(9104)	1,1,0, | 0,5,2, | 
(9104)	1,1,0, | 0,5,2, | 
(9104)	1,1,0, | 0,5,2, | 
(9104)	1,1,0, | 0,5,2, | 
(9104)	1,1,0, | 0,5,2, | 
(14904)	1,5,3, | 0,0,0, | 
(14904)	1,5,3, | 0,0,0, | 
(14904)	1,5,3, | 0,0,0, | 
(14904)	1,5,3, | 0,0,0, | 
(14904)	1,5,3, | 0,0,0, | 
(14904)	1,5,3, | 0,0,0, | 
(14904)	1,5,3, | 0,0,0, | 
(14904)	1,5,3, | 0,0,0, | 
(14904)	1,5,3, | 0,0,0, | 
(21169)	2,4,2, | 0,0,1, | 
(7164)	0,5,3, | 1,0,0, | 
(7164)	0,5,3, | 1,0,0, | 
(7164)	0,5,3, | 1,0,0, | 
(7164)	0,5,3, | 1,0,0, | 
(7164)	0,5,3, | 1,0,0, | 
(7164)	0,5,3, | 1,0,0, | 
(7164)	0,5,3, | 1,0,0, | 
(7164)	0,5,3, | 1,0,0, | 
(7164)	0,5,3, | 1,0,0, | 
(7164)	0,5,3, | 1,0,0, | 
(7164)	0,5,3, | 1,0,0, | 
(7164)	0,5,3, | 1,0,0, | 
(7164)	0,5,3, | 1,0,0, | 
(7164)	0,5,3, | 1,0,0, | 
(7164)	0,5,3, | 1,0,0, | 
(7164)	0,5,3, | 1,0,0, | 
(7164)	0,5,3, | 1,0,0, | 
(12096)	1,3,2, | 0,0,0, | 
(14904)	1,5,3, | 0,0,0, | 
(14904)	1,5,3, | 0,0,0, | 
(14904)	1,5,3, | 0,0,0, | 
(14904)	1,5,3, | 0,0,0, | 
(14904)	1,5,3, | 0,0,0, | 
(14904)	1,5,3, | 0,0,0, | 
(14904)	1,5,3, | 0,0,0, | 
(14904)	1,5,3, | 0,0,0, | 
(14688)	1,5,2, | 0,0,0, | 
(14688)	1,5,2, | 0,0,0, | 
(14689)	1,5,2, | 0,0,1, | 
(14688)	1,5,2, | 0,0,0, | 
(7164)	0,5,3, | 1,0,0, | 
(7164)	0,5,3, | 1,0,0, | 
(7164)	0,5,3, | 1,0,0, | 
(7164)	0,5,3, | 1,0,0, | 
(7164)	0,5,3, | 1,0,0, | 
(7164)	0,5,3, | 1,0,0, | 
(7164)	0,5,3, | 1,0,0, | 
(7164)	0,5,3, | 1,0,0, | 
(6954)	0,5,2, | 1,1,0, | 
(6954)	0,5,2, | 1,1,0, | 
(6954)	0,5,2, | 1,1,0, | 
(6954)	0,5,2, | 1,1,0, | 
(6954)	0,5,2, | 1,1,0, | 
(6954)	0,5,2, | 1,1,0, | 
(14730)	1,5,2, | 1,1,0, | 
(14730)	1,5,2, | 1,1,0, | 
(14730)	1,5,2, | 1,1,0, | 
(14730)	1,5,2, | 1,1,0, | 
(14730)	1,5,2, | 1,1,0, | 
(14730)	1,5,2, | 1,1,0, | 
(14730)	1,5,2, | 1,1,0, | 
(14730)	1,5,2, | 1,1,0, | 
(14730)	1,5,2, | 1,1,0, | 
(14724)	1,5,2, | 1,0,0, | 
(14688)	1,5,2, | 0,0,0, | 
(14688)	1,5,2, | 0,0,0, | 
(14688)	1,5,2, | 0,0,0, | 
(14688)	1,5,2, | 0,0,0, | 
(14688)	1,5,2, | 0,0,0, | 
(14688)	1,5,2, | 0,0,0, | 
(14688)	1,5,2, | 0,0,0, | 
(14688)	1,5,2, | 0,0,0, | 
(14724)	1,5,2, | 1,0,0, | 
(14724)	1,5,2, | 1,0,0, | 
(14724)	1,5,2, | 1,0,0, | 
(14724)	1,5,2, | 1,0,0, | 
(14724)	1,5,2, | 1,0,0, | 
(14724)	1,5,2, | 1,0,0, | 
(14724)	1,5,2, | 1,0,0, | 
(6954)	0,5,2, | 1,1,0, | 
(6954)	0,5,2, | 1,1,0, | 
(6954)	0,5,2, | 1,1,0, | 
(6954)	0,5,2, | 1,1,0, | 
(9133)	1,1,0, | 1,4,1, | 
(9133)	1,1,0, | 1,4,1, | 
(9133)	1,1,0, | 1,4,1, | 
(9133)	1,1,0, | 1,4,1, | 
(9133)	1,1,0, | 1,4,1, | 
(9133)	1,1,0, | 1,4,1, | 
(9133)	1,1,0, | 1,4,1, | 
(9133)	1,1,0, | 1,4,1, | 
(9133)	1,1,0, | 1,4,1, | 
(9133)	1,1,0, | 1,4,1, | 
(9133)	1,1,0, | 1,4,1, | 
(9133)	1,1,0, | 1,4,1, | 
(9133)	1,1,0, | 1,4,1, | 
(9133)	1,1,0, | 1,4,1, | 
(9133)	1,1,0, | 1,4,1, | 
(14730)	1,5,2, | 1,1,0, | 
(14724)	1,5,2, | 1,0,0, | 
(14724)	1,5,2, | 1,0,0, | 
(14724)	1,5,2, | 1,0,0, | 
(14724)	1,5,2, | 1,0,0, | 
(14724)	1,5,2, | 1,0,0, | 
(14724)	1,5,2, | 1,0,0, | 
(14724)	1,5,2, | 1,0,0, | 
(14724)	1,5,2, | 1,0,0, | 
(14724)	1,5,2, | 1,0,0, | 
(6967)	0,5,2, | 1,3,1, | 
(6967)	0,5,2, | 1,3,1, | 
(6967)	0,5,2, | 1,3,1, | 
(6967)	0,5,2, | 1,3,1, | 
(6967)	0,5,2, | 1,3,1, | 
(11912)	1,3,1, | 0,5,2, | 
(11912)	1,3,1, | 0,5,2, | 
(11912)	1,3,1, | 0,5,2, | 
(11912)	1,3,1, | 0,5,2, | 
(11912)	1,3,1, | 0,5,2, | 
(11912)	1,3,1, | 0,5,2, | 
(11912)	1,3,1, | 0,5,2, | 
(11912)	1,3,1, | 0,5,2, | 
(11912)	1,3,1, | 0,5,2, | 
(13237)	1,4,1, | 1,4,1, | 
(13237)	1,4,1, | 1,4,1, | 
(13237)	1,4,1, | 1,4,1, | 
(13237)	1,4,1, | 1,4,1, | 
(13237)	1,4,1, | 1,4,1, | 
(13237)	1,4,1, | 1,4,1, | 
(13237)	1,4,1, | 1,4,1, | 
(13237)	1,4,1, | 1,4,1, | 
(13237)	1,4,1, | 1,4,1, | 
(13237)	1,4,1, | 1,4,1, | 
(13237)	1,4,1, | 1,4,1, | 
(13237)	1,4,1, | 1,4,1, | 
(13237)	1,4,1, | 1,4,1, | 
(13237)	1,4,1, | 1,4,1, | 
(13237)	1,4,1, | 1,4,1, | 
(13237)	1,4,1, | 1,4,1, | 
(13237)	1,4,1, | 1,4,1, | 
(13237)	1,4,1, | 1,4,1, | 
(6967)	0,5,2, | 1,3,1, | 
(6967)	0,5,2, | 1,3,1, | 
(6967)	0,5,2, | 1,3,1, | 
(6967)	0,5,2, | 1,3,1, | 
(11912)	1,3,1, | 0,5,2, | 
(11912)	1,3,1, | 0,5,2, | 
(11912)	1,3,1, | 0,5,2, | 
(11912)	1,3,1, | 0,5,2, | 
(11912)	1,3,1, | 0,5,2, | 
(11912)	1,3,1, | 0,5,2, | 
(11912)	1,3,1, | 0,5,2, | 
(11912)	1,3,1, | 0,5,2, | 
(11912)	1,3,1, | 0,5,2, | 
(11912)	1,3,1, | 0,5,2, | 
(11912)	1,3,1, | 0,5,2, | 
(11912)	1,3,1, | 0,5,2, | 
(11912)	1,3,1, | 0,5,2, | 
(11912)	1,3,1, | 0,5,2, | 
(13237)	1,4,1, | 1,4,1, | 
(13237)	1,4,1, | 1,4,1, | 
(13237)	1,4,1, | 1,4,1, | 
(13237)	1,4,1, | 1,4,1, | 
(13237)	1,4,1, | 1,4,1, | 
(13237)	1,4,1, | 1,4,1, | 
(13237)	1,4,1, | 1,4,1, | 
(13237)	1,4,1, | 1,4,1, | 
(13237)	1,4,1, | 1,4,1, | 
(13237)	1,4,1, | 1,4,1, | 
(13237)	1,4,1, | 1,4,1, | 
(13237)	1,4,1, | 1,4,1, | 
(13237)	1,4,1, | 1,4,1, | 
(13237)	1,4,1, | 1,4,1, | 
(13237)	1,4,1, | 1,4,1, | 
(13237)	1,4,1, | 1,4,1, | 
(13237)	1,4,1, | 1,4,1, | 
(13237)	1,4,1, | 1,4,1, | 
(13237)	1,4,1, | 1,4,1, | 
(13237)	1,4,1, | 1,4,1, | 
(11912)	1,3,1, | 0,5,2, | 
(11912)	1,3,1, | 0,5,2, | 
(11912)	1,3,1, | 0,5,2, | 
(11912)	1,3,1, | 0,5,2, | 
(11912)	1,3,1, | 0,5,2, | 
(11912)	1,3,1, | 0,5,2, | 
(11912)	1,3,1, | 0,5,2, | 
(11912)	1,3,1, | 0,5,2, | 
(11912)	1,3,1, | 0,5,2, | 
(11912)	1,3,1, | 0,5,2, | 
(11912)	1,3,1, | 0,5,2, | 
(11912)	1,3,1, | 0,5,2, | 
(11912)	1,3,1, | 0,5,2, | 
(11912)	1,3,1, | 0,5,2, | 
(11912)	1,3,1, | 0,5,2, | 
(11912)	1,3,1, | 0,5,2, | 
(13237)	1,4,1, | 1,4,1, | 
(13237)	1,4,1, | 1,4,1, | 
(13237)	1,4,1, | 1,4,1, | 
(13237)	1,4,1, | 1,4,1, | 
(13237)	1,4,1, | 1,4,1, | 
(13237)	1,4,1, | 1,4,1, | 
(13237)	1,4,1, | 1,4,1, | 
(13237)	1,4,1, | 1,4,1, | 
(13237)	1,4,1, | 1,4,1, | 
(13237)	1,4,1, | 1,4,1, | 
(13237)	1,4,1, | 1,4,1, | 
(13237)	1,4,1, | 1,4,1, | 
(13237)	1,4,1, | 1,4,1, | 
(13237)	1,4,1, | 1,4,1, | 
(13237)	1,4,1, | 1,4,1, | 
(13237)	1,4,1, | 1,4,1, | 
(13237)	1,4,1, | 1,4,1, | 
(13237)	1,4,1, | 1,4,1, | 
(13237)	1,4,1, | 1,4,1, | 
(13237)	1,4,1, | 1,4,1, | 
(11912)	1,3,1, | 0,5,2, | 
(11912)	1,3,1, | 0,5,2, | 
(14904)	1,5,3, | 0,0,0, | 
(14904)	1,5,3, | 0,0,0, | 
(14904)	1,5,3, | 0,0,0, | 
(14904)	1,5,3, | 0,0,0, | 
(14904)	1,5,3, | 0,0,0, | 
(14904)	1,5,3, | 0,0,0, | 
(14904)	1,5,3, | 0,0,0, | 
(14904)	1,5,3, | 0,0,0, | 
(14904)	1,5,3, | 0,0,0, | 
(21169)	2,4,2, | 0,0,1, | 
(7164)	0,5,3, | 1,0,0, | 
(7164)	0,5,3, | 1,0,0, | 
(7164)	0,5,3, | 1,0,0, | 
(7164)	0,5,3, | 1,0,0, | 
(7164)	0,5,3, | 1,0,0, | 
(7164)	0,5,3, | 1,0,0, | 
(7164)	0,5,3, | 1,0,0, | 
(7164)	0,5,3, | 1,0,0, | 
(7164)	0,5,3, | 1,0,0, | 
(7164)	0,5,3, | 1,0,0, | 
(7164)	0,5,3, | 1,0,0, | 
(7164)	0,5,3, | 1,0,0, | 
(7164)	0,5,3, | 1,0,0, | 
(7164)	0,5,3, | 1,0,0, | 
(7164)	0,5,3, | 1,0,0, | 
(7164)	0,5,3, | 1,0,0, | 
(7164)	0,5,3, | 1,0,0, | 
(12096)	1,3,2, | 0,0,0, | 
(14904)	1,5,3, | 0,0,0, | 
(14904)	1,5,3, | 0,0,0, | 
(14904)	1,5,3, | 0,0,0, | 
(14904)	1,5,3, | 0,0,0, | 
(14904)	1,5,3, | 0,0,0, | 
(14904)	1,5,3, | 0,0,0, | 
(14904)	1,5,3, | 0,0,0, | 
(14904)	1,5,3, | 0,0,0, | 
(14688)	1,5,2, | 0,0,0, | 
(14688)	1,5,2, | 0,0,0, | 
(14689)	1,5,2, | 0,0,1, | 
(14689)	1,5,2, | 0,0,1, | 
(7164)	0,5,3, | 1,0,0, | 
(7164)	0,5,3, | 1,0,0, | 
(7164)	0,5,3, | 1,0,0, | 
(7164)	0,5,3, | 1,0,0, | 
(7164)	0,5,3, | 1,0,0, | 
(7164)	0,5,3, | 1,0,0, | 
(7164)	0,5,3, | 1,0,0, | 
(7164)	0,5,3, | 1,0,0, | 
(6954)	0,5,2, | 1,1,0, | 
(6954)	0,5,2, | 1,1,0, | 
(6954)	0,5,2, | 1,1,0, | 
(6954)	0,5,2, | 1,1,0, | 
(6954)	0,5,2, | 1,1,0, | 
(6954)	0,5,2, | 1,1,0, | 
(6954)	0,5,2, | 1,1,0, | 
(14730)	1,5,2, | 1,1,0, | 
(14730)	1,5,2, | 1,1,0, | 
(14730)	1,5,2, | 1,1,0, | 
(14730)	1,5,2, | 1,1,0, | 
(14730)	1,5,2, | 1,1,0, | 
(14730)	1,5,2, | 1,1,0, | 
(14730)	1,5,2, | 1,1,0, | 
(14730)	1,5,2, | 1,1,0, | 
(14724)	1,5,2, | 1,0,0, | 
(14688)	1,5,2, | 0,0,0, | 
(14688)	1,5,2, | 0,0,0, | 
(14688)	1,5,2, | 0,0,0, | 
(14688)	1,5,2, | 0,0,0, | 
(14688)	1,5,2, | 0,0,0, | 
(14688)	1,5,2, | 0,0,0, | 
(14688)	1,5,2, | 0,0,0, | 
(14688)	1,5,2, | 0,0,0, | 
(14725)	1,5,2, | 1,0,1, | 
(14724)	1,5,2, | 1,0,0, | 
(14724)	1,5,2, | 1,0,0, | 
(14724)	1,5,2, | 1,0,0, | 
(14724)	1,5,2, | 1,0,0, | 
(14724)	1,5,2, | 1,0,0, | 
(14724)	1,5,2, | 1,0,0, | 
(6954)	0,5,2, | 1,1,0, | 
(6954)	0,5,2, | 1,1,0, | 
(6954)	0,5,2, | 1,1,0, | 
(6954)	0,5,2, | 1,1,0, | 
(6954)	0,5,2, | 1,1,0, | 
(6954)	0,5,2, | 1,1,0, | 
(6954)	0,5,2, | 1,1,0, | 
(6954)	0,5,2, | 1,1,0, | 
(6954)	0,5,2, | 1,1,0, | 
(6954)	0,5,2, | 1,1,0, | 
(6954)	0,5,2, | 1,1,0, | 
(6954)	0,5,2, | 1,1,0, | 
(14730)	1,5,2, | 1,1,0, | 
(14730)	1,5,2, | 1,1,0, | 
(14730)	1,5,2, | 1,1,0, | 
(14730)	1,5,2, | 1,1,0, | 
(14730)	1,5,2, | 1,1,0, | 
(14730)	1,5,2, | 1,1,0, | 
(14730)	1,5,2, | 1,1,0, | 
(14730)	1,5,2, | 1,1,0, | 
(14724)	1,5,2, | 1,0,0, | 
(14724)	1,5,2, | 1,0,0, | 
(14724)	1,5,2, | 1,0,0, | 
(14724)	1,5,2, | 1,0,0, | 
(14724)	1,5,2, | 1,0,0, | 
(14724)	1,5,2, | 1,0,0, | 
(14724)	1,5,2, | 1,0,0, | 
(14724)	1,5,2, | 1,0,0, | 
(14724)	1,5,2, | 1,0,0, | 
(6967)	0,5,2, | 1,3,1, | 
(6967)	0,5,2, | 1,3,1, | 
(6967)	0,5,2, | 1,3,1, | 
(6967)	0,5,2, | 1,3,1, | 
(6967)	0,5,2, | 1,3,1, | 
(6967)	0,5,2, | 1,3,1, | 
(6967)	0,5,2, | 1,3,1, | 
(6967)	0,5,2, | 1,3,1, | 
(6967)	0,5,2, | 1,3,1, | 
(6967)	0,5,2, | 1,3,1, | 
(6967)	0,5,2, | 1,3,1, | 
(6967)	0,5,2, | 1,3,1, | 
(13237)	1,4,1, | 1,4,1, | 
(13237)	1,4,1, | 1,4,1, | 
(13237)	1,4,1, | 1,4,1, | 
(13237)	1,4,1, | 1,4,1, | 
(13237)	1,4,1, | 1,4,1, | 
(13237)	1,4,1, | 1,4,1, | 
(13237)	1,4,1, | 1,4,1, | 
(13237)	1,4,1, | 1,4,1, | 
(13237)	1,4,1, | 1,4,1, | 
(13237)	1,4,1, | 1,4,1, | 
(13237)	1,4,1, | 1,4,1, | 
(13237)	1,4,1, | 1,4,1, | 
(13237)	1,4,1, | 1,4,1, | 
(13237)	1,4,1, | 1,4,1, | 
(13237)	1,4,1, | 1,4,1, | 
(13237)	1,4,1, | 1,4,1, | 
(13237)	1,4,1, | 1,4,1, | 
(13237)	1,4,1, | 1,4,1, | 
(13237)	1,4,1, | 1,4,1, | 
(13237)	1,4,1, | 1,4,1, | 
(6967)	0,5,2, | 1,3,1, | 
(6967)	0,5,2, | 1,3,1, | 
(6967)	0,5,2, | 1,3,1, | 
(6967)	0,5,2, | 1,3,1, | 
(13237)	1,4,1, | 1,4,1, | 
(13237)	1,4,1, | 1,4,1, | 
(13237)	1,4,1, | 1,4,1, | 
(13237)	1,4,1, | 1,4,1, | 
(13237)	1,4,1, | 1,4,1, | 
(13237)	1,4,1, | 1,4,1, | 
(13237)	1,4,1, | 1,4,1, | 
(13237)	1,4,1, | 1,4,1, | 
(13237)	1,4,1, | 1,4,1, | 
(13237)	1,4,1, | 1,4,1, | 
(13237)	1,4,1, | 1,4,1, | 
(13237)	1,4,1, | 1,4,1, | 
(13237)	1,4,1, | 1,4,1, | 
(13237)	1,4,1, | 1,4,1, | 
(13237)	1,4,1, | 1,4,1, | 
(13237)	1,4,1, | 1,4,1, | 
(13237)	1,4,1, | 1,4,1, | 
(13207)	1,4,1, | 0,5,1, | 
(13207)	1,4,1, | 0,5,1, | 
(13207)	1,4,1, | 0,5,1, | 
(13207)	1,4,1, | 0,5,1, | 
(13207)	1,4,1, | 0,5,1, | 
(13207)	1,4,1, | 0,5,1, | 
(6757)	0,5,1, | 1,4,1, | 
(6757)	0,5,1, | 1,4,1, | 
(6757)	0,5,1, | 1,4,1, | 
(6757)	0,5,1, | 1,4,1, | 
(6757)	0,5,1, | 1,4,1, | 
(6757)	0,5,1, | 1,4,1, | 
(13237)	1,4,1, | 1,4,1, | 
(13237)	1,4,1, | 1,4,1, | 
(13237)	1,4,1, | 1,4,1, | 
(13237)	1,4,1, | 1,4,1, | 
(13237)	1,4,1, | 1,4,1, | 
(13237)	1,4,1, | 1,4,1, | 
(13237)	1,4,1, | 1,4,1, | 
(14756)	1,5,2, | 1,5,2, | 
(14756)	1,5,2, | 1,5,2, | 
(14756)	1,5,2, | 1,5,2, | 
(14756)	1,5,2, | 1,5,2, | 
(14756)	1,5,2, | 1,5,2, | 
(14756)	1,5,2, | 1,5,2, | 
(14756)	1,5,2, | 1,5,2, | 
(14756)	1,5,2, | 1,5,2, | 
(14756)	1,5,2, | 1,5,2, | 
(14756)	1,5,2, | 1,5,2, | 
(14756)	1,5,2, | 1,5,2, | 
(14756)	1,5,2, | 1,5,2, | 
(13237)	1,4,1, | 1,4,1, | 
(13237)	1,4,1, | 1,4,1, | 
(13237)	1,4,1, | 1,4,1, | 
(13237)	1,4,1, | 1,4,1, | 
(14539)	1,5,1, | 1,5,1, | 
(14539)	1,5,1, | 1,5,1, | 
(14539)	1,5,1, | 1,5,1, | 
(14539)	1,5,1, | 1,5,1, | 
(14539)	1,5,1, | 1,5,1, | 
(14539)	1,5,1, | 1,5,1, | 
(14539)	1,5,1, | 1,5,1, | 
(14539)	1,5,1, | 1,5,1, | 
(14539)	1,5,1, | 1,5,1, | 
(14539)	1,5,1, | 1,5,1, | 
(14539)	1,5,1, | 1,5,1, | 
(14539)	1,5,1, | 1,5,1, | 
(14533)	1,5,1, | 1,4,1, | 
(14533)	1,5,1, | 1,4,1, | 
(14533)	1,5,1, | 1,4,1, | 
(14533)	1,5,1, | 1,4,1, | 
(14533)	1,5,1, | 1,4,1, | 
(14533)	1,5,1, | 1,4,1, | 
(14756)	1,5,2, | 1,5,2, | 
(14756)	1,5,2, | 1,5,2, | 
(14904)	1,5,3, | 0,0,0, | 
(14904)	1,5,3, | 0,0,0, | 
(14904)	1,5,3, | 0,0,0, | 
(14904)	1,5,3, | 0,0,0, | 
(14904)	1,5,3, | 0,0,0, | 
(14904)	1,5,3, | 0,0,0, | 
(14904)	1,5,3, | 0,0,0, | 
(14904)	1,5,3, | 0,0,0, | 
(14904)	1,5,3, | 0,0,0, | 
(22465)	2,5,2, | 0,0,1, | 
(7164)	0,5,3, | 1,0,0, | 
(7164)	0,5,3, | 1,0,0, | 
(7164)	0,5,3, | 1,0,0, | 
(7164)	0,5,3, | 1,0,0, | 
(7164)	0,5,3, | 1,0,0, | 
(7164)	0,5,3, | 1,0,0, | 
(7164)	0,5,3, | 1,0,0, | 
(7164)	0,5,3, | 1,0,0, | 
(7164)	0,5,3, | 1,0,0, | 
(7164)	0,5,3, | 1,0,0, | 
(7164)	0,5,3, | 1,0,0, | 
(7164)	0,5,3, | 1,0,0, | 
(7164)	0,5,3, | 1,0,0, | 
(7164)	0,5,3, | 1,0,0, | 
(7164)	0,5,3, | 1,0,0, | 
(7164)	0,5,3, | 1,0,0, | 
(7164)	0,5,3, | 1,0,0, | 
(13392)	1,4,2, | 0,0,0, | 
(14904)	1,5,3, | 0,0,0, | 
(14904)	1,5,3, | 0,0,0, | 
(14904)	1,5,3, | 0,0,0, | 
(14904)	1,5,3, | 0,0,0, | 
(14904)	1,5,3, | 0,0,0, | 
(14904)	1,5,3, | 0,0,0, | 
(14904)	1,5,3, | 0,0,0, | 
(14904)	1,5,3, | 0,0,0, | 
(14688)	1,5,2, | 0,0,0, | 
(14688)	1,5,2, | 0,0,0, | 
(14689)	1,5,2, | 0,0,1, | 
(14689)	1,5,2, | 0,0,1, | 
(7164)	0,5,3, | 1,0,0, | 
(7164)	0,5,3, | 1,0,0, | 
(7164)	0,5,3, | 1,0,0, | 
(7164)	0,5,3, | 1,0,0, | 
(7164)	0,5,3, | 1,0,0, | 
(7164)	0,5,3, | 1,0,0, | 
(7164)	0,5,3, | 1,0,0, | 
(7164)	0,5,3, | 1,0,0, | 
(6954)	0,5,2, | 1,1,0, | 
(6954)	0,5,2, | 1,1,0, | 
(6954)	0,5,2, | 1,1,0, | 
(6954)	0,5,2, | 1,1,0, | 
(6954)	0,5,2, | 1,1,0, | 
(6954)	0,5,2, | 1,1,0, | 
(6954)	0,5,2, | 1,1,0, | 
(14730)	1,5,2, | 1,1,0, | 
(14730)	1,5,2, | 1,1,0, | 
(14730)	1,5,2, | 1,1,0, | 
(14730)	1,5,2, | 1,1,0, | 
(14730)	1,5,2, | 1,1,0, | 
(14730)	1,5,2, | 1,1,0, | 
(14730)	1,5,2, | 1,1,0, | 
(14730)	1,5,2, | 1,1,0, | 
(14724)	1,5,2, | 1,0,0, | 
(14688)	1,5,2, | 0,0,0, | 
(14688)	1,5,2, | 0,0,0, | 
(14688)	1,5,2, | 0,0,0, | 
(14688)	1,5,2, | 0,0,0, | 
(14688)	1,5,2, | 0,0,0, | 
(14688)	1,5,2, | 0,0,0, | 
(14688)	1,5,2, | 0,0,0, | 
(14688)	1,5,2, | 0,0,0, | 
(14724)	1,5,2, | 1,0,0, | 
(14724)	1,5,2, | 1,0,0, | 
(14724)	1,5,2, | 1,0,0, | 
(14724)	1,5,2, | 1,0,0, | 
(14724)	1,5,2, | 1,0,0, | 
(6961)	0,5,2, | 1,2,1, | 
(6961)	0,5,2, | 1,2,1, | 
(6961)	0,5,2, | 1,2,1, | 
(6961)	0,5,2, | 1,2,1, | 
(6954)	0,5,2, | 1,1,0, | 
(6954)	0,5,2, | 1,1,0, | 
(6954)	0,5,2, | 1,1,0, | 
(6954)	0,5,2, | 1,1,0, | 
(6954)	0,5,2, | 1,1,0, | 
(6954)	0,5,2, | 1,1,0, | 
(6954)	0,5,2, | 1,1,0, | 
(6954)	0,5,2, | 1,1,0, | 
(6954)	0,5,2, | 1,1,0, | 
(6954)	0,5,2, | 1,1,0, | 
(14730)	1,5,2, | 1,1,0, | 
(14730)	1,5,2, | 1,1,0, | 
(14730)	1,5,2, | 1,1,0, | 
(14730)	1,5,2, | 1,1,0, | 
(14730)	1,5,2, | 1,1,0, | 
(14730)	1,5,2, | 1,1,0, | 
(14730)	1,5,2, | 1,1,0, | 
(14743)	1,5,2, | 1,3,1, | 
(14724)	1,5,2, | 1,0,0, | 
(14724)	1,5,2, | 1,0,0, | 
(14724)	1,5,2, | 1,0,0, | 
(14724)	1,5,2, | 1,0,0, | 
(14724)	1,5,2, | 1,0,0, | 
(14724)	1,5,2, | 1,0,0, | 
(14724)	1,5,2, | 1,0,0, | 
(14724)	1,5,2, | 1,0,0, | 
(14724)	1,5,2, | 1,0,0, | 
(6967)	0,5,2, | 1,3,1, | 
(6967)	0,5,2, | 1,3,1, | 
(6967)	0,5,2, | 1,3,1, | 
(6967)	0,5,2, | 1,3,1, | 
(6967)	0,5,2, | 1,3,1, | 
(6967)	0,5,2, | 1,3,1, | 
(6967)	0,5,2, | 1,3,1, | 
(6967)	0,5,2, | 1,3,1, | 
(6967)	0,5,2, | 1,3,1, | 
(6967)	0,5,2, | 1,3,1, | 
(6967)	0,5,2, | 1,3,1, | 
(6967)	0,5,2, | 1,3,1, | 
(13237)	1,4,1, | 1,4,1, | 
(13237)	1,4,1, | 1,4,1, | 
(13237)	1,4,1, | 1,4,1, | 
(13237)	1,4,1, | 1,4,1, | 
(13237)	1,4,1, | 1,4,1, | 
(13237)	1,4,1, | 1,4,1, | 
(13237)	1,4,1, | 1,4,1, | 
(13237)	1,4,1, | 1,4,1, | 
(13237)	1,4,1, | 1,4,1, | 
(13237)	1,4,1, | 1,4,1, | 
(13237)	1,4,1, | 1,4,1, | 
(13237)	1,4,1, | 1,4,1, | 
(13237)	1,4,1, | 1,4,1, | 
(13237)	1,4,1, | 1,4,1, | 
(13237)	1,4,1, | 1,4,1, | 
(13237)	1,4,1, | 1,4,1, | 
(13237)	1,4,1, | 1,4,1, | 
(13237)	1,4,1, | 1,4,1, | 
(13237)	1,4,1, | 1,4,1, | 
(13237)	1,4,1, | 1,4,1, | 
(6967)	0,5,2, | 1,3,1, | 
(6967)	0,5,2, | 1,3,1, | 
(6967)	0,5,2, | 1,3,1, | 
(6967)	0,5,2, | 1,3,1, | 
(14756)	1,5,2, | 1,5,2, | 
(14756)	1,5,2, | 1,5,2, | 
(14756)	1,5,2, | 1,5,2, | 
(14756)	1,5,2, | 1,5,2, | 
(14756)	1,5,2, | 1,5,2, | 
(14756)	1,5,2, | 1,5,2, | 
(14756)	1,5,2, | 1,5,2, | 
(14756)	1,5,2, | 1,5,2, | 
(14756)	1,5,2, | 1,5,2, | 
(14756)	1,5,2, | 1,5,2, | 
(14756)	1,5,2, | 1,5,2, | 
(14756)	1,5,2, | 1,5,2, | 
(13243)	1,4,1, | 1,5,1, | 
(13243)	1,4,1, | 1,5,1, | 
(13243)	1,4,1, | 1,5,1, | 
(13243)	1,4,1, | 1,5,1, | 
(13243)	1,4,1, | 1,5,1, | 
(13243)	1,4,1, | 1,5,1, | 
(14539)	1,5,1, | 1,5,1, | 
(14539)	1,5,1, | 1,5,1, | 
(14539)	1,5,1, | 1,5,1, | 
(14539)	1,5,1, | 1,5,1, | 
(14539)	1,5,1, | 1,5,1, | 
(14539)	1,5,1, | 1,5,1, | 
(14539)	1,5,1, | 1,5,1, | 
(14539)	1,5,1, | 1,5,1, | 
(14539)	1,5,1, | 1,5,1, | 
(14539)	1,5,1, | 1,5,1, | 
(14539)	1,5,1, | 1,5,1, | 
(14539)	1,5,1, | 1,5,1, | 
(13237)	1,4,1, | 1,4,1, | 
(13237)	1,4,1, | 1,4,1, | 
(13237)	1,4,1, | 1,4,1, | 
(13237)	1,4,1, | 1,4,1, | 
(14756)	1,5,2, | 1,5,2, | 
(14756)	1,5,2, | 1,5,2, | 
(14756)	1,5,2, | 1,5,2, | 
(14756)	1,5,2, | 1,5,2, | 
(14756)	1,5,2, | 1,5,2, | 
(14756)	1,5,2, | 1,5,2, | 
(14756)	1,5,2, | 1,5,2, | 
(14756)	1,5,2, | 1,5,2, | 
(14756)	1,5,2, | 1,5,2, | 
(14756)	1,5,2, | 1,5,2, | 
(14756)	1,5,2, | 1,5,2, | 
(14756)	1,5,2, | 1,5,2, | 
(14756)	1,5,2, | 1,5,2, | 
(14756)	1,5,2, | 1,5,2, | 
(13243)	1,4,1, | 1,5,1, | 
(13243)	1,4,1, | 1,5,1, | 
(13243)	1,4,1, | 1,5,1, | 
(13243)	1,4,1, | 1,5,1, | 
(13243)	1,4,1, | 1,5,1, | 
(13243)	1,4,1, | 1,5,1, | 
(14539)	1,5,1, | 1,5,1, | 
(14539)	1,5,1, | 1,5,1, | 
(14539)	1,5,1, | 1,5,1, | 
(14539)	1,5,1, | 1,5,1, | 
(14539)	1,5,1, | 1,5,1, | 
(14539)	1,5,1, | 1,5,1, | 
(14539)	1,5,1, | 1,5,1, | 
(14539)	1,5,1, | 1,5,1, | 
(14539)	1,5,1, | 1,5,1, | 
(14539)	1,5,1, | 1,5,1, | 
(14533)	1,5,1, | 1,4,1, | 
(14533)	1,5,1, | 1,4,1, | 
(14533)	1,5,1, | 1,4,1, | 
(14533)	1,5,1, | 1,4,1, | 
(14533)	1,5,1, | 1,4,1, | 
(14533)	1,5,1, | 1,4,1, | 
(14756)	1,5,2, | 1,5,2, | 
(14756)	1,5,2, | 1,5,2, | 
