(38268)	4,5,3, | 1,0,0, | 
(38268)	4,5,3, | 1,0,0, | 
(38268)	4,5,3, | 1,0,0, | 
(38268)	4,5,3, | 1,0,0, | 
(38268)	4,5,3, | 1,0,0, | 
(7953)	1,0,0, | 4,5,3, | 
(7953)	1,0,0, | 4,5,3, | 
(7953)	1,0,0, | 4,5,3, | 
(7953)	1,0,0, | 4,5,3, | 
(7953)	1,0,0, | 4,5,3, | 
(7952)	1,0,0, | 4,5,2, | 
(7952)	1,0,0, | 4,5,2, | 
(7952)	1,0,0, | 4,5,2, | 
(7952)	1,0,0, | 4,5,2, | 
(7951)	1,0,0, | 4,5,1, | 
(7951)	1,0,0, | 4,5,1, | 
(14424)	1,5,0, | 4,4,0, | 
(14424)	1,5,0, | 4,4,0, | 
(7836)	1,0,0, | 1,4,0, | 
(13020)	1,4,0, | 1,4,0, | 
(13020)	1,4,0, | 1,4,0, | 
(13062)	1,4,0, | 2,5,0, | 
(13164)	1,4,0, | 5,4,0, | 
(13020)	1,4,0, | 1,4,0, | 
(13020)	1,4,0, | 1,4,0, | 
(13020)	1,4,0, | 1,4,0, | 
(13026)	1,4,0, | 1,5,0, | 
(12996)	1,4,0, | 1,0,0, | 
(36354)	4,4,0, | 1,5,0, | 
(36354)	4,4,0, | 1,5,0, | 
(37836)	4,5,1, | 1,0,0, | 
(37908)	4,5,1, | 3,0,0, | 
(38052)	4,5,2, | 1,0,0, | 
(38196)	4,5,2, | 5,0,0, | 
(38052)	4,5,2, | 1,0,0, | 
(38052)	4,5,2, | 1,0,0, | 
(38268)	4,5,3, | 1,0,0, | 
(38268)	4,5,3, | 1,0,0, | 
(38268)	4,5,3, | 1,0,0, | 
(38268)	4,5,3, | 1,0,0, | 
(38268)	4,5,3, | 1,0,0, | 
(15084)	1,5,3, | 5,0,0, | 
(15084)	1,5,3, | 5,0,0, | 
(15084)	1,5,3, | 5,0,0, | 
(7969)	1,0,0, | 5,2,1, | 
(7969)	1,0,0, | 5,2,1, | 
(7969)	1,0,0, | 5,2,1, | 
(7969)	1,0,0, | 5,2,1, | 
(7975)	1,0,0, | 5,3,1, | 
(7975)	1,0,0, | 5,3,1, | 
(14460)	1,5,0, | 5,4,0, | 
(14460)	1,5,0, | 5,4,0, | 
(14460)	1,5,0, | 5,4,0, | 
(14460)	1,5,0, | 5,4,0, | 
(7836)	1,0,0, | 1,4,0, | 
(10464)	1,2,0, | 2,4,0, | 
(10506)	1,2,0, | 3,5,0, | 
(36348)	4,4,0, | 1,4,0, | 
(10428)	1,2,0, | 1,4,0, | 
(10506)	1,2,0, | 3,5,0, | 
(10428)	1,2,0, | 1,4,0, | 
(10428)	1,2,0, | 1,4,0, | 
(13056)	1,4,0, | 2,4,0, | 
(13362)	1,4,1, | 5,1,0, | 
(38072)	4,5,2, | 1,3,2, | 
(38108)	4,5,2, | 2,3,2, | 
(38065)	4,5,2, | 1,2,1, | 
(38072)	4,5,2, | 1,3,2, | 
(38059)	4,5,2, | 1,1,1, | 
(38065)	4,5,2, | 1,2,1, | 
(38065)	4,5,2, | 1,2,1, | 
(38059)	4,5,2, | 1,1,1, | 
(38268)	4,5,3, | 1,0,0, | 
(38268)	4,5,3, | 1,0,0, | 
(38268)	4,5,3, | 1,0,0, | 
(38268)	4,5,3, | 1,0,0, | 
(38268)	4,5,3, | 1,0,0, | 
(15084)	1,5,3, | 5,0,0, | 
(15084)	1,5,3, | 5,0,0, | 
(7982)	1,0,0, | 5,4,2, | 
(7982)	1,0,0, | 5,4,2, | 
(7982)	1,0,0, | 5,4,2, | 
(23540)	3,0,0, | 5,5,2, | 
(7988)	1,0,0, | 5,5,2, | 
(39092)	5,0,0, | 5,5,2, | 
(15764)	2,0,0, | 5,5,2, | 
(7987)	1,0,0, | 5,5,1, | 
(14460)	1,5,0, | 5,4,0, | 
(14460)	1,5,0, | 5,4,0, | 
(14460)	1,5,0, | 5,4,0, | 
(7836)	1,0,0, | 1,4,0, | 
(11730)	1,3,0, | 1,5,0, | 
(11724)	1,3,0, | 1,4,0, | 
(13020)	1,4,0, | 1,4,0, | 
(11724)	1,3,0, | 1,4,0, | 
(11724)	1,3,0, | 1,4,0, | 
(11724)	1,3,0, | 1,4,0, | 
(29976)	3,5,0, | 4,4,0, | 
(13164)	1,4,0, | 5,4,0, | 
(11700)	1,3,0, | 1,0,0, | 
(37855)	4,5,1, | 1,3,1, | 
(37861)	4,5,1, | 1,4,1, | 
(37855)	4,5,1, | 1,3,1, | 
(38065)	4,5,2, | 1,2,1, | 
(38052)	4,5,2, | 1,0,0, | 
(38059)	4,5,2, | 1,1,1, | 
(38052)	4,5,2, | 1,0,0, | 
(38052)	4,5,2, | 1,0,0, | 
(38268)	4,5,3, | 1,0,0, | 
(38268)	4,5,3, | 1,0,0, | 
(38268)	4,5,3, | 1,0,0, | 
(38268)	4,5,3, | 1,0,0, | 
(38268)	4,5,3, | 1,0,0, | 
(15084)	1,5,3, | 5,0,0, | 
(7989)	1,0,0, | 5,5,3, | 
(7989)	1,0,0, | 5,5,3, | 
(7989)	1,0,0, | 5,5,3, | 
(7989)	1,0,0, | 5,5,3, | 
(23540)	3,0,0, | 5,5,2, | 
(7988)	1,0,0, | 5,5,2, | 
(39092)	5,0,0, | 5,5,2, | 
(15764)	2,0,0, | 5,5,2, | 
(7987)	1,0,0, | 5,5,1, | 
(14460)	1,5,0, | 5,4,0, | 
(14460)	1,5,0, | 5,4,0, | 
(14460)	1,5,0, | 5,4,0, | 
(7836)	1,0,0, | 1,4,0, | 
(13170)	1,4,0, | 5,5,0, | 
(13026)	1,4,0, | 1,5,0, | 
(36456)	4,4,0, | 4,4,0, | 
(14388)	1,5,0, | 3,4,0, | 
(13026)	1,4,0, | 1,5,0, | 
(13020)	1,4,0, | 1,4,0, | 
(14568)	1,5,1, | 2,4,0, | 
(13020)	1,4,0, | 1,4,0, | 
(12996)	1,4,0, | 1,0,0, | 
(37861)	4,5,1, | 1,4,1, | 
(37849)	4,5,1, | 1,2,1, | 
(37849)	4,5,1, | 1,2,1, | 
(37849)	4,5,1, | 1,2,1, | 
(38059)	4,5,2, | 1,1,1, | 
(38059)	4,5,2, | 1,1,1, | 
(38052)	4,5,2, | 1,0,0, | 
(38052)	4,5,2, | 1,0,0, | 
(38268)	4,5,3, | 1,0,0, | 
(38268)	4,5,3, | 1,0,0, | 
(38268)	4,5,3, | 1,0,0, | 
(38268)	4,5,3, | 1,0,0, | 
(38268)	4,5,3, | 1,0,0, | 
(15084)	1,5,3, | 5,0,0, | 
(7989)	1,0,0, | 5,5,3, | 
(7989)	1,0,0, | 5,5,3, | 
(7989)	1,0,0, | 5,5,3, | 
(7989)	1,0,0, | 5,5,3, | 
(23540)	3,0,0, | 5,5,2, | 
(7988)	1,0,0, | 5,5,2, | 
(39092)	5,0,0, | 5,5,2, | 
(15764)	2,0,0, | 5,5,2, | 
(7987)	1,0,0, | 5,5,1, | 
(14460)	1,5,0, | 5,4,0, | 
(14460)	1,5,0, | 5,4,0, | 
(14460)	1,5,0, | 5,4,0, | 
(7836)	1,0,0, | 1,4,0, | 
(13062)	1,4,0, | 2,5,0, | 
(13092)	1,4,0, | 3,4,0, | 
(13092)	1,4,0, | 3,4,0, | 
(36354)	4,4,0, | 1,5,0, | 
(13020)	1,4,0, | 1,4,0, | 
(13026)	1,4,0, | 1,5,0, | 
(13026)	1,4,0, | 1,5,0, | 
(13020)	1,4,0, | 1,4,0, | 
(12996)	1,4,0, | 1,0,0, | 
(37836)	4,5,1, | 1,0,0, | 
(37843)	4,5,1, | 1,1,1, | 
(37836)	4,5,1, | 1,0,0, | 
(37843)	4,5,1, | 1,1,1, | 
(38059)	4,5,2, | 1,1,1, | 
(38052)	4,5,2, | 1,0,0, | 
(38052)	4,5,2, | 1,0,0, | 
(38052)	4,5,2, | 1,0,0, | 
(38268)	4,5,3, | 1,0,0, | 
(38268)	4,5,3, | 1,0,0, | 
(38268)	4,5,3, | 1,0,0, | 
(38268)	4,5,3, | 1,0,0, | 
(38268)	4,5,3, | 1,0,0, | 
(15084)	1,5,3, | 5,0,0, | 
(7989)	1,0,0, | 5,5,3, | 
(7989)	1,0,0, | 5,5,3, | 
(7989)	1,0,0, | 5,5,3, | 
(7989)	1,0,0, | 5,5,3, | 
(23540)	3,0,0, | 5,5,2, | 
(7988)	1,0,0, | 5,5,2, | 
(39092)	5,0,0, | 5,5,2, | 
(15764)	2,0,0, | 5,5,2, | 
(7987)	1,0,0, | 5,5,1, | 
(7987)	1,0,0, | 5,5,1, | 
(14460)	1,5,0, | 5,4,0, | 
(14460)	1,5,0, | 5,4,0, | 
(7836)	1,0,0, | 1,4,0, | 
(13020)	1,4,0, | 1,4,0, | 
(22098)	2,5,0, | 1,5,0, | 
(20946)	2,4,0, | 5,5,0, | 
(13020)	1,4,0, | 1,4,0, | 
(13020)	1,4,0, | 1,4,0, | 
(13026)	1,4,0, | 1,5,0, | 
(13098)	1,4,0, | 3,5,0, | 
(13092)	1,4,0, | 3,4,0, | 
(12996)	1,4,0, | 1,0,0, | 
(37836)	4,5,1, | 1,0,0, | 
(37843)	4,5,1, | 1,1,1, | 
(37849)	4,5,1, | 1,2,1, | 
(37855)	4,5,1, | 1,3,1, | 
(38052)	4,5,2, | 1,0,0, | 
(38065)	4,5,2, | 1,2,1, | 
(38052)	4,5,2, | 1,0,0, | 
(38052)	4,5,2, | 1,0,0, | 
(41724)	5,2,1, | 1,0,0, | 
(41724)	5,2,1, | 1,0,0, | 
(38949)	5,0,0, | 1,5,3, | 
(38949)	5,0,0, | 1,5,3, | 
(38949)	5,0,0, | 1,5,3, | 
(7953)	1,0,0, | 4,5,3, | 
(7953)	1,0,0, | 4,5,3, | 
(7953)	1,0,0, | 4,5,3, | 
(7953)	1,0,0, | 4,5,3, | 
(7953)	1,0,0, | 4,5,3, | 
(44672)	5,4,2, | 4,5,2, | 
(9464)	1,1,1, | 4,5,2, | 
(12272)	1,3,2, | 4,5,2, | 
(9464)	1,1,1, | 4,5,2, | 
(12272)	1,3,2, | 4,5,2, | 
(9464)	1,1,1, | 4,5,2, | 
(9464)	1,1,1, | 4,5,2, | 
(9464)	1,1,1, | 4,5,2, | 
(40237)	5,1,0, | 1,4,1, | 
(13008)	1,4,0, | 1,2,0, | 
(13020)	1,4,0, | 1,4,0, | 
(13080)	1,4,0, | 3,2,0, | 
(13008)	1,4,0, | 1,2,0, | 
(13008)	1,4,0, | 1,2,0, | 
(13008)	1,4,0, | 1,2,0, | 
(13008)	1,4,0, | 1,2,0, | 
(13008)	1,4,0, | 1,2,0, | 
(12996)	1,4,0, | 1,0,0, | 
(44130)	5,4,0, | 1,5,0, | 
(44130)	5,4,0, | 1,5,0, | 
(44130)	5,4,0, | 1,5,0, | 
(44130)	5,4,0, | 1,5,0, | 
(43020)	5,3,1, | 1,0,0, | 
(43128)	5,3,1, | 4,0,0, | 
(41724)	5,2,1, | 1,0,0, | 
(41796)	5,2,1, | 3,0,0, | 
(41724)	5,2,1, | 1,0,0, | 
(41724)	5,2,1, | 1,0,0, | 
(41724)	5,2,1, | 1,0,0, | 
(41724)	5,2,1, | 1,0,0, | 
(41724)	5,2,1, | 1,0,0, | 
(7969)	1,0,0, | 5,2,1, | 
(7969)	1,0,0, | 5,2,1, | 
(7969)	1,0,0, | 5,2,1, | 
(7969)	1,0,0, | 5,2,1, | 
(7969)	1,0,0, | 5,2,1, | 
(7969)	1,0,0, | 5,2,1, | 
(7969)	1,0,0, | 5,2,1, | 
(12295)	1,3,2, | 5,3,1, | 
(27847)	3,3,2, | 5,3,1, | 
(9487)	1,1,1, | 5,3,1, | 
(9487)	1,1,1, | 5,3,1, | 
(35623)	4,3,2, | 5,3,1, | 
(9487)	1,1,1, | 5,3,1, | 
(40237)	5,1,0, | 1,4,1, | 
(11803)	1,3,0, | 3,5,1, | 
(10472)	1,2,0, | 2,5,2, | 
(10452)	1,2,0, | 2,2,0, | 
(11724)	1,3,0, | 1,4,0, | 
(12092)	1,3,1, | 5,5,2, | 
(11719)	1,3,0, | 1,3,1, | 
(10416)	1,2,0, | 1,2,0, | 
(43196)	5,3,1, | 5,5,2, | 
(13362)	1,4,1, | 5,1,0, | 
(43040)	5,3,1, | 1,3,2, | 
(43148)	5,3,1, | 4,3,2, | 
(43027)	5,3,1, | 1,1,1, | 
(43046)	5,3,1, | 1,4,2, | 
(43053)	5,3,1, | 1,5,3, | 
(43040)	5,3,1, | 1,3,2, | 
(41724)	5,2,1, | 1,0,0, | 
(41724)	5,2,1, | 1,0,0, | 
(41724)	5,2,1, | 1,0,0, | 
(41724)	5,2,1, | 1,0,0, | 
(41724)	5,2,1, | 1,0,0, | 
(38942)	5,0,0, | 1,4,2, | 
(38942)	5,0,0, | 1,4,2, | 
(7982)	1,0,0, | 5,4,2, | 
(7982)	1,0,0, | 5,4,2, | 
(7982)	1,0,0, | 5,4,2, | 
(7982)	1,0,0, | 5,4,2, | 
(7982)	1,0,0, | 5,4,2, | 
(7982)	1,0,0, | 5,4,2, | 
(9500)	1,1,1, | 5,5,2, | 
(12308)	1,3,2, | 5,5,2, | 
(27860)	3,3,2, | 5,5,2, | 
(9500)	1,1,1, | 5,5,2, | 
(9500)	1,1,1, | 5,5,2, | 
(9500)	1,1,1, | 5,5,2, | 
(9500)	1,1,1, | 5,5,2, | 
(40237)	5,1,0, | 1,4,1, | 
(11839)	1,3,0, | 4,5,1, | 
(11766)	1,3,0, | 2,5,0, | 
(30121)	3,5,1, | 2,4,1, | 
(11724)	1,3,0, | 1,4,0, | 
(14605)	1,5,1, | 3,4,1, | 
(11724)	1,3,0, | 1,4,0, | 
(11724)	1,3,0, | 1,4,0, | 
(19536)	2,3,0, | 2,4,0, | 
(11700)	1,3,0, | 1,0,0, | 
(42834)	5,3,0, | 1,5,0, | 
(41604)	5,2,0, | 3,4,0, | 
(44316)	5,4,1, | 1,0,0, | 
(43020)	5,3,1, | 1,0,0, | 
(43027)	5,3,1, | 1,1,1, | 
(43027)	5,3,1, | 1,1,1, | 
(41794)	5,2,1, | 2,5,4, | 
(41724)	5,2,1, | 1,0,0, | 
(41724)	5,2,1, | 1,0,0, | 
(41724)	5,2,1, | 1,0,0, | 
(41724)	5,2,1, | 1,0,0, | 
(38949)	5,0,0, | 1,5,3, | 
(38949)	5,0,0, | 1,5,3, | 
(7989)	1,0,0, | 5,5,3, | 
(7989)	1,0,0, | 5,5,3, | 
(7989)	1,0,0, | 5,5,3, | 
(7989)	1,0,0, | 5,5,3, | 
(7989)	1,0,0, | 5,5,3, | 
(9500)	1,1,1, | 5,5,2, | 
(9500)	1,1,1, | 5,5,2, | 
(12308)	1,3,2, | 5,5,2, | 
(27860)	3,3,2, | 5,5,2, | 
(9500)	1,1,1, | 5,5,2, | 
(9500)	1,1,1, | 5,5,2, | 
(9500)	1,1,1, | 5,5,2, | 
(9500)	1,1,1, | 5,5,2, | 
(40237)	5,1,0, | 1,4,1, | 
(13152)	1,4,0, | 5,2,0, | 
(14664)	1,5,1, | 5,2,0, | 
(13062)	1,4,0, | 2,5,0, | 
(14322)	1,5,0, | 1,5,0, | 
(22380)	2,5,1, | 3,4,0, | 
(22458)	2,5,1, | 5,5,0, | 
(13027)	1,4,0, | 1,5,1, | 
(13008)	1,4,0, | 1,2,0, | 
(12996)	1,4,0, | 1,0,0, | 
(45637)	5,5,1, | 1,4,1, | 
(45625)	5,5,1, | 1,2,1, | 
(45680)	5,5,1, | 2,5,2, | 
(43020)	5,3,1, | 1,0,0, | 
(43040)	5,3,1, | 1,3,2, | 
(43053)	5,3,1, | 1,5,3, | 
(41731)	5,2,1, | 1,1,1, | 
(41724)	5,2,1, | 1,0,0, | 
(41724)	5,2,1, | 1,0,0, | 
(41724)	5,2,1, | 1,0,0, | 
(38949)	5,0,0, | 1,5,3, | 
(38949)	5,0,0, | 1,5,3, | 
(38949)	5,0,0, | 1,5,3, | 
(7989)	1,0,0, | 5,5,3, | 
(7989)	1,0,0, | 5,5,3, | 
(7989)	1,0,0, | 5,5,3, | 
(7989)	1,0,0, | 5,5,3, | 
(7989)	1,0,0, | 5,5,3, | 
(9500)	1,1,1, | 5,5,2, | 
(9500)	1,1,1, | 5,5,2, | 
(12308)	1,3,2, | 5,5,2, | 
(27860)	3,3,2, | 5,5,2, | 
(9500)	1,1,1, | 5,5,2, | 
(9500)	1,1,1, | 5,5,2, | 
(35636)	4,3,2, | 5,5,2, | 
(9500)	1,1,1, | 5,5,2, | 
(40237)	5,1,0, | 1,4,1, | 
(13098)	1,4,0, | 3,5,0, | 
(37674)	4,5,0, | 2,3,0, | 
(13170)	1,4,0, | 5,5,0, | 
(13057)	1,4,0, | 2,4,1, | 
(13008)	1,4,0, | 1,2,0, | 
(13050)	1,4,0, | 2,3,0, | 
(13020)	1,4,0, | 1,4,0, | 
(13050)	1,4,0, | 2,3,0, | 
(12996)	1,4,0, | 1,0,0, | 
(44130)	5,4,0, | 1,5,0, | 
(45625)	5,5,1, | 1,2,1, | 
(45625)	5,5,1, | 1,2,1, | 
(45680)	5,5,1, | 2,5,2, | 
(43027)	5,3,1, | 1,1,1, | 
(43027)	5,3,1, | 1,1,1, | 
(41846)	5,2,1, | 4,2,2, | 
(41724)	5,2,1, | 1,0,0, | 
(41724)	5,2,1, | 1,0,0, | 
(41724)	5,2,1, | 1,0,0, | 
(38949)	5,0,0, | 1,5,3, | 
(38949)	5,0,0, | 1,5,3, | 
(38949)	5,0,0, | 1,5,3, | 
(7989)	1,0,0, | 5,5,3, | 
(7989)	1,0,0, | 5,5,3, | 
(7989)	1,0,0, | 5,5,3, | 
(7989)	1,0,0, | 5,5,3, | 
(7989)	1,0,0, | 5,5,3, | 
(9500)	1,1,1, | 5,5,2, | 
(9500)	1,1,1, | 5,5,2, | 
(12308)	1,3,2, | 5,5,2, | 
(27860)	3,3,2, | 5,5,2, | 
(9500)	1,1,1, | 5,5,2, | 
(9500)	1,1,1, | 5,5,2, | 
(35636)	4,3,2, | 5,5,2, | 
(9500)	1,1,1, | 5,5,2, | 
(40237)	5,1,0, | 1,4,1, | 
(13020)	1,4,0, | 1,4,0, | 
(37680)	4,5,0, | 2,4,0, | 
(13020)	1,4,0, | 1,4,0, | 
(14322)	1,5,0, | 1,5,0, | 
(13021)	1,4,0, | 1,4,1, | 
(13056)	1,4,0, | 2,4,0, | 
(13050)	1,4,0, | 2,3,0, | 
(14466)	1,5,0, | 5,5,0, | 
(12996)	1,4,0, | 1,0,0, | 
(44130)	5,4,0, | 1,5,0, | 
(44130)	5,4,0, | 1,5,0, | 
(45631)	5,5,1, | 1,3,1, | 
(45625)	5,5,1, | 1,2,1, | 
(43020)	5,3,1, | 1,0,0, | 
(43053)	5,3,1, | 1,5,3, | 
(41852)	5,2,1, | 4,3,2, | 
(41724)	5,2,1, | 1,0,0, | 
(44532)	5,4,2, | 1,0,0, | 
(44532)	5,4,2, | 1,0,0, | 
(44532)	5,4,2, | 1,0,0, | 
(38949)	5,0,0, | 1,5,3, | 
(38949)	5,0,0, | 1,5,3, | 
(7953)	1,0,0, | 4,5,3, | 
(7953)	1,0,0, | 4,5,3, | 
(7953)	1,0,0, | 4,5,3, | 
(7953)	1,0,0, | 4,5,3, | 
(7953)	1,0,0, | 4,5,3, | 
(7952)	1,0,0, | 4,5,2, | 
(7952)	1,0,0, | 4,5,2, | 
(9464)	1,1,1, | 4,5,2, | 
(7952)	1,0,0, | 4,5,2, | 
(7952)	1,0,0, | 4,5,2, | 
(10759)	1,2,1, | 4,5,1, | 
(12055)	1,3,1, | 4,5,1, | 
(10759)	1,2,1, | 4,5,1, | 
(7830)	1,0,0, | 1,3,0, | 
(13014)	1,4,0, | 1,3,0, | 
(13020)	1,4,0, | 1,4,0, | 
(13014)	1,4,0, | 1,3,0, | 
(13014)	1,4,0, | 1,3,0, | 
(13014)	1,4,0, | 1,3,0, | 
(13014)	1,4,0, | 1,3,0, | 
(13014)	1,4,0, | 1,3,0, | 
(13014)	1,4,0, | 1,3,0, | 
(12996)	1,4,0, | 1,0,0, | 
(44130)	5,4,0, | 1,5,0, | 
(44130)	5,4,0, | 1,5,0, | 
(44130)	5,4,0, | 1,5,0, | 
(45612)	5,5,1, | 1,0,0, | 
(45828)	5,5,2, | 1,0,0, | 
(45936)	5,5,2, | 4,0,0, | 
(45828)	5,5,2, | 1,0,0, | 
(45828)	5,5,2, | 1,0,0, | 
(44532)	5,4,2, | 1,0,0, | 
(44532)	5,4,2, | 1,0,0, | 
(44532)	5,4,2, | 1,0,0, | 
(44532)	5,4,2, | 1,0,0, | 
(44532)	5,4,2, | 1,0,0, | 
(13572)	1,4,2, | 5,0,0, | 
(13572)	1,4,2, | 5,0,0, | 
(7969)	1,0,0, | 5,2,1, | 
(7969)	1,0,0, | 5,2,1, | 
(7969)	1,0,0, | 5,2,1, | 
(20065)	2,3,2, | 5,2,1, | 
(7969)	1,0,0, | 5,2,1, | 
(7975)	1,0,0, | 5,3,1, | 
(12295)	1,3,2, | 5,3,1, | 
(7975)	1,0,0, | 5,3,1, | 
(7981)	1,0,0, | 5,4,1, | 
(28704)	3,4,0, | 5,2,0, | 
(13158)	1,4,0, | 5,3,0, | 
(7830)	1,0,0, | 1,3,0, | 
(10507)	1,2,0, | 3,5,1, | 
(11934)	1,3,1, | 1,3,0, | 
(10435)	1,2,0, | 1,5,1, | 
(12042)	1,3,1, | 4,3,0, | 
(10435)	1,2,0, | 1,5,1, | 
(13014)	1,4,0, | 1,3,0, | 
(10435)	1,2,0, | 1,5,1, | 
(11838)	1,3,0, | 4,5,0, | 
(13362)	1,4,1, | 5,1,0, | 
(45848)	5,5,2, | 1,3,2, | 
(45835)	5,5,2, | 1,1,1, | 
(45835)	5,5,2, | 1,1,1, | 
(45854)	5,5,2, | 1,4,2, | 
(45835)	5,5,2, | 1,1,1, | 
(45848)	5,5,2, | 1,3,2, | 
(45835)	5,5,2, | 1,1,1, | 
(44532)	5,4,2, | 1,0,0, | 
(44532)	5,4,2, | 1,0,0, | 
(44532)	5,4,2, | 1,0,0, | 
(44532)	5,4,2, | 1,0,0, | 
(44532)	5,4,2, | 1,0,0, | 
(44532)	5,4,2, | 1,0,0, | 
(7982)	1,0,0, | 5,4,2, | 
(7982)	1,0,0, | 5,4,2, | 
(7982)	1,0,0, | 5,4,2, | 
(7982)	1,0,0, | 5,4,2, | 
(7982)	1,0,0, | 5,4,2, | 
(7988)	1,0,0, | 5,5,2, | 
(22892)	2,5,3, | 5,5,2, | 
(9500)	1,1,1, | 5,5,2, | 
(12308)	1,3,2, | 5,5,2, | 
(7988)	1,0,0, | 5,5,2, | 
(21163)	2,4,1, | 5,5,1, | 
(10795)	1,2,1, | 5,5,1, | 
(10795)	1,2,1, | 5,5,1, | 
(7830)	1,0,0, | 1,3,0, | 
(19615)	2,3,0, | 4,5,1, | 
(11724)	1,3,0, | 1,4,0, | 
(13014)	1,4,0, | 1,3,0, | 
(28644)	3,4,0, | 3,4,0, | 
(13014)	1,4,0, | 1,3,0, | 
(28644)	3,4,0, | 3,4,0, | 
(11724)	1,3,0, | 1,4,0, | 
(11724)	1,3,0, | 1,4,0, | 
(11700)	1,3,0, | 1,0,0, | 
(45632)	5,5,1, | 1,3,2, | 
(45625)	5,5,1, | 1,2,1, | 
(45745)	5,5,1, | 4,4,1, | 
(45828)	5,5,2, | 1,0,0, | 
(45835)	5,5,2, | 1,1,1, | 
(45835)	5,5,2, | 1,1,1, | 
(45841)	5,5,2, | 1,2,1, | 
(45828)	5,5,2, | 1,0,0, | 
(44532)	5,4,2, | 1,0,0, | 
(44532)	5,4,2, | 1,0,0, | 
(44532)	5,4,2, | 1,0,0, | 
(44532)	5,4,2, | 1,0,0, | 
(38949)	5,0,0, | 1,5,3, | 
(7989)	1,0,0, | 5,5,3, | 
(7989)	1,0,0, | 5,5,3, | 
(7989)	1,0,0, | 5,5,3, | 
(7989)	1,0,0, | 5,5,3, | 
(7989)	1,0,0, | 5,5,3, | 
(7988)	1,0,0, | 5,5,2, | 
(22892)	2,5,3, | 5,5,2, | 
(9500)	1,1,1, | 5,5,2, | 
(12308)	1,3,2, | 5,5,2, | 
(7988)	1,0,0, | 5,5,2, | 
(21163)	2,4,1, | 5,5,1, | 
(10795)	1,2,1, | 5,5,1, | 
(10795)	1,2,1, | 5,5,1, | 
(7830)	1,0,0, | 1,3,0, | 
(13122)	1,4,0, | 4,3,0, | 
(20790)	2,4,0, | 1,3,0, | 
(20946)	2,4,0, | 5,5,0, | 
(13027)	1,4,0, | 1,5,1, | 
(13122)	1,4,0, | 4,3,0, | 
(13063)	1,4,0, | 2,5,1, | 
(13027)	1,4,0, | 1,5,1, | 
(13014)	1,4,0, | 1,3,0, | 
(12996)	1,4,0, | 1,0,0, | 
(45639)	5,5,1, | 1,4,3, | 
(45625)	5,5,1, | 1,2,1, | 
(45625)	5,5,1, | 1,2,1, | 
(45788)	5,5,1, | 5,5,2, | 
(45972)	5,5,2, | 5,0,0, | 
(45835)	5,5,2, | 1,1,1, | 
(45828)	5,5,2, | 1,0,0, | 
(45828)	5,5,2, | 1,0,0, | 
(44532)	5,4,2, | 1,0,0, | 
(44532)	5,4,2, | 1,0,0, | 
(44532)	5,4,2, | 1,0,0, | 
(44532)	5,4,2, | 1,0,0, | 
(38949)	5,0,0, | 1,5,3, | 
(7989)	1,0,0, | 5,5,3, | 
(7989)	1,0,0, | 5,5,3, | 
(7989)	1,0,0, | 5,5,3, | 
(7989)	1,0,0, | 5,5,3, | 
(7989)	1,0,0, | 5,5,3, | 
(7988)	1,0,0, | 5,5,2, | 
(22892)	2,5,3, | 5,5,2, | 
(9500)	1,1,1, | 5,5,2, | 
(12308)	1,3,2, | 5,5,2, | 
(7988)	1,0,0, | 5,5,2, | 
(21163)	2,4,1, | 5,5,1, | 
(10795)	1,2,1, | 5,5,1, | 
(10795)	1,2,1, | 5,5,1, | 
(7830)	1,0,0, | 1,3,0, | 
(13099)	1,4,0, | 3,5,1, | 
(13050)	1,4,0, | 2,3,0, | 
(13050)	1,4,0, | 2,3,0, | 
(13050)	1,4,0, | 2,3,0, | 
(13050)	1,4,0, | 2,3,0, | 
(14346)	1,5,0, | 2,3,0, | 
(13014)	1,4,0, | 1,3,0, | 
(13050)	1,4,0, | 2,3,0, | 
(12996)	1,4,0, | 1,0,0, | 
(45680)	5,5,1, | 2,5,2, | 
(45625)	5,5,1, | 1,2,1, | 
(45625)	5,5,1, | 1,2,1, | 
(45680)	5,5,1, | 2,5,2, | 
(45835)	5,5,2, | 1,1,1, | 
(45828)	5,5,2, | 1,0,0, | 
(45835)	5,5,2, | 1,1,1, | 
(45848)	5,5,2, | 1,3,2, | 
(44532)	5,4,2, | 1,0,0, | 
(44532)	5,4,2, | 1,0,0, | 
(44532)	5,4,2, | 1,0,0, | 
(44532)	5,4,2, | 1,0,0, | 
(38949)	5,0,0, | 1,5,3, | 
(7989)	1,0,0, | 5,5,3, | 
(7989)	1,0,0, | 5,5,3, | 
(7989)	1,0,0, | 5,5,3, | 
(7989)	1,0,0, | 5,5,3, | 
(7989)	1,0,0, | 5,5,3, | 
(7988)	1,0,0, | 5,5,2, | 
(22892)	2,5,3, | 5,5,2, | 
(9500)	1,1,1, | 5,5,2, | 
(12308)	1,3,2, | 5,5,2, | 
(7988)	1,0,0, | 5,5,2, | 
(21163)	2,4,1, | 5,5,1, | 
(10795)	1,2,1, | 5,5,1, | 
(10795)	1,2,1, | 5,5,1, | 
(7830)	1,0,0, | 1,3,0, | 
(20874)	2,4,0, | 3,5,0, | 
(14352)	1,5,0, | 2,4,0, | 
(20910)	2,4,0, | 4,5,0, | 
(13063)	1,4,0, | 2,5,1, | 
(28686)	3,4,0, | 4,5,0, | 
(22242)	2,5,0, | 5,5,0, | 
(13020)	1,4,0, | 1,4,0, | 
(14466)	1,5,0, | 5,5,0, | 
(12996)	1,4,0, | 1,0,0, | 
(44130)	5,4,0, | 1,5,0, | 
(45625)	5,5,1, | 1,2,1, | 
(45612)	5,5,1, | 1,0,0, | 
(45625)	5,5,1, | 1,2,1, | 
(45884)	5,5,2, | 2,3,2, | 
(45828)	5,5,2, | 1,0,0, | 
(45835)	5,5,2, | 1,1,1, | 
(45828)	5,5,2, | 1,0,0, | 
(46044)	5,5,3, | 1,0,0, | 
(46044)	5,5,3, | 1,0,0, | 
(46044)	5,5,3, | 1,0,0, | 
(46044)	5,5,3, | 1,0,0, | 
(38949)	5,0,0, | 1,5,3, | 
(7953)	1,0,0, | 4,5,3, | 
(7953)	1,0,0, | 4,5,3, | 
(7953)	1,0,0, | 4,5,3, | 
(7953)	1,0,0, | 4,5,3, | 
(7953)	1,0,0, | 4,5,3, | 
(7952)	1,0,0, | 4,5,2, | 
(7952)	1,0,0, | 4,5,2, | 
(7952)	1,0,0, | 4,5,2, | 
(7952)	1,0,0, | 4,5,2, | 
(13351)	1,4,1, | 4,5,1, | 
(10759)	1,2,1, | 4,5,1, | 
(22639)	2,5,2, | 4,5,1, | 
(10759)	1,2,1, | 4,5,1, | 
(7836)	1,0,0, | 1,4,0, | 
(13027)	1,4,0, | 1,5,1, | 
(13020)	1,4,0, | 1,4,0, | 
(13099)	1,4,0, | 3,5,1, | 
(13020)	1,4,0, | 1,4,0, | 
(13020)	1,4,0, | 1,4,0, | 
(13020)	1,4,0, | 1,4,0, | 
(13020)	1,4,0, | 1,4,0, | 
(13020)	1,4,0, | 1,4,0, | 
(12996)	1,4,0, | 1,0,0, | 
(44130)	5,4,0, | 1,5,0, | 
(44130)	5,4,0, | 1,5,0, | 
(44130)	5,4,0, | 1,5,0, | 
(45684)	5,5,1, | 3,0,0, | 
(45828)	5,5,2, | 1,0,0, | 
(45900)	5,5,2, | 3,0,0, | 
(45828)	5,5,2, | 1,0,0, | 
(45828)	5,5,2, | 1,0,0, | 
(46044)	5,5,3, | 1,0,0, | 
(46044)	5,5,3, | 1,0,0, | 
(46044)	5,5,3, | 1,0,0, | 
(46044)	5,5,3, | 1,0,0, | 
(46044)	5,5,3, | 1,0,0, | 
(15084)	1,5,3, | 5,0,0, | 
(15084)	1,5,3, | 5,0,0, | 
(7969)	1,0,0, | 5,2,1, | 
(7969)	1,0,0, | 5,2,1, | 
(7969)	1,0,0, | 5,2,1, | 
(17257)	2,1,1, | 5,2,1, | 
(9481)	1,1,1, | 5,2,1, | 
(13591)	1,4,2, | 5,3,1, | 
(10783)	1,2,1, | 5,3,1, | 
(9487)	1,1,1, | 5,3,1, | 
(10795)	1,2,1, | 5,5,1, | 
(10795)	1,2,1, | 5,5,1, | 
(10795)	1,2,1, | 5,5,1, | 
(7836)	1,0,0, | 1,4,0, | 
(18204)	2,2,0, | 1,4,0, | 
(10542)	1,2,0, | 4,5,0, | 
(11760)	1,3,0, | 2,4,0, | 
(10428)	1,2,0, | 1,4,0, | 
(10428)	1,2,0, | 1,4,0, | 
(10428)	1,2,0, | 1,4,0, | 
(10435)	1,2,0, | 1,5,1, | 
(10542)	1,2,0, | 4,5,0, | 
(13362)	1,4,1, | 5,1,0, | 
(45884)	5,5,2, | 2,3,2, | 
(45835)	5,5,2, | 1,1,1, | 
(45835)	5,5,2, | 1,1,1, | 
(45854)	5,5,2, | 1,4,2, | 
(45861)	5,5,2, | 1,5,3, | 
(45848)	5,5,2, | 1,3,2, | 
(45835)	5,5,2, | 1,1,1, | 
(45835)	5,5,2, | 1,1,1, | 
(46044)	5,5,3, | 1,0,0, | 
(46044)	5,5,3, | 1,0,0, | 
(46044)	5,5,3, | 1,0,0, | 
(46044)	5,5,3, | 1,0,0, | 
(46044)	5,5,3, | 1,0,0, | 
(15084)	1,5,3, | 5,0,0, | 
(7982)	1,0,0, | 5,4,2, | 
(7982)	1,0,0, | 5,4,2, | 
(7982)	1,0,0, | 5,4,2, | 
(7982)	1,0,0, | 5,4,2, | 
(7988)	1,0,0, | 5,5,2, | 
(9500)	1,1,1, | 5,5,2, | 
(9500)	1,1,1, | 5,5,2, | 
(10796)	1,2,1, | 5,5,2, | 
(10795)	1,2,1, | 5,5,1, | 
(10795)	1,2,1, | 5,5,1, | 
(10795)	1,2,1, | 5,5,1, | 
(10795)	1,2,1, | 5,5,1, | 
(7836)	1,0,0, | 1,4,0, | 
(27355)	3,3,0, | 3,5,1, | 
(28723)	3,4,0, | 5,5,1, | 
(45456)	5,5,0, | 2,4,0, | 
(13164)	1,4,0, | 5,4,0, | 
(27391)	3,3,0, | 4,5,1, | 
(37716)	4,5,0, | 3,4,0, | 
(11724)	1,3,0, | 1,4,0, | 
(11724)	1,3,0, | 1,4,0, | 
(11700)	1,3,0, | 1,0,0, | 
(45632)	5,5,1, | 1,3,2, | 
(45644)	5,5,1, | 1,5,2, | 
(45644)	5,5,1, | 1,5,2, | 
(45828)	5,5,2, | 1,0,0, | 
(45835)	5,5,2, | 1,1,1, | 
(45835)	5,5,2, | 1,1,1, | 
(45841)	5,5,2, | 1,2,1, | 
(45828)	5,5,2, | 1,0,0, | 
(46044)	5,5,3, | 1,0,0, | 
(46044)	5,5,3, | 1,0,0, | 
(46044)	5,5,3, | 1,0,0, | 
(46044)	5,5,3, | 1,0,0, | 
(46044)	5,5,3, | 1,0,0, | 
(7989)	1,0,0, | 5,5,3, | 
(7989)	1,0,0, | 5,5,3, | 
(7989)	1,0,0, | 5,5,3, | 
(7989)	1,0,0, | 5,5,3, | 
(7989)	1,0,0, | 5,5,3, | 
(7988)	1,0,0, | 5,5,2, | 
(9500)	1,1,1, | 5,5,2, | 
(9500)	1,1,1, | 5,5,2, | 
(10796)	1,2,1, | 5,5,2, | 
(10795)	1,2,1, | 5,5,1, | 
(10795)	1,2,1, | 5,5,1, | 
(10795)	1,2,1, | 5,5,1, | 
(10795)	1,2,1, | 5,5,1, | 
(7836)	1,0,0, | 1,4,0, | 
(20874)	2,4,0, | 3,5,0, | 
(14574)	1,5,1, | 2,5,0, | 
(13092)	1,4,0, | 3,4,0, | 
(14322)	1,5,0, | 1,5,0, | 
(36420)	4,4,0, | 3,4,0, | 
(14352)	1,5,0, | 2,4,0, | 
(13027)	1,4,0, | 1,5,1, | 
(13092)	1,4,0, | 3,4,0, | 
(12996)	1,4,0, | 1,0,0, | 
(45639)	5,5,1, | 1,4,3, | 
(45625)	5,5,1, | 1,2,1, | 
(45644)	5,5,1, | 1,5,2, | 
(45788)	5,5,1, | 5,5,2, | 
(45877)	5,5,2, | 2,2,1, | 
(45835)	5,5,2, | 1,1,1, | 
(45828)	5,5,2, | 1,0,0, | 
(45828)	5,5,2, | 1,0,0, | 
(46044)	5,5,3, | 1,0,0, | 
(46044)	5,5,3, | 1,0,0, | 
(46044)	5,5,3, | 1,0,0, | 
(46044)	5,5,3, | 1,0,0, | 
(46044)	5,5,3, | 1,0,0, | 
(7989)	1,0,0, | 5,5,3, | 
(7989)	1,0,0, | 5,5,3, | 
(7989)	1,0,0, | 5,5,3, | 
(7989)	1,0,0, | 5,5,3, | 
(7989)	1,0,0, | 5,5,3, | 
(7988)	1,0,0, | 5,5,2, | 
(9500)	1,1,1, | 5,5,2, | 
(9500)	1,1,1, | 5,5,2, | 
(10796)	1,2,1, | 5,5,2, | 
(10795)	1,2,1, | 5,5,1, | 
(10795)	1,2,1, | 5,5,1, | 
(10795)	1,2,1, | 5,5,1, | 
(10795)	1,2,1, | 5,5,1, | 
(7836)	1,0,0, | 1,4,0, | 
(20839)	2,4,0, | 2,5,1, | 
(28651)	3,4,0, | 3,5,1, | 
(13056)	1,4,0, | 2,4,0, | 
(28680)	3,4,0, | 4,4,0, | 
(36384)	4,4,0, | 2,4,0, | 
(14359)	1,5,0, | 2,5,1, | 
(13020)	1,4,0, | 1,4,0, | 
(13170)	1,4,0, | 5,5,0, | 
(12996)	1,4,0, | 1,0,0, | 
(45680)	5,5,1, | 2,5,2, | 
(45625)	5,5,1, | 1,2,1, | 
(45625)	5,5,1, | 1,2,1, | 
(45680)	5,5,1, | 2,5,2, | 
(45835)	5,5,2, | 1,1,1, | 
(45920)	5,5,2, | 3,3,2, | 
(45835)	5,5,2, | 1,1,1, | 
(45848)	5,5,2, | 1,3,2, | 
(46044)	5,5,3, | 1,0,0, | 
(46044)	5,5,3, | 1,0,0, | 
(46044)	5,5,3, | 1,0,0, | 
(46044)	5,5,3, | 1,0,0, | 
(38949)	5,0,0, | 1,5,3, | 
(7989)	1,0,0, | 5,5,3, | 
(7989)	1,0,0, | 5,5,3, | 
(7989)	1,0,0, | 5,5,3, | 
(7989)	1,0,0, | 5,5,3, | 
(7989)	1,0,0, | 5,5,3, | 
(7988)	1,0,0, | 5,5,2, | 
(9500)	1,1,1, | 5,5,2, | 
(9500)	1,1,1, | 5,5,2, | 
(10796)	1,2,1, | 5,5,2, | 
(10795)	1,2,1, | 5,5,1, | 
(10795)	1,2,1, | 5,5,1, | 
(10795)	1,2,1, | 5,5,1, | 
(10795)	1,2,1, | 5,5,1, | 
(7836)	1,0,0, | 1,4,0, | 
(37680)	4,5,0, | 2,4,0, | 
(20946)	2,4,0, | 5,5,0, | 
(13056)	1,4,0, | 2,4,0, | 
(14322)	1,5,0, | 1,5,0, | 
(36462)	4,4,0, | 4,5,0, | 
(20839)	2,4,0, | 2,5,1, | 
(13056)	1,4,0, | 2,4,0, | 
(22242)	2,5,0, | 5,5,0, | 
(12996)	1,4,0, | 1,0,0, | 
(44130)	5,4,0, | 1,5,0, | 
(45625)	5,5,1, | 1,2,1, | 
(45716)	5,5,1, | 3,5,2, | 
(45625)	5,5,1, | 1,2,1, | 
(45884)	5,5,2, | 2,3,2, | 
(45828)	5,5,2, | 1,0,0, | 
(45835)	5,5,2, | 1,1,1, | 
(45828)	5,5,2, | 1,0,0, | 
(46044)	5,5,3, | 1,0,0, | 
(46044)	5,5,3, | 1,0,0, | 
(46044)	5,5,3, | 1,0,0, | 
(46044)	5,5,3, | 1,0,0, | 
(38949)	5,0,0, | 1,5,3, | 
(7953)	1,0,0, | 4,5,3, | 
(7953)	1,0,0, | 4,5,3, | 
(7953)	1,0,0, | 4,5,3, | 
(7953)	1,0,0, | 4,5,3, | 
(7953)	1,0,0, | 4,5,3, | 
(7952)	1,0,0, | 4,5,2, | 
(7952)	1,0,0, | 4,5,2, | 
(7952)	1,0,0, | 4,5,2, | 
(7952)	1,0,0, | 4,5,2, | 
(7951)	1,0,0, | 4,5,1, | 
(10759)	1,2,1, | 4,5,1, | 
(10759)	1,2,1, | 4,5,1, | 
(9463)	1,1,1, | 4,5,1, | 
(7836)	1,0,0, | 1,4,0, | 
(13056)	1,4,0, | 2,4,0, | 
(13020)	1,4,0, | 1,4,0, | 
(13128)	1,4,0, | 4,4,0, | 
(13020)	1,4,0, | 1,4,0, | 
(13020)	1,4,0, | 1,4,0, | 
(13020)	1,4,0, | 1,4,0, | 
(13020)	1,4,0, | 1,4,0, | 
(13020)	1,4,0, | 1,4,0, | 
(12996)	1,4,0, | 1,0,0, | 
(44130)	5,4,0, | 1,5,0, | 
(44130)	5,4,0, | 1,5,0, | 
(44130)	5,4,0, | 1,5,0, | 
(45612)	5,5,1, | 1,0,0, | 
(45828)	5,5,2, | 1,0,0, | 
(45828)	5,5,2, | 1,0,0, | 
(45828)	5,5,2, | 1,0,0, | 
(45900)	5,5,2, | 3,0,0, | 
(46044)	5,5,3, | 1,0,0, | 
(46044)	5,5,3, | 1,0,0, | 
(46044)	5,5,3, | 1,0,0, | 
(46044)	5,5,3, | 1,0,0, | 
(46044)	5,5,3, | 1,0,0, | 
(15084)	1,5,3, | 5,0,0, | 
(15084)	1,5,3, | 5,0,0, | 
(15084)	1,5,3, | 5,0,0, | 
(7969)	1,0,0, | 5,2,1, | 
(7969)	1,0,0, | 5,2,1, | 
(7969)	1,0,0, | 5,2,1, | 
(34321)	4,2,2, | 5,2,1, | 
(9487)	1,1,1, | 5,3,1, | 
(9487)	1,1,1, | 5,3,1, | 
(10795)	1,2,1, | 5,5,1, | 
(10795)	1,2,1, | 5,5,1, | 
(10795)	1,2,1, | 5,5,1, | 
(14460)	1,5,0, | 5,4,0, | 
(7836)	1,0,0, | 1,4,0, | 
(19500)	2,3,0, | 1,4,0, | 
(19500)	2,3,0, | 1,4,0, | 
(13380)	1,4,1, | 5,4,0, | 
(14316)	1,5,0, | 1,4,0, | 
(10428)	1,2,0, | 1,4,0, | 
(13134)	1,4,0, | 4,5,0, | 
(11724)	1,3,0, | 1,4,0, | 
(13134)	1,4,0, | 4,5,0, | 
(13362)	1,4,1, | 5,1,0, | 
(45884)	5,5,2, | 2,3,2, | 
(45848)	5,5,2, | 1,3,2, | 
(45848)	5,5,2, | 1,3,2, | 
(45854)	5,5,2, | 1,4,2, | 
(45920)	5,5,2, | 3,3,2, | 
(45848)	5,5,2, | 1,3,2, | 
(45835)	5,5,2, | 1,1,1, | 
(45835)	5,5,2, | 1,1,1, | 
(46044)	5,5,3, | 1,0,0, | 
(46044)	5,5,3, | 1,0,0, | 
(46044)	5,5,3, | 1,0,0, | 
(46044)	5,5,3, | 1,0,0, | 
(46044)	5,5,3, | 1,0,0, | 
(15084)	1,5,3, | 5,0,0, | 
(7982)	1,0,0, | 5,4,2, | 
(7982)	1,0,0, | 5,4,2, | 
(7982)	1,0,0, | 5,4,2, | 
(7982)	1,0,0, | 5,4,2, | 
(7988)	1,0,0, | 5,5,2, | 
(9500)	1,1,1, | 5,5,2, | 
(9500)	1,1,1, | 5,5,2, | 
(39092)	5,0,0, | 5,5,2, | 
(10795)	1,2,1, | 5,5,1, | 
(10795)	1,2,1, | 5,5,1, | 
(10795)	1,2,1, | 5,5,1, | 
(10795)	1,2,1, | 5,5,1, | 
(7836)	1,0,0, | 1,4,0, | 
(19644)	2,3,0, | 5,4,0, | 
(19500)	2,3,0, | 1,4,0, | 
(29904)	3,5,0, | 2,4,0, | 
(14352)	1,5,0, | 2,4,0, | 
(30084)	3,5,1, | 1,4,0, | 
(13062)	1,4,0, | 2,5,0, | 
(19572)	2,3,0, | 3,4,0, | 
(14352)	1,5,0, | 2,4,0, | 
(11700)	1,3,0, | 1,0,0, | 
(45632)	5,5,1, | 1,3,2, | 
(45625)	5,5,1, | 1,2,1, | 
(45745)	5,5,1, | 4,4,1, | 
(45828)	5,5,2, | 1,0,0, | 
(45835)	5,5,2, | 1,1,1, | 
(45835)	5,5,2, | 1,1,1, | 
(45841)	5,5,2, | 1,2,1, | 
(45828)	5,5,2, | 1,0,0, | 
(46044)	5,5,3, | 1,0,0, | 
(46044)	5,5,3, | 1,0,0, | 
(46044)	5,5,3, | 1,0,0, | 
(46044)	5,5,3, | 1,0,0, | 
(46044)	5,5,3, | 1,0,0, | 
(7989)	1,0,0, | 5,5,3, | 
(7989)	1,0,0, | 5,5,3, | 
(7989)	1,0,0, | 5,5,3, | 
(7989)	1,0,0, | 5,5,3, | 
(7989)	1,0,0, | 5,5,3, | 
(7988)	1,0,0, | 5,5,2, | 
(9500)	1,1,1, | 5,5,2, | 
(9500)	1,1,1, | 5,5,2, | 
(7988)	1,0,0, | 5,5,2, | 
(10795)	1,2,1, | 5,5,1, | 
(10795)	1,2,1, | 5,5,1, | 
(10795)	1,2,1, | 5,5,1, | 
(10795)	1,2,1, | 5,5,1, | 
(7836)	1,0,0, | 1,4,0, | 
(30120)	3,5,1, | 2,4,0, | 
(36390)	4,4,0, | 2,5,0, | 
(45570)	5,5,0, | 5,5,0, | 
(14316)	1,5,0, | 1,4,0, | 
(30156)	3,5,1, | 3,4,0, | 
(13092)	1,4,0, | 3,4,0, | 
(13098)	1,4,0, | 3,5,0, | 
(13020)	1,4,0, | 1,4,0, | 
(12996)	1,4,0, | 1,0,0, | 
(45639)	5,5,1, | 1,4,3, | 
(45625)	5,5,1, | 1,2,1, | 
(45625)	5,5,1, | 1,2,1, | 
(45625)	5,5,1, | 1,2,1, | 
(45877)	5,5,2, | 2,2,1, | 
(45835)	5,5,2, | 1,1,1, | 
(45828)	5,5,2, | 1,0,0, | 
(45828)	5,5,2, | 1,0,0, | 
(46044)	5,5,3, | 1,0,0, | 
(46044)	5,5,3, | 1,0,0, | 
(46044)	5,5,3, | 1,0,0, | 
(46044)	5,5,3, | 1,0,0, | 
(46044)	5,5,3, | 1,0,0, | 
(7989)	1,0,0, | 5,5,3, | 
(7989)	1,0,0, | 5,5,3, | 
(7989)	1,0,0, | 5,5,3, | 
(7989)	1,0,0, | 5,5,3, | 
(7989)	1,0,0, | 5,5,3, | 
(7988)	1,0,0, | 5,5,2, | 
(9500)	1,1,1, | 5,5,2, | 
(9500)	1,1,1, | 5,5,2, | 
(39092)	5,0,0, | 5,5,2, | 
(10795)	1,2,1, | 5,5,1, | 
(10795)	1,2,1, | 5,5,1, | 
(10795)	1,2,1, | 5,5,1, | 
(10795)	1,2,1, | 5,5,1, | 
(7836)	1,0,0, | 1,4,0, | 
(13098)	1,4,0, | 3,5,0, | 
(45534)	5,5,0, | 4,5,0, | 
(13134)	1,4,0, | 4,5,0, | 
(13134)	1,4,0, | 4,5,0, | 
(13056)	1,4,0, | 2,4,0, | 
(13134)	1,4,0, | 4,5,0, | 
(13056)	1,4,0, | 2,4,0, | 
(13020)	1,4,0, | 1,4,0, | 
(12996)	1,4,0, | 1,0,0, | 
(45680)	5,5,1, | 2,5,2, | 
(45625)	5,5,1, | 1,2,1, | 
(45625)	5,5,1, | 1,2,1, | 
(45612)	5,5,1, | 1,0,0, | 
(45835)	5,5,2, | 1,1,1, | 
(45835)	5,5,2, | 1,1,1, | 
(45835)	5,5,2, | 1,1,1, | 
(45848)	5,5,2, | 1,3,2, | 
(46044)	5,5,3, | 1,0,0, | 
(46044)	5,5,3, | 1,0,0, | 
(46044)	5,5,3, | 1,0,0, | 
(46044)	5,5,3, | 1,0,0, | 
(46044)	5,5,3, | 1,0,0, | 
(7989)	1,0,0, | 5,5,3, | 
(7989)	1,0,0, | 5,5,3, | 
(7989)	1,0,0, | 5,5,3, | 
(7989)	1,0,0, | 5,5,3, | 
(7989)	1,0,0, | 5,5,3, | 
(7988)	1,0,0, | 5,5,2, | 
(9500)	1,1,1, | 5,5,2, | 
(9500)	1,1,1, | 5,5,2, | 
(39092)	5,0,0, | 5,5,2, | 
(10795)	1,2,1, | 5,5,1, | 
(10795)	1,2,1, | 5,5,1, | 
(10795)	1,2,1, | 5,5,1, | 
(10795)	1,2,1, | 5,5,1, | 
(7836)	1,0,0, | 1,4,0, | 
(28722)	3,4,0, | 5,5,0, | 
(36498)	4,4,0, | 5,5,0, | 
(14316)	1,5,0, | 1,4,0, | 
(14388)	1,5,0, | 3,4,0, | 
(45420)	5,5,0, | 1,4,0, | 
(13128)	1,4,0, | 4,4,0, | 
(13056)	1,4,0, | 2,4,0, | 
(30018)	3,5,0, | 5,5,0, | 
(12996)	1,4,0, | 1,0,0, | 
(44130)	5,4,0, | 1,5,0, | 
(45625)	5,5,1, | 1,2,1, | 
(45612)	5,5,1, | 1,0,0, | 
(45625)	5,5,1, | 1,2,1, | 
(45884)	5,5,2, | 2,3,2, | 
(45835)	5,5,2, | 1,1,1, | 
(45835)	5,5,2, | 1,1,1, | 
(45828)	5,5,2, | 1,0,0, | 
(46044)	5,5,3, | 1,0,0, | 
(46044)	5,5,3, | 1,0,0, | 
(46044)	5,5,3, | 1,0,0, | 
(46044)	5,5,3, | 1,0,0, | 
(38949)	5,0,0, | 1,5,3, | 
(7953)	1,0,0, | 4,5,3, | 
(7953)	1,0,0, | 4,5,3, | 
(7953)	1,0,0, | 4,5,3, | 
(7953)	1,0,0, | 4,5,3, | 
(7953)	1,0,0, | 4,5,3, | 
(7952)	1,0,0, | 4,5,2, | 
(12272)	1,3,2, | 4,5,2, | 
(7952)	1,0,0, | 4,5,2, | 
(7952)	1,0,0, | 4,5,2, | 
(7951)	1,0,0, | 4,5,1, | 
(7951)	1,0,0, | 4,5,1, | 
(7951)	1,0,0, | 4,5,1, | 
(7951)	1,0,0, | 4,5,1, | 
(7836)	1,0,0, | 1,4,0, | 
(13056)	1,4,0, | 2,4,0, | 
(13020)	1,4,0, | 1,4,0, | 
(13128)	1,4,0, | 4,4,0, | 
(13020)	1,4,0, | 1,4,0, | 
(13020)	1,4,0, | 1,4,0, | 
(13020)	1,4,0, | 1,4,0, | 
(13020)	1,4,0, | 1,4,0, | 
(13020)	1,4,0, | 1,4,0, | 
(12996)	1,4,0, | 1,0,0, | 
(44130)	5,4,0, | 1,5,0, | 
(44130)	5,4,0, | 1,5,0, | 
(45612)	5,5,1, | 1,0,0, | 
(45612)	5,5,1, | 1,0,0, | 
(45828)	5,5,2, | 1,0,0, | 
(45828)	5,5,2, | 1,0,0, | 
(45828)	5,5,2, | 1,0,0, | 
(45828)	5,5,2, | 1,0,0, | 
(46044)	5,5,3, | 1,0,0, | 
(46044)	5,5,3, | 1,0,0, | 
(46044)	5,5,3, | 1,0,0, | 
(46044)	5,5,3, | 1,0,0, | 
(46044)	5,5,3, | 1,0,0, | 
(15084)	1,5,3, | 5,0,0, | 
(15084)	1,5,3, | 5,0,0, | 
(15084)	1,5,3, | 5,0,0, | 
(7969)	1,0,0, | 5,2,1, | 
(7969)	1,0,0, | 5,2,1, | 
(20065)	2,3,2, | 5,2,1, | 
(35617)	4,3,2, | 5,2,1, | 
(9487)	1,1,1, | 5,3,1, | 
(7975)	1,0,0, | 5,3,1, | 
(7987)	1,0,0, | 5,5,1, | 
(10795)	1,2,1, | 5,5,1, | 
(14460)	1,5,0, | 5,4,0, | 
(14460)	1,5,0, | 5,4,0, | 
(7836)	1,0,0, | 1,4,0, | 
(21012)	2,4,1, | 1,4,0, | 
(18318)	2,2,0, | 4,5,0, | 
(18348)	2,2,0, | 5,4,0, | 
(45492)	5,5,0, | 3,4,0, | 
(10470)	1,2,0, | 2,5,0, | 
(20838)	2,4,0, | 2,5,0, | 
(10542)	1,2,0, | 4,5,0, | 
(10542)	1,2,0, | 4,5,0, | 
(13362)	1,4,1, | 5,1,0, | 
(45848)	5,5,2, | 1,3,2, | 
(45835)	5,5,2, | 1,1,1, | 
(45835)	5,5,2, | 1,1,1, | 
(45854)	5,5,2, | 1,4,2, | 
(45861)	5,5,2, | 1,5,3, | 
(45848)	5,5,2, | 1,3,2, | 
(45835)	5,5,2, | 1,1,1, | 
(45841)	5,5,2, | 1,2,1, | 
(46044)	5,5,3, | 1,0,0, | 
(46044)	5,5,3, | 1,0,0, | 
(46044)	5,5,3, | 1,0,0, | 
(46044)	5,5,3, | 1,0,0, | 
(46044)	5,5,3, | 1,0,0, | 
(15084)	1,5,3, | 5,0,0, | 
(7982)	1,0,0, | 5,4,2, | 
(7982)	1,0,0, | 5,4,2, | 
(7982)	1,0,0, | 5,4,2, | 
(7982)	1,0,0, | 5,4,2, | 
(7988)	1,0,0, | 5,5,2, | 
(12308)	1,3,2, | 5,5,2, | 
(21380)	2,4,2, | 5,5,2, | 
(26348)	3,2,1, | 5,5,2, | 
(7987)	1,0,0, | 5,5,1, | 
(10795)	1,2,1, | 5,5,1, | 
(10795)	1,2,1, | 5,5,1, | 
(14460)	1,5,0, | 5,4,0, | 
(7836)	1,0,0, | 1,4,0, | 
(20832)	2,4,0, | 2,4,0, | 
(20796)	2,4,0, | 1,4,0, | 
(45426)	5,5,0, | 1,5,0, | 
(45456)	5,5,0, | 2,4,0, | 
(22164)	2,5,0, | 3,4,0, | 
(37788)	4,5,0, | 5,4,0, | 
(11760)	1,3,0, | 2,4,0, | 
(11724)	1,3,0, | 1,4,0, | 
(11700)	1,3,0, | 1,0,0, | 
(45675)	5,5,1, | 2,4,3, | 
(45625)	5,5,1, | 1,2,1, | 
(45745)	5,5,1, | 4,4,1, | 
(45828)	5,5,2, | 1,0,0, | 
(45835)	5,5,2, | 1,1,1, | 
(45835)	5,5,2, | 1,1,1, | 
(45841)	5,5,2, | 1,2,1, | 
(45962)	5,5,2, | 4,4,2, | 
(46044)	5,5,3, | 1,0,0, | 
(46044)	5,5,3, | 1,0,0, | 
(46044)	5,5,3, | 1,0,0, | 
(46044)	5,5,3, | 1,0,0, | 
(46044)	5,5,3, | 1,0,0, | 
(15084)	1,5,3, | 5,0,0, | 
(7989)	1,0,0, | 5,5,3, | 
(7989)	1,0,0, | 5,5,3, | 
(7989)	1,0,0, | 5,5,3, | 
(7989)	1,0,0, | 5,5,3, | 
(7988)	1,0,0, | 5,5,2, | 
(12308)	1,3,2, | 5,5,2, | 
(21380)	2,4,2, | 5,5,2, | 
(26348)	3,2,1, | 5,5,2, | 
(7987)	1,0,0, | 5,5,1, | 
(10795)	1,2,1, | 5,5,1, | 
(10795)	1,2,1, | 5,5,1, | 
(14460)	1,5,0, | 5,4,0, | 
(7836)	1,0,0, | 1,4,0, | 
(13062)	1,4,0, | 2,5,0, | 
(14322)	1,5,0, | 1,5,0, | 
(14322)	1,5,0, | 1,5,0, | 
(45420)	5,5,0, | 1,4,0, | 
(13134)	1,4,0, | 4,5,0, | 
(20946)	2,4,0, | 5,5,0, | 
(13098)	1,4,0, | 3,5,0, | 
(13092)	1,4,0, | 3,4,0, | 
(12996)	1,4,0, | 1,0,0, | 
(45639)	5,5,1, | 1,4,3, | 
(45625)	5,5,1, | 1,2,1, | 
(45680)	5,5,1, | 2,5,2, | 
(45788)	5,5,1, | 5,5,2, | 
(45877)	5,5,2, | 2,2,1, | 
(45835)	5,5,2, | 1,1,1, | 
(45828)	5,5,2, | 1,0,0, | 
(45848)	5,5,2, | 1,3,2, | 
(46044)	5,5,3, | 1,0,0, | 
(46044)	5,5,3, | 1,0,0, | 
(46044)	5,5,3, | 1,0,0, | 
(46044)	5,5,3, | 1,0,0, | 
(46044)	5,5,3, | 1,0,0, | 
(7989)	1,0,0, | 5,5,3, | 
(7989)	1,0,0, | 5,5,3, | 
(7989)	1,0,0, | 5,5,3, | 
(7989)	1,0,0, | 5,5,3, | 
(7989)	1,0,0, | 5,5,3, | 
(7988)	1,0,0, | 5,5,2, | 
(12308)	1,3,2, | 5,5,2, | 
(21380)	2,4,2, | 5,5,2, | 
(26348)	3,2,1, | 5,5,2, | 
(7987)	1,0,0, | 5,5,1, | 
(10795)	1,2,1, | 5,5,1, | 
(10795)	1,2,1, | 5,5,1, | 
(14460)	1,5,0, | 5,4,0, | 
(7836)	1,0,0, | 1,4,0, | 
(14358)	1,5,0, | 2,5,0, | 
(14430)	1,5,0, | 4,5,0, | 
(20832)	2,4,0, | 2,4,0, | 
(13128)	1,4,0, | 4,4,0, | 
(36384)	4,4,0, | 2,4,0, | 
(20910)	2,4,0, | 4,5,0, | 
(13056)	1,4,0, | 2,4,0, | 
(13026)	1,4,0, | 1,5,0, | 
(12996)	1,4,0, | 1,0,0, | 
(45625)	5,5,1, | 1,2,1, | 
(45619)	5,5,1, | 1,1,1, | 
(45625)	5,5,1, | 1,2,1, | 
(45680)	5,5,1, | 2,5,2, | 
(45835)	5,5,2, | 1,1,1, | 
(45920)	5,5,2, | 3,3,2, | 
(45835)	5,5,2, | 1,1,1, | 
(45962)	5,5,2, | 4,4,2, | 
(46044)	5,5,3, | 1,0,0, | 
(46044)	5,5,3, | 1,0,0, | 
(46044)	5,5,3, | 1,0,0, | 
(46044)	5,5,3, | 1,0,0, | 
(46044)	5,5,3, | 1,0,0, | 
(7989)	1,0,0, | 5,5,3, | 
(7989)	1,0,0, | 5,5,3, | 
(7989)	1,0,0, | 5,5,3, | 
(7989)	1,0,0, | 5,5,3, | 
(7989)	1,0,0, | 5,5,3, | 
(7988)	1,0,0, | 5,5,2, | 
(12308)	1,3,2, | 5,5,2, | 
(21380)	2,4,2, | 5,5,2, | 
(26348)	3,2,1, | 5,5,2, | 
(7987)	1,0,0, | 5,5,1, | 
(10795)	1,2,1, | 5,5,1, | 
(10795)	1,2,1, | 5,5,1, | 
(14460)	1,5,0, | 5,4,0, | 
(7836)	1,0,0, | 1,4,0, | 
(13170)	1,4,0, | 5,5,0, | 
(20940)	2,4,0, | 5,4,0, | 
(45570)	5,5,0, | 5,5,0, | 
(45420)	5,5,0, | 1,4,0, | 
(13134)	1,4,0, | 4,5,0, | 
(45570)	5,5,0, | 5,5,0, | 
(13056)	1,4,0, | 2,4,0, | 
(13056)	1,4,0, | 2,4,0, | 
(12996)	1,4,0, | 1,0,0, | 
(44130)	5,4,0, | 1,5,0, | 
(45625)	5,5,1, | 1,2,1, | 
(45612)	5,5,1, | 1,0,0, | 
(45625)	5,5,1, | 1,2,1, | 
(45884)	5,5,2, | 2,3,2, | 
(45828)	5,5,2, | 1,0,0, | 
(45835)	5,5,2, | 1,1,1, | 
(45884)	5,5,2, | 2,3,2, | 
