(38268)	4,5,3, | 1,0,0, | 
(38268)	4,5,3, | 1,0,0, | 
(38268)	4,5,3, | 1,0,0, | 
(38268)	4,5,3, | 1,0,0, | 
(38268)	4,5,3, | 1,0,0, | 
(7953)	1,0,0, | 4,5,3, | 
(7953)	1,0,0, | 4,5,3, | 
(7953)	1,0,0, | 4,5,3, | 
(7953)	1,0,0, | 4,5,3, | 
(7953)	1,0,0, | 4,5,3, | 
(7952)	1,0,0, | 4,5,2, | 
(7952)	1,0,0, | 4,5,2, | 
(39056)	5,0,0, | 4,5,2, | 
(15728)	2,0,0, | 4,5,2, | 
(7951)	1,0,0, | 4,5,1, | 
(7951)	1,0,0, | 4,5,1, | 
(14424)	1,5,0, | 4,4,0, | 
(14424)	1,5,0, | 4,4,0, | 
(7836)	1,0,0, | 1,4,0, | 
(13128)	1,4,0, | 4,4,0, | 
(13164)	1,4,0, | 5,4,0, | 
(20946)	2,4,0, | 5,5,0, | 
(13020)	1,4,0, | 1,4,0, | 
(13098)	1,4,0, | 3,5,0, | 
(13020)	1,4,0, | 1,4,0, | 
(13062)	1,4,0, | 2,5,0, | 
(14352)	1,5,0, | 2,4,0, | 
(12996)	1,4,0, | 1,0,0, | 
(36354)	4,4,0, | 1,5,0, | 
(36354)	4,4,0, | 1,5,0, | 
(37836)	4,5,1, | 1,0,0, | 
(37836)	4,5,1, | 1,0,0, | 
(38088)	4,5,2, | 2,0,0, | 
(38124)	4,5,2, | 3,0,0, | 
(38052)	4,5,2, | 1,0,0, | 
(38052)	4,5,2, | 1,0,0, | 
(38268)	4,5,3, | 1,0,0, | 
(38268)	4,5,3, | 1,0,0, | 
(38268)	4,5,3, | 1,0,0, | 
(38268)	4,5,3, | 1,0,0, | 
(38268)	4,5,3, | 1,0,0, | 
(15084)	1,5,3, | 5,0,0, | 
(15084)	1,5,3, | 5,0,0, | 
(15084)	1,5,3, | 5,0,0, | 
(7969)	1,0,0, | 5,2,1, | 
(7969)	1,0,0, | 5,2,1, | 
(7969)	1,0,0, | 5,2,1, | 
(7969)	1,0,0, | 5,2,1, | 
(23527)	3,0,0, | 5,3,1, | 
(7975)	1,0,0, | 5,3,1, | 
(14460)	1,5,0, | 5,4,0, | 
(14460)	1,5,0, | 5,4,0, | 
(14460)	1,5,0, | 5,4,0, | 
(14460)	1,5,0, | 5,4,0, | 
(7836)	1,0,0, | 1,4,0, | 
(18210)	2,2,0, | 1,5,0, | 
(10428)	1,2,0, | 1,4,0, | 
(10428)	1,2,0, | 1,4,0, | 
(10428)	1,2,0, | 1,4,0, | 
(18318)	2,2,0, | 4,5,0, | 
(10428)	1,2,0, | 1,4,0, | 
(10428)	1,2,0, | 1,4,0, | 
(10428)	1,2,0, | 1,4,0, | 
(10410)	1,2,0, | 1,1,0, | 
(38059)	4,5,2, | 1,1,1, | 
(38150)	4,5,2, | 3,4,2, | 
(38059)	4,5,2, | 1,1,1, | 
(38150)	4,5,2, | 3,4,2, | 
(38059)	4,5,2, | 1,1,1, | 
(38059)	4,5,2, | 1,1,1, | 
(38065)	4,5,2, | 1,2,1, | 
(38072)	4,5,2, | 1,3,2, | 
(38268)	4,5,3, | 1,0,0, | 
(38268)	4,5,3, | 1,0,0, | 
(38268)	4,5,3, | 1,0,0, | 
(38268)	4,5,3, | 1,0,0, | 
(38268)	4,5,3, | 1,0,0, | 
(15084)	1,5,3, | 5,0,0, | 
(15084)	1,5,3, | 5,0,0, | 
(7982)	1,0,0, | 5,4,2, | 
(7982)	1,0,0, | 5,4,2, | 
(7982)	1,0,0, | 5,4,2, | 
(15764)	2,0,0, | 5,5,2, | 
(7988)	1,0,0, | 5,5,2, | 
(39092)	5,0,0, | 5,5,2, | 
(31316)	4,0,0, | 5,5,2, | 
(7987)	1,0,0, | 5,5,1, | 
(14460)	1,5,0, | 5,4,0, | 
(14460)	1,5,0, | 5,4,0, | 
(14460)	1,5,0, | 5,4,0, | 
(7836)	1,0,0, | 1,4,0, | 
(11796)	1,3,0, | 3,4,0, | 
(11724)	1,3,0, | 1,4,0, | 
(11724)	1,3,0, | 1,4,0, | 
(11838)	1,3,0, | 4,5,0, | 
(19608)	2,3,0, | 4,4,0, | 
(11760)	1,3,0, | 2,4,0, | 
(11838)	1,3,0, | 4,5,0, | 
(13020)	1,4,0, | 1,4,0, | 
(11731)	1,3,0, | 1,5,1, | 
(37906)	4,5,1, | 2,5,4, | 
(37904)	4,5,1, | 2,5,2, | 
(37849)	4,5,1, | 1,2,1, | 
(38108)	4,5,2, | 2,3,2, | 
(38137)	4,5,2, | 3,2,1, | 
(38052)	4,5,2, | 1,0,0, | 
(38052)	4,5,2, | 1,0,0, | 
(38052)	4,5,2, | 1,0,0, | 
(38268)	4,5,3, | 1,0,0, | 
(38268)	4,5,3, | 1,0,0, | 
(38268)	4,5,3, | 1,0,0, | 
(38268)	4,5,3, | 1,0,0, | 
(38268)	4,5,3, | 1,0,0, | 
(15084)	1,5,3, | 5,0,0, | 
(7989)	1,0,0, | 5,5,3, | 
(7989)	1,0,0, | 5,5,3, | 
(7989)	1,0,0, | 5,5,3, | 
(7989)	1,0,0, | 5,5,3, | 
(15764)	2,0,0, | 5,5,2, | 
(7988)	1,0,0, | 5,5,2, | 
(39092)	5,0,0, | 5,5,2, | 
(31316)	4,0,0, | 5,5,2, | 
(7987)	1,0,0, | 5,5,1, | 
(14460)	1,5,0, | 5,4,0, | 
(14460)	1,5,0, | 5,4,0, | 
(14460)	1,5,0, | 5,4,0, | 
(7836)	1,0,0, | 1,4,0, | 
(20904)	2,4,0, | 4,4,0, | 
(13026)	1,4,0, | 1,5,0, | 
(14394)	1,5,0, | 3,5,0, | 
(13020)	1,4,0, | 1,4,0, | 
(22380)	2,5,1, | 3,4,0, | 
(13026)	1,4,0, | 1,5,0, | 
(13026)	1,4,0, | 1,5,0, | 
(13020)	1,4,0, | 1,4,0, | 
(13008)	1,4,0, | 1,2,0, | 
(37942)	4,5,1, | 3,5,4, | 
(37940)	4,5,1, | 3,5,2, | 
(37849)	4,5,1, | 1,2,1, | 
(37849)	4,5,1, | 1,2,1, | 
(38203)	4,5,2, | 5,1,1, | 
(38085)	4,5,2, | 1,5,3, | 
(38052)	4,5,2, | 1,0,0, | 
(38052)	4,5,2, | 1,0,0, | 
(38268)	4,5,3, | 1,0,0, | 
(38268)	4,5,3, | 1,0,0, | 
(38268)	4,5,3, | 1,0,0, | 
(38268)	4,5,3, | 1,0,0, | 
(38268)	4,5,3, | 1,0,0, | 
(15084)	1,5,3, | 5,0,0, | 
(7989)	1,0,0, | 5,5,3, | 
(7989)	1,0,0, | 5,5,3, | 
(7989)	1,0,0, | 5,5,3, | 
(7989)	1,0,0, | 5,5,3, | 
(15764)	2,0,0, | 5,5,2, | 
(7988)	1,0,0, | 5,5,2, | 
(39092)	5,0,0, | 5,5,2, | 
(31316)	4,0,0, | 5,5,2, | 
(7987)	1,0,0, | 5,5,1, | 
(14460)	1,5,0, | 5,4,0, | 
(14460)	1,5,0, | 5,4,0, | 
(14460)	1,5,0, | 5,4,0, | 
(7836)	1,0,0, | 1,4,0, | 
(20904)	2,4,0, | 4,4,0, | 
(13026)	1,4,0, | 1,5,0, | 
(13020)	1,4,0, | 1,4,0, | 
(13062)	1,4,0, | 2,5,0, | 
(20874)	2,4,0, | 3,5,0, | 
(13062)	1,4,0, | 2,5,0, | 
(13056)	1,4,0, | 2,4,0, | 
(20832)	2,4,0, | 2,4,0, | 
(13008)	1,4,0, | 1,2,0, | 
(37849)	4,5,1, | 1,2,1, | 
(37849)	4,5,1, | 1,2,1, | 
(37849)	4,5,1, | 1,2,1, | 
(37849)	4,5,1, | 1,2,1, | 
(38059)	4,5,2, | 1,1,1, | 
(38085)	4,5,2, | 1,5,3, | 
(38052)	4,5,2, | 1,0,0, | 
(38052)	4,5,2, | 1,0,0, | 
(38268)	4,5,3, | 1,0,0, | 
(38268)	4,5,3, | 1,0,0, | 
(38268)	4,5,3, | 1,0,0, | 
(38268)	4,5,3, | 1,0,0, | 
(38268)	4,5,3, | 1,0,0, | 
(15084)	1,5,3, | 5,0,0, | 
(7989)	1,0,0, | 5,5,3, | 
(7989)	1,0,0, | 5,5,3, | 
(7989)	1,0,0, | 5,5,3, | 
(7989)	1,0,0, | 5,5,3, | 
(15764)	2,0,0, | 5,5,2, | 
(7988)	1,0,0, | 5,5,2, | 
(39092)	5,0,0, | 5,5,2, | 
(31316)	4,0,0, | 5,5,2, | 
(7987)	1,0,0, | 5,5,1, | 
(7987)	1,0,0, | 5,5,1, | 
(14460)	1,5,0, | 5,4,0, | 
(14460)	1,5,0, | 5,4,0, | 
(7836)	1,0,0, | 1,4,0, | 
(20832)	2,4,0, | 2,4,0, | 
(13134)	1,4,0, | 4,5,0, | 
(14430)	1,5,0, | 4,5,0, | 
(13020)	1,4,0, | 1,4,0, | 
(29982)	3,5,0, | 4,5,0, | 
(13026)	1,4,0, | 1,5,0, | 
(22200)	2,5,0, | 4,4,0, | 
(22236)	2,5,0, | 5,4,0, | 
(13002)	1,4,0, | 1,1,0, | 
(37849)	4,5,1, | 1,2,1, | 
(37843)	4,5,1, | 1,1,1, | 
(37836)	4,5,1, | 1,0,0, | 
(37836)	4,5,1, | 1,0,0, | 
(38131)	4,5,2, | 3,1,1, | 
(38065)	4,5,2, | 1,2,1, | 
(38052)	4,5,2, | 1,0,0, | 
(38095)	4,5,2, | 2,1,1, | 
(41725)	5,2,1, | 1,0,1, | 
(41725)	5,2,1, | 1,0,1, | 
(38949)	5,0,0, | 1,5,3, | 
(38949)	5,0,0, | 1,5,3, | 
(38949)	5,0,0, | 1,5,3, | 
(7953)	1,0,0, | 4,5,3, | 
(7953)	1,0,0, | 4,5,3, | 
(7953)	1,0,0, | 4,5,3, | 
(7953)	1,0,0, | 4,5,3, | 
(7953)	1,0,0, | 4,5,3, | 
(9464)	1,1,1, | 4,5,2, | 
(9464)	1,1,1, | 4,5,2, | 
(29120)	3,4,2, | 4,5,2, | 
(13568)	1,4,2, | 4,5,2, | 
(44672)	5,4,2, | 4,5,2, | 
(9464)	1,1,1, | 4,5,2, | 
(29120)	3,4,2, | 4,5,2, | 
(12272)	1,3,2, | 4,5,2, | 
(9120)	1,1,0, | 1,2,0, | 
(13008)	1,4,0, | 1,2,0, | 
(13044)	1,4,0, | 2,2,0, | 
(13008)	1,4,0, | 1,2,0, | 
(13008)	1,4,0, | 1,2,0, | 
(13008)	1,4,0, | 1,2,0, | 
(13008)	1,4,0, | 1,2,0, | 
(13008)	1,4,0, | 1,2,0, | 
(13008)	1,4,0, | 1,2,0, | 
(12996)	1,4,0, | 1,0,0, | 
(44130)	5,4,0, | 1,5,0, | 
(44130)	5,4,0, | 1,5,0, | 
(44130)	5,4,0, | 1,5,0, | 
(44130)	5,4,0, | 1,5,0, | 
(43020)	5,3,1, | 1,0,0, | 
(43020)	5,3,1, | 1,0,0, | 
(41724)	5,2,1, | 1,0,0, | 
(41724)	5,2,1, | 1,0,0, | 
(41725)	5,2,1, | 1,0,1, | 
(41724)	5,2,1, | 1,0,0, | 
(41724)	5,2,1, | 1,0,0, | 
(41724)	5,2,1, | 1,0,0, | 
(41724)	5,2,1, | 1,0,0, | 
(7969)	1,0,0, | 5,2,1, | 
(7969)	1,0,0, | 5,2,1, | 
(7969)	1,0,0, | 5,2,1, | 
(7969)	1,0,0, | 5,2,1, | 
(7969)	1,0,0, | 5,2,1, | 
(15313)	1,5,4, | 5,2,1, | 
(9481)	1,1,1, | 5,2,1, | 
(29143)	3,4,2, | 5,3,1, | 
(13591)	1,4,2, | 5,3,1, | 
(29143)	3,4,2, | 5,3,1, | 
(29143)	3,4,2, | 5,3,1, | 
(10783)	1,2,1, | 5,3,1, | 
(22879)	2,5,3, | 5,3,1, | 
(9120)	1,1,0, | 1,2,0, | 
(13008)	1,4,0, | 1,2,0, | 
(10435)	1,2,0, | 1,5,1, | 
(10422)	1,2,0, | 1,3,0, | 
(13272)	1,4,1, | 2,4,0, | 
(38143)	4,5,2, | 3,3,1, | 
(13093)	1,4,0, | 3,4,1, | 
(10488)	1,2,0, | 3,2,0, | 
(10488)	1,2,0, | 3,2,0, | 
(10410)	1,2,0, | 1,1,0, | 
(43118)	5,3,1, | 3,4,2, | 
(43033)	5,3,1, | 1,2,1, | 
(43046)	5,3,1, | 1,4,2, | 
(43027)	5,3,1, | 1,1,1, | 
(43027)	5,3,1, | 1,1,1, | 
(43027)	5,3,1, | 1,1,1, | 
(41724)	5,2,1, | 1,0,0, | 
(41724)	5,2,1, | 1,0,0, | 
(41725)	5,2,1, | 1,0,1, | 
(41724)	5,2,1, | 1,0,0, | 
(41724)	5,2,1, | 1,0,0, | 
(38942)	5,0,0, | 1,4,2, | 
(38942)	5,0,0, | 1,4,2, | 
(7982)	1,0,0, | 5,4,2, | 
(7982)	1,0,0, | 5,4,2, | 
(7982)	1,0,0, | 5,4,2, | 
(7982)	1,0,0, | 5,4,2, | 
(7982)	1,0,0, | 5,4,2, | 
(15110)	1,5,3, | 5,4,2, | 
(35636)	4,3,2, | 5,5,2, | 
(29156)	3,4,2, | 5,5,2, | 
(13604)	1,4,2, | 5,5,2, | 
(29156)	3,4,2, | 5,5,2, | 
(29156)	3,4,2, | 5,5,2, | 
(10796)	1,2,1, | 5,5,2, | 
(22892)	2,5,3, | 5,5,2, | 
(9120)	1,1,0, | 1,2,0, | 
(13008)	1,4,0, | 1,2,0, | 
(13014)	1,4,0, | 1,3,0, | 
(11719)	1,3,0, | 1,3,1, | 
(14599)	1,5,1, | 3,3,1, | 
(11724)	1,3,0, | 1,4,0, | 
(11719)	1,3,0, | 1,3,1, | 
(14592)	1,5,1, | 3,2,0, | 
(11731)	1,3,0, | 1,5,1, | 
(11731)	1,3,0, | 1,5,1, | 
(42834)	5,3,0, | 1,5,0, | 
(41532)	5,2,0, | 1,4,0, | 
(44384)	5,4,1, | 2,5,2, | 
(43020)	5,3,1, | 1,0,0, | 
(43020)	5,3,1, | 1,0,0, | 
(43053)	5,3,1, | 1,5,3, | 
(41724)	5,2,1, | 1,0,0, | 
(41724)	5,2,1, | 1,0,0, | 
(41725)	5,2,1, | 1,0,1, | 
(41724)	5,2,1, | 1,0,0, | 
(41724)	5,2,1, | 1,0,0, | 
(38949)	5,0,0, | 1,5,3, | 
(38949)	5,0,0, | 1,5,3, | 
(7989)	1,0,0, | 5,5,3, | 
(7989)	1,0,0, | 5,5,3, | 
(7989)	1,0,0, | 5,5,3, | 
(7989)	1,0,0, | 5,5,3, | 
(7989)	1,0,0, | 5,5,3, | 
(9500)	1,1,1, | 5,5,2, | 
(35636)	4,3,2, | 5,5,2, | 
(29156)	3,4,2, | 5,5,2, | 
(13604)	1,4,2, | 5,5,2, | 
(29156)	3,4,2, | 5,5,2, | 
(29156)	3,4,2, | 5,5,2, | 
(10796)	1,2,1, | 5,5,2, | 
(22892)	2,5,3, | 5,5,2, | 
(9120)	1,1,0, | 1,2,0, | 
(13008)	1,4,0, | 1,2,0, | 
(13008)	1,4,0, | 1,2,0, | 
(13008)	1,4,0, | 1,2,0, | 
(13063)	1,4,0, | 2,5,1, | 
(13080)	1,4,0, | 3,2,0, | 
(13063)	1,4,0, | 2,5,1, | 
(13008)	1,4,0, | 1,2,0, | 
(13093)	1,4,0, | 3,4,1, | 
(13008)	1,4,0, | 1,2,0, | 
(45680)	5,5,1, | 2,5,2, | 
(45625)	5,5,1, | 1,2,1, | 
(45625)	5,5,1, | 1,2,1, | 
(43053)	5,3,1, | 1,5,3, | 
(43063)	5,3,1, | 2,1,1, | 
(43053)	5,3,1, | 1,5,3, | 
(41724)	5,2,1, | 1,0,0, | 
(41738)	5,2,1, | 1,2,2, | 
(41725)	5,2,1, | 1,0,1, | 
(41724)	5,2,1, | 1,0,0, | 
(38949)	5,0,0, | 1,5,3, | 
(38949)	5,0,0, | 1,5,3, | 
(38949)	5,0,0, | 1,5,3, | 
(7989)	1,0,0, | 5,5,3, | 
(7989)	1,0,0, | 5,5,3, | 
(7989)	1,0,0, | 5,5,3, | 
(7989)	1,0,0, | 5,5,3, | 
(7989)	1,0,0, | 5,5,3, | 
(9500)	1,1,1, | 5,5,2, | 
(35636)	4,3,2, | 5,5,2, | 
(29156)	3,4,2, | 5,5,2, | 
(13604)	1,4,2, | 5,5,2, | 
(29156)	3,4,2, | 5,5,2, | 
(29156)	3,4,2, | 5,5,2, | 
(10796)	1,2,1, | 5,5,2, | 
(22892)	2,5,3, | 5,5,2, | 
(9120)	1,1,0, | 1,2,0, | 
(13008)	1,4,0, | 1,2,0, | 
(13008)	1,4,0, | 1,2,0, | 
(13008)	1,4,0, | 1,2,0, | 
(13098)	1,4,0, | 3,5,0, | 
(13080)	1,4,0, | 3,2,0, | 
(13014)	1,4,0, | 1,3,0, | 
(28668)	3,4,0, | 4,2,0, | 
(13116)	1,4,0, | 4,2,0, | 
(13008)	1,4,0, | 1,2,0, | 
(44130)	5,4,0, | 1,5,0, | 
(45625)	5,5,1, | 1,2,1, | 
(45625)	5,5,1, | 1,2,1, | 
(45625)	5,5,1, | 1,2,1, | 
(43040)	5,3,1, | 1,3,2, | 
(43053)	5,3,1, | 1,5,3, | 
(41724)	5,2,1, | 1,0,0, | 
(41738)	5,2,1, | 1,2,2, | 
(41725)	5,2,1, | 1,0,1, | 
(41725)	5,2,1, | 1,0,1, | 
(38949)	5,0,0, | 1,5,3, | 
(38949)	5,0,0, | 1,5,3, | 
(38949)	5,0,0, | 1,5,3, | 
(7989)	1,0,0, | 5,5,3, | 
(7989)	1,0,0, | 5,5,3, | 
(7989)	1,0,0, | 5,5,3, | 
(7989)	1,0,0, | 5,5,3, | 
(7989)	1,0,0, | 5,5,3, | 
(9500)	1,1,1, | 5,5,2, | 
(35636)	4,3,2, | 5,5,2, | 
(29156)	3,4,2, | 5,5,2, | 
(13604)	1,4,2, | 5,5,2, | 
(29156)	3,4,2, | 5,5,2, | 
(29156)	3,4,2, | 5,5,2, | 
(10796)	1,2,1, | 5,5,2, | 
(22892)	2,5,3, | 5,5,2, | 
(9120)	1,1,0, | 1,2,0, | 
(13008)	1,4,0, | 1,2,0, | 
(13014)	1,4,0, | 1,3,0, | 
(13008)	1,4,0, | 1,2,0, | 
(13008)	1,4,0, | 1,2,0, | 
(13014)	1,4,0, | 1,3,0, | 
(13008)	1,4,0, | 1,2,0, | 
(14430)	1,5,0, | 4,5,0, | 
(22086)	2,5,0, | 1,3,0, | 
(13002)	1,4,0, | 1,1,0, | 
(44130)	5,4,0, | 1,5,0, | 
(44130)	5,4,0, | 1,5,0, | 
(45680)	5,5,1, | 2,5,2, | 
(45612)	5,5,1, | 1,0,0, | 
(43020)	5,3,1, | 1,0,0, | 
(43053)	5,3,1, | 1,5,3, | 
(41724)	5,2,1, | 1,0,0, | 
(41724)	5,2,1, | 1,0,0, | 
(44533)	5,4,2, | 1,0,1, | 
(44533)	5,4,2, | 1,0,1, | 
(44532)	5,4,2, | 1,0,0, | 
(38949)	5,0,0, | 1,5,3, | 
(38949)	5,0,0, | 1,5,3, | 
(7953)	1,0,0, | 4,5,3, | 
(7953)	1,0,0, | 4,5,3, | 
(7953)	1,0,0, | 4,5,3, | 
(7953)	1,0,0, | 4,5,3, | 
(7953)	1,0,0, | 4,5,3, | 
(7952)	1,0,0, | 4,5,2, | 
(9464)	1,1,1, | 4,5,2, | 
(29120)	3,4,2, | 4,5,2, | 
(7952)	1,0,0, | 4,5,2, | 
(20048)	2,3,2, | 4,5,2, | 
(12055)	1,3,1, | 4,5,1, | 
(12055)	1,3,1, | 4,5,1, | 
(30415)	3,5,2, | 4,5,1, | 
(10435)	1,2,0, | 1,5,1, | 
(14358)	1,5,0, | 2,5,0, | 
(14394)	1,5,0, | 3,5,0, | 
(13014)	1,4,0, | 1,3,0, | 
(13050)	1,4,0, | 2,3,0, | 
(13020)	1,4,0, | 1,4,0, | 
(13014)	1,4,0, | 1,3,0, | 
(13014)	1,4,0, | 1,3,0, | 
(13014)	1,4,0, | 1,3,0, | 
(12996)	1,4,0, | 1,0,0, | 
(44130)	5,4,0, | 1,5,0, | 
(44130)	5,4,0, | 1,5,0, | 
(44130)	5,4,0, | 1,5,0, | 
(45612)	5,5,1, | 1,0,0, | 
(45828)	5,5,2, | 1,0,0, | 
(45936)	5,5,2, | 4,0,0, | 
(45828)	5,5,2, | 1,0,0, | 
(45828)	5,5,2, | 1,0,0, | 
(44533)	5,4,2, | 1,0,1, | 
(44532)	5,4,2, | 1,0,0, | 
(44532)	5,4,2, | 1,0,0, | 
(44532)	5,4,2, | 1,0,0, | 
(44532)	5,4,2, | 1,0,0, | 
(13572)	1,4,2, | 5,0,0, | 
(13572)	1,4,2, | 5,0,0, | 
(7969)	1,0,0, | 5,2,1, | 
(7969)	1,0,0, | 5,2,1, | 
(7969)	1,0,0, | 5,2,1, | 
(7969)	1,0,0, | 5,2,1, | 
(7969)	1,0,0, | 5,2,1, | 
(7975)	1,0,0, | 5,3,1, | 
(7975)	1,0,0, | 5,3,1, | 
(7975)	1,0,0, | 5,3,1, | 
(14893)	1,5,2, | 5,4,1, | 
(13152)	1,4,0, | 5,2,0, | 
(13158)	1,4,0, | 5,3,0, | 
(10435)	1,2,0, | 1,5,1, | 
(14358)	1,5,0, | 2,5,0, | 
(10435)	1,2,0, | 1,5,1, | 
(37716)	4,5,0, | 3,4,0, | 
(22344)	2,5,1, | 2,4,0, | 
(41647)	5,2,0, | 4,5,1, | 
(22308)	2,5,1, | 1,4,0, | 
(10543)	1,2,0, | 4,5,1, | 
(10566)	1,2,0, | 5,3,0, | 
(10410)	1,2,0, | 1,1,0, | 
(45926)	5,5,2, | 3,4,2, | 
(45841)	5,5,2, | 1,2,1, | 
(45854)	5,5,2, | 1,4,2, | 
(45835)	5,5,2, | 1,1,1, | 
(45835)	5,5,2, | 1,1,1, | 
(45835)	5,5,2, | 1,1,1, | 
(45835)	5,5,2, | 1,1,1, | 
(44539)	5,4,2, | 1,1,1, | 
(44533)	5,4,2, | 1,0,1, | 
(44533)	5,4,2, | 1,0,1, | 
(44532)	5,4,2, | 1,0,0, | 
(44532)	5,4,2, | 1,0,0, | 
(44532)	5,4,2, | 1,0,0, | 
(7982)	1,0,0, | 5,4,2, | 
(7982)	1,0,0, | 5,4,2, | 
(7982)	1,0,0, | 5,4,2, | 
(7982)	1,0,0, | 5,4,2, | 
(7982)	1,0,0, | 5,4,2, | 
(7988)	1,0,0, | 5,5,2, | 
(29156)	3,4,2, | 5,5,2, | 
(29156)	3,4,2, | 5,5,2, | 
(46220)	5,5,3, | 5,5,2, | 
(9500)	1,1,1, | 5,5,2, | 
(10795)	1,2,1, | 5,5,1, | 
(38227)	4,5,2, | 5,5,1, | 
(10795)	1,2,1, | 5,5,1, | 
(10435)	1,2,0, | 1,5,1, | 
(14358)	1,5,0, | 2,5,0, | 
(14394)	1,5,0, | 3,5,0, | 
(11724)	1,3,0, | 1,4,0, | 
(11803)	1,3,0, | 3,5,1, | 
(13092)	1,4,0, | 3,4,0, | 
(11724)	1,3,0, | 1,4,0, | 
(11760)	1,3,0, | 2,4,0, | 
(11731)	1,3,0, | 1,5,1, | 
(11731)	1,3,0, | 1,5,1, | 
(45631)	5,5,1, | 1,3,1, | 
(45752)	5,5,1, | 4,5,2, | 
(45625)	5,5,1, | 1,2,1, | 
(45835)	5,5,2, | 1,1,1, | 
(46005)	5,5,2, | 5,5,3, | 
(45835)	5,5,2, | 1,1,1, | 
(45835)	5,5,2, | 1,1,1, | 
(45854)	5,5,2, | 1,4,2, | 
(44533)	5,4,2, | 1,0,1, | 
(44532)	5,4,2, | 1,0,0, | 
(44532)	5,4,2, | 1,0,0, | 
(44532)	5,4,2, | 1,0,0, | 
(38949)	5,0,0, | 1,5,3, | 
(7989)	1,0,0, | 5,5,3, | 
(7989)	1,0,0, | 5,5,3, | 
(7989)	1,0,0, | 5,5,3, | 
(7989)	1,0,0, | 5,5,3, | 
(7989)	1,0,0, | 5,5,3, | 
(20084)	2,3,2, | 5,5,2, | 
(29156)	3,4,2, | 5,5,2, | 
(29156)	3,4,2, | 5,5,2, | 
(46220)	5,5,3, | 5,5,2, | 
(20084)	2,3,2, | 5,5,2, | 
(10795)	1,2,1, | 5,5,1, | 
(38227)	4,5,2, | 5,5,1, | 
(10795)	1,2,1, | 5,5,1, | 
(10435)	1,2,0, | 1,5,1, | 
(14358)	1,5,0, | 2,5,0, | 
(14322)	1,5,0, | 1,5,0, | 
(13092)	1,4,0, | 3,4,0, | 
(29911)	3,5,0, | 2,5,1, | 
(13020)	1,4,0, | 1,4,0, | 
(22308)	2,5,1, | 1,4,0, | 
(14358)	1,5,0, | 2,5,0, | 
(22086)	2,5,0, | 1,3,0, | 
(13008)	1,4,0, | 1,2,0, | 
(45680)	5,5,1, | 2,5,2, | 
(45625)	5,5,1, | 1,2,1, | 
(45625)	5,5,1, | 1,2,1, | 
(45625)	5,5,1, | 1,2,1, | 
(45979)	5,5,2, | 5,1,1, | 
(45841)	5,5,2, | 1,2,1, | 
(45841)	5,5,2, | 1,2,1, | 
(45841)	5,5,2, | 1,2,1, | 
(44533)	5,4,2, | 1,0,1, | 
(44532)	5,4,2, | 1,0,0, | 
(44532)	5,4,2, | 1,0,0, | 
(44532)	5,4,2, | 1,0,0, | 
(38949)	5,0,0, | 1,5,3, | 
(7989)	1,0,0, | 5,5,3, | 
(7989)	1,0,0, | 5,5,3, | 
(7989)	1,0,0, | 5,5,3, | 
(7989)	1,0,0, | 5,5,3, | 
(7989)	1,0,0, | 5,5,3, | 
(20084)	2,3,2, | 5,5,2, | 
(29156)	3,4,2, | 5,5,2, | 
(29156)	3,4,2, | 5,5,2, | 
(46220)	5,5,3, | 5,5,2, | 
(20084)	2,3,2, | 5,5,2, | 
(10795)	1,2,1, | 5,5,1, | 
(38227)	4,5,2, | 5,5,1, | 
(10795)	1,2,1, | 5,5,1, | 
(10435)	1,2,0, | 1,5,1, | 
(14322)	1,5,0, | 1,5,0, | 
(14394)	1,5,0, | 3,5,0, | 
(13026)	1,4,0, | 1,5,0, | 
(36426)	4,4,0, | 3,5,0, | 
(13098)	1,4,0, | 3,5,0, | 
(13014)	1,4,0, | 1,3,0, | 
(13020)	1,4,0, | 1,4,0, | 
(20832)	2,4,0, | 2,4,0, | 
(13008)	1,4,0, | 1,2,0, | 
(45612)	5,5,1, | 1,0,0, | 
(45625)	5,5,1, | 1,2,1, | 
(45625)	5,5,1, | 1,2,1, | 
(45612)	5,5,1, | 1,0,0, | 
(45828)	5,5,2, | 1,0,0, | 
(45841)	5,5,2, | 1,2,1, | 
(45828)	5,5,2, | 1,0,0, | 
(45828)	5,5,2, | 1,0,0, | 
(44533)	5,4,2, | 1,0,1, | 
(44533)	5,4,2, | 1,0,1, | 
(44532)	5,4,2, | 1,0,0, | 
(44532)	5,4,2, | 1,0,0, | 
(38949)	5,0,0, | 1,5,3, | 
(7989)	1,0,0, | 5,5,3, | 
(7989)	1,0,0, | 5,5,3, | 
(7989)	1,0,0, | 5,5,3, | 
(7989)	1,0,0, | 5,5,3, | 
(7989)	1,0,0, | 5,5,3, | 
(20084)	2,3,2, | 5,5,2, | 
(29156)	3,4,2, | 5,5,2, | 
(29156)	3,4,2, | 5,5,2, | 
(46220)	5,5,3, | 5,5,2, | 
(9500)	1,1,1, | 5,5,2, | 
(10795)	1,2,1, | 5,5,1, | 
(38227)	4,5,2, | 5,5,1, | 
(10795)	1,2,1, | 5,5,1, | 
(10435)	1,2,0, | 1,5,1, | 
(13020)	1,4,0, | 1,4,0, | 
(14430)	1,5,0, | 4,5,0, | 
(13086)	1,4,0, | 3,3,0, | 
(13099)	1,4,0, | 3,5,1, | 
(14310)	1,5,0, | 1,3,0, | 
(13014)	1,4,0, | 1,3,0, | 
(14323)	1,5,0, | 1,5,1, | 
(22086)	2,5,0, | 1,3,0, | 
(13002)	1,4,0, | 1,1,0, | 
(44130)	5,4,0, | 1,5,0, | 
(45625)	5,5,1, | 1,2,1, | 
(45680)	5,5,1, | 2,5,2, | 
(45612)	5,5,1, | 1,0,0, | 
(45972)	5,5,2, | 5,0,0, | 
(45835)	5,5,2, | 1,1,1, | 
(45828)	5,5,2, | 1,0,0, | 
(45848)	5,5,2, | 1,3,2, | 
(46045)	5,5,3, | 1,0,1, | 
(46045)	5,5,3, | 1,0,1, | 
(46044)	5,5,3, | 1,0,0, | 
(46044)	5,5,3, | 1,0,0, | 
(38949)	5,0,0, | 1,5,3, | 
(7953)	1,0,0, | 4,5,3, | 
(7953)	1,0,0, | 4,5,3, | 
(7953)	1,0,0, | 4,5,3, | 
(7953)	1,0,0, | 4,5,3, | 
(7953)	1,0,0, | 4,5,3, | 
(7952)	1,0,0, | 4,5,2, | 
(7952)	1,0,0, | 4,5,2, | 
(7952)	1,0,0, | 4,5,2, | 
(7952)	1,0,0, | 4,5,2, | 
(10759)	1,2,1, | 4,5,1, | 
(10759)	1,2,1, | 4,5,1, | 
(30415)	3,5,2, | 4,5,1, | 
(10759)	1,2,1, | 4,5,1, | 
(9139)	1,1,0, | 1,5,1, | 
(13027)	1,4,0, | 1,5,1, | 
(13092)	1,4,0, | 3,4,0, | 
(13027)	1,4,0, | 1,5,1, | 
(13020)	1,4,0, | 1,4,0, | 
(13134)	1,4,0, | 4,5,0, | 
(13020)	1,4,0, | 1,4,0, | 
(13020)	1,4,0, | 1,4,0, | 
(13020)	1,4,0, | 1,4,0, | 
(12996)	1,4,0, | 1,0,0, | 
(44130)	5,4,0, | 1,5,0, | 
(44130)	5,4,0, | 1,5,0, | 
(44130)	5,4,0, | 1,5,0, | 
(45612)	5,5,1, | 1,0,0, | 
(45828)	5,5,2, | 1,0,0, | 
(45828)	5,5,2, | 1,0,0, | 
(45828)	5,5,2, | 1,0,0, | 
(45828)	5,5,2, | 1,0,0, | 
(46045)	5,5,3, | 1,0,1, | 
(46044)	5,5,3, | 1,0,0, | 
(46044)	5,5,3, | 1,0,0, | 
(46044)	5,5,3, | 1,0,0, | 
(46044)	5,5,3, | 1,0,0, | 
(15084)	1,5,3, | 5,0,0, | 
(15084)	1,5,3, | 5,0,0, | 
(7969)	1,0,0, | 5,2,1, | 
(7969)	1,0,0, | 5,2,1, | 
(7969)	1,0,0, | 5,2,1, | 
(7969)	1,0,0, | 5,2,1, | 
(43393)	5,3,2, | 5,2,1, | 
(15103)	1,5,3, | 5,3,1, | 
(7975)	1,0,0, | 5,3,1, | 
(15103)	1,5,3, | 5,3,1, | 
(10795)	1,2,1, | 5,5,1, | 
(10795)	1,2,1, | 5,5,1, | 
(10795)	1,2,1, | 5,5,1, | 
(9139)	1,1,0, | 1,5,1, | 
(13027)	1,4,0, | 1,5,1, | 
(10428)	1,2,0, | 1,4,0, | 
(13027)	1,4,0, | 1,5,1, | 
(11760)	1,3,0, | 2,4,0, | 
(13134)	1,4,0, | 4,5,0, | 
(30163)	3,5,1, | 3,5,1, | 
(11724)	1,3,0, | 1,4,0, | 
(19507)	2,3,0, | 1,5,1, | 
(10410)	1,2,0, | 1,1,0, | 
(45926)	5,5,2, | 3,4,2, | 
(45841)	5,5,2, | 1,2,1, | 
(45920)	5,5,2, | 3,3,2, | 
(45835)	5,5,2, | 1,1,1, | 
(45835)	5,5,2, | 1,1,1, | 
(45835)	5,5,2, | 1,1,1, | 
(45835)	5,5,2, | 1,1,1, | 
(45835)	5,5,2, | 1,1,1, | 
(46045)	5,5,3, | 1,0,1, | 
(46044)	5,5,3, | 1,0,0, | 
(46044)	5,5,3, | 1,0,0, | 
(46044)	5,5,3, | 1,0,0, | 
(46044)	5,5,3, | 1,0,0, | 
(15084)	1,5,3, | 5,0,0, | 
(7982)	1,0,0, | 5,4,2, | 
(7982)	1,0,0, | 5,4,2, | 
(7982)	1,0,0, | 5,4,2, | 
(7982)	1,0,0, | 5,4,2, | 
(18572)	2,2,1, | 5,5,2, | 
(29156)	3,4,2, | 5,5,2, | 
(9500)	1,1,1, | 5,5,2, | 
(9500)	1,1,1, | 5,5,2, | 
(10795)	1,2,1, | 5,5,1, | 
(10795)	1,2,1, | 5,5,1, | 
(10795)	1,2,1, | 5,5,1, | 
(10795)	1,2,1, | 5,5,1, | 
(9139)	1,1,0, | 1,5,1, | 
(13027)	1,4,0, | 1,5,1, | 
(14316)	1,5,0, | 1,4,0, | 
(13027)	1,4,0, | 1,5,1, | 
(11724)	1,3,0, | 1,4,0, | 
(13026)	1,4,0, | 1,5,0, | 
(11724)	1,3,0, | 1,4,0, | 
(11838)	1,3,0, | 4,5,0, | 
(19507)	2,3,0, | 1,5,1, | 
(11731)	1,3,0, | 1,5,1, | 
(45631)	5,5,1, | 1,3,1, | 
(45752)	5,5,1, | 4,5,2, | 
(45625)	5,5,1, | 1,2,1, | 
(45828)	5,5,2, | 1,0,0, | 
(46005)	5,5,2, | 5,5,3, | 
(45835)	5,5,2, | 1,1,1, | 
(45884)	5,5,2, | 2,3,2, | 
(45835)	5,5,2, | 1,1,1, | 
(46045)	5,5,3, | 1,0,1, | 
(46044)	5,5,3, | 1,0,0, | 
(46044)	5,5,3, | 1,0,0, | 
(46044)	5,5,3, | 1,0,0, | 
(46044)	5,5,3, | 1,0,0, | 
(7989)	1,0,0, | 5,5,3, | 
(7989)	1,0,0, | 5,5,3, | 
(7989)	1,0,0, | 5,5,3, | 
(7989)	1,0,0, | 5,5,3, | 
(7989)	1,0,0, | 5,5,3, | 
(7988)	1,0,0, | 5,5,2, | 
(29156)	3,4,2, | 5,5,2, | 
(9500)	1,1,1, | 5,5,2, | 
(9500)	1,1,1, | 5,5,2, | 
(10795)	1,2,1, | 5,5,1, | 
(10795)	1,2,1, | 5,5,1, | 
(10795)	1,2,1, | 5,5,1, | 
(10795)	1,2,1, | 5,5,1, | 
(9139)	1,1,0, | 1,5,1, | 
(13020)	1,4,0, | 1,4,0, | 
(14316)	1,5,0, | 1,4,0, | 
(13099)	1,4,0, | 3,5,1, | 
(37866)	4,5,1, | 1,5,0, | 
(13020)	1,4,0, | 1,4,0, | 
(13020)	1,4,0, | 1,4,0, | 
(13026)	1,4,0, | 1,5,0, | 
(22164)	2,5,0, | 3,4,0, | 
(13008)	1,4,0, | 1,2,0, | 
(45680)	5,5,1, | 2,5,2, | 
(45625)	5,5,1, | 1,2,1, | 
(45625)	5,5,1, | 1,2,1, | 
(45631)	5,5,1, | 1,3,1, | 
(45979)	5,5,2, | 5,1,1, | 
(45841)	5,5,2, | 1,2,1, | 
(45828)	5,5,2, | 1,0,0, | 
(45835)	5,5,2, | 1,1,1, | 
(46045)	5,5,3, | 1,0,1, | 
(46044)	5,5,3, | 1,0,0, | 
(46044)	5,5,3, | 1,0,0, | 
(46044)	5,5,3, | 1,0,0, | 
(46044)	5,5,3, | 1,0,0, | 
(7989)	1,0,0, | 5,5,3, | 
(7989)	1,0,0, | 5,5,3, | 
(7989)	1,0,0, | 5,5,3, | 
(7989)	1,0,0, | 5,5,3, | 
(7989)	1,0,0, | 5,5,3, | 
(7988)	1,0,0, | 5,5,2, | 
(29156)	3,4,2, | 5,5,2, | 
(9500)	1,1,1, | 5,5,2, | 
(9500)	1,1,1, | 5,5,2, | 
(10795)	1,2,1, | 5,5,1, | 
(10795)	1,2,1, | 5,5,1, | 
(10795)	1,2,1, | 5,5,1, | 
(10795)	1,2,1, | 5,5,1, | 
(9139)	1,1,0, | 1,5,1, | 
(13020)	1,4,0, | 1,4,0, | 
(14388)	1,5,0, | 3,4,0, | 
(13027)	1,4,0, | 1,5,1, | 
(28650)	3,4,0, | 3,5,0, | 
(13098)	1,4,0, | 3,5,0, | 
(13026)	1,4,0, | 1,5,0, | 
(13020)	1,4,0, | 1,4,0, | 
(13056)	1,4,0, | 2,4,0, | 
(13008)	1,4,0, | 1,2,0, | 
(45612)	5,5,1, | 1,0,0, | 
(45625)	5,5,1, | 1,2,1, | 
(45625)	5,5,1, | 1,2,1, | 
(45612)	5,5,1, | 1,0,0, | 
(45828)	5,5,2, | 1,0,0, | 
(45841)	5,5,2, | 1,2,1, | 
(45828)	5,5,2, | 1,0,0, | 
(45841)	5,5,2, | 1,2,1, | 
(46045)	5,5,3, | 1,0,1, | 
(46045)	5,5,3, | 1,0,1, | 
(46044)	5,5,3, | 1,0,0, | 
(46044)	5,5,3, | 1,0,0, | 
(38949)	5,0,0, | 1,5,3, | 
(7989)	1,0,0, | 5,5,3, | 
(7989)	1,0,0, | 5,5,3, | 
(7989)	1,0,0, | 5,5,3, | 
(7989)	1,0,0, | 5,5,3, | 
(7989)	1,0,0, | 5,5,3, | 
(7988)	1,0,0, | 5,5,2, | 
(29156)	3,4,2, | 5,5,2, | 
(9500)	1,1,1, | 5,5,2, | 
(9500)	1,1,1, | 5,5,2, | 
(10795)	1,2,1, | 5,5,1, | 
(10795)	1,2,1, | 5,5,1, | 
(10795)	1,2,1, | 5,5,1, | 
(10795)	1,2,1, | 5,5,1, | 
(9139)	1,1,0, | 1,5,1, | 
(13020)	1,4,0, | 1,4,0, | 
(14431)	1,5,0, | 4,5,1, | 
(13099)	1,4,0, | 3,5,1, | 
(45534)	5,5,0, | 4,5,0, | 
(13020)	1,4,0, | 1,4,0, | 
(37758)	4,5,0, | 4,5,0, | 
(22206)	2,5,0, | 4,5,0, | 
(22099)	2,5,0, | 1,5,1, | 
(13002)	1,4,0, | 1,1,0, | 
(44130)	5,4,0, | 1,5,0, | 
(45625)	5,5,1, | 1,2,1, | 
(45680)	5,5,1, | 2,5,2, | 
(45612)	5,5,1, | 1,0,0, | 
(45972)	5,5,2, | 5,0,0, | 
(45835)	5,5,2, | 1,1,1, | 
(45828)	5,5,2, | 1,0,0, | 
(45835)	5,5,2, | 1,1,1, | 
(46045)	5,5,3, | 1,0,1, | 
(46044)	5,5,3, | 1,0,0, | 
(46044)	5,5,3, | 1,0,0, | 
(46044)	5,5,3, | 1,0,0, | 
(38949)	5,0,0, | 1,5,3, | 
(7953)	1,0,0, | 4,5,3, | 
(7953)	1,0,0, | 4,5,3, | 
(7953)	1,0,0, | 4,5,3, | 
(7953)	1,0,0, | 4,5,3, | 
(7953)	1,0,0, | 4,5,3, | 
(7952)	1,0,0, | 4,5,2, | 
(7952)	1,0,0, | 4,5,2, | 
(7952)	1,0,0, | 4,5,2, | 
(7952)	1,0,0, | 4,5,2, | 
(7951)	1,0,0, | 4,5,1, | 
(10759)	1,2,1, | 4,5,1, | 
(7951)	1,0,0, | 4,5,1, | 
(7951)	1,0,0, | 4,5,1, | 
(10428)	1,2,0, | 1,4,0, | 
(37680)	4,5,0, | 2,4,0, | 
(13062)	1,4,0, | 2,5,0, | 
(13020)	1,4,0, | 1,4,0, | 
(13062)	1,4,0, | 2,5,0, | 
(13020)	1,4,0, | 1,4,0, | 
(13020)	1,4,0, | 1,4,0, | 
(13020)	1,4,0, | 1,4,0, | 
(13026)	1,4,0, | 1,5,0, | 
(12996)	1,4,0, | 1,0,0, | 
(44130)	5,4,0, | 1,5,0, | 
(44130)	5,4,0, | 1,5,0, | 
(44130)	5,4,0, | 1,5,0, | 
(45612)	5,5,1, | 1,0,0, | 
(45828)	5,5,2, | 1,0,0, | 
(45828)	5,5,2, | 1,0,0, | 
(45828)	5,5,2, | 1,0,0, | 
(45828)	5,5,2, | 1,0,0, | 
(46045)	5,5,3, | 1,0,1, | 
(46044)	5,5,3, | 1,0,0, | 
(46044)	5,5,3, | 1,0,0, | 
(46044)	5,5,3, | 1,0,0, | 
(46044)	5,5,3, | 1,0,0, | 
(15084)	1,5,3, | 5,0,0, | 
(15084)	1,5,3, | 5,0,0, | 
(15084)	1,5,3, | 5,0,0, | 
(7969)	1,0,0, | 5,2,1, | 
(7969)	1,0,0, | 5,2,1, | 
(7969)	1,0,0, | 5,2,1, | 
(10993)	1,2,2, | 5,2,1, | 
(41887)	5,2,1, | 5,3,1, | 
(15103)	1,5,3, | 5,3,1, | 
(10795)	1,2,1, | 5,5,1, | 
(10795)	1,2,1, | 5,5,1, | 
(10795)	1,2,1, | 5,5,1, | 
(14460)	1,5,0, | 5,4,0, | 
(10428)	1,2,0, | 1,4,0, | 
(25980)	3,2,0, | 1,4,0, | 
(14322)	1,5,0, | 1,5,0, | 
(11724)	1,3,0, | 1,4,0, | 
(14322)	1,5,0, | 1,5,0, | 
(33870)	4,2,0, | 4,5,0, | 
(10428)	1,2,0, | 1,4,0, | 
(10428)	1,2,0, | 1,4,0, | 
(10428)	1,2,0, | 1,4,0, | 
(10410)	1,2,0, | 1,1,0, | 
(45926)	5,5,2, | 3,4,2, | 
(45841)	5,5,2, | 1,2,1, | 
(45854)	5,5,2, | 1,4,2, | 
(45835)	5,5,2, | 1,1,1, | 
(45835)	5,5,2, | 1,1,1, | 
(45835)	5,5,2, | 1,1,1, | 
(45835)	5,5,2, | 1,1,1, | 
(45835)	5,5,2, | 1,1,1, | 
(46045)	5,5,3, | 1,0,1, | 
(46044)	5,5,3, | 1,0,0, | 
(46044)	5,5,3, | 1,0,0, | 
(46044)	5,5,3, | 1,0,0, | 
(46044)	5,5,3, | 1,0,0, | 
(15084)	1,5,3, | 5,0,0, | 
(7982)	1,0,0, | 5,4,2, | 
(7982)	1,0,0, | 5,4,2, | 
(7982)	1,0,0, | 5,4,2, | 
(7982)	1,0,0, | 5,4,2, | 
(7988)	1,0,0, | 5,5,2, | 
(7988)	1,0,0, | 5,5,2, | 
(7988)	1,0,0, | 5,5,2, | 
(7988)	1,0,0, | 5,5,2, | 
(10795)	1,2,1, | 5,5,1, | 
(10795)	1,2,1, | 5,5,1, | 
(10795)	1,2,1, | 5,5,1, | 
(7987)	1,0,0, | 5,5,1, | 
(10428)	1,2,0, | 1,4,0, | 
(37716)	4,5,0, | 3,4,0, | 
(13026)	1,4,0, | 1,5,0, | 
(11724)	1,3,0, | 1,4,0, | 
(14322)	1,5,0, | 1,5,0, | 
(13026)	1,4,0, | 1,5,0, | 
(11724)	1,3,0, | 1,4,0, | 
(11838)	1,3,0, | 4,5,0, | 
(11724)	1,3,0, | 1,4,0, | 
(11731)	1,3,0, | 1,5,1, | 
(45631)	5,5,1, | 1,3,1, | 
(45752)	5,5,1, | 4,5,2, | 
(45625)	5,5,1, | 1,2,1, | 
(45835)	5,5,2, | 1,1,1, | 
(46005)	5,5,2, | 5,5,3, | 
(45835)	5,5,2, | 1,1,1, | 
(45884)	5,5,2, | 2,3,2, | 
(45835)	5,5,2, | 1,1,1, | 
(46045)	5,5,3, | 1,0,1, | 
(46044)	5,5,3, | 1,0,0, | 
(46044)	5,5,3, | 1,0,0, | 
(46044)	5,5,3, | 1,0,0, | 
(46044)	5,5,3, | 1,0,0, | 
(7989)	1,0,0, | 5,5,3, | 
(7989)	1,0,0, | 5,5,3, | 
(7989)	1,0,0, | 5,5,3, | 
(7989)	1,0,0, | 5,5,3, | 
(7989)	1,0,0, | 5,5,3, | 
(7988)	1,0,0, | 5,5,2, | 
(10796)	1,2,1, | 5,5,2, | 
(7988)	1,0,0, | 5,5,2, | 
(7988)	1,0,0, | 5,5,2, | 
(10795)	1,2,1, | 5,5,1, | 
(10795)	1,2,1, | 5,5,1, | 
(10795)	1,2,1, | 5,5,1, | 
(7987)	1,0,0, | 5,5,1, | 
(10428)	1,2,0, | 1,4,0, | 
(37644)	4,5,0, | 1,4,0, | 
(14316)	1,5,0, | 1,4,0, | 
(13092)	1,4,0, | 3,4,0, | 
(30012)	3,5,0, | 5,4,0, | 
(13020)	1,4,0, | 1,4,0, | 
(13020)	1,4,0, | 1,4,0, | 
(14358)	1,5,0, | 2,5,0, | 
(45492)	5,5,0, | 3,4,0, | 
(13008)	1,4,0, | 1,2,0, | 
(45680)	5,5,1, | 2,5,2, | 
(45625)	5,5,1, | 1,2,1, | 
(45625)	5,5,1, | 1,2,1, | 
(45631)	5,5,1, | 1,3,1, | 
(45979)	5,5,2, | 5,1,1, | 
(45841)	5,5,2, | 1,2,1, | 
(45828)	5,5,2, | 1,0,0, | 
(45835)	5,5,2, | 1,1,1, | 
(46045)	5,5,3, | 1,0,1, | 
(46044)	5,5,3, | 1,0,0, | 
(46044)	5,5,3, | 1,0,0, | 
(46044)	5,5,3, | 1,0,0, | 
(46044)	5,5,3, | 1,0,0, | 
(7989)	1,0,0, | 5,5,3, | 
(7989)	1,0,0, | 5,5,3, | 
(7989)	1,0,0, | 5,5,3, | 
(7989)	1,0,0, | 5,5,3, | 
(7989)	1,0,0, | 5,5,3, | 
(7988)	1,0,0, | 5,5,2, | 
(10796)	1,2,1, | 5,5,2, | 
(7988)	1,0,0, | 5,5,2, | 
(7988)	1,0,0, | 5,5,2, | 
(10795)	1,2,1, | 5,5,1, | 
(10795)	1,2,1, | 5,5,1, | 
(10795)	1,2,1, | 5,5,1, | 
(7987)	1,0,0, | 5,5,1, | 
(10428)	1,2,0, | 1,4,0, | 
(37680)	4,5,0, | 2,4,0, | 
(13026)	1,4,0, | 1,5,0, | 
(13026)	1,4,0, | 1,5,0, | 
(13020)	1,4,0, | 1,4,0, | 
(13098)	1,4,0, | 3,5,0, | 
(14322)	1,5,0, | 1,5,0, | 
(13020)	1,4,0, | 1,4,0, | 
(13026)	1,4,0, | 1,5,0, | 
(13008)	1,4,0, | 1,2,0, | 
(45612)	5,5,1, | 1,0,0, | 
(45625)	5,5,1, | 1,2,1, | 
(45625)	5,5,1, | 1,2,1, | 
(45612)	5,5,1, | 1,0,0, | 
(45828)	5,5,2, | 1,0,0, | 
(45841)	5,5,2, | 1,2,1, | 
(45828)	5,5,2, | 1,0,0, | 
(45841)	5,5,2, | 1,2,1, | 
(46045)	5,5,3, | 1,0,1, | 
(46044)	5,5,3, | 1,0,0, | 
(46044)	5,5,3, | 1,0,0, | 
(46044)	5,5,3, | 1,0,0, | 
(46044)	5,5,3, | 1,0,0, | 
(7989)	1,0,0, | 5,5,3, | 
(7989)	1,0,0, | 5,5,3, | 
(7989)	1,0,0, | 5,5,3, | 
(7989)	1,0,0, | 5,5,3, | 
(7989)	1,0,0, | 5,5,3, | 
(7988)	1,0,0, | 5,5,2, | 
(10796)	1,2,1, | 5,5,2, | 
(7988)	1,0,0, | 5,5,2, | 
(7988)	1,0,0, | 5,5,2, | 
(10795)	1,2,1, | 5,5,1, | 
(10795)	1,2,1, | 5,5,1, | 
(10795)	1,2,1, | 5,5,1, | 
(7987)	1,0,0, | 5,5,1, | 
(10428)	1,2,0, | 1,4,0, | 
(13020)	1,4,0, | 1,4,0, | 
(29940)	3,5,0, | 3,4,0, | 
(14316)	1,5,0, | 1,4,0, | 
(14358)	1,5,0, | 2,5,0, | 
(13020)	1,4,0, | 1,4,0, | 
(13026)	1,4,0, | 1,5,0, | 
(14430)	1,5,0, | 4,5,0, | 
(13170)	1,4,0, | 5,5,0, | 
(13002)	1,4,0, | 1,1,0, | 
(44130)	5,4,0, | 1,5,0, | 
(45625)	5,5,1, | 1,2,1, | 
(45680)	5,5,1, | 2,5,2, | 
(45612)	5,5,1, | 1,0,0, | 
(45972)	5,5,2, | 5,0,0, | 
(45835)	5,5,2, | 1,1,1, | 
(45828)	5,5,2, | 1,0,0, | 
(45835)	5,5,2, | 1,1,1, | 
(46045)	5,5,3, | 1,0,1, | 
(46044)	5,5,3, | 1,0,0, | 
(46044)	5,5,3, | 1,0,0, | 
(46044)	5,5,3, | 1,0,0, | 
(38949)	5,0,0, | 1,5,3, | 
(7953)	1,0,0, | 4,5,3, | 
(7953)	1,0,0, | 4,5,3, | 
(7953)	1,0,0, | 4,5,3, | 
(7953)	1,0,0, | 4,5,3, | 
(7953)	1,0,0, | 4,5,3, | 
(7952)	1,0,0, | 4,5,2, | 
(7952)	1,0,0, | 4,5,2, | 
(10760)	1,2,1, | 4,5,2, | 
(7952)	1,0,0, | 4,5,2, | 
(10759)	1,2,1, | 4,5,1, | 
(7951)	1,0,0, | 4,5,1, | 
(7951)	1,0,0, | 4,5,1, | 
(7951)	1,0,0, | 4,5,1, | 
(9132)	1,1,0, | 1,4,0, | 
(22242)	2,5,0, | 5,5,0, | 
(14388)	1,5,0, | 3,4,0, | 
(13020)	1,4,0, | 1,4,0, | 
(13020)	1,4,0, | 1,4,0, | 
(37650)	4,5,0, | 1,5,0, | 
(13092)	1,4,0, | 3,4,0, | 
(13020)	1,4,0, | 1,4,0, | 
(13020)	1,4,0, | 1,4,0, | 
(12996)	1,4,0, | 1,0,0, | 
(44130)	5,4,0, | 1,5,0, | 
(44130)	5,4,0, | 1,5,0, | 
(45612)	5,5,1, | 1,0,0, | 
(45612)	5,5,1, | 1,0,0, | 
(45864)	5,5,2, | 2,0,0, | 
(45828)	5,5,2, | 1,0,0, | 
(45828)	5,5,2, | 1,0,0, | 
(45828)	5,5,2, | 1,0,0, | 
(46045)	5,5,3, | 1,0,1, | 
(46044)	5,5,3, | 1,0,0, | 
(46044)	5,5,3, | 1,0,0, | 
(46044)	5,5,3, | 1,0,0, | 
(46044)	5,5,3, | 1,0,0, | 
(15084)	1,5,3, | 5,0,0, | 
(15084)	1,5,3, | 5,0,0, | 
(15084)	1,5,3, | 5,0,0, | 
(7969)	1,0,0, | 5,2,1, | 
(7969)	1,0,0, | 5,2,1, | 
(7969)	1,0,0, | 5,2,1, | 
(7969)	1,0,0, | 5,2,1, | 
(15103)	1,5,3, | 5,3,1, | 
(15103)	1,5,3, | 5,3,1, | 
(9499)	1,1,1, | 5,5,1, | 
(7987)	1,0,0, | 5,5,1, | 
(14460)	1,5,0, | 5,4,0, | 
(14460)	1,5,0, | 5,4,0, | 
(9132)	1,1,0, | 1,4,0, | 
(11724)	1,3,0, | 1,4,0, | 
(11796)	1,3,0, | 3,4,0, | 
(36564)	4,4,1, | 1,4,0, | 
(11760)	1,3,0, | 2,4,0, | 
(10536)	1,2,0, | 4,4,0, | 
(13236)	1,4,1, | 1,4,0, | 
(19500)	2,3,0, | 1,4,0, | 
(10428)	1,2,0, | 1,4,0, | 
(10410)	1,2,0, | 1,1,0, | 
(45926)	5,5,2, | 3,4,2, | 
(45841)	5,5,2, | 1,2,1, | 
(45920)	5,5,2, | 3,3,2, | 
(45835)	5,5,2, | 1,1,1, | 
(45835)	5,5,2, | 1,1,1, | 
(45835)	5,5,2, | 1,1,1, | 
(45835)	5,5,2, | 1,1,1, | 
(45835)	5,5,2, | 1,1,1, | 
(46045)	5,5,3, | 1,0,1, | 
(46044)	5,5,3, | 1,0,0, | 
(46044)	5,5,3, | 1,0,0, | 
(46044)	5,5,3, | 1,0,0, | 
(46044)	5,5,3, | 1,0,0, | 
(15084)	1,5,3, | 5,0,0, | 
(7982)	1,0,0, | 5,4,2, | 
(7982)	1,0,0, | 5,4,2, | 
(7982)	1,0,0, | 5,4,2, | 
(7982)	1,0,0, | 5,4,2, | 
(7988)	1,0,0, | 5,5,2, | 
(7988)	1,0,0, | 5,5,2, | 
(10796)	1,2,1, | 5,5,2, | 
(7988)	1,0,0, | 5,5,2, | 
(9499)	1,1,1, | 5,5,1, | 
(7987)	1,0,0, | 5,5,1, | 
(10795)	1,2,1, | 5,5,1, | 
(14460)	1,5,0, | 5,4,0, | 
(9132)	1,1,0, | 1,4,0, | 
(11724)	1,3,0, | 1,4,0, | 
(11832)	1,3,0, | 4,4,0, | 
(11724)	1,3,0, | 1,4,0, | 
(11724)	1,3,0, | 1,4,0, | 
(11730)	1,3,0, | 1,5,0, | 
(11724)	1,3,0, | 1,4,0, | 
(19614)	2,3,0, | 4,5,0, | 
(11760)	1,3,0, | 2,4,0, | 
(11731)	1,3,0, | 1,5,1, | 
(45631)	5,5,1, | 1,3,1, | 
(45752)	5,5,1, | 4,5,2, | 
(45625)	5,5,1, | 1,2,1, | 
(45835)	5,5,2, | 1,1,1, | 
(46005)	5,5,2, | 5,5,3, | 
(45835)	5,5,2, | 1,1,1, | 
(45884)	5,5,2, | 2,3,2, | 
(45835)	5,5,2, | 1,1,1, | 
(46045)	5,5,3, | 1,0,1, | 
(46044)	5,5,3, | 1,0,0, | 
(46044)	5,5,3, | 1,0,0, | 
(46044)	5,5,3, | 1,0,0, | 
(46044)	5,5,3, | 1,0,0, | 
(15084)	1,5,3, | 5,0,0, | 
(7989)	1,0,0, | 5,5,3, | 
(7989)	1,0,0, | 5,5,3, | 
(7989)	1,0,0, | 5,5,3, | 
(7989)	1,0,0, | 5,5,3, | 
(7988)	1,0,0, | 5,5,2, | 
(9500)	1,1,1, | 5,5,2, | 
(10796)	1,2,1, | 5,5,2, | 
(7988)	1,0,0, | 5,5,2, | 
(9499)	1,1,1, | 5,5,1, | 
(7987)	1,0,0, | 5,5,1, | 
(10795)	1,2,1, | 5,5,1, | 
(14460)	1,5,0, | 5,4,0, | 
(9132)	1,1,0, | 1,4,0, | 
(14532)	1,5,1, | 1,4,0, | 
(14610)	1,5,1, | 3,5,0, | 
(14424)	1,5,0, | 4,4,0, | 
(14532)	1,5,1, | 1,4,0, | 
(14466)	1,5,0, | 5,5,0, | 
(13020)	1,4,0, | 1,4,0, | 
(37866)	4,5,1, | 1,5,0, | 
(22308)	2,5,1, | 1,4,0, | 
(13008)	1,4,0, | 1,2,0, | 
(45680)	5,5,1, | 2,5,2, | 
(45625)	5,5,1, | 1,2,1, | 
(45625)	5,5,1, | 1,2,1, | 
(45625)	5,5,1, | 1,2,1, | 
(45979)	5,5,2, | 5,1,1, | 
(45841)	5,5,2, | 1,2,1, | 
(45828)	5,5,2, | 1,0,0, | 
(45835)	5,5,2, | 1,1,1, | 
(46045)	5,5,3, | 1,0,1, | 
(46044)	5,5,3, | 1,0,0, | 
(46044)	5,5,3, | 1,0,0, | 
(46044)	5,5,3, | 1,0,0, | 
(46044)	5,5,3, | 1,0,0, | 
(7989)	1,0,0, | 5,5,3, | 
(7989)	1,0,0, | 5,5,3, | 
(7989)	1,0,0, | 5,5,3, | 
(7989)	1,0,0, | 5,5,3, | 
(7989)	1,0,0, | 5,5,3, | 
(7988)	1,0,0, | 5,5,2, | 
(9500)	1,1,1, | 5,5,2, | 
(10796)	1,2,1, | 5,5,2, | 
(7988)	1,0,0, | 5,5,2, | 
(9499)	1,1,1, | 5,5,1, | 
(7987)	1,0,0, | 5,5,1, | 
(10795)	1,2,1, | 5,5,1, | 
(14460)	1,5,0, | 5,4,0, | 
(9132)	1,1,0, | 1,4,0, | 
(37650)	4,5,0, | 1,5,0, | 
(28578)	3,4,0, | 1,5,0, | 
(14388)	1,5,0, | 3,4,0, | 
(13020)	1,4,0, | 1,4,0, | 
(13098)	1,4,0, | 3,5,0, | 
(13026)	1,4,0, | 1,5,0, | 
(13020)	1,4,0, | 1,4,0, | 
(13056)	1,4,0, | 2,4,0, | 
(13008)	1,4,0, | 1,2,0, | 
(45612)	5,5,1, | 1,0,0, | 
(45625)	5,5,1, | 1,2,1, | 
(45625)	5,5,1, | 1,2,1, | 
(45612)	5,5,1, | 1,0,0, | 
(45828)	5,5,2, | 1,0,0, | 
(45841)	5,5,2, | 1,2,1, | 
(45828)	5,5,2, | 1,0,0, | 
(45841)	5,5,2, | 1,2,1, | 
(46045)	5,5,3, | 1,0,1, | 
(46044)	5,5,3, | 1,0,0, | 
(46044)	5,5,3, | 1,0,0, | 
(46044)	5,5,3, | 1,0,0, | 
(46044)	5,5,3, | 1,0,0, | 
(7989)	1,0,0, | 5,5,3, | 
(7989)	1,0,0, | 5,5,3, | 
(7989)	1,0,0, | 5,5,3, | 
(7989)	1,0,0, | 5,5,3, | 
(7989)	1,0,0, | 5,5,3, | 
(7988)	1,0,0, | 5,5,2, | 
(9500)	1,1,1, | 5,5,2, | 
(10796)	1,2,1, | 5,5,2, | 
(7988)	1,0,0, | 5,5,2, | 
(9499)	1,1,1, | 5,5,1, | 
(7987)	1,0,0, | 5,5,1, | 
(10795)	1,2,1, | 5,5,1, | 
(14460)	1,5,0, | 5,4,0, | 
(9132)	1,1,0, | 1,4,0, | 
(13020)	1,4,0, | 1,4,0, | 
(14460)	1,5,0, | 5,4,0, | 
(14316)	1,5,0, | 1,4,0, | 
(37758)	4,5,0, | 4,5,0, | 
(22206)	2,5,0, | 4,5,0, | 
(13026)	1,4,0, | 1,5,0, | 
(13092)	1,4,0, | 3,4,0, | 
(14460)	1,5,0, | 5,4,0, | 
(13002)	1,4,0, | 1,1,0, | 
(44130)	5,4,0, | 1,5,0, | 
(45625)	5,5,1, | 1,2,1, | 
(45680)	5,5,1, | 2,5,2, | 
(45612)	5,5,1, | 1,0,0, | 
(45972)	5,5,2, | 5,0,0, | 
(45835)	5,5,2, | 1,1,1, | 
(45828)	5,5,2, | 1,0,0, | 
(45835)	5,5,2, | 1,1,1, | 
