(38052)	4,5,2, | 1,0,0, | 
(38052)	4,5,2, | 1,0,0, | 
(38052)	4,5,2, | 1,0,0, | 
(38052)	4,5,2, | 1,0,0, | 
(38268)	4,5,3, | 1,0,0, | 
(7953)	1,0,0, | 4,5,3, | 
(7952)	1,0,0, | 4,5,2, | 
(7952)	1,0,0, | 4,5,2, | 
(7952)	1,0,0, | 4,5,2, | 
(7952)	1,0,0, | 4,5,2, | 
(7952)	1,0,0, | 4,5,2, | 
(7951)	1,0,0, | 4,5,1, | 
(7951)	1,0,0, | 4,5,1, | 
(7951)	1,0,0, | 4,5,1, | 
(7951)	1,0,0, | 4,5,1, | 
(14424)	1,5,0, | 4,4,0, | 
(14424)	1,5,0, | 4,4,0, | 
(14424)	1,5,0, | 4,4,0, | 
(7836)	1,0,0, | 1,4,0, | 
(20796)	2,4,0, | 1,4,0, | 
(13098)	1,4,0, | 3,5,0, | 
(13020)	1,4,0, | 1,4,0, | 
(13092)	1,4,0, | 3,4,0, | 
(13020)	1,4,0, | 1,4,0, | 
(13020)	1,4,0, | 1,4,0, | 
(13020)	1,4,0, | 1,4,0, | 
(28578)	3,4,0, | 1,5,0, | 
(12996)	1,4,0, | 1,0,0, | 
(36354)	4,4,0, | 1,5,0, | 
(36354)	4,4,0, | 1,5,0, | 
(36354)	4,4,0, | 1,5,0, | 
(37836)	4,5,1, | 1,0,0, | 
(37849)	4,5,1, | 1,2,1, | 
(37836)	4,5,1, | 1,0,0, | 
(37836)	4,5,1, | 1,0,0, | 
(38052)	4,5,2, | 1,0,0, | 
(38052)	4,5,2, | 1,0,0, | 
(38052)	4,5,2, | 1,0,0, | 
(38052)	4,5,2, | 1,0,0, | 
(38052)	4,5,2, | 1,0,0, | 
(38268)	4,5,3, | 1,0,0, | 
(15084)	1,5,3, | 5,0,0, | 
(15084)	1,5,3, | 5,0,0, | 
(15084)	1,5,3, | 5,0,0, | 
(15084)	1,5,3, | 5,0,0, | 
(15084)	1,5,3, | 5,0,0, | 
(15084)	1,5,3, | 5,0,0, | 
(14874)	1,5,2, | 5,1,0, | 
(14664)	1,5,1, | 5,2,0, | 
(14664)	1,5,1, | 5,2,0, | 
(14460)	1,5,0, | 5,4,0, | 
(14460)	1,5,0, | 5,4,0, | 
(14460)	1,5,0, | 5,4,0, | 
(14460)	1,5,0, | 5,4,0, | 
(7836)	1,0,0, | 1,4,0, | 
(10578)	1,2,0, | 5,5,0, | 
(10500)	1,2,0, | 3,4,0, | 
(10464)	1,2,0, | 2,4,0, | 
(14388)	1,5,0, | 3,4,0, | 
(14322)	1,5,0, | 1,5,0, | 
(10434)	1,2,0, | 1,5,0, | 
(10428)	1,2,0, | 1,4,0, | 
(10428)	1,2,0, | 1,4,0, | 
(10436)	1,2,0, | 1,5,2, | 
(38052)	4,5,2, | 1,0,0, | 
(38052)	4,5,2, | 1,0,0, | 
(38052)	4,5,2, | 1,0,0, | 
(38052)	4,5,2, | 1,0,0, | 
(38052)	4,5,2, | 1,0,0, | 
(38052)	4,5,2, | 1,0,0, | 
(38052)	4,5,2, | 1,0,0, | 
(38052)	4,5,2, | 1,0,0, | 
(38052)	4,5,2, | 1,0,0, | 
(38052)	4,5,2, | 1,0,0, | 
(38052)	4,5,2, | 1,0,0, | 
(38052)	4,5,2, | 1,0,0, | 
(38268)	4,5,3, | 1,0,0, | 
(15084)	1,5,3, | 5,0,0, | 
(15084)	1,5,3, | 5,0,0, | 
(15084)	1,5,3, | 5,0,0, | 
(15084)	1,5,3, | 5,0,0, | 
(15084)	1,5,3, | 5,0,0, | 
(7988)	1,0,0, | 5,5,2, | 
(14899)	1,5,2, | 5,5,1, | 
(7987)	1,0,0, | 5,5,1, | 
(14460)	1,5,0, | 5,4,0, | 
(14460)	1,5,0, | 5,4,0, | 
(14460)	1,5,0, | 5,4,0, | 
(14460)	1,5,0, | 5,4,0, | 
(14460)	1,5,0, | 5,4,0, | 
(7836)	1,0,0, | 1,4,0, | 
(19506)	2,3,0, | 1,5,0, | 
(11724)	1,3,0, | 1,4,0, | 
(11760)	1,3,0, | 2,4,0, | 
(13020)	1,4,0, | 1,4,0, | 
(14316)	1,5,0, | 1,4,0, | 
(11724)	1,3,0, | 1,4,0, | 
(11730)	1,3,0, | 1,5,0, | 
(11724)	1,3,0, | 1,4,0, | 
(11732)	1,3,0, | 1,5,2, | 
(37836)	4,5,1, | 1,0,0, | 
(37836)	4,5,1, | 1,0,0, | 
(37836)	4,5,1, | 1,0,0, | 
(37836)	4,5,1, | 1,0,0, | 
(37836)	4,5,1, | 1,0,0, | 
(37836)	4,5,1, | 1,0,0, | 
(38052)	4,5,2, | 1,0,0, | 
(38052)	4,5,2, | 1,0,0, | 
(38052)	4,5,2, | 1,0,0, | 
(38052)	4,5,2, | 1,0,0, | 
(38052)	4,5,2, | 1,0,0, | 
(38052)	4,5,2, | 1,0,0, | 
(38268)	4,5,3, | 1,0,0, | 
(15084)	1,5,3, | 5,0,0, | 
(15084)	1,5,3, | 5,0,0, | 
(7988)	1,0,0, | 5,5,2, | 
(7988)	1,0,0, | 5,5,2, | 
(7988)	1,0,0, | 5,5,2, | 
(7988)	1,0,0, | 5,5,2, | 
(7987)	1,0,0, | 5,5,1, | 
(7987)	1,0,0, | 5,5,1, | 
(7987)	1,0,0, | 5,5,1, | 
(14460)	1,5,0, | 5,4,0, | 
(14460)	1,5,0, | 5,4,0, | 
(14460)	1,5,0, | 5,4,0, | 
(14460)	1,5,0, | 5,4,0, | 
(7836)	1,0,0, | 1,4,0, | 
(13170)	1,4,0, | 5,5,0, | 
(13026)	1,4,0, | 1,5,0, | 
(13056)	1,4,0, | 2,4,0, | 
(14388)	1,5,0, | 3,4,0, | 
(14322)	1,5,0, | 1,5,0, | 
(13062)	1,4,0, | 2,5,0, | 
(13026)	1,4,0, | 1,5,0, | 
(13020)	1,4,0, | 1,4,0, | 
(13171)	1,4,0, | 5,5,1, | 
(37836)	4,5,1, | 1,0,0, | 
(37836)	4,5,1, | 1,0,0, | 
(37836)	4,5,1, | 1,0,0, | 
(37836)	4,5,1, | 1,0,0, | 
(37836)	4,5,1, | 1,0,0, | 
(37836)	4,5,1, | 1,0,0, | 
(37836)	4,5,1, | 1,0,0, | 
(37836)	4,5,1, | 1,0,0, | 
(38052)	4,5,2, | 1,0,0, | 
(38052)	4,5,2, | 1,0,0, | 
(38052)	4,5,2, | 1,0,0, | 
(38052)	4,5,2, | 1,0,0, | 
(38268)	4,5,3, | 1,0,0, | 
(15084)	1,5,3, | 5,0,0, | 
(7988)	1,0,0, | 5,5,2, | 
(7988)	1,0,0, | 5,5,2, | 
(7988)	1,0,0, | 5,5,2, | 
(7988)	1,0,0, | 5,5,2, | 
(7988)	1,0,0, | 5,5,2, | 
(7987)	1,0,0, | 5,5,1, | 
(7987)	1,0,0, | 5,5,1, | 
(7987)	1,0,0, | 5,5,1, | 
(14460)	1,5,0, | 5,4,0, | 
(14460)	1,5,0, | 5,4,0, | 
(14460)	1,5,0, | 5,4,0, | 
(14460)	1,5,0, | 5,4,0, | 
(7836)	1,0,0, | 1,4,0, | 
(20838)	2,4,0, | 2,5,0, | 
(13092)	1,4,0, | 3,4,0, | 
(13092)	1,4,0, | 3,4,0, | 
(13026)	1,4,0, | 1,5,0, | 
(14388)	1,5,0, | 3,4,0, | 
(13170)	1,4,0, | 5,5,0, | 
(13026)	1,4,0, | 1,5,0, | 
(29868)	3,5,0, | 1,4,0, | 
(13128)	1,4,0, | 4,4,0, | 
(37836)	4,5,1, | 1,0,0, | 
(37836)	4,5,1, | 1,0,0, | 
(37836)	4,5,1, | 1,0,0, | 
(37836)	4,5,1, | 1,0,0, | 
(37836)	4,5,1, | 1,0,0, | 
(37836)	4,5,1, | 1,0,0, | 
(37836)	4,5,1, | 1,0,0, | 
(37836)	4,5,1, | 1,0,0, | 
(38052)	4,5,2, | 1,0,0, | 
(38052)	4,5,2, | 1,0,0, | 
(38052)	4,5,2, | 1,0,0, | 
(38052)	4,5,2, | 1,0,0, | 
(38268)	4,5,3, | 1,0,0, | 
(15084)	1,5,3, | 5,0,0, | 
(7988)	1,0,0, | 5,5,2, | 
(7988)	1,0,0, | 5,5,2, | 
(7988)	1,0,0, | 5,5,2, | 
(7988)	1,0,0, | 5,5,2, | 
(7988)	1,0,0, | 5,5,2, | 
(7987)	1,0,0, | 5,5,1, | 
(7987)	1,0,0, | 5,5,1, | 
(7987)	1,0,0, | 5,5,1, | 
(14460)	1,5,0, | 5,4,0, | 
(14460)	1,5,0, | 5,4,0, | 
(14460)	1,5,0, | 5,4,0, | 
(14460)	1,5,0, | 5,4,0, | 
(7836)	1,0,0, | 1,4,0, | 
(13062)	1,4,0, | 2,5,0, | 
(22098)	2,5,0, | 1,5,0, | 
(13020)	1,4,0, | 1,4,0, | 
(13020)	1,4,0, | 1,4,0, | 
(14316)	1,5,0, | 1,4,0, | 
(13098)	1,4,0, | 3,5,0, | 
(13026)	1,4,0, | 1,5,0, | 
(29940)	3,5,0, | 3,4,0, | 
(13165)	1,4,0, | 5,4,1, | 
(36324)	4,4,0, | 1,0,0, | 
(37836)	4,5,1, | 1,0,0, | 
(37836)	4,5,1, | 1,0,0, | 
(37836)	4,5,1, | 1,0,0, | 
(37836)	4,5,1, | 1,0,0, | 
(37836)	4,5,1, | 1,0,0, | 
(37836)	4,5,1, | 1,0,0, | 
(37836)	4,5,1, | 1,0,0, | 
(38949)	5,0,0, | 1,5,3, | 
(38949)	5,0,0, | 1,5,3, | 
(38949)	5,0,0, | 1,5,3, | 
(38949)	5,0,0, | 1,5,3, | 
(38949)	5,0,0, | 1,5,3, | 
(7953)	1,0,0, | 4,5,3, | 
(7952)	1,0,0, | 4,5,2, | 
(7952)	1,0,0, | 4,5,2, | 
(7952)	1,0,0, | 4,5,2, | 
(7952)	1,0,0, | 4,5,2, | 
(7952)	1,0,0, | 4,5,2, | 
(7952)	1,0,0, | 4,5,2, | 
(7952)	1,0,0, | 4,5,2, | 
(7952)	1,0,0, | 4,5,2, | 
(7952)	1,0,0, | 4,5,2, | 
(7952)	1,0,0, | 4,5,2, | 
(7952)	1,0,0, | 4,5,2, | 
(7952)	1,0,0, | 4,5,2, | 
(14736)	1,5,2, | 1,2,0, | 
(13008)	1,4,0, | 1,2,0, | 
(13164)	1,4,0, | 5,4,0, | 
(13128)	1,4,0, | 4,4,0, | 
(13008)	1,4,0, | 1,2,0, | 
(13080)	1,4,0, | 3,2,0, | 
(13008)	1,4,0, | 1,2,0, | 
(13134)	1,4,0, | 4,5,0, | 
(13026)	1,4,0, | 1,5,0, | 
(12996)	1,4,0, | 1,0,0, | 
(44130)	5,4,0, | 1,5,0, | 
(44130)	5,4,0, | 1,5,0, | 
(44130)	5,4,0, | 1,5,0, | 
(44130)	5,4,0, | 1,5,0, | 
(41539)	5,2,0, | 1,5,1, | 
(41539)	5,2,0, | 1,5,1, | 
(40244)	5,1,0, | 1,5,2, | 
(38949)	5,0,0, | 1,5,3, | 
(43020)	5,3,1, | 1,0,0, | 
(41724)	5,2,1, | 1,0,0, | 
(41724)	5,2,1, | 1,0,0, | 
(41724)	5,2,1, | 1,0,0, | 
(41724)	5,2,1, | 1,0,0, | 
(7969)	1,0,0, | 5,2,1, | 
(7969)	1,0,0, | 5,2,1, | 
(7969)	1,0,0, | 5,2,1, | 
(7969)	1,0,0, | 5,2,1, | 
(7975)	1,0,0, | 5,3,1, | 
(7975)	1,0,0, | 5,3,1, | 
(7975)	1,0,0, | 5,3,1, | 
(7975)	1,0,0, | 5,3,1, | 
(7975)	1,0,0, | 5,3,1, | 
(7975)	1,0,0, | 5,3,1, | 
(7975)	1,0,0, | 5,3,1, | 
(7975)	1,0,0, | 5,3,1, | 
(7975)	1,0,0, | 5,3,1, | 
(14736)	1,5,2, | 1,2,0, | 
(37638)	4,5,0, | 1,3,0, | 
(37746)	4,5,0, | 4,3,0, | 
(11833)	1,3,0, | 4,4,1, | 
(42978)	5,3,0, | 5,5,0, | 
(30018)	3,5,0, | 5,5,0, | 
(11876)	1,3,0, | 5,5,2, | 
(10542)	1,2,0, | 4,5,0, | 
(14466)	1,5,0, | 5,5,0, | 
(10436)	1,2,0, | 1,5,2, | 
(43020)	5,3,1, | 1,0,0, | 
(43020)	5,3,1, | 1,0,0, | 
(43020)	5,3,1, | 1,0,0, | 
(43020)	5,3,1, | 1,0,0, | 
(43020)	5,3,1, | 1,0,0, | 
(43020)	5,3,1, | 1,0,0, | 
(43020)	5,3,1, | 1,0,0, | 
(43020)	5,3,1, | 1,0,0, | 
(38942)	5,0,0, | 1,4,2, | 
(38942)	5,0,0, | 1,4,2, | 
(38942)	5,0,0, | 1,4,2, | 
(38942)	5,0,0, | 1,4,2, | 
(38942)	5,0,0, | 1,4,2, | 
(7982)	1,0,0, | 5,4,2, | 
(7982)	1,0,0, | 5,4,2, | 
(7988)	1,0,0, | 5,5,2, | 
(7988)	1,0,0, | 5,5,2, | 
(7988)	1,0,0, | 5,5,2, | 
(7988)	1,0,0, | 5,5,2, | 
(7988)	1,0,0, | 5,5,2, | 
(7988)	1,0,0, | 5,5,2, | 
(7988)	1,0,0, | 5,5,2, | 
(7988)	1,0,0, | 5,5,2, | 
(7988)	1,0,0, | 5,5,2, | 
(7988)	1,0,0, | 5,5,2, | 
(7988)	1,0,0, | 5,5,2, | 
(14736)	1,5,2, | 1,2,0, | 
(37644)	4,5,0, | 1,4,0, | 
(37687)	4,5,0, | 2,5,1, | 
(37998)	4,5,1, | 5,3,0, | 
(37723)	4,5,0, | 3,5,1, | 
(14322)	1,5,0, | 1,5,0, | 
(11768)	1,3,0, | 2,5,2, | 
(11725)	1,3,0, | 1,4,1, | 
(14322)	1,5,0, | 1,5,0, | 
(11732)	1,3,0, | 1,5,2, | 
(42804)	5,3,0, | 1,0,0, | 
(41533)	5,2,0, | 1,4,1, | 
(41533)	5,2,0, | 1,4,1, | 
(41533)	5,2,0, | 1,4,1, | 
(44316)	5,4,1, | 1,0,0, | 
(44316)	5,4,1, | 1,0,0, | 
(43020)	5,3,1, | 1,0,0, | 
(38942)	5,0,0, | 1,4,2, | 
(38949)	5,0,0, | 1,5,3, | 
(38949)	5,0,0, | 1,5,3, | 
(38949)	5,0,0, | 1,5,3, | 
(38949)	5,0,0, | 1,5,3, | 
(38949)	5,0,0, | 1,5,3, | 
(7989)	1,0,0, | 5,5,3, | 
(7988)	1,0,0, | 5,5,2, | 
(7988)	1,0,0, | 5,5,2, | 
(7988)	1,0,0, | 5,5,2, | 
(7988)	1,0,0, | 5,5,2, | 
(7988)	1,0,0, | 5,5,2, | 
(7988)	1,0,0, | 5,5,2, | 
(7988)	1,0,0, | 5,5,2, | 
(7988)	1,0,0, | 5,5,2, | 
(7988)	1,0,0, | 5,5,2, | 
(7988)	1,0,0, | 5,5,2, | 
(7988)	1,0,0, | 5,5,2, | 
(7988)	1,0,0, | 5,5,2, | 
(14736)	1,5,2, | 1,2,0, | 
(37651)	4,5,0, | 1,5,1, | 
(37632)	4,5,0, | 1,2,0, | 
(45426)	5,5,0, | 1,5,0, | 
(37759)	4,5,0, | 4,5,1, | 
(22386)	2,5,1, | 3,5,0, | 
(44131)	5,4,0, | 1,5,1, | 
(14540)	1,5,1, | 1,5,2, | 
(13063)	1,4,0, | 2,5,1, | 
(13171)	1,4,0, | 5,5,1, | 
(45612)	5,5,1, | 1,0,0, | 
(45612)	5,5,1, | 1,0,0, | 
(45612)	5,5,1, | 1,0,0, | 
(45612)	5,5,1, | 1,0,0, | 
(41539)	5,2,0, | 1,5,1, | 
(41539)	5,2,0, | 1,5,1, | 
(40244)	5,1,0, | 1,5,2, | 
(38949)	5,0,0, | 1,5,3, | 
(38949)	5,0,0, | 1,5,3, | 
(38949)	5,0,0, | 1,5,3, | 
(38949)	5,0,0, | 1,5,3, | 
(38949)	5,0,0, | 1,5,3, | 
(38949)	5,0,0, | 1,5,3, | 
(7989)	1,0,0, | 5,5,3, | 
(7988)	1,0,0, | 5,5,2, | 
(7988)	1,0,0, | 5,5,2, | 
(7988)	1,0,0, | 5,5,2, | 
(7988)	1,0,0, | 5,5,2, | 
(7988)	1,0,0, | 5,5,2, | 
(7988)	1,0,0, | 5,5,2, | 
(7988)	1,0,0, | 5,5,2, | 
(7988)	1,0,0, | 5,5,2, | 
(7988)	1,0,0, | 5,5,2, | 
(7988)	1,0,0, | 5,5,2, | 
(7988)	1,0,0, | 5,5,2, | 
(7988)	1,0,0, | 5,5,2, | 
(14736)	1,5,2, | 1,2,0, | 
(37638)	4,5,0, | 1,3,0, | 
(37644)	4,5,0, | 1,4,0, | 
(13062)	1,4,0, | 2,5,0, | 
(45426)	5,5,0, | 1,5,0, | 
(29874)	3,5,0, | 1,5,0, | 
(44232)	5,4,0, | 4,4,0, | 
(44239)	5,4,0, | 4,5,1, | 
(37788)	4,5,0, | 5,4,0, | 
(13128)	1,4,0, | 4,4,0, | 
(44100)	5,4,0, | 1,0,0, | 
(45612)	5,5,1, | 1,0,0, | 
(45612)	5,5,1, | 1,0,0, | 
(45612)	5,5,1, | 1,0,0, | 
(41539)	5,2,0, | 1,5,1, | 
(41539)	5,2,0, | 1,5,1, | 
(40244)	5,1,0, | 1,5,2, | 
(38949)	5,0,0, | 1,5,3, | 
(38949)	5,0,0, | 1,5,3, | 
(38949)	5,0,0, | 1,5,3, | 
(38949)	5,0,0, | 1,5,3, | 
(38949)	5,0,0, | 1,5,3, | 
(38949)	5,0,0, | 1,5,3, | 
(7989)	1,0,0, | 5,5,3, | 
(7988)	1,0,0, | 5,5,2, | 
(7988)	1,0,0, | 5,5,2, | 
(7988)	1,0,0, | 5,5,2, | 
(7988)	1,0,0, | 5,5,2, | 
(7988)	1,0,0, | 5,5,2, | 
(7988)	1,0,0, | 5,5,2, | 
(7988)	1,0,0, | 5,5,2, | 
(7988)	1,0,0, | 5,5,2, | 
(7988)	1,0,0, | 5,5,2, | 
(7988)	1,0,0, | 5,5,2, | 
(7988)	1,0,0, | 5,5,2, | 
(7988)	1,0,0, | 5,5,2, | 
(14736)	1,5,2, | 1,2,0, | 
(37710)	4,5,0, | 3,3,0, | 
(37716)	4,5,0, | 3,4,0, | 
(45462)	5,5,0, | 2,5,0, | 
(45498)	5,5,0, | 3,5,0, | 
(36498)	4,4,0, | 5,5,0, | 
(44203)	5,4,0, | 3,5,1, | 
(44275)	5,4,0, | 5,5,1, | 
(13158)	1,4,0, | 5,3,0, | 
(13165)	1,4,0, | 5,4,1, | 
(44100)	5,4,0, | 1,0,0, | 
(44100)	5,4,0, | 1,0,0, | 
(45612)	5,5,1, | 1,0,0, | 
(41539)	5,2,0, | 1,5,1, | 
(41539)	5,2,0, | 1,5,1, | 
(41539)	5,2,0, | 1,5,1, | 
(40244)	5,1,0, | 1,5,2, | 
(38949)	5,0,0, | 1,5,3, | 
(38949)	5,0,0, | 1,5,3, | 
(38949)	5,0,0, | 1,5,3, | 
(38949)	5,0,0, | 1,5,3, | 
(38949)	5,0,0, | 1,5,3, | 
(38949)	5,0,0, | 1,5,3, | 
(7953)	1,0,0, | 4,5,3, | 
(7952)	1,0,0, | 4,5,2, | 
(7952)	1,0,0, | 4,5,2, | 
(7952)	1,0,0, | 4,5,2, | 
(7952)	1,0,0, | 4,5,2, | 
(7952)	1,0,0, | 4,5,2, | 
(7952)	1,0,0, | 4,5,2, | 
(7951)	1,0,0, | 4,5,1, | 
(7951)	1,0,0, | 4,5,1, | 
(7951)	1,0,0, | 4,5,1, | 
(7951)	1,0,0, | 4,5,1, | 
(7951)	1,0,0, | 4,5,1, | 
(7951)	1,0,0, | 4,5,1, | 
(14322)	1,5,0, | 1,5,0, | 
(13014)	1,4,0, | 1,3,0, | 
(13098)	1,4,0, | 3,5,0, | 
(13086)	1,4,0, | 3,3,0, | 
(13014)	1,4,0, | 1,3,0, | 
(13086)	1,4,0, | 3,3,0, | 
(13014)	1,4,0, | 1,3,0, | 
(13134)	1,4,0, | 4,5,0, | 
(13026)	1,4,0, | 1,5,0, | 
(12996)	1,4,0, | 1,0,0, | 
(44130)	5,4,0, | 1,5,0, | 
(44130)	5,4,0, | 1,5,0, | 
(44130)	5,4,0, | 1,5,0, | 
(44130)	5,4,0, | 1,5,0, | 
(44130)	5,4,0, | 1,5,0, | 
(45612)	5,5,1, | 1,0,0, | 
(45612)	5,5,1, | 1,0,0, | 
(45828)	5,5,2, | 1,0,0, | 
(45828)	5,5,2, | 1,0,0, | 
(45828)	5,5,2, | 1,0,0, | 
(45828)	5,5,2, | 1,0,0, | 
(44532)	5,4,2, | 1,0,0, | 
(44532)	5,4,2, | 1,0,0, | 
(13572)	1,4,2, | 5,0,0, | 
(13572)	1,4,2, | 5,0,0, | 
(13572)	1,4,2, | 5,0,0, | 
(13572)	1,4,2, | 5,0,0, | 
(13572)	1,4,2, | 5,0,0, | 
(13572)	1,4,2, | 5,0,0, | 
(7975)	1,0,0, | 5,3,1, | 
(7981)	1,0,0, | 5,4,1, | 
(7981)	1,0,0, | 5,4,1, | 
(13368)	1,4,1, | 5,2,0, | 
(13368)	1,4,1, | 5,2,0, | 
(13368)	1,4,1, | 5,2,0, | 
(7974)	1,0,0, | 5,3,0, | 
(14322)	1,5,0, | 1,5,0, | 
(14604)	1,5,1, | 3,4,0, | 
(22422)	2,5,1, | 4,5,0, | 
(10500)	1,2,0, | 3,4,0, | 
(14466)	1,5,0, | 5,5,0, | 
(10542)	1,2,0, | 4,5,0, | 
(14646)	1,5,1, | 4,5,0, | 
(11838)	1,3,0, | 4,5,0, | 
(10434)	1,2,0, | 1,5,0, | 
(10436)	1,2,0, | 1,5,2, | 
(45828)	5,5,2, | 1,0,0, | 
(45828)	5,5,2, | 1,0,0, | 
(45828)	5,5,2, | 1,0,0, | 
(45828)	5,5,2, | 1,0,0, | 
(45828)	5,5,2, | 1,0,0, | 
(45828)	5,5,2, | 1,0,0, | 
(45828)	5,5,2, | 1,0,0, | 
(45828)	5,5,2, | 1,0,0, | 
(45829)	5,5,2, | 1,0,1, | 
(45828)	5,5,2, | 1,0,0, | 
(45828)	5,5,2, | 1,0,0, | 
(45828)	5,5,2, | 1,0,0, | 
(44532)	5,4,2, | 1,0,0, | 
(7982)	1,0,0, | 5,4,2, | 
(7988)	1,0,0, | 5,5,2, | 
(7988)	1,0,0, | 5,5,2, | 
(7988)	1,0,0, | 5,5,2, | 
(7988)	1,0,0, | 5,5,2, | 
(7988)	1,0,0, | 5,5,2, | 
(7988)	1,0,0, | 5,5,2, | 
(7981)	1,0,0, | 5,4,1, | 
(7987)	1,0,0, | 5,5,1, | 
(7987)	1,0,0, | 5,5,1, | 
(7987)	1,0,0, | 5,5,1, | 
(7987)	1,0,0, | 5,5,1, | 
(7987)	1,0,0, | 5,5,1, | 
(14322)	1,5,0, | 1,5,0, | 
(30162)	3,5,1, | 3,5,0, | 
(22380)	2,5,1, | 3,4,0, | 
(14604)	1,5,1, | 3,4,0, | 
(13027)	1,4,0, | 1,5,1, | 
(14322)	1,5,0, | 1,5,0, | 
(28615)	3,4,0, | 2,5,1, | 
(11796)	1,3,0, | 3,4,0, | 
(14322)	1,5,0, | 1,5,0, | 
(11732)	1,3,0, | 1,5,2, | 
(45612)	5,5,1, | 1,0,0, | 
(45612)	5,5,1, | 1,0,0, | 
(45612)	5,5,1, | 1,0,0, | 
(45612)	5,5,1, | 1,0,0, | 
(45612)	5,5,1, | 1,0,0, | 
(44316)	5,4,1, | 1,0,0, | 
(45828)	5,5,2, | 1,0,0, | 
(45828)	5,5,2, | 1,0,0, | 
(45828)	5,5,2, | 1,0,0, | 
(45828)	5,5,2, | 1,0,0, | 
(45828)	5,5,2, | 1,0,0, | 
(45828)	5,5,2, | 1,0,0, | 
(38949)	5,0,0, | 1,5,3, | 
(7989)	1,0,0, | 5,5,3, | 
(7988)	1,0,0, | 5,5,2, | 
(7988)	1,0,0, | 5,5,2, | 
(7988)	1,0,0, | 5,5,2, | 
(7988)	1,0,0, | 5,5,2, | 
(7988)	1,0,0, | 5,5,2, | 
(7988)	1,0,0, | 5,5,2, | 
(7987)	1,0,0, | 5,5,1, | 
(7987)	1,0,0, | 5,5,1, | 
(7987)	1,0,0, | 5,5,1, | 
(7987)	1,0,0, | 5,5,1, | 
(7987)	1,0,0, | 5,5,1, | 
(7987)	1,0,0, | 5,5,1, | 
(14322)	1,5,0, | 1,5,0, | 
(13171)	1,4,0, | 5,5,1, | 
(14676)	1,5,1, | 5,4,0, | 
(14568)	1,5,1, | 2,4,0, | 
(14430)	1,5,0, | 4,5,0, | 
(13134)	1,4,0, | 4,5,0, | 
(13134)	1,4,0, | 4,5,0, | 
(20946)	2,4,0, | 5,5,0, | 
(13026)	1,4,0, | 1,5,0, | 
(13171)	1,4,0, | 5,5,1, | 
(45612)	5,5,1, | 1,0,0, | 
(45612)	5,5,1, | 1,0,0, | 
(45612)	5,5,1, | 1,0,0, | 
(45612)	5,5,1, | 1,0,0, | 
(45612)	5,5,1, | 1,0,0, | 
(45612)	5,5,1, | 1,0,0, | 
(45612)	5,5,1, | 1,0,0, | 
(45612)	5,5,1, | 1,0,0, | 
(45828)	5,5,2, | 1,0,0, | 
(45828)	5,5,2, | 1,0,0, | 
(45828)	5,5,2, | 1,0,0, | 
(38949)	5,0,0, | 1,5,3, | 
(38949)	5,0,0, | 1,5,3, | 
(7989)	1,0,0, | 5,5,3, | 
(7988)	1,0,0, | 5,5,2, | 
(7988)	1,0,0, | 5,5,2, | 
(7988)	1,0,0, | 5,5,2, | 
(7988)	1,0,0, | 5,5,2, | 
(7988)	1,0,0, | 5,5,2, | 
(7988)	1,0,0, | 5,5,2, | 
(7987)	1,0,0, | 5,5,1, | 
(7987)	1,0,0, | 5,5,1, | 
(7987)	1,0,0, | 5,5,1, | 
(7987)	1,0,0, | 5,5,1, | 
(7987)	1,0,0, | 5,5,1, | 
(7987)	1,0,0, | 5,5,1, | 
(14322)	1,5,0, | 1,5,0, | 
(44130)	5,4,0, | 1,5,0, | 
(14358)	1,5,0, | 2,5,0, | 
(28579)	3,4,0, | 1,5,1, | 
(14394)	1,5,0, | 3,5,0, | 
(14322)	1,5,0, | 1,5,0, | 
(28615)	3,4,0, | 2,5,1, | 
(44166)	5,4,0, | 2,5,0, | 
(13026)	1,4,0, | 1,5,0, | 
(13128)	1,4,0, | 4,4,0, | 
(45612)	5,5,1, | 1,0,0, | 
(45612)	5,5,1, | 1,0,0, | 
(45612)	5,5,1, | 1,0,0, | 
(45612)	5,5,1, | 1,0,0, | 
(45612)	5,5,1, | 1,0,0, | 
(45612)	5,5,1, | 1,0,0, | 
(45612)	5,5,1, | 1,0,0, | 
(45612)	5,5,1, | 1,0,0, | 
(45829)	5,5,2, | 1,0,1, | 
(45828)	5,5,2, | 1,0,0, | 
(38949)	5,0,0, | 1,5,3, | 
(38949)	5,0,0, | 1,5,3, | 
(38949)	5,0,0, | 1,5,3, | 
(7989)	1,0,0, | 5,5,3, | 
(7988)	1,0,0, | 5,5,2, | 
(7988)	1,0,0, | 5,5,2, | 
(7988)	1,0,0, | 5,5,2, | 
(7988)	1,0,0, | 5,5,2, | 
(7988)	1,0,0, | 5,5,2, | 
(7988)	1,0,0, | 5,5,2, | 
(7987)	1,0,0, | 5,5,1, | 
(7987)	1,0,0, | 5,5,1, | 
(7987)	1,0,0, | 5,5,1, | 
(7987)	1,0,0, | 5,5,1, | 
(7987)	1,0,0, | 5,5,1, | 
(7987)	1,0,0, | 5,5,1, | 
(14322)	1,5,0, | 1,5,0, | 
(44130)	5,4,0, | 1,5,0, | 
(14394)	1,5,0, | 3,5,0, | 
(28651)	3,4,0, | 3,5,1, | 
(14358)	1,5,0, | 2,5,0, | 
(14394)	1,5,0, | 3,5,0, | 
(14358)	1,5,0, | 2,5,0, | 
(44238)	5,4,0, | 4,5,0, | 
(28710)	3,4,0, | 5,3,0, | 
(13165)	1,4,0, | 5,4,1, | 
(44100)	5,4,0, | 1,0,0, | 
(45612)	5,5,1, | 1,0,0, | 
(45612)	5,5,1, | 1,0,0, | 
(45612)	5,5,1, | 1,0,0, | 
(45612)	5,5,1, | 1,0,0, | 
(45612)	5,5,1, | 1,0,0, | 
(45612)	5,5,1, | 1,0,0, | 
(45612)	5,5,1, | 1,0,0, | 
(45828)	5,5,2, | 1,0,0, | 
(45828)	5,5,2, | 1,0,0, | 
(45828)	5,5,2, | 1,0,0, | 
(38949)	5,0,0, | 1,5,3, | 
(38949)	5,0,0, | 1,5,3, | 
(7953)	1,0,0, | 4,5,3, | 
(7952)	1,0,0, | 4,5,2, | 
(7952)	1,0,0, | 4,5,2, | 
(7952)	1,0,0, | 4,5,2, | 
(7952)	1,0,0, | 4,5,2, | 
(7951)	1,0,0, | 4,5,1, | 
(7951)	1,0,0, | 4,5,1, | 
(7951)	1,0,0, | 4,5,1, | 
(7951)	1,0,0, | 4,5,1, | 
(7951)	1,0,0, | 4,5,1, | 
(7951)	1,0,0, | 4,5,1, | 
(7951)	1,0,0, | 4,5,1, | 
(7951)	1,0,0, | 4,5,1, | 
(45636)	5,5,1, | 1,4,0, | 
(13027)	1,4,0, | 1,5,1, | 
(13098)	1,4,0, | 3,5,0, | 
(13099)	1,4,0, | 3,5,1, | 
(13020)	1,4,0, | 1,4,0, | 
(13099)	1,4,0, | 3,5,1, | 
(13020)	1,4,0, | 1,4,0, | 
(13134)	1,4,0, | 4,5,0, | 
(13026)	1,4,0, | 1,5,0, | 
(12996)	1,4,0, | 1,0,0, | 
(44130)	5,4,0, | 1,5,0, | 
(44130)	5,4,0, | 1,5,0, | 
(44130)	5,4,0, | 1,5,0, | 
(44130)	5,4,0, | 1,5,0, | 
(45612)	5,5,1, | 1,0,0, | 
(45612)	5,5,1, | 1,0,0, | 
(45612)	5,5,1, | 1,0,0, | 
(45828)	5,5,2, | 1,0,0, | 
(45828)	5,5,2, | 1,0,0, | 
(45828)	5,5,2, | 1,0,0, | 
(45828)	5,5,2, | 1,0,0, | 
(45828)	5,5,2, | 1,0,0, | 
(46044)	5,5,3, | 1,0,0, | 
(15084)	1,5,3, | 5,0,0, | 
(15084)	1,5,3, | 5,0,0, | 
(15084)	1,5,3, | 5,0,0, | 
(15084)	1,5,3, | 5,0,0, | 
(15084)	1,5,3, | 5,0,0, | 
(15084)	1,5,3, | 5,0,0, | 
(14874)	1,5,2, | 5,1,0, | 
(14664)	1,5,1, | 5,2,0, | 
(14664)	1,5,1, | 5,2,0, | 
(7987)	1,0,0, | 5,5,1, | 
(7987)	1,0,0, | 5,5,1, | 
(7987)	1,0,0, | 5,5,1, | 
(7987)	1,0,0, | 5,5,1, | 
(45636)	5,5,1, | 1,4,0, | 
(45498)	5,5,0, | 3,5,0, | 
(14646)	1,5,1, | 4,5,0, | 
(14610)	1,5,1, | 3,5,0, | 
(37794)	4,5,0, | 5,5,0, | 
(45570)	5,5,0, | 5,5,0, | 
(10542)	1,2,0, | 4,5,0, | 
(10542)	1,2,0, | 4,5,0, | 
(14466)	1,5,0, | 5,5,0, | 
(10436)	1,2,0, | 1,5,2, | 
(45828)	5,5,2, | 1,0,0, | 
(45828)	5,5,2, | 1,0,0, | 
(45828)	5,5,2, | 1,0,0, | 
(45828)	5,5,2, | 1,0,0, | 
(45828)	5,5,2, | 1,0,0, | 
(45828)	5,5,2, | 1,0,0, | 
(45828)	5,5,2, | 1,0,0, | 
(45828)	5,5,2, | 1,0,0, | 
(45828)	5,5,2, | 1,0,0, | 
(45828)	5,5,2, | 1,0,0, | 
(45828)	5,5,2, | 1,0,0, | 
(45828)	5,5,2, | 1,0,0, | 
(46044)	5,5,3, | 1,0,0, | 
(15084)	1,5,3, | 5,0,0, | 
(7988)	1,0,0, | 5,5,2, | 
(7988)	1,0,0, | 5,5,2, | 
(7988)	1,0,0, | 5,5,2, | 
(7988)	1,0,0, | 5,5,2, | 
(7987)	1,0,0, | 5,5,1, | 
(7987)	1,0,0, | 5,5,1, | 
(7987)	1,0,0, | 5,5,1, | 
(7987)	1,0,0, | 5,5,1, | 
(7987)	1,0,0, | 5,5,1, | 
(7987)	1,0,0, | 5,5,1, | 
(7987)	1,0,0, | 5,5,1, | 
(7987)	1,0,0, | 5,5,1, | 
(45636)	5,5,1, | 1,4,0, | 
(37759)	4,5,0, | 4,5,1, | 
(45427)	5,5,0, | 1,5,1, | 
(37716)	4,5,0, | 3,4,0, | 
(29874)	3,5,0, | 1,5,0, | 
(37687)	4,5,0, | 2,5,1, | 
(13063)	1,4,0, | 2,5,1, | 
(13063)	1,4,0, | 2,5,1, | 
(14359)	1,5,0, | 2,5,1, | 
(11732)	1,3,0, | 1,5,2, | 
(45612)	5,5,1, | 1,0,0, | 
(45612)	5,5,1, | 1,0,0, | 
(45612)	5,5,1, | 1,0,0, | 
(45612)	5,5,1, | 1,0,0, | 
(45612)	5,5,1, | 1,0,0, | 
(45612)	5,5,1, | 1,0,0, | 
(45828)	5,5,2, | 1,0,0, | 
(45828)	5,5,2, | 1,0,0, | 
(45828)	5,5,2, | 1,0,0, | 
(45828)	5,5,2, | 1,0,0, | 
(45828)	5,5,2, | 1,0,0, | 
(45828)	5,5,2, | 1,0,0, | 
(46044)	5,5,3, | 1,0,0, | 
(7989)	1,0,0, | 5,5,3, | 
(7988)	1,0,0, | 5,5,2, | 
(7988)	1,0,0, | 5,5,2, | 
(7988)	1,0,0, | 5,5,2, | 
(7988)	1,0,0, | 5,5,2, | 
(7987)	1,0,0, | 5,5,1, | 
(7987)	1,0,0, | 5,5,1, | 
(7987)	1,0,0, | 5,5,1, | 
(7987)	1,0,0, | 5,5,1, | 
(7987)	1,0,0, | 5,5,1, | 
(7987)	1,0,0, | 5,5,1, | 
(7987)	1,0,0, | 5,5,1, | 
(7987)	1,0,0, | 5,5,1, | 
(45636)	5,5,1, | 1,4,0, | 
(45498)	5,5,0, | 3,5,0, | 
(14682)	1,5,1, | 5,5,0, | 
(22458)	2,5,1, | 5,5,0, | 
(37758)	4,5,0, | 4,5,0, | 
(37795)	4,5,0, | 5,5,1, | 
(14430)	1,5,0, | 4,5,0, | 
(22099)	2,5,0, | 1,5,1, | 
(13026)	1,4,0, | 1,5,0, | 
(13171)	1,4,0, | 5,5,1, | 
(45612)	5,5,1, | 1,0,0, | 
(45612)	5,5,1, | 1,0,0, | 
(45612)	5,5,1, | 1,0,0, | 
(45612)	5,5,1, | 1,0,0, | 
(45612)	5,5,1, | 1,0,0, | 
(45612)	5,5,1, | 1,0,0, | 
(45612)	5,5,1, | 1,0,0, | 
(45612)	5,5,1, | 1,0,0, | 
(45828)	5,5,2, | 1,0,0, | 
(45828)	5,5,2, | 1,0,0, | 
(45828)	5,5,2, | 1,0,0, | 
(45828)	5,5,2, | 1,0,0, | 
(46044)	5,5,3, | 1,0,0, | 
(7989)	1,0,0, | 5,5,3, | 
(7988)	1,0,0, | 5,5,2, | 
(7988)	1,0,0, | 5,5,2, | 
(7988)	1,0,0, | 5,5,2, | 
(7988)	1,0,0, | 5,5,2, | 
(7987)	1,0,0, | 5,5,1, | 
(7987)	1,0,0, | 5,5,1, | 
(7987)	1,0,0, | 5,5,1, | 
(7987)	1,0,0, | 5,5,1, | 
(7987)	1,0,0, | 5,5,1, | 
(7987)	1,0,0, | 5,5,1, | 
(7987)	1,0,0, | 5,5,1, | 
(7987)	1,0,0, | 5,5,1, | 
(45636)	5,5,1, | 1,4,0, | 
(14460)	1,5,0, | 5,4,0, | 
(45564)	5,5,0, | 5,4,0, | 
(45499)	5,5,0, | 3,5,1, | 
(22164)	2,5,0, | 3,4,0, | 
(45534)	5,5,0, | 4,5,0, | 
(22170)	2,5,0, | 3,5,0, | 
(29946)	3,5,0, | 3,5,0, | 
(13026)	1,4,0, | 1,5,0, | 
(13128)	1,4,0, | 4,4,0, | 
(45612)	5,5,1, | 1,0,0, | 
(45612)	5,5,1, | 1,0,0, | 
(45612)	5,5,1, | 1,0,0, | 
(45612)	5,5,1, | 1,0,0, | 
(45612)	5,5,1, | 1,0,0, | 
(45612)	5,5,1, | 1,0,0, | 
(45612)	5,5,1, | 1,0,0, | 
(45612)	5,5,1, | 1,0,0, | 
(45828)	5,5,2, | 1,0,0, | 
(45828)	5,5,2, | 1,0,0, | 
(45828)	5,5,2, | 1,0,0, | 
(45828)	5,5,2, | 1,0,0, | 
(38949)	5,0,0, | 1,5,3, | 
(7989)	1,0,0, | 5,5,3, | 
(7988)	1,0,0, | 5,5,2, | 
(7988)	1,0,0, | 5,5,2, | 
(7988)	1,0,0, | 5,5,2, | 
(7988)	1,0,0, | 5,5,2, | 
(7987)	1,0,0, | 5,5,1, | 
(7987)	1,0,0, | 5,5,1, | 
(7987)	1,0,0, | 5,5,1, | 
(7987)	1,0,0, | 5,5,1, | 
(7987)	1,0,0, | 5,5,1, | 
(7987)	1,0,0, | 5,5,1, | 
(7987)	1,0,0, | 5,5,1, | 
(7987)	1,0,0, | 5,5,1, | 
(45636)	5,5,1, | 1,4,0, | 
(45498)	5,5,0, | 3,5,0, | 
(14430)	1,5,0, | 4,5,0, | 
(22171)	2,5,0, | 3,5,1, | 
(14322)	1,5,0, | 1,5,0, | 
(37788)	4,5,0, | 5,4,0, | 
(14358)	1,5,0, | 2,5,0, | 
(13027)	1,4,0, | 1,5,1, | 
(45462)	5,5,0, | 2,5,0, | 
(13165)	1,4,0, | 5,4,1, | 
(44100)	5,4,0, | 1,0,0, | 
(45612)	5,5,1, | 1,0,0, | 
(45612)	5,5,1, | 1,0,0, | 
(45612)	5,5,1, | 1,0,0, | 
(45612)	5,5,1, | 1,0,0, | 
(45612)	5,5,1, | 1,0,0, | 
(45612)	5,5,1, | 1,0,0, | 
(45612)	5,5,1, | 1,0,0, | 
(45828)	5,5,2, | 1,0,0, | 
(45828)	5,5,2, | 1,0,0, | 
(45828)	5,5,2, | 1,0,0, | 
(45828)	5,5,2, | 1,0,0, | 
(38949)	5,0,0, | 1,5,3, | 
(7953)	1,0,0, | 4,5,3, | 
(7952)	1,0,0, | 4,5,2, | 
(7952)	1,0,0, | 4,5,2, | 
(7952)	1,0,0, | 4,5,2, | 
(7952)	1,0,0, | 4,5,2, | 
(7951)	1,0,0, | 4,5,1, | 
(7951)	1,0,0, | 4,5,1, | 
(7951)	1,0,0, | 4,5,1, | 
(7951)	1,0,0, | 4,5,1, | 
(7951)	1,0,0, | 4,5,1, | 
(7951)	1,0,0, | 4,5,1, | 
(7951)	1,0,0, | 4,5,1, | 
(7951)	1,0,0, | 4,5,1, | 
(36348)	4,4,0, | 1,4,0, | 
(13056)	1,4,0, | 2,4,0, | 
(13098)	1,4,0, | 3,5,0, | 
(13128)	1,4,0, | 4,4,0, | 
(13020)	1,4,0, | 1,4,0, | 
(13128)	1,4,0, | 4,4,0, | 
(13020)	1,4,0, | 1,4,0, | 
(13134)	1,4,0, | 4,5,0, | 
(13026)	1,4,0, | 1,5,0, | 
(12996)	1,4,0, | 1,0,0, | 
(44130)	5,4,0, | 1,5,0, | 
(44130)	5,4,0, | 1,5,0, | 
(44130)	5,4,0, | 1,5,0, | 
(44130)	5,4,0, | 1,5,0, | 
(45612)	5,5,1, | 1,0,0, | 
(45612)	5,5,1, | 1,0,0, | 
(45612)	5,5,1, | 1,0,0, | 
(45828)	5,5,2, | 1,0,0, | 
(45828)	5,5,2, | 1,0,0, | 
(45828)	5,5,2, | 1,0,0, | 
(45828)	5,5,2, | 1,0,0, | 
(45828)	5,5,2, | 1,0,0, | 
(46044)	5,5,3, | 1,0,0, | 
(15084)	1,5,3, | 5,0,0, | 
(15084)	1,5,3, | 5,0,0, | 
(15084)	1,5,3, | 5,0,0, | 
(15084)	1,5,3, | 5,0,0, | 
(15084)	1,5,3, | 5,0,0, | 
(15084)	1,5,3, | 5,0,0, | 
(14874)	1,5,2, | 5,1,0, | 
(14664)	1,5,1, | 5,2,0, | 
(14664)	1,5,1, | 5,2,0, | 
(7987)	1,0,0, | 5,5,1, | 
(7987)	1,0,0, | 5,5,1, | 
(7987)	1,0,0, | 5,5,1, | 
(7980)	1,0,0, | 5,4,0, | 
(36348)	4,4,0, | 1,4,0, | 
(29982)	3,5,0, | 4,5,0, | 
(14646)	1,5,1, | 4,5,0, | 
(45528)	5,5,0, | 4,4,0, | 
(14646)	1,5,1, | 4,5,0, | 
(10542)	1,2,0, | 4,5,0, | 
(14646)	1,5,1, | 4,5,0, | 
(10542)	1,2,0, | 4,5,0, | 
(14466)	1,5,0, | 5,5,0, | 
(10436)	1,2,0, | 1,5,2, | 
(45828)	5,5,2, | 1,0,0, | 
(45828)	5,5,2, | 1,0,0, | 
(45828)	5,5,2, | 1,0,0, | 
(45828)	5,5,2, | 1,0,0, | 
(45828)	5,5,2, | 1,0,0, | 
(45828)	5,5,2, | 1,0,0, | 
(45828)	5,5,2, | 1,0,0, | 
(45828)	5,5,2, | 1,0,0, | 
(45828)	5,5,2, | 1,0,0, | 
(45828)	5,5,2, | 1,0,0, | 
(45828)	5,5,2, | 1,0,0, | 
(45828)	5,5,2, | 1,0,0, | 
(46044)	5,5,3, | 1,0,0, | 
(15084)	1,5,3, | 5,0,0, | 
(15084)	1,5,3, | 5,0,0, | 
(7988)	1,0,0, | 5,5,2, | 
(7988)	1,0,0, | 5,5,2, | 
(7988)	1,0,0, | 5,5,2, | 
(7987)	1,0,0, | 5,5,1, | 
(7987)	1,0,0, | 5,5,1, | 
(7987)	1,0,0, | 5,5,1, | 
(7987)	1,0,0, | 5,5,1, | 
(7987)	1,0,0, | 5,5,1, | 
(7987)	1,0,0, | 5,5,1, | 
(7987)	1,0,0, | 5,5,1, | 
(7987)	1,0,0, | 5,5,1, | 
(36348)	4,4,0, | 1,4,0, | 
(28578)	3,4,0, | 1,5,0, | 
(13020)	1,4,0, | 1,4,0, | 
(45420)	5,5,0, | 1,4,0, | 
(29874)	3,5,0, | 1,5,0, | 
(14322)	1,5,0, | 1,5,0, | 
(13170)	1,4,0, | 5,5,0, | 
(11796)	1,3,0, | 3,4,0, | 
(22098)	2,5,0, | 1,5,0, | 
(11732)	1,3,0, | 1,5,2, | 
(45612)	5,5,1, | 1,0,0, | 
(45612)	5,5,1, | 1,0,0, | 
(45612)	5,5,1, | 1,0,0, | 
(45612)	5,5,1, | 1,0,0, | 
(45612)	5,5,1, | 1,0,0, | 
(45612)	5,5,1, | 1,0,0, | 
(45828)	5,5,2, | 1,0,0, | 
(45828)	5,5,2, | 1,0,0, | 
(45828)	5,5,2, | 1,0,0, | 
(45828)	5,5,2, | 1,0,0, | 
(45828)	5,5,2, | 1,0,0, | 
(45828)	5,5,2, | 1,0,0, | 
(46044)	5,5,3, | 1,0,0, | 
(7989)	1,0,0, | 5,5,3, | 
(7988)	1,0,0, | 5,5,2, | 
(7988)	1,0,0, | 5,5,2, | 
(7988)	1,0,0, | 5,5,2, | 
(7988)	1,0,0, | 5,5,2, | 
(7987)	1,0,0, | 5,5,1, | 
(7987)	1,0,0, | 5,5,1, | 
(7987)	1,0,0, | 5,5,1, | 
(7987)	1,0,0, | 5,5,1, | 
(7987)	1,0,0, | 5,5,1, | 
(7987)	1,0,0, | 5,5,1, | 
(7987)	1,0,0, | 5,5,1, | 
(7987)	1,0,0, | 5,5,1, | 
(36348)	4,4,0, | 1,4,0, | 
(44124)	5,4,0, | 1,4,0, | 
(14682)	1,5,1, | 5,5,0, | 
(22236)	2,5,0, | 5,4,0, | 
(14640)	1,5,1, | 4,4,0, | 
(14466)	1,5,0, | 5,5,0, | 
(37974)	4,5,1, | 4,5,0, | 
(20940)	2,4,0, | 5,4,0, | 
(13026)	1,4,0, | 1,5,0, | 
(13171)	1,4,0, | 5,5,1, | 
(45612)	5,5,1, | 1,0,0, | 
(45612)	5,5,1, | 1,0,0, | 
(45612)	5,5,1, | 1,0,0, | 
(45612)	5,5,1, | 1,0,0, | 
(45612)	5,5,1, | 1,0,0, | 
(45612)	5,5,1, | 1,0,0, | 
(45612)	5,5,1, | 1,0,0, | 
(45612)	5,5,1, | 1,0,0, | 
(45828)	5,5,2, | 1,0,0, | 
(45828)	5,5,2, | 1,0,0, | 
(45828)	5,5,2, | 1,0,0, | 
(45828)	5,5,2, | 1,0,0, | 
(46044)	5,5,3, | 1,0,0, | 
(7989)	1,0,0, | 5,5,3, | 
(7988)	1,0,0, | 5,5,2, | 
(7988)	1,0,0, | 5,5,2, | 
(7988)	1,0,0, | 5,5,2, | 
(7988)	1,0,0, | 5,5,2, | 
(7987)	1,0,0, | 5,5,1, | 
(7987)	1,0,0, | 5,5,1, | 
(7987)	1,0,0, | 5,5,1, | 
(7987)	1,0,0, | 5,5,1, | 
(7987)	1,0,0, | 5,5,1, | 
(7987)	1,0,0, | 5,5,1, | 
(7987)	1,0,0, | 5,5,1, | 
(7987)	1,0,0, | 5,5,1, | 
(36348)	4,4,0, | 1,4,0, | 
(22200)	2,5,0, | 4,4,0, | 
(13026)	1,4,0, | 1,5,0, | 
(45564)	5,5,0, | 5,4,0, | 
(44166)	5,4,0, | 2,5,0, | 
(14322)	1,5,0, | 1,5,0, | 
(30018)	3,5,0, | 5,5,0, | 
(20838)	2,4,0, | 2,5,0, | 
(13026)	1,4,0, | 1,5,0, | 
(13128)	1,4,0, | 4,4,0, | 
(45612)	5,5,1, | 1,0,0, | 
(45612)	5,5,1, | 1,0,0, | 
(45612)	5,5,1, | 1,0,0, | 
(45612)	5,5,1, | 1,0,0, | 
(45612)	5,5,1, | 1,0,0, | 
(45612)	5,5,1, | 1,0,0, | 
(45612)	5,5,1, | 1,0,0, | 
(45612)	5,5,1, | 1,0,0, | 
(45828)	5,5,2, | 1,0,0, | 
(45828)	5,5,2, | 1,0,0, | 
(45828)	5,5,2, | 1,0,0, | 
(45828)	5,5,2, | 1,0,0, | 
(46044)	5,5,3, | 1,0,0, | 
(7989)	1,0,0, | 5,5,3, | 
(7988)	1,0,0, | 5,5,2, | 
(7988)	1,0,0, | 5,5,2, | 
(7988)	1,0,0, | 5,5,2, | 
(7988)	1,0,0, | 5,5,2, | 
(7987)	1,0,0, | 5,5,1, | 
(7987)	1,0,0, | 5,5,1, | 
(7987)	1,0,0, | 5,5,1, | 
(7987)	1,0,0, | 5,5,1, | 
(7987)	1,0,0, | 5,5,1, | 
(7987)	1,0,0, | 5,5,1, | 
(7987)	1,0,0, | 5,5,1, | 
(7987)	1,0,0, | 5,5,1, | 
(36348)	4,4,0, | 1,4,0, | 
(22200)	2,5,0, | 4,4,0, | 
(13026)	1,4,0, | 1,5,0, | 
(45456)	5,5,0, | 2,4,0, | 
(44130)	5,4,0, | 1,5,0, | 
(14358)	1,5,0, | 2,5,0, | 
(30018)	3,5,0, | 5,5,0, | 
(20910)	2,4,0, | 4,5,0, | 
(36492)	4,4,0, | 5,4,0, | 
(13165)	1,4,0, | 5,4,1, | 
(44100)	5,4,0, | 1,0,0, | 
(45612)	5,5,1, | 1,0,0, | 
(45612)	5,5,1, | 1,0,0, | 
(45612)	5,5,1, | 1,0,0, | 
(45612)	5,5,1, | 1,0,0, | 
(45612)	5,5,1, | 1,0,0, | 
(45612)	5,5,1, | 1,0,0, | 
(45612)	5,5,1, | 1,0,0, | 
(45828)	5,5,2, | 1,0,0, | 
(45828)	5,5,2, | 1,0,0, | 
(45828)	5,5,2, | 1,0,0, | 
(45828)	5,5,2, | 1,0,0, | 
(38949)	5,0,0, | 1,5,3, | 
(7953)	1,0,0, | 4,5,3, | 
(7952)	1,0,0, | 4,5,2, | 
(7952)	1,0,0, | 4,5,2, | 
(7952)	1,0,0, | 4,5,2, | 
(7952)	1,0,0, | 4,5,2, | 
(7951)	1,0,0, | 4,5,1, | 
(7951)	1,0,0, | 4,5,1, | 
(7951)	1,0,0, | 4,5,1, | 
(7951)	1,0,0, | 4,5,1, | 
(7951)	1,0,0, | 4,5,1, | 
(7951)	1,0,0, | 4,5,1, | 
(7951)	1,0,0, | 4,5,1, | 
(7944)	1,0,0, | 4,4,0, | 
(44130)	5,4,0, | 1,5,0, | 
(13056)	1,4,0, | 2,4,0, | 
(13098)	1,4,0, | 3,5,0, | 
(13128)	1,4,0, | 4,4,0, | 
(13020)	1,4,0, | 1,4,0, | 
(13128)	1,4,0, | 4,4,0, | 
(13020)	1,4,0, | 1,4,0, | 
(13134)	1,4,0, | 4,5,0, | 
(13026)	1,4,0, | 1,5,0, | 
(12996)	1,4,0, | 1,0,0, | 
(44130)	5,4,0, | 1,5,0, | 
(44130)	5,4,0, | 1,5,0, | 
(44130)	5,4,0, | 1,5,0, | 
(44130)	5,4,0, | 1,5,0, | 
(45612)	5,5,1, | 1,0,0, | 
(45612)	5,5,1, | 1,0,0, | 
(45612)	5,5,1, | 1,0,0, | 
(45828)	5,5,2, | 1,0,0, | 
(45828)	5,5,2, | 1,0,0, | 
(45828)	5,5,2, | 1,0,0, | 
(45828)	5,5,2, | 1,0,0, | 
(45828)	5,5,2, | 1,0,0, | 
(46044)	5,5,3, | 1,0,0, | 
(15084)	1,5,3, | 5,0,0, | 
(15084)	1,5,3, | 5,0,0, | 
(15084)	1,5,3, | 5,0,0, | 
(15084)	1,5,3, | 5,0,0, | 
(15084)	1,5,3, | 5,0,0, | 
(15084)	1,5,3, | 5,0,0, | 
(14874)	1,5,2, | 5,1,0, | 
(14664)	1,5,1, | 5,2,0, | 
(14664)	1,5,1, | 5,2,0, | 
(14664)	1,5,1, | 5,2,0, | 
(7987)	1,0,0, | 5,5,1, | 
(7980)	1,0,0, | 5,4,0, | 
(7980)	1,0,0, | 5,4,0, | 
(44130)	5,4,0, | 1,5,0, | 
(22242)	2,5,0, | 5,5,0, | 
(14676)	1,5,1, | 5,4,0, | 
(14424)	1,5,0, | 4,4,0, | 
(10542)	1,2,0, | 4,5,0, | 
(37794)	4,5,0, | 5,5,0, | 
(14466)	1,5,0, | 5,5,0, | 
(10542)	1,2,0, | 4,5,0, | 
(10434)	1,2,0, | 1,5,0, | 
(10436)	1,2,0, | 1,5,2, | 
(45828)	5,5,2, | 1,0,0, | 
(45828)	5,5,2, | 1,0,0, | 
(45828)	5,5,2, | 1,0,0, | 
(45828)	5,5,2, | 1,0,0, | 
(45828)	5,5,2, | 1,0,0, | 
(45828)	5,5,2, | 1,0,0, | 
(45828)	5,5,2, | 1,0,0, | 
(45828)	5,5,2, | 1,0,0, | 
(45828)	5,5,2, | 1,0,0, | 
(45828)	5,5,2, | 1,0,0, | 
(45828)	5,5,2, | 1,0,0, | 
(45828)	5,5,2, | 1,0,0, | 
(46044)	5,5,3, | 1,0,0, | 
(15084)	1,5,3, | 5,0,0, | 
(15084)	1,5,3, | 5,0,0, | 
(15084)	1,5,3, | 5,0,0, | 
(7988)	1,0,0, | 5,5,2, | 
(7988)	1,0,0, | 5,5,2, | 
(7987)	1,0,0, | 5,5,1, | 
(7987)	1,0,0, | 5,5,1, | 
(7987)	1,0,0, | 5,5,1, | 
(7987)	1,0,0, | 5,5,1, | 
(7987)	1,0,0, | 5,5,1, | 
(7987)	1,0,0, | 5,5,1, | 
(7987)	1,0,0, | 5,5,1, | 
(7980)	1,0,0, | 5,4,0, | 
(44130)	5,4,0, | 1,5,0, | 
(45426)	5,5,0, | 1,5,0, | 
(14604)	1,5,1, | 3,4,0, | 
(14316)	1,5,0, | 1,4,0, | 
(14322)	1,5,0, | 1,5,0, | 
(29874)	3,5,0, | 1,5,0, | 
(14682)	1,5,1, | 5,5,0, | 
(14316)	1,5,0, | 1,4,0, | 
(14322)	1,5,0, | 1,5,0, | 
(11732)	1,3,0, | 1,5,2, | 
(45612)	5,5,1, | 1,0,0, | 
(45612)	5,5,1, | 1,0,0, | 
(45612)	5,5,1, | 1,0,0, | 
(45612)	5,5,1, | 1,0,0, | 
(45612)	5,5,1, | 1,0,0, | 
(45612)	5,5,1, | 1,0,0, | 
(45828)	5,5,2, | 1,0,0, | 
(45828)	5,5,2, | 1,0,0, | 
(45828)	5,5,2, | 1,0,0, | 
(45828)	5,5,2, | 1,0,0, | 
(45828)	5,5,2, | 1,0,0, | 
(45828)	5,5,2, | 1,0,0, | 
(46044)	5,5,3, | 1,0,0, | 
(15084)	1,5,3, | 5,0,0, | 
(7988)	1,0,0, | 5,5,2, | 
(7988)	1,0,0, | 5,5,2, | 
(7988)	1,0,0, | 5,5,2, | 
(7988)	1,0,0, | 5,5,2, | 
(7987)	1,0,0, | 5,5,1, | 
(7987)	1,0,0, | 5,5,1, | 
(7987)	1,0,0, | 5,5,1, | 
(7987)	1,0,0, | 5,5,1, | 
(7987)	1,0,0, | 5,5,1, | 
(7987)	1,0,0, | 5,5,1, | 
(7987)	1,0,0, | 5,5,1, | 
(7980)	1,0,0, | 5,4,0, | 
(44130)	5,4,0, | 1,5,0, | 
(30234)	3,5,1, | 5,5,0, | 
(22452)	2,5,1, | 5,4,0, | 
(22242)	2,5,0, | 5,5,0, | 
(14430)	1,5,0, | 4,5,0, | 
(14466)	1,5,0, | 5,5,0, | 
(13062)	1,4,0, | 2,5,0, | 
(14460)	1,5,0, | 5,4,0, | 
(28578)	3,4,0, | 1,5,0, | 
(13171)	1,4,0, | 5,5,1, | 
(45612)	5,5,1, | 1,0,0, | 
(45612)	5,5,1, | 1,0,0, | 
(45612)	5,5,1, | 1,0,0, | 
(45612)	5,5,1, | 1,0,0, | 
(45612)	5,5,1, | 1,0,0, | 
(45612)	5,5,1, | 1,0,0, | 
(45612)	5,5,1, | 1,0,0, | 
(45612)	5,5,1, | 1,0,0, | 
(45828)	5,5,2, | 1,0,0, | 
(45828)	5,5,2, | 1,0,0, | 
(45828)	5,5,2, | 1,0,0, | 
(45828)	5,5,2, | 1,0,0, | 
(46044)	5,5,3, | 1,0,0, | 
(7989)	1,0,0, | 5,5,3, | 
(7988)	1,0,0, | 5,5,2, | 
(7988)	1,0,0, | 5,5,2, | 
(7988)	1,0,0, | 5,5,2, | 
(7988)	1,0,0, | 5,5,2, | 
(7987)	1,0,0, | 5,5,1, | 
(7987)	1,0,0, | 5,5,1, | 
(7987)	1,0,0, | 5,5,1, | 
(7987)	1,0,0, | 5,5,1, | 
(7987)	1,0,0, | 5,5,1, | 
(7987)	1,0,0, | 5,5,1, | 
(7987)	1,0,0, | 5,5,1, | 
(7980)	1,0,0, | 5,4,0, | 
(44130)	5,4,0, | 1,5,0, | 
(45456)	5,5,0, | 2,4,0, | 
(14388)	1,5,0, | 3,4,0, | 
(22170)	2,5,0, | 3,5,0, | 
(22164)	2,5,0, | 3,4,0, | 
(14322)	1,5,0, | 1,5,0, | 
(37716)	4,5,0, | 3,4,0, | 
(22098)	2,5,0, | 1,5,0, | 
(28578)	3,4,0, | 1,5,0, | 
(13128)	1,4,0, | 4,4,0, | 
(45612)	5,5,1, | 1,0,0, | 
(45612)	5,5,1, | 1,0,0, | 
(45612)	5,5,1, | 1,0,0, | 
(45612)	5,5,1, | 1,0,0, | 
(45612)	5,5,1, | 1,0,0, | 
(45612)	5,5,1, | 1,0,0, | 
(45612)	5,5,1, | 1,0,0, | 
(45612)	5,5,1, | 1,0,0, | 
(45828)	5,5,2, | 1,0,0, | 
(45828)	5,5,2, | 1,0,0, | 
(45828)	5,5,2, | 1,0,0, | 
(45828)	5,5,2, | 1,0,0, | 
(46044)	5,5,3, | 1,0,0, | 
(7989)	1,0,0, | 5,5,3, | 
(7988)	1,0,0, | 5,5,2, | 
(7988)	1,0,0, | 5,5,2, | 
(7988)	1,0,0, | 5,5,2, | 
(7988)	1,0,0, | 5,5,2, | 
(7987)	1,0,0, | 5,5,1, | 
(7987)	1,0,0, | 5,5,1, | 
(7987)	1,0,0, | 5,5,1, | 
(7987)	1,0,0, | 5,5,1, | 
(7987)	1,0,0, | 5,5,1, | 
(7987)	1,0,0, | 5,5,1, | 
(7987)	1,0,0, | 5,5,1, | 
(7980)	1,0,0, | 5,4,0, | 
(44130)	5,4,0, | 1,5,0, | 
(29976)	3,5,0, | 4,4,0, | 
(20802)	2,4,0, | 1,5,0, | 
(20910)	2,4,0, | 4,5,0, | 
(14358)	1,5,0, | 2,5,0, | 
(22236)	2,5,0, | 5,4,0, | 
(13026)	1,4,0, | 1,5,0, | 
(20838)	2,4,0, | 2,5,0, | 
(13026)	1,4,0, | 1,5,0, | 
(13165)	1,4,0, | 5,4,1, | 
(44100)	5,4,0, | 1,0,0, | 
(45612)	5,5,1, | 1,0,0, | 
(45612)	5,5,1, | 1,0,0, | 
(45612)	5,5,1, | 1,0,0, | 
(45612)	5,5,1, | 1,0,0, | 
(45612)	5,5,1, | 1,0,0, | 
(45612)	5,5,1, | 1,0,0, | 
(45612)	5,5,1, | 1,0,0, | 
