(0)	0,0,0, | 0,0,0, | 
(1)	0,0,0, | 0,0,1, | 
(0)	0,0,0, | 0,0,0, | 
(0)	0,0,0, | 0,0,0, | 
(0)	0,0,0, | 0,0,0, | 
(0)	0,0,0, | 0,0,0, | 
(0)	0,0,0, | 0,0,0, | 
(0)	0,0,0, | 0,0,0, | 
(0)	0,0,0, | 0,0,0, | 
(15552)	2,0,0, | 0,0,0, | 
(15552)	2,0,0, | 0,0,0, | 
(15552)	2,0,0, | 0,0,0, | 
(15552)	2,0,0, | 0,0,0, | 
(0)	0,0,0, | 0,0,0, | 
(31104)	4,0,0, | 0,0,0, | 
(0)	0,0,0, | 0,0,0, | 
(31104)	4,0,0, | 0,0,0, | 
(31104)	4,0,0, | 0,0,0, | 
(0)	0,0,0, | 0,0,0, | 
(0)	0,0,0, | 0,0,0, | 
(36)	0,0,0, | 1,0,0, | 
(0)	0,0,0, | 0,0,0, | 
(36)	0,0,0, | 1,0,0, | 
(108)	0,0,0, | 3,0,0, | 
(0)	0,0,0, | 0,0,0, | 
(0)	0,0,0, | 0,0,0, | 
(144)	0,0,0, | 4,0,0, | 
(0)	0,0,0, | 0,0,0, | 
(0)	0,0,0, | 0,0,0, | 
(0)	0,0,0, | 0,0,0, | 
(0)	0,0,0, | 0,0,0, | 
(0)	0,0,0, | 0,0,0, | 
(0)	0,0,0, | 0,0,0, | 
(144)	0,0,0, | 4,0,0, | 
(144)	0,0,0, | 4,0,0, | 
(0)	0,0,0, | 0,0,0, | 
(0)	0,0,0, | 0,0,0, | 
(49)	0,0,0, | 1,2,1, | 
(49)	0,0,0, | 1,2,1, | 
(49)	0,0,0, | 1,2,1, | 
(49)	0,0,0, | 1,2,1, | 
(49)	0,0,0, | 1,2,1, | 
(49)	0,0,0, | 1,2,1, | 
(49)	0,0,0, | 1,2,1, | 
(49)	0,0,0, | 1,2,1, | 
(7825)	1,0,0, | 1,2,1, | 
(7825)	1,0,0, | 1,2,1, | 
(49)	0,0,0, | 1,2,1, | 
(49)	0,0,0, | 1,2,1, | 
(49)	0,0,0, | 1,2,1, | 
(15601)	2,0,0, | 1,2,1, | 
(49)	0,0,0, | 1,2,1, | 
(49)	0,0,0, | 1,2,1, | 
(49)	0,0,0, | 1,2,1, | 
(0)	0,0,0, | 0,0,0, | 
(7789)	1,0,0, | 0,2,1, | 
(7794)	1,0,0, | 0,3,0, | 
(31125)	4,0,0, | 0,3,3, | 
(7794)	1,0,0, | 0,3,0, | 
(7797)	1,0,0, | 0,3,3, | 
(7776)	1,0,0, | 0,0,0, | 
(7797)	1,0,0, | 0,3,3, | 
(7776)	1,0,0, | 0,0,0, | 
(7962)	1,0,0, | 5,1,0, | 
(7794)	1,0,0, | 0,3,0, | 
(7794)	1,0,0, | 0,3,0, | 
(7824)	1,0,0, | 1,2,0, | 
(7776)	1,0,0, | 0,0,0, | 
(7825)	1,0,0, | 1,2,1, | 
(7855)	1,0,0, | 2,1,1, | 
(7855)	1,0,0, | 2,1,1, | 
(7795)	1,0,0, | 0,3,1, | 
(206)	0,0,0, | 5,4,2, | 
(62)	0,0,0, | 1,4,2, | 
(62)	0,0,0, | 1,4,2, | 
(62)	0,0,0, | 1,4,2, | 
(62)	0,0,0, | 1,4,2, | 
(62)	0,0,0, | 1,4,2, | 
(62)	0,0,0, | 1,4,2, | 
(62)	0,0,0, | 1,4,2, | 
(62)	0,0,0, | 1,4,2, | 
(7838)	1,0,0, | 1,4,2, | 
(62)	0,0,0, | 1,4,2, | 
(62)	0,0,0, | 1,4,2, | 
(62)	0,0,0, | 1,4,2, | 
(62)	0,0,0, | 1,4,2, | 
(15614)	2,0,0, | 1,4,2, | 
(62)	0,0,0, | 1,4,2, | 
(62)	0,0,0, | 1,4,2, | 
(62)	0,0,0, | 1,4,2, | 
(0)	0,0,0, | 0,0,0, | 
(7809)	1,0,0, | 0,5,3, | 
(7809)	1,0,0, | 0,5,3, | 
(15586)	2,0,0, | 0,5,4, | 
(15565)	2,0,0, | 0,2,1, | 
(15751)	2,0,0, | 5,3,1, | 
(7810)	1,0,0, | 0,5,4, | 
(23341)	3,0,0, | 0,2,1, | 
(7844)	1,0,0, | 1,5,2, | 
(7788)	1,0,0, | 0,2,0, | 
(7844)	1,0,0, | 1,5,2, | 
(7788)	1,0,0, | 0,2,0, | 
(7788)	1,0,0, | 0,2,0, | 
(7789)	1,0,0, | 0,2,1, | 
(7789)	1,0,0, | 0,2,1, | 
(7804)	1,0,0, | 0,4,4, | 
(7867)	1,0,0, | 2,3,1, | 
(7868)	1,0,0, | 2,3,2, | 
(206)	0,0,0, | 5,4,2, | 
(69)	0,0,0, | 1,5,3, | 
(69)	0,0,0, | 1,5,3, | 
(69)	0,0,0, | 1,5,3, | 
(69)	0,0,0, | 1,5,3, | 
(69)	0,0,0, | 1,5,3, | 
(69)	0,0,0, | 1,5,3, | 
(69)	0,0,0, | 1,5,3, | 
(69)	0,0,0, | 1,5,3, | 
(7845)	1,0,0, | 1,5,3, | 
(7845)	1,0,0, | 1,5,3, | 
(69)	0,0,0, | 1,5,3, | 
(69)	0,0,0, | 1,5,3, | 
(69)	0,0,0, | 1,5,3, | 
(15621)	2,0,0, | 1,5,3, | 
(69)	0,0,0, | 1,5,3, | 
(69)	0,0,0, | 1,5,3, | 
(69)	0,0,0, | 1,5,3, | 
(0)	0,0,0, | 0,0,0, | 
(7788)	1,0,0, | 0,2,0, | 
(7783)	1,0,0, | 0,1,1, | 
(7862)	1,0,0, | 2,2,2, | 
(31111)	4,0,0, | 0,1,1, | 
(15745)	2,0,0, | 5,2,1, | 
(7969)	1,0,0, | 5,2,1, | 
(23335)	3,0,0, | 0,1,1, | 
(7783)	1,0,0, | 0,1,1, | 
(7969)	1,0,0, | 5,2,1, | 
(7783)	1,0,0, | 0,1,1, | 
(7862)	1,0,0, | 2,2,2, | 
(7802)	1,0,0, | 0,4,2, | 
(7796)	1,0,0, | 0,3,2, | 
(7795)	1,0,0, | 0,3,1, | 
(7875)	1,0,0, | 2,4,3, | 
(7861)	1,0,0, | 2,2,1, | 
(7868)	1,0,0, | 2,3,2, | 
(70)	0,0,0, | 1,5,4, | 
(69)	0,0,0, | 1,5,3, | 
(69)	0,0,0, | 1,5,3, | 
(69)	0,0,0, | 1,5,3, | 
(69)	0,0,0, | 1,5,3, | 
(69)	0,0,0, | 1,5,3, | 
(69)	0,0,0, | 1,5,3, | 
(69)	0,0,0, | 1,5,3, | 
(69)	0,0,0, | 1,5,3, | 
(7845)	1,0,0, | 1,5,3, | 
(7845)	1,0,0, | 1,5,3, | 
(69)	0,0,0, | 1,5,3, | 
(69)	0,0,0, | 1,5,3, | 
(69)	0,0,0, | 1,5,3, | 
(15621)	2,0,0, | 1,5,3, | 
(69)	0,0,0, | 1,5,3, | 
(69)	0,0,0, | 1,5,3, | 
(69)	0,0,0, | 1,5,3, | 
(0)	0,0,0, | 0,0,0, | 
(7782)	1,0,0, | 0,1,0, | 
(7782)	1,0,0, | 0,1,0, | 
(31131)	4,0,0, | 0,4,3, | 
(15564)	2,0,0, | 0,2,0, | 
(15751)	2,0,0, | 5,3,1, | 
(7927)	1,0,0, | 4,1,1, | 
(7948)	1,0,0, | 4,4,4, | 
(7783)	1,0,0, | 0,1,1, | 
(7826)	1,0,0, | 1,2,2, | 
(7783)	1,0,0, | 0,1,1, | 
(7800)	1,0,0, | 0,4,0, | 
(7776)	1,0,0, | 0,0,0, | 
(7776)	1,0,0, | 0,0,0, | 
(7807)	1,0,0, | 0,5,1, | 
(7874)	1,0,0, | 2,4,2, | 
(7801)	1,0,0, | 0,4,1, | 
(7874)	1,0,0, | 2,4,2, | 
(206)	0,0,0, | 5,4,2, | 
(69)	0,0,0, | 1,5,3, | 
(69)	0,0,0, | 1,5,3, | 
(69)	0,0,0, | 1,5,3, | 
(69)	0,0,0, | 1,5,3, | 
(69)	0,0,0, | 1,5,3, | 
(69)	0,0,0, | 1,5,3, | 
(69)	0,0,0, | 1,5,3, | 
(69)	0,0,0, | 1,5,3, | 
(7845)	1,0,0, | 1,5,3, | 
(69)	0,0,0, | 1,5,3, | 
(69)	0,0,0, | 1,5,3, | 
(69)	0,0,0, | 1,5,3, | 
(69)	0,0,0, | 1,5,3, | 
(15621)	2,0,0, | 1,5,3, | 
(69)	0,0,0, | 1,5,3, | 
(69)	0,0,0, | 1,5,3, | 
(69)	0,0,0, | 1,5,3, | 
(0)	0,0,0, | 0,0,0, | 
(7776)	1,0,0, | 0,0,0, | 
(7807)	1,0,0, | 0,5,1, | 
(7848)	1,0,0, | 2,0,0, | 
(31135)	4,0,0, | 0,5,1, | 
(7976)	1,0,0, | 5,3,2, | 
(7848)	1,0,0, | 2,0,0, | 
(23354)	3,0,0, | 0,4,2, | 
(7783)	1,0,0, | 0,1,1, | 
(7902)	1,0,0, | 3,3,0, | 
(7807)	1,0,0, | 0,5,1, | 
(7848)	1,0,0, | 2,0,0, | 
(7831)	1,0,0, | 1,3,1, | 
(7808)	1,0,0, | 0,5,2, | 
(7845)	1,0,0, | 1,5,3, | 
(7875)	1,0,0, | 2,4,3, | 
(7848)	1,0,0, | 2,0,0, | 
(7802)	1,0,0, | 0,4,2, | 
(10657)	1,2,1, | 2,0,1, | 
(10584)	1,2,1, | 0,0,0, | 
(10584)	1,2,1, | 0,0,0, | 
(10584)	1,2,1, | 0,0,0, | 
(10584)	1,2,1, | 0,0,0, | 
(10584)	1,2,1, | 0,0,0, | 
(10584)	1,2,1, | 0,0,0, | 
(10584)	1,2,1, | 0,0,0, | 
(10584)	1,2,1, | 0,0,0, | 
(22248)	2,5,1, | 0,0,0, | 
(5436)	0,4,1, | 1,0,0, | 
(36)	0,0,0, | 1,0,0, | 
(36)	0,0,0, | 1,0,0, | 
(36)	0,0,0, | 1,0,0, | 
(3924)	0,3,0, | 1,0,0, | 
(36)	0,0,0, | 1,0,0, | 
(3924)	0,3,0, | 1,0,0, | 
(36)	0,0,0, | 1,0,0, | 
(40212)	5,1,0, | 1,0,0, | 
(4608)	0,3,3, | 2,0,0, | 
(4572)	0,3,3, | 1,0,0, | 
(108)	0,0,0, | 3,0,0, | 
(144)	0,0,0, | 4,0,0, | 
(72)	0,0,0, | 2,0,0, | 
(36)	0,0,0, | 1,0,0, | 
(2844)	0,2,1, | 1,0,0, | 
(72)	0,0,0, | 2,0,0, | 
(0)	0,0,0, | 0,0,0, | 
(10584)	1,2,1, | 0,0,0, | 
(10656)	1,2,1, | 2,0,0, | 
(10584)	1,2,1, | 0,0,0, | 
(10584)	1,2,1, | 0,0,0, | 
(10620)	1,2,1, | 1,0,0, | 
(10584)	1,2,1, | 0,0,0, | 
(10656)	1,2,1, | 2,0,0, | 
(10584)	1,2,1, | 0,0,0, | 
(10728)	1,2,1, | 4,0,0, | 
(10584)	1,2,1, | 0,0,0, | 
(10584)	1,2,1, | 0,0,0, | 
(10584)	1,2,1, | 0,0,0, | 
(10584)	1,2,1, | 0,0,0, | 
(49)	0,0,0, | 1,2,1, | 
(49)	0,0,0, | 1,2,1, | 
(49)	0,0,0, | 1,2,1, | 
(49)	0,0,0, | 1,2,1, | 
(7825)	1,0,0, | 1,2,1, | 
(15601)	2,0,0, | 1,2,1, | 
(23377)	3,0,0, | 1,2,1, | 
(12145)	1,3,2, | 1,2,1, | 
(49)	0,0,0, | 1,2,1, | 
(5881)	0,4,3, | 1,2,1, | 
(10849)	1,2,2, | 1,2,1, | 
(5881)	0,4,3, | 1,2,1, | 
(4369)	0,3,2, | 1,2,1, | 
(7170)	0,5,3, | 1,1,0, | 
(41539)	5,2,0, | 1,5,1, | 
(9114)	1,1,0, | 1,1,0, | 
(10471)	1,2,0, | 2,5,1, | 
(9127)	1,1,0, | 1,3,1, | 
(37848)	4,5,1, | 1,2,0, | 
(10543)	1,2,0, | 4,5,1, | 
(11922)	1,3,1, | 1,1,0, | 
(14658)	1,5,1, | 5,1,0, | 
(9105)	1,1,0, | 0,5,3, | 
(10584)	1,2,1, | 0,0,0, | 
(10591)	1,2,1, | 0,1,1, | 
(10634)	1,2,1, | 1,2,2, | 
(10591)	1,2,1, | 0,1,1, | 
(10611)	1,2,1, | 0,4,3, | 
(10591)	1,2,1, | 0,1,1, | 
(10591)	1,2,1, | 0,1,1, | 
(10634)	1,2,1, | 1,2,2, | 
(10656)	1,2,1, | 2,0,0, | 
(10584)	1,2,1, | 0,0,0, | 
(10584)	1,2,1, | 0,0,0, | 
(7802)	1,0,0, | 0,4,2, | 
(7802)	1,0,0, | 0,4,2, | 
(62)	0,0,0, | 1,4,2, | 
(62)	0,0,0, | 1,4,2, | 
(62)	0,0,0, | 1,4,2, | 
(62)	0,0,0, | 1,4,2, | 
(7838)	1,0,0, | 1,4,2, | 
(2870)	0,2,1, | 1,4,2, | 
(1574)	0,1,1, | 1,4,2, | 
(62)	0,0,0, | 1,4,2, | 
(1574)	0,1,1, | 1,4,2, | 
(5894)	0,4,3, | 1,4,2, | 
(10646)	1,2,1, | 1,4,2, | 
(5894)	0,4,3, | 1,4,2, | 
(4382)	0,3,2, | 1,4,2, | 
(7170)	0,5,3, | 1,1,0, | 
(41539)	5,2,0, | 1,5,1, | 
(10416)	1,2,0, | 1,2,0, | 
(10410)	1,2,0, | 1,1,0, | 
(10579)	1,2,0, | 5,5,1, | 
(29862)	3,5,0, | 1,3,0, | 
(10579)	1,2,0, | 5,5,1, | 
(10410)	1,2,0, | 1,1,0, | 
(41540)	5,2,0, | 1,5,2, | 
(10400)	1,2,0, | 0,5,2, | 
(10494)	1,2,0, | 3,3,0, | 
(10392)	1,2,0, | 0,4,0, | 
(11880)	1,3,1, | 0,0,0, | 
(11880)	1,3,1, | 0,0,0, | 
(11880)	1,3,1, | 0,0,0, | 
(10584)	1,2,1, | 0,0,0, | 
(10627)	1,2,1, | 1,1,1, | 
(10611)	1,2,1, | 0,4,3, | 
(10656)	1,2,1, | 2,0,0, | 
(10584)	1,2,1, | 0,0,0, | 
(7809)	1,0,0, | 0,5,3, | 
(7809)	1,0,0, | 0,5,3, | 
(7809)	1,0,0, | 0,5,3, | 
(69)	0,0,0, | 1,5,3, | 
(69)	0,0,0, | 1,5,3, | 
(69)	0,0,0, | 1,5,3, | 
(69)	0,0,0, | 1,5,3, | 
(7845)	1,0,0, | 1,5,3, | 
(3093)	0,2,2, | 1,5,3, | 
(23397)	3,0,0, | 1,5,3, | 
(12165)	1,3,2, | 1,5,3, | 
(1581)	0,1,1, | 1,5,3, | 
(5901)	0,4,3, | 1,5,3, | 
(10869)	1,2,2, | 1,5,3, | 
(5901)	0,4,3, | 1,5,3, | 
(4389)	0,3,2, | 1,5,3, | 
(7170)	0,5,3, | 1,1,0, | 
(11712)	1,3,0, | 1,2,0, | 
(11712)	1,3,0, | 1,2,0, | 
(20784)	2,4,0, | 1,2,0, | 
(11706)	1,3,0, | 1,1,0, | 
(29862)	3,5,0, | 1,3,0, | 
(11838)	1,3,0, | 4,5,0, | 
(13002)	1,4,0, | 1,1,0, | 
(14683)	1,5,1, | 5,5,1, | 
(11694)	1,3,0, | 0,5,0, | 
(13195)	1,4,1, | 0,3,1, | 
(13238)	1,4,1, | 1,4,2, | 
(10398)	1,2,0, | 0,5,0, | 
(10386)	1,2,0, | 0,3,0, | 
(10611)	1,2,1, | 0,4,3, | 
(10611)	1,2,1, | 0,4,3, | 
(10670)	1,2,1, | 2,2,2, | 
(10584)	1,2,1, | 0,0,0, | 
(10656)	1,2,1, | 2,0,0, | 
(10584)	1,2,1, | 0,0,0, | 
(7809)	1,0,0, | 0,5,3, | 
(7809)	1,0,0, | 0,5,3, | 
(7809)	1,0,0, | 0,5,3, | 
(69)	0,0,0, | 1,5,3, | 
(69)	0,0,0, | 1,5,3, | 
(69)	0,0,0, | 1,5,3, | 
(69)	0,0,0, | 1,5,3, | 
(7845)	1,0,0, | 1,5,3, | 
(15621)	2,0,0, | 1,5,3, | 
(1581)	0,1,1, | 1,5,3, | 
(12165)	1,3,2, | 1,5,3, | 
(1581)	0,1,1, | 1,5,3, | 
(5901)	0,4,3, | 1,5,3, | 
(10869)	1,2,2, | 1,5,3, | 
(5901)	0,4,3, | 1,5,3, | 
(4389)	0,3,2, | 1,5,3, | 
(7170)	0,5,3, | 1,1,0, | 
(11706)	1,3,0, | 1,1,0, | 
(11706)	1,3,0, | 1,1,0, | 
(11712)	1,3,0, | 1,2,0, | 
(11761)	1,3,0, | 2,4,1, | 
(29862)	3,5,0, | 1,3,0, | 
(11862)	1,3,0, | 5,3,0, | 
(11875)	1,3,0, | 5,5,1, | 
(11712)	1,3,0, | 1,2,0, | 
(11712)	1,3,0, | 1,2,0, | 
(11724)	1,3,0, | 1,4,0, | 
(11694)	1,3,0, | 0,5,0, | 
(11724)	1,3,0, | 1,4,0, | 
(10386)	1,2,0, | 0,3,0, | 
(10620)	1,2,1, | 1,0,0, | 
(10611)	1,2,1, | 0,4,3, | 
(10620)	1,2,1, | 1,0,0, | 
(10611)	1,2,1, | 0,4,3, | 
(10656)	1,2,1, | 2,0,0, | 
(10584)	1,2,1, | 0,0,0, | 
(7809)	1,0,0, | 0,5,3, | 
(7809)	1,0,0, | 0,5,3, | 
(7809)	1,0,0, | 0,5,3, | 
(69)	0,0,0, | 1,5,3, | 
(69)	0,0,0, | 1,5,3, | 
(69)	0,0,0, | 1,5,3, | 
(69)	0,0,0, | 1,5,3, | 
(7845)	1,0,0, | 1,5,3, | 
(15621)	2,0,0, | 1,5,3, | 
(1581)	0,1,1, | 1,5,3, | 
(12165)	1,3,2, | 1,5,3, | 
(1581)	0,1,1, | 1,5,3, | 
(5901)	0,4,3, | 1,5,3, | 
(69)	0,0,0, | 1,5,3, | 
(1581)	0,1,1, | 1,5,3, | 
(4389)	0,3,2, | 1,5,3, | 
(7170)	0,5,3, | 1,1,0, | 
(11718)	1,3,0, | 1,3,0, | 
(11719)	1,3,0, | 1,3,1, | 
(14520)	1,5,1, | 1,2,0, | 
(11725)	1,3,0, | 1,4,1, | 
(29856)	3,5,0, | 1,2,0, | 
(11724)	1,3,0, | 1,4,0, | 
(11768)	1,3,0, | 2,5,2, | 
(14467)	1,5,0, | 5,5,1, | 
(11712)	1,3,0, | 1,2,0, | 
(11694)	1,3,0, | 0,5,0, | 
(11688)	1,3,0, | 0,4,0, | 
(11694)	1,3,0, | 0,5,0, | 
(11694)	1,3,0, | 0,5,0, | 
(10584)	1,2,1, | 0,0,0, | 
(10690)	1,2,1, | 2,5,4, | 
(10656)	1,2,1, | 2,0,0, | 
(10591)	1,2,1, | 0,1,1, | 
(13393)	1,4,2, | 0,0,1, | 
(13392)	1,4,2, | 0,0,0, | 
(13392)	1,4,2, | 0,0,0, | 
(13392)	1,4,2, | 0,0,0, | 
(13393)	1,4,2, | 0,0,1, | 
(13392)	1,4,2, | 0,0,0, | 
(13392)	1,4,2, | 0,0,0, | 
(13392)	1,4,2, | 0,0,0, | 
(13392)	1,4,2, | 0,0,0, | 
(15552)	2,0,0, | 0,0,0, | 
(1332)	0,1,0, | 1,0,0, | 
(2628)	0,2,0, | 1,0,0, | 
(1332)	0,1,0, | 1,0,0, | 
(2628)	0,2,0, | 1,0,0, | 
(7596)	0,5,5, | 1,0,0, | 
(7380)	0,5,4, | 1,0,0, | 
(2628)	0,2,0, | 1,0,0, | 
(14724)	1,5,2, | 1,0,0, | 
(2628)	0,2,0, | 1,0,0, | 
(1440)	0,1,0, | 4,0,0, | 
(2952)	0,2,1, | 4,0,0, | 
(1620)	0,1,1, | 3,0,0, | 
(27360)	3,3,0, | 4,0,0, | 
(2736)	0,2,0, | 4,0,0, | 
(2952)	0,2,1, | 4,0,0, | 
(1404)	0,1,0, | 3,0,0, | 
(144)	0,0,0, | 4,0,0, | 
(0)	0,0,0, | 0,0,0, | 
(13392)	1,4,2, | 0,0,0, | 
(13464)	1,4,2, | 2,0,0, | 
(13392)	1,4,2, | 0,0,0, | 
(13464)	1,4,2, | 2,0,0, | 
(13428)	1,4,2, | 1,0,0, | 
(13392)	1,4,2, | 0,0,0, | 
(13464)	1,4,2, | 2,0,0, | 
(13464)	1,4,2, | 2,0,0, | 
(13536)	1,4,2, | 4,0,0, | 
(13392)	1,4,2, | 0,0,0, | 
(13392)	1,4,2, | 0,0,0, | 
(13392)	1,4,2, | 0,0,0, | 
(13392)	1,4,2, | 0,0,0, | 
(5652)	0,4,2, | 1,0,0, | 
(5652)	0,4,2, | 1,0,0, | 
(49)	0,0,0, | 1,2,1, | 
(49)	0,0,0, | 1,2,1, | 
(7825)	1,0,0, | 1,2,1, | 
(15601)	2,0,0, | 1,2,1, | 
(29209)	3,4,3, | 1,2,1, | 
(24889)	3,1,1, | 1,2,1, | 
(55)	0,0,0, | 1,3,1, | 
(22735)	2,5,3, | 1,3,1, | 
(55)	0,0,0, | 1,3,1, | 
(29856)	3,5,0, | 1,2,0, | 
(3936)	0,3,0, | 1,2,0, | 
(5461)	0,4,1, | 1,4,1, | 
(9132)	1,1,0, | 1,4,0, | 
(9120)	1,1,0, | 1,2,0, | 
(9120)	1,1,0, | 1,2,0, | 
(9132)	1,1,0, | 1,4,0, | 
(45624)	5,5,1, | 1,2,0, | 
(9126)	1,1,0, | 1,3,0, | 
(14664)	1,5,1, | 5,2,0, | 
(9240)	1,1,0, | 4,4,0, | 
(9105)	1,1,0, | 0,5,3, | 
(13392)	1,4,2, | 0,0,0, | 
(13399)	1,4,2, | 0,1,1, | 
(13412)	1,4,2, | 0,3,2, | 
(13399)	1,4,2, | 0,1,1, | 
(13412)	1,4,2, | 0,3,2, | 
(13399)	1,4,2, | 0,1,1, | 
(13477)	1,4,2, | 2,2,1, | 
(13419)	1,4,2, | 0,4,3, | 
(13549)	1,4,2, | 4,2,1, | 
(13392)	1,4,2, | 0,0,0, | 
(13392)	1,4,2, | 0,0,0, | 
(13392)	1,4,2, | 0,0,0, | 
(13393)	1,4,2, | 0,0,1, | 
(62)	0,0,0, | 1,4,2, | 
(62)	0,0,0, | 1,4,2, | 
(62)	0,0,0, | 1,4,2, | 
(62)	0,0,0, | 1,4,2, | 
(7838)	1,0,0, | 1,4,2, | 
(4382)	0,3,2, | 1,4,2, | 
(62)	0,0,0, | 1,4,2, | 
(1580)	0,1,1, | 1,5,2, | 
(2876)	0,2,1, | 1,5,2, | 
(12164)	1,3,2, | 1,5,2, | 
(1580)	0,1,1, | 1,5,2, | 
(35492)	4,3,2, | 1,5,2, | 
(4165)	0,3,1, | 1,4,1, | 
(5461)	0,4,1, | 1,4,1, | 
(11712)	1,3,0, | 1,2,0, | 
(10416)	1,2,0, | 1,2,0, | 
(25987)	3,2,0, | 1,5,1, | 
(11856)	1,3,0, | 5,2,0, | 
(10452)	1,2,0, | 2,2,0, | 
(10579)	1,2,0, | 5,5,1, | 
(13224)	1,4,1, | 1,2,0, | 
(10429)	1,2,0, | 1,4,1, | 
(10400)	1,2,0, | 0,5,2, | 
(13196)	1,4,1, | 0,3,2, | 
(14852)	1,5,2, | 4,3,2, | 
(14695)	1,5,2, | 0,1,1, | 
(14695)	1,5,2, | 0,1,1, | 
(14708)	1,5,2, | 0,3,2, | 
(14695)	1,5,2, | 0,1,1, | 
(13549)	1,4,2, | 4,2,1, | 
(13448)	1,4,2, | 1,3,2, | 
(13393)	1,4,2, | 0,0,1, | 
(13392)	1,4,2, | 0,0,0, | 
(13392)	1,4,2, | 0,0,0, | 
(13392)	1,4,2, | 0,0,0, | 
(7809)	1,0,0, | 0,5,3, | 
(69)	0,0,0, | 1,5,3, | 
(69)	0,0,0, | 1,5,3, | 
(69)	0,0,0, | 1,5,3, | 
(69)	0,0,0, | 1,5,3, | 
(7845)	1,0,0, | 1,5,3, | 
(15621)	2,0,0, | 1,5,3, | 
(68)	0,0,0, | 1,5,2, | 
(68)	0,0,0, | 1,5,2, | 
(2876)	0,2,1, | 1,5,2, | 
(12164)	1,3,2, | 1,5,2, | 
(1580)	0,1,1, | 1,5,2, | 
(35492)	4,3,2, | 1,5,2, | 
(1580)	0,1,1, | 1,5,2, | 
(5461)	0,4,1, | 1,4,1, | 
(44341)	5,4,1, | 1,4,1, | 
(11712)	1,3,0, | 1,2,0, | 
(11712)	1,3,0, | 1,2,0, | 
(13056)	1,4,0, | 2,4,0, | 
(11712)	1,3,0, | 1,2,0, | 
(11754)	1,3,0, | 2,3,0, | 
(13243)	1,4,1, | 1,5,1, | 
(22459)	2,5,1, | 5,5,1, | 
(11694)	1,3,0, | 0,5,0, | 
(13195)	1,4,1, | 0,3,1, | 
(13280)	1,4,1, | 2,5,2, | 
(13195)	1,4,1, | 0,3,1, | 
(14767)	1,5,2, | 2,1,1, | 
(14695)	1,5,2, | 0,1,1, | 
(14708)	1,5,2, | 0,3,2, | 
(13441)	1,4,2, | 1,2,1, | 
(13399)	1,4,2, | 0,1,1, | 
(13393)	1,4,2, | 0,0,1, | 
(13392)	1,4,2, | 0,0,0, | 
(13392)	1,4,2, | 0,0,0, | 
(13392)	1,4,2, | 0,0,0, | 
(7809)	1,0,0, | 0,5,3, | 
(69)	0,0,0, | 1,5,3, | 
(69)	0,0,0, | 1,5,3, | 
(69)	0,0,0, | 1,5,3, | 
(69)	0,0,0, | 1,5,3, | 
(7845)	1,0,0, | 1,5,3, | 
(4389)	0,3,2, | 1,5,3, | 
(9356)	1,1,1, | 1,5,2, | 
(1580)	0,1,1, | 1,5,2, | 
(2876)	0,2,1, | 1,5,2, | 
(12164)	1,3,2, | 1,5,2, | 
(1580)	0,1,1, | 1,5,2, | 
(35492)	4,3,2, | 1,5,2, | 
(68)	0,0,0, | 1,5,2, | 
(5461)	0,4,1, | 1,4,1, | 
(11712)	1,3,0, | 1,2,0, | 
(11712)	1,3,0, | 1,2,0, | 
(11712)	1,3,0, | 1,2,0, | 
(11784)	1,3,0, | 3,2,0, | 
(11712)	1,3,0, | 1,2,0, | 
(11862)	1,3,0, | 5,3,0, | 
(11875)	1,3,0, | 5,5,1, | 
(11712)	1,3,0, | 1,2,0, | 
(11712)	1,3,0, | 1,2,0, | 
(11724)	1,3,0, | 1,4,0, | 
(13284)	1,4,1, | 3,0,0, | 
(13212)	1,4,1, | 1,0,0, | 
(14744)	1,5,2, | 1,3,2, | 
(14760)	1,5,2, | 2,0,0, | 
(14737)	1,5,2, | 1,2,1, | 
(13477)	1,4,2, | 2,2,1, | 
(13399)	1,4,2, | 0,1,1, | 
(13393)	1,4,2, | 0,0,1, | 
(13392)	1,4,2, | 0,0,0, | 
(13392)	1,4,2, | 0,0,0, | 
(7809)	1,0,0, | 0,5,3, | 
(7809)	1,0,0, | 0,5,3, | 
(69)	0,0,0, | 1,5,3, | 
(69)	0,0,0, | 1,5,3, | 
(69)	0,0,0, | 1,5,3, | 
(69)	0,0,0, | 1,5,3, | 
(7845)	1,0,0, | 1,5,3, | 
(4389)	0,3,2, | 1,5,3, | 
(68)	0,0,0, | 1,5,2, | 
(1580)	0,1,1, | 1,5,2, | 
(2876)	0,2,1, | 1,5,2, | 
(12164)	1,3,2, | 1,5,2, | 
(68)	0,0,0, | 1,5,2, | 
(35492)	4,3,2, | 1,5,2, | 
(1580)	0,1,1, | 1,5,2, | 
(5461)	0,4,1, | 1,4,1, | 
(11748)	1,3,0, | 2,2,0, | 
(11724)	1,3,0, | 1,4,0, | 
(14520)	1,5,1, | 1,2,0, | 
(11820)	1,3,0, | 4,2,0, | 
(11712)	1,3,0, | 1,2,0, | 
(11790)	1,3,0, | 3,3,0, | 
(13063)	1,4,0, | 2,5,1, | 
(22243)	2,5,0, | 5,5,1, | 
(11712)	1,3,0, | 1,2,0, | 
(11724)	1,3,0, | 1,4,0, | 
(14521)	1,5,1, | 1,2,1, | 
(13176)	1,4,1, | 0,0,0, | 
(14750)	1,5,2, | 1,4,2, | 
(14721)	1,5,2, | 0,5,3, | 
(14701)	1,5,2, | 0,2,1, | 
(14721)	1,5,2, | 0,5,3, | 
(13399)	1,4,2, | 0,1,1, | 
(14977)	1,5,3, | 2,0,1, | 
(14904)	1,5,3, | 0,0,0, | 
(14904)	1,5,3, | 0,0,0, | 
(14904)	1,5,3, | 0,0,0, | 
(14904)	1,5,3, | 0,0,0, | 
(14904)	1,5,3, | 0,0,0, | 
(14905)	1,5,3, | 0,0,1, | 
(14904)	1,5,3, | 0,0,0, | 
(14905)	1,5,3, | 0,0,1, | 
(15552)	2,0,0, | 0,0,0, | 
(1548)	0,1,1, | 1,0,0, | 
(4140)	0,3,1, | 1,0,0, | 
(1548)	0,1,1, | 1,0,0, | 
(13644)	1,4,3, | 1,0,0, | 
(26172)	3,2,1, | 1,0,0, | 
(4140)	0,3,1, | 1,0,0, | 
(1548)	0,1,1, | 1,0,0, | 
(1548)	0,1,1, | 1,0,0, | 
(41724)	5,2,1, | 1,0,0, | 
(4392)	0,3,2, | 2,0,0, | 
(1584)	0,1,1, | 2,0,0, | 
(1332)	0,1,0, | 1,0,0, | 
(1368)	0,1,0, | 2,0,0, | 
(144)	0,0,0, | 4,0,0, | 
(41760)	5,2,1, | 2,0,0, | 
(1404)	0,1,0, | 3,0,0, | 
(144)	0,0,0, | 4,0,0, | 
(0)	0,0,0, | 0,0,0, | 
(14904)	1,5,3, | 0,0,0, | 
(14976)	1,5,3, | 2,0,0, | 
(14904)	1,5,3, | 0,0,0, | 
(14904)	1,5,3, | 0,0,0, | 
(14940)	1,5,3, | 1,0,0, | 
(14904)	1,5,3, | 0,0,0, | 
(14976)	1,5,3, | 2,0,0, | 
(14904)	1,5,3, | 0,0,0, | 
(14976)	1,5,3, | 2,0,0, | 
(14904)	1,5,3, | 0,0,0, | 
(14904)	1,5,3, | 0,0,0, | 
(14904)	1,5,3, | 0,0,0, | 
(14904)	1,5,3, | 0,0,0, | 
(7164)	0,5,3, | 1,0,0, | 
(7164)	0,5,3, | 1,0,0, | 
(7164)	0,5,3, | 1,0,0, | 
(49)	0,0,0, | 1,2,1, | 
(7825)	1,0,0, | 1,2,1, | 
(17113)	2,1,1, | 1,2,1, | 
(23377)	3,0,0, | 1,2,1, | 
(1561)	0,1,1, | 1,2,1, | 
(49)	0,0,0, | 1,2,1, | 
(20784)	2,4,0, | 1,2,0, | 
(3936)	0,3,0, | 1,2,0, | 
(22525)	2,5,2, | 1,4,1, | 
(13453)	1,4,2, | 1,4,1, | 
(6534)	0,5,0, | 1,3,0, | 
(9133)	1,1,0, | 1,4,1, | 
(9132)	1,1,0, | 1,4,0, | 
(9126)	1,1,0, | 1,3,0, | 
(10507)	1,2,0, | 3,5,1, | 
(9126)	1,1,0, | 1,3,0, | 
(10543)	1,2,0, | 4,5,1, | 
(9175)	1,1,0, | 2,5,1, | 
(9211)	1,1,0, | 3,5,1, | 
(9105)	1,1,0, | 0,5,3, | 
(14931)	1,5,3, | 0,4,3, | 
(14938)	1,5,3, | 0,5,4, | 
(14924)	1,5,3, | 0,3,2, | 
(15010)	1,5,3, | 2,5,4, | 
(14976)	1,5,3, | 2,0,0, | 
(14996)	1,5,3, | 2,3,2, | 
(14990)	1,5,3, | 2,2,2, | 
(14918)	1,5,3, | 0,2,2, | 
(14976)	1,5,3, | 2,0,0, | 
(14904)	1,5,3, | 0,0,0, | 
(14904)	1,5,3, | 0,0,0, | 
(14904)	1,5,3, | 0,0,0, | 
(14904)	1,5,3, | 0,0,0, | 
(7164)	0,5,3, | 1,0,0, | 
(62)	0,0,0, | 1,4,2, | 
(62)	0,0,0, | 1,4,2, | 
(62)	0,0,0, | 1,4,2, | 
(7838)	1,0,0, | 1,4,2, | 
(1574)	0,1,1, | 1,4,2, | 
(2870)	0,2,1, | 1,4,2, | 
(4388)	0,3,2, | 1,5,2, | 
(1580)	0,1,1, | 1,5,2, | 
(7196)	0,5,3, | 1,5,2, | 
(4165)	0,3,1, | 1,4,1, | 
(22525)	2,5,2, | 1,4,1, | 
(13453)	1,4,2, | 1,4,1, | 
(6534)	0,5,0, | 1,3,0, | 
(13020)	1,4,0, | 1,4,0, | 
(10435)	1,2,0, | 1,5,1, | 
(10435)	1,2,0, | 1,5,1, | 
(13020)	1,4,0, | 1,4,0, | 
(10506)	1,2,0, | 3,5,0, | 
(10507)	1,2,0, | 3,5,1, | 
(10507)	1,2,0, | 3,5,1, | 
(10429)	1,2,0, | 1,4,1, | 
(10400)	1,2,0, | 0,5,2, | 
(14695)	1,5,2, | 0,1,1, | 
(14793)	1,5,2, | 2,5,3, | 
(14695)	1,5,2, | 0,1,1, | 
(14695)	1,5,2, | 0,1,1, | 
(14708)	1,5,2, | 0,3,2, | 
(14695)	1,5,2, | 0,1,1, | 
(14688)	1,5,2, | 0,0,0, | 
(14918)	1,5,3, | 0,2,2, | 
(14976)	1,5,3, | 2,0,0, | 
(14904)	1,5,3, | 0,0,0, | 
(14904)	1,5,3, | 0,0,0, | 
(14904)	1,5,3, | 0,0,0, | 
(14904)	1,5,3, | 0,0,0, | 
(69)	0,0,0, | 1,5,3, | 
(69)	0,0,0, | 1,5,3, | 
(69)	0,0,0, | 1,5,3, | 
(69)	0,0,0, | 1,5,3, | 
(7845)	1,0,0, | 1,5,3, | 
(17133)	2,1,1, | 1,5,3, | 
(18428)	2,2,1, | 1,5,2, | 
(68)	0,0,0, | 1,5,2, | 
(1580)	0,1,1, | 1,5,2, | 
(7196)	0,5,3, | 1,5,2, | 
(4165)	0,3,1, | 1,4,1, | 
(22525)	2,5,2, | 1,4,1, | 
(13453)	1,4,2, | 1,4,1, | 
(6534)	0,5,0, | 1,3,0, | 
(13014)	1,4,0, | 1,3,0, | 
(11731)	1,3,0, | 1,5,1, | 
(13014)	1,4,0, | 1,3,0, | 
(13027)	1,4,0, | 1,5,1, | 
(36349)	4,4,0, | 1,4,1, | 
(11838)	1,3,0, | 4,5,0, | 
(13021)	1,4,0, | 1,4,1, | 
(14683)	1,5,1, | 5,5,1, | 
(11694)	1,3,0, | 0,5,0, | 
(13195)	1,4,1, | 0,3,1, | 
(13280)	1,4,1, | 2,5,2, | 
(13195)	1,4,1, | 0,3,1, | 
(14767)	1,5,2, | 2,1,1, | 
(14695)	1,5,2, | 0,1,1, | 
(14767)	1,5,2, | 2,1,1, | 
(14773)	1,5,2, | 2,2,1, | 
(14904)	1,5,3, | 0,0,0, | 
(14976)	1,5,3, | 2,0,0, | 
(14904)	1,5,3, | 0,0,0, | 
(14904)	1,5,3, | 0,0,0, | 
(14904)	1,5,3, | 0,0,0, | 
(14904)	1,5,3, | 0,0,0, | 
(69)	0,0,0, | 1,5,3, | 
(69)	0,0,0, | 1,5,3, | 
(69)	0,0,0, | 1,5,3, | 
(69)	0,0,0, | 1,5,3, | 
(7845)	1,0,0, | 1,5,3, | 
(69)	0,0,0, | 1,5,3, | 
(68)	0,0,0, | 1,5,2, | 
(4388)	0,3,2, | 1,5,2, | 
(1580)	0,1,1, | 1,5,2, | 
(7196)	0,5,3, | 1,5,2, | 
(1580)	0,1,1, | 1,5,2, | 
(22525)	2,5,2, | 1,4,1, | 
(13453)	1,4,2, | 1,4,1, | 
(6534)	0,5,0, | 1,3,0, | 
(13014)	1,4,0, | 1,3,0, | 
(11718)	1,3,0, | 1,3,0, | 
(19494)	2,3,0, | 1,3,0, | 
(13057)	1,4,0, | 2,4,1, | 
(11754)	1,3,0, | 2,3,0, | 
(11862)	1,3,0, | 5,3,0, | 
(13014)	1,4,0, | 1,3,0, | 
(11718)	1,3,0, | 1,3,0, | 
(11712)	1,3,0, | 1,2,0, | 
(14479)	1,5,1, | 0,1,1, | 
(14521)	1,5,1, | 1,2,1, | 
(14688)	1,5,2, | 0,0,0, | 
(14744)	1,5,2, | 1,3,2, | 
(14760)	1,5,2, | 2,0,0, | 
(14760)	1,5,2, | 2,0,0, | 
(14708)	1,5,2, | 0,3,2, | 
(14931)	1,5,3, | 0,4,3, | 
(14976)	1,5,3, | 2,0,0, | 
(14904)	1,5,3, | 0,0,0, | 
(14904)	1,5,3, | 0,0,0, | 
(14904)	1,5,3, | 0,0,0, | 
(7809)	1,0,0, | 0,5,3, | 
(69)	0,0,0, | 1,5,3, | 
(69)	0,0,0, | 1,5,3, | 
(69)	0,0,0, | 1,5,3, | 
(69)	0,0,0, | 1,5,3, | 
(7845)	1,0,0, | 1,5,3, | 
(17133)	2,1,1, | 1,5,3, | 
(18428)	2,2,1, | 1,5,2, | 
(4388)	0,3,2, | 1,5,2, | 
(68)	0,0,0, | 1,5,2, | 
(7196)	0,5,3, | 1,5,2, | 
(1580)	0,1,1, | 1,5,2, | 
(22525)	2,5,2, | 1,4,1, | 
(13453)	1,4,2, | 1,4,1, | 
(6534)	0,5,0, | 1,3,0, | 
(13050)	1,4,0, | 2,3,0, | 
(11718)	1,3,0, | 1,3,0, | 
(13014)	1,4,0, | 1,3,0, | 
(13021)	1,4,0, | 1,4,1, | 
(11724)	1,3,0, | 1,4,0, | 
(11724)	1,3,0, | 1,4,0, | 
(13014)	1,4,0, | 1,3,0, | 
(13171)	1,4,0, | 5,5,1, | 
(11712)	1,3,0, | 1,2,0, | 
(14497)	1,5,1, | 0,4,1, | 
(14521)	1,5,1, | 1,2,1, | 
(14497)	1,5,1, | 0,4,1, | 
(14750)	1,5,2, | 1,4,2, | 
(14721)	1,5,2, | 0,5,3, | 
(14760)	1,5,2, | 2,0,0, | 
(14714)	1,5,2, | 0,4,2, | 
(14911)	1,5,3, | 0,1,1, | 
(14905)	1,5,3, | 0,0,1, | 
(14904)	1,5,3, | 0,0,0, | 
(14904)	1,5,3, | 0,0,0, | 
(14904)	1,5,3, | 0,0,0, | 
(14904)	1,5,3, | 0,0,0, | 
(14904)	1,5,3, | 0,0,0, | 
(14904)	1,5,3, | 0,0,0, | 
(14904)	1,5,3, | 0,0,0, | 
(14904)	1,5,3, | 0,0,0, | 
(15552)	2,0,0, | 0,0,0, | 
(6732)	0,5,1, | 1,0,0, | 
(1548)	0,1,1, | 1,0,0, | 
(36)	0,0,0, | 1,0,0, | 
(2844)	0,2,1, | 1,0,0, | 
(27252)	3,3,0, | 1,0,0, | 
(2844)	0,2,1, | 1,0,0, | 
(6732)	0,5,1, | 1,0,0, | 
(1548)	0,1,1, | 1,0,0, | 
(10836)	1,2,2, | 1,0,0, | 
(1584)	0,1,1, | 2,0,0, | 
(72)	0,0,0, | 2,0,0, | 
(36)	0,0,0, | 1,0,0, | 
(19584)	2,3,0, | 4,0,0, | 
(144)	0,0,0, | 4,0,0, | 
(72)	0,0,0, | 2,0,0, | 
(5652)	0,4,2, | 1,0,0, | 
(144)	0,0,0, | 4,0,0, | 
(0)	0,0,0, | 0,0,0, | 
(14904)	1,5,3, | 0,0,0, | 
(14976)	1,5,3, | 2,0,0, | 
(14904)	1,5,3, | 0,0,0, | 
(14976)	1,5,3, | 2,0,0, | 
(14940)	1,5,3, | 1,0,0, | 
(14976)	1,5,3, | 2,0,0, | 
(14904)	1,5,3, | 0,0,0, | 
(14904)	1,5,3, | 0,0,0, | 
(14905)	1,5,3, | 0,0,1, | 
(14904)	1,5,3, | 0,0,0, | 
(14904)	1,5,3, | 0,0,0, | 
(14904)	1,5,3, | 0,0,0, | 
(14904)	1,5,3, | 0,0,0, | 
(7164)	0,5,3, | 1,0,0, | 
(7164)	0,5,3, | 1,0,0, | 
(7164)	0,5,3, | 1,0,0, | 
(49)	0,0,0, | 1,2,1, | 
(7825)	1,0,0, | 1,2,1, | 
(15601)	2,0,0, | 1,2,1, | 
(49)	0,0,0, | 1,2,1, | 
(49)	0,0,0, | 1,2,1, | 
(49)	0,0,0, | 1,2,1, | 
(5232)	0,4,0, | 1,2,0, | 
(13014)	1,4,0, | 1,3,0, | 
(6534)	0,5,0, | 1,3,0, | 
(5238)	0,4,0, | 1,3,0, | 
(10422)	1,2,0, | 1,3,0, | 
(10422)	1,2,0, | 1,3,0, | 
(9132)	1,1,0, | 1,4,0, | 
(9126)	1,1,0, | 1,3,0, | 
(11724)	1,3,0, | 1,4,0, | 
(9174)	1,1,0, | 2,5,0, | 
(10543)	1,2,0, | 4,5,1, | 
(9126)	1,1,0, | 1,3,0, | 
(9240)	1,1,0, | 4,4,0, | 
(9105)	1,1,0, | 0,5,3, | 
(14931)	1,5,3, | 0,4,3, | 
(14911)	1,5,3, | 0,1,1, | 
(14924)	1,5,3, | 0,3,2, | 
(14911)	1,5,3, | 0,1,1, | 
(14924)	1,5,3, | 0,3,2, | 
(15048)	1,5,3, | 4,0,0, | 
(14938)	1,5,3, | 0,5,4, | 
(14918)	1,5,3, | 0,2,2, | 
(14905)	1,5,3, | 0,0,1, | 
(14904)	1,5,3, | 0,0,0, | 
(14904)	1,5,3, | 0,0,0, | 
(14904)	1,5,3, | 0,0,0, | 
(14904)	1,5,3, | 0,0,0, | 
(7164)	0,5,3, | 1,0,0, | 
(62)	0,0,0, | 1,4,2, | 
(62)	0,0,0, | 1,4,2, | 
(62)	0,0,0, | 1,4,2, | 
(7838)	1,0,0, | 1,4,2, | 
(15614)	2,0,0, | 1,4,2, | 
(5894)	0,4,3, | 1,4,2, | 
(1580)	0,1,1, | 1,5,2, | 
(68)	0,0,0, | 1,5,2, | 
(15620)	2,0,0, | 1,5,2, | 
(1573)	0,1,1, | 1,4,1, | 
(23389)	3,0,0, | 1,4,1, | 
(1579)	0,1,1, | 1,5,1, | 
(10422)	1,2,0, | 1,3,0, | 
(42894)	5,3,0, | 3,3,0, | 
(10422)	1,2,0, | 1,3,0, | 
(14539)	1,5,1, | 1,5,1, | 
(11730)	1,3,0, | 1,5,0, | 
(10422)	1,2,0, | 1,3,0, | 
(10579)	1,2,0, | 5,5,1, | 
(10507)	1,2,0, | 3,5,1, | 
(14352)	1,5,0, | 2,4,0, | 
(10400)	1,2,0, | 0,5,2, | 
(14695)	1,5,2, | 0,1,1, | 
(14695)	1,5,2, | 0,1,1, | 
(14695)	1,5,2, | 0,1,1, | 
(14695)	1,5,2, | 0,1,1, | 
(14708)	1,5,2, | 0,3,2, | 
(14767)	1,5,2, | 2,1,1, | 
(14773)	1,5,2, | 2,2,1, | 
(14924)	1,5,3, | 0,3,2, | 
(14905)	1,5,3, | 0,0,1, | 
(14904)	1,5,3, | 0,0,0, | 
(14904)	1,5,3, | 0,0,0, | 
(14904)	1,5,3, | 0,0,0, | 
(14904)	1,5,3, | 0,0,0, | 
(69)	0,0,0, | 1,5,3, | 
(69)	0,0,0, | 1,5,3, | 
(69)	0,0,0, | 1,5,3, | 
(69)	0,0,0, | 1,5,3, | 
(7845)	1,0,0, | 1,5,3, | 
(15621)	2,0,0, | 1,5,3, | 
(1580)	0,1,1, | 1,5,2, | 
(1580)	0,1,1, | 1,5,2, | 
(68)	0,0,0, | 1,5,2, | 
(15620)	2,0,0, | 1,5,2, | 
(1580)	0,1,1, | 1,5,2, | 
(10651)	1,2,1, | 1,5,1, | 
(1579)	0,1,1, | 1,5,1, | 
(10422)	1,2,0, | 1,3,0, | 
(42907)	5,3,0, | 3,5,1, | 
(11718)	1,3,0, | 1,3,0, | 
(13243)	1,4,1, | 1,5,1, | 
(11760)	1,3,0, | 2,4,0, | 
(11730)	1,3,0, | 1,5,0, | 
(11838)	1,3,0, | 4,5,0, | 
(22092)	2,5,0, | 1,4,0, | 
(14683)	1,5,1, | 5,5,1, | 
(11694)	1,3,0, | 0,5,0, | 
(13195)	1,4,1, | 0,3,1, | 
(13291)	1,4,1, | 3,1,1, | 
(14724)	1,5,2, | 1,0,0, | 
(14767)	1,5,2, | 2,1,1, | 
(14695)	1,5,2, | 0,1,1, | 
(14767)	1,5,2, | 2,1,1, | 
(14688)	1,5,2, | 0,0,0, | 
(14904)	1,5,3, | 0,0,0, | 
(14905)	1,5,3, | 0,0,1, | 
(14904)	1,5,3, | 0,0,0, | 
(14904)	1,5,3, | 0,0,0, | 
(14904)	1,5,3, | 0,0,0, | 
(14904)	1,5,3, | 0,0,0, | 
(69)	0,0,0, | 1,5,3, | 
(69)	0,0,0, | 1,5,3, | 
(69)	0,0,0, | 1,5,3, | 
(69)	0,0,0, | 1,5,3, | 
(7845)	1,0,0, | 1,5,3, | 
(15621)	2,0,0, | 1,5,3, | 
(68)	0,0,0, | 1,5,2, | 
(1580)	0,1,1, | 1,5,2, | 
(68)	0,0,0, | 1,5,2, | 
(68)	0,0,0, | 1,5,2, | 
(1580)	0,1,1, | 1,5,2, | 
(10651)	1,2,1, | 1,5,1, | 
(1579)	0,1,1, | 1,5,1, | 
(10422)	1,2,0, | 1,3,0, | 
(11718)	1,3,0, | 1,3,0, | 
(11724)	1,3,0, | 1,4,0, | 
(11718)	1,3,0, | 1,3,0, | 
(11838)	1,3,0, | 4,5,0, | 
(11718)	1,3,0, | 1,3,0, | 
(11862)	1,3,0, | 5,3,0, | 
(11875)	1,3,0, | 5,5,1, | 
(11718)	1,3,0, | 1,3,0, | 
(11712)	1,3,0, | 1,2,0, | 
(14479)	1,5,1, | 0,1,1, | 
(14521)	1,5,1, | 1,2,1, | 
(14793)	1,5,2, | 2,5,3, | 
(14744)	1,5,2, | 1,3,2, | 
(14760)	1,5,2, | 2,0,0, | 
(14760)	1,5,2, | 2,0,0, | 
(14708)	1,5,2, | 0,3,2, | 
(14931)	1,5,3, | 0,4,3, | 
(14905)	1,5,3, | 0,0,1, | 
(14904)	1,5,3, | 0,0,0, | 
(14904)	1,5,3, | 0,0,0, | 
(14904)	1,5,3, | 0,0,0, | 
(14904)	1,5,3, | 0,0,0, | 
(69)	0,0,0, | 1,5,3, | 
(69)	0,0,0, | 1,5,3, | 
(69)	0,0,0, | 1,5,3, | 
(69)	0,0,0, | 1,5,3, | 
(7845)	1,0,0, | 1,5,3, | 
(15621)	2,0,0, | 1,5,3, | 
(1580)	0,1,1, | 1,5,2, | 
(1580)	0,1,1, | 1,5,2, | 
(68)	0,0,0, | 1,5,2, | 
(15620)	2,0,0, | 1,5,2, | 
(1580)	0,1,1, | 1,5,2, | 
(10651)	1,2,1, | 1,5,1, | 
(1579)	0,1,1, | 1,5,1, | 
(10422)	1,2,0, | 1,3,0, | 
(42894)	5,3,0, | 3,3,0, | 
(11724)	1,3,0, | 1,4,0, | 
(11718)	1,3,0, | 1,3,0, | 
(11796)	1,3,0, | 3,4,0, | 
(11724)	1,3,0, | 1,4,0, | 
(11862)	1,3,0, | 5,3,0, | 
(13063)	1,4,0, | 2,5,1, | 
(13171)	1,4,0, | 5,5,1, | 
(11712)	1,3,0, | 1,2,0, | 
(14485)	1,5,1, | 0,2,1, | 
(14521)	1,5,1, | 1,2,1, | 
(14497)	1,5,1, | 0,4,1, | 
(14750)	1,5,2, | 1,4,2, | 
(14721)	1,5,2, | 0,5,3, | 
(14760)	1,5,2, | 2,0,0, | 
(14701)	1,5,2, | 0,2,1, | 
(14918)	1,5,3, | 0,2,2, | 
(14977)	1,5,3, | 2,0,1, | 
(14904)	1,5,3, | 0,0,0, | 
(14904)	1,5,3, | 0,0,0, | 
(14904)	1,5,3, | 0,0,0, | 
(14905)	1,5,3, | 0,0,1, | 
(14904)	1,5,3, | 0,0,0, | 
(14905)	1,5,3, | 0,0,1, | 
(14904)	1,5,3, | 0,0,0, | 
(14904)	1,5,3, | 0,0,0, | 
(15552)	2,0,0, | 0,0,0, | 
(36)	0,0,0, | 1,0,0, | 
(13860)	1,4,4, | 1,0,0, | 
(36)	0,0,0, | 1,0,0, | 
(6732)	0,5,1, | 1,0,0, | 
(6732)	0,5,1, | 1,0,0, | 
(1548)	0,1,1, | 1,0,0, | 
(15588)	2,0,0, | 1,0,0, | 
(1548)	0,1,1, | 1,0,0, | 
(27252)	3,3,0, | 1,0,0, | 
(6840)	0,5,1, | 4,0,0, | 
(5760)	0,4,2, | 4,0,0, | 
(7020)	0,5,2, | 3,0,0, | 
(27288)	3,3,0, | 2,0,0, | 
(144)	0,0,0, | 4,0,0, | 
(27288)	3,3,0, | 2,0,0, | 
(7164)	0,5,3, | 1,0,0, | 
(11808)	1,3,0, | 4,0,0, | 
(0)	0,0,0, | 0,0,0, | 
(14904)	1,5,3, | 0,0,0, | 
(14976)	1,5,3, | 2,0,0, | 
(14904)	1,5,3, | 0,0,0, | 
(14904)	1,5,3, | 0,0,0, | 
(14940)	1,5,3, | 1,0,0, | 
(14976)	1,5,3, | 2,0,0, | 
(14976)	1,5,3, | 2,0,0, | 
(14904)	1,5,3, | 0,0,0, | 
(14976)	1,5,3, | 2,0,0, | 
(14904)	1,5,3, | 0,0,0, | 
(14904)	1,5,3, | 0,0,0, | 
(14904)	1,5,3, | 0,0,0, | 
(14905)	1,5,3, | 0,0,1, | 
(7164)	0,5,3, | 1,0,0, | 
(7164)	0,5,3, | 1,0,0, | 
(7164)	0,5,3, | 1,0,0, | 
(49)	0,0,0, | 1,2,1, | 
(7825)	1,0,0, | 1,2,1, | 
(22945)	2,5,4, | 1,2,1, | 
(49)	0,0,0, | 1,2,1, | 
(15601)	2,0,0, | 1,2,1, | 
(49)	0,0,0, | 1,2,1, | 
(5238)	0,4,0, | 1,3,0, | 
(5238)	0,4,0, | 1,3,0, | 
(5238)	0,4,0, | 1,3,0, | 
(13014)	1,4,0, | 1,3,0, | 
(9139)	1,1,0, | 1,5,1, | 
(9139)	1,1,0, | 1,5,1, | 
(9139)	1,1,0, | 1,5,1, | 
(9126)	1,1,0, | 1,3,0, | 
(9132)	1,1,0, | 1,4,0, | 
(9126)	1,1,0, | 1,3,0, | 
(10506)	1,2,0, | 3,5,0, | 
(10422)	1,2,0, | 1,3,0, | 
(9240)	1,1,0, | 4,4,0, | 
(9105)	1,1,0, | 0,5,3, | 
(14931)	1,5,3, | 0,4,3, | 
(14911)	1,5,3, | 0,1,1, | 
(14924)	1,5,3, | 0,3,2, | 
(15010)	1,5,3, | 2,5,4, | 
(14940)	1,5,3, | 1,0,0, | 
(14931)	1,5,3, | 0,4,3, | 
(14990)	1,5,3, | 2,2,2, | 
(14990)	1,5,3, | 2,2,2, | 
(14976)	1,5,3, | 2,0,0, | 
(14904)	1,5,3, | 0,0,0, | 
(14904)	1,5,3, | 0,0,0, | 
(14904)	1,5,3, | 0,0,0, | 
(14905)	1,5,3, | 0,0,1, | 
(7164)	0,5,3, | 1,0,0, | 
(7164)	0,5,3, | 1,0,0, | 
(62)	0,0,0, | 1,4,2, | 
(62)	0,0,0, | 1,4,2, | 
(7838)	1,0,0, | 1,4,2, | 
(62)	0,0,0, | 1,4,2, | 
(2876)	0,2,1, | 1,5,2, | 
(7196)	0,5,3, | 1,5,2, | 
(2876)	0,2,1, | 1,5,2, | 
(7196)	0,5,3, | 1,5,2, | 
(61)	0,0,0, | 1,4,1, | 
(10651)	1,2,1, | 1,5,1, | 
(10651)	1,2,1, | 1,5,1, | 
(9139)	1,1,0, | 1,5,1, | 
(10422)	1,2,0, | 1,3,0, | 
(10422)	1,2,0, | 1,3,0, | 
(14611)	1,5,1, | 3,5,1, | 
(13050)	1,4,0, | 2,3,0, | 
(10434)	1,2,0, | 1,5,0, | 
(10494)	1,2,0, | 3,3,0, | 
(10422)	1,2,0, | 1,3,0, | 
(14394)	1,5,0, | 3,5,0, | 
(10400)	1,2,0, | 0,5,2, | 
(14721)	1,5,2, | 0,5,3, | 
(14695)	1,5,2, | 0,1,1, | 
(14695)	1,5,2, | 0,1,1, | 
(14695)	1,5,2, | 0,1,1, | 
(14708)	1,5,2, | 0,3,2, | 
(14695)	1,5,2, | 0,1,1, | 
(14688)	1,5,2, | 0,0,0, | 
(14924)	1,5,3, | 0,3,2, | 
(14976)	1,5,3, | 2,0,0, | 
(14904)	1,5,3, | 0,0,0, | 
(14904)	1,5,3, | 0,0,0, | 
(14904)	1,5,3, | 0,0,0, | 
(14905)	1,5,3, | 0,0,1, | 
(7164)	0,5,3, | 1,0,0, | 
(69)	0,0,0, | 1,5,3, | 
(69)	0,0,0, | 1,5,3, | 
(69)	0,0,0, | 1,5,3, | 
(7845)	1,0,0, | 1,5,3, | 
(22965)	2,5,4, | 1,5,3, | 
(13460)	1,4,2, | 1,5,2, | 
(23396)	3,0,0, | 1,5,2, | 
(2876)	0,2,1, | 1,5,2, | 
(7196)	0,5,3, | 1,5,2, | 
(10651)	1,2,1, | 1,5,1, | 
(10651)	1,2,1, | 1,5,1, | 
(10651)	1,2,1, | 1,5,1, | 
(9139)	1,1,0, | 1,5,1, | 
(13014)	1,4,0, | 1,3,0, | 
(11724)	1,3,0, | 1,4,0, | 
(22350)	2,5,1, | 2,5,0, | 
(13099)	1,4,0, | 3,5,1, | 
(22092)	2,5,0, | 1,4,0, | 
(11838)	1,3,0, | 4,5,0, | 
(14394)	1,5,0, | 3,5,0, | 
(30235)	3,5,1, | 5,5,1, | 
(11694)	1,3,0, | 0,5,0, | 
(13189)	1,4,1, | 0,2,1, | 
(13291)	1,4,1, | 3,1,1, | 
(14724)	1,5,2, | 1,0,0, | 
(14767)	1,5,2, | 2,1,1, | 
(14695)	1,5,2, | 0,1,1, | 
(14688)	1,5,2, | 0,0,0, | 
(14773)	1,5,2, | 2,2,1, | 
(14960)	1,5,3, | 1,3,2, | 
(14976)	1,5,3, | 2,0,0, | 
(14904)	1,5,3, | 0,0,0, | 
(14904)	1,5,3, | 0,0,0, | 
(14904)	1,5,3, | 0,0,0, | 
(14905)	1,5,3, | 0,0,1, | 
(69)	0,0,0, | 1,5,3, | 
(69)	0,0,0, | 1,5,3, | 
(69)	0,0,0, | 1,5,3, | 
(69)	0,0,0, | 1,5,3, | 
(7845)	1,0,0, | 1,5,3, | 
(22965)	2,5,4, | 1,5,3, | 
(68)	0,0,0, | 1,5,2, | 
(7196)	0,5,3, | 1,5,2, | 
(2876)	0,2,1, | 1,5,2, | 
(7196)	0,5,3, | 1,5,2, | 
(10651)	1,2,1, | 1,5,1, | 
(10651)	1,2,1, | 1,5,1, | 
(10651)	1,2,1, | 1,5,1, | 
(9139)	1,1,0, | 1,5,1, | 
(13014)	1,4,0, | 1,3,0, | 
(11724)	1,3,0, | 1,4,0, | 
(27270)	3,3,0, | 1,3,0, | 
(13050)	1,4,0, | 2,3,0, | 
(11724)	1,3,0, | 1,4,0, | 
(11862)	1,3,0, | 5,3,0, | 
(14539)	1,5,1, | 1,5,1, | 
(11718)	1,3,0, | 1,3,0, | 
(11712)	1,3,0, | 1,2,0, | 
(14479)	1,5,1, | 0,1,1, | 
(14521)	1,5,1, | 1,2,1, | 
(14793)	1,5,2, | 2,5,3, | 
(14744)	1,5,2, | 1,3,2, | 
(14760)	1,5,2, | 2,0,0, | 
(14737)	1,5,2, | 1,2,1, | 
(14708)	1,5,2, | 0,3,2, | 
(14911)	1,5,3, | 0,1,1, | 
(14976)	1,5,3, | 2,0,0, | 
(14904)	1,5,3, | 0,0,0, | 
(14904)	1,5,3, | 0,0,0, | 
(14904)	1,5,3, | 0,0,0, | 
(14905)	1,5,3, | 0,0,1, | 
(69)	0,0,0, | 1,5,3, | 
(69)	0,0,0, | 1,5,3, | 
(69)	0,0,0, | 1,5,3, | 
(69)	0,0,0, | 1,5,3, | 
(7845)	1,0,0, | 1,5,3, | 
(22965)	2,5,4, | 1,5,3, | 
(13460)	1,4,2, | 1,5,2, | 
(7196)	0,5,3, | 1,5,2, | 
(68)	0,0,0, | 1,5,2, | 
(7196)	0,5,3, | 1,5,2, | 
(10651)	1,2,1, | 1,5,1, | 
(10651)	1,2,1, | 1,5,1, | 
(10651)	1,2,1, | 1,5,1, | 
(9139)	1,1,0, | 1,5,1, | 
(13050)	1,4,0, | 2,3,0, | 
(11724)	1,3,0, | 1,4,0, | 
(11718)	1,3,0, | 1,3,0, | 
(13027)	1,4,0, | 1,5,1, | 
(11724)	1,3,0, | 1,4,0, | 
(11724)	1,3,0, | 1,4,0, | 
(13063)	1,4,0, | 2,5,1, | 
(13171)	1,4,0, | 5,5,1, | 
(11712)	1,3,0, | 1,2,0, | 
(14497)	1,5,1, | 0,4,1, | 
(14521)	1,5,1, | 1,2,1, | 
(14497)	1,5,1, | 0,4,1, | 
(14750)	1,5,2, | 1,4,2, | 
(14721)	1,5,2, | 0,5,3, | 
(14701)	1,5,2, | 0,2,1, | 
(14714)	1,5,2, | 0,4,2, | 
(14911)	1,5,3, | 0,1,1, | 
