(46008)	5,5,3, | 0,0,0, | 
(46008)	5,5,3, | 0,0,0, | 
(46008)	5,5,3, | 0,0,0, | 
(46008)	5,5,3, | 0,0,0, | 
(46008)	5,5,3, | 0,0,0, | 
(213)	0,0,0, | 5,5,3, | 
(213)	0,0,0, | 5,5,3, | 
(213)	0,0,0, | 5,5,3, | 
(213)	0,0,0, | 5,5,3, | 
(213)	0,0,0, | 5,5,3, | 
(213)	0,0,0, | 5,5,3, | 
(7989)	1,0,0, | 5,5,3, | 
(7989)	1,0,0, | 5,5,3, | 
(18572)	2,2,1, | 5,5,2, | 
(10796)	1,2,1, | 5,5,2, | 
(22892)	2,5,3, | 5,5,2, | 
(18572)	2,2,1, | 5,5,2, | 
(10796)	1,2,1, | 5,5,2, | 
(7988)	1,0,0, | 5,5,2, | 
(10796)	1,2,1, | 5,5,2, | 
(42)	0,0,0, | 1,1,0, | 
(9139)	1,1,0, | 1,5,1, | 
(9139)	1,1,0, | 1,5,1, | 
(14533)	1,5,1, | 1,4,1, | 
(16926)	2,1,0, | 2,1,0, | 
(9175)	1,1,0, | 2,5,1, | 
(11876)	1,3,0, | 5,5,2, | 
(9175)	1,1,0, | 2,5,1, | 
(10446)	1,2,0, | 2,1,0, | 
(10573)	1,2,0, | 5,4,1, | 
(9175)	1,1,0, | 2,5,1, | 
(45864)	5,5,2, | 2,0,0, | 
(45900)	5,5,2, | 3,0,0, | 
(45871)	5,5,2, | 2,1,1, | 
(45877)	5,5,2, | 2,2,1, | 
(45864)	5,5,2, | 2,0,0, | 
(45969)	5,5,2, | 4,5,3, | 
(45877)	5,5,2, | 2,2,1, | 
(46051)	5,5,3, | 1,1,1, | 
(46058)	5,5,3, | 1,2,2, | 
(46008)	5,5,3, | 0,0,0, | 
(46008)	5,5,3, | 0,0,0, | 
(46008)	5,5,3, | 0,0,0, | 
(46008)	5,5,3, | 0,0,0, | 
(46008)	5,5,3, | 0,0,0, | 
(46008)	5,5,3, | 0,0,0, | 
(46008)	5,5,3, | 0,0,0, | 
(46008)	5,5,3, | 0,0,0, | 
(46008)	5,5,3, | 0,0,0, | 
(46008)	5,5,3, | 0,0,0, | 
(7777)	1,0,0, | 0,0,1, | 
(13176)	1,4,1, | 0,0,0, | 
(12096)	1,3,2, | 0,0,0, | 
(19872)	2,3,2, | 0,0,0, | 
(10368)	1,2,0, | 0,0,0, | 
(7776)	1,0,0, | 0,0,0, | 
(27432)	3,3,1, | 0,0,0, | 
(17064)	2,1,1, | 0,0,0, | 
(12096)	1,3,2, | 0,0,0, | 
(10796)	1,2,1, | 5,5,2, | 
(42)	0,0,0, | 1,1,0, | 
(54)	0,0,0, | 1,3,0, | 
(9139)	1,1,0, | 1,5,1, | 
(14527)	1,5,1, | 1,3,1, | 
(14634)	1,5,1, | 4,3,0, | 
(68)	0,0,0, | 1,5,2, | 
(11971)	1,3,1, | 2,3,1, | 
(11922)	1,3,1, | 1,1,0, | 
(68)	0,0,0, | 1,5,2, | 
(14972)	1,5,3, | 1,5,2, | 
(9199)	1,1,0, | 3,3,1, | 
(46044)	5,5,3, | 1,0,0, | 
(46044)	5,5,3, | 1,0,0, | 
(46208)	5,5,3, | 5,3,2, | 
(46044)	5,5,3, | 1,0,0, | 
(46044)	5,5,3, | 1,0,0, | 
(46044)	5,5,3, | 1,0,0, | 
(46044)	5,5,3, | 1,0,0, | 
(46058)	5,5,3, | 1,2,2, | 
(46044)	5,5,3, | 1,0,0, | 
(46008)	5,5,3, | 0,0,0, | 
(46008)	5,5,3, | 0,0,0, | 
(46008)	5,5,3, | 0,0,0, | 
(46008)	5,5,3, | 0,0,0, | 
(46008)	5,5,3, | 0,0,0, | 
(46008)	5,5,3, | 0,0,0, | 
(46008)	5,5,3, | 0,0,0, | 
(46008)	5,5,3, | 0,0,0, | 
(46008)	5,5,3, | 0,0,0, | 
(46008)	5,5,3, | 0,0,0, | 
(7777)	1,0,0, | 0,0,1, | 
(13176)	1,4,1, | 0,0,0, | 
(12096)	1,3,2, | 0,0,0, | 
(19872)	2,3,2, | 0,0,0, | 
(10368)	1,2,0, | 0,0,0, | 
(7776)	1,0,0, | 0,0,0, | 
(27432)	3,3,1, | 0,0,0, | 
(17064)	2,1,1, | 0,0,0, | 
(12096)	1,3,2, | 0,0,0, | 
(7825)	1,0,0, | 1,2,1, | 
(42)	0,0,0, | 1,1,0, | 
(54)	0,0,0, | 1,3,0, | 
(9139)	1,1,0, | 1,5,1, | 
(14527)	1,5,1, | 1,3,1, | 
(14598)	1,5,1, | 3,3,0, | 
(68)	0,0,0, | 1,5,2, | 
(133)	0,0,0, | 3,4,1, | 
(11922)	1,3,1, | 1,1,0, | 
(68)	0,0,0, | 1,5,2, | 
(14972)	1,5,3, | 1,5,2, | 
(96)	0,0,0, | 2,4,0, | 
(46044)	5,5,3, | 1,0,0, | 
(46044)	5,5,3, | 1,0,0, | 
(46222)	5,5,3, | 5,5,4, | 
(46044)	5,5,3, | 1,0,0, | 
(46044)	5,5,3, | 1,0,0, | 
(46044)	5,5,3, | 1,0,0, | 
(46044)	5,5,3, | 1,0,0, | 
(46058)	5,5,3, | 1,2,2, | 
(46044)	5,5,3, | 1,0,0, | 
(46008)	5,5,3, | 0,0,0, | 
(46008)	5,5,3, | 0,0,0, | 
(46008)	5,5,3, | 0,0,0, | 
(46008)	5,5,3, | 0,0,0, | 
(46008)	5,5,3, | 0,0,0, | 
(46008)	5,5,3, | 0,0,0, | 
(46008)	5,5,3, | 0,0,0, | 
(46008)	5,5,3, | 0,0,0, | 
(46008)	5,5,3, | 0,0,0, | 
(46008)	5,5,3, | 0,0,0, | 
(7777)	1,0,0, | 0,0,1, | 
(13176)	1,4,1, | 0,0,0, | 
(12096)	1,3,2, | 0,0,0, | 
(19872)	2,3,2, | 0,0,0, | 
(10368)	1,2,0, | 0,0,0, | 
(7776)	1,0,0, | 0,0,0, | 
(27432)	3,3,1, | 0,0,0, | 
(17064)	2,1,1, | 0,0,0, | 
(12096)	1,3,2, | 0,0,0, | 
(7825)	1,0,0, | 1,2,1, | 
(42)	0,0,0, | 1,1,0, | 
(54)	0,0,0, | 1,3,0, | 
(9139)	1,1,0, | 1,5,1, | 
(14527)	1,5,1, | 1,3,1, | 
(18415)	2,2,1, | 1,3,1, | 
(68)	0,0,0, | 1,5,2, | 
(12079)	1,3,1, | 5,3,1, | 
(11922)	1,3,1, | 1,1,0, | 
(68)	0,0,0, | 1,5,2, | 
(14972)	1,5,3, | 1,5,2, | 
(96)	0,0,0, | 2,4,0, | 
(46044)	5,5,3, | 1,0,0, | 
(46044)	5,5,3, | 1,0,0, | 
(46044)	5,5,3, | 1,0,0, | 
(46044)	5,5,3, | 1,0,0, | 
(46044)	5,5,3, | 1,0,0, | 
(46044)	5,5,3, | 1,0,0, | 
(46044)	5,5,3, | 1,0,0, | 
(46058)	5,5,3, | 1,2,2, | 
(46044)	5,5,3, | 1,0,0, | 
(46008)	5,5,3, | 0,0,0, | 
(46008)	5,5,3, | 0,0,0, | 
(46008)	5,5,3, | 0,0,0, | 
(46008)	5,5,3, | 0,0,0, | 
(46008)	5,5,3, | 0,0,0, | 
(46008)	5,5,3, | 0,0,0, | 
(46008)	5,5,3, | 0,0,0, | 
(46008)	5,5,3, | 0,0,0, | 
(46008)	5,5,3, | 0,0,0, | 
(46008)	5,5,3, | 0,0,0, | 
(7777)	1,0,0, | 0,0,1, | 
(13176)	1,4,1, | 0,0,0, | 
(12096)	1,3,2, | 0,0,0, | 
(19872)	2,3,2, | 0,0,0, | 
(10368)	1,2,0, | 0,0,0, | 
(7776)	1,0,0, | 0,0,0, | 
(27432)	3,3,1, | 0,0,0, | 
(17064)	2,1,1, | 0,0,0, | 
(12096)	1,3,2, | 0,0,0, | 
(7825)	1,0,0, | 1,2,1, | 
(42)	0,0,0, | 1,1,0, | 
(54)	0,0,0, | 1,3,0, | 
(9139)	1,1,0, | 1,5,1, | 
(14527)	1,5,1, | 1,3,1, | 
(12079)	1,3,1, | 5,3,1, | 
(68)	0,0,0, | 1,5,2, | 
(14569)	1,5,1, | 2,4,1, | 
(11922)	1,3,1, | 1,1,0, | 
(68)	0,0,0, | 1,5,2, | 
(14972)	1,5,3, | 1,5,2, | 
(96)	0,0,0, | 2,4,0, | 
(46044)	5,5,3, | 1,0,0, | 
(46044)	5,5,3, | 1,0,0, | 
(46044)	5,5,3, | 1,0,0, | 
(46044)	5,5,3, | 1,0,0, | 
(46044)	5,5,3, | 1,0,0, | 
(46044)	5,5,3, | 1,0,0, | 
(46044)	5,5,3, | 1,0,0, | 
(46058)	5,5,3, | 1,2,2, | 
(46044)	5,5,3, | 1,0,0, | 
(46008)	5,5,3, | 0,0,0, | 
(46008)	5,5,3, | 0,0,0, | 
(46008)	5,5,3, | 0,0,0, | 
(46008)	5,5,3, | 0,0,0, | 
(46008)	5,5,3, | 0,0,0, | 
(46008)	5,5,3, | 0,0,0, | 
(46008)	5,5,3, | 0,0,0, | 
(46008)	5,5,3, | 0,0,0, | 
(46008)	5,5,3, | 0,0,0, | 
(46008)	5,5,3, | 0,0,0, | 
(7777)	1,0,0, | 0,0,1, | 
(13176)	1,4,1, | 0,0,0, | 
(12096)	1,3,2, | 0,0,0, | 
(19872)	2,3,2, | 0,0,0, | 
(10368)	1,2,0, | 0,0,0, | 
(7776)	1,0,0, | 0,0,0, | 
(27432)	3,3,1, | 0,0,0, | 
(17064)	2,1,1, | 0,0,0, | 
(12096)	1,3,2, | 0,0,0, | 
(7825)	1,0,0, | 1,2,1, | 
(42)	0,0,0, | 1,1,0, | 
(54)	0,0,0, | 1,3,0, | 
(9139)	1,1,0, | 1,5,1, | 
(14527)	1,5,1, | 1,3,1, | 
(18415)	2,2,1, | 1,3,1, | 
(68)	0,0,0, | 1,5,2, | 
(14569)	1,5,1, | 2,4,1, | 
(11922)	1,3,1, | 1,1,0, | 
(68)	0,0,0, | 1,5,2, | 
(14972)	1,5,3, | 1,5,2, | 
(96)	0,0,0, | 2,4,0, | 
(46044)	5,5,3, | 1,0,0, | 
(46044)	5,5,3, | 1,0,0, | 
(46044)	5,5,3, | 1,0,0, | 
(46044)	5,5,3, | 1,0,0, | 
(46044)	5,5,3, | 1,0,0, | 
(46044)	5,5,3, | 1,0,0, | 
(46044)	5,5,3, | 1,0,0, | 
(46058)	5,5,3, | 1,2,2, | 
(46044)	5,5,3, | 1,0,0, | 
(36)	0,0,0, | 1,0,0, | 
(213)	0,0,0, | 5,5,3, | 
(213)	0,0,0, | 5,5,3, | 
(213)	0,0,0, | 5,5,3, | 
(213)	0,0,0, | 5,5,3, | 
(213)	0,0,0, | 5,5,3, | 
(213)	0,0,0, | 5,5,3, | 
(213)	0,0,0, | 5,5,3, | 
(213)	0,0,0, | 5,5,3, | 
(213)	0,0,0, | 5,5,3, | 
(213)	0,0,0, | 5,5,3, | 
(7989)	1,0,0, | 5,5,3, | 
(7989)	1,0,0, | 5,5,3, | 
(7989)	1,0,0, | 5,5,3, | 
(7989)	1,0,0, | 5,5,3, | 
(7989)	1,0,0, | 5,5,3, | 
(7989)	1,0,0, | 5,5,3, | 
(7989)	1,0,0, | 5,5,3, | 
(9501)	1,1,1, | 5,5,3, | 
(7989)	1,0,0, | 5,5,3, | 
(36)	0,0,0, | 1,0,0, | 
(9134)	1,1,0, | 1,4,2, | 
(9120)	1,1,0, | 1,2,0, | 
(22362)	2,5,1, | 3,1,0, | 
(14760)	1,5,2, | 2,0,0, | 
(9157)	1,1,0, | 2,2,1, | 
(9150)	1,1,0, | 2,1,0, | 
(10581)	1,2,0, | 5,5,3, | 
(9168)	1,1,0, | 2,4,0, | 
(18349)	2,2,0, | 5,4,1, | 
(9175)	1,1,0, | 2,5,1, | 
(45864)	5,5,2, | 2,0,0, | 
(106)	0,0,0, | 2,5,4, | 
(48)	0,0,0, | 1,2,0, | 
(126)	0,0,0, | 3,3,0, | 
(48)	0,0,0, | 1,2,0, | 
(61)	0,0,0, | 1,4,1, | 
(42)	0,0,0, | 1,1,0, | 
(36)	0,0,0, | 1,0,0, | 
(48)	0,0,0, | 1,2,0, | 
(0)	0,0,0, | 0,0,0, | 
(0)	0,0,0, | 0,0,0, | 
(0)	0,0,0, | 0,0,0, | 
(0)	0,0,0, | 0,0,0, | 
(0)	0,0,0, | 0,0,0, | 
(0)	0,0,0, | 0,0,0, | 
(0)	0,0,0, | 0,0,0, | 
(0)	0,0,0, | 0,0,0, | 
(0)	0,0,0, | 0,0,0, | 
(0)	0,0,0, | 0,0,0, | 
(7777)	1,0,0, | 0,0,1, | 
(7777)	1,0,0, | 0,0,1, | 
(21168)	2,4,2, | 0,0,0, | 
(7776)	1,0,0, | 0,0,0, | 
(7776)	1,0,0, | 0,0,0, | 
(35208)	4,3,1, | 0,0,0, | 
(45576)	5,5,1, | 0,0,0, | 
(7776)	1,0,0, | 0,0,0, | 
(9288)	1,1,1, | 0,0,0, | 
(42984)	5,3,1, | 0,0,0, | 
(36)	0,0,0, | 1,0,0, | 
(36)	0,0,0, | 1,0,0, | 
(7812)	1,0,0, | 1,0,0, | 
(21246)	2,4,2, | 2,1,0, | 
(7826)	1,0,0, | 1,2,2, | 
(68)	0,0,0, | 1,5,2, | 
(10652)	1,2,1, | 1,5,2, | 
(141)	0,0,0, | 3,5,3, | 
(36)	0,0,0, | 1,0,0, | 
(14418)	1,5,0, | 4,3,0, | 
(9199)	1,1,0, | 3,3,1, | 
(50)	0,0,0, | 1,2,2, | 
(36)	0,0,0, | 1,0,0, | 
(99)	0,0,0, | 2,4,3, | 
(36)	0,0,0, | 1,0,0, | 
(36)	0,0,0, | 1,0,0, | 
(36)	0,0,0, | 1,0,0, | 
(36)	0,0,0, | 1,0,0, | 
(50)	0,0,0, | 1,2,2, | 
(36)	0,0,0, | 1,0,0, | 
(0)	0,0,0, | 0,0,0, | 
(0)	0,0,0, | 0,0,0, | 
(0)	0,0,0, | 0,0,0, | 
(0)	0,0,0, | 0,0,0, | 
(0)	0,0,0, | 0,0,0, | 
(0)	0,0,0, | 0,0,0, | 
(0)	0,0,0, | 0,0,0, | 
(0)	0,0,0, | 0,0,0, | 
(0)	0,0,0, | 0,0,0, | 
(0)	0,0,0, | 0,0,0, | 
(7777)	1,0,0, | 0,0,1, | 
(7777)	1,0,0, | 0,0,1, | 
(21168)	2,4,2, | 0,0,0, | 
(7776)	1,0,0, | 0,0,0, | 
(7776)	1,0,0, | 0,0,0, | 
(35208)	4,3,1, | 0,0,0, | 
(45576)	5,5,1, | 0,0,0, | 
(7776)	1,0,0, | 0,0,0, | 
(9288)	1,1,1, | 0,0,0, | 
(42984)	5,3,1, | 0,0,0, | 
(36)	0,0,0, | 1,0,0, | 
(36)	0,0,0, | 1,0,0, | 
(7812)	1,0,0, | 1,0,0, | 
(22362)	2,5,1, | 3,1,0, | 
(7826)	1,0,0, | 1,2,2, | 
(68)	0,0,0, | 1,5,2, | 
(133)	0,0,0, | 3,4,1, | 
(13428)	1,4,2, | 1,0,0, | 
(36)	0,0,0, | 1,0,0, | 
(45679)	5,5,1, | 2,5,1, | 
(96)	0,0,0, | 2,4,0, | 
(50)	0,0,0, | 1,2,2, | 
(36)	0,0,0, | 1,0,0, | 
(215)	0,0,0, | 5,5,5, | 
(36)	0,0,0, | 1,0,0, | 
(36)	0,0,0, | 1,0,0, | 
(36)	0,0,0, | 1,0,0, | 
(36)	0,0,0, | 1,0,0, | 
(50)	0,0,0, | 1,2,2, | 
(36)	0,0,0, | 1,0,0, | 
(0)	0,0,0, | 0,0,0, | 
(0)	0,0,0, | 0,0,0, | 
(0)	0,0,0, | 0,0,0, | 
(0)	0,0,0, | 0,0,0, | 
(0)	0,0,0, | 0,0,0, | 
(0)	0,0,0, | 0,0,0, | 
(0)	0,0,0, | 0,0,0, | 
(0)	0,0,0, | 0,0,0, | 
(0)	0,0,0, | 0,0,0, | 
(0)	0,0,0, | 0,0,0, | 
(7777)	1,0,0, | 0,0,1, | 
(7777)	1,0,0, | 0,0,1, | 
(21168)	2,4,2, | 0,0,0, | 
(7776)	1,0,0, | 0,0,0, | 
(7776)	1,0,0, | 0,0,0, | 
(35208)	4,3,1, | 0,0,0, | 
(45576)	5,5,1, | 0,0,0, | 
(7776)	1,0,0, | 0,0,0, | 
(9288)	1,1,1, | 0,0,0, | 
(42984)	5,3,1, | 0,0,0, | 
(36)	0,0,0, | 1,0,0, | 
(36)	0,0,0, | 1,0,0, | 
(7812)	1,0,0, | 1,0,0, | 
(26241)	3,2,1, | 2,5,3, | 
(7826)	1,0,0, | 1,2,2, | 
(68)	0,0,0, | 1,5,2, | 
(10652)	1,2,1, | 1,5,2, | 
(13428)	1,4,2, | 1,0,0, | 
(36)	0,0,0, | 1,0,0, | 
(26349)	3,2,1, | 5,5,3, | 
(96)	0,0,0, | 2,4,0, | 
(50)	0,0,0, | 1,2,2, | 
(36)	0,0,0, | 1,0,0, | 
(36)	0,0,0, | 1,0,0, | 
(36)	0,0,0, | 1,0,0, | 
(36)	0,0,0, | 1,0,0, | 
(36)	0,0,0, | 1,0,0, | 
(36)	0,0,0, | 1,0,0, | 
(50)	0,0,0, | 1,2,2, | 
(36)	0,0,0, | 1,0,0, | 
(0)	0,0,0, | 0,0,0, | 
(0)	0,0,0, | 0,0,0, | 
(0)	0,0,0, | 0,0,0, | 
(0)	0,0,0, | 0,0,0, | 
(0)	0,0,0, | 0,0,0, | 
(0)	0,0,0, | 0,0,0, | 
(0)	0,0,0, | 0,0,0, | 
(0)	0,0,0, | 0,0,0, | 
(0)	0,0,0, | 0,0,0, | 
(0)	0,0,0, | 0,0,0, | 
(7777)	1,0,0, | 0,0,1, | 
(7777)	1,0,0, | 0,0,1, | 
(21168)	2,4,2, | 0,0,0, | 
(7776)	1,0,0, | 0,0,0, | 
(7776)	1,0,0, | 0,0,0, | 
(35208)	4,3,1, | 0,0,0, | 
(45576)	5,5,1, | 0,0,0, | 
(7776)	1,0,0, | 0,0,0, | 
(9288)	1,1,1, | 0,0,0, | 
(42984)	5,3,1, | 0,0,0, | 
(36)	0,0,0, | 1,0,0, | 
(36)	0,0,0, | 1,0,0, | 
(7812)	1,0,0, | 1,0,0, | 
(21354)	2,4,2, | 5,1,0, | 
(7826)	1,0,0, | 1,2,2, | 
(68)	0,0,0, | 1,5,2, | 
(206)	0,0,0, | 5,4,2, | 
(7953)	1,0,0, | 4,5,3, | 
(36)	0,0,0, | 1,0,0, | 
(7953)	1,0,0, | 4,5,3, | 
(96)	0,0,0, | 2,4,0, | 
(50)	0,0,0, | 1,2,2, | 
(36)	0,0,0, | 1,0,0, | 
(36)	0,0,0, | 1,0,0, | 
(36)	0,0,0, | 1,0,0, | 
(36)	0,0,0, | 1,0,0, | 
(36)	0,0,0, | 1,0,0, | 
(36)	0,0,0, | 1,0,0, | 
(50)	0,0,0, | 1,2,2, | 
(36)	0,0,0, | 1,0,0, | 
(0)	0,0,0, | 0,0,0, | 
(0)	0,0,0, | 0,0,0, | 
(0)	0,0,0, | 0,0,0, | 
(0)	0,0,0, | 0,0,0, | 
(0)	0,0,0, | 0,0,0, | 
(0)	0,0,0, | 0,0,0, | 
(0)	0,0,0, | 0,0,0, | 
(0)	0,0,0, | 0,0,0, | 
(0)	0,0,0, | 0,0,0, | 
(0)	0,0,0, | 0,0,0, | 
(7777)	1,0,0, | 0,0,1, | 
(7777)	1,0,0, | 0,0,1, | 
(21168)	2,4,2, | 0,0,0, | 
(7776)	1,0,0, | 0,0,0, | 
(7776)	1,0,0, | 0,0,0, | 
(35208)	4,3,1, | 0,0,0, | 
(45576)	5,5,1, | 0,0,0, | 
(7776)	1,0,0, | 0,0,0, | 
(9288)	1,1,1, | 0,0,0, | 
(42984)	5,3,1, | 0,0,0, | 
(36)	0,0,0, | 1,0,0, | 
(36)	0,0,0, | 1,0,0, | 
(7812)	1,0,0, | 1,0,0, | 
(22398)	2,5,1, | 4,1,0, | 
(7826)	1,0,0, | 1,2,2, | 
(68)	0,0,0, | 1,5,2, | 
(10652)	1,2,1, | 1,5,2, | 
(7953)	1,0,0, | 4,5,3, | 
(36)	0,0,0, | 1,0,0, | 
(7953)	1,0,0, | 4,5,3, | 
(96)	0,0,0, | 2,4,0, | 
(50)	0,0,0, | 1,2,2, | 
(36)	0,0,0, | 1,0,0, | 
(36)	0,0,0, | 1,0,0, | 
(36)	0,0,0, | 1,0,0, | 
(36)	0,0,0, | 1,0,0, | 
(36)	0,0,0, | 1,0,0, | 
(36)	0,0,0, | 1,0,0, | 
(50)	0,0,0, | 1,2,2, | 
(36)	0,0,0, | 1,0,0, | 
(36)	0,0,0, | 1,0,0, | 
(213)	0,0,0, | 5,5,3, | 
(213)	0,0,0, | 5,5,3, | 
(213)	0,0,0, | 5,5,3, | 
(213)	0,0,0, | 5,5,3, | 
(213)	0,0,0, | 5,5,3, | 
(213)	0,0,0, | 5,5,3, | 
(213)	0,0,0, | 5,5,3, | 
(213)	0,0,0, | 5,5,3, | 
(213)	0,0,0, | 5,5,3, | 
(213)	0,0,0, | 5,5,3, | 
(7989)	1,0,0, | 5,5,3, | 
(7989)	1,0,0, | 5,5,3, | 
(7989)	1,0,0, | 5,5,3, | 
(7989)	1,0,0, | 5,5,3, | 
(7989)	1,0,0, | 5,5,3, | 
(7989)	1,0,0, | 5,5,3, | 
(7989)	1,0,0, | 5,5,3, | 
(9501)	1,1,1, | 5,5,3, | 
(7989)	1,0,0, | 5,5,3, | 
(36)	0,0,0, | 1,0,0, | 
(9134)	1,1,0, | 1,4,2, | 
(9120)	1,1,0, | 1,2,0, | 
(20796)	2,4,0, | 1,4,0, | 
(14760)	1,5,2, | 2,0,0, | 
(9157)	1,1,0, | 2,2,1, | 
(9150)	1,1,0, | 2,1,0, | 
(10581)	1,2,0, | 5,5,3, | 
(9168)	1,1,0, | 2,4,0, | 
(10573)	1,2,0, | 5,4,1, | 
(9175)	1,1,0, | 2,5,1, | 
(10654)	1,2,1, | 1,5,4, | 
(106)	0,0,0, | 2,5,4, | 
(48)	0,0,0, | 1,2,0, | 
(126)	0,0,0, | 3,3,0, | 
(48)	0,0,0, | 1,2,0, | 
(61)	0,0,0, | 1,4,1, | 
(42)	0,0,0, | 1,1,0, | 
(36)	0,0,0, | 1,0,0, | 
(48)	0,0,0, | 1,2,0, | 
(0)	0,0,0, | 0,0,0, | 
(0)	0,0,0, | 0,0,0, | 
(0)	0,0,0, | 0,0,0, | 
(0)	0,0,0, | 0,0,0, | 
(0)	0,0,0, | 0,0,0, | 
(0)	0,0,0, | 0,0,0, | 
(0)	0,0,0, | 0,0,0, | 
(0)	0,0,0, | 0,0,0, | 
(0)	0,0,0, | 0,0,0, | 
(0)	0,0,0, | 0,0,0, | 
(7777)	1,0,0, | 0,0,1, | 
(7777)	1,0,0, | 0,0,1, | 
(29808)	3,5,0, | 0,0,0, | 
(7776)	1,0,0, | 0,0,0, | 
(7776)	1,0,0, | 0,0,0, | 
(41688)	5,2,1, | 0,0,0, | 
(7776)	1,0,0, | 0,0,0, | 
(7776)	1,0,0, | 0,0,0, | 
(9288)	1,1,1, | 0,0,0, | 
(29808)	3,5,0, | 0,0,0, | 
(36)	0,0,0, | 1,0,0, | 
(36)	0,0,0, | 1,0,0, | 
(7812)	1,0,0, | 1,0,0, | 
(17048)	2,1,0, | 5,3,2, | 
(7826)	1,0,0, | 1,2,2, | 
(68)	0,0,0, | 1,5,2, | 
(10652)	1,2,1, | 1,5,2, | 
(141)	0,0,0, | 3,5,3, | 
(36)	0,0,0, | 1,0,0, | 
(14418)	1,5,0, | 4,3,0, | 
(9199)	1,1,0, | 3,3,1, | 
(50)	0,0,0, | 1,2,2, | 
(36)	0,0,0, | 1,0,0, | 
(99)	0,0,0, | 2,4,3, | 
(36)	0,0,0, | 1,0,0, | 
(36)	0,0,0, | 1,0,0, | 
(36)	0,0,0, | 1,0,0, | 
(36)	0,0,0, | 1,0,0, | 
(50)	0,0,0, | 1,2,2, | 
(36)	0,0,0, | 1,0,0, | 
(0)	0,0,0, | 0,0,0, | 
(0)	0,0,0, | 0,0,0, | 
(0)	0,0,0, | 0,0,0, | 
(0)	0,0,0, | 0,0,0, | 
(0)	0,0,0, | 0,0,0, | 
(0)	0,0,0, | 0,0,0, | 
(0)	0,0,0, | 0,0,0, | 
(0)	0,0,0, | 0,0,0, | 
(0)	0,0,0, | 0,0,0, | 
(0)	0,0,0, | 0,0,0, | 
(7777)	1,0,0, | 0,0,1, | 
(7777)	1,0,0, | 0,0,1, | 
(29808)	3,5,0, | 0,0,0, | 
(7776)	1,0,0, | 0,0,0, | 
(7776)	1,0,0, | 0,0,0, | 
(41688)	5,2,1, | 0,0,0, | 
(7776)	1,0,0, | 0,0,0, | 
(7776)	1,0,0, | 0,0,0, | 
(9288)	1,1,1, | 0,0,0, | 
(29808)	3,5,0, | 0,0,0, | 
(36)	0,0,0, | 1,0,0, | 
(36)	0,0,0, | 1,0,0, | 
(7812)	1,0,0, | 1,0,0, | 
(18349)	2,2,0, | 5,4,1, | 
(7826)	1,0,0, | 1,2,2, | 
(68)	0,0,0, | 1,5,2, | 
(133)	0,0,0, | 3,4,1, | 
(13428)	1,4,2, | 1,0,0, | 
(36)	0,0,0, | 1,0,0, | 
(45679)	5,5,1, | 2,5,1, | 
(96)	0,0,0, | 2,4,0, | 
(50)	0,0,0, | 1,2,2, | 
(36)	0,0,0, | 1,0,0, | 
(215)	0,0,0, | 5,5,5, | 
(36)	0,0,0, | 1,0,0, | 
(36)	0,0,0, | 1,0,0, | 
(36)	0,0,0, | 1,0,0, | 
(36)	0,0,0, | 1,0,0, | 
(50)	0,0,0, | 1,2,2, | 
(36)	0,0,0, | 1,0,0, | 
(0)	0,0,0, | 0,0,0, | 
(0)	0,0,0, | 0,0,0, | 
(0)	0,0,0, | 0,0,0, | 
(0)	0,0,0, | 0,0,0, | 
(0)	0,0,0, | 0,0,0, | 
(0)	0,0,0, | 0,0,0, | 
(0)	0,0,0, | 0,0,0, | 
(0)	0,0,0, | 0,0,0, | 
(0)	0,0,0, | 0,0,0, | 
(0)	0,0,0, | 0,0,0, | 
(7777)	1,0,0, | 0,0,1, | 
(7777)	1,0,0, | 0,0,1, | 
(29808)	3,5,0, | 0,0,0, | 
(7776)	1,0,0, | 0,0,0, | 
(7776)	1,0,0, | 0,0,0, | 
(41688)	5,2,1, | 0,0,0, | 
(7776)	1,0,0, | 0,0,0, | 
(7776)	1,0,0, | 0,0,0, | 
(9288)	1,1,1, | 0,0,0, | 
(29808)	3,5,0, | 0,0,0, | 
(36)	0,0,0, | 1,0,0, | 
(36)	0,0,0, | 1,0,0, | 
(7812)	1,0,0, | 1,0,0, | 
(20940)	2,4,0, | 5,4,0, | 
(7826)	1,0,0, | 1,2,2, | 
(68)	0,0,0, | 1,5,2, | 
(10652)	1,2,1, | 1,5,2, | 
(13428)	1,4,2, | 1,0,0, | 
(36)	0,0,0, | 1,0,0, | 
(27644)	3,3,1, | 5,5,2, | 
(96)	0,0,0, | 2,4,0, | 
(50)	0,0,0, | 1,2,2, | 
(36)	0,0,0, | 1,0,0, | 
(36)	0,0,0, | 1,0,0, | 
(36)	0,0,0, | 1,0,0, | 
(36)	0,0,0, | 1,0,0, | 
(36)	0,0,0, | 1,0,0, | 
(36)	0,0,0, | 1,0,0, | 
(50)	0,0,0, | 1,2,2, | 
(36)	0,0,0, | 1,0,0, | 
(0)	0,0,0, | 0,0,0, | 
(0)	0,0,0, | 0,0,0, | 
(0)	0,0,0, | 0,0,0, | 
(0)	0,0,0, | 0,0,0, | 
(0)	0,0,0, | 0,0,0, | 
(0)	0,0,0, | 0,0,0, | 
(0)	0,0,0, | 0,0,0, | 
(0)	0,0,0, | 0,0,0, | 
(0)	0,0,0, | 0,0,0, | 
(0)	0,0,0, | 0,0,0, | 
(7777)	1,0,0, | 0,0,1, | 
(7777)	1,0,0, | 0,0,1, | 
(29808)	3,5,0, | 0,0,0, | 
(7776)	1,0,0, | 0,0,0, | 
(7776)	1,0,0, | 0,0,0, | 
(41688)	5,2,1, | 0,0,0, | 
(7776)	1,0,0, | 0,0,0, | 
(7776)	1,0,0, | 0,0,0, | 
(9288)	1,1,1, | 0,0,0, | 
(29808)	3,5,0, | 0,0,0, | 
(36)	0,0,0, | 1,0,0, | 
(36)	0,0,0, | 1,0,0, | 
(7812)	1,0,0, | 1,0,0, | 
(28831)	3,4,1, | 2,5,1, | 
(7826)	1,0,0, | 1,2,2, | 
(68)	0,0,0, | 1,5,2, | 
(206)	0,0,0, | 5,4,2, | 
(7953)	1,0,0, | 4,5,3, | 
(36)	0,0,0, | 1,0,0, | 
(7953)	1,0,0, | 4,5,3, | 
(96)	0,0,0, | 2,4,0, | 
(50)	0,0,0, | 1,2,2, | 
(36)	0,0,0, | 1,0,0, | 
(36)	0,0,0, | 1,0,0, | 
(36)	0,0,0, | 1,0,0, | 
(36)	0,0,0, | 1,0,0, | 
(36)	0,0,0, | 1,0,0, | 
(36)	0,0,0, | 1,0,0, | 
(50)	0,0,0, | 1,2,2, | 
(36)	0,0,0, | 1,0,0, | 
(0)	0,0,0, | 0,0,0, | 
(0)	0,0,0, | 0,0,0, | 
(0)	0,0,0, | 0,0,0, | 
(0)	0,0,0, | 0,0,0, | 
(0)	0,0,0, | 0,0,0, | 
(0)	0,0,0, | 0,0,0, | 
(0)	0,0,0, | 0,0,0, | 
(0)	0,0,0, | 0,0,0, | 
(0)	0,0,0, | 0,0,0, | 
(0)	0,0,0, | 0,0,0, | 
(7777)	1,0,0, | 0,0,1, | 
(7777)	1,0,0, | 0,0,1, | 
(29808)	3,5,0, | 0,0,0, | 
(7776)	1,0,0, | 0,0,0, | 
(7776)	1,0,0, | 0,0,0, | 
(41688)	5,2,1, | 0,0,0, | 
(7776)	1,0,0, | 0,0,0, | 
(7776)	1,0,0, | 0,0,0, | 
(9288)	1,1,1, | 0,0,0, | 
(29808)	3,5,0, | 0,0,0, | 
(36)	0,0,0, | 1,0,0, | 
(36)	0,0,0, | 1,0,0, | 
(7812)	1,0,0, | 1,0,0, | 
(28831)	3,4,1, | 2,5,1, | 
(7826)	1,0,0, | 1,2,2, | 
(68)	0,0,0, | 1,5,2, | 
(10652)	1,2,1, | 1,5,2, | 
(7953)	1,0,0, | 4,5,3, | 
(36)	0,0,0, | 1,0,0, | 
(7953)	1,0,0, | 4,5,3, | 
(96)	0,0,0, | 2,4,0, | 
(50)	0,0,0, | 1,2,2, | 
(36)	0,0,0, | 1,0,0, | 
(36)	0,0,0, | 1,0,0, | 
(36)	0,0,0, | 1,0,0, | 
(36)	0,0,0, | 1,0,0, | 
(36)	0,0,0, | 1,0,0, | 
(36)	0,0,0, | 1,0,0, | 
(50)	0,0,0, | 1,2,2, | 
(36)	0,0,0, | 1,0,0, | 
(36)	0,0,0, | 1,0,0, | 
(213)	0,0,0, | 5,5,3, | 
(213)	0,0,0, | 5,5,3, | 
(213)	0,0,0, | 5,5,3, | 
(213)	0,0,0, | 5,5,3, | 
(213)	0,0,0, | 5,5,3, | 
(213)	0,0,0, | 5,5,3, | 
(213)	0,0,0, | 5,5,3, | 
(213)	0,0,0, | 5,5,3, | 
(213)	0,0,0, | 5,5,3, | 
(213)	0,0,0, | 5,5,3, | 
(7989)	1,0,0, | 5,5,3, | 
(7989)	1,0,0, | 5,5,3, | 
(7989)	1,0,0, | 5,5,3, | 
(7989)	1,0,0, | 5,5,3, | 
(7989)	1,0,0, | 5,5,3, | 
(7989)	1,0,0, | 5,5,3, | 
(7989)	1,0,0, | 5,5,3, | 
(9501)	1,1,1, | 5,5,3, | 
(7989)	1,0,0, | 5,5,3, | 
(36)	0,0,0, | 1,0,0, | 
(9134)	1,1,0, | 1,4,2, | 
(9120)	1,1,0, | 1,2,0, | 
(20796)	2,4,0, | 1,4,0, | 
(14760)	1,5,2, | 2,0,0, | 
(9157)	1,1,0, | 2,2,1, | 
(9150)	1,1,0, | 2,1,0, | 
(10581)	1,2,0, | 5,5,3, | 
(9168)	1,1,0, | 2,4,0, | 
(10573)	1,2,0, | 5,4,1, | 
(9175)	1,1,0, | 2,5,1, | 
(10654)	1,2,1, | 1,5,4, | 
(106)	0,0,0, | 2,5,4, | 
(48)	0,0,0, | 1,2,0, | 
(126)	0,0,0, | 3,3,0, | 
(48)	0,0,0, | 1,2,0, | 
(61)	0,0,0, | 1,4,1, | 
(42)	0,0,0, | 1,1,0, | 
(36)	0,0,0, | 1,0,0, | 
(48)	0,0,0, | 1,2,0, | 
(0)	0,0,0, | 0,0,0, | 
(0)	0,0,0, | 0,0,0, | 
(0)	0,0,0, | 0,0,0, | 
(0)	0,0,0, | 0,0,0, | 
(0)	0,0,0, | 0,0,0, | 
(0)	0,0,0, | 0,0,0, | 
(0)	0,0,0, | 0,0,0, | 
(0)	0,0,0, | 0,0,0, | 
(0)	0,0,0, | 0,0,0, | 
(0)	0,0,0, | 0,0,0, | 
(7777)	1,0,0, | 0,0,1, | 
(7777)	1,0,0, | 0,0,1, | 
(29160)	3,4,3, | 0,0,0, | 
(7776)	1,0,0, | 0,0,0, | 
(7776)	1,0,0, | 0,0,0, | 
(7776)	1,0,0, | 0,0,0, | 
(7776)	1,0,0, | 0,0,0, | 
(7776)	1,0,0, | 0,0,0, | 
(9288)	1,1,1, | 0,0,0, | 
(29160)	3,4,3, | 0,0,0, | 
(36)	0,0,0, | 1,0,0, | 
(36)	0,0,0, | 1,0,0, | 
(7812)	1,0,0, | 1,0,0, | 
(17048)	2,1,0, | 5,3,2, | 
(7826)	1,0,0, | 1,2,2, | 
(68)	0,0,0, | 1,5,2, | 
(10652)	1,2,1, | 1,5,2, | 
(141)	0,0,0, | 3,5,3, | 
(36)	0,0,0, | 1,0,0, | 
(14418)	1,5,0, | 4,3,0, | 
(9199)	1,1,0, | 3,3,1, | 
(50)	0,0,0, | 1,2,2, | 
(36)	0,0,0, | 1,0,0, | 
(99)	0,0,0, | 2,4,3, | 
(36)	0,0,0, | 1,0,0, | 
(36)	0,0,0, | 1,0,0, | 
(36)	0,0,0, | 1,0,0, | 
(36)	0,0,0, | 1,0,0, | 
(50)	0,0,0, | 1,2,2, | 
(36)	0,0,0, | 1,0,0, | 
(0)	0,0,0, | 0,0,0, | 
(0)	0,0,0, | 0,0,0, | 
(0)	0,0,0, | 0,0,0, | 
(0)	0,0,0, | 0,0,0, | 
(0)	0,0,0, | 0,0,0, | 
(0)	0,0,0, | 0,0,0, | 
(0)	0,0,0, | 0,0,0, | 
(0)	0,0,0, | 0,0,0, | 
(0)	0,0,0, | 0,0,0, | 
(0)	0,0,0, | 0,0,0, | 
(7777)	1,0,0, | 0,0,1, | 
(7777)	1,0,0, | 0,0,1, | 
(29160)	3,4,3, | 0,0,0, | 
(7776)	1,0,0, | 0,0,0, | 
(7776)	1,0,0, | 0,0,0, | 
(7776)	1,0,0, | 0,0,0, | 
(7776)	1,0,0, | 0,0,0, | 
(7776)	1,0,0, | 0,0,0, | 
(9288)	1,1,1, | 0,0,0, | 
(29160)	3,4,3, | 0,0,0, | 
(36)	0,0,0, | 1,0,0, | 
(36)	0,0,0, | 1,0,0, | 
(7812)	1,0,0, | 1,0,0, | 
(18349)	2,2,0, | 5,4,1, | 
(7826)	1,0,0, | 1,2,2, | 
(68)	0,0,0, | 1,5,2, | 
(133)	0,0,0, | 3,4,1, | 
(13428)	1,4,2, | 1,0,0, | 
(36)	0,0,0, | 1,0,0, | 
(45679)	5,5,1, | 2,5,1, | 
(96)	0,0,0, | 2,4,0, | 
(50)	0,0,0, | 1,2,2, | 
(36)	0,0,0, | 1,0,0, | 
(215)	0,0,0, | 5,5,5, | 
(36)	0,0,0, | 1,0,0, | 
(36)	0,0,0, | 1,0,0, | 
(36)	0,0,0, | 1,0,0, | 
(36)	0,0,0, | 1,0,0, | 
(50)	0,0,0, | 1,2,2, | 
(36)	0,0,0, | 1,0,0, | 
(0)	0,0,0, | 0,0,0, | 
(0)	0,0,0, | 0,0,0, | 
(0)	0,0,0, | 0,0,0, | 
(0)	0,0,0, | 0,0,0, | 
(0)	0,0,0, | 0,0,0, | 
(0)	0,0,0, | 0,0,0, | 
(0)	0,0,0, | 0,0,0, | 
(0)	0,0,0, | 0,0,0, | 
(0)	0,0,0, | 0,0,0, | 
(0)	0,0,0, | 0,0,0, | 
(7777)	1,0,0, | 0,0,1, | 
(7777)	1,0,0, | 0,0,1, | 
(29160)	3,4,3, | 0,0,0, | 
(7776)	1,0,0, | 0,0,0, | 
(7776)	1,0,0, | 0,0,0, | 
(7776)	1,0,0, | 0,0,0, | 
(7776)	1,0,0, | 0,0,0, | 
(7776)	1,0,0, | 0,0,0, | 
(9288)	1,1,1, | 0,0,0, | 
(29160)	3,4,3, | 0,0,0, | 
(36)	0,0,0, | 1,0,0, | 
(36)	0,0,0, | 1,0,0, | 
(7812)	1,0,0, | 1,0,0, | 
(20940)	2,4,0, | 5,4,0, | 
(7826)	1,0,0, | 1,2,2, | 
(68)	0,0,0, | 1,5,2, | 
(10652)	1,2,1, | 1,5,2, | 
(13428)	1,4,2, | 1,0,0, | 
(36)	0,0,0, | 1,0,0, | 
(45679)	5,5,1, | 2,5,1, | 
(96)	0,0,0, | 2,4,0, | 
(50)	0,0,0, | 1,2,2, | 
(36)	0,0,0, | 1,0,0, | 
(36)	0,0,0, | 1,0,0, | 
(36)	0,0,0, | 1,0,0, | 
(36)	0,0,0, | 1,0,0, | 
(36)	0,0,0, | 1,0,0, | 
(36)	0,0,0, | 1,0,0, | 
(50)	0,0,0, | 1,2,2, | 
(36)	0,0,0, | 1,0,0, | 
(0)	0,0,0, | 0,0,0, | 
(0)	0,0,0, | 0,0,0, | 
(0)	0,0,0, | 0,0,0, | 
(0)	0,0,0, | 0,0,0, | 
(0)	0,0,0, | 0,0,0, | 
(0)	0,0,0, | 0,0,0, | 
(0)	0,0,0, | 0,0,0, | 
(0)	0,0,0, | 0,0,0, | 
(0)	0,0,0, | 0,0,0, | 
(0)	0,0,0, | 0,0,0, | 
(7777)	1,0,0, | 0,0,1, | 
(7777)	1,0,0, | 0,0,1, | 
(29160)	3,4,3, | 0,0,0, | 
(7776)	1,0,0, | 0,0,0, | 
(7776)	1,0,0, | 0,0,0, | 
(7776)	1,0,0, | 0,0,0, | 
(7776)	1,0,0, | 0,0,0, | 
(7776)	1,0,0, | 0,0,0, | 
(9288)	1,1,1, | 0,0,0, | 
(29160)	3,4,3, | 0,0,0, | 
(36)	0,0,0, | 1,0,0, | 
(36)	0,0,0, | 1,0,0, | 
(7812)	1,0,0, | 1,0,0, | 
(29217)	3,4,3, | 1,3,3, | 
(7826)	1,0,0, | 1,2,2, | 
(68)	0,0,0, | 1,5,2, | 
(206)	0,0,0, | 5,4,2, | 
(7953)	1,0,0, | 4,5,3, | 
(36)	0,0,0, | 1,0,0, | 
(7953)	1,0,0, | 4,5,3, | 
(96)	0,0,0, | 2,4,0, | 
(50)	0,0,0, | 1,2,2, | 
(36)	0,0,0, | 1,0,0, | 
(36)	0,0,0, | 1,0,0, | 
(36)	0,0,0, | 1,0,0, | 
(36)	0,0,0, | 1,0,0, | 
(36)	0,0,0, | 1,0,0, | 
(36)	0,0,0, | 1,0,0, | 
(50)	0,0,0, | 1,2,2, | 
(36)	0,0,0, | 1,0,0, | 
(0)	0,0,0, | 0,0,0, | 
(0)	0,0,0, | 0,0,0, | 
(0)	0,0,0, | 0,0,0, | 
(0)	0,0,0, | 0,0,0, | 
(0)	0,0,0, | 0,0,0, | 
(0)	0,0,0, | 0,0,0, | 
(0)	0,0,0, | 0,0,0, | 
(0)	0,0,0, | 0,0,0, | 
(0)	0,0,0, | 0,0,0, | 
(0)	0,0,0, | 0,0,0, | 
(7777)	1,0,0, | 0,0,1, | 
(7777)	1,0,0, | 0,0,1, | 
(29160)	3,4,3, | 0,0,0, | 
(7776)	1,0,0, | 0,0,0, | 
(7776)	1,0,0, | 0,0,0, | 
(7776)	1,0,0, | 0,0,0, | 
(7776)	1,0,0, | 0,0,0, | 
(7776)	1,0,0, | 0,0,0, | 
(9288)	1,1,1, | 0,0,0, | 
(29160)	3,4,3, | 0,0,0, | 
(36)	0,0,0, | 1,0,0, | 
(36)	0,0,0, | 1,0,0, | 
(7812)	1,0,0, | 1,0,0, | 
(29217)	3,4,3, | 1,3,3, | 
(7826)	1,0,0, | 1,2,2, | 
(68)	0,0,0, | 1,5,2, | 
(10652)	1,2,1, | 1,5,2, | 
(7953)	1,0,0, | 4,5,3, | 
(36)	0,0,0, | 1,0,0, | 
(7953)	1,0,0, | 4,5,3, | 
(96)	0,0,0, | 2,4,0, | 
(50)	0,0,0, | 1,2,2, | 
(36)	0,0,0, | 1,0,0, | 
(36)	0,0,0, | 1,0,0, | 
(36)	0,0,0, | 1,0,0, | 
(36)	0,0,0, | 1,0,0, | 
(36)	0,0,0, | 1,0,0, | 
(36)	0,0,0, | 1,0,0, | 
(50)	0,0,0, | 1,2,2, | 
(36)	0,0,0, | 1,0,0, | 
(36)	0,0,0, | 1,0,0, | 
(213)	0,0,0, | 5,5,3, | 
(213)	0,0,0, | 5,5,3, | 
(213)	0,0,0, | 5,5,3, | 
(213)	0,0,0, | 5,5,3, | 
(213)	0,0,0, | 5,5,3, | 
(213)	0,0,0, | 5,5,3, | 
(213)	0,0,0, | 5,5,3, | 
(213)	0,0,0, | 5,5,3, | 
(213)	0,0,0, | 5,5,3, | 
(213)	0,0,0, | 5,5,3, | 
(7989)	1,0,0, | 5,5,3, | 
(7989)	1,0,0, | 5,5,3, | 
(7989)	1,0,0, | 5,5,3, | 
(7989)	1,0,0, | 5,5,3, | 
(7989)	1,0,0, | 5,5,3, | 
(7989)	1,0,0, | 5,5,3, | 
(7989)	1,0,0, | 5,5,3, | 
(9501)	1,1,1, | 5,5,3, | 
(35637)	4,3,2, | 5,5,3, | 
(36)	0,0,0, | 1,0,0, | 
(9134)	1,1,0, | 1,4,2, | 
(9120)	1,1,0, | 1,2,0, | 
(20796)	2,4,0, | 1,4,0, | 
(14760)	1,5,2, | 2,0,0, | 
(9157)	1,1,0, | 2,2,1, | 
(9150)	1,1,0, | 2,1,0, | 
(10581)	1,2,0, | 5,5,3, | 
(9168)	1,1,0, | 2,4,0, | 
(10573)	1,2,0, | 5,4,1, | 
(9175)	1,1,0, | 2,5,1, | 
(10654)	1,2,1, | 1,5,4, | 
(106)	0,0,0, | 2,5,4, | 
(48)	0,0,0, | 1,2,0, | 
(126)	0,0,0, | 3,3,0, | 
(48)	0,0,0, | 1,2,0, | 
(61)	0,0,0, | 1,4,1, | 
(42)	0,0,0, | 1,1,0, | 
(36)	0,0,0, | 1,0,0, | 
(48)	0,0,0, | 1,2,0, | 
(0)	0,0,0, | 0,0,0, | 
(0)	0,0,0, | 0,0,0, | 
(0)	0,0,0, | 0,0,0, | 
(0)	0,0,0, | 0,0,0, | 
(0)	0,0,0, | 0,0,0, | 
(0)	0,0,0, | 0,0,0, | 
(0)	0,0,0, | 0,0,0, | 
(0)	0,0,0, | 0,0,0, | 
(0)	0,0,0, | 0,0,0, | 
(0)	0,0,0, | 0,0,0, | 
(7777)	1,0,0, | 0,0,1, | 
(7777)	1,0,0, | 0,0,1, | 
(29160)	3,4,3, | 0,0,0, | 
(7776)	1,0,0, | 0,0,0, | 
(7776)	1,0,0, | 0,0,0, | 
(7776)	1,0,0, | 0,0,0, | 
(7776)	1,0,0, | 0,0,0, | 
(7776)	1,0,0, | 0,0,0, | 
(9288)	1,1,1, | 0,0,0, | 
(29160)	3,4,3, | 0,0,0, | 
(36)	0,0,0, | 1,0,0, | 
(36)	0,0,0, | 1,0,0, | 
(7812)	1,0,0, | 1,0,0, | 
(17048)	2,1,0, | 5,3,2, | 
(7826)	1,0,0, | 1,2,2, | 
(68)	0,0,0, | 1,5,2, | 
(10652)	1,2,1, | 1,5,2, | 
(141)	0,0,0, | 3,5,3, | 
(36)	0,0,0, | 1,0,0, | 
(14418)	1,5,0, | 4,3,0, | 
(9199)	1,1,0, | 3,3,1, | 
(50)	0,0,0, | 1,2,2, | 
(36)	0,0,0, | 1,0,0, | 
(99)	0,0,0, | 2,4,3, | 
(36)	0,0,0, | 1,0,0, | 
(36)	0,0,0, | 1,0,0, | 
(36)	0,0,0, | 1,0,0, | 
(36)	0,0,0, | 1,0,0, | 
(50)	0,0,0, | 1,2,2, | 
(36)	0,0,0, | 1,0,0, | 
(0)	0,0,0, | 0,0,0, | 
(0)	0,0,0, | 0,0,0, | 
(0)	0,0,0, | 0,0,0, | 
(0)	0,0,0, | 0,0,0, | 
(0)	0,0,0, | 0,0,0, | 
(0)	0,0,0, | 0,0,0, | 
(0)	0,0,0, | 0,0,0, | 
(0)	0,0,0, | 0,0,0, | 
(0)	0,0,0, | 0,0,0, | 
(0)	0,0,0, | 0,0,0, | 
(7777)	1,0,0, | 0,0,1, | 
(7777)	1,0,0, | 0,0,1, | 
(29160)	3,4,3, | 0,0,0, | 
(7776)	1,0,0, | 0,0,0, | 
(7776)	1,0,0, | 0,0,0, | 
(7776)	1,0,0, | 0,0,0, | 
(7776)	1,0,0, | 0,0,0, | 
(7776)	1,0,0, | 0,0,0, | 
(9288)	1,1,1, | 0,0,0, | 
(29160)	3,4,3, | 0,0,0, | 
(36)	0,0,0, | 1,0,0, | 
(36)	0,0,0, | 1,0,0, | 
(7812)	1,0,0, | 1,0,0, | 
(18349)	2,2,0, | 5,4,1, | 
(7826)	1,0,0, | 1,2,2, | 
(68)	0,0,0, | 1,5,2, | 
(133)	0,0,0, | 3,4,1, | 
(13428)	1,4,2, | 1,0,0, | 
(36)	0,0,0, | 1,0,0, | 
(41756)	5,2,1, | 1,5,2, | 
(96)	0,0,0, | 2,4,0, | 
(50)	0,0,0, | 1,2,2, | 
(36)	0,0,0, | 1,0,0, | 
(215)	0,0,0, | 5,5,5, | 
(36)	0,0,0, | 1,0,0, | 
(36)	0,0,0, | 1,0,0, | 
(36)	0,0,0, | 1,0,0, | 
(36)	0,0,0, | 1,0,0, | 
(50)	0,0,0, | 1,2,2, | 
(36)	0,0,0, | 1,0,0, | 
(0)	0,0,0, | 0,0,0, | 
(0)	0,0,0, | 0,0,0, | 
(0)	0,0,0, | 0,0,0, | 
(0)	0,0,0, | 0,0,0, | 
(0)	0,0,0, | 0,0,0, | 
(0)	0,0,0, | 0,0,0, | 
(0)	0,0,0, | 0,0,0, | 
(0)	0,0,0, | 0,0,0, | 
(0)	0,0,0, | 0,0,0, | 
(0)	0,0,0, | 0,0,0, | 
(7777)	1,0,0, | 0,0,1, | 
(7777)	1,0,0, | 0,0,1, | 
(29160)	3,4,3, | 0,0,0, | 
(7776)	1,0,0, | 0,0,0, | 
(7776)	1,0,0, | 0,0,0, | 
(7776)	1,0,0, | 0,0,0, | 
(7776)	1,0,0, | 0,0,0, | 
(7776)	1,0,0, | 0,0,0, | 
(9288)	1,1,1, | 0,0,0, | 
(29160)	3,4,3, | 0,0,0, | 
(36)	0,0,0, | 1,0,0, | 
(36)	0,0,0, | 1,0,0, | 
(7812)	1,0,0, | 1,0,0, | 
(20940)	2,4,0, | 5,4,0, | 
(7826)	1,0,0, | 1,2,2, | 
(68)	0,0,0, | 1,5,2, | 
(10652)	1,2,1, | 1,5,2, | 
(13428)	1,4,2, | 1,0,0, | 
(36)	0,0,0, | 1,0,0, | 
(41756)	5,2,1, | 1,5,2, | 
(96)	0,0,0, | 2,4,0, | 
(50)	0,0,0, | 1,2,2, | 
(36)	0,0,0, | 1,0,0, | 
(36)	0,0,0, | 1,0,0, | 
(36)	0,0,0, | 1,0,0, | 
(36)	0,0,0, | 1,0,0, | 
(36)	0,0,0, | 1,0,0, | 
(36)	0,0,0, | 1,0,0, | 
(50)	0,0,0, | 1,2,2, | 
(36)	0,0,0, | 1,0,0, | 
(0)	0,0,0, | 0,0,0, | 
(0)	0,0,0, | 0,0,0, | 
(0)	0,0,0, | 0,0,0, | 
(0)	0,0,0, | 0,0,0, | 
(0)	0,0,0, | 0,0,0, | 
(0)	0,0,0, | 0,0,0, | 
(0)	0,0,0, | 0,0,0, | 
(0)	0,0,0, | 0,0,0, | 
(0)	0,0,0, | 0,0,0, | 
(0)	0,0,0, | 0,0,0, | 
(7777)	1,0,0, | 0,0,1, | 
(7777)	1,0,0, | 0,0,1, | 
(29160)	3,4,3, | 0,0,0, | 
(7776)	1,0,0, | 0,0,0, | 
(7776)	1,0,0, | 0,0,0, | 
(7776)	1,0,0, | 0,0,0, | 
(7776)	1,0,0, | 0,0,0, | 
(7776)	1,0,0, | 0,0,0, | 
(9288)	1,1,1, | 0,0,0, | 
(29160)	3,4,3, | 0,0,0, | 
(36)	0,0,0, | 1,0,0, | 
(36)	0,0,0, | 1,0,0, | 
(7812)	1,0,0, | 1,0,0, | 
(29217)	3,4,3, | 1,3,3, | 
(7826)	1,0,0, | 1,2,2, | 
(68)	0,0,0, | 1,5,2, | 
(206)	0,0,0, | 5,4,2, | 
(7953)	1,0,0, | 4,5,3, | 
(36)	0,0,0, | 1,0,0, | 
(7953)	1,0,0, | 4,5,3, | 
(96)	0,0,0, | 2,4,0, | 
(50)	0,0,0, | 1,2,2, | 
(36)	0,0,0, | 1,0,0, | 
(36)	0,0,0, | 1,0,0, | 
(36)	0,0,0, | 1,0,0, | 
(36)	0,0,0, | 1,0,0, | 
(36)	0,0,0, | 1,0,0, | 
(36)	0,0,0, | 1,0,0, | 
(50)	0,0,0, | 1,2,2, | 
(36)	0,0,0, | 1,0,0, | 
(0)	0,0,0, | 0,0,0, | 
(0)	0,0,0, | 0,0,0, | 
(0)	0,0,0, | 0,0,0, | 
(0)	0,0,0, | 0,0,0, | 
(0)	0,0,0, | 0,0,0, | 
(0)	0,0,0, | 0,0,0, | 
(0)	0,0,0, | 0,0,0, | 
(0)	0,0,0, | 0,0,0, | 
(0)	0,0,0, | 0,0,0, | 
(0)	0,0,0, | 0,0,0, | 
(7777)	1,0,0, | 0,0,1, | 
(7777)	1,0,0, | 0,0,1, | 
(29160)	3,4,3, | 0,0,0, | 
(7776)	1,0,0, | 0,0,0, | 
(7776)	1,0,0, | 0,0,0, | 
(7776)	1,0,0, | 0,0,0, | 
(7776)	1,0,0, | 0,0,0, | 
(7776)	1,0,0, | 0,0,0, | 
(9288)	1,1,1, | 0,0,0, | 
(29160)	3,4,3, | 0,0,0, | 
(36)	0,0,0, | 1,0,0, | 
(36)	0,0,0, | 1,0,0, | 
(7812)	1,0,0, | 1,0,0, | 
(29217)	3,4,3, | 1,3,3, | 
(7826)	1,0,0, | 1,2,2, | 
(68)	0,0,0, | 1,5,2, | 
(10652)	1,2,1, | 1,5,2, | 
(7953)	1,0,0, | 4,5,3, | 
(36)	0,0,0, | 1,0,0, | 
(7953)	1,0,0, | 4,5,3, | 
(96)	0,0,0, | 2,4,0, | 
(50)	0,0,0, | 1,2,2, | 
(36)	0,0,0, | 1,0,0, | 
(36)	0,0,0, | 1,0,0, | 
(36)	0,0,0, | 1,0,0, | 
(36)	0,0,0, | 1,0,0, | 
(36)	0,0,0, | 1,0,0, | 
(36)	0,0,0, | 1,0,0, | 
(50)	0,0,0, | 1,2,2, | 
(36)	0,0,0, | 1,0,0, | 
(36)	0,0,0, | 1,0,0, | 
(213)	0,0,0, | 5,5,3, | 
(213)	0,0,0, | 5,5,3, | 
(213)	0,0,0, | 5,5,3, | 
(213)	0,0,0, | 5,5,3, | 
(213)	0,0,0, | 5,5,3, | 
(213)	0,0,0, | 5,5,3, | 
(213)	0,0,0, | 5,5,3, | 
(213)	0,0,0, | 5,5,3, | 
(213)	0,0,0, | 5,5,3, | 
(213)	0,0,0, | 5,5,3, | 
(7989)	1,0,0, | 5,5,3, | 
(7989)	1,0,0, | 5,5,3, | 
(7989)	1,0,0, | 5,5,3, | 
(7989)	1,0,0, | 5,5,3, | 
(7989)	1,0,0, | 5,5,3, | 
(7989)	1,0,0, | 5,5,3, | 
(7989)	1,0,0, | 5,5,3, | 
(9501)	1,1,1, | 5,5,3, | 
(35637)	4,3,2, | 5,5,3, | 
(36)	0,0,0, | 1,0,0, | 
(9134)	1,1,0, | 1,4,2, | 
(9120)	1,1,0, | 1,2,0, | 
(20796)	2,4,0, | 1,4,0, | 
(14760)	1,5,2, | 2,0,0, | 
(9157)	1,1,0, | 2,2,1, | 
(9150)	1,1,0, | 2,1,0, | 
(10581)	1,2,0, | 5,5,3, | 
(9168)	1,1,0, | 2,4,0, | 
(10573)	1,2,0, | 5,4,1, | 
(9175)	1,1,0, | 2,5,1, | 
(10654)	1,2,1, | 1,5,4, | 
(106)	0,0,0, | 2,5,4, | 
(48)	0,0,0, | 1,2,0, | 
(126)	0,0,0, | 3,3,0, | 
(48)	0,0,0, | 1,2,0, | 
(61)	0,0,0, | 1,4,1, | 
(42)	0,0,0, | 1,1,0, | 
(36)	0,0,0, | 1,0,0, | 
(48)	0,0,0, | 1,2,0, | 
(0)	0,0,0, | 0,0,0, | 
(0)	0,0,0, | 0,0,0, | 
(0)	0,0,0, | 0,0,0, | 
(0)	0,0,0, | 0,0,0, | 
(0)	0,0,0, | 0,0,0, | 
(0)	0,0,0, | 0,0,0, | 
(0)	0,0,0, | 0,0,0, | 
(0)	0,0,0, | 0,0,0, | 
(0)	0,0,0, | 0,0,0, | 
(0)	0,0,0, | 0,0,0, | 
(7777)	1,0,0, | 0,0,1, | 
(7777)	1,0,0, | 0,0,1, | 
(29160)	3,4,3, | 0,0,0, | 
(7776)	1,0,0, | 0,0,0, | 
(7776)	1,0,0, | 0,0,0, | 
(7776)	1,0,0, | 0,0,0, | 
(7776)	1,0,0, | 0,0,0, | 
(7776)	1,0,0, | 0,0,0, | 
(9288)	1,1,1, | 0,0,0, | 
(29160)	3,4,3, | 0,0,0, | 
(36)	0,0,0, | 1,0,0, | 
(36)	0,0,0, | 1,0,0, | 
(7812)	1,0,0, | 1,0,0, | 
(17048)	2,1,0, | 5,3,2, | 
(7826)	1,0,0, | 1,2,2, | 
(68)	0,0,0, | 1,5,2, | 
(10652)	1,2,1, | 1,5,2, | 
(141)	0,0,0, | 3,5,3, | 
(36)	0,0,0, | 1,0,0, | 
(14418)	1,5,0, | 4,3,0, | 
(9199)	1,1,0, | 3,3,1, | 
(50)	0,0,0, | 1,2,2, | 
(36)	0,0,0, | 1,0,0, | 
(99)	0,0,0, | 2,4,3, | 
(36)	0,0,0, | 1,0,0, | 
(36)	0,0,0, | 1,0,0, | 
(36)	0,0,0, | 1,0,0, | 
(36)	0,0,0, | 1,0,0, | 
(50)	0,0,0, | 1,2,2, | 
(36)	0,0,0, | 1,0,0, | 
(0)	0,0,0, | 0,0,0, | 
(0)	0,0,0, | 0,0,0, | 
(0)	0,0,0, | 0,0,0, | 
(0)	0,0,0, | 0,0,0, | 
(0)	0,0,0, | 0,0,0, | 
(0)	0,0,0, | 0,0,0, | 
(0)	0,0,0, | 0,0,0, | 
(0)	0,0,0, | 0,0,0, | 
(0)	0,0,0, | 0,0,0, | 
(0)	0,0,0, | 0,0,0, | 
(7777)	1,0,0, | 0,0,1, | 
(7777)	1,0,0, | 0,0,1, | 
(29160)	3,4,3, | 0,0,0, | 
(7776)	1,0,0, | 0,0,0, | 
(7776)	1,0,0, | 0,0,0, | 
(7776)	1,0,0, | 0,0,0, | 
(7776)	1,0,0, | 0,0,0, | 
(7776)	1,0,0, | 0,0,0, | 
(9288)	1,1,1, | 0,0,0, | 
(29160)	3,4,3, | 0,0,0, | 
(36)	0,0,0, | 1,0,0, | 
(36)	0,0,0, | 1,0,0, | 
(7812)	1,0,0, | 1,0,0, | 
(18349)	2,2,0, | 5,4,1, | 
(7826)	1,0,0, | 1,2,2, | 
(68)	0,0,0, | 1,5,2, | 
(133)	0,0,0, | 3,4,1, | 
(13428)	1,4,2, | 1,0,0, | 
(36)	0,0,0, | 1,0,0, | 
(41756)	5,2,1, | 1,5,2, | 
(96)	0,0,0, | 2,4,0, | 
(50)	0,0,0, | 1,2,2, | 
(36)	0,0,0, | 1,0,0, | 
(215)	0,0,0, | 5,5,5, | 
(36)	0,0,0, | 1,0,0, | 
(36)	0,0,0, | 1,0,0, | 
(36)	0,0,0, | 1,0,0, | 
(36)	0,0,0, | 1,0,0, | 
(50)	0,0,0, | 1,2,2, | 
(36)	0,0,0, | 1,0,0, | 
(0)	0,0,0, | 0,0,0, | 
(0)	0,0,0, | 0,0,0, | 
(0)	0,0,0, | 0,0,0, | 
(0)	0,0,0, | 0,0,0, | 
(0)	0,0,0, | 0,0,0, | 
(0)	0,0,0, | 0,0,0, | 
(0)	0,0,0, | 0,0,0, | 
(0)	0,0,0, | 0,0,0, | 
(0)	0,0,0, | 0,0,0, | 
(0)	0,0,0, | 0,0,0, | 
(7777)	1,0,0, | 0,0,1, | 
(7777)	1,0,0, | 0,0,1, | 
(29160)	3,4,3, | 0,0,0, | 
(7776)	1,0,0, | 0,0,0, | 
(7776)	1,0,0, | 0,0,0, | 
(7776)	1,0,0, | 0,0,0, | 
(7776)	1,0,0, | 0,0,0, | 
(7776)	1,0,0, | 0,0,0, | 
(9288)	1,1,1, | 0,0,0, | 
(29160)	3,4,3, | 0,0,0, | 
(36)	0,0,0, | 1,0,0, | 
(36)	0,0,0, | 1,0,0, | 
(7812)	1,0,0, | 1,0,0, | 
(20940)	2,4,0, | 5,4,0, | 
(7826)	1,0,0, | 1,2,2, | 
(68)	0,0,0, | 1,5,2, | 
(10652)	1,2,1, | 1,5,2, | 
(13428)	1,4,2, | 1,0,0, | 
(36)	0,0,0, | 1,0,0, | 
(41756)	5,2,1, | 1,5,2, | 
(96)	0,0,0, | 2,4,0, | 
(50)	0,0,0, | 1,2,2, | 
(36)	0,0,0, | 1,0,0, | 
(36)	0,0,0, | 1,0,0, | 
(36)	0,0,0, | 1,0,0, | 
(36)	0,0,0, | 1,0,0, | 
(36)	0,0,0, | 1,0,0, | 
(36)	0,0,0, | 1,0,0, | 
(50)	0,0,0, | 1,2,2, | 
(36)	0,0,0, | 1,0,0, | 
(0)	0,0,0, | 0,0,0, | 
(0)	0,0,0, | 0,0,0, | 
(0)	0,0,0, | 0,0,0, | 
(0)	0,0,0, | 0,0,0, | 
(0)	0,0,0, | 0,0,0, | 
(0)	0,0,0, | 0,0,0, | 
(0)	0,0,0, | 0,0,0, | 
(0)	0,0,0, | 0,0,0, | 
(0)	0,0,0, | 0,0,0, | 
(0)	0,0,0, | 0,0,0, | 
(7777)	1,0,0, | 0,0,1, | 
(7777)	1,0,0, | 0,0,1, | 
(29160)	3,4,3, | 0,0,0, | 
(7776)	1,0,0, | 0,0,0, | 
(7776)	1,0,0, | 0,0,0, | 
(7776)	1,0,0, | 0,0,0, | 
(7776)	1,0,0, | 0,0,0, | 
(7776)	1,0,0, | 0,0,0, | 
(9288)	1,1,1, | 0,0,0, | 
(29160)	3,4,3, | 0,0,0, | 
(36)	0,0,0, | 1,0,0, | 
(36)	0,0,0, | 1,0,0, | 
(7812)	1,0,0, | 1,0,0, | 
(29217)	3,4,3, | 1,3,3, | 
(7826)	1,0,0, | 1,2,2, | 
(68)	0,0,0, | 1,5,2, | 
(206)	0,0,0, | 5,4,2, | 
(7953)	1,0,0, | 4,5,3, | 
(36)	0,0,0, | 1,0,0, | 
(7953)	1,0,0, | 4,5,3, | 
(96)	0,0,0, | 2,4,0, | 
(50)	0,0,0, | 1,2,2, | 
(36)	0,0,0, | 1,0,0, | 
(36)	0,0,0, | 1,0,0, | 
(36)	0,0,0, | 1,0,0, | 
(36)	0,0,0, | 1,0,0, | 
(36)	0,0,0, | 1,0,0, | 
(36)	0,0,0, | 1,0,0, | 
(50)	0,0,0, | 1,2,2, | 
(36)	0,0,0, | 1,0,0, | 
(0)	0,0,0, | 0,0,0, | 
(0)	0,0,0, | 0,0,0, | 
(0)	0,0,0, | 0,0,0, | 
(0)	0,0,0, | 0,0,0, | 
(0)	0,0,0, | 0,0,0, | 
(0)	0,0,0, | 0,0,0, | 
(0)	0,0,0, | 0,0,0, | 
(0)	0,0,0, | 0,0,0, | 
(0)	0,0,0, | 0,0,0, | 
(0)	0,0,0, | 0,0,0, | 
(7777)	1,0,0, | 0,0,1, | 
(7777)	1,0,0, | 0,0,1, | 
(29160)	3,4,3, | 0,0,0, | 
(7776)	1,0,0, | 0,0,0, | 
(7776)	1,0,0, | 0,0,0, | 
(7776)	1,0,0, | 0,0,0, | 
(7776)	1,0,0, | 0,0,0, | 
(7776)	1,0,0, | 0,0,0, | 
(9288)	1,1,1, | 0,0,0, | 
(29160)	3,4,3, | 0,0,0, | 
(36)	0,0,0, | 1,0,0, | 
(36)	0,0,0, | 1,0,0, | 
(7812)	1,0,0, | 1,0,0, | 
(29217)	3,4,3, | 1,3,3, | 
(7826)	1,0,0, | 1,2,2, | 
(68)	0,0,0, | 1,5,2, | 
(10652)	1,2,1, | 1,5,2, | 
(7953)	1,0,0, | 4,5,3, | 
(36)	0,0,0, | 1,0,0, | 
(7953)	1,0,0, | 4,5,3, | 
(96)	0,0,0, | 2,4,0, | 
(50)	0,0,0, | 1,2,2, | 
(36)	0,0,0, | 1,0,0, | 
(36)	0,0,0, | 1,0,0, | 
(36)	0,0,0, | 1,0,0, | 
(36)	0,0,0, | 1,0,0, | 
(36)	0,0,0, | 1,0,0, | 
(36)	0,0,0, | 1,0,0, | 
(50)	0,0,0, | 1,2,2, | 
(36)	0,0,0, | 1,0,0, | 
