(46008)	5,5,3, | 0,0,0, | 
(46008)	5,5,3, | 0,0,0, | 
(46008)	5,5,3, | 0,0,0, | 
(46008)	5,5,3, | 0,0,0, | 
(46008)	5,5,3, | 0,0,0, | 
(213)	0,0,0, | 5,5,3, | 
(213)	0,0,0, | 5,5,3, | 
(213)	0,0,0, | 5,5,3, | 
(213)	0,0,0, | 5,5,3, | 
(213)	0,0,0, | 5,5,3, | 
(7989)	1,0,0, | 5,5,3, | 
(11013)	1,2,2, | 5,5,3, | 
(9501)	1,1,1, | 5,5,3, | 
(15764)	2,0,0, | 5,5,2, | 
(38444)	4,5,3, | 5,5,2, | 
(18572)	2,2,1, | 5,5,2, | 
(38444)	4,5,3, | 5,5,2, | 
(18572)	2,2,1, | 5,5,2, | 
(15764)	2,0,0, | 5,5,2, | 
(15764)	2,0,0, | 5,5,2, | 
(42)	0,0,0, | 1,1,0, | 
(9140)	1,1,0, | 1,5,2, | 
(37776)	4,5,0, | 5,2,0, | 
(9212)	1,1,0, | 3,5,2, | 
(9120)	1,1,0, | 1,2,0, | 
(9205)	1,1,0, | 3,4,1, | 
(9139)	1,1,0, | 1,5,1, | 
(9283)	1,1,0, | 5,5,1, | 
(9120)	1,1,0, | 1,2,0, | 
(9277)	1,1,0, | 5,4,1, | 
(9115)	1,1,0, | 1,1,1, | 
(45828)	5,5,2, | 1,0,0, | 
(45828)	5,5,2, | 1,0,0, | 
(45877)	5,5,2, | 2,2,1, | 
(45969)	5,5,2, | 4,5,3, | 
(45828)	5,5,2, | 1,0,0, | 
(45871)	5,5,2, | 2,1,1, | 
(45871)	5,5,2, | 2,1,1, | 
(46143)	5,5,3, | 3,4,3, | 
(46051)	5,5,3, | 1,1,1, | 
(46008)	5,5,3, | 0,0,0, | 
(46008)	5,5,3, | 0,0,0, | 
(46008)	5,5,3, | 0,0,0, | 
(46008)	5,5,3, | 0,0,0, | 
(46008)	5,5,3, | 0,0,0, | 
(46008)	5,5,3, | 0,0,0, | 
(46008)	5,5,3, | 0,0,0, | 
(46008)	5,5,3, | 0,0,0, | 
(46008)	5,5,3, | 0,0,0, | 
(46008)	5,5,3, | 0,0,0, | 
(0)	0,0,0, | 0,0,0, | 
(7777)	1,0,0, | 0,0,1, | 
(0)	0,0,0, | 0,0,0, | 
(10368)	1,2,0, | 0,0,0, | 
(0)	0,0,0, | 0,0,0, | 
(24840)	3,1,1, | 0,0,0, | 
(10800)	1,2,2, | 0,0,0, | 
(0)	0,0,0, | 0,0,0, | 
(0)	0,0,0, | 0,0,0, | 
(15764)	2,0,0, | 5,5,2, | 
(42)	0,0,0, | 1,1,0, | 
(54)	0,0,0, | 1,3,0, | 
(25975)	3,2,0, | 1,3,1, | 
(10531)	1,2,0, | 4,3,1, | 
(96)	0,0,0, | 2,4,0, | 
(103)	0,0,0, | 2,5,1, | 
(7844)	1,0,0, | 1,5,2, | 
(68)	0,0,0, | 1,5,2, | 
(10543)	1,2,0, | 4,5,1, | 
(68)	0,0,0, | 1,5,2, | 
(49)	0,0,0, | 1,2,1, | 
(46058)	5,5,3, | 1,2,2, | 
(46058)	5,5,3, | 1,2,2, | 
(46058)	5,5,3, | 1,2,2, | 
(46058)	5,5,3, | 1,2,2, | 
(46058)	5,5,3, | 1,2,2, | 
(46058)	5,5,3, | 1,2,2, | 
(46094)	5,5,3, | 2,2,2, | 
(46058)	5,5,3, | 1,2,2, | 
(46058)	5,5,3, | 1,2,2, | 
(46008)	5,5,3, | 0,0,0, | 
(46008)	5,5,3, | 0,0,0, | 
(46008)	5,5,3, | 0,0,0, | 
(46008)	5,5,3, | 0,0,0, | 
(46008)	5,5,3, | 0,0,0, | 
(46008)	5,5,3, | 0,0,0, | 
(46008)	5,5,3, | 0,0,0, | 
(46008)	5,5,3, | 0,0,0, | 
(46008)	5,5,3, | 0,0,0, | 
(46008)	5,5,3, | 0,0,0, | 
(0)	0,0,0, | 0,0,0, | 
(7777)	1,0,0, | 0,0,1, | 
(0)	0,0,0, | 0,0,0, | 
(10368)	1,2,0, | 0,0,0, | 
(0)	0,0,0, | 0,0,0, | 
(24840)	3,1,1, | 0,0,0, | 
(10800)	1,2,2, | 0,0,0, | 
(0)	0,0,0, | 0,0,0, | 
(0)	0,0,0, | 0,0,0, | 
(19921)	2,3,2, | 1,2,1, | 
(42)	0,0,0, | 1,1,0, | 
(54)	0,0,0, | 1,3,0, | 
(25975)	3,2,0, | 1,3,1, | 
(9222)	1,1,0, | 4,1,0, | 
(91)	0,0,0, | 2,3,1, | 
(91)	0,0,0, | 2,3,1, | 
(7844)	1,0,0, | 1,5,2, | 
(68)	0,0,0, | 1,5,2, | 
(9385)	1,1,1, | 2,4,1, | 
(68)	0,0,0, | 1,5,2, | 
(49)	0,0,0, | 1,2,1, | 
(46058)	5,5,3, | 1,2,2, | 
(46058)	5,5,3, | 1,2,2, | 
(46058)	5,5,3, | 1,2,2, | 
(46058)	5,5,3, | 1,2,2, | 
(46058)	5,5,3, | 1,2,2, | 
(46058)	5,5,3, | 1,2,2, | 
(46080)	5,5,3, | 2,0,0, | 
(46058)	5,5,3, | 1,2,2, | 
(46058)	5,5,3, | 1,2,2, | 
(46008)	5,5,3, | 0,0,0, | 
(46008)	5,5,3, | 0,0,0, | 
(46008)	5,5,3, | 0,0,0, | 
(46008)	5,5,3, | 0,0,0, | 
(46008)	5,5,3, | 0,0,0, | 
(46008)	5,5,3, | 0,0,0, | 
(46008)	5,5,3, | 0,0,0, | 
(46008)	5,5,3, | 0,0,0, | 
(46008)	5,5,3, | 0,0,0, | 
(46008)	5,5,3, | 0,0,0, | 
(0)	0,0,0, | 0,0,0, | 
(7777)	1,0,0, | 0,0,1, | 
(0)	0,0,0, | 0,0,0, | 
(10368)	1,2,0, | 0,0,0, | 
(0)	0,0,0, | 0,0,0, | 
(24840)	3,1,1, | 0,0,0, | 
(10800)	1,2,2, | 0,0,0, | 
(0)	0,0,0, | 0,0,0, | 
(0)	0,0,0, | 0,0,0, | 
(19921)	2,3,2, | 1,2,1, | 
(42)	0,0,0, | 1,1,0, | 
(54)	0,0,0, | 1,3,0, | 
(17227)	2,1,1, | 4,3,1, | 
(13056)	1,4,0, | 2,4,0, | 
(91)	0,0,0, | 2,3,1, | 
(91)	0,0,0, | 2,3,1, | 
(7844)	1,0,0, | 1,5,2, | 
(68)	0,0,0, | 1,5,2, | 
(9385)	1,1,1, | 2,4,1, | 
(68)	0,0,0, | 1,5,2, | 
(49)	0,0,0, | 1,2,1, | 
(46058)	5,5,3, | 1,2,2, | 
(46058)	5,5,3, | 1,2,2, | 
(46058)	5,5,3, | 1,2,2, | 
(46058)	5,5,3, | 1,2,2, | 
(46058)	5,5,3, | 1,2,2, | 
(46058)	5,5,3, | 1,2,2, | 
(46080)	5,5,3, | 2,0,0, | 
(46058)	5,5,3, | 1,2,2, | 
(46058)	5,5,3, | 1,2,2, | 
(46008)	5,5,3, | 0,0,0, | 
(46008)	5,5,3, | 0,0,0, | 
(46008)	5,5,3, | 0,0,0, | 
(46008)	5,5,3, | 0,0,0, | 
(46008)	5,5,3, | 0,0,0, | 
(46008)	5,5,3, | 0,0,0, | 
(46008)	5,5,3, | 0,0,0, | 
(46008)	5,5,3, | 0,0,0, | 
(46008)	5,5,3, | 0,0,0, | 
(46008)	5,5,3, | 0,0,0, | 
(0)	0,0,0, | 0,0,0, | 
(7777)	1,0,0, | 0,0,1, | 
(0)	0,0,0, | 0,0,0, | 
(10368)	1,2,0, | 0,0,0, | 
(0)	0,0,0, | 0,0,0, | 
(24840)	3,1,1, | 0,0,0, | 
(10800)	1,2,2, | 0,0,0, | 
(0)	0,0,0, | 0,0,0, | 
(0)	0,0,0, | 0,0,0, | 
(19921)	2,3,2, | 1,2,1, | 
(42)	0,0,0, | 1,1,0, | 
(54)	0,0,0, | 1,3,0, | 
(25975)	3,2,0, | 1,3,1, | 
(13056)	1,4,0, | 2,4,0, | 
(91)	0,0,0, | 2,3,1, | 
(91)	0,0,0, | 2,3,1, | 
(7844)	1,0,0, | 1,5,2, | 
(68)	0,0,0, | 1,5,2, | 
(9246)	1,1,0, | 4,5,0, | 
(68)	0,0,0, | 1,5,2, | 
(49)	0,0,0, | 1,2,1, | 
(46058)	5,5,3, | 1,2,2, | 
(46058)	5,5,3, | 1,2,2, | 
(46058)	5,5,3, | 1,2,2, | 
(46058)	5,5,3, | 1,2,2, | 
(46058)	5,5,3, | 1,2,2, | 
(46058)	5,5,3, | 1,2,2, | 
(46080)	5,5,3, | 2,0,0, | 
(46058)	5,5,3, | 1,2,2, | 
(46058)	5,5,3, | 1,2,2, | 
(46008)	5,5,3, | 0,0,0, | 
(46008)	5,5,3, | 0,0,0, | 
(46008)	5,5,3, | 0,0,0, | 
(46008)	5,5,3, | 0,0,0, | 
(46008)	5,5,3, | 0,0,0, | 
(46008)	5,5,3, | 0,0,0, | 
(46008)	5,5,3, | 0,0,0, | 
(46008)	5,5,3, | 0,0,0, | 
(46008)	5,5,3, | 0,0,0, | 
(46008)	5,5,3, | 0,0,0, | 
(0)	0,0,0, | 0,0,0, | 
(7777)	1,0,0, | 0,0,1, | 
(0)	0,0,0, | 0,0,0, | 
(10368)	1,2,0, | 0,0,0, | 
(0)	0,0,0, | 0,0,0, | 
(24840)	3,1,1, | 0,0,0, | 
(10800)	1,2,2, | 0,0,0, | 
(0)	0,0,0, | 0,0,0, | 
(0)	0,0,0, | 0,0,0, | 
(19921)	2,3,2, | 1,2,1, | 
(42)	0,0,0, | 1,1,0, | 
(54)	0,0,0, | 1,3,0, | 
(25975)	3,2,0, | 1,3,1, | 
(12085)	1,3,1, | 5,4,1, | 
(91)	0,0,0, | 2,3,1, | 
(91)	0,0,0, | 2,3,1, | 
(7844)	1,0,0, | 1,5,2, | 
(44466)	5,4,1, | 5,1,0, | 
(9246)	1,1,0, | 4,5,0, | 
(68)	0,0,0, | 1,5,2, | 
(49)	0,0,0, | 1,2,1, | 
(46058)	5,5,3, | 1,2,2, | 
(46058)	5,5,3, | 1,2,2, | 
(46058)	5,5,3, | 1,2,2, | 
(46058)	5,5,3, | 1,2,2, | 
(46058)	5,5,3, | 1,2,2, | 
(46058)	5,5,3, | 1,2,2, | 
(46080)	5,5,3, | 2,0,0, | 
(46058)	5,5,3, | 1,2,2, | 
(46058)	5,5,3, | 1,2,2, | 
(0)	0,0,0, | 0,0,0, | 
(213)	0,0,0, | 5,5,3, | 
(213)	0,0,0, | 5,5,3, | 
(213)	0,0,0, | 5,5,3, | 
(213)	0,0,0, | 5,5,3, | 
(213)	0,0,0, | 5,5,3, | 
(213)	0,0,0, | 5,5,3, | 
(213)	0,0,0, | 5,5,3, | 
(213)	0,0,0, | 5,5,3, | 
(213)	0,0,0, | 5,5,3, | 
(7989)	1,0,0, | 5,5,3, | 
(7989)	1,0,0, | 5,5,3, | 
(7989)	1,0,0, | 5,5,3, | 
(7989)	1,0,0, | 5,5,3, | 
(43413)	5,3,2, | 5,5,3, | 
(7989)	1,0,0, | 5,5,3, | 
(7989)	1,0,0, | 5,5,3, | 
(7989)	1,0,0, | 5,5,3, | 
(7989)	1,0,0, | 5,5,3, | 
(7989)	1,0,0, | 5,5,3, | 
(36)	0,0,0, | 1,0,0, | 
(18283)	2,2,0, | 3,5,1, | 
(11983)	1,3,1, | 2,5,1, | 
(9164)	1,1,0, | 2,3,2, | 
(42804)	5,3,0, | 1,0,0, | 
(9151)	1,1,0, | 2,1,1, | 
(9108)	1,1,0, | 1,0,0, | 
(9072)	1,1,0, | 0,0,0, | 
(9250)	1,1,0, | 4,5,4, | 
(9108)	1,1,0, | 1,0,0, | 
(9115)	1,1,0, | 1,1,1, | 
(45828)	5,5,2, | 1,0,0, | 
(158)	0,0,0, | 4,2,2, | 
(50)	0,0,0, | 1,2,2, | 
(0)	0,0,0, | 0,0,0, | 
(0)	0,0,0, | 0,0,0, | 
(0)	0,0,0, | 0,0,0, | 
(62)	0,0,0, | 1,4,2, | 
(50)	0,0,0, | 1,2,2, | 
(0)	0,0,0, | 0,0,0, | 
(0)	0,0,0, | 0,0,0, | 
(1)	0,0,0, | 0,0,1, | 
(0)	0,0,0, | 0,0,0, | 
(0)	0,0,0, | 0,0,0, | 
(0)	0,0,0, | 0,0,0, | 
(0)	0,0,0, | 0,0,0, | 
(0)	0,0,0, | 0,0,0, | 
(0)	0,0,0, | 0,0,0, | 
(0)	0,0,0, | 0,0,0, | 
(0)	0,0,0, | 0,0,0, | 
(0)	0,0,0, | 0,0,0, | 
(10800)	1,2,2, | 0,0,0, | 
(7776)	1,0,0, | 0,0,0, | 
(7776)	1,0,0, | 0,0,0, | 
(43416)	5,3,3, | 0,0,0, | 
(7776)	1,0,0, | 0,0,0, | 
(7776)	1,0,0, | 0,0,0, | 
(30456)	3,5,3, | 0,0,0, | 
(7776)	1,0,0, | 0,0,0, | 
(7776)	1,0,0, | 0,0,0, | 
(36)	0,0,0, | 1,0,0, | 
(18319)	2,2,0, | 4,5,1, | 
(7833)	1,0,0, | 1,3,3, | 
(7836)	1,0,0, | 1,4,0, | 
(30542)	3,5,3, | 2,2,2, | 
(42822)	5,3,0, | 1,3,0, | 
(7824)	1,0,0, | 1,2,0, | 
(9121)	1,1,0, | 1,2,1, | 
(7833)	1,0,0, | 1,3,3, | 
(29223)	3,4,3, | 1,4,3, | 
(49)	0,0,0, | 1,2,1, | 
(49)	0,0,0, | 1,2,1, | 
(50)	0,0,0, | 1,2,2, | 
(50)	0,0,0, | 1,2,2, | 
(50)	0,0,0, | 1,2,2, | 
(49)	0,0,0, | 1,2,1, | 
(50)	0,0,0, | 1,2,2, | 
(49)	0,0,0, | 1,2,1, | 
(62)	0,0,0, | 1,4,2, | 
(50)	0,0,0, | 1,2,2, | 
(0)	0,0,0, | 0,0,0, | 
(1)	0,0,0, | 0,0,1, | 
(0)	0,0,0, | 0,0,0, | 
(0)	0,0,0, | 0,0,0, | 
(0)	0,0,0, | 0,0,0, | 
(0)	0,0,0, | 0,0,0, | 
(0)	0,0,0, | 0,0,0, | 
(0)	0,0,0, | 0,0,0, | 
(0)	0,0,0, | 0,0,0, | 
(0)	0,0,0, | 0,0,0, | 
(0)	0,0,0, | 0,0,0, | 
(10800)	1,2,2, | 0,0,0, | 
(7776)	1,0,0, | 0,0,0, | 
(7776)	1,0,0, | 0,0,0, | 
(43416)	5,3,3, | 0,0,0, | 
(7776)	1,0,0, | 0,0,0, | 
(7776)	1,0,0, | 0,0,0, | 
(30456)	3,5,3, | 0,0,0, | 
(7776)	1,0,0, | 0,0,0, | 
(7776)	1,0,0, | 0,0,0, | 
(36)	0,0,0, | 1,0,0, | 
(18247)	2,2,0, | 2,5,1, | 
(7833)	1,0,0, | 1,3,3, | 
(7836)	1,0,0, | 1,4,0, | 
(30663)	3,5,3, | 5,4,3, | 
(15192)	1,5,4, | 2,0,0, | 
(7824)	1,0,0, | 1,2,0, | 
(9121)	1,1,0, | 1,2,1, | 
(7833)	1,0,0, | 1,3,3, | 
(29223)	3,4,3, | 1,4,3, | 
(49)	0,0,0, | 1,2,1, | 
(49)	0,0,0, | 1,2,1, | 
(50)	0,0,0, | 1,2,2, | 
(50)	0,0,0, | 1,2,2, | 
(50)	0,0,0, | 1,2,2, | 
(49)	0,0,0, | 1,2,1, | 
(50)	0,0,0, | 1,2,2, | 
(49)	0,0,0, | 1,2,1, | 
(62)	0,0,0, | 1,4,2, | 
(50)	0,0,0, | 1,2,2, | 
(0)	0,0,0, | 0,0,0, | 
(1)	0,0,0, | 0,0,1, | 
(0)	0,0,0, | 0,0,0, | 
(0)	0,0,0, | 0,0,0, | 
(0)	0,0,0, | 0,0,0, | 
(0)	0,0,0, | 0,0,0, | 
(0)	0,0,0, | 0,0,0, | 
(0)	0,0,0, | 0,0,0, | 
(0)	0,0,0, | 0,0,0, | 
(0)	0,0,0, | 0,0,0, | 
(0)	0,0,0, | 0,0,0, | 
(10800)	1,2,2, | 0,0,0, | 
(7776)	1,0,0, | 0,0,0, | 
(7776)	1,0,0, | 0,0,0, | 
(43416)	5,3,3, | 0,0,0, | 
(7776)	1,0,0, | 0,0,0, | 
(7776)	1,0,0, | 0,0,0, | 
(30456)	3,5,3, | 0,0,0, | 
(7776)	1,0,0, | 0,0,0, | 
(7776)	1,0,0, | 0,0,0, | 
(36)	0,0,0, | 1,0,0, | 
(18247)	2,2,0, | 2,5,1, | 
(7833)	1,0,0, | 1,3,3, | 
(7836)	1,0,0, | 1,4,0, | 
(30564)	3,5,3, | 3,0,0, | 
(15192)	1,5,4, | 2,0,0, | 
(7824)	1,0,0, | 1,2,0, | 
(9121)	1,1,0, | 1,2,1, | 
(7833)	1,0,0, | 1,3,3, | 
(29223)	3,4,3, | 1,4,3, | 
(49)	0,0,0, | 1,2,1, | 
(49)	0,0,0, | 1,2,1, | 
(50)	0,0,0, | 1,2,2, | 
(50)	0,0,0, | 1,2,2, | 
(50)	0,0,0, | 1,2,2, | 
(49)	0,0,0, | 1,2,1, | 
(50)	0,0,0, | 1,2,2, | 
(49)	0,0,0, | 1,2,1, | 
(62)	0,0,0, | 1,4,2, | 
(50)	0,0,0, | 1,2,2, | 
(0)	0,0,0, | 0,0,0, | 
(1)	0,0,0, | 0,0,1, | 
(0)	0,0,0, | 0,0,0, | 
(0)	0,0,0, | 0,0,0, | 
(0)	0,0,0, | 0,0,0, | 
(0)	0,0,0, | 0,0,0, | 
(0)	0,0,0, | 0,0,0, | 
(0)	0,0,0, | 0,0,0, | 
(0)	0,0,0, | 0,0,0, | 
(0)	0,0,0, | 0,0,0, | 
(0)	0,0,0, | 0,0,0, | 
(10800)	1,2,2, | 0,0,0, | 
(7776)	1,0,0, | 0,0,0, | 
(7776)	1,0,0, | 0,0,0, | 
(43416)	5,3,3, | 0,0,0, | 
(7776)	1,0,0, | 0,0,0, | 
(7776)	1,0,0, | 0,0,0, | 
(30456)	3,5,3, | 0,0,0, | 
(7776)	1,0,0, | 0,0,0, | 
(7776)	1,0,0, | 0,0,0, | 
(36)	0,0,0, | 1,0,0, | 
(18247)	2,2,0, | 2,5,1, | 
(7833)	1,0,0, | 1,3,3, | 
(7836)	1,0,0, | 1,4,0, | 
(30564)	3,5,3, | 3,0,0, | 
(15192)	1,5,4, | 2,0,0, | 
(7824)	1,0,0, | 1,2,0, | 
(9121)	1,1,0, | 1,2,1, | 
(7833)	1,0,0, | 1,3,3, | 
(29223)	3,4,3, | 1,4,3, | 
(49)	0,0,0, | 1,2,1, | 
(49)	0,0,0, | 1,2,1, | 
(50)	0,0,0, | 1,2,2, | 
(50)	0,0,0, | 1,2,2, | 
(50)	0,0,0, | 1,2,2, | 
(157)	0,0,0, | 4,2,1, | 
(50)	0,0,0, | 1,2,2, | 
(49)	0,0,0, | 1,2,1, | 
(62)	0,0,0, | 1,4,2, | 
(50)	0,0,0, | 1,2,2, | 
(0)	0,0,0, | 0,0,0, | 
(1)	0,0,0, | 0,0,1, | 
(0)	0,0,0, | 0,0,0, | 
(0)	0,0,0, | 0,0,0, | 
(0)	0,0,0, | 0,0,0, | 
(0)	0,0,0, | 0,0,0, | 
(0)	0,0,0, | 0,0,0, | 
(0)	0,0,0, | 0,0,0, | 
(0)	0,0,0, | 0,0,0, | 
(0)	0,0,0, | 0,0,0, | 
(0)	0,0,0, | 0,0,0, | 
(10800)	1,2,2, | 0,0,0, | 
(7776)	1,0,0, | 0,0,0, | 
(7776)	1,0,0, | 0,0,0, | 
(43416)	5,3,3, | 0,0,0, | 
(7776)	1,0,0, | 0,0,0, | 
(7776)	1,0,0, | 0,0,0, | 
(30456)	3,5,3, | 0,0,0, | 
(7776)	1,0,0, | 0,0,0, | 
(7776)	1,0,0, | 0,0,0, | 
(36)	0,0,0, | 1,0,0, | 
(18247)	2,2,0, | 2,5,1, | 
(7833)	1,0,0, | 1,3,3, | 
(7836)	1,0,0, | 1,4,0, | 
(30564)	3,5,3, | 3,0,0, | 
(15192)	1,5,4, | 2,0,0, | 
(7824)	1,0,0, | 1,2,0, | 
(9121)	1,1,0, | 1,2,1, | 
(7833)	1,0,0, | 1,3,3, | 
(29223)	3,4,3, | 1,4,3, | 
(49)	0,0,0, | 1,2,1, | 
(49)	0,0,0, | 1,2,1, | 
(50)	0,0,0, | 1,2,2, | 
(50)	0,0,0, | 1,2,2, | 
(50)	0,0,0, | 1,2,2, | 
(157)	0,0,0, | 4,2,1, | 
(50)	0,0,0, | 1,2,2, | 
(49)	0,0,0, | 1,2,1, | 
(62)	0,0,0, | 1,4,2, | 
(50)	0,0,0, | 1,2,2, | 
(0)	0,0,0, | 0,0,0, | 
(213)	0,0,0, | 5,5,3, | 
(213)	0,0,0, | 5,5,3, | 
(213)	0,0,0, | 5,5,3, | 
(213)	0,0,0, | 5,5,3, | 
(213)	0,0,0, | 5,5,3, | 
(213)	0,0,0, | 5,5,3, | 
(213)	0,0,0, | 5,5,3, | 
(213)	0,0,0, | 5,5,3, | 
(213)	0,0,0, | 5,5,3, | 
(7989)	1,0,0, | 5,5,3, | 
(7989)	1,0,0, | 5,5,3, | 
(7989)	1,0,0, | 5,5,3, | 
(7989)	1,0,0, | 5,5,3, | 
(38661)	4,5,4, | 5,5,3, | 
(7989)	1,0,0, | 5,5,3, | 
(7989)	1,0,0, | 5,5,3, | 
(7989)	1,0,0, | 5,5,3, | 
(7989)	1,0,0, | 5,5,3, | 
(7989)	1,0,0, | 5,5,3, | 
(36)	0,0,0, | 1,0,0, | 
(9213)	1,1,0, | 3,5,3, | 
(11983)	1,3,1, | 2,5,1, | 
(9164)	1,1,0, | 2,3,2, | 
(30108)	3,5,1, | 2,2,0, | 
(9151)	1,1,0, | 2,1,1, | 
(9108)	1,1,0, | 1,0,0, | 
(9072)	1,1,0, | 0,0,0, | 
(9250)	1,1,0, | 4,5,4, | 
(9108)	1,1,0, | 1,0,0, | 
(9115)	1,1,0, | 1,1,1, | 
(10676)	1,2,1, | 2,3,2, | 
(158)	0,0,0, | 4,2,2, | 
(50)	0,0,0, | 1,2,2, | 
(0)	0,0,0, | 0,0,0, | 
(0)	0,0,0, | 0,0,0, | 
(0)	0,0,0, | 0,0,0, | 
(62)	0,0,0, | 1,4,2, | 
(50)	0,0,0, | 1,2,2, | 
(0)	0,0,0, | 0,0,0, | 
(0)	0,0,0, | 0,0,0, | 
(1)	0,0,0, | 0,0,1, | 
(0)	0,0,0, | 0,0,0, | 
(0)	0,0,0, | 0,0,0, | 
(0)	0,0,0, | 0,0,0, | 
(0)	0,0,0, | 0,0,0, | 
(0)	0,0,0, | 0,0,0, | 
(0)	0,0,0, | 0,0,0, | 
(0)	0,0,0, | 0,0,0, | 
(0)	0,0,0, | 0,0,0, | 
(0)	0,0,0, | 0,0,0, | 
(10800)	1,2,2, | 0,0,0, | 
(7776)	1,0,0, | 0,0,0, | 
(7776)	1,0,0, | 0,0,0, | 
(35208)	4,3,1, | 0,0,0, | 
(7776)	1,0,0, | 0,0,0, | 
(7776)	1,0,0, | 0,0,0, | 
(7776)	1,0,0, | 0,0,0, | 
(7776)	1,0,0, | 0,0,0, | 
(7776)	1,0,0, | 0,0,0, | 
(36)	0,0,0, | 1,0,0, | 
(54)	0,0,0, | 1,3,0, | 
(7833)	1,0,0, | 1,3,3, | 
(7836)	1,0,0, | 1,4,0, | 
(86)	0,0,0, | 2,2,2, | 
(30174)	3,5,1, | 4,1,0, | 
(7824)	1,0,0, | 1,2,0, | 
(9121)	1,1,0, | 1,2,1, | 
(7833)	1,0,0, | 1,3,3, | 
(21447)	2,4,3, | 1,4,3, | 
(49)	0,0,0, | 1,2,1, | 
(49)	0,0,0, | 1,2,1, | 
(50)	0,0,0, | 1,2,2, | 
(50)	0,0,0, | 1,2,2, | 
(50)	0,0,0, | 1,2,2, | 
(49)	0,0,0, | 1,2,1, | 
(50)	0,0,0, | 1,2,2, | 
(49)	0,0,0, | 1,2,1, | 
(62)	0,0,0, | 1,4,2, | 
(50)	0,0,0, | 1,2,2, | 
(0)	0,0,0, | 0,0,0, | 
(1)	0,0,0, | 0,0,1, | 
(0)	0,0,0, | 0,0,0, | 
(0)	0,0,0, | 0,0,0, | 
(0)	0,0,0, | 0,0,0, | 
(0)	0,0,0, | 0,0,0, | 
(0)	0,0,0, | 0,0,0, | 
(0)	0,0,0, | 0,0,0, | 
(0)	0,0,0, | 0,0,0, | 
(0)	0,0,0, | 0,0,0, | 
(0)	0,0,0, | 0,0,0, | 
(10800)	1,2,2, | 0,0,0, | 
(7776)	1,0,0, | 0,0,0, | 
(7776)	1,0,0, | 0,0,0, | 
(35208)	4,3,1, | 0,0,0, | 
(7776)	1,0,0, | 0,0,0, | 
(7776)	1,0,0, | 0,0,0, | 
(7776)	1,0,0, | 0,0,0, | 
(7776)	1,0,0, | 0,0,0, | 
(7776)	1,0,0, | 0,0,0, | 
(36)	0,0,0, | 1,0,0, | 
(54)	0,0,0, | 1,3,0, | 
(7833)	1,0,0, | 1,3,3, | 
(7836)	1,0,0, | 1,4,0, | 
(86)	0,0,0, | 2,2,2, | 
(15192)	1,5,4, | 2,0,0, | 
(7824)	1,0,0, | 1,2,0, | 
(9121)	1,1,0, | 1,2,1, | 
(7833)	1,0,0, | 1,3,3, | 
(21447)	2,4,3, | 1,4,3, | 
(49)	0,0,0, | 1,2,1, | 
(49)	0,0,0, | 1,2,1, | 
(50)	0,0,0, | 1,2,2, | 
(50)	0,0,0, | 1,2,2, | 
(50)	0,0,0, | 1,2,2, | 
(49)	0,0,0, | 1,2,1, | 
(50)	0,0,0, | 1,2,2, | 
(49)	0,0,0, | 1,2,1, | 
(62)	0,0,0, | 1,4,2, | 
(50)	0,0,0, | 1,2,2, | 
(0)	0,0,0, | 0,0,0, | 
(1)	0,0,0, | 0,0,1, | 
(0)	0,0,0, | 0,0,0, | 
(0)	0,0,0, | 0,0,0, | 
(0)	0,0,0, | 0,0,0, | 
(0)	0,0,0, | 0,0,0, | 
(0)	0,0,0, | 0,0,0, | 
(0)	0,0,0, | 0,0,0, | 
(0)	0,0,0, | 0,0,0, | 
(0)	0,0,0, | 0,0,0, | 
(0)	0,0,0, | 0,0,0, | 
(10800)	1,2,2, | 0,0,0, | 
(7776)	1,0,0, | 0,0,0, | 
(7776)	1,0,0, | 0,0,0, | 
(35208)	4,3,1, | 0,0,0, | 
(7776)	1,0,0, | 0,0,0, | 
(7776)	1,0,0, | 0,0,0, | 
(7776)	1,0,0, | 0,0,0, | 
(7776)	1,0,0, | 0,0,0, | 
(7776)	1,0,0, | 0,0,0, | 
(36)	0,0,0, | 1,0,0, | 
(54)	0,0,0, | 1,3,0, | 
(7833)	1,0,0, | 1,3,3, | 
(7836)	1,0,0, | 1,4,0, | 
(86)	0,0,0, | 2,2,2, | 
(15192)	1,5,4, | 2,0,0, | 
(7824)	1,0,0, | 1,2,0, | 
(9121)	1,1,0, | 1,2,1, | 
(7833)	1,0,0, | 1,3,3, | 
(21447)	2,4,3, | 1,4,3, | 
(49)	0,0,0, | 1,2,1, | 
(49)	0,0,0, | 1,2,1, | 
(50)	0,0,0, | 1,2,2, | 
(50)	0,0,0, | 1,2,2, | 
(50)	0,0,0, | 1,2,2, | 
(49)	0,0,0, | 1,2,1, | 
(50)	0,0,0, | 1,2,2, | 
(49)	0,0,0, | 1,2,1, | 
(62)	0,0,0, | 1,4,2, | 
(50)	0,0,0, | 1,2,2, | 
(0)	0,0,0, | 0,0,0, | 
(1)	0,0,0, | 0,0,1, | 
(0)	0,0,0, | 0,0,0, | 
(0)	0,0,0, | 0,0,0, | 
(0)	0,0,0, | 0,0,0, | 
(0)	0,0,0, | 0,0,0, | 
(0)	0,0,0, | 0,0,0, | 
(0)	0,0,0, | 0,0,0, | 
(0)	0,0,0, | 0,0,0, | 
(0)	0,0,0, | 0,0,0, | 
(0)	0,0,0, | 0,0,0, | 
(10800)	1,2,2, | 0,0,0, | 
(7776)	1,0,0, | 0,0,0, | 
(7776)	1,0,0, | 0,0,0, | 
(35208)	4,3,1, | 0,0,0, | 
(7776)	1,0,0, | 0,0,0, | 
(7776)	1,0,0, | 0,0,0, | 
(7776)	1,0,0, | 0,0,0, | 
(7776)	1,0,0, | 0,0,0, | 
(7776)	1,0,0, | 0,0,0, | 
(36)	0,0,0, | 1,0,0, | 
(54)	0,0,0, | 1,3,0, | 
(7833)	1,0,0, | 1,3,3, | 
(7836)	1,0,0, | 1,4,0, | 
(86)	0,0,0, | 2,2,2, | 
(15192)	1,5,4, | 2,0,0, | 
(7824)	1,0,0, | 1,2,0, | 
(9121)	1,1,0, | 1,2,1, | 
(7833)	1,0,0, | 1,3,3, | 
(21447)	2,4,3, | 1,4,3, | 
(49)	0,0,0, | 1,2,1, | 
(49)	0,0,0, | 1,2,1, | 
(50)	0,0,0, | 1,2,2, | 
(50)	0,0,0, | 1,2,2, | 
(50)	0,0,0, | 1,2,2, | 
(157)	0,0,0, | 4,2,1, | 
(50)	0,0,0, | 1,2,2, | 
(49)	0,0,0, | 1,2,1, | 
(62)	0,0,0, | 1,4,2, | 
(50)	0,0,0, | 1,2,2, | 
(0)	0,0,0, | 0,0,0, | 
(1)	0,0,0, | 0,0,1, | 
(0)	0,0,0, | 0,0,0, | 
(0)	0,0,0, | 0,0,0, | 
(0)	0,0,0, | 0,0,0, | 
(0)	0,0,0, | 0,0,0, | 
(0)	0,0,0, | 0,0,0, | 
(0)	0,0,0, | 0,0,0, | 
(0)	0,0,0, | 0,0,0, | 
(0)	0,0,0, | 0,0,0, | 
(0)	0,0,0, | 0,0,0, | 
(10800)	1,2,2, | 0,0,0, | 
(7776)	1,0,0, | 0,0,0, | 
(7776)	1,0,0, | 0,0,0, | 
(35208)	4,3,1, | 0,0,0, | 
(7776)	1,0,0, | 0,0,0, | 
(7776)	1,0,0, | 0,0,0, | 
(7776)	1,0,0, | 0,0,0, | 
(7776)	1,0,0, | 0,0,0, | 
(7776)	1,0,0, | 0,0,0, | 
(36)	0,0,0, | 1,0,0, | 
(54)	0,0,0, | 1,3,0, | 
(7833)	1,0,0, | 1,3,3, | 
(7836)	1,0,0, | 1,4,0, | 
(86)	0,0,0, | 2,2,2, | 
(15192)	1,5,4, | 2,0,0, | 
(7824)	1,0,0, | 1,2,0, | 
(9121)	1,1,0, | 1,2,1, | 
(7833)	1,0,0, | 1,3,3, | 
(21447)	2,4,3, | 1,4,3, | 
(49)	0,0,0, | 1,2,1, | 
(49)	0,0,0, | 1,2,1, | 
(50)	0,0,0, | 1,2,2, | 
(50)	0,0,0, | 1,2,2, | 
(50)	0,0,0, | 1,2,2, | 
(157)	0,0,0, | 4,2,1, | 
(50)	0,0,0, | 1,2,2, | 
(49)	0,0,0, | 1,2,1, | 
(62)	0,0,0, | 1,4,2, | 
(50)	0,0,0, | 1,2,2, | 
(0)	0,0,0, | 0,0,0, | 
(213)	0,0,0, | 5,5,3, | 
(213)	0,0,0, | 5,5,3, | 
(213)	0,0,0, | 5,5,3, | 
(213)	0,0,0, | 5,5,3, | 
(213)	0,0,0, | 5,5,3, | 
(213)	0,0,0, | 5,5,3, | 
(213)	0,0,0, | 5,5,3, | 
(213)	0,0,0, | 5,5,3, | 
(213)	0,0,0, | 5,5,3, | 
(7989)	1,0,0, | 5,5,3, | 
(7989)	1,0,0, | 5,5,3, | 
(7989)	1,0,0, | 5,5,3, | 
(7989)	1,0,0, | 5,5,3, | 
(7989)	1,0,0, | 5,5,3, | 
(7989)	1,0,0, | 5,5,3, | 
(7989)	1,0,0, | 5,5,3, | 
(7989)	1,0,0, | 5,5,3, | 
(7989)	1,0,0, | 5,5,3, | 
(7989)	1,0,0, | 5,5,3, | 
(36)	0,0,0, | 1,0,0, | 
(9213)	1,1,0, | 3,5,3, | 
(11983)	1,3,1, | 2,5,1, | 
(9164)	1,1,0, | 2,3,2, | 
(24757)	3,1,0, | 3,4,1, | 
(35316)	4,3,1, | 3,0,0, | 
(9108)	1,1,0, | 1,0,0, | 
(9072)	1,1,0, | 0,0,0, | 
(9250)	1,1,0, | 4,5,4, | 
(9108)	1,1,0, | 1,0,0, | 
(9115)	1,1,0, | 1,1,1, | 
(10676)	1,2,1, | 2,3,2, | 
(158)	0,0,0, | 4,2,2, | 
(50)	0,0,0, | 1,2,2, | 
(0)	0,0,0, | 0,0,0, | 
(0)	0,0,0, | 0,0,0, | 
(0)	0,0,0, | 0,0,0, | 
(62)	0,0,0, | 1,4,2, | 
(50)	0,0,0, | 1,2,2, | 
(0)	0,0,0, | 0,0,0, | 
(0)	0,0,0, | 0,0,0, | 
(1)	0,0,0, | 0,0,1, | 
(0)	0,0,0, | 0,0,0, | 
(0)	0,0,0, | 0,0,0, | 
(0)	0,0,0, | 0,0,0, | 
(0)	0,0,0, | 0,0,0, | 
(0)	0,0,0, | 0,0,0, | 
(0)	0,0,0, | 0,0,0, | 
(0)	0,0,0, | 0,0,0, | 
(0)	0,0,0, | 0,0,0, | 
(0)	0,0,0, | 0,0,0, | 
(10800)	1,2,2, | 0,0,0, | 
(37584)	4,5,0, | 0,0,0, | 
(7776)	1,0,0, | 0,0,0, | 
(25920)	3,2,0, | 0,0,0, | 
(7776)	1,0,0, | 0,0,0, | 
(7776)	1,0,0, | 0,0,0, | 
(25920)	3,2,0, | 0,0,0, | 
(7776)	1,0,0, | 0,0,0, | 
(7776)	1,0,0, | 0,0,0, | 
(36)	0,0,0, | 1,0,0, | 
(54)	0,0,0, | 1,3,0, | 
(7833)	1,0,0, | 1,3,3, | 
(7836)	1,0,0, | 1,4,0, | 
(26005)	3,2,0, | 2,2,1, | 
(33982)	4,2,1, | 1,5,4, | 
(7824)	1,0,0, | 1,2,0, | 
(9121)	1,1,0, | 1,2,1, | 
(7833)	1,0,0, | 1,3,3, | 
(21447)	2,4,3, | 1,4,3, | 
(49)	0,0,0, | 1,2,1, | 
(49)	0,0,0, | 1,2,1, | 
(50)	0,0,0, | 1,2,2, | 
(50)	0,0,0, | 1,2,2, | 
(50)	0,0,0, | 1,2,2, | 
(49)	0,0,0, | 1,2,1, | 
(50)	0,0,0, | 1,2,2, | 
(49)	0,0,0, | 1,2,1, | 
(62)	0,0,0, | 1,4,2, | 
(50)	0,0,0, | 1,2,2, | 
(0)	0,0,0, | 0,0,0, | 
(1)	0,0,0, | 0,0,1, | 
(0)	0,0,0, | 0,0,0, | 
(0)	0,0,0, | 0,0,0, | 
(0)	0,0,0, | 0,0,0, | 
(0)	0,0,0, | 0,0,0, | 
(0)	0,0,0, | 0,0,0, | 
(0)	0,0,0, | 0,0,0, | 
(0)	0,0,0, | 0,0,0, | 
(0)	0,0,0, | 0,0,0, | 
(0)	0,0,0, | 0,0,0, | 
(10800)	1,2,2, | 0,0,0, | 
(37584)	4,5,0, | 0,0,0, | 
(7776)	1,0,0, | 0,0,0, | 
(25920)	3,2,0, | 0,0,0, | 
(7776)	1,0,0, | 0,0,0, | 
(7776)	1,0,0, | 0,0,0, | 
(25920)	3,2,0, | 0,0,0, | 
(7776)	1,0,0, | 0,0,0, | 
(7776)	1,0,0, | 0,0,0, | 
(36)	0,0,0, | 1,0,0, | 
(54)	0,0,0, | 1,3,0, | 
(7833)	1,0,0, | 1,3,3, | 
(7836)	1,0,0, | 1,4,0, | 
(24757)	3,1,0, | 3,4,1, | 
(15192)	1,5,4, | 2,0,0, | 
(7824)	1,0,0, | 1,2,0, | 
(9121)	1,1,0, | 1,2,1, | 
(7833)	1,0,0, | 1,3,3, | 
(21447)	2,4,3, | 1,4,3, | 
(49)	0,0,0, | 1,2,1, | 
(49)	0,0,0, | 1,2,1, | 
(50)	0,0,0, | 1,2,2, | 
(50)	0,0,0, | 1,2,2, | 
(50)	0,0,0, | 1,2,2, | 
(49)	0,0,0, | 1,2,1, | 
(50)	0,0,0, | 1,2,2, | 
(49)	0,0,0, | 1,2,1, | 
(62)	0,0,0, | 1,4,2, | 
(50)	0,0,0, | 1,2,2, | 
(0)	0,0,0, | 0,0,0, | 
(1)	0,0,0, | 0,0,1, | 
(0)	0,0,0, | 0,0,0, | 
(0)	0,0,0, | 0,0,0, | 
(0)	0,0,0, | 0,0,0, | 
(0)	0,0,0, | 0,0,0, | 
(0)	0,0,0, | 0,0,0, | 
(0)	0,0,0, | 0,0,0, | 
(0)	0,0,0, | 0,0,0, | 
(0)	0,0,0, | 0,0,0, | 
(0)	0,0,0, | 0,0,0, | 
(10800)	1,2,2, | 0,0,0, | 
(37584)	4,5,0, | 0,0,0, | 
(7776)	1,0,0, | 0,0,0, | 
(25920)	3,2,0, | 0,0,0, | 
(7776)	1,0,0, | 0,0,0, | 
(7776)	1,0,0, | 0,0,0, | 
(25920)	3,2,0, | 0,0,0, | 
(7776)	1,0,0, | 0,0,0, | 
(7776)	1,0,0, | 0,0,0, | 
(36)	0,0,0, | 1,0,0, | 
(54)	0,0,0, | 1,3,0, | 
(7833)	1,0,0, | 1,3,3, | 
(7836)	1,0,0, | 1,4,0, | 
(26028)	3,2,0, | 3,0,0, | 
(15192)	1,5,4, | 2,0,0, | 
(7824)	1,0,0, | 1,2,0, | 
(9121)	1,1,0, | 1,2,1, | 
(7833)	1,0,0, | 1,3,3, | 
(21447)	2,4,3, | 1,4,3, | 
(49)	0,0,0, | 1,2,1, | 
(49)	0,0,0, | 1,2,1, | 
(50)	0,0,0, | 1,2,2, | 
(50)	0,0,0, | 1,2,2, | 
(50)	0,0,0, | 1,2,2, | 
(49)	0,0,0, | 1,2,1, | 
(50)	0,0,0, | 1,2,2, | 
(49)	0,0,0, | 1,2,1, | 
(62)	0,0,0, | 1,4,2, | 
(50)	0,0,0, | 1,2,2, | 
(0)	0,0,0, | 0,0,0, | 
(1)	0,0,0, | 0,0,1, | 
(0)	0,0,0, | 0,0,0, | 
(0)	0,0,0, | 0,0,0, | 
(0)	0,0,0, | 0,0,0, | 
(0)	0,0,0, | 0,0,0, | 
(0)	0,0,0, | 0,0,0, | 
(0)	0,0,0, | 0,0,0, | 
(0)	0,0,0, | 0,0,0, | 
(0)	0,0,0, | 0,0,0, | 
(0)	0,0,0, | 0,0,0, | 
(10800)	1,2,2, | 0,0,0, | 
(37584)	4,5,0, | 0,0,0, | 
(7776)	1,0,0, | 0,0,0, | 
(25920)	3,2,0, | 0,0,0, | 
(7776)	1,0,0, | 0,0,0, | 
(7776)	1,0,0, | 0,0,0, | 
(25920)	3,2,0, | 0,0,0, | 
(7776)	1,0,0, | 0,0,0, | 
(7776)	1,0,0, | 0,0,0, | 
(36)	0,0,0, | 1,0,0, | 
(54)	0,0,0, | 1,3,0, | 
(7833)	1,0,0, | 1,3,3, | 
(7836)	1,0,0, | 1,4,0, | 
(26028)	3,2,0, | 3,0,0, | 
(15192)	1,5,4, | 2,0,0, | 
(7824)	1,0,0, | 1,2,0, | 
(9121)	1,1,0, | 1,2,1, | 
(7833)	1,0,0, | 1,3,3, | 
(21447)	2,4,3, | 1,4,3, | 
(49)	0,0,0, | 1,2,1, | 
(49)	0,0,0, | 1,2,1, | 
(50)	0,0,0, | 1,2,2, | 
(50)	0,0,0, | 1,2,2, | 
(50)	0,0,0, | 1,2,2, | 
(157)	0,0,0, | 4,2,1, | 
(50)	0,0,0, | 1,2,2, | 
(49)	0,0,0, | 1,2,1, | 
(62)	0,0,0, | 1,4,2, | 
(50)	0,0,0, | 1,2,2, | 
(0)	0,0,0, | 0,0,0, | 
(1)	0,0,0, | 0,0,1, | 
(0)	0,0,0, | 0,0,0, | 
(0)	0,0,0, | 0,0,0, | 
(0)	0,0,0, | 0,0,0, | 
(0)	0,0,0, | 0,0,0, | 
(0)	0,0,0, | 0,0,0, | 
(0)	0,0,0, | 0,0,0, | 
(0)	0,0,0, | 0,0,0, | 
(0)	0,0,0, | 0,0,0, | 
(0)	0,0,0, | 0,0,0, | 
(10800)	1,2,2, | 0,0,0, | 
(37584)	4,5,0, | 0,0,0, | 
(7776)	1,0,0, | 0,0,0, | 
(25920)	3,2,0, | 0,0,0, | 
(7776)	1,0,0, | 0,0,0, | 
(7776)	1,0,0, | 0,0,0, | 
(25920)	3,2,0, | 0,0,0, | 
(7776)	1,0,0, | 0,0,0, | 
(7776)	1,0,0, | 0,0,0, | 
(36)	0,0,0, | 1,0,0, | 
(54)	0,0,0, | 1,3,0, | 
(7833)	1,0,0, | 1,3,3, | 
(7836)	1,0,0, | 1,4,0, | 
(26028)	3,2,0, | 3,0,0, | 
(15192)	1,5,4, | 2,0,0, | 
(7824)	1,0,0, | 1,2,0, | 
(9121)	1,1,0, | 1,2,1, | 
(7833)	1,0,0, | 1,3,3, | 
(21447)	2,4,3, | 1,4,3, | 
(49)	0,0,0, | 1,2,1, | 
(49)	0,0,0, | 1,2,1, | 
(50)	0,0,0, | 1,2,2, | 
(50)	0,0,0, | 1,2,2, | 
(50)	0,0,0, | 1,2,2, | 
(157)	0,0,0, | 4,2,1, | 
(50)	0,0,0, | 1,2,2, | 
(49)	0,0,0, | 1,2,1, | 
(62)	0,0,0, | 1,4,2, | 
(50)	0,0,0, | 1,2,2, | 
(0)	0,0,0, | 0,0,0, | 
(213)	0,0,0, | 5,5,3, | 
(213)	0,0,0, | 5,5,3, | 
(213)	0,0,0, | 5,5,3, | 
(213)	0,0,0, | 5,5,3, | 
(213)	0,0,0, | 5,5,3, | 
(213)	0,0,0, | 5,5,3, | 
(213)	0,0,0, | 5,5,3, | 
(213)	0,0,0, | 5,5,3, | 
(213)	0,0,0, | 5,5,3, | 
(7989)	1,0,0, | 5,5,3, | 
(7989)	1,0,0, | 5,5,3, | 
(7989)	1,0,0, | 5,5,3, | 
(7989)	1,0,0, | 5,5,3, | 
(7989)	1,0,0, | 5,5,3, | 
(7989)	1,0,0, | 5,5,3, | 
(7989)	1,0,0, | 5,5,3, | 
(43413)	5,3,2, | 5,5,3, | 
(7989)	1,0,0, | 5,5,3, | 
(7989)	1,0,0, | 5,5,3, | 
(36)	0,0,0, | 1,0,0, | 
(9213)	1,1,0, | 3,5,3, | 
(11983)	1,3,1, | 2,5,1, | 
(9164)	1,1,0, | 2,3,2, | 
(24757)	3,1,0, | 3,4,1, | 
(9151)	1,1,0, | 2,1,1, | 
(9108)	1,1,0, | 1,0,0, | 
(9072)	1,1,0, | 0,0,0, | 
(9250)	1,1,0, | 4,5,4, | 
(9108)	1,1,0, | 1,0,0, | 
(9115)	1,1,0, | 1,1,1, | 
(10676)	1,2,1, | 2,3,2, | 
(158)	0,0,0, | 4,2,2, | 
(50)	0,0,0, | 1,2,2, | 
(0)	0,0,0, | 0,0,0, | 
(0)	0,0,0, | 0,0,0, | 
(0)	0,0,0, | 0,0,0, | 
(62)	0,0,0, | 1,4,2, | 
(50)	0,0,0, | 1,2,2, | 
(0)	0,0,0, | 0,0,0, | 
(0)	0,0,0, | 0,0,0, | 
(1)	0,0,0, | 0,0,1, | 
(0)	0,0,0, | 0,0,0, | 
(0)	0,0,0, | 0,0,0, | 
(0)	0,0,0, | 0,0,0, | 
(0)	0,0,0, | 0,0,0, | 
(0)	0,0,0, | 0,0,0, | 
(0)	0,0,0, | 0,0,0, | 
(0)	0,0,0, | 0,0,0, | 
(0)	0,0,0, | 0,0,0, | 
(0)	0,0,0, | 0,0,0, | 
(10800)	1,2,2, | 0,0,0, | 
(42984)	5,3,1, | 0,0,0, | 
(7776)	1,0,0, | 0,0,0, | 
(25920)	3,2,0, | 0,0,0, | 
(7776)	1,0,0, | 0,0,0, | 
(7776)	1,0,0, | 0,0,0, | 
(25920)	3,2,0, | 0,0,0, | 
(7776)	1,0,0, | 0,0,0, | 
(7776)	1,0,0, | 0,0,0, | 
(36)	0,0,0, | 1,0,0, | 
(54)	0,0,0, | 1,3,0, | 
(7833)	1,0,0, | 1,3,3, | 
(7836)	1,0,0, | 1,4,0, | 
(26005)	3,2,0, | 2,2,1, | 
(103)	0,0,0, | 2,5,1, | 
(7824)	1,0,0, | 1,2,0, | 
(9121)	1,1,0, | 1,2,1, | 
(7833)	1,0,0, | 1,3,3, | 
(21447)	2,4,3, | 1,4,3, | 
(49)	0,0,0, | 1,2,1, | 
(49)	0,0,0, | 1,2,1, | 
(50)	0,0,0, | 1,2,2, | 
(50)	0,0,0, | 1,2,2, | 
(50)	0,0,0, | 1,2,2, | 
(49)	0,0,0, | 1,2,1, | 
(50)	0,0,0, | 1,2,2, | 
(49)	0,0,0, | 1,2,1, | 
(62)	0,0,0, | 1,4,2, | 
(50)	0,0,0, | 1,2,2, | 
(0)	0,0,0, | 0,0,0, | 
(1)	0,0,0, | 0,0,1, | 
(0)	0,0,0, | 0,0,0, | 
(0)	0,0,0, | 0,0,0, | 
(0)	0,0,0, | 0,0,0, | 
(0)	0,0,0, | 0,0,0, | 
(0)	0,0,0, | 0,0,0, | 
(0)	0,0,0, | 0,0,0, | 
(0)	0,0,0, | 0,0,0, | 
(0)	0,0,0, | 0,0,0, | 
(0)	0,0,0, | 0,0,0, | 
(10800)	1,2,2, | 0,0,0, | 
(42984)	5,3,1, | 0,0,0, | 
(7776)	1,0,0, | 0,0,0, | 
(25920)	3,2,0, | 0,0,0, | 
(7776)	1,0,0, | 0,0,0, | 
(7776)	1,0,0, | 0,0,0, | 
(25920)	3,2,0, | 0,0,0, | 
(7776)	1,0,0, | 0,0,0, | 
(7776)	1,0,0, | 0,0,0, | 
(36)	0,0,0, | 1,0,0, | 
(54)	0,0,0, | 1,3,0, | 
(7833)	1,0,0, | 1,3,3, | 
(7836)	1,0,0, | 1,4,0, | 
(24757)	3,1,0, | 3,4,1, | 
(15192)	1,5,4, | 2,0,0, | 
(7824)	1,0,0, | 1,2,0, | 
(9121)	1,1,0, | 1,2,1, | 
(7833)	1,0,0, | 1,3,3, | 
(21447)	2,4,3, | 1,4,3, | 
(49)	0,0,0, | 1,2,1, | 
(49)	0,0,0, | 1,2,1, | 
(50)	0,0,0, | 1,2,2, | 
(50)	0,0,0, | 1,2,2, | 
(50)	0,0,0, | 1,2,2, | 
(49)	0,0,0, | 1,2,1, | 
(50)	0,0,0, | 1,2,2, | 
(49)	0,0,0, | 1,2,1, | 
(62)	0,0,0, | 1,4,2, | 
(50)	0,0,0, | 1,2,2, | 
(0)	0,0,0, | 0,0,0, | 
(1)	0,0,0, | 0,0,1, | 
(0)	0,0,0, | 0,0,0, | 
(0)	0,0,0, | 0,0,0, | 
(0)	0,0,0, | 0,0,0, | 
(0)	0,0,0, | 0,0,0, | 
(0)	0,0,0, | 0,0,0, | 
(0)	0,0,0, | 0,0,0, | 
(0)	0,0,0, | 0,0,0, | 
(0)	0,0,0, | 0,0,0, | 
(0)	0,0,0, | 0,0,0, | 
(10800)	1,2,2, | 0,0,0, | 
(42984)	5,3,1, | 0,0,0, | 
(7776)	1,0,0, | 0,0,0, | 
(25920)	3,2,0, | 0,0,0, | 
(7776)	1,0,0, | 0,0,0, | 
(7776)	1,0,0, | 0,0,0, | 
(25920)	3,2,0, | 0,0,0, | 
(7776)	1,0,0, | 0,0,0, | 
(7776)	1,0,0, | 0,0,0, | 
(36)	0,0,0, | 1,0,0, | 
(54)	0,0,0, | 1,3,0, | 
(7833)	1,0,0, | 1,3,3, | 
(7836)	1,0,0, | 1,4,0, | 
(26028)	3,2,0, | 3,0,0, | 
(15192)	1,5,4, | 2,0,0, | 
(7824)	1,0,0, | 1,2,0, | 
(9121)	1,1,0, | 1,2,1, | 
(7833)	1,0,0, | 1,3,3, | 
(21447)	2,4,3, | 1,4,3, | 
(49)	0,0,0, | 1,2,1, | 
(49)	0,0,0, | 1,2,1, | 
(50)	0,0,0, | 1,2,2, | 
(50)	0,0,0, | 1,2,2, | 
(50)	0,0,0, | 1,2,2, | 
(49)	0,0,0, | 1,2,1, | 
(50)	0,0,0, | 1,2,2, | 
(49)	0,0,0, | 1,2,1, | 
(62)	0,0,0, | 1,4,2, | 
(50)	0,0,0, | 1,2,2, | 
(0)	0,0,0, | 0,0,0, | 
(1)	0,0,0, | 0,0,1, | 
(0)	0,0,0, | 0,0,0, | 
(0)	0,0,0, | 0,0,0, | 
(0)	0,0,0, | 0,0,0, | 
(0)	0,0,0, | 0,0,0, | 
(0)	0,0,0, | 0,0,0, | 
(0)	0,0,0, | 0,0,0, | 
(0)	0,0,0, | 0,0,0, | 
(0)	0,0,0, | 0,0,0, | 
(0)	0,0,0, | 0,0,0, | 
(10800)	1,2,2, | 0,0,0, | 
(42984)	5,3,1, | 0,0,0, | 
(7776)	1,0,0, | 0,0,0, | 
(25920)	3,2,0, | 0,0,0, | 
(7776)	1,0,0, | 0,0,0, | 
(7776)	1,0,0, | 0,0,0, | 
(25920)	3,2,0, | 0,0,0, | 
(7776)	1,0,0, | 0,0,0, | 
(7776)	1,0,0, | 0,0,0, | 
(36)	0,0,0, | 1,0,0, | 
(54)	0,0,0, | 1,3,0, | 
(7833)	1,0,0, | 1,3,3, | 
(7836)	1,0,0, | 1,4,0, | 
(26028)	3,2,0, | 3,0,0, | 
(15192)	1,5,4, | 2,0,0, | 
(7824)	1,0,0, | 1,2,0, | 
(9121)	1,1,0, | 1,2,1, | 
(7833)	1,0,0, | 1,3,3, | 
(21447)	2,4,3, | 1,4,3, | 
(49)	0,0,0, | 1,2,1, | 
(49)	0,0,0, | 1,2,1, | 
(50)	0,0,0, | 1,2,2, | 
(50)	0,0,0, | 1,2,2, | 
(50)	0,0,0, | 1,2,2, | 
(157)	0,0,0, | 4,2,1, | 
(50)	0,0,0, | 1,2,2, | 
(49)	0,0,0, | 1,2,1, | 
(62)	0,0,0, | 1,4,2, | 
(50)	0,0,0, | 1,2,2, | 
(0)	0,0,0, | 0,0,0, | 
(1)	0,0,0, | 0,0,1, | 
(0)	0,0,0, | 0,0,0, | 
(0)	0,0,0, | 0,0,0, | 
(0)	0,0,0, | 0,0,0, | 
(0)	0,0,0, | 0,0,0, | 
(0)	0,0,0, | 0,0,0, | 
(0)	0,0,0, | 0,0,0, | 
(0)	0,0,0, | 0,0,0, | 
(0)	0,0,0, | 0,0,0, | 
(0)	0,0,0, | 0,0,0, | 
(10800)	1,2,2, | 0,0,0, | 
(42984)	5,3,1, | 0,0,0, | 
(7776)	1,0,0, | 0,0,0, | 
(25920)	3,2,0, | 0,0,0, | 
(7776)	1,0,0, | 0,0,0, | 
(7776)	1,0,0, | 0,0,0, | 
(25920)	3,2,0, | 0,0,0, | 
(7776)	1,0,0, | 0,0,0, | 
(7776)	1,0,0, | 0,0,0, | 
(36)	0,0,0, | 1,0,0, | 
(54)	0,0,0, | 1,3,0, | 
(7833)	1,0,0, | 1,3,3, | 
(7836)	1,0,0, | 1,4,0, | 
(26028)	3,2,0, | 3,0,0, | 
(15192)	1,5,4, | 2,0,0, | 
(7824)	1,0,0, | 1,2,0, | 
(9121)	1,1,0, | 1,2,1, | 
(7833)	1,0,0, | 1,3,3, | 
(21447)	2,4,3, | 1,4,3, | 
(49)	0,0,0, | 1,2,1, | 
(49)	0,0,0, | 1,2,1, | 
(50)	0,0,0, | 1,2,2, | 
(50)	0,0,0, | 1,2,2, | 
(50)	0,0,0, | 1,2,2, | 
(157)	0,0,0, | 4,2,1, | 
(50)	0,0,0, | 1,2,2, | 
(49)	0,0,0, | 1,2,1, | 
(62)	0,0,0, | 1,4,2, | 
(50)	0,0,0, | 1,2,2, | 
(0)	0,0,0, | 0,0,0, | 
(213)	0,0,0, | 5,5,3, | 
(213)	0,0,0, | 5,5,3, | 
(213)	0,0,0, | 5,5,3, | 
(213)	0,0,0, | 5,5,3, | 
(213)	0,0,0, | 5,5,3, | 
(213)	0,0,0, | 5,5,3, | 
(213)	0,0,0, | 5,5,3, | 
(213)	0,0,0, | 5,5,3, | 
(213)	0,0,0, | 5,5,3, | 
(7989)	1,0,0, | 5,5,3, | 
(46437)	5,5,4, | 5,5,3, | 
(7989)	1,0,0, | 5,5,3, | 
(7989)	1,0,0, | 5,5,3, | 
(7989)	1,0,0, | 5,5,3, | 
(7989)	1,0,0, | 5,5,3, | 
(7989)	1,0,0, | 5,5,3, | 
(46437)	5,5,4, | 5,5,3, | 
(7989)	1,0,0, | 5,5,3, | 
(7989)	1,0,0, | 5,5,3, | 
(36)	0,0,0, | 1,0,0, | 
(9213)	1,1,0, | 3,5,3, | 
(11983)	1,3,1, | 2,5,1, | 
(9164)	1,1,0, | 2,3,2, | 
(24757)	3,1,0, | 3,4,1, | 
(9151)	1,1,0, | 2,1,1, | 
(9108)	1,1,0, | 1,0,0, | 
(9072)	1,1,0, | 0,0,0, | 
(9250)	1,1,0, | 4,5,4, | 
(9108)	1,1,0, | 1,0,0, | 
(9115)	1,1,0, | 1,1,1, | 
(10676)	1,2,1, | 2,3,2, | 
(158)	0,0,0, | 4,2,2, | 
(50)	0,0,0, | 1,2,2, | 
(0)	0,0,0, | 0,0,0, | 
(0)	0,0,0, | 0,0,0, | 
(0)	0,0,0, | 0,0,0, | 
(62)	0,0,0, | 1,4,2, | 
(50)	0,0,0, | 1,2,2, | 
(0)	0,0,0, | 0,0,0, | 
(0)	0,0,0, | 0,0,0, | 
(1)	0,0,0, | 0,0,1, | 
(0)	0,0,0, | 0,0,0, | 
(0)	0,0,0, | 0,0,0, | 
(0)	0,0,0, | 0,0,0, | 
(0)	0,0,0, | 0,0,0, | 
(0)	0,0,0, | 0,0,0, | 
(0)	0,0,0, | 0,0,0, | 
(0)	0,0,0, | 0,0,0, | 
(0)	0,0,0, | 0,0,0, | 
(0)	0,0,0, | 0,0,0, | 
(10800)	1,2,2, | 0,0,0, | 
(7776)	1,0,0, | 0,0,0, | 
(7776)	1,0,0, | 0,0,0, | 
(25920)	3,2,0, | 0,0,0, | 
(7776)	1,0,0, | 0,0,0, | 
(7776)	1,0,0, | 0,0,0, | 
(25920)	3,2,0, | 0,0,0, | 
(7776)	1,0,0, | 0,0,0, | 
(7776)	1,0,0, | 0,0,0, | 
(36)	0,0,0, | 1,0,0, | 
(54)	0,0,0, | 1,3,0, | 
(7833)	1,0,0, | 1,3,3, | 
(7836)	1,0,0, | 1,4,0, | 
(26005)	3,2,0, | 2,2,1, | 
(46070)	5,5,3, | 1,4,2, | 
(7824)	1,0,0, | 1,2,0, | 
(9121)	1,1,0, | 1,2,1, | 
(7833)	1,0,0, | 1,3,3, | 
(21447)	2,4,3, | 1,4,3, | 
(49)	0,0,0, | 1,2,1, | 
(49)	0,0,0, | 1,2,1, | 
(50)	0,0,0, | 1,2,2, | 
(50)	0,0,0, | 1,2,2, | 
(50)	0,0,0, | 1,2,2, | 
(49)	0,0,0, | 1,2,1, | 
(50)	0,0,0, | 1,2,2, | 
(49)	0,0,0, | 1,2,1, | 
(62)	0,0,0, | 1,4,2, | 
(50)	0,0,0, | 1,2,2, | 
(0)	0,0,0, | 0,0,0, | 
(1)	0,0,0, | 0,0,1, | 
(0)	0,0,0, | 0,0,0, | 
(0)	0,0,0, | 0,0,0, | 
(0)	0,0,0, | 0,0,0, | 
(0)	0,0,0, | 0,0,0, | 
(0)	0,0,0, | 0,0,0, | 
(0)	0,0,0, | 0,0,0, | 
(0)	0,0,0, | 0,0,0, | 
(0)	0,0,0, | 0,0,0, | 
(0)	0,0,0, | 0,0,0, | 
(10800)	1,2,2, | 0,0,0, | 
(7776)	1,0,0, | 0,0,0, | 
(7776)	1,0,0, | 0,0,0, | 
(25920)	3,2,0, | 0,0,0, | 
(7776)	1,0,0, | 0,0,0, | 
(7776)	1,0,0, | 0,0,0, | 
(25920)	3,2,0, | 0,0,0, | 
(7776)	1,0,0, | 0,0,0, | 
(7776)	1,0,0, | 0,0,0, | 
(36)	0,0,0, | 1,0,0, | 
(54)	0,0,0, | 1,3,0, | 
(7833)	1,0,0, | 1,3,3, | 
(7836)	1,0,0, | 1,4,0, | 
(24757)	3,1,0, | 3,4,1, | 
(15192)	1,5,4, | 2,0,0, | 
(7824)	1,0,0, | 1,2,0, | 
(9121)	1,1,0, | 1,2,1, | 
(7833)	1,0,0, | 1,3,3, | 
(21447)	2,4,3, | 1,4,3, | 
(49)	0,0,0, | 1,2,1, | 
(49)	0,0,0, | 1,2,1, | 
(50)	0,0,0, | 1,2,2, | 
(50)	0,0,0, | 1,2,2, | 
(50)	0,0,0, | 1,2,2, | 
(49)	0,0,0, | 1,2,1, | 
(50)	0,0,0, | 1,2,2, | 
(49)	0,0,0, | 1,2,1, | 
(62)	0,0,0, | 1,4,2, | 
(50)	0,0,0, | 1,2,2, | 
(0)	0,0,0, | 0,0,0, | 
(1)	0,0,0, | 0,0,1, | 
(0)	0,0,0, | 0,0,0, | 
(0)	0,0,0, | 0,0,0, | 
(0)	0,0,0, | 0,0,0, | 
(0)	0,0,0, | 0,0,0, | 
(0)	0,0,0, | 0,0,0, | 
(0)	0,0,0, | 0,0,0, | 
(0)	0,0,0, | 0,0,0, | 
(0)	0,0,0, | 0,0,0, | 
(0)	0,0,0, | 0,0,0, | 
(10800)	1,2,2, | 0,0,0, | 
(7776)	1,0,0, | 0,0,0, | 
(7776)	1,0,0, | 0,0,0, | 
(25920)	3,2,0, | 0,0,0, | 
(7776)	1,0,0, | 0,0,0, | 
(7776)	1,0,0, | 0,0,0, | 
(25920)	3,2,0, | 0,0,0, | 
(7776)	1,0,0, | 0,0,0, | 
(7776)	1,0,0, | 0,0,0, | 
(36)	0,0,0, | 1,0,0, | 
(54)	0,0,0, | 1,3,0, | 
(7833)	1,0,0, | 1,3,3, | 
(7836)	1,0,0, | 1,4,0, | 
(26028)	3,2,0, | 3,0,0, | 
(15192)	1,5,4, | 2,0,0, | 
(7824)	1,0,0, | 1,2,0, | 
(9121)	1,1,0, | 1,2,1, | 
(7833)	1,0,0, | 1,3,3, | 
(21447)	2,4,3, | 1,4,3, | 
(49)	0,0,0, | 1,2,1, | 
(49)	0,0,0, | 1,2,1, | 
(50)	0,0,0, | 1,2,2, | 
(50)	0,0,0, | 1,2,2, | 
(50)	0,0,0, | 1,2,2, | 
(49)	0,0,0, | 1,2,1, | 
(50)	0,0,0, | 1,2,2, | 
(49)	0,0,0, | 1,2,1, | 
(62)	0,0,0, | 1,4,2, | 
(50)	0,0,0, | 1,2,2, | 
(0)	0,0,0, | 0,0,0, | 
(1)	0,0,0, | 0,0,1, | 
(0)	0,0,0, | 0,0,0, | 
(0)	0,0,0, | 0,0,0, | 
(0)	0,0,0, | 0,0,0, | 
(0)	0,0,0, | 0,0,0, | 
(0)	0,0,0, | 0,0,0, | 
(0)	0,0,0, | 0,0,0, | 
(0)	0,0,0, | 0,0,0, | 
(0)	0,0,0, | 0,0,0, | 
(0)	0,0,0, | 0,0,0, | 
(10800)	1,2,2, | 0,0,0, | 
(7776)	1,0,0, | 0,0,0, | 
(7776)	1,0,0, | 0,0,0, | 
(25920)	3,2,0, | 0,0,0, | 
(7776)	1,0,0, | 0,0,0, | 
(7776)	1,0,0, | 0,0,0, | 
(25920)	3,2,0, | 0,0,0, | 
(7776)	1,0,0, | 0,0,0, | 
(7776)	1,0,0, | 0,0,0, | 
(36)	0,0,0, | 1,0,0, | 
(54)	0,0,0, | 1,3,0, | 
(7833)	1,0,0, | 1,3,3, | 
(7836)	1,0,0, | 1,4,0, | 
(26028)	3,2,0, | 3,0,0, | 
(15192)	1,5,4, | 2,0,0, | 
(7824)	1,0,0, | 1,2,0, | 
(9121)	1,1,0, | 1,2,1, | 
(7833)	1,0,0, | 1,3,3, | 
(21447)	2,4,3, | 1,4,3, | 
(49)	0,0,0, | 1,2,1, | 
(49)	0,0,0, | 1,2,1, | 
(50)	0,0,0, | 1,2,2, | 
(50)	0,0,0, | 1,2,2, | 
(50)	0,0,0, | 1,2,2, | 
(157)	0,0,0, | 4,2,1, | 
(50)	0,0,0, | 1,2,2, | 
(49)	0,0,0, | 1,2,1, | 
(62)	0,0,0, | 1,4,2, | 
(50)	0,0,0, | 1,2,2, | 
(0)	0,0,0, | 0,0,0, | 
(1)	0,0,0, | 0,0,1, | 
(0)	0,0,0, | 0,0,0, | 
(0)	0,0,0, | 0,0,0, | 
(0)	0,0,0, | 0,0,0, | 
(0)	0,0,0, | 0,0,0, | 
(0)	0,0,0, | 0,0,0, | 
(0)	0,0,0, | 0,0,0, | 
(0)	0,0,0, | 0,0,0, | 
(0)	0,0,0, | 0,0,0, | 
(0)	0,0,0, | 0,0,0, | 
(10800)	1,2,2, | 0,0,0, | 
(7776)	1,0,0, | 0,0,0, | 
(7776)	1,0,0, | 0,0,0, | 
(25920)	3,2,0, | 0,0,0, | 
(7776)	1,0,0, | 0,0,0, | 
(7776)	1,0,0, | 0,0,0, | 
(25920)	3,2,0, | 0,0,0, | 
(7776)	1,0,0, | 0,0,0, | 
(7776)	1,0,0, | 0,0,0, | 
(36)	0,0,0, | 1,0,0, | 
(54)	0,0,0, | 1,3,0, | 
(7833)	1,0,0, | 1,3,3, | 
(7836)	1,0,0, | 1,4,0, | 
(26028)	3,2,0, | 3,0,0, | 
(15192)	1,5,4, | 2,0,0, | 
(7824)	1,0,0, | 1,2,0, | 
(9121)	1,1,0, | 1,2,1, | 
(7833)	1,0,0, | 1,3,3, | 
(21447)	2,4,3, | 1,4,3, | 
(49)	0,0,0, | 1,2,1, | 
(49)	0,0,0, | 1,2,1, | 
(50)	0,0,0, | 1,2,2, | 
(50)	0,0,0, | 1,2,2, | 
(50)	0,0,0, | 1,2,2, | 
(157)	0,0,0, | 4,2,1, | 
(50)	0,0,0, | 1,2,2, | 
(49)	0,0,0, | 1,2,1, | 
(62)	0,0,0, | 1,4,2, | 
(50)	0,0,0, | 1,2,2, | 
