(46008)	5,5,3, | 0,0,0, | 
(46008)	5,5,3, | 0,0,0, | 
(46008)	5,5,3, | 0,0,0, | 
(46008)	5,5,3, | 0,0,0, | 
(46008)	5,5,3, | 0,0,0, | 
(213)	0,0,0, | 5,5,3, | 
(213)	0,0,0, | 5,5,3, | 
(213)	0,0,0, | 5,5,3, | 
(213)	0,0,0, | 5,5,3, | 
(213)	0,0,0, | 5,5,3, | 
(213)	0,0,0, | 5,5,3, | 
(1725)	0,1,1, | 5,5,3, | 
(13821)	1,4,3, | 5,5,3, | 
(32828)	4,1,1, | 5,5,2, | 
(9500)	1,1,1, | 5,5,2, | 
(9500)	1,1,1, | 5,5,2, | 
(44708)	5,4,2, | 5,5,2, | 
(9500)	1,1,1, | 5,5,2, | 
(9500)	1,1,1, | 5,5,2, | 
(10796)	1,2,1, | 5,5,2, | 
(78)	0,0,0, | 2,1,0, | 
(1374)	0,1,0, | 2,1,0, | 
(37794)	4,5,0, | 5,5,0, | 
(28554)	3,4,0, | 1,1,0, | 
(1410)	0,1,0, | 3,1,0, | 
(4244)	0,3,1, | 3,5,2, | 
(2634)	0,2,0, | 1,1,0, | 
(6522)	0,5,0, | 1,1,0, | 
(2604)	0,2,0, | 0,2,0, | 
(1410)	0,1,0, | 3,1,0, | 
(1344)	0,1,0, | 1,2,0, | 
(45841)	5,5,2, | 1,2,1, | 
(45861)	5,5,2, | 1,5,3, | 
(45835)	5,5,2, | 1,1,1, | 
(45835)	5,5,2, | 1,1,1, | 
(45861)	5,5,2, | 1,5,3, | 
(45835)	5,5,2, | 1,1,1, | 
(45943)	5,5,2, | 4,1,1, | 
(46064)	5,5,3, | 1,3,2, | 
(46071)	5,5,3, | 1,4,3, | 
(46008)	5,5,3, | 0,0,0, | 
(46008)	5,5,3, | 0,0,0, | 
(46008)	5,5,3, | 0,0,0, | 
(46008)	5,5,3, | 0,0,0, | 
(46008)	5,5,3, | 0,0,0, | 
(46008)	5,5,3, | 0,0,0, | 
(46008)	5,5,3, | 0,0,0, | 
(46008)	5,5,3, | 0,0,0, | 
(46008)	5,5,3, | 0,0,0, | 
(46008)	5,5,3, | 0,0,0, | 
(0)	0,0,0, | 0,0,0, | 
(11664)	1,3,0, | 0,0,0, | 
(34128)	4,2,2, | 0,0,0, | 
(1296)	0,1,0, | 0,0,0, | 
(18576)	2,2,2, | 0,0,0, | 
(1296)	0,1,0, | 0,0,0, | 
(24840)	3,1,1, | 0,0,0, | 
(11664)	1,3,0, | 0,0,0, | 
(1296)	0,1,0, | 0,0,0, | 
(10796)	1,2,1, | 5,5,2, | 
(78)	0,0,0, | 2,1,0, | 
(1374)	0,1,0, | 2,1,0, | 
(37650)	4,5,0, | 1,5,0, | 
(9356)	1,1,1, | 1,5,2, | 
(2647)	0,2,0, | 1,3,1, | 
(9204)	1,1,0, | 3,4,0, | 
(1338)	0,1,0, | 1,1,0, | 
(9246)	1,1,0, | 4,5,0, | 
(78)	0,0,0, | 2,1,0, | 
(5376)	0,4,0, | 5,2,0, | 
(108)	0,0,0, | 3,0,0, | 
(46116)	5,5,3, | 3,0,0, | 
(46202)	5,5,3, | 5,2,2, | 
(46064)	5,5,3, | 1,3,2, | 
(46116)	5,5,3, | 3,0,0, | 
(46116)	5,5,3, | 3,0,0, | 
(46058)	5,5,3, | 1,2,2, | 
(46116)	5,5,3, | 3,0,0, | 
(46044)	5,5,3, | 1,0,0, | 
(46044)	5,5,3, | 1,0,0, | 
(46008)	5,5,3, | 0,0,0, | 
(46008)	5,5,3, | 0,0,0, | 
(46008)	5,5,3, | 0,0,0, | 
(46008)	5,5,3, | 0,0,0, | 
(46008)	5,5,3, | 0,0,0, | 
(46008)	5,5,3, | 0,0,0, | 
(46008)	5,5,3, | 0,0,0, | 
(46008)	5,5,3, | 0,0,0, | 
(46008)	5,5,3, | 0,0,0, | 
(46008)	5,5,3, | 0,0,0, | 
(0)	0,0,0, | 0,0,0, | 
(11664)	1,3,0, | 0,0,0, | 
(34128)	4,2,2, | 0,0,0, | 
(1296)	0,1,0, | 0,0,0, | 
(18576)	2,2,2, | 0,0,0, | 
(1296)	0,1,0, | 0,0,0, | 
(24840)	3,1,1, | 0,0,0, | 
(11664)	1,3,0, | 0,0,0, | 
(1296)	0,1,0, | 0,0,0, | 
(13657)	1,4,3, | 1,2,1, | 
(78)	0,0,0, | 2,1,0, | 
(1446)	0,1,0, | 4,1,0, | 
(37650)	4,5,0, | 1,5,0, | 
(9356)	1,1,1, | 1,5,2, | 
(2647)	0,2,0, | 1,3,1, | 
(7039)	0,5,2, | 3,3,1, | 
(1338)	0,1,0, | 1,1,0, | 
(4182)	0,3,1, | 2,1,0, | 
(1374)	0,1,0, | 2,1,0, | 
(5268)	0,4,0, | 2,2,0, | 
(108)	0,0,0, | 3,0,0, | 
(46100)	5,5,3, | 2,3,2, | 
(46100)	5,5,3, | 2,3,2, | 
(46064)	5,5,3, | 1,3,2, | 
(46116)	5,5,3, | 3,0,0, | 
(46143)	5,5,3, | 3,4,3, | 
(46058)	5,5,3, | 1,2,2, | 
(46058)	5,5,3, | 1,2,2, | 
(46100)	5,5,3, | 2,3,2, | 
(46044)	5,5,3, | 1,0,0, | 
(46008)	5,5,3, | 0,0,0, | 
(46008)	5,5,3, | 0,0,0, | 
(46008)	5,5,3, | 0,0,0, | 
(46008)	5,5,3, | 0,0,0, | 
(46008)	5,5,3, | 0,0,0, | 
(46008)	5,5,3, | 0,0,0, | 
(46008)	5,5,3, | 0,0,0, | 
(46008)	5,5,3, | 0,0,0, | 
(46008)	5,5,3, | 0,0,0, | 
(46008)	5,5,3, | 0,0,0, | 
(0)	0,0,0, | 0,0,0, | 
(11664)	1,3,0, | 0,0,0, | 
(34128)	4,2,2, | 0,0,0, | 
(1296)	0,1,0, | 0,0,0, | 
(18576)	2,2,2, | 0,0,0, | 
(1296)	0,1,0, | 0,0,0, | 
(24840)	3,1,1, | 0,0,0, | 
(11664)	1,3,0, | 0,0,0, | 
(1296)	0,1,0, | 0,0,0, | 
(13657)	1,4,3, | 1,2,1, | 
(78)	0,0,0, | 2,1,0, | 
(1410)	0,1,0, | 3,1,0, | 
(37650)	4,5,0, | 1,5,0, | 
(9356)	1,1,1, | 1,5,2, | 
(2647)	0,2,0, | 1,3,1, | 
(14611)	1,5,1, | 3,5,1, | 
(1338)	0,1,0, | 1,1,0, | 
(4182)	0,3,1, | 2,1,0, | 
(1374)	0,1,0, | 2,1,0, | 
(5268)	0,4,0, | 2,2,0, | 
(129)	0,0,0, | 3,3,3, | 
(46100)	5,5,3, | 2,3,2, | 
(46100)	5,5,3, | 2,3,2, | 
(46064)	5,5,3, | 1,3,2, | 
(46044)	5,5,3, | 1,0,0, | 
(46172)	5,5,3, | 4,3,2, | 
(46058)	5,5,3, | 1,2,2, | 
(46058)	5,5,3, | 1,2,2, | 
(46100)	5,5,3, | 2,3,2, | 
(46044)	5,5,3, | 1,0,0, | 
(46008)	5,5,3, | 0,0,0, | 
(46008)	5,5,3, | 0,0,0, | 
(46008)	5,5,3, | 0,0,0, | 
(46008)	5,5,3, | 0,0,0, | 
(46008)	5,5,3, | 0,0,0, | 
(46008)	5,5,3, | 0,0,0, | 
(46008)	5,5,3, | 0,0,0, | 
(46008)	5,5,3, | 0,0,0, | 
(46008)	5,5,3, | 0,0,0, | 
(46008)	5,5,3, | 0,0,0, | 
(0)	0,0,0, | 0,0,0, | 
(11664)	1,3,0, | 0,0,0, | 
(34128)	4,2,2, | 0,0,0, | 
(1296)	0,1,0, | 0,0,0, | 
(18576)	2,2,2, | 0,0,0, | 
(1296)	0,1,0, | 0,0,0, | 
(24840)	3,1,1, | 0,0,0, | 
(11664)	1,3,0, | 0,0,0, | 
(1296)	0,1,0, | 0,0,0, | 
(13657)	1,4,3, | 1,2,1, | 
(78)	0,0,0, | 2,1,0, | 
(1410)	0,1,0, | 3,1,0, | 
(37650)	4,5,0, | 1,5,0, | 
(9356)	1,1,1, | 1,5,2, | 
(2647)	0,2,0, | 1,3,1, | 
(9457)	1,1,1, | 4,4,1, | 
(1338)	0,1,0, | 1,1,0, | 
(4182)	0,3,1, | 2,1,0, | 
(175)	0,0,0, | 4,5,1, | 
(1495)	0,1,0, | 5,3,1, | 
(129)	0,0,0, | 3,3,3, | 
(46100)	5,5,3, | 2,3,2, | 
(46100)	5,5,3, | 2,3,2, | 
(46064)	5,5,3, | 1,3,2, | 
(46166)	5,5,3, | 4,2,2, | 
(46166)	5,5,3, | 4,2,2, | 
(46058)	5,5,3, | 1,2,2, | 
(46186)	5,5,3, | 4,5,4, | 
(46100)	5,5,3, | 2,3,2, | 
(46044)	5,5,3, | 1,0,0, | 
(46008)	5,5,3, | 0,0,0, | 
(46008)	5,5,3, | 0,0,0, | 
(46008)	5,5,3, | 0,0,0, | 
(46008)	5,5,3, | 0,0,0, | 
(46008)	5,5,3, | 0,0,0, | 
(46008)	5,5,3, | 0,0,0, | 
(46008)	5,5,3, | 0,0,0, | 
(46008)	5,5,3, | 0,0,0, | 
(46008)	5,5,3, | 0,0,0, | 
(46008)	5,5,3, | 0,0,0, | 
(0)	0,0,0, | 0,0,0, | 
(11664)	1,3,0, | 0,0,0, | 
(34128)	4,2,2, | 0,0,0, | 
(1296)	0,1,0, | 0,0,0, | 
(18576)	2,2,2, | 0,0,0, | 
(1296)	0,1,0, | 0,0,0, | 
(24840)	3,1,1, | 0,0,0, | 
(11664)	1,3,0, | 0,0,0, | 
(1296)	0,1,0, | 0,0,0, | 
(13657)	1,4,3, | 1,2,1, | 
(78)	0,0,0, | 2,1,0, | 
(1410)	0,1,0, | 3,1,0, | 
(37650)	4,5,0, | 1,5,0, | 
(9356)	1,1,1, | 1,5,2, | 
(2647)	0,2,0, | 1,3,1, | 
(9457)	1,1,1, | 4,4,1, | 
(1338)	0,1,0, | 1,1,0, | 
(4182)	0,3,1, | 2,1,0, | 
(175)	0,0,0, | 4,5,1, | 
(1495)	0,1,0, | 5,3,1, | 
(129)	0,0,0, | 3,3,3, | 
(46100)	5,5,3, | 2,3,2, | 
(46100)	5,5,3, | 2,3,2, | 
(46064)	5,5,3, | 1,3,2, | 
(46166)	5,5,3, | 4,2,2, | 
(46166)	5,5,3, | 4,2,2, | 
(46058)	5,5,3, | 1,2,2, | 
(46186)	5,5,3, | 4,5,4, | 
(46100)	5,5,3, | 2,3,2, | 
(46044)	5,5,3, | 1,0,0, | 
(0)	0,0,0, | 0,0,0, | 
(213)	0,0,0, | 5,5,3, | 
(213)	0,0,0, | 5,5,3, | 
(213)	0,0,0, | 5,5,3, | 
(213)	0,0,0, | 5,5,3, | 
(213)	0,0,0, | 5,5,3, | 
(213)	0,0,0, | 5,5,3, | 
(213)	0,0,0, | 5,5,3, | 
(213)	0,0,0, | 5,5,3, | 
(213)	0,0,0, | 5,5,3, | 
(213)	0,0,0, | 5,5,3, | 
(7989)	1,0,0, | 5,5,3, | 
(7989)	1,0,0, | 5,5,3, | 
(21597)	2,4,3, | 5,5,3, | 
(11013)	1,2,2, | 5,5,3, | 
(9501)	1,1,1, | 5,5,3, | 
(23541)	3,0,0, | 5,5,3, | 
(23541)	3,0,0, | 5,5,3, | 
(9501)	1,1,1, | 5,5,3, | 
(23541)	3,0,0, | 5,5,3, | 
(72)	0,0,0, | 2,0,0, | 
(1339)	0,1,0, | 1,1,1, | 
(27464)	3,3,1, | 0,5,2, | 
(37626)	4,5,0, | 1,1,0, | 
(1345)	0,1,0, | 1,2,1, | 
(4244)	0,3,1, | 3,5,2, | 
(1339)	0,1,0, | 1,1,1, | 
(1339)	0,1,0, | 1,1,1, | 
(1411)	0,1,0, | 3,1,1, | 
(1410)	0,1,0, | 3,1,0, | 
(1344)	0,1,0, | 1,2,0, | 
(45897)	5,5,2, | 2,5,3, | 
(90)	0,0,0, | 2,3,0, | 
(6)	0,0,0, | 0,1,0, | 
(6)	0,0,0, | 0,1,0, | 
(6)	0,0,0, | 0,1,0, | 
(86)	0,0,0, | 2,2,2, | 
(6)	0,0,0, | 0,1,0, | 
(158)	0,0,0, | 4,2,2, | 
(54)	0,0,0, | 1,3,0, | 
(0)	0,0,0, | 0,0,0, | 
(1)	0,0,0, | 0,0,1, | 
(0)	0,0,0, | 0,0,0, | 
(0)	0,0,0, | 0,0,0, | 
(0)	0,0,0, | 0,0,0, | 
(0)	0,0,0, | 0,0,0, | 
(0)	0,0,0, | 0,0,0, | 
(0)	0,0,0, | 0,0,0, | 
(0)	0,0,0, | 0,0,0, | 
(0)	0,0,0, | 0,0,0, | 
(0)	0,0,0, | 0,0,0, | 
(7776)	1,0,0, | 0,0,0, | 
(1296)	0,1,0, | 0,0,0, | 
(21600)	2,4,4, | 0,0,0, | 
(1296)	0,1,0, | 0,0,0, | 
(37584)	4,5,0, | 0,0,0, | 
(23328)	3,0,0, | 0,0,0, | 
(16848)	2,1,0, | 0,0,0, | 
(37800)	4,5,1, | 0,0,0, | 
(14688)	1,5,2, | 0,0,0, | 
(72)	0,0,0, | 2,0,0, | 
(1374)	0,1,0, | 2,1,0, | 
(27464)	3,3,1, | 0,5,2, | 
(23471)	3,0,0, | 3,5,5, | 
(1352)	0,1,0, | 1,3,2, | 
(4435)	0,3,2, | 3,1,1, | 
(1338)	0,1,0, | 1,1,0, | 
(1404)	0,1,0, | 3,0,0, | 
(78)	0,0,0, | 2,1,0, | 
(200)	0,0,0, | 5,3,2, | 
(108)	0,0,0, | 3,0,0, | 
(108)	0,0,0, | 3,0,0, | 
(24)	0,0,0, | 0,4,0, | 
(6)	0,0,0, | 0,1,0, | 
(6)	0,0,0, | 0,1,0, | 
(6)	0,0,0, | 0,1,0, | 
(6)	0,0,0, | 0,1,0, | 
(32)	0,0,0, | 0,5,2, | 
(6)	0,0,0, | 0,1,0, | 
(36)	0,0,0, | 1,0,0, | 
(0)	0,0,0, | 0,0,0, | 
(1)	0,0,0, | 0,0,1, | 
(0)	0,0,0, | 0,0,0, | 
(0)	0,0,0, | 0,0,0, | 
(0)	0,0,0, | 0,0,0, | 
(0)	0,0,0, | 0,0,0, | 
(0)	0,0,0, | 0,0,0, | 
(0)	0,0,0, | 0,0,0, | 
(0)	0,0,0, | 0,0,0, | 
(0)	0,0,0, | 0,0,0, | 
(0)	0,0,0, | 0,0,0, | 
(7776)	1,0,0, | 0,0,0, | 
(1296)	0,1,0, | 0,0,0, | 
(21600)	2,4,4, | 0,0,0, | 
(1296)	0,1,0, | 0,0,0, | 
(37584)	4,5,0, | 0,0,0, | 
(23328)	3,0,0, | 0,0,0, | 
(16848)	2,1,0, | 0,0,0, | 
(37800)	4,5,1, | 0,0,0, | 
(14688)	1,5,2, | 0,0,0, | 
(72)	0,0,0, | 2,0,0, | 
(1446)	0,1,0, | 4,1,0, | 
(27464)	3,3,1, | 0,5,2, | 
(23456)	3,0,0, | 3,3,2, | 
(1352)	0,1,0, | 1,3,2, | 
(4484)	0,3,2, | 4,3,2, | 
(1338)	0,1,0, | 1,1,0, | 
(4182)	0,3,1, | 2,1,0, | 
(1358)	0,1,0, | 1,4,2, | 
(2677)	0,2,0, | 2,2,1, | 
(108)	0,0,0, | 3,0,0, | 
(24)	0,0,0, | 0,4,0, | 
(24)	0,0,0, | 0,4,0, | 
(6)	0,0,0, | 0,1,0, | 
(6)	0,0,0, | 0,1,0, | 
(6)	0,0,0, | 0,1,0, | 
(6)	0,0,0, | 0,1,0, | 
(32)	0,0,0, | 0,5,2, | 
(93)	0,0,0, | 2,3,3, | 
(36)	0,0,0, | 1,0,0, | 
(0)	0,0,0, | 0,0,0, | 
(1)	0,0,0, | 0,0,1, | 
(0)	0,0,0, | 0,0,0, | 
(0)	0,0,0, | 0,0,0, | 
(0)	0,0,0, | 0,0,0, | 
(0)	0,0,0, | 0,0,0, | 
(0)	0,0,0, | 0,0,0, | 
(0)	0,0,0, | 0,0,0, | 
(0)	0,0,0, | 0,0,0, | 
(0)	0,0,0, | 0,0,0, | 
(0)	0,0,0, | 0,0,0, | 
(7776)	1,0,0, | 0,0,0, | 
(1296)	0,1,0, | 0,0,0, | 
(21600)	2,4,4, | 0,0,0, | 
(1296)	0,1,0, | 0,0,0, | 
(37584)	4,5,0, | 0,0,0, | 
(23328)	3,0,0, | 0,0,0, | 
(16848)	2,1,0, | 0,0,0, | 
(37800)	4,5,1, | 0,0,0, | 
(14688)	1,5,2, | 0,0,0, | 
(72)	0,0,0, | 2,0,0, | 
(1410)	0,1,0, | 3,1,0, | 
(27464)	3,3,1, | 0,5,2, | 
(23456)	3,0,0, | 3,3,2, | 
(1352)	0,1,0, | 1,3,2, | 
(4484)	0,3,2, | 4,3,2, | 
(1338)	0,1,0, | 1,1,0, | 
(4182)	0,3,1, | 2,1,0, | 
(143)	0,0,0, | 3,5,5, | 
(2677)	0,2,0, | 2,2,1, | 
(129)	0,0,0, | 3,3,3, | 
(24)	0,0,0, | 0,4,0, | 
(24)	0,0,0, | 0,4,0, | 
(6)	0,0,0, | 0,1,0, | 
(6)	0,0,0, | 0,1,0, | 
(6)	0,0,0, | 0,1,0, | 
(6)	0,0,0, | 0,1,0, | 
(32)	0,0,0, | 0,5,2, | 
(93)	0,0,0, | 2,3,3, | 
(36)	0,0,0, | 1,0,0, | 
(0)	0,0,0, | 0,0,0, | 
(1)	0,0,0, | 0,0,1, | 
(0)	0,0,0, | 0,0,0, | 
(0)	0,0,0, | 0,0,0, | 
(0)	0,0,0, | 0,0,0, | 
(0)	0,0,0, | 0,0,0, | 
(0)	0,0,0, | 0,0,0, | 
(0)	0,0,0, | 0,0,0, | 
(0)	0,0,0, | 0,0,0, | 
(0)	0,0,0, | 0,0,0, | 
(0)	0,0,0, | 0,0,0, | 
(7776)	1,0,0, | 0,0,0, | 
(1296)	0,1,0, | 0,0,0, | 
(21600)	2,4,4, | 0,0,0, | 
(1296)	0,1,0, | 0,0,0, | 
(37584)	4,5,0, | 0,0,0, | 
(23328)	3,0,0, | 0,0,0, | 
(16848)	2,1,0, | 0,0,0, | 
(37800)	4,5,1, | 0,0,0, | 
(14688)	1,5,2, | 0,0,0, | 
(72)	0,0,0, | 2,0,0, | 
(1410)	0,1,0, | 3,1,0, | 
(27464)	3,3,1, | 0,5,2, | 
(23456)	3,0,0, | 3,3,2, | 
(1352)	0,1,0, | 1,3,2, | 
(9331)	1,1,1, | 1,1,1, | 
(1338)	0,1,0, | 1,1,0, | 
(4182)	0,3,1, | 2,1,0, | 
(143)	0,0,0, | 3,5,5, | 
(1495)	0,1,0, | 5,3,1, | 
(129)	0,0,0, | 3,3,3, | 
(24)	0,0,0, | 0,4,0, | 
(24)	0,0,0, | 0,4,0, | 
(6)	0,0,0, | 0,1,0, | 
(6)	0,0,0, | 0,1,0, | 
(6)	0,0,0, | 0,1,0, | 
(6)	0,0,0, | 0,1,0, | 
(32)	0,0,0, | 0,5,2, | 
(93)	0,0,0, | 2,3,3, | 
(36)	0,0,0, | 1,0,0, | 
(0)	0,0,0, | 0,0,0, | 
(1)	0,0,0, | 0,0,1, | 
(0)	0,0,0, | 0,0,0, | 
(0)	0,0,0, | 0,0,0, | 
(0)	0,0,0, | 0,0,0, | 
(0)	0,0,0, | 0,0,0, | 
(0)	0,0,0, | 0,0,0, | 
(0)	0,0,0, | 0,0,0, | 
(0)	0,0,0, | 0,0,0, | 
(0)	0,0,0, | 0,0,0, | 
(0)	0,0,0, | 0,0,0, | 
(7776)	1,0,0, | 0,0,0, | 
(1296)	0,1,0, | 0,0,0, | 
(21600)	2,4,4, | 0,0,0, | 
(1296)	0,1,0, | 0,0,0, | 
(37584)	4,5,0, | 0,0,0, | 
(23328)	3,0,0, | 0,0,0, | 
(16848)	2,1,0, | 0,0,0, | 
(37800)	4,5,1, | 0,0,0, | 
(14688)	1,5,2, | 0,0,0, | 
(72)	0,0,0, | 2,0,0, | 
(1410)	0,1,0, | 3,1,0, | 
(27464)	3,3,1, | 0,5,2, | 
(23456)	3,0,0, | 3,3,2, | 
(1352)	0,1,0, | 1,3,2, | 
(4514)	0,3,2, | 5,2,2, | 
(1338)	0,1,0, | 1,1,0, | 
(4182)	0,3,1, | 2,1,0, | 
(143)	0,0,0, | 3,5,5, | 
(1495)	0,1,0, | 5,3,1, | 
(129)	0,0,0, | 3,3,3, | 
(24)	0,0,0, | 0,4,0, | 
(24)	0,0,0, | 0,4,0, | 
(6)	0,0,0, | 0,1,0, | 
(6)	0,0,0, | 0,1,0, | 
(6)	0,0,0, | 0,1,0, | 
(6)	0,0,0, | 0,1,0, | 
(32)	0,0,0, | 0,5,2, | 
(93)	0,0,0, | 2,3,3, | 
(36)	0,0,0, | 1,0,0, | 
(0)	0,0,0, | 0,0,0, | 
(213)	0,0,0, | 5,5,3, | 
(213)	0,0,0, | 5,5,3, | 
(213)	0,0,0, | 5,5,3, | 
(213)	0,0,0, | 5,5,3, | 
(213)	0,0,0, | 5,5,3, | 
(213)	0,0,0, | 5,5,3, | 
(213)	0,0,0, | 5,5,3, | 
(213)	0,0,0, | 5,5,3, | 
(213)	0,0,0, | 5,5,3, | 
(213)	0,0,0, | 5,5,3, | 
(7989)	1,0,0, | 5,5,3, | 
(20085)	2,3,2, | 5,5,3, | 
(11013)	1,2,2, | 5,5,3, | 
(11013)	1,2,2, | 5,5,3, | 
(9501)	1,1,1, | 5,5,3, | 
(9501)	1,1,1, | 5,5,3, | 
(23541)	3,0,0, | 5,5,3, | 
(20085)	2,3,2, | 5,5,3, | 
(20085)	2,3,2, | 5,5,3, | 
(72)	0,0,0, | 2,0,0, | 
(1339)	0,1,0, | 1,1,1, | 
(17047)	2,1,0, | 5,3,1, | 
(16880)	2,1,0, | 0,5,2, | 
(1345)	0,1,0, | 1,2,1, | 
(4244)	0,3,1, | 3,5,2, | 
(1339)	0,1,0, | 1,1,1, | 
(1339)	0,1,0, | 1,1,1, | 
(1411)	0,1,0, | 3,1,1, | 
(1410)	0,1,0, | 3,1,0, | 
(1344)	0,1,0, | 1,2,0, | 
(10692)	1,2,1, | 3,0,0, | 
(90)	0,0,0, | 2,3,0, | 
(6)	0,0,0, | 0,1,0, | 
(6)	0,0,0, | 0,1,0, | 
(6)	0,0,0, | 0,1,0, | 
(86)	0,0,0, | 2,2,2, | 
(6)	0,0,0, | 0,1,0, | 
(158)	0,0,0, | 4,2,2, | 
(54)	0,0,0, | 1,3,0, | 
(0)	0,0,0, | 0,0,0, | 
(1)	0,0,0, | 0,0,1, | 
(0)	0,0,0, | 0,0,0, | 
(0)	0,0,0, | 0,0,0, | 
(0)	0,0,0, | 0,0,0, | 
(0)	0,0,0, | 0,0,0, | 
(0)	0,0,0, | 0,0,0, | 
(0)	0,0,0, | 0,0,0, | 
(0)	0,0,0, | 0,0,0, | 
(0)	0,0,0, | 0,0,0, | 
(0)	0,0,0, | 0,0,0, | 
(7776)	1,0,0, | 0,0,0, | 
(20088)	2,3,3, | 0,0,0, | 
(20736)	2,4,0, | 0,0,0, | 
(1296)	0,1,0, | 0,0,0, | 
(46008)	5,5,3, | 0,0,0, | 
(1296)	0,1,0, | 0,0,0, | 
(20736)	2,4,0, | 0,0,0, | 
(20088)	2,3,3, | 0,0,0, | 
(14688)	1,5,2, | 0,0,0, | 
(72)	0,0,0, | 2,0,0, | 
(1374)	0,1,0, | 2,1,0, | 
(16939)	2,1,0, | 2,3,1, | 
(16880)	2,1,0, | 0,5,2, | 
(1352)	0,1,0, | 1,3,2, | 
(4435)	0,3,2, | 3,1,1, | 
(1338)	0,1,0, | 1,1,0, | 
(1404)	0,1,0, | 3,0,0, | 
(78)	0,0,0, | 2,1,0, | 
(200)	0,0,0, | 5,3,2, | 
(108)	0,0,0, | 3,0,0, | 
(108)	0,0,0, | 3,0,0, | 
(24)	0,0,0, | 0,4,0, | 
(6)	0,0,0, | 0,1,0, | 
(6)	0,0,0, | 0,1,0, | 
(6)	0,0,0, | 0,1,0, | 
(6)	0,0,0, | 0,1,0, | 
(32)	0,0,0, | 0,5,2, | 
(6)	0,0,0, | 0,1,0, | 
(36)	0,0,0, | 1,0,0, | 
(0)	0,0,0, | 0,0,0, | 
(1)	0,0,0, | 0,0,1, | 
(0)	0,0,0, | 0,0,0, | 
(0)	0,0,0, | 0,0,0, | 
(0)	0,0,0, | 0,0,0, | 
(0)	0,0,0, | 0,0,0, | 
(0)	0,0,0, | 0,0,0, | 
(0)	0,0,0, | 0,0,0, | 
(0)	0,0,0, | 0,0,0, | 
(0)	0,0,0, | 0,0,0, | 
(0)	0,0,0, | 0,0,0, | 
(7776)	1,0,0, | 0,0,0, | 
(20088)	2,3,3, | 0,0,0, | 
(20736)	2,4,0, | 0,0,0, | 
(1296)	0,1,0, | 0,0,0, | 
(46008)	5,5,3, | 0,0,0, | 
(1296)	0,1,0, | 0,0,0, | 
(20736)	2,4,0, | 0,0,0, | 
(20088)	2,3,3, | 0,0,0, | 
(14688)	1,5,2, | 0,0,0, | 
(72)	0,0,0, | 2,0,0, | 
(1446)	0,1,0, | 4,1,0, | 
(16926)	2,1,0, | 2,1,0, | 
(16880)	2,1,0, | 0,5,2, | 
(1352)	0,1,0, | 1,3,2, | 
(4484)	0,3,2, | 4,3,2, | 
(1338)	0,1,0, | 1,1,0, | 
(4182)	0,3,1, | 2,1,0, | 
(1358)	0,1,0, | 1,4,2, | 
(2677)	0,2,0, | 2,2,1, | 
(108)	0,0,0, | 3,0,0, | 
(24)	0,0,0, | 0,4,0, | 
(24)	0,0,0, | 0,4,0, | 
(6)	0,0,0, | 0,1,0, | 
(6)	0,0,0, | 0,1,0, | 
(6)	0,0,0, | 0,1,0, | 
(6)	0,0,0, | 0,1,0, | 
(32)	0,0,0, | 0,5,2, | 
(93)	0,0,0, | 2,3,3, | 
(36)	0,0,0, | 1,0,0, | 
(0)	0,0,0, | 0,0,0, | 
(1)	0,0,0, | 0,0,1, | 
(0)	0,0,0, | 0,0,0, | 
(0)	0,0,0, | 0,0,0, | 
(0)	0,0,0, | 0,0,0, | 
(0)	0,0,0, | 0,0,0, | 
(0)	0,0,0, | 0,0,0, | 
(0)	0,0,0, | 0,0,0, | 
(0)	0,0,0, | 0,0,0, | 
(0)	0,0,0, | 0,0,0, | 
(0)	0,0,0, | 0,0,0, | 
(7776)	1,0,0, | 0,0,0, | 
(20088)	2,3,3, | 0,0,0, | 
(20736)	2,4,0, | 0,0,0, | 
(1296)	0,1,0, | 0,0,0, | 
(46008)	5,5,3, | 0,0,0, | 
(1296)	0,1,0, | 0,0,0, | 
(20736)	2,4,0, | 0,0,0, | 
(20088)	2,3,3, | 0,0,0, | 
(14688)	1,5,2, | 0,0,0, | 
(72)	0,0,0, | 2,0,0, | 
(1410)	0,1,0, | 3,1,0, | 
(16926)	2,1,0, | 2,1,0, | 
(16880)	2,1,0, | 0,5,2, | 
(1352)	0,1,0, | 1,3,2, | 
(4484)	0,3,2, | 4,3,2, | 
(1338)	0,1,0, | 1,1,0, | 
(4182)	0,3,1, | 2,1,0, | 
(143)	0,0,0, | 3,5,5, | 
(2677)	0,2,0, | 2,2,1, | 
(129)	0,0,0, | 3,3,3, | 
(24)	0,0,0, | 0,4,0, | 
(24)	0,0,0, | 0,4,0, | 
(6)	0,0,0, | 0,1,0, | 
(6)	0,0,0, | 0,1,0, | 
(6)	0,0,0, | 0,1,0, | 
(6)	0,0,0, | 0,1,0, | 
(32)	0,0,0, | 0,5,2, | 
(93)	0,0,0, | 2,3,3, | 
(36)	0,0,0, | 1,0,0, | 
(0)	0,0,0, | 0,0,0, | 
(1)	0,0,0, | 0,0,1, | 
(0)	0,0,0, | 0,0,0, | 
(0)	0,0,0, | 0,0,0, | 
(0)	0,0,0, | 0,0,0, | 
(0)	0,0,0, | 0,0,0, | 
(0)	0,0,0, | 0,0,0, | 
(0)	0,0,0, | 0,0,0, | 
(0)	0,0,0, | 0,0,0, | 
(0)	0,0,0, | 0,0,0, | 
(0)	0,0,0, | 0,0,0, | 
(7776)	1,0,0, | 0,0,0, | 
(20088)	2,3,3, | 0,0,0, | 
(20736)	2,4,0, | 0,0,0, | 
(1296)	0,1,0, | 0,0,0, | 
(46008)	5,5,3, | 0,0,0, | 
(1296)	0,1,0, | 0,0,0, | 
(20736)	2,4,0, | 0,0,0, | 
(20088)	2,3,3, | 0,0,0, | 
(14688)	1,5,2, | 0,0,0, | 
(72)	0,0,0, | 2,0,0, | 
(1410)	0,1,0, | 3,1,0, | 
(16926)	2,1,0, | 2,1,0, | 
(16880)	2,1,0, | 0,5,2, | 
(1352)	0,1,0, | 1,3,2, | 
(9331)	1,1,1, | 1,1,1, | 
(1338)	0,1,0, | 1,1,0, | 
(4182)	0,3,1, | 2,1,0, | 
(143)	0,0,0, | 3,5,5, | 
(1495)	0,1,0, | 5,3,1, | 
(129)	0,0,0, | 3,3,3, | 
(24)	0,0,0, | 0,4,0, | 
(24)	0,0,0, | 0,4,0, | 
(6)	0,0,0, | 0,1,0, | 
(6)	0,0,0, | 0,1,0, | 
(6)	0,0,0, | 0,1,0, | 
(6)	0,0,0, | 0,1,0, | 
(32)	0,0,0, | 0,5,2, | 
(93)	0,0,0, | 2,3,3, | 
(36)	0,0,0, | 1,0,0, | 
(0)	0,0,0, | 0,0,0, | 
(1)	0,0,0, | 0,0,1, | 
(0)	0,0,0, | 0,0,0, | 
(0)	0,0,0, | 0,0,0, | 
(0)	0,0,0, | 0,0,0, | 
(0)	0,0,0, | 0,0,0, | 
(0)	0,0,0, | 0,0,0, | 
(0)	0,0,0, | 0,0,0, | 
(0)	0,0,0, | 0,0,0, | 
(0)	0,0,0, | 0,0,0, | 
(0)	0,0,0, | 0,0,0, | 
(7776)	1,0,0, | 0,0,0, | 
(20088)	2,3,3, | 0,0,0, | 
(20736)	2,4,0, | 0,0,0, | 
(1296)	0,1,0, | 0,0,0, | 
(46008)	5,5,3, | 0,0,0, | 
(1296)	0,1,0, | 0,0,0, | 
(20736)	2,4,0, | 0,0,0, | 
(20088)	2,3,3, | 0,0,0, | 
(14688)	1,5,2, | 0,0,0, | 
(72)	0,0,0, | 2,0,0, | 
(1410)	0,1,0, | 3,1,0, | 
(16926)	2,1,0, | 2,1,0, | 
(16880)	2,1,0, | 0,5,2, | 
(1352)	0,1,0, | 1,3,2, | 
(4514)	0,3,2, | 5,2,2, | 
(1338)	0,1,0, | 1,1,0, | 
(4182)	0,3,1, | 2,1,0, | 
(143)	0,0,0, | 3,5,5, | 
(1495)	0,1,0, | 5,3,1, | 
(129)	0,0,0, | 3,3,3, | 
(24)	0,0,0, | 0,4,0, | 
(24)	0,0,0, | 0,4,0, | 
(6)	0,0,0, | 0,1,0, | 
(6)	0,0,0, | 0,1,0, | 
(6)	0,0,0, | 0,1,0, | 
(6)	0,0,0, | 0,1,0, | 
(32)	0,0,0, | 0,5,2, | 
(93)	0,0,0, | 2,3,3, | 
(36)	0,0,0, | 1,0,0, | 
(0)	0,0,0, | 0,0,0, | 
(213)	0,0,0, | 5,5,3, | 
(213)	0,0,0, | 5,5,3, | 
(213)	0,0,0, | 5,5,3, | 
(213)	0,0,0, | 5,5,3, | 
(213)	0,0,0, | 5,5,3, | 
(213)	0,0,0, | 5,5,3, | 
(213)	0,0,0, | 5,5,3, | 
(213)	0,0,0, | 5,5,3, | 
(213)	0,0,0, | 5,5,3, | 
(213)	0,0,0, | 5,5,3, | 
(7989)	1,0,0, | 5,5,3, | 
(20085)	2,3,2, | 5,5,3, | 
(11013)	1,2,2, | 5,5,3, | 
(11013)	1,2,2, | 5,5,3, | 
(9501)	1,1,1, | 5,5,3, | 
(9501)	1,1,1, | 5,5,3, | 
(30885)	3,5,4, | 5,5,3, | 
(20085)	2,3,2, | 5,5,3, | 
(20085)	2,3,2, | 5,5,3, | 
(72)	0,0,0, | 2,0,0, | 
(1339)	0,1,0, | 1,1,1, | 
(17047)	2,1,0, | 5,3,1, | 
(16880)	2,1,0, | 0,5,2, | 
(1345)	0,1,0, | 1,2,1, | 
(4244)	0,3,1, | 3,5,2, | 
(1339)	0,1,0, | 1,1,1, | 
(1339)	0,1,0, | 1,1,1, | 
(1411)	0,1,0, | 3,1,1, | 
(1410)	0,1,0, | 3,1,0, | 
(1344)	0,1,0, | 1,2,0, | 
(10692)	1,2,1, | 3,0,0, | 
(90)	0,0,0, | 2,3,0, | 
(6)	0,0,0, | 0,1,0, | 
(6)	0,0,0, | 0,1,0, | 
(6)	0,0,0, | 0,1,0, | 
(86)	0,0,0, | 2,2,2, | 
(6)	0,0,0, | 0,1,0, | 
(158)	0,0,0, | 4,2,2, | 
(54)	0,0,0, | 1,3,0, | 
(0)	0,0,0, | 0,0,0, | 
(1)	0,0,0, | 0,0,1, | 
(0)	0,0,0, | 0,0,0, | 
(0)	0,0,0, | 0,0,0, | 
(0)	0,0,0, | 0,0,0, | 
(0)	0,0,0, | 0,0,0, | 
(0)	0,0,0, | 0,0,0, | 
(0)	0,0,0, | 0,0,0, | 
(0)	0,0,0, | 0,0,0, | 
(0)	0,0,0, | 0,0,0, | 
(0)	0,0,0, | 0,0,0, | 
(7776)	1,0,0, | 0,0,0, | 
(20088)	2,3,3, | 0,0,0, | 
(20736)	2,4,0, | 0,0,0, | 
(1296)	0,1,0, | 0,0,0, | 
(28728)	3,4,1, | 0,0,0, | 
(28728)	3,4,1, | 0,0,0, | 
(20736)	2,4,0, | 0,0,0, | 
(20088)	2,3,3, | 0,0,0, | 
(14688)	1,5,2, | 0,0,0, | 
(72)	0,0,0, | 2,0,0, | 
(1374)	0,1,0, | 2,1,0, | 
(16939)	2,1,0, | 2,3,1, | 
(16880)	2,1,0, | 0,5,2, | 
(1352)	0,1,0, | 1,3,2, | 
(4435)	0,3,2, | 3,1,1, | 
(1338)	0,1,0, | 1,1,0, | 
(1404)	0,1,0, | 3,0,0, | 
(78)	0,0,0, | 2,1,0, | 
(200)	0,0,0, | 5,3,2, | 
(108)	0,0,0, | 3,0,0, | 
(108)	0,0,0, | 3,0,0, | 
(24)	0,0,0, | 0,4,0, | 
(6)	0,0,0, | 0,1,0, | 
(6)	0,0,0, | 0,1,0, | 
(6)	0,0,0, | 0,1,0, | 
(6)	0,0,0, | 0,1,0, | 
(32)	0,0,0, | 0,5,2, | 
(6)	0,0,0, | 0,1,0, | 
(36)	0,0,0, | 1,0,0, | 
(0)	0,0,0, | 0,0,0, | 
(1)	0,0,0, | 0,0,1, | 
(0)	0,0,0, | 0,0,0, | 
(0)	0,0,0, | 0,0,0, | 
(0)	0,0,0, | 0,0,0, | 
(0)	0,0,0, | 0,0,0, | 
(0)	0,0,0, | 0,0,0, | 
(0)	0,0,0, | 0,0,0, | 
(0)	0,0,0, | 0,0,0, | 
(0)	0,0,0, | 0,0,0, | 
(0)	0,0,0, | 0,0,0, | 
(7776)	1,0,0, | 0,0,0, | 
(20088)	2,3,3, | 0,0,0, | 
(20736)	2,4,0, | 0,0,0, | 
(1296)	0,1,0, | 0,0,0, | 
(28728)	3,4,1, | 0,0,0, | 
(28728)	3,4,1, | 0,0,0, | 
(20736)	2,4,0, | 0,0,0, | 
(20088)	2,3,3, | 0,0,0, | 
(14688)	1,5,2, | 0,0,0, | 
(72)	0,0,0, | 2,0,0, | 
(1446)	0,1,0, | 4,1,0, | 
(16926)	2,1,0, | 2,1,0, | 
(16880)	2,1,0, | 0,5,2, | 
(1352)	0,1,0, | 1,3,2, | 
(4484)	0,3,2, | 4,3,2, | 
(1338)	0,1,0, | 1,1,0, | 
(4182)	0,3,1, | 2,1,0, | 
(1358)	0,1,0, | 1,4,2, | 
(2677)	0,2,0, | 2,2,1, | 
(108)	0,0,0, | 3,0,0, | 
(24)	0,0,0, | 0,4,0, | 
(24)	0,0,0, | 0,4,0, | 
(6)	0,0,0, | 0,1,0, | 
(6)	0,0,0, | 0,1,0, | 
(6)	0,0,0, | 0,1,0, | 
(6)	0,0,0, | 0,1,0, | 
(32)	0,0,0, | 0,5,2, | 
(93)	0,0,0, | 2,3,3, | 
(36)	0,0,0, | 1,0,0, | 
(0)	0,0,0, | 0,0,0, | 
(1)	0,0,0, | 0,0,1, | 
(0)	0,0,0, | 0,0,0, | 
(0)	0,0,0, | 0,0,0, | 
(0)	0,0,0, | 0,0,0, | 
(0)	0,0,0, | 0,0,0, | 
(0)	0,0,0, | 0,0,0, | 
(0)	0,0,0, | 0,0,0, | 
(0)	0,0,0, | 0,0,0, | 
(0)	0,0,0, | 0,0,0, | 
(0)	0,0,0, | 0,0,0, | 
(7776)	1,0,0, | 0,0,0, | 
(20088)	2,3,3, | 0,0,0, | 
(20736)	2,4,0, | 0,0,0, | 
(1296)	0,1,0, | 0,0,0, | 
(28728)	3,4,1, | 0,0,0, | 
(28728)	3,4,1, | 0,0,0, | 
(20736)	2,4,0, | 0,0,0, | 
(20088)	2,3,3, | 0,0,0, | 
(14688)	1,5,2, | 0,0,0, | 
(72)	0,0,0, | 2,0,0, | 
(1410)	0,1,0, | 3,1,0, | 
(16926)	2,1,0, | 2,1,0, | 
(16880)	2,1,0, | 0,5,2, | 
(1352)	0,1,0, | 1,3,2, | 
(4484)	0,3,2, | 4,3,2, | 
(1338)	0,1,0, | 1,1,0, | 
(4182)	0,3,1, | 2,1,0, | 
(143)	0,0,0, | 3,5,5, | 
(2677)	0,2,0, | 2,2,1, | 
(129)	0,0,0, | 3,3,3, | 
(24)	0,0,0, | 0,4,0, | 
(24)	0,0,0, | 0,4,0, | 
(6)	0,0,0, | 0,1,0, | 
(6)	0,0,0, | 0,1,0, | 
(6)	0,0,0, | 0,1,0, | 
(6)	0,0,0, | 0,1,0, | 
(32)	0,0,0, | 0,5,2, | 
(93)	0,0,0, | 2,3,3, | 
(36)	0,0,0, | 1,0,0, | 
(0)	0,0,0, | 0,0,0, | 
(1)	0,0,0, | 0,0,1, | 
(0)	0,0,0, | 0,0,0, | 
(0)	0,0,0, | 0,0,0, | 
(0)	0,0,0, | 0,0,0, | 
(0)	0,0,0, | 0,0,0, | 
(0)	0,0,0, | 0,0,0, | 
(0)	0,0,0, | 0,0,0, | 
(0)	0,0,0, | 0,0,0, | 
(0)	0,0,0, | 0,0,0, | 
(0)	0,0,0, | 0,0,0, | 
(7776)	1,0,0, | 0,0,0, | 
(20088)	2,3,3, | 0,0,0, | 
(20736)	2,4,0, | 0,0,0, | 
(1296)	0,1,0, | 0,0,0, | 
(28728)	3,4,1, | 0,0,0, | 
(28728)	3,4,1, | 0,0,0, | 
(20736)	2,4,0, | 0,0,0, | 
(20088)	2,3,3, | 0,0,0, | 
(14688)	1,5,2, | 0,0,0, | 
(72)	0,0,0, | 2,0,0, | 
(1410)	0,1,0, | 3,1,0, | 
(16926)	2,1,0, | 2,1,0, | 
(16880)	2,1,0, | 0,5,2, | 
(1352)	0,1,0, | 1,3,2, | 
(9331)	1,1,1, | 1,1,1, | 
(1338)	0,1,0, | 1,1,0, | 
(4182)	0,3,1, | 2,1,0, | 
(143)	0,0,0, | 3,5,5, | 
(1495)	0,1,0, | 5,3,1, | 
(129)	0,0,0, | 3,3,3, | 
(24)	0,0,0, | 0,4,0, | 
(24)	0,0,0, | 0,4,0, | 
(6)	0,0,0, | 0,1,0, | 
(6)	0,0,0, | 0,1,0, | 
(6)	0,0,0, | 0,1,0, | 
(6)	0,0,0, | 0,1,0, | 
(32)	0,0,0, | 0,5,2, | 
(93)	0,0,0, | 2,3,3, | 
(36)	0,0,0, | 1,0,0, | 
(0)	0,0,0, | 0,0,0, | 
(1)	0,0,0, | 0,0,1, | 
(0)	0,0,0, | 0,0,0, | 
(0)	0,0,0, | 0,0,0, | 
(0)	0,0,0, | 0,0,0, | 
(0)	0,0,0, | 0,0,0, | 
(0)	0,0,0, | 0,0,0, | 
(0)	0,0,0, | 0,0,0, | 
(0)	0,0,0, | 0,0,0, | 
(0)	0,0,0, | 0,0,0, | 
(0)	0,0,0, | 0,0,0, | 
(7776)	1,0,0, | 0,0,0, | 
(20088)	2,3,3, | 0,0,0, | 
(20736)	2,4,0, | 0,0,0, | 
(1296)	0,1,0, | 0,0,0, | 
(28728)	3,4,1, | 0,0,0, | 
(28728)	3,4,1, | 0,0,0, | 
(20736)	2,4,0, | 0,0,0, | 
(20088)	2,3,3, | 0,0,0, | 
(14688)	1,5,2, | 0,0,0, | 
(72)	0,0,0, | 2,0,0, | 
(1410)	0,1,0, | 3,1,0, | 
(16926)	2,1,0, | 2,1,0, | 
(16880)	2,1,0, | 0,5,2, | 
(1352)	0,1,0, | 1,3,2, | 
(4514)	0,3,2, | 5,2,2, | 
(1338)	0,1,0, | 1,1,0, | 
(4182)	0,3,1, | 2,1,0, | 
(143)	0,0,0, | 3,5,5, | 
(1495)	0,1,0, | 5,3,1, | 
(129)	0,0,0, | 3,3,3, | 
(24)	0,0,0, | 0,4,0, | 
(24)	0,0,0, | 0,4,0, | 
(6)	0,0,0, | 0,1,0, | 
(6)	0,0,0, | 0,1,0, | 
(6)	0,0,0, | 0,1,0, | 
(6)	0,0,0, | 0,1,0, | 
(32)	0,0,0, | 0,5,2, | 
(93)	0,0,0, | 2,3,3, | 
(36)	0,0,0, | 1,0,0, | 
(0)	0,0,0, | 0,0,0, | 
(213)	0,0,0, | 5,5,3, | 
(213)	0,0,0, | 5,5,3, | 
(213)	0,0,0, | 5,5,3, | 
(213)	0,0,0, | 5,5,3, | 
(213)	0,0,0, | 5,5,3, | 
(213)	0,0,0, | 5,5,3, | 
(213)	0,0,0, | 5,5,3, | 
(213)	0,0,0, | 5,5,3, | 
(213)	0,0,0, | 5,5,3, | 
(213)	0,0,0, | 5,5,3, | 
(7989)	1,0,0, | 5,5,3, | 
(20085)	2,3,2, | 5,5,3, | 
(38661)	4,5,4, | 5,5,3, | 
(11013)	1,2,2, | 5,5,3, | 
(38661)	4,5,4, | 5,5,3, | 
(34341)	4,2,2, | 5,5,3, | 
(30885)	3,5,4, | 5,5,3, | 
(20085)	2,3,2, | 5,5,3, | 
(20085)	2,3,2, | 5,5,3, | 
(72)	0,0,0, | 2,0,0, | 
(1339)	0,1,0, | 1,1,1, | 
(17047)	2,1,0, | 5,3,1, | 
(16880)	2,1,0, | 0,5,2, | 
(1345)	0,1,0, | 1,2,1, | 
(4244)	0,3,1, | 3,5,2, | 
(1339)	0,1,0, | 1,1,1, | 
(1339)	0,1,0, | 1,1,1, | 
(1411)	0,1,0, | 3,1,1, | 
(1410)	0,1,0, | 3,1,0, | 
(1344)	0,1,0, | 1,2,0, | 
(10692)	1,2,1, | 3,0,0, | 
(90)	0,0,0, | 2,3,0, | 
(6)	0,0,0, | 0,1,0, | 
(6)	0,0,0, | 0,1,0, | 
(6)	0,0,0, | 0,1,0, | 
(86)	0,0,0, | 2,2,2, | 
(6)	0,0,0, | 0,1,0, | 
(158)	0,0,0, | 4,2,2, | 
(54)	0,0,0, | 1,3,0, | 
(0)	0,0,0, | 0,0,0, | 
(1)	0,0,0, | 0,0,1, | 
(0)	0,0,0, | 0,0,0, | 
(0)	0,0,0, | 0,0,0, | 
(0)	0,0,0, | 0,0,0, | 
(0)	0,0,0, | 0,0,0, | 
(0)	0,0,0, | 0,0,0, | 
(0)	0,0,0, | 0,0,0, | 
(0)	0,0,0, | 0,0,0, | 
(0)	0,0,0, | 0,0,0, | 
(0)	0,0,0, | 0,0,0, | 
(7776)	1,0,0, | 0,0,0, | 
(20088)	2,3,3, | 0,0,0, | 
(20736)	2,4,0, | 0,0,0, | 
(1296)	0,1,0, | 0,0,0, | 
(28728)	3,4,1, | 0,0,0, | 
(28728)	3,4,1, | 0,0,0, | 
(20736)	2,4,0, | 0,0,0, | 
(20088)	2,3,3, | 0,0,0, | 
(14688)	1,5,2, | 0,0,0, | 
(72)	0,0,0, | 2,0,0, | 
(1374)	0,1,0, | 2,1,0, | 
(16939)	2,1,0, | 2,3,1, | 
(16880)	2,1,0, | 0,5,2, | 
(1352)	0,1,0, | 1,3,2, | 
(4435)	0,3,2, | 3,1,1, | 
(1338)	0,1,0, | 1,1,0, | 
(1404)	0,1,0, | 3,0,0, | 
(78)	0,0,0, | 2,1,0, | 
(200)	0,0,0, | 5,3,2, | 
(108)	0,0,0, | 3,0,0, | 
(108)	0,0,0, | 3,0,0, | 
(24)	0,0,0, | 0,4,0, | 
(6)	0,0,0, | 0,1,0, | 
(6)	0,0,0, | 0,1,0, | 
(6)	0,0,0, | 0,1,0, | 
(6)	0,0,0, | 0,1,0, | 
(32)	0,0,0, | 0,5,2, | 
(6)	0,0,0, | 0,1,0, | 
(36)	0,0,0, | 1,0,0, | 
(0)	0,0,0, | 0,0,0, | 
(1)	0,0,0, | 0,0,1, | 
(0)	0,0,0, | 0,0,0, | 
(0)	0,0,0, | 0,0,0, | 
(0)	0,0,0, | 0,0,0, | 
(0)	0,0,0, | 0,0,0, | 
(0)	0,0,0, | 0,0,0, | 
(0)	0,0,0, | 0,0,0, | 
(0)	0,0,0, | 0,0,0, | 
(0)	0,0,0, | 0,0,0, | 
(0)	0,0,0, | 0,0,0, | 
(7776)	1,0,0, | 0,0,0, | 
(20088)	2,3,3, | 0,0,0, | 
(20736)	2,4,0, | 0,0,0, | 
(1296)	0,1,0, | 0,0,0, | 
(28728)	3,4,1, | 0,0,0, | 
(28728)	3,4,1, | 0,0,0, | 
(20736)	2,4,0, | 0,0,0, | 
(20088)	2,3,3, | 0,0,0, | 
(14688)	1,5,2, | 0,0,0, | 
(72)	0,0,0, | 2,0,0, | 
(1446)	0,1,0, | 4,1,0, | 
(16926)	2,1,0, | 2,1,0, | 
(16880)	2,1,0, | 0,5,2, | 
(1352)	0,1,0, | 1,3,2, | 
(4484)	0,3,2, | 4,3,2, | 
(1338)	0,1,0, | 1,1,0, | 
(4182)	0,3,1, | 2,1,0, | 
(1358)	0,1,0, | 1,4,2, | 
(2677)	0,2,0, | 2,2,1, | 
(108)	0,0,0, | 3,0,0, | 
(24)	0,0,0, | 0,4,0, | 
(24)	0,0,0, | 0,4,0, | 
(6)	0,0,0, | 0,1,0, | 
(6)	0,0,0, | 0,1,0, | 
(6)	0,0,0, | 0,1,0, | 
(6)	0,0,0, | 0,1,0, | 
(32)	0,0,0, | 0,5,2, | 
(93)	0,0,0, | 2,3,3, | 
(36)	0,0,0, | 1,0,0, | 
(0)	0,0,0, | 0,0,0, | 
(1)	0,0,0, | 0,0,1, | 
(0)	0,0,0, | 0,0,0, | 
(0)	0,0,0, | 0,0,0, | 
(0)	0,0,0, | 0,0,0, | 
(0)	0,0,0, | 0,0,0, | 
(0)	0,0,0, | 0,0,0, | 
(0)	0,0,0, | 0,0,0, | 
(0)	0,0,0, | 0,0,0, | 
(0)	0,0,0, | 0,0,0, | 
(0)	0,0,0, | 0,0,0, | 
(7776)	1,0,0, | 0,0,0, | 
(20088)	2,3,3, | 0,0,0, | 
(20736)	2,4,0, | 0,0,0, | 
(1296)	0,1,0, | 0,0,0, | 
(28728)	3,4,1, | 0,0,0, | 
(28728)	3,4,1, | 0,0,0, | 
(20736)	2,4,0, | 0,0,0, | 
(20088)	2,3,3, | 0,0,0, | 
(14688)	1,5,2, | 0,0,0, | 
(72)	0,0,0, | 2,0,0, | 
(1410)	0,1,0, | 3,1,0, | 
(16926)	2,1,0, | 2,1,0, | 
(16880)	2,1,0, | 0,5,2, | 
(1352)	0,1,0, | 1,3,2, | 
(4484)	0,3,2, | 4,3,2, | 
(1338)	0,1,0, | 1,1,0, | 
(4182)	0,3,1, | 2,1,0, | 
(143)	0,0,0, | 3,5,5, | 
(2677)	0,2,0, | 2,2,1, | 
(129)	0,0,0, | 3,3,3, | 
(24)	0,0,0, | 0,4,0, | 
(24)	0,0,0, | 0,4,0, | 
(6)	0,0,0, | 0,1,0, | 
(6)	0,0,0, | 0,1,0, | 
(6)	0,0,0, | 0,1,0, | 
(6)	0,0,0, | 0,1,0, | 
(32)	0,0,0, | 0,5,2, | 
(93)	0,0,0, | 2,3,3, | 
(36)	0,0,0, | 1,0,0, | 
(0)	0,0,0, | 0,0,0, | 
(1)	0,0,0, | 0,0,1, | 
(0)	0,0,0, | 0,0,0, | 
(0)	0,0,0, | 0,0,0, | 
(0)	0,0,0, | 0,0,0, | 
(0)	0,0,0, | 0,0,0, | 
(0)	0,0,0, | 0,0,0, | 
(0)	0,0,0, | 0,0,0, | 
(0)	0,0,0, | 0,0,0, | 
(0)	0,0,0, | 0,0,0, | 
(0)	0,0,0, | 0,0,0, | 
(7776)	1,0,0, | 0,0,0, | 
(20088)	2,3,3, | 0,0,0, | 
(20736)	2,4,0, | 0,0,0, | 
(1296)	0,1,0, | 0,0,0, | 
(28728)	3,4,1, | 0,0,0, | 
(28728)	3,4,1, | 0,0,0, | 
(20736)	2,4,0, | 0,0,0, | 
(20088)	2,3,3, | 0,0,0, | 
(14688)	1,5,2, | 0,0,0, | 
(72)	0,0,0, | 2,0,0, | 
(1410)	0,1,0, | 3,1,0, | 
(16926)	2,1,0, | 2,1,0, | 
(16880)	2,1,0, | 0,5,2, | 
(1352)	0,1,0, | 1,3,2, | 
(9331)	1,1,1, | 1,1,1, | 
(1338)	0,1,0, | 1,1,0, | 
(4182)	0,3,1, | 2,1,0, | 
(143)	0,0,0, | 3,5,5, | 
(1495)	0,1,0, | 5,3,1, | 
(129)	0,0,0, | 3,3,3, | 
(24)	0,0,0, | 0,4,0, | 
(24)	0,0,0, | 0,4,0, | 
(6)	0,0,0, | 0,1,0, | 
(6)	0,0,0, | 0,1,0, | 
(6)	0,0,0, | 0,1,0, | 
(6)	0,0,0, | 0,1,0, | 
(32)	0,0,0, | 0,5,2, | 
(93)	0,0,0, | 2,3,3, | 
(36)	0,0,0, | 1,0,0, | 
(0)	0,0,0, | 0,0,0, | 
(1)	0,0,0, | 0,0,1, | 
(0)	0,0,0, | 0,0,0, | 
(0)	0,0,0, | 0,0,0, | 
(0)	0,0,0, | 0,0,0, | 
(0)	0,0,0, | 0,0,0, | 
(0)	0,0,0, | 0,0,0, | 
(0)	0,0,0, | 0,0,0, | 
(0)	0,0,0, | 0,0,0, | 
(0)	0,0,0, | 0,0,0, | 
(0)	0,0,0, | 0,0,0, | 
(7776)	1,0,0, | 0,0,0, | 
(20088)	2,3,3, | 0,0,0, | 
(20736)	2,4,0, | 0,0,0, | 
(1296)	0,1,0, | 0,0,0, | 
(28728)	3,4,1, | 0,0,0, | 
(28728)	3,4,1, | 0,0,0, | 
(20736)	2,4,0, | 0,0,0, | 
(20088)	2,3,3, | 0,0,0, | 
(14688)	1,5,2, | 0,0,0, | 
(72)	0,0,0, | 2,0,0, | 
(1410)	0,1,0, | 3,1,0, | 
(16926)	2,1,0, | 2,1,0, | 
(16880)	2,1,0, | 0,5,2, | 
(1352)	0,1,0, | 1,3,2, | 
(4514)	0,3,2, | 5,2,2, | 
(1338)	0,1,0, | 1,1,0, | 
(4182)	0,3,1, | 2,1,0, | 
(143)	0,0,0, | 3,5,5, | 
(1495)	0,1,0, | 5,3,1, | 
(129)	0,0,0, | 3,3,3, | 
(24)	0,0,0, | 0,4,0, | 
(24)	0,0,0, | 0,4,0, | 
(6)	0,0,0, | 0,1,0, | 
(6)	0,0,0, | 0,1,0, | 
(6)	0,0,0, | 0,1,0, | 
(6)	0,0,0, | 0,1,0, | 
(32)	0,0,0, | 0,5,2, | 
(93)	0,0,0, | 2,3,3, | 
(36)	0,0,0, | 1,0,0, | 
(0)	0,0,0, | 0,0,0, | 
(213)	0,0,0, | 5,5,3, | 
(213)	0,0,0, | 5,5,3, | 
(213)	0,0,0, | 5,5,3, | 
(213)	0,0,0, | 5,5,3, | 
(213)	0,0,0, | 5,5,3, | 
(213)	0,0,0, | 5,5,3, | 
(213)	0,0,0, | 5,5,3, | 
(213)	0,0,0, | 5,5,3, | 
(213)	0,0,0, | 5,5,3, | 
(213)	0,0,0, | 5,5,3, | 
(7989)	1,0,0, | 5,5,3, | 
(20085)	2,3,2, | 5,5,3, | 
(38661)	4,5,4, | 5,5,3, | 
(11013)	1,2,2, | 5,5,3, | 
(38661)	4,5,4, | 5,5,3, | 
(34341)	4,2,2, | 5,5,3, | 
(30885)	3,5,4, | 5,5,3, | 
(20085)	2,3,2, | 5,5,3, | 
(20085)	2,3,2, | 5,5,3, | 
(72)	0,0,0, | 2,0,0, | 
(1339)	0,1,0, | 1,1,1, | 
(17047)	2,1,0, | 5,3,1, | 
(16880)	2,1,0, | 0,5,2, | 
(1345)	0,1,0, | 1,2,1, | 
(4244)	0,3,1, | 3,5,2, | 
(1339)	0,1,0, | 1,1,1, | 
(1339)	0,1,0, | 1,1,1, | 
(1411)	0,1,0, | 3,1,1, | 
(1410)	0,1,0, | 3,1,0, | 
(1344)	0,1,0, | 1,2,0, | 
(10692)	1,2,1, | 3,0,0, | 
(90)	0,0,0, | 2,3,0, | 
(6)	0,0,0, | 0,1,0, | 
(6)	0,0,0, | 0,1,0, | 
(6)	0,0,0, | 0,1,0, | 
(86)	0,0,0, | 2,2,2, | 
(6)	0,0,0, | 0,1,0, | 
(158)	0,0,0, | 4,2,2, | 
(54)	0,0,0, | 1,3,0, | 
(0)	0,0,0, | 0,0,0, | 
(1)	0,0,0, | 0,0,1, | 
(0)	0,0,0, | 0,0,0, | 
(0)	0,0,0, | 0,0,0, | 
(0)	0,0,0, | 0,0,0, | 
(0)	0,0,0, | 0,0,0, | 
(0)	0,0,0, | 0,0,0, | 
(0)	0,0,0, | 0,0,0, | 
(0)	0,0,0, | 0,0,0, | 
(0)	0,0,0, | 0,0,0, | 
(0)	0,0,0, | 0,0,0, | 
(7776)	1,0,0, | 0,0,0, | 
(20088)	2,3,3, | 0,0,0, | 
(20736)	2,4,0, | 0,0,0, | 
(1296)	0,1,0, | 0,0,0, | 
(28728)	3,4,1, | 0,0,0, | 
(28728)	3,4,1, | 0,0,0, | 
(20736)	2,4,0, | 0,0,0, | 
(20088)	2,3,3, | 0,0,0, | 
(14688)	1,5,2, | 0,0,0, | 
(72)	0,0,0, | 2,0,0, | 
(1374)	0,1,0, | 2,1,0, | 
(16939)	2,1,0, | 2,3,1, | 
(16880)	2,1,0, | 0,5,2, | 
(1352)	0,1,0, | 1,3,2, | 
(4435)	0,3,2, | 3,1,1, | 
(1338)	0,1,0, | 1,1,0, | 
(1404)	0,1,0, | 3,0,0, | 
(78)	0,0,0, | 2,1,0, | 
(200)	0,0,0, | 5,3,2, | 
(108)	0,0,0, | 3,0,0, | 
(108)	0,0,0, | 3,0,0, | 
(24)	0,0,0, | 0,4,0, | 
(6)	0,0,0, | 0,1,0, | 
(6)	0,0,0, | 0,1,0, | 
(6)	0,0,0, | 0,1,0, | 
(6)	0,0,0, | 0,1,0, | 
(32)	0,0,0, | 0,5,2, | 
(6)	0,0,0, | 0,1,0, | 
(36)	0,0,0, | 1,0,0, | 
(0)	0,0,0, | 0,0,0, | 
(1)	0,0,0, | 0,0,1, | 
(0)	0,0,0, | 0,0,0, | 
(0)	0,0,0, | 0,0,0, | 
(0)	0,0,0, | 0,0,0, | 
(0)	0,0,0, | 0,0,0, | 
(0)	0,0,0, | 0,0,0, | 
(0)	0,0,0, | 0,0,0, | 
(0)	0,0,0, | 0,0,0, | 
(0)	0,0,0, | 0,0,0, | 
(0)	0,0,0, | 0,0,0, | 
(7776)	1,0,0, | 0,0,0, | 
(20088)	2,3,3, | 0,0,0, | 
(20736)	2,4,0, | 0,0,0, | 
(1296)	0,1,0, | 0,0,0, | 
(28728)	3,4,1, | 0,0,0, | 
(28728)	3,4,1, | 0,0,0, | 
(20736)	2,4,0, | 0,0,0, | 
(20088)	2,3,3, | 0,0,0, | 
(14688)	1,5,2, | 0,0,0, | 
(72)	0,0,0, | 2,0,0, | 
(1446)	0,1,0, | 4,1,0, | 
(16926)	2,1,0, | 2,1,0, | 
(16880)	2,1,0, | 0,5,2, | 
(1352)	0,1,0, | 1,3,2, | 
(4484)	0,3,2, | 4,3,2, | 
(1338)	0,1,0, | 1,1,0, | 
(4182)	0,3,1, | 2,1,0, | 
(1358)	0,1,0, | 1,4,2, | 
(2677)	0,2,0, | 2,2,1, | 
(108)	0,0,0, | 3,0,0, | 
(24)	0,0,0, | 0,4,0, | 
(24)	0,0,0, | 0,4,0, | 
(6)	0,0,0, | 0,1,0, | 
(6)	0,0,0, | 0,1,0, | 
(6)	0,0,0, | 0,1,0, | 
(6)	0,0,0, | 0,1,0, | 
(32)	0,0,0, | 0,5,2, | 
(93)	0,0,0, | 2,3,3, | 
(36)	0,0,0, | 1,0,0, | 
(0)	0,0,0, | 0,0,0, | 
(1)	0,0,0, | 0,0,1, | 
(0)	0,0,0, | 0,0,0, | 
(0)	0,0,0, | 0,0,0, | 
(0)	0,0,0, | 0,0,0, | 
(0)	0,0,0, | 0,0,0, | 
(0)	0,0,0, | 0,0,0, | 
(0)	0,0,0, | 0,0,0, | 
(0)	0,0,0, | 0,0,0, | 
(0)	0,0,0, | 0,0,0, | 
(0)	0,0,0, | 0,0,0, | 
(7776)	1,0,0, | 0,0,0, | 
(20088)	2,3,3, | 0,0,0, | 
(20736)	2,4,0, | 0,0,0, | 
(1296)	0,1,0, | 0,0,0, | 
(28728)	3,4,1, | 0,0,0, | 
(28728)	3,4,1, | 0,0,0, | 
(20736)	2,4,0, | 0,0,0, | 
(20088)	2,3,3, | 0,0,0, | 
(14688)	1,5,2, | 0,0,0, | 
(72)	0,0,0, | 2,0,0, | 
(1410)	0,1,0, | 3,1,0, | 
(16926)	2,1,0, | 2,1,0, | 
(16880)	2,1,0, | 0,5,2, | 
(1352)	0,1,0, | 1,3,2, | 
(4484)	0,3,2, | 4,3,2, | 
(1338)	0,1,0, | 1,1,0, | 
(4182)	0,3,1, | 2,1,0, | 
(143)	0,0,0, | 3,5,5, | 
(2677)	0,2,0, | 2,2,1, | 
(129)	0,0,0, | 3,3,3, | 
(24)	0,0,0, | 0,4,0, | 
(24)	0,0,0, | 0,4,0, | 
(6)	0,0,0, | 0,1,0, | 
(6)	0,0,0, | 0,1,0, | 
(6)	0,0,0, | 0,1,0, | 
(6)	0,0,0, | 0,1,0, | 
(32)	0,0,0, | 0,5,2, | 
(93)	0,0,0, | 2,3,3, | 
(36)	0,0,0, | 1,0,0, | 
(0)	0,0,0, | 0,0,0, | 
(1)	0,0,0, | 0,0,1, | 
(0)	0,0,0, | 0,0,0, | 
(0)	0,0,0, | 0,0,0, | 
(0)	0,0,0, | 0,0,0, | 
(0)	0,0,0, | 0,0,0, | 
(0)	0,0,0, | 0,0,0, | 
(0)	0,0,0, | 0,0,0, | 
(0)	0,0,0, | 0,0,0, | 
(0)	0,0,0, | 0,0,0, | 
(0)	0,0,0, | 0,0,0, | 
(7776)	1,0,0, | 0,0,0, | 
(20088)	2,3,3, | 0,0,0, | 
(20736)	2,4,0, | 0,0,0, | 
(1296)	0,1,0, | 0,0,0, | 
(28728)	3,4,1, | 0,0,0, | 
(28728)	3,4,1, | 0,0,0, | 
(20736)	2,4,0, | 0,0,0, | 
(20088)	2,3,3, | 0,0,0, | 
(14688)	1,5,2, | 0,0,0, | 
(72)	0,0,0, | 2,0,0, | 
(1410)	0,1,0, | 3,1,0, | 
(16926)	2,1,0, | 2,1,0, | 
(16880)	2,1,0, | 0,5,2, | 
(1352)	0,1,0, | 1,3,2, | 
(9331)	1,1,1, | 1,1,1, | 
(1338)	0,1,0, | 1,1,0, | 
(4182)	0,3,1, | 2,1,0, | 
(143)	0,0,0, | 3,5,5, | 
(1495)	0,1,0, | 5,3,1, | 
(129)	0,0,0, | 3,3,3, | 
(24)	0,0,0, | 0,4,0, | 
(24)	0,0,0, | 0,4,0, | 
(6)	0,0,0, | 0,1,0, | 
(6)	0,0,0, | 0,1,0, | 
(6)	0,0,0, | 0,1,0, | 
(6)	0,0,0, | 0,1,0, | 
(32)	0,0,0, | 0,5,2, | 
(93)	0,0,0, | 2,3,3, | 
(36)	0,0,0, | 1,0,0, | 
(0)	0,0,0, | 0,0,0, | 
(1)	0,0,0, | 0,0,1, | 
(0)	0,0,0, | 0,0,0, | 
(0)	0,0,0, | 0,0,0, | 
(0)	0,0,0, | 0,0,0, | 
(0)	0,0,0, | 0,0,0, | 
(0)	0,0,0, | 0,0,0, | 
(0)	0,0,0, | 0,0,0, | 
(0)	0,0,0, | 0,0,0, | 
(0)	0,0,0, | 0,0,0, | 
(0)	0,0,0, | 0,0,0, | 
(7776)	1,0,0, | 0,0,0, | 
(20088)	2,3,3, | 0,0,0, | 
(20736)	2,4,0, | 0,0,0, | 
(1296)	0,1,0, | 0,0,0, | 
(28728)	3,4,1, | 0,0,0, | 
(28728)	3,4,1, | 0,0,0, | 
(20736)	2,4,0, | 0,0,0, | 
(20088)	2,3,3, | 0,0,0, | 
(14688)	1,5,2, | 0,0,0, | 
(72)	0,0,0, | 2,0,0, | 
(1410)	0,1,0, | 3,1,0, | 
(16926)	2,1,0, | 2,1,0, | 
(16880)	2,1,0, | 0,5,2, | 
(1352)	0,1,0, | 1,3,2, | 
(4514)	0,3,2, | 5,2,2, | 
(1338)	0,1,0, | 1,1,0, | 
(4182)	0,3,1, | 2,1,0, | 
(143)	0,0,0, | 3,5,5, | 
(1495)	0,1,0, | 5,3,1, | 
(129)	0,0,0, | 3,3,3, | 
(24)	0,0,0, | 0,4,0, | 
(24)	0,0,0, | 0,4,0, | 
(6)	0,0,0, | 0,1,0, | 
(6)	0,0,0, | 0,1,0, | 
(6)	0,0,0, | 0,1,0, | 
(6)	0,0,0, | 0,1,0, | 
(32)	0,0,0, | 0,5,2, | 
(93)	0,0,0, | 2,3,3, | 
(36)	0,0,0, | 1,0,0, | 
