(38052)	4,5,2, | 1,0,0, | 
(38052)	4,5,2, | 1,0,0, | 
(38052)	4,5,2, | 1,0,0, | 
(38052)	4,5,2, | 1,0,0, | 
(38268)	4,5,3, | 1,0,0, | 
(7953)	1,0,0, | 4,5,3, | 
(7952)	1,0,0, | 4,5,2, | 
(7952)	1,0,0, | 4,5,2, | 
(7952)	1,0,0, | 4,5,2, | 
(7952)	1,0,0, | 4,5,2, | 
(7952)	1,0,0, | 4,5,2, | 
(10759)	1,2,1, | 4,5,1, | 
(10759)	1,2,1, | 4,5,1, | 
(7951)	1,0,0, | 4,5,1, | 
(7951)	1,0,0, | 4,5,1, | 
(14424)	1,5,0, | 4,4,0, | 
(14424)	1,5,0, | 4,4,0, | 
(14424)	1,5,0, | 4,4,0, | 
(7836)	1,0,0, | 1,4,0, | 
(13062)	1,4,0, | 2,5,0, | 
(13020)	1,4,0, | 1,4,0, | 
(13020)	1,4,0, | 1,4,0, | 
(13020)	1,4,0, | 1,4,0, | 
(13134)	1,4,0, | 4,5,0, | 
(13020)	1,4,0, | 1,4,0, | 
(13020)	1,4,0, | 1,4,0, | 
(13026)	1,4,0, | 1,5,0, | 
(12996)	1,4,0, | 1,0,0, | 
(36354)	4,4,0, | 1,5,0, | 
(36354)	4,4,0, | 1,5,0, | 
(36354)	4,4,0, | 1,5,0, | 
(37836)	4,5,1, | 1,0,0, | 
(37836)	4,5,1, | 1,0,0, | 
(37836)	4,5,1, | 1,0,0, | 
(37836)	4,5,1, | 1,0,0, | 
(38052)	4,5,2, | 1,0,0, | 
(38052)	4,5,2, | 1,0,0, | 
(38052)	4,5,2, | 1,0,0, | 
(38052)	4,5,2, | 1,0,0, | 
(38052)	4,5,2, | 1,0,0, | 
(38268)	4,5,3, | 1,0,0, | 
(15084)	1,5,3, | 5,0,0, | 
(15084)	1,5,3, | 5,0,0, | 
(15084)	1,5,3, | 5,0,0, | 
(15084)	1,5,3, | 5,0,0, | 
(15084)	1,5,3, | 5,0,0, | 
(15084)	1,5,3, | 5,0,0, | 
(14874)	1,5,2, | 5,1,0, | 
(14880)	1,5,2, | 5,2,0, | 
(14880)	1,5,2, | 5,2,0, | 
(14460)	1,5,0, | 5,4,0, | 
(14460)	1,5,0, | 5,4,0, | 
(14460)	1,5,0, | 5,4,0, | 
(14460)	1,5,0, | 5,4,0, | 
(7836)	1,0,0, | 1,4,0, | 
(10578)	1,2,0, | 5,5,0, | 
(10506)	1,2,0, | 3,5,0, | 
(10428)	1,2,0, | 1,4,0, | 
(14388)	1,5,0, | 3,4,0, | 
(14358)	1,5,0, | 2,5,0, | 
(10428)	1,2,0, | 1,4,0, | 
(10428)	1,2,0, | 1,4,0, | 
(13020)	1,4,0, | 1,4,0, | 
(10437)	1,2,0, | 1,5,3, | 
(38052)	4,5,2, | 1,0,0, | 
(38052)	4,5,2, | 1,0,0, | 
(38052)	4,5,2, | 1,0,0, | 
(38052)	4,5,2, | 1,0,0, | 
(38052)	4,5,2, | 1,0,0, | 
(38052)	4,5,2, | 1,0,0, | 
(38052)	4,5,2, | 1,0,0, | 
(38052)	4,5,2, | 1,0,0, | 
(38052)	4,5,2, | 1,0,0, | 
(38052)	4,5,2, | 1,0,0, | 
(38052)	4,5,2, | 1,0,0, | 
(38052)	4,5,2, | 1,0,0, | 
(38268)	4,5,3, | 1,0,0, | 
(15084)	1,5,3, | 5,0,0, | 
(15084)	1,5,3, | 5,0,0, | 
(15084)	1,5,3, | 5,0,0, | 
(15084)	1,5,3, | 5,0,0, | 
(15084)	1,5,3, | 5,0,0, | 
(13604)	1,4,2, | 5,5,2, | 
(7987)	1,0,0, | 5,5,1, | 
(7987)	1,0,0, | 5,5,1, | 
(14460)	1,5,0, | 5,4,0, | 
(14460)	1,5,0, | 5,4,0, | 
(14460)	1,5,0, | 5,4,0, | 
(14460)	1,5,0, | 5,4,0, | 
(14460)	1,5,0, | 5,4,0, | 
(7836)	1,0,0, | 1,4,0, | 
(11730)	1,3,0, | 1,5,0, | 
(11724)	1,3,0, | 1,4,0, | 
(11724)	1,3,0, | 1,4,0, | 
(13020)	1,4,0, | 1,4,0, | 
(14316)	1,5,0, | 1,4,0, | 
(11724)	1,3,0, | 1,4,0, | 
(11868)	1,3,0, | 5,4,0, | 
(13020)	1,4,0, | 1,4,0, | 
(11868)	1,3,0, | 5,4,0, | 
(37836)	4,5,1, | 1,0,0, | 
(37836)	4,5,1, | 1,0,0, | 
(37836)	4,5,1, | 1,0,0, | 
(37836)	4,5,1, | 1,0,0, | 
(37836)	4,5,1, | 1,0,0, | 
(37836)	4,5,1, | 1,0,0, | 
(38052)	4,5,2, | 1,0,0, | 
(38052)	4,5,2, | 1,0,0, | 
(38052)	4,5,2, | 1,0,0, | 
(38052)	4,5,2, | 1,0,0, | 
(38052)	4,5,2, | 1,0,0, | 
(38052)	4,5,2, | 1,0,0, | 
(38268)	4,5,3, | 1,0,0, | 
(15084)	1,5,3, | 5,0,0, | 
(15084)	1,5,3, | 5,0,0, | 
(7988)	1,0,0, | 5,5,2, | 
(7988)	1,0,0, | 5,5,2, | 
(7988)	1,0,0, | 5,5,2, | 
(7988)	1,0,0, | 5,5,2, | 
(7987)	1,0,0, | 5,5,1, | 
(7987)	1,0,0, | 5,5,1, | 
(7987)	1,0,0, | 5,5,1, | 
(14460)	1,5,0, | 5,4,0, | 
(14460)	1,5,0, | 5,4,0, | 
(14460)	1,5,0, | 5,4,0, | 
(14460)	1,5,0, | 5,4,0, | 
(7836)	1,0,0, | 1,4,0, | 
(13170)	1,4,0, | 5,5,0, | 
(13026)	1,4,0, | 1,5,0, | 
(13020)	1,4,0, | 1,4,0, | 
(14388)	1,5,0, | 3,4,0, | 
(14358)	1,5,0, | 2,5,0, | 
(13020)	1,4,0, | 1,4,0, | 
(29904)	3,5,0, | 2,4,0, | 
(13020)	1,4,0, | 1,4,0, | 
(13171)	1,4,0, | 5,5,1, | 
(37836)	4,5,1, | 1,0,0, | 
(37836)	4,5,1, | 1,0,0, | 
(37836)	4,5,1, | 1,0,0, | 
(37836)	4,5,1, | 1,0,0, | 
(37836)	4,5,1, | 1,0,0, | 
(37836)	4,5,1, | 1,0,0, | 
(37836)	4,5,1, | 1,0,0, | 
(37836)	4,5,1, | 1,0,0, | 
(38052)	4,5,2, | 1,0,0, | 
(38052)	4,5,2, | 1,0,0, | 
(38052)	4,5,2, | 1,0,0, | 
(38052)	4,5,2, | 1,0,0, | 
(38268)	4,5,3, | 1,0,0, | 
(15084)	1,5,3, | 5,0,0, | 
(7988)	1,0,0, | 5,5,2, | 
(7988)	1,0,0, | 5,5,2, | 
(7988)	1,0,0, | 5,5,2, | 
(7988)	1,0,0, | 5,5,2, | 
(7988)	1,0,0, | 5,5,2, | 
(7987)	1,0,0, | 5,5,1, | 
(7987)	1,0,0, | 5,5,1, | 
(7987)	1,0,0, | 5,5,1, | 
(14460)	1,5,0, | 5,4,0, | 
(14460)	1,5,0, | 5,4,0, | 
(14460)	1,5,0, | 5,4,0, | 
(14460)	1,5,0, | 5,4,0, | 
(7836)	1,0,0, | 1,4,0, | 
(13062)	1,4,0, | 2,5,0, | 
(13092)	1,4,0, | 3,4,0, | 
(13020)	1,4,0, | 1,4,0, | 
(13026)	1,4,0, | 1,5,0, | 
(14394)	1,5,0, | 3,5,0, | 
(13026)	1,4,0, | 1,5,0, | 
(29868)	3,5,0, | 1,4,0, | 
(13020)	1,4,0, | 1,4,0, | 
(13026)	1,4,0, | 1,5,0, | 
(37836)	4,5,1, | 1,0,0, | 
(37836)	4,5,1, | 1,0,0, | 
(37836)	4,5,1, | 1,0,0, | 
(37836)	4,5,1, | 1,0,0, | 
(37836)	4,5,1, | 1,0,0, | 
(37836)	4,5,1, | 1,0,0, | 
(37836)	4,5,1, | 1,0,0, | 
(37836)	4,5,1, | 1,0,0, | 
(38052)	4,5,2, | 1,0,0, | 
(38052)	4,5,2, | 1,0,0, | 
(38052)	4,5,2, | 1,0,0, | 
(38052)	4,5,2, | 1,0,0, | 
(38268)	4,5,3, | 1,0,0, | 
(15084)	1,5,3, | 5,0,0, | 
(7988)	1,0,0, | 5,5,2, | 
(7988)	1,0,0, | 5,5,2, | 
(7988)	1,0,0, | 5,5,2, | 
(7988)	1,0,0, | 5,5,2, | 
(7988)	1,0,0, | 5,5,2, | 
(7987)	1,0,0, | 5,5,1, | 
(7987)	1,0,0, | 5,5,1, | 
(7987)	1,0,0, | 5,5,1, | 
(14460)	1,5,0, | 5,4,0, | 
(14460)	1,5,0, | 5,4,0, | 
(14460)	1,5,0, | 5,4,0, | 
(14460)	1,5,0, | 5,4,0, | 
(7836)	1,0,0, | 1,4,0, | 
(13026)	1,4,0, | 1,5,0, | 
(22098)	2,5,0, | 1,5,0, | 
(13020)	1,4,0, | 1,4,0, | 
(13020)	1,4,0, | 1,4,0, | 
(14352)	1,5,0, | 2,4,0, | 
(13026)	1,4,0, | 1,5,0, | 
(13026)	1,4,0, | 1,5,0, | 
(13020)	1,4,0, | 1,4,0, | 
(13098)	1,4,0, | 3,5,0, | 
(36324)	4,4,0, | 1,0,0, | 
(37836)	4,5,1, | 1,0,0, | 
(37836)	4,5,1, | 1,0,0, | 
(37836)	4,5,1, | 1,0,0, | 
(37836)	4,5,1, | 1,0,0, | 
(37836)	4,5,1, | 1,0,0, | 
(37836)	4,5,1, | 1,0,0, | 
(37836)	4,5,1, | 1,0,0, | 
(38949)	5,0,0, | 1,5,3, | 
(38949)	5,0,0, | 1,5,3, | 
(38949)	5,0,0, | 1,5,3, | 
(38949)	5,0,0, | 1,5,3, | 
(38949)	5,0,0, | 1,5,3, | 
(7953)	1,0,0, | 4,5,3, | 
(7952)	1,0,0, | 4,5,2, | 
(7952)	1,0,0, | 4,5,2, | 
(7952)	1,0,0, | 4,5,2, | 
(7952)	1,0,0, | 4,5,2, | 
(7952)	1,0,0, | 4,5,2, | 
(7952)	1,0,0, | 4,5,2, | 
(7952)	1,0,0, | 4,5,2, | 
(7952)	1,0,0, | 4,5,2, | 
(7952)	1,0,0, | 4,5,2, | 
(7952)	1,0,0, | 4,5,2, | 
(7952)	1,0,0, | 4,5,2, | 
(7952)	1,0,0, | 4,5,2, | 
(14532)	1,5,1, | 1,4,0, | 
(14394)	1,5,0, | 3,5,0, | 
(13020)	1,4,0, | 1,4,0, | 
(13080)	1,4,0, | 3,2,0, | 
(13008)	1,4,0, | 1,2,0, | 
(13128)	1,4,0, | 4,4,0, | 
(13008)	1,4,0, | 1,2,0, | 
(13008)	1,4,0, | 1,2,0, | 
(13008)	1,4,0, | 1,2,0, | 
(12996)	1,4,0, | 1,0,0, | 
(44130)	5,4,0, | 1,5,0, | 
(44130)	5,4,0, | 1,5,0, | 
(44130)	5,4,0, | 1,5,0, | 
(44130)	5,4,0, | 1,5,0, | 
(41540)	5,2,0, | 1,5,2, | 
(41540)	5,2,0, | 1,5,2, | 
(40244)	5,1,0, | 1,5,2, | 
(38949)	5,0,0, | 1,5,3, | 
(43020)	5,3,1, | 1,0,0, | 
(41724)	5,2,1, | 1,0,0, | 
(41724)	5,2,1, | 1,0,0, | 
(41724)	5,2,1, | 1,0,0, | 
(41724)	5,2,1, | 1,0,0, | 
(7969)	1,0,0, | 5,2,1, | 
(7969)	1,0,0, | 5,2,1, | 
(7969)	1,0,0, | 5,2,1, | 
(7969)	1,0,0, | 5,2,1, | 
(7975)	1,0,0, | 5,3,1, | 
(7975)	1,0,0, | 5,3,1, | 
(7975)	1,0,0, | 5,3,1, | 
(7975)	1,0,0, | 5,3,1, | 
(7975)	1,0,0, | 5,3,1, | 
(7975)	1,0,0, | 5,3,1, | 
(7975)	1,0,0, | 5,3,1, | 
(7975)	1,0,0, | 5,3,1, | 
(7975)	1,0,0, | 5,3,1, | 
(14532)	1,5,1, | 1,4,0, | 
(22669)	2,5,2, | 5,4,1, | 
(14646)	1,5,1, | 4,5,0, | 
(35047)	4,3,0, | 1,3,1, | 
(45787)	5,5,1, | 5,5,1, | 
(22350)	2,5,1, | 2,5,0, | 
(11840)	1,3,0, | 4,5,2, | 
(10531)	1,2,0, | 4,3,1, | 
(14850)	1,5,2, | 4,3,0, | 
(10437)	1,2,0, | 1,5,3, | 
(43020)	5,3,1, | 1,0,0, | 
(43020)	5,3,1, | 1,0,0, | 
(43020)	5,3,1, | 1,0,0, | 
(43020)	5,3,1, | 1,0,0, | 
(43020)	5,3,1, | 1,0,0, | 
(43020)	5,3,1, | 1,0,0, | 
(43020)	5,3,1, | 1,0,0, | 
(43020)	5,3,1, | 1,0,0, | 
(38942)	5,0,0, | 1,4,2, | 
(38942)	5,0,0, | 1,4,2, | 
(38942)	5,0,0, | 1,4,2, | 
(38942)	5,0,0, | 1,4,2, | 
(38942)	5,0,0, | 1,4,2, | 
(7982)	1,0,0, | 5,4,2, | 
(7982)	1,0,0, | 5,4,2, | 
(7988)	1,0,0, | 5,5,2, | 
(7988)	1,0,0, | 5,5,2, | 
(7988)	1,0,0, | 5,5,2, | 
(7988)	1,0,0, | 5,5,2, | 
(7988)	1,0,0, | 5,5,2, | 
(7988)	1,0,0, | 5,5,2, | 
(7988)	1,0,0, | 5,5,2, | 
(7988)	1,0,0, | 5,5,2, | 
(7988)	1,0,0, | 5,5,2, | 
(7988)	1,0,0, | 5,5,2, | 
(7988)	1,0,0, | 5,5,2, | 
(14532)	1,5,1, | 1,4,0, | 
(37998)	4,5,1, | 5,3,0, | 
(22350)	2,5,1, | 2,5,0, | 
(35125)	4,3,0, | 3,4,1, | 
(22452)	2,5,1, | 5,4,0, | 
(14322)	1,5,0, | 1,5,0, | 
(11768)	1,3,0, | 2,5,2, | 
(14610)	1,5,1, | 3,5,0, | 
(14538)	1,5,1, | 1,5,0, | 
(11868)	1,3,0, | 5,4,0, | 
(42804)	5,3,0, | 1,0,0, | 
(41533)	5,2,0, | 1,4,1, | 
(41533)	5,2,0, | 1,4,1, | 
(41533)	5,2,0, | 1,4,1, | 
(44316)	5,4,1, | 1,0,0, | 
(44316)	5,4,1, | 1,0,0, | 
(40244)	5,1,0, | 1,5,2, | 
(38942)	5,0,0, | 1,4,2, | 
(38949)	5,0,0, | 1,5,3, | 
(38949)	5,0,0, | 1,5,3, | 
(38949)	5,0,0, | 1,5,3, | 
(38949)	5,0,0, | 1,5,3, | 
(38949)	5,0,0, | 1,5,3, | 
(7989)	1,0,0, | 5,5,3, | 
(7988)	1,0,0, | 5,5,2, | 
(7988)	1,0,0, | 5,5,2, | 
(7988)	1,0,0, | 5,5,2, | 
(7988)	1,0,0, | 5,5,2, | 
(7988)	1,0,0, | 5,5,2, | 
(7988)	1,0,0, | 5,5,2, | 
(7988)	1,0,0, | 5,5,2, | 
(7988)	1,0,0, | 5,5,2, | 
(7988)	1,0,0, | 5,5,2, | 
(7988)	1,0,0, | 5,5,2, | 
(7988)	1,0,0, | 5,5,2, | 
(7988)	1,0,0, | 5,5,2, | 
(14532)	1,5,1, | 1,4,0, | 
(22386)	2,5,1, | 3,5,0, | 
(14574)	1,5,1, | 2,5,0, | 
(13134)	1,4,0, | 4,5,0, | 
(22458)	2,5,1, | 5,5,0, | 
(22386)	2,5,1, | 3,5,0, | 
(22422)	2,5,1, | 4,5,0, | 
(14540)	1,5,1, | 1,5,2, | 
(13099)	1,4,0, | 3,5,1, | 
(13171)	1,4,0, | 5,5,1, | 
(45612)	5,5,1, | 1,0,0, | 
(45612)	5,5,1, | 1,0,0, | 
(45612)	5,5,1, | 1,0,0, | 
(45612)	5,5,1, | 1,0,0, | 
(41540)	5,2,0, | 1,5,2, | 
(41540)	5,2,0, | 1,5,2, | 
(40244)	5,1,0, | 1,5,2, | 
(38949)	5,0,0, | 1,5,3, | 
(38949)	5,0,0, | 1,5,3, | 
(38949)	5,0,0, | 1,5,3, | 
(38949)	5,0,0, | 1,5,3, | 
(38949)	5,0,0, | 1,5,3, | 
(38949)	5,0,0, | 1,5,3, | 
(7989)	1,0,0, | 5,5,3, | 
(7988)	1,0,0, | 5,5,2, | 
(7988)	1,0,0, | 5,5,2, | 
(7988)	1,0,0, | 5,5,2, | 
(7988)	1,0,0, | 5,5,2, | 
(7988)	1,0,0, | 5,5,2, | 
(7988)	1,0,0, | 5,5,2, | 
(7988)	1,0,0, | 5,5,2, | 
(7988)	1,0,0, | 5,5,2, | 
(7988)	1,0,0, | 5,5,2, | 
(7988)	1,0,0, | 5,5,2, | 
(7988)	1,0,0, | 5,5,2, | 
(7988)	1,0,0, | 5,5,2, | 
(14532)	1,5,1, | 1,4,0, | 
(14394)	1,5,0, | 3,5,0, | 
(29982)	3,5,0, | 4,5,0, | 
(13062)	1,4,0, | 2,5,0, | 
(14466)	1,5,0, | 5,5,0, | 
(14430)	1,5,0, | 4,5,0, | 
(13134)	1,4,0, | 4,5,0, | 
(20838)	2,4,0, | 2,5,0, | 
(28650)	3,4,0, | 3,5,0, | 
(13026)	1,4,0, | 1,5,0, | 
(44100)	5,4,0, | 1,0,0, | 
(45612)	5,5,1, | 1,0,0, | 
(45612)	5,5,1, | 1,0,0, | 
(45612)	5,5,1, | 1,0,0, | 
(41540)	5,2,0, | 1,5,2, | 
(41540)	5,2,0, | 1,5,2, | 
(40244)	5,1,0, | 1,5,2, | 
(38949)	5,0,0, | 1,5,3, | 
(38949)	5,0,0, | 1,5,3, | 
(38949)	5,0,0, | 1,5,3, | 
(38949)	5,0,0, | 1,5,3, | 
(38949)	5,0,0, | 1,5,3, | 
(38949)	5,0,0, | 1,5,3, | 
(7989)	1,0,0, | 5,5,3, | 
(7988)	1,0,0, | 5,5,2, | 
(7988)	1,0,0, | 5,5,2, | 
(7988)	1,0,0, | 5,5,2, | 
(7988)	1,0,0, | 5,5,2, | 
(7988)	1,0,0, | 5,5,2, | 
(7988)	1,0,0, | 5,5,2, | 
(7988)	1,0,0, | 5,5,2, | 
(7988)	1,0,0, | 5,5,2, | 
(7988)	1,0,0, | 5,5,2, | 
(7988)	1,0,0, | 5,5,2, | 
(7988)	1,0,0, | 5,5,2, | 
(7988)	1,0,0, | 5,5,2, | 
(14532)	1,5,1, | 1,4,0, | 
(14322)	1,5,0, | 1,5,0, | 
(22128)	2,5,0, | 2,4,0, | 
(13170)	1,4,0, | 5,5,0, | 
(14466)	1,5,0, | 5,5,0, | 
(14394)	1,5,0, | 3,5,0, | 
(14430)	1,5,0, | 4,5,0, | 
(20946)	2,4,0, | 5,5,0, | 
(14466)	1,5,0, | 5,5,0, | 
(13098)	1,4,0, | 3,5,0, | 
(44100)	5,4,0, | 1,0,0, | 
(44100)	5,4,0, | 1,0,0, | 
(45612)	5,5,1, | 1,0,0, | 
(41540)	5,2,0, | 1,5,2, | 
(41540)	5,2,0, | 1,5,2, | 
(41540)	5,2,0, | 1,5,2, | 
(40244)	5,1,0, | 1,5,2, | 
(38949)	5,0,0, | 1,5,3, | 
(38949)	5,0,0, | 1,5,3, | 
(38949)	5,0,0, | 1,5,3, | 
(38949)	5,0,0, | 1,5,3, | 
(38949)	5,0,0, | 1,5,3, | 
(38949)	5,0,0, | 1,5,3, | 
(7953)	1,0,0, | 4,5,3, | 
(7952)	1,0,0, | 4,5,2, | 
(7952)	1,0,0, | 4,5,2, | 
(7952)	1,0,0, | 4,5,2, | 
(7952)	1,0,0, | 4,5,2, | 
(7952)	1,0,0, | 4,5,2, | 
(7952)	1,0,0, | 4,5,2, | 
(7951)	1,0,0, | 4,5,1, | 
(7951)	1,0,0, | 4,5,1, | 
(7951)	1,0,0, | 4,5,1, | 
(7951)	1,0,0, | 4,5,1, | 
(7951)	1,0,0, | 4,5,1, | 
(7951)	1,0,0, | 4,5,1, | 
(44118)	5,4,0, | 1,3,0, | 
(14466)	1,5,0, | 5,5,0, | 
(13020)	1,4,0, | 1,4,0, | 
(13014)	1,4,0, | 1,3,0, | 
(13014)	1,4,0, | 1,3,0, | 
(13128)	1,4,0, | 4,4,0, | 
(13014)	1,4,0, | 1,3,0, | 
(13014)	1,4,0, | 1,3,0, | 
(13014)	1,4,0, | 1,3,0, | 
(12996)	1,4,0, | 1,0,0, | 
(44130)	5,4,0, | 1,5,0, | 
(44130)	5,4,0, | 1,5,0, | 
(44130)	5,4,0, | 1,5,0, | 
(44130)	5,4,0, | 1,5,0, | 
(44130)	5,4,0, | 1,5,0, | 
(45612)	5,5,1, | 1,0,0, | 
(45612)	5,5,1, | 1,0,0, | 
(45828)	5,5,2, | 1,0,0, | 
(45828)	5,5,2, | 1,0,0, | 
(45828)	5,5,2, | 1,0,0, | 
(45828)	5,5,2, | 1,0,0, | 
(44532)	5,4,2, | 1,0,0, | 
(44532)	5,4,2, | 1,0,0, | 
(13572)	1,4,2, | 5,0,0, | 
(13572)	1,4,2, | 5,0,0, | 
(13572)	1,4,2, | 5,0,0, | 
(13572)	1,4,2, | 5,0,0, | 
(13572)	1,4,2, | 5,0,0, | 
(13572)	1,4,2, | 5,0,0, | 
(14874)	1,5,2, | 5,1,0, | 
(7981)	1,0,0, | 5,4,1, | 
(7981)	1,0,0, | 5,4,1, | 
(13368)	1,4,1, | 5,2,0, | 
(13368)	1,4,1, | 5,2,0, | 
(13368)	1,4,1, | 5,2,0, | 
(7974)	1,0,0, | 5,3,0, | 
(44118)	5,4,0, | 1,3,0, | 
(29983)	3,5,0, | 4,5,1, | 
(13020)	1,4,0, | 1,4,0, | 
(44118)	5,4,0, | 1,3,0, | 
(29911)	3,5,0, | 2,5,1, | 
(14574)	1,5,1, | 2,5,0, | 
(14431)	1,5,0, | 4,5,1, | 
(13027)	1,4,0, | 1,5,1, | 
(10507)	1,2,0, | 3,5,1, | 
(10437)	1,2,0, | 1,5,3, | 
(45828)	5,5,2, | 1,0,0, | 
(45828)	5,5,2, | 1,0,0, | 
(45828)	5,5,2, | 1,0,0, | 
(45828)	5,5,2, | 1,0,0, | 
(45828)	5,5,2, | 1,0,0, | 
(45828)	5,5,2, | 1,0,0, | 
(45828)	5,5,2, | 1,0,0, | 
(45828)	5,5,2, | 1,0,0, | 
(45828)	5,5,2, | 1,0,0, | 
(45828)	5,5,2, | 1,0,0, | 
(45828)	5,5,2, | 1,0,0, | 
(45828)	5,5,2, | 1,0,0, | 
(44532)	5,4,2, | 1,0,0, | 
(7982)	1,0,0, | 5,4,2, | 
(7988)	1,0,0, | 5,5,2, | 
(7988)	1,0,0, | 5,5,2, | 
(7988)	1,0,0, | 5,5,2, | 
(7988)	1,0,0, | 5,5,2, | 
(7988)	1,0,0, | 5,5,2, | 
(7988)	1,0,0, | 5,5,2, | 
(7981)	1,0,0, | 5,4,1, | 
(7987)	1,0,0, | 5,5,1, | 
(7987)	1,0,0, | 5,5,1, | 
(7987)	1,0,0, | 5,5,1, | 
(7987)	1,0,0, | 5,5,1, | 
(7987)	1,0,0, | 5,5,1, | 
(44118)	5,4,0, | 1,3,0, | 
(29976)	3,5,0, | 4,4,0, | 
(14424)	1,5,0, | 4,4,0, | 
(28716)	3,4,0, | 5,4,0, | 
(14640)	1,5,1, | 4,4,0, | 
(14322)	1,5,0, | 1,5,0, | 
(13164)	1,4,0, | 5,4,0, | 
(14431)	1,5,0, | 4,5,1, | 
(29982)	3,5,0, | 4,5,0, | 
(11868)	1,3,0, | 5,4,0, | 
(45612)	5,5,1, | 1,0,0, | 
(45612)	5,5,1, | 1,0,0, | 
(45612)	5,5,1, | 1,0,0, | 
(45612)	5,5,1, | 1,0,0, | 
(45612)	5,5,1, | 1,0,0, | 
(44316)	5,4,1, | 1,0,0, | 
(45828)	5,5,2, | 1,0,0, | 
(45828)	5,5,2, | 1,0,0, | 
(45828)	5,5,2, | 1,0,0, | 
(45828)	5,5,2, | 1,0,0, | 
(45828)	5,5,2, | 1,0,0, | 
(45828)	5,5,2, | 1,0,0, | 
(38949)	5,0,0, | 1,5,3, | 
(7989)	1,0,0, | 5,5,3, | 
(7988)	1,0,0, | 5,5,2, | 
(7988)	1,0,0, | 5,5,2, | 
(7988)	1,0,0, | 5,5,2, | 
(7988)	1,0,0, | 5,5,2, | 
(7988)	1,0,0, | 5,5,2, | 
(7988)	1,0,0, | 5,5,2, | 
(7987)	1,0,0, | 5,5,1, | 
(7987)	1,0,0, | 5,5,1, | 
(7987)	1,0,0, | 5,5,1, | 
(7987)	1,0,0, | 5,5,1, | 
(7987)	1,0,0, | 5,5,1, | 
(7987)	1,0,0, | 5,5,1, | 
(44118)	5,4,0, | 1,3,0, | 
(29976)	3,5,0, | 4,4,0, | 
(14323)	1,5,0, | 1,5,1, | 
(28686)	3,4,0, | 4,5,0, | 
(14466)	1,5,0, | 5,5,0, | 
(20947)	2,4,0, | 5,5,1, | 
(13134)	1,4,0, | 4,5,0, | 
(14466)	1,5,0, | 5,5,0, | 
(13099)	1,4,0, | 3,5,1, | 
(13171)	1,4,0, | 5,5,1, | 
(45612)	5,5,1, | 1,0,0, | 
(45612)	5,5,1, | 1,0,0, | 
(45612)	5,5,1, | 1,0,0, | 
(45612)	5,5,1, | 1,0,0, | 
(45612)	5,5,1, | 1,0,0, | 
(45612)	5,5,1, | 1,0,0, | 
(45612)	5,5,1, | 1,0,0, | 
(45612)	5,5,1, | 1,0,0, | 
(45828)	5,5,2, | 1,0,0, | 
(45828)	5,5,2, | 1,0,0, | 
(45828)	5,5,2, | 1,0,0, | 
(38949)	5,0,0, | 1,5,3, | 
(38949)	5,0,0, | 1,5,3, | 
(7989)	1,0,0, | 5,5,3, | 
(7988)	1,0,0, | 5,5,2, | 
(7988)	1,0,0, | 5,5,2, | 
(7988)	1,0,0, | 5,5,2, | 
(7988)	1,0,0, | 5,5,2, | 
(7988)	1,0,0, | 5,5,2, | 
(7988)	1,0,0, | 5,5,2, | 
(7987)	1,0,0, | 5,5,1, | 
(7987)	1,0,0, | 5,5,1, | 
(7987)	1,0,0, | 5,5,1, | 
(7987)	1,0,0, | 5,5,1, | 
(7987)	1,0,0, | 5,5,1, | 
(7987)	1,0,0, | 5,5,1, | 
(44118)	5,4,0, | 1,3,0, | 
(14467)	1,5,0, | 5,5,1, | 
(14310)	1,5,0, | 1,3,0, | 
(37650)	4,5,0, | 1,5,0, | 
(30019)	3,5,0, | 5,5,1, | 
(14394)	1,5,0, | 3,5,0, | 
(44275)	5,4,0, | 5,5,1, | 
(13098)	1,4,0, | 3,5,0, | 
(28650)	3,4,0, | 3,5,0, | 
(13026)	1,4,0, | 1,5,0, | 
(45612)	5,5,1, | 1,0,0, | 
(45612)	5,5,1, | 1,0,0, | 
(45612)	5,5,1, | 1,0,0, | 
(45612)	5,5,1, | 1,0,0, | 
(45612)	5,5,1, | 1,0,0, | 
(45612)	5,5,1, | 1,0,0, | 
(45612)	5,5,1, | 1,0,0, | 
(45612)	5,5,1, | 1,0,0, | 
(45828)	5,5,2, | 1,0,0, | 
(45828)	5,5,2, | 1,0,0, | 
(38949)	5,0,0, | 1,5,3, | 
(38949)	5,0,0, | 1,5,3, | 
(38949)	5,0,0, | 1,5,3, | 
(7989)	1,0,0, | 5,5,3, | 
(7988)	1,0,0, | 5,5,2, | 
(7988)	1,0,0, | 5,5,2, | 
(7988)	1,0,0, | 5,5,2, | 
(7988)	1,0,0, | 5,5,2, | 
(7988)	1,0,0, | 5,5,2, | 
(7988)	1,0,0, | 5,5,2, | 
(7987)	1,0,0, | 5,5,1, | 
(7987)	1,0,0, | 5,5,1, | 
(7987)	1,0,0, | 5,5,1, | 
(7987)	1,0,0, | 5,5,1, | 
(7987)	1,0,0, | 5,5,1, | 
(7987)	1,0,0, | 5,5,1, | 
(44118)	5,4,0, | 1,3,0, | 
(30012)	3,5,0, | 5,4,0, | 
(14430)	1,5,0, | 4,5,0, | 
(28722)	3,4,0, | 5,5,0, | 
(14430)	1,5,0, | 4,5,0, | 
(13170)	1,4,0, | 5,5,0, | 
(13170)	1,4,0, | 5,5,0, | 
(14467)	1,5,0, | 5,5,1, | 
(13170)	1,4,0, | 5,5,0, | 
(13098)	1,4,0, | 3,5,0, | 
(44100)	5,4,0, | 1,0,0, | 
(45612)	5,5,1, | 1,0,0, | 
(45612)	5,5,1, | 1,0,0, | 
(45612)	5,5,1, | 1,0,0, | 
(45612)	5,5,1, | 1,0,0, | 
(45612)	5,5,1, | 1,0,0, | 
(45612)	5,5,1, | 1,0,0, | 
(45612)	5,5,1, | 1,0,0, | 
(45828)	5,5,2, | 1,0,0, | 
(45828)	5,5,2, | 1,0,0, | 
(45828)	5,5,2, | 1,0,0, | 
(38949)	5,0,0, | 1,5,3, | 
(38949)	5,0,0, | 1,5,3, | 
(7953)	1,0,0, | 4,5,3, | 
(7952)	1,0,0, | 4,5,2, | 
(7952)	1,0,0, | 4,5,2, | 
(7952)	1,0,0, | 4,5,2, | 
(7952)	1,0,0, | 4,5,2, | 
(7951)	1,0,0, | 4,5,1, | 
(7951)	1,0,0, | 4,5,1, | 
(7951)	1,0,0, | 4,5,1, | 
(7951)	1,0,0, | 4,5,1, | 
(7951)	1,0,0, | 4,5,1, | 
(7951)	1,0,0, | 4,5,1, | 
(7951)	1,0,0, | 4,5,1, | 
(7951)	1,0,0, | 4,5,1, | 
(45636)	5,5,1, | 1,4,0, | 
(13020)	1,4,0, | 1,4,0, | 
(13020)	1,4,0, | 1,4,0, | 
(13099)	1,4,0, | 3,5,1, | 
(13020)	1,4,0, | 1,4,0, | 
(13128)	1,4,0, | 4,4,0, | 
(13020)	1,4,0, | 1,4,0, | 
(13020)	1,4,0, | 1,4,0, | 
(13026)	1,4,0, | 1,5,0, | 
(12996)	1,4,0, | 1,0,0, | 
(44130)	5,4,0, | 1,5,0, | 
(44130)	5,4,0, | 1,5,0, | 
(44130)	5,4,0, | 1,5,0, | 
(44130)	5,4,0, | 1,5,0, | 
(45612)	5,5,1, | 1,0,0, | 
(45612)	5,5,1, | 1,0,0, | 
(45612)	5,5,1, | 1,0,0, | 
(45828)	5,5,2, | 1,0,0, | 
(45828)	5,5,2, | 1,0,0, | 
(45828)	5,5,2, | 1,0,0, | 
(45828)	5,5,2, | 1,0,0, | 
(45828)	5,5,2, | 1,0,0, | 
(46044)	5,5,3, | 1,0,0, | 
(15084)	1,5,3, | 5,0,0, | 
(15084)	1,5,3, | 5,0,0, | 
(15084)	1,5,3, | 5,0,0, | 
(15084)	1,5,3, | 5,0,0, | 
(15084)	1,5,3, | 5,0,0, | 
(15084)	1,5,3, | 5,0,0, | 
(14874)	1,5,2, | 5,1,0, | 
(14880)	1,5,2, | 5,2,0, | 
(14880)	1,5,2, | 5,2,0, | 
(7987)	1,0,0, | 5,5,1, | 
(7987)	1,0,0, | 5,5,1, | 
(7987)	1,0,0, | 5,5,1, | 
(7987)	1,0,0, | 5,5,1, | 
(45636)	5,5,1, | 1,4,0, | 
(36600)	4,4,1, | 2,4,0, | 
(44160)	5,4,0, | 2,4,0, | 
(14604)	1,5,1, | 3,4,0, | 
(22675)	2,5,2, | 5,5,1, | 
(14574)	1,5,1, | 2,5,0, | 
(45967)	5,5,2, | 4,5,1, | 
(13063)	1,4,0, | 2,5,1, | 
(18283)	2,2,0, | 3,5,1, | 
(10437)	1,2,0, | 1,5,3, | 
(45828)	5,5,2, | 1,0,0, | 
(45828)	5,5,2, | 1,0,0, | 
(45828)	5,5,2, | 1,0,0, | 
(45828)	5,5,2, | 1,0,0, | 
(45828)	5,5,2, | 1,0,0, | 
(45828)	5,5,2, | 1,0,0, | 
(45828)	5,5,2, | 1,0,0, | 
(45828)	5,5,2, | 1,0,0, | 
(45828)	5,5,2, | 1,0,0, | 
(45828)	5,5,2, | 1,0,0, | 
(45828)	5,5,2, | 1,0,0, | 
(45828)	5,5,2, | 1,0,0, | 
(46044)	5,5,3, | 1,0,0, | 
(15084)	1,5,3, | 5,0,0, | 
(7988)	1,0,0, | 5,5,2, | 
(7988)	1,0,0, | 5,5,2, | 
(7988)	1,0,0, | 5,5,2, | 
(7988)	1,0,0, | 5,5,2, | 
(7987)	1,0,0, | 5,5,1, | 
(7987)	1,0,0, | 5,5,1, | 
(7987)	1,0,0, | 5,5,1, | 
(7987)	1,0,0, | 5,5,1, | 
(7987)	1,0,0, | 5,5,1, | 
(7987)	1,0,0, | 5,5,1, | 
(7987)	1,0,0, | 5,5,1, | 
(7987)	1,0,0, | 5,5,1, | 
(45636)	5,5,1, | 1,4,0, | 
(45498)	5,5,0, | 3,5,0, | 
(45498)	5,5,0, | 3,5,0, | 
(14610)	1,5,1, | 3,5,0, | 
(22243)	2,5,0, | 5,5,1, | 
(37788)	4,5,0, | 5,4,0, | 
(11730)	1,3,0, | 1,5,0, | 
(11802)	1,3,0, | 3,5,0, | 
(14574)	1,5,1, | 2,5,0, | 
(11868)	1,3,0, | 5,4,0, | 
(45612)	5,5,1, | 1,0,0, | 
(45612)	5,5,1, | 1,0,0, | 
(45612)	5,5,1, | 1,0,0, | 
(45612)	5,5,1, | 1,0,0, | 
(45612)	5,5,1, | 1,0,0, | 
(45612)	5,5,1, | 1,0,0, | 
(45828)	5,5,2, | 1,0,0, | 
(45828)	5,5,2, | 1,0,0, | 
(45828)	5,5,2, | 1,0,0, | 
(45828)	5,5,2, | 1,0,0, | 
(45828)	5,5,2, | 1,0,0, | 
(45828)	5,5,2, | 1,0,0, | 
(46044)	5,5,3, | 1,0,0, | 
(7989)	1,0,0, | 5,5,3, | 
(7988)	1,0,0, | 5,5,2, | 
(7988)	1,0,0, | 5,5,2, | 
(7988)	1,0,0, | 5,5,2, | 
(7988)	1,0,0, | 5,5,2, | 
(7987)	1,0,0, | 5,5,1, | 
(7987)	1,0,0, | 5,5,1, | 
(7987)	1,0,0, | 5,5,1, | 
(7987)	1,0,0, | 5,5,1, | 
(7987)	1,0,0, | 5,5,1, | 
(7987)	1,0,0, | 5,5,1, | 
(7987)	1,0,0, | 5,5,1, | 
(7987)	1,0,0, | 5,5,1, | 
(45636)	5,5,1, | 1,4,0, | 
(37788)	4,5,0, | 5,4,0, | 
(45426)	5,5,0, | 1,5,0, | 
(45571)	5,5,0, | 5,5,1, | 
(14430)	1,5,0, | 4,5,0, | 
(28723)	3,4,0, | 5,5,1, | 
(14466)	1,5,0, | 5,5,0, | 
(14323)	1,5,0, | 1,5,1, | 
(29947)	3,5,0, | 3,5,1, | 
(13171)	1,4,0, | 5,5,1, | 
(45612)	5,5,1, | 1,0,0, | 
(45612)	5,5,1, | 1,0,0, | 
(45612)	5,5,1, | 1,0,0, | 
(45612)	5,5,1, | 1,0,0, | 
(45612)	5,5,1, | 1,0,0, | 
(45612)	5,5,1, | 1,0,0, | 
(45612)	5,5,1, | 1,0,0, | 
(45612)	5,5,1, | 1,0,0, | 
(45828)	5,5,2, | 1,0,0, | 
(45828)	5,5,2, | 1,0,0, | 
(45828)	5,5,2, | 1,0,0, | 
(45828)	5,5,2, | 1,0,0, | 
(46044)	5,5,3, | 1,0,0, | 
(7989)	1,0,0, | 5,5,3, | 
(7988)	1,0,0, | 5,5,2, | 
(7988)	1,0,0, | 5,5,2, | 
(7988)	1,0,0, | 5,5,2, | 
(7988)	1,0,0, | 5,5,2, | 
(7987)	1,0,0, | 5,5,1, | 
(7987)	1,0,0, | 5,5,1, | 
(7987)	1,0,0, | 5,5,1, | 
(7987)	1,0,0, | 5,5,1, | 
(7987)	1,0,0, | 5,5,1, | 
(7987)	1,0,0, | 5,5,1, | 
(7987)	1,0,0, | 5,5,1, | 
(7987)	1,0,0, | 5,5,1, | 
(45636)	5,5,1, | 1,4,0, | 
(37788)	4,5,0, | 5,4,0, | 
(45534)	5,5,0, | 4,5,0, | 
(37759)	4,5,0, | 4,5,1, | 
(22243)	2,5,0, | 5,5,1, | 
(22242)	2,5,0, | 5,5,0, | 
(22206)	2,5,0, | 4,5,0, | 
(13098)	1,4,0, | 3,5,0, | 
(13062)	1,4,0, | 2,5,0, | 
(13026)	1,4,0, | 1,5,0, | 
(45612)	5,5,1, | 1,0,0, | 
(45612)	5,5,1, | 1,0,0, | 
(45612)	5,5,1, | 1,0,0, | 
(45612)	5,5,1, | 1,0,0, | 
(45612)	5,5,1, | 1,0,0, | 
(45612)	5,5,1, | 1,0,0, | 
(45612)	5,5,1, | 1,0,0, | 
(45612)	5,5,1, | 1,0,0, | 
(45828)	5,5,2, | 1,0,0, | 
(45828)	5,5,2, | 1,0,0, | 
(45828)	5,5,2, | 1,0,0, | 
(45828)	5,5,2, | 1,0,0, | 
(38949)	5,0,0, | 1,5,3, | 
(7989)	1,0,0, | 5,5,3, | 
(7988)	1,0,0, | 5,5,2, | 
(7988)	1,0,0, | 5,5,2, | 
(7988)	1,0,0, | 5,5,2, | 
(7988)	1,0,0, | 5,5,2, | 
(7987)	1,0,0, | 5,5,1, | 
(7987)	1,0,0, | 5,5,1, | 
(7987)	1,0,0, | 5,5,1, | 
(7987)	1,0,0, | 5,5,1, | 
(7987)	1,0,0, | 5,5,1, | 
(7987)	1,0,0, | 5,5,1, | 
(7987)	1,0,0, | 5,5,1, | 
(7987)	1,0,0, | 5,5,1, | 
(45636)	5,5,1, | 1,4,0, | 
(37795)	4,5,0, | 5,5,1, | 
(36420)	4,4,0, | 3,4,0, | 
(45571)	5,5,0, | 5,5,1, | 
(29982)	3,5,0, | 4,5,0, | 
(37651)	4,5,0, | 1,5,1, | 
(44274)	5,4,0, | 5,5,0, | 
(20946)	2,4,0, | 5,5,0, | 
(13170)	1,4,0, | 5,5,0, | 
(13098)	1,4,0, | 3,5,0, | 
(44100)	5,4,0, | 1,0,0, | 
(45612)	5,5,1, | 1,0,0, | 
(45612)	5,5,1, | 1,0,0, | 
(45612)	5,5,1, | 1,0,0, | 
(45612)	5,5,1, | 1,0,0, | 
(45612)	5,5,1, | 1,0,0, | 
(45612)	5,5,1, | 1,0,0, | 
(45612)	5,5,1, | 1,0,0, | 
(45828)	5,5,2, | 1,0,0, | 
(45828)	5,5,2, | 1,0,0, | 
(45828)	5,5,2, | 1,0,0, | 
(45828)	5,5,2, | 1,0,0, | 
(38949)	5,0,0, | 1,5,3, | 
(7953)	1,0,0, | 4,5,3, | 
(7952)	1,0,0, | 4,5,2, | 
(7952)	1,0,0, | 4,5,2, | 
(7952)	1,0,0, | 4,5,2, | 
(7952)	1,0,0, | 4,5,2, | 
(7951)	1,0,0, | 4,5,1, | 
(7951)	1,0,0, | 4,5,1, | 
(7951)	1,0,0, | 4,5,1, | 
(7951)	1,0,0, | 4,5,1, | 
(7951)	1,0,0, | 4,5,1, | 
(7951)	1,0,0, | 4,5,1, | 
(7951)	1,0,0, | 4,5,1, | 
(7951)	1,0,0, | 4,5,1, | 
(14316)	1,5,0, | 1,4,0, | 
(13020)	1,4,0, | 1,4,0, | 
(13020)	1,4,0, | 1,4,0, | 
(13128)	1,4,0, | 4,4,0, | 
(13020)	1,4,0, | 1,4,0, | 
(13128)	1,4,0, | 4,4,0, | 
(13020)	1,4,0, | 1,4,0, | 
(13020)	1,4,0, | 1,4,0, | 
(13026)	1,4,0, | 1,5,0, | 
(12996)	1,4,0, | 1,0,0, | 
(44130)	5,4,0, | 1,5,0, | 
(44130)	5,4,0, | 1,5,0, | 
(44130)	5,4,0, | 1,5,0, | 
(44130)	5,4,0, | 1,5,0, | 
(45612)	5,5,1, | 1,0,0, | 
(45612)	5,5,1, | 1,0,0, | 
(45612)	5,5,1, | 1,0,0, | 
(45828)	5,5,2, | 1,0,0, | 
(45828)	5,5,2, | 1,0,0, | 
(45828)	5,5,2, | 1,0,0, | 
(45828)	5,5,2, | 1,0,0, | 
(45828)	5,5,2, | 1,0,0, | 
(46044)	5,5,3, | 1,0,0, | 
(15084)	1,5,3, | 5,0,0, | 
(15084)	1,5,3, | 5,0,0, | 
(15084)	1,5,3, | 5,0,0, | 
(15084)	1,5,3, | 5,0,0, | 
(15084)	1,5,3, | 5,0,0, | 
(15084)	1,5,3, | 5,0,0, | 
(14874)	1,5,2, | 5,1,0, | 
(14880)	1,5,2, | 5,2,0, | 
(14880)	1,5,2, | 5,2,0, | 
(7987)	1,0,0, | 5,5,1, | 
(7987)	1,0,0, | 5,5,1, | 
(7987)	1,0,0, | 5,5,1, | 
(7980)	1,0,0, | 5,4,0, | 
(14316)	1,5,0, | 1,4,0, | 
(45750)	5,5,1, | 4,5,0, | 
(14466)	1,5,0, | 5,5,0, | 
(29868)	3,5,0, | 1,4,0, | 
(14568)	1,5,1, | 2,4,0, | 
(14394)	1,5,0, | 3,5,0, | 
(10428)	1,2,0, | 1,4,0, | 
(11724)	1,3,0, | 1,4,0, | 
(10470)	1,2,0, | 2,5,0, | 
(10437)	1,2,0, | 1,5,3, | 
(45828)	5,5,2, | 1,0,0, | 
(45828)	5,5,2, | 1,0,0, | 
(45828)	5,5,2, | 1,0,0, | 
(45828)	5,5,2, | 1,0,0, | 
(45828)	5,5,2, | 1,0,0, | 
(45828)	5,5,2, | 1,0,0, | 
(45828)	5,5,2, | 1,0,0, | 
(45828)	5,5,2, | 1,0,0, | 
(45828)	5,5,2, | 1,0,0, | 
(45828)	5,5,2, | 1,0,0, | 
(45828)	5,5,2, | 1,0,0, | 
(45828)	5,5,2, | 1,0,0, | 
(46044)	5,5,3, | 1,0,0, | 
(15084)	1,5,3, | 5,0,0, | 
(15084)	1,5,3, | 5,0,0, | 
(7988)	1,0,0, | 5,5,2, | 
(7988)	1,0,0, | 5,5,2, | 
(7988)	1,0,0, | 5,5,2, | 
(7987)	1,0,0, | 5,5,1, | 
(7987)	1,0,0, | 5,5,1, | 
(7987)	1,0,0, | 5,5,1, | 
(7987)	1,0,0, | 5,5,1, | 
(7987)	1,0,0, | 5,5,1, | 
(7987)	1,0,0, | 5,5,1, | 
(7987)	1,0,0, | 5,5,1, | 
(7987)	1,0,0, | 5,5,1, | 
(14316)	1,5,0, | 1,4,0, | 
(30090)	3,5,1, | 1,5,0, | 
(22236)	2,5,0, | 5,4,0, | 
(29940)	3,5,0, | 3,4,0, | 
(28716)	3,4,0, | 5,4,0, | 
(14322)	1,5,0, | 1,5,0, | 
(11802)	1,3,0, | 3,5,0, | 
(11802)	1,3,0, | 3,5,0, | 
(14322)	1,5,0, | 1,5,0, | 
(11868)	1,3,0, | 5,4,0, | 
(45612)	5,5,1, | 1,0,0, | 
(45612)	5,5,1, | 1,0,0, | 
(45612)	5,5,1, | 1,0,0, | 
(45612)	5,5,1, | 1,0,0, | 
(45612)	5,5,1, | 1,0,0, | 
(45612)	5,5,1, | 1,0,0, | 
(45828)	5,5,2, | 1,0,0, | 
(45828)	5,5,2, | 1,0,0, | 
(45828)	5,5,2, | 1,0,0, | 
(45828)	5,5,2, | 1,0,0, | 
(45828)	5,5,2, | 1,0,0, | 
(45828)	5,5,2, | 1,0,0, | 
(46044)	5,5,3, | 1,0,0, | 
(7989)	1,0,0, | 5,5,3, | 
(7988)	1,0,0, | 5,5,2, | 
(7988)	1,0,0, | 5,5,2, | 
(7988)	1,0,0, | 5,5,2, | 
(7988)	1,0,0, | 5,5,2, | 
(7987)	1,0,0, | 5,5,1, | 
(7987)	1,0,0, | 5,5,1, | 
(7987)	1,0,0, | 5,5,1, | 
(7987)	1,0,0, | 5,5,1, | 
(7987)	1,0,0, | 5,5,1, | 
(7987)	1,0,0, | 5,5,1, | 
(7987)	1,0,0, | 5,5,1, | 
(7987)	1,0,0, | 5,5,1, | 
(14316)	1,5,0, | 1,4,0, | 
(30012)	3,5,0, | 5,4,0, | 
(14394)	1,5,0, | 3,5,0, | 
(29976)	3,5,0, | 4,4,0, | 
(45570)	5,5,0, | 5,5,0, | 
(14358)	1,5,0, | 2,5,0, | 
(28686)	3,4,0, | 4,5,0, | 
(13164)	1,4,0, | 5,4,0, | 
(14358)	1,5,0, | 2,5,0, | 
(13171)	1,4,0, | 5,5,1, | 
(45612)	5,5,1, | 1,0,0, | 
(45612)	5,5,1, | 1,0,0, | 
(45612)	5,5,1, | 1,0,0, | 
(45612)	5,5,1, | 1,0,0, | 
(45612)	5,5,1, | 1,0,0, | 
(45612)	5,5,1, | 1,0,0, | 
(45612)	5,5,1, | 1,0,0, | 
(45612)	5,5,1, | 1,0,0, | 
(45828)	5,5,2, | 1,0,0, | 
(45828)	5,5,2, | 1,0,0, | 
(45828)	5,5,2, | 1,0,0, | 
(45828)	5,5,2, | 1,0,0, | 
(46044)	5,5,3, | 1,0,0, | 
(7989)	1,0,0, | 5,5,3, | 
(7988)	1,0,0, | 5,5,2, | 
(7988)	1,0,0, | 5,5,2, | 
(7988)	1,0,0, | 5,5,2, | 
(7988)	1,0,0, | 5,5,2, | 
(7987)	1,0,0, | 5,5,1, | 
(7987)	1,0,0, | 5,5,1, | 
(7987)	1,0,0, | 5,5,1, | 
(7987)	1,0,0, | 5,5,1, | 
(7987)	1,0,0, | 5,5,1, | 
(7987)	1,0,0, | 5,5,1, | 
(7987)	1,0,0, | 5,5,1, | 
(7987)	1,0,0, | 5,5,1, | 
(14316)	1,5,0, | 1,4,0, | 
(30012)	3,5,0, | 5,4,0, | 
(45570)	5,5,0, | 5,5,0, | 
(29868)	3,5,0, | 1,4,0, | 
(45570)	5,5,0, | 5,5,0, | 
(14466)	1,5,0, | 5,5,0, | 
(14430)	1,5,0, | 4,5,0, | 
(13098)	1,4,0, | 3,5,0, | 
(13098)	1,4,0, | 3,5,0, | 
(13026)	1,4,0, | 1,5,0, | 
(45612)	5,5,1, | 1,0,0, | 
(45612)	5,5,1, | 1,0,0, | 
(45612)	5,5,1, | 1,0,0, | 
(45612)	5,5,1, | 1,0,0, | 
(45612)	5,5,1, | 1,0,0, | 
(45612)	5,5,1, | 1,0,0, | 
(45612)	5,5,1, | 1,0,0, | 
(45612)	5,5,1, | 1,0,0, | 
(45828)	5,5,2, | 1,0,0, | 
(45828)	5,5,2, | 1,0,0, | 
(45828)	5,5,2, | 1,0,0, | 
(45828)	5,5,2, | 1,0,0, | 
(46044)	5,5,3, | 1,0,0, | 
(7989)	1,0,0, | 5,5,3, | 
(7988)	1,0,0, | 5,5,2, | 
(7988)	1,0,0, | 5,5,2, | 
(7988)	1,0,0, | 5,5,2, | 
(7988)	1,0,0, | 5,5,2, | 
(7987)	1,0,0, | 5,5,1, | 
(7987)	1,0,0, | 5,5,1, | 
(7987)	1,0,0, | 5,5,1, | 
(7987)	1,0,0, | 5,5,1, | 
(7987)	1,0,0, | 5,5,1, | 
(7987)	1,0,0, | 5,5,1, | 
(7987)	1,0,0, | 5,5,1, | 
(7987)	1,0,0, | 5,5,1, | 
(14316)	1,5,0, | 1,4,0, | 
(30012)	3,5,0, | 5,4,0, | 
(14430)	1,5,0, | 4,5,0, | 
(29868)	3,5,0, | 1,4,0, | 
(45534)	5,5,0, | 4,5,0, | 
(37758)	4,5,0, | 4,5,0, | 
(28722)	3,4,0, | 5,5,0, | 
(20946)	2,4,0, | 5,5,0, | 
(37794)	4,5,0, | 5,5,0, | 
(13098)	1,4,0, | 3,5,0, | 
(44100)	5,4,0, | 1,0,0, | 
(45612)	5,5,1, | 1,0,0, | 
(45612)	5,5,1, | 1,0,0, | 
(45612)	5,5,1, | 1,0,0, | 
(45612)	5,5,1, | 1,0,0, | 
(45612)	5,5,1, | 1,0,0, | 
(45612)	5,5,1, | 1,0,0, | 
(45612)	5,5,1, | 1,0,0, | 
(45828)	5,5,2, | 1,0,0, | 
(45828)	5,5,2, | 1,0,0, | 
(45828)	5,5,2, | 1,0,0, | 
(45828)	5,5,2, | 1,0,0, | 
(38949)	5,0,0, | 1,5,3, | 
(7953)	1,0,0, | 4,5,3, | 
(7952)	1,0,0, | 4,5,2, | 
(7952)	1,0,0, | 4,5,2, | 
(7952)	1,0,0, | 4,5,2, | 
(7952)	1,0,0, | 4,5,2, | 
(7951)	1,0,0, | 4,5,1, | 
(7951)	1,0,0, | 4,5,1, | 
(7951)	1,0,0, | 4,5,1, | 
(7951)	1,0,0, | 4,5,1, | 
(7951)	1,0,0, | 4,5,1, | 
(7951)	1,0,0, | 4,5,1, | 
(7951)	1,0,0, | 4,5,1, | 
(7944)	1,0,0, | 4,4,0, | 
(29868)	3,5,0, | 1,4,0, | 
(13020)	1,4,0, | 1,4,0, | 
(13020)	1,4,0, | 1,4,0, | 
(13128)	1,4,0, | 4,4,0, | 
(13020)	1,4,0, | 1,4,0, | 
(13128)	1,4,0, | 4,4,0, | 
(13020)	1,4,0, | 1,4,0, | 
(13020)	1,4,0, | 1,4,0, | 
(13026)	1,4,0, | 1,5,0, | 
(12996)	1,4,0, | 1,0,0, | 
(44130)	5,4,0, | 1,5,0, | 
(44130)	5,4,0, | 1,5,0, | 
(44130)	5,4,0, | 1,5,0, | 
(44130)	5,4,0, | 1,5,0, | 
(45612)	5,5,1, | 1,0,0, | 
(45612)	5,5,1, | 1,0,0, | 
(45612)	5,5,1, | 1,0,0, | 
(45828)	5,5,2, | 1,0,0, | 
(45828)	5,5,2, | 1,0,0, | 
(45828)	5,5,2, | 1,0,0, | 
(45828)	5,5,2, | 1,0,0, | 
(45828)	5,5,2, | 1,0,0, | 
(46044)	5,5,3, | 1,0,0, | 
(15084)	1,5,3, | 5,0,0, | 
(15084)	1,5,3, | 5,0,0, | 
(15084)	1,5,3, | 5,0,0, | 
(15084)	1,5,3, | 5,0,0, | 
(15084)	1,5,3, | 5,0,0, | 
(15084)	1,5,3, | 5,0,0, | 
(14874)	1,5,2, | 5,1,0, | 
(14880)	1,5,2, | 5,2,0, | 
(14880)	1,5,2, | 5,2,0, | 
(14880)	1,5,2, | 5,2,0, | 
(7987)	1,0,0, | 5,5,1, | 
(7980)	1,0,0, | 5,4,0, | 
(7980)	1,0,0, | 5,4,0, | 
(29868)	3,5,0, | 1,4,0, | 
(45456)	5,5,0, | 2,4,0, | 
(45456)	5,5,0, | 2,4,0, | 
(20868)	2,4,0, | 3,4,0, | 
(13056)	1,4,0, | 2,4,0, | 
(14574)	1,5,1, | 2,5,0, | 
(37650)	4,5,0, | 1,5,0, | 
(13020)	1,4,0, | 1,4,0, | 
(10470)	1,2,0, | 2,5,0, | 
(10437)	1,2,0, | 1,5,3, | 
(45828)	5,5,2, | 1,0,0, | 
(45828)	5,5,2, | 1,0,0, | 
(45828)	5,5,2, | 1,0,0, | 
(45828)	5,5,2, | 1,0,0, | 
(45828)	5,5,2, | 1,0,0, | 
(45828)	5,5,2, | 1,0,0, | 
(45828)	5,5,2, | 1,0,0, | 
(45828)	5,5,2, | 1,0,0, | 
(45828)	5,5,2, | 1,0,0, | 
(45828)	5,5,2, | 1,0,0, | 
(45828)	5,5,2, | 1,0,0, | 
(45828)	5,5,2, | 1,0,0, | 
(46044)	5,5,3, | 1,0,0, | 
(15084)	1,5,3, | 5,0,0, | 
(15084)	1,5,3, | 5,0,0, | 
(15084)	1,5,3, | 5,0,0, | 
(7988)	1,0,0, | 5,5,2, | 
(7988)	1,0,0, | 5,5,2, | 
(7987)	1,0,0, | 5,5,1, | 
(7987)	1,0,0, | 5,5,1, | 
(7987)	1,0,0, | 5,5,1, | 
(7987)	1,0,0, | 5,5,1, | 
(7987)	1,0,0, | 5,5,1, | 
(7987)	1,0,0, | 5,5,1, | 
(7987)	1,0,0, | 5,5,1, | 
(7980)	1,0,0, | 5,4,0, | 
(29868)	3,5,0, | 1,4,0, | 
(36492)	4,4,0, | 5,4,0, | 
(45534)	5,5,0, | 4,5,0, | 
(45492)	5,5,0, | 3,4,0, | 
(22416)	2,5,1, | 4,4,0, | 
(37650)	4,5,0, | 1,5,0, | 
(13164)	1,4,0, | 5,4,0, | 
(13170)	1,4,0, | 5,5,0, | 
(37650)	4,5,0, | 1,5,0, | 
(11868)	1,3,0, | 5,4,0, | 
(45612)	5,5,1, | 1,0,0, | 
(45612)	5,5,1, | 1,0,0, | 
(45612)	5,5,1, | 1,0,0, | 
(45612)	5,5,1, | 1,0,0, | 
(45612)	5,5,1, | 1,0,0, | 
(45612)	5,5,1, | 1,0,0, | 
(45828)	5,5,2, | 1,0,0, | 
(45828)	5,5,2, | 1,0,0, | 
(45828)	5,5,2, | 1,0,0, | 
(45828)	5,5,2, | 1,0,0, | 
(45828)	5,5,2, | 1,0,0, | 
(45828)	5,5,2, | 1,0,0, | 
(46044)	5,5,3, | 1,0,0, | 
(15084)	1,5,3, | 5,0,0, | 
(7988)	1,0,0, | 5,5,2, | 
(7988)	1,0,0, | 5,5,2, | 
(7988)	1,0,0, | 5,5,2, | 
(7988)	1,0,0, | 5,5,2, | 
(7987)	1,0,0, | 5,5,1, | 
(7987)	1,0,0, | 5,5,1, | 
(7987)	1,0,0, | 5,5,1, | 
(7987)	1,0,0, | 5,5,1, | 
(7987)	1,0,0, | 5,5,1, | 
(7987)	1,0,0, | 5,5,1, | 
(7987)	1,0,0, | 5,5,1, | 
(7980)	1,0,0, | 5,4,0, | 
(29868)	3,5,0, | 1,4,0, | 
(30012)	3,5,0, | 5,4,0, | 
(45570)	5,5,0, | 5,5,0, | 
(45564)	5,5,0, | 5,4,0, | 
(14466)	1,5,0, | 5,5,0, | 
(14610)	1,5,1, | 3,5,0, | 
(36462)	4,4,0, | 4,5,0, | 
(20940)	2,4,0, | 5,4,0, | 
(45708)	5,5,1, | 3,4,0, | 
(13171)	1,4,0, | 5,5,1, | 
(45612)	5,5,1, | 1,0,0, | 
(45612)	5,5,1, | 1,0,0, | 
(45612)	5,5,1, | 1,0,0, | 
(45612)	5,5,1, | 1,0,0, | 
(45612)	5,5,1, | 1,0,0, | 
(45612)	5,5,1, | 1,0,0, | 
(45612)	5,5,1, | 1,0,0, | 
(45612)	5,5,1, | 1,0,0, | 
(45828)	5,5,2, | 1,0,0, | 
(45828)	5,5,2, | 1,0,0, | 
(45828)	5,5,2, | 1,0,0, | 
(45828)	5,5,2, | 1,0,0, | 
(46044)	5,5,3, | 1,0,0, | 
(7989)	1,0,0, | 5,5,3, | 
(7988)	1,0,0, | 5,5,2, | 
(7988)	1,0,0, | 5,5,2, | 
(7988)	1,0,0, | 5,5,2, | 
(7988)	1,0,0, | 5,5,2, | 
(7987)	1,0,0, | 5,5,1, | 
(7987)	1,0,0, | 5,5,1, | 
(7987)	1,0,0, | 5,5,1, | 
(7987)	1,0,0, | 5,5,1, | 
(7987)	1,0,0, | 5,5,1, | 
(7987)	1,0,0, | 5,5,1, | 
(7987)	1,0,0, | 5,5,1, | 
(7980)	1,0,0, | 5,4,0, | 
(29868)	3,5,0, | 1,4,0, | 
(45420)	5,5,0, | 1,4,0, | 
(45570)	5,5,0, | 5,5,0, | 
(45420)	5,5,0, | 1,4,0, | 
(20838)	2,4,0, | 2,5,0, | 
(45534)	5,5,0, | 4,5,0, | 
(36498)	4,4,0, | 5,5,0, | 
(22098)	2,5,0, | 1,5,0, | 
(13098)	1,4,0, | 3,5,0, | 
(13026)	1,4,0, | 1,5,0, | 
(45612)	5,5,1, | 1,0,0, | 
(45612)	5,5,1, | 1,0,0, | 
(45612)	5,5,1, | 1,0,0, | 
(45612)	5,5,1, | 1,0,0, | 
(45612)	5,5,1, | 1,0,0, | 
(45612)	5,5,1, | 1,0,0, | 
(45612)	5,5,1, | 1,0,0, | 
(45612)	5,5,1, | 1,0,0, | 
(45828)	5,5,2, | 1,0,0, | 
(45828)	5,5,2, | 1,0,0, | 
(45828)	5,5,2, | 1,0,0, | 
(45828)	5,5,2, | 1,0,0, | 
(46044)	5,5,3, | 1,0,0, | 
(7989)	1,0,0, | 5,5,3, | 
(7988)	1,0,0, | 5,5,2, | 
(7988)	1,0,0, | 5,5,2, | 
(7988)	1,0,0, | 5,5,2, | 
(7988)	1,0,0, | 5,5,2, | 
(7987)	1,0,0, | 5,5,1, | 
(7987)	1,0,0, | 5,5,1, | 
(7987)	1,0,0, | 5,5,1, | 
(7987)	1,0,0, | 5,5,1, | 
(7987)	1,0,0, | 5,5,1, | 
(7987)	1,0,0, | 5,5,1, | 
(7987)	1,0,0, | 5,5,1, | 
(7980)	1,0,0, | 5,4,0, | 
(29868)	3,5,0, | 1,4,0, | 
(45492)	5,5,0, | 3,4,0, | 
(37758)	4,5,0, | 4,5,0, | 
(45420)	5,5,0, | 1,4,0, | 
(14466)	1,5,0, | 5,5,0, | 
(28722)	3,4,0, | 5,5,0, | 
(36498)	4,4,0, | 5,5,0, | 
(37680)	4,5,0, | 2,4,0, | 
(30018)	3,5,0, | 5,5,0, | 
(13098)	1,4,0, | 3,5,0, | 
(44100)	5,4,0, | 1,0,0, | 
(45612)	5,5,1, | 1,0,0, | 
(45612)	5,5,1, | 1,0,0, | 
(45612)	5,5,1, | 1,0,0, | 
(45612)	5,5,1, | 1,0,0, | 
(45612)	5,5,1, | 1,0,0, | 
(45612)	5,5,1, | 1,0,0, | 
(45612)	5,5,1, | 1,0,0, | 
