(36)	0,0,0, | 1,0,0, | 
(1)	0,0,0, | 0,0,1, | 
(0)	0,0,0, | 0,0,0, | 
(0)	0,0,0, | 0,0,0, | 
(0)	0,0,0, | 0,0,0, | 
(0)	0,0,0, | 0,0,0, | 
(0)	0,0,0, | 0,0,0, | 
(0)	0,0,0, | 0,0,0, | 
(0)	0,0,0, | 0,0,0, | 
(0)	0,0,0, | 0,0,0, | 
(15552)	2,0,0, | 0,0,0, | 
(0)	0,0,0, | 0,0,0, | 
(0)	0,0,0, | 0,0,0, | 
(0)	0,0,0, | 0,0,0, | 
(38880)	5,0,0, | 0,0,0, | 
(0)	0,0,0, | 0,0,0, | 
(23328)	3,0,0, | 0,0,0, | 
(15552)	2,0,0, | 0,0,0, | 
(0)	0,0,0, | 0,0,0, | 
(108)	0,0,0, | 3,0,0, | 
(108)	0,0,0, | 3,0,0, | 
(0)	0,0,0, | 0,0,0, | 
(108)	0,0,0, | 3,0,0, | 
(144)	0,0,0, | 4,0,0, | 
(180)	0,0,0, | 5,0,0, | 
(0)	0,0,0, | 0,0,0, | 
(144)	0,0,0, | 4,0,0, | 
(0)	0,0,0, | 0,0,0, | 
(0)	0,0,0, | 0,0,0, | 
(108)	0,0,0, | 3,0,0, | 
(0)	0,0,0, | 0,0,0, | 
(0)	0,0,0, | 0,0,0, | 
(0)	0,0,0, | 0,0,0, | 
(144)	0,0,0, | 4,0,0, | 
(0)	0,0,0, | 0,0,0, | 
(108)	0,0,0, | 3,0,0, | 
(50)	0,0,0, | 1,2,2, | 
(49)	0,0,0, | 1,2,1, | 
(49)	0,0,0, | 1,2,1, | 
(49)	0,0,0, | 1,2,1, | 
(49)	0,0,0, | 1,2,1, | 
(49)	0,0,0, | 1,2,1, | 
(49)	0,0,0, | 1,2,1, | 
(49)	0,0,0, | 1,2,1, | 
(49)	0,0,0, | 1,2,1, | 
(7825)	1,0,0, | 1,2,1, | 
(15601)	2,0,0, | 1,2,1, | 
(31153)	4,0,0, | 1,2,1, | 
(49)	0,0,0, | 1,2,1, | 
(49)	0,0,0, | 1,2,1, | 
(49)	0,0,0, | 1,2,1, | 
(49)	0,0,0, | 1,2,1, | 
(49)	0,0,0, | 1,2,1, | 
(31153)	4,0,0, | 1,2,1, | 
(0)	0,0,0, | 0,0,0, | 
(15558)	2,0,0, | 0,1,0, | 
(23341)	3,0,0, | 0,2,1, | 
(15576)	2,0,0, | 0,4,0, | 
(38914)	5,0,0, | 0,5,4, | 
(23362)	3,0,0, | 0,5,4, | 
(31200)	4,0,0, | 2,4,0, | 
(7801)	1,0,0, | 0,4,1, | 
(7783)	1,0,0, | 0,1,1, | 
(7797)	1,0,0, | 0,3,3, | 
(7795)	1,0,0, | 0,3,1, | 
(7795)	1,0,0, | 0,3,1, | 
(7810)	1,0,0, | 0,5,4, | 
(7801)	1,0,0, | 0,4,1, | 
(7795)	1,0,0, | 0,3,1, | 
(7801)	1,0,0, | 0,4,1, | 
(7794)	1,0,0, | 0,3,0, | 
(20)	0,0,0, | 0,3,2, | 
(63)	0,0,0, | 1,4,3, | 
(62)	0,0,0, | 1,4,2, | 
(62)	0,0,0, | 1,4,2, | 
(62)	0,0,0, | 1,4,2, | 
(62)	0,0,0, | 1,4,2, | 
(62)	0,0,0, | 1,4,2, | 
(62)	0,0,0, | 1,4,2, | 
(62)	0,0,0, | 1,4,2, | 
(62)	0,0,0, | 1,4,2, | 
(7838)	1,0,0, | 1,4,2, | 
(15614)	2,0,0, | 1,4,2, | 
(31166)	4,0,0, | 1,4,2, | 
(62)	0,0,0, | 1,4,2, | 
(62)	0,0,0, | 1,4,2, | 
(62)	0,0,0, | 1,4,2, | 
(62)	0,0,0, | 1,4,2, | 
(62)	0,0,0, | 1,4,2, | 
(31166)	4,0,0, | 1,4,2, | 
(0)	0,0,0, | 0,0,0, | 
(15559)	2,0,0, | 0,1,1, | 
(23385)	3,0,0, | 1,3,3, | 
(15576)	2,0,0, | 0,4,0, | 
(38977)	5,0,0, | 2,4,1, | 
(23334)	3,0,0, | 0,1,0, | 
(31137)	4,0,0, | 0,5,3, | 
(7875)	1,0,0, | 2,4,3, | 
(7782)	1,0,0, | 0,1,0, | 
(7788)	1,0,0, | 0,2,0, | 
(7808)	1,0,0, | 0,5,2, | 
(7782)	1,0,0, | 0,1,0, | 
(7873)	1,0,0, | 2,4,1, | 
(7808)	1,0,0, | 0,5,2, | 
(7782)	1,0,0, | 0,1,0, | 
(7788)	1,0,0, | 0,2,0, | 
(7808)	1,0,0, | 0,5,2, | 
(12)	0,0,0, | 0,2,0, | 
(70)	0,0,0, | 1,5,4, | 
(69)	0,0,0, | 1,5,3, | 
(69)	0,0,0, | 1,5,3, | 
(69)	0,0,0, | 1,5,3, | 
(69)	0,0,0, | 1,5,3, | 
(69)	0,0,0, | 1,5,3, | 
(69)	0,0,0, | 1,5,3, | 
(69)	0,0,0, | 1,5,3, | 
(69)	0,0,0, | 1,5,3, | 
(7845)	1,0,0, | 1,5,3, | 
(15621)	2,0,0, | 1,5,3, | 
(31173)	4,0,0, | 1,5,3, | 
(69)	0,0,0, | 1,5,3, | 
(69)	0,0,0, | 1,5,3, | 
(69)	0,0,0, | 1,5,3, | 
(69)	0,0,0, | 1,5,3, | 
(69)	0,0,0, | 1,5,3, | 
(31173)	4,0,0, | 1,5,3, | 
(0)	0,0,0, | 0,0,0, | 
(15570)	2,0,0, | 0,3,0, | 
(23358)	3,0,0, | 0,5,0, | 
(15559)	2,0,0, | 0,1,1, | 
(38899)	5,0,0, | 0,3,1, | 
(23335)	3,0,0, | 0,1,1, | 
(31297)	4,0,0, | 5,2,1, | 
(7782)	1,0,0, | 0,1,0, | 
(7790)	1,0,0, | 0,2,2, | 
(7782)	1,0,0, | 0,1,0, | 
(7794)	1,0,0, | 0,3,0, | 
(7776)	1,0,0, | 0,0,0, | 
(7794)	1,0,0, | 0,3,0, | 
(7795)	1,0,0, | 0,3,1, | 
(7794)	1,0,0, | 0,3,0, | 
(7795)	1,0,0, | 0,3,1, | 
(7969)	1,0,0, | 5,2,1, | 
(135)	0,0,0, | 3,4,3, | 
(70)	0,0,0, | 1,5,4, | 
(69)	0,0,0, | 1,5,3, | 
(69)	0,0,0, | 1,5,3, | 
(69)	0,0,0, | 1,5,3, | 
(69)	0,0,0, | 1,5,3, | 
(69)	0,0,0, | 1,5,3, | 
(69)	0,0,0, | 1,5,3, | 
(69)	0,0,0, | 1,5,3, | 
(69)	0,0,0, | 1,5,3, | 
(7845)	1,0,0, | 1,5,3, | 
(15621)	2,0,0, | 1,5,3, | 
(31173)	4,0,0, | 1,5,3, | 
(69)	0,0,0, | 1,5,3, | 
(69)	0,0,0, | 1,5,3, | 
(31173)	4,0,0, | 1,5,3, | 
(69)	0,0,0, | 1,5,3, | 
(69)	0,0,0, | 1,5,3, | 
(31173)	4,0,0, | 1,5,3, | 
(0)	0,0,0, | 0,0,0, | 
(15600)	2,0,0, | 1,2,0, | 
(7794)	1,0,0, | 0,3,0, | 
(23353)	3,0,0, | 0,4,1, | 
(31131)	4,0,0, | 0,4,3, | 
(23353)	3,0,0, | 0,4,1, | 
(7920)	1,0,0, | 4,0,0, | 
(7783)	1,0,0, | 0,1,1, | 
(7790)	1,0,0, | 0,2,2, | 
(7806)	1,0,0, | 0,5,0, | 
(7803)	1,0,0, | 0,4,3, | 
(7783)	1,0,0, | 0,1,1, | 
(7898)	1,0,0, | 3,2,2, | 
(7803)	1,0,0, | 0,4,3, | 
(7789)	1,0,0, | 0,2,1, | 
(7803)	1,0,0, | 0,4,3, | 
(7803)	1,0,0, | 0,4,3, | 
(6)	0,0,0, | 0,1,0, | 
(70)	0,0,0, | 1,5,4, | 
(69)	0,0,0, | 1,5,3, | 
(69)	0,0,0, | 1,5,3, | 
(69)	0,0,0, | 1,5,3, | 
(69)	0,0,0, | 1,5,3, | 
(69)	0,0,0, | 1,5,3, | 
(69)	0,0,0, | 1,5,3, | 
(69)	0,0,0, | 1,5,3, | 
(69)	0,0,0, | 1,5,3, | 
(7845)	1,0,0, | 1,5,3, | 
(15621)	2,0,0, | 1,5,3, | 
(31173)	4,0,0, | 1,5,3, | 
(69)	0,0,0, | 1,5,3, | 
(69)	0,0,0, | 1,5,3, | 
(69)	0,0,0, | 1,5,3, | 
(69)	0,0,0, | 1,5,3, | 
(69)	0,0,0, | 1,5,3, | 
(31173)	4,0,0, | 1,5,3, | 
(0)	0,0,0, | 0,0,0, | 
(38887)	5,0,0, | 0,1,1, | 
(23358)	3,0,0, | 0,5,0, | 
(15583)	2,0,0, | 0,5,1, | 
(38880)	5,0,0, | 0,0,0, | 
(7788)	1,0,0, | 0,2,0, | 
(31110)	4,0,0, | 0,1,0, | 
(7788)	1,0,0, | 0,2,0, | 
(7776)	1,0,0, | 0,0,0, | 
(7776)	1,0,0, | 0,0,0, | 
(7776)	1,0,0, | 0,0,0, | 
(7776)	1,0,0, | 0,0,0, | 
(7776)	1,0,0, | 0,0,0, | 
(7874)	1,0,0, | 2,4,2, | 
(7874)	1,0,0, | 2,4,2, | 
(7776)	1,0,0, | 0,0,0, | 
(7866)	1,0,0, | 2,3,0, | 
(6)	0,0,0, | 0,1,0, | 
(10585)	1,2,1, | 0,0,1, | 
(10585)	1,2,1, | 0,0,1, | 
(10584)	1,2,1, | 0,0,0, | 
(10584)	1,2,1, | 0,0,0, | 
(10584)	1,2,1, | 0,0,0, | 
(10584)	1,2,1, | 0,0,0, | 
(10584)	1,2,1, | 0,0,0, | 
(10585)	1,2,1, | 0,0,1, | 
(10585)	1,2,1, | 0,0,1, | 
(0)	0,0,0, | 0,0,0, | 
(0)	0,0,0, | 0,0,0, | 
(4140)	0,3,1, | 1,0,0, | 
(5436)	0,4,1, | 1,0,0, | 
(7380)	0,5,4, | 1,0,0, | 
(5436)	0,4,1, | 1,0,0, | 
(5436)	0,4,1, | 1,0,0, | 
(4140)	0,3,1, | 1,0,0, | 
(20772)	2,4,0, | 1,0,0, | 
(4572)	0,3,3, | 1,0,0, | 
(4212)	0,3,1, | 3,0,0, | 
(5580)	0,4,1, | 5,0,0, | 
(5508)	0,4,1, | 3,0,0, | 
(5472)	0,4,1, | 2,0,0, | 
(3996)	0,3,0, | 3,0,0, | 
(5508)	0,4,1, | 3,0,0, | 
(4644)	0,3,3, | 3,0,0, | 
(144)	0,0,0, | 4,0,0, | 
(0)	0,0,0, | 0,0,0, | 
(10764)	1,2,1, | 5,0,0, | 
(10584)	1,2,1, | 0,0,0, | 
(10584)	1,2,1, | 0,0,0, | 
(10764)	1,2,1, | 5,0,0, | 
(10584)	1,2,1, | 0,0,0, | 
(10728)	1,2,1, | 4,0,0, | 
(10584)	1,2,1, | 0,0,0, | 
(10656)	1,2,1, | 2,0,0, | 
(10584)	1,2,1, | 0,0,0, | 
(10584)	1,2,1, | 0,0,0, | 
(10584)	1,2,1, | 0,0,0, | 
(10584)	1,2,1, | 0,0,0, | 
(10584)	1,2,1, | 0,0,0, | 
(49)	0,0,0, | 1,2,1, | 
(49)	0,0,0, | 1,2,1, | 
(49)	0,0,0, | 1,2,1, | 
(49)	0,0,0, | 1,2,1, | 
(7825)	1,0,0, | 1,2,1, | 
(15601)	2,0,0, | 1,2,1, | 
(3073)	0,2,2, | 1,2,1, | 
(49)	0,0,0, | 1,2,1, | 
(3073)	0,2,2, | 1,2,1, | 
(7393)	0,5,4, | 1,2,1, | 
(49)	0,0,0, | 1,2,1, | 
(3073)	0,2,2, | 1,2,1, | 
(3073)	0,2,2, | 1,2,1, | 
(42)	0,0,0, | 1,1,0, | 
(10446)	1,2,0, | 2,1,0, | 
(9139)	1,1,0, | 1,5,1, | 
(11766)	1,3,0, | 2,5,0, | 
(11718)	1,3,0, | 1,3,0, | 
(11947)	1,3,1, | 1,5,1, | 
(9139)	1,1,0, | 1,5,1, | 
(9126)	1,1,0, | 1,3,0, | 
(13243)	1,4,1, | 1,5,1, | 
(9072)	1,1,0, | 0,0,0, | 
(10604)	1,2,1, | 0,3,2, | 
(10598)	1,2,1, | 0,2,2, | 
(10584)	1,2,1, | 0,0,0, | 
(10584)	1,2,1, | 0,0,0, | 
(10598)	1,2,1, | 0,2,2, | 
(10764)	1,2,1, | 5,0,0, | 
(10584)	1,2,1, | 0,0,0, | 
(10670)	1,2,1, | 2,2,2, | 
(10584)	1,2,1, | 0,0,0, | 
(10584)	1,2,1, | 0,0,0, | 
(10584)	1,2,1, | 0,0,0, | 
(7802)	1,0,0, | 0,4,2, | 
(7802)	1,0,0, | 0,4,2, | 
(62)	0,0,0, | 1,4,2, | 
(62)	0,0,0, | 1,4,2, | 
(62)	0,0,0, | 1,4,2, | 
(62)	0,0,0, | 1,4,2, | 
(7838)	1,0,0, | 1,4,2, | 
(15614)	2,0,0, | 1,4,2, | 
(2870)	0,2,1, | 1,4,2, | 
(62)	0,0,0, | 1,4,2, | 
(2870)	0,2,1, | 1,4,2, | 
(7190)	0,5,3, | 1,4,2, | 
(62)	0,0,0, | 1,4,2, | 
(2870)	0,2,1, | 1,4,2, | 
(2870)	0,2,1, | 1,4,2, | 
(42)	0,0,0, | 1,1,0, | 
(10446)	1,2,0, | 2,1,0, | 
(10471)	1,2,0, | 2,5,1, | 
(11724)	1,3,0, | 1,4,0, | 
(11730)	1,3,0, | 1,5,0, | 
(21092)	2,4,1, | 3,5,2, | 
(13237)	1,4,1, | 1,4,1, | 
(14520)	1,5,1, | 1,2,0, | 
(13266)	1,4,1, | 2,3,0, | 
(13309)	1,4,1, | 3,4,1, | 
(10428)	1,2,0, | 1,4,0, | 
(10386)	1,2,0, | 0,3,0, | 
(11880)	1,3,1, | 0,0,0, | 
(11959)	1,3,1, | 2,1,1, | 
(11880)	1,3,1, | 0,0,0, | 
(10748)	1,2,1, | 4,3,2, | 
(10604)	1,2,1, | 0,3,2, | 
(10604)	1,2,1, | 0,3,2, | 
(10584)	1,2,1, | 0,0,0, | 
(10584)	1,2,1, | 0,0,0, | 
(7809)	1,0,0, | 0,5,3, | 
(7809)	1,0,0, | 0,5,3, | 
(7809)	1,0,0, | 0,5,3, | 
(69)	0,0,0, | 1,5,3, | 
(69)	0,0,0, | 1,5,3, | 
(69)	0,0,0, | 1,5,3, | 
(69)	0,0,0, | 1,5,3, | 
(7845)	1,0,0, | 1,5,3, | 
(15621)	2,0,0, | 1,5,3, | 
(69)	0,0,0, | 1,5,3, | 
(69)	0,0,0, | 1,5,3, | 
(3093)	0,2,2, | 1,5,3, | 
(7413)	0,5,4, | 1,5,3, | 
(69)	0,0,0, | 1,5,3, | 
(3093)	0,2,2, | 1,5,3, | 
(3093)	0,2,2, | 1,5,3, | 
(42)	0,0,0, | 1,1,0, | 
(11724)	1,3,0, | 1,4,0, | 
(11731)	1,3,0, | 1,5,1, | 
(11760)	1,3,0, | 2,4,0, | 
(11731)	1,3,0, | 1,5,1, | 
(11766)	1,3,0, | 2,5,0, | 
(13062)	1,4,0, | 2,5,0, | 
(11731)	1,3,0, | 1,5,1, | 
(13062)	1,4,0, | 2,5,0, | 
(11664)	1,3,0, | 0,0,0, | 
(13203)	1,4,1, | 0,4,3, | 
(13195)	1,4,1, | 0,3,1, | 
(10386)	1,2,0, | 0,3,0, | 
(10392)	1,2,0, | 0,4,0, | 
(10627)	1,2,1, | 1,1,1, | 
(10748)	1,2,1, | 4,3,2, | 
(10764)	1,2,1, | 5,0,0, | 
(10627)	1,2,1, | 1,1,1, | 
(10584)	1,2,1, | 0,0,0, | 
(10584)	1,2,1, | 0,0,0, | 
(7809)	1,0,0, | 0,5,3, | 
(7809)	1,0,0, | 0,5,3, | 
(7809)	1,0,0, | 0,5,3, | 
(69)	0,0,0, | 1,5,3, | 
(69)	0,0,0, | 1,5,3, | 
(69)	0,0,0, | 1,5,3, | 
(69)	0,0,0, | 1,5,3, | 
(7845)	1,0,0, | 1,5,3, | 
(15621)	2,0,0, | 1,5,3, | 
(3093)	0,2,2, | 1,5,3, | 
(69)	0,0,0, | 1,5,3, | 
(3093)	0,2,2, | 1,5,3, | 
(69)	0,0,0, | 1,5,3, | 
(69)	0,0,0, | 1,5,3, | 
(3093)	0,2,2, | 1,5,3, | 
(3093)	0,2,2, | 1,5,3, | 
(42)	0,0,0, | 1,1,0, | 
(11754)	1,3,0, | 2,3,0, | 
(11718)	1,3,0, | 1,3,0, | 
(11724)	1,3,0, | 1,4,0, | 
(11724)	1,3,0, | 1,4,0, | 
(11724)	1,3,0, | 1,4,0, | 
(14550)	1,5,1, | 2,1,0, | 
(11724)	1,3,0, | 1,4,0, | 
(14550)	1,5,1, | 2,1,0, | 
(11664)	1,3,0, | 0,0,0, | 
(11766)	1,3,0, | 2,5,0, | 
(11688)	1,3,0, | 0,4,0, | 
(11694)	1,3,0, | 0,5,0, | 
(10392)	1,2,0, | 0,4,0, | 
(10598)	1,2,1, | 0,2,2, | 
(10620)	1,2,1, | 1,0,0, | 
(10591)	1,2,1, | 0,1,1, | 
(10654)	1,2,1, | 1,5,4, | 
(10584)	1,2,1, | 0,0,0, | 
(10584)	1,2,1, | 0,0,0, | 
(7809)	1,0,0, | 0,5,3, | 
(7809)	1,0,0, | 0,5,3, | 
(7809)	1,0,0, | 0,5,3, | 
(69)	0,0,0, | 1,5,3, | 
(69)	0,0,0, | 1,5,3, | 
(69)	0,0,0, | 1,5,3, | 
(69)	0,0,0, | 1,5,3, | 
(7845)	1,0,0, | 1,5,3, | 
(15621)	2,0,0, | 1,5,3, | 
(3093)	0,2,2, | 1,5,3, | 
(69)	0,0,0, | 1,5,3, | 
(3093)	0,2,2, | 1,5,3, | 
(7413)	0,5,4, | 1,5,3, | 
(69)	0,0,0, | 1,5,3, | 
(3093)	0,2,2, | 1,5,3, | 
(3093)	0,2,2, | 1,5,3, | 
(42)	0,0,0, | 1,1,0, | 
(11718)	1,3,0, | 1,3,0, | 
(11718)	1,3,0, | 1,3,0, | 
(11724)	1,3,0, | 1,4,0, | 
(11730)	1,3,0, | 1,5,0, | 
(11724)	1,3,0, | 1,4,0, | 
(11731)	1,3,0, | 1,5,1, | 
(11724)	1,3,0, | 1,4,0, | 
(11833)	1,3,0, | 4,4,1, | 
(11664)	1,3,0, | 0,0,0, | 
(11694)	1,3,0, | 0,5,0, | 
(11694)	1,3,0, | 0,5,0, | 
(11694)	1,3,0, | 0,5,0, | 
(11694)	1,3,0, | 0,5,0, | 
(10584)	1,2,1, | 0,0,0, | 
(10791)	1,2,1, | 5,4,3, | 
(10748)	1,2,1, | 4,3,2, | 
(10634)	1,2,1, | 1,2,2, | 
(13393)	1,4,2, | 0,0,1, | 
(13393)	1,4,2, | 0,0,1, | 
(13392)	1,4,2, | 0,0,0, | 
(13392)	1,4,2, | 0,0,0, | 
(13392)	1,4,2, | 0,0,0, | 
(13392)	1,4,2, | 0,0,0, | 
(13392)	1,4,2, | 0,0,0, | 
(13393)	1,4,2, | 0,0,1, | 
(13393)	1,4,2, | 0,0,1, | 
(0)	0,0,0, | 0,0,0, | 
(7561)	0,5,5, | 0,0,1, | 
(6948)	0,5,2, | 1,0,0, | 
(6948)	0,5,2, | 1,0,0, | 
(20988)	2,4,1, | 1,0,0, | 
(35676)	4,3,3, | 1,0,0, | 
(1548)	0,1,1, | 1,0,0, | 
(1332)	0,1,0, | 1,0,0, | 
(35676)	4,3,3, | 1,0,0, | 
(2628)	0,2,0, | 1,0,0, | 
(7020)	0,5,2, | 3,0,0, | 
(21564)	2,4,3, | 5,0,0, | 
(1368)	0,1,0, | 2,0,0, | 
(1404)	0,1,0, | 3,0,0, | 
(1440)	0,1,0, | 4,0,0, | 
(21060)	2,4,1, | 3,0,0, | 
(1440)	0,1,0, | 4,0,0, | 
(144)	0,0,0, | 4,0,0, | 
(0)	0,0,0, | 0,0,0, | 
(13572)	1,4,2, | 5,0,0, | 
(13500)	1,4,2, | 3,0,0, | 
(13392)	1,4,2, | 0,0,0, | 
(13392)	1,4,2, | 0,0,0, | 
(13392)	1,4,2, | 0,0,0, | 
(13536)	1,4,2, | 4,0,0, | 
(13392)	1,4,2, | 0,0,0, | 
(13500)	1,4,2, | 3,0,0, | 
(13392)	1,4,2, | 0,0,0, | 
(13392)	1,4,2, | 0,0,0, | 
(13392)	1,4,2, | 0,0,0, | 
(13392)	1,4,2, | 0,0,0, | 
(13392)	1,4,2, | 0,0,0, | 
(5652)	0,4,2, | 1,0,0, | 
(5652)	0,4,2, | 1,0,0, | 
(49)	0,0,0, | 1,2,1, | 
(49)	0,0,0, | 1,2,1, | 
(7825)	1,0,0, | 1,2,1, | 
(15601)	2,0,0, | 1,2,1, | 
(1561)	0,1,1, | 1,2,1, | 
(35473)	4,3,2, | 1,2,1, | 
(55)	0,0,0, | 1,3,1, | 
(55)	0,0,0, | 1,3,1, | 
(55)	0,0,0, | 1,3,1, | 
(3936)	0,3,0, | 1,2,0, | 
(3936)	0,3,0, | 1,2,0, | 
(28789)	3,4,1, | 1,4,1, | 
(9126)	1,1,0, | 1,3,0, | 
(10543)	1,2,0, | 4,5,1, | 
(9120)	1,1,0, | 1,2,0, | 
(9198)	1,1,0, | 3,3,0, | 
(9162)	1,1,0, | 2,3,0, | 
(10471)	1,2,0, | 2,5,1, | 
(14664)	1,5,1, | 5,2,0, | 
(10471)	1,2,0, | 2,5,1, | 
(9072)	1,1,0, | 0,0,0, | 
(13412)	1,4,2, | 0,3,2, | 
(13405)	1,4,2, | 0,2,1, | 
(13392)	1,4,2, | 0,0,0, | 
(13392)	1,4,2, | 0,0,0, | 
(13405)	1,4,2, | 0,2,1, | 
(13392)	1,4,2, | 0,0,0, | 
(13392)	1,4,2, | 0,0,0, | 
(13405)	1,4,2, | 0,2,1, | 
(13392)	1,4,2, | 0,0,0, | 
(13392)	1,4,2, | 0,0,0, | 
(13392)	1,4,2, | 0,0,0, | 
(13392)	1,4,2, | 0,0,0, | 
(13392)	1,4,2, | 0,0,0, | 
(62)	0,0,0, | 1,4,2, | 
(62)	0,0,0, | 1,4,2, | 
(62)	0,0,0, | 1,4,2, | 
(62)	0,0,0, | 1,4,2, | 
(7838)	1,0,0, | 1,4,2, | 
(15614)	2,0,0, | 1,4,2, | 
(62)	0,0,0, | 1,4,2, | 
(5684)	0,4,2, | 1,5,2, | 
(1580)	0,1,1, | 1,5,2, | 
(1580)	0,1,1, | 1,5,2, | 
(1580)	0,1,1, | 1,5,2, | 
(1580)	0,1,1, | 1,5,2, | 
(38077)	4,5,2, | 1,4,1, | 
(28789)	3,4,1, | 1,4,1, | 
(10471)	1,2,0, | 2,5,1, | 
(10471)	1,2,0, | 2,5,1, | 
(11724)	1,3,0, | 1,4,0, | 
(11730)	1,3,0, | 1,5,0, | 
(14322)	1,5,0, | 1,5,0, | 
(13014)	1,4,0, | 1,3,0, | 
(14520)	1,5,1, | 1,2,0, | 
(10435)	1,2,0, | 1,5,1, | 
(13309)	1,4,1, | 3,4,1, | 
(13352)	1,4,1, | 4,5,2, | 
(14695)	1,5,2, | 0,1,1, | 
(14695)	1,5,2, | 0,1,1, | 
(14695)	1,5,2, | 0,1,1, | 
(14695)	1,5,2, | 0,1,1, | 
(14721)	1,5,2, | 0,5,3, | 
(13392)	1,4,2, | 0,0,0, | 
(13412)	1,4,2, | 0,3,2, | 
(13392)	1,4,2, | 0,0,0, | 
(13392)	1,4,2, | 0,0,0, | 
(13392)	1,4,2, | 0,0,0, | 
(13392)	1,4,2, | 0,0,0, | 
(7809)	1,0,0, | 0,5,3, | 
(69)	0,0,0, | 1,5,3, | 
(69)	0,0,0, | 1,5,3, | 
(69)	0,0,0, | 1,5,3, | 
(69)	0,0,0, | 1,5,3, | 
(7845)	1,0,0, | 1,5,3, | 
(15621)	2,0,0, | 1,5,3, | 
(68)	0,0,0, | 1,5,2, | 
(5684)	0,4,2, | 1,5,2, | 
(1580)	0,1,1, | 1,5,2, | 
(1580)	0,1,1, | 1,5,2, | 
(1580)	0,1,1, | 1,5,2, | 
(1580)	0,1,1, | 1,5,2, | 
(1580)	0,1,1, | 1,5,2, | 
(28789)	3,4,1, | 1,4,1, | 
(11724)	1,3,0, | 1,4,0, | 
(13056)	1,4,0, | 2,4,0, | 
(11760)	1,3,0, | 2,4,0, | 
(11754)	1,3,0, | 2,3,0, | 
(11766)	1,3,0, | 2,5,0, | 
(11766)	1,3,0, | 2,5,0, | 
(11731)	1,3,0, | 1,5,1, | 
(13027)	1,4,0, | 1,5,1, | 
(11664)	1,3,0, | 0,0,0, | 
(13202)	1,4,1, | 0,4,2, | 
(13195)	1,4,1, | 0,3,1, | 
(13176)	1,4,1, | 0,0,0, | 
(14750)	1,5,2, | 1,4,2, | 
(14688)	1,5,2, | 0,0,0, | 
(14688)	1,5,2, | 0,0,0, | 
(13399)	1,4,2, | 0,1,1, | 
(13405)	1,4,2, | 0,2,1, | 
(13392)	1,4,2, | 0,0,0, | 
(13392)	1,4,2, | 0,0,0, | 
(13392)	1,4,2, | 0,0,0, | 
(13392)	1,4,2, | 0,0,0, | 
(7809)	1,0,0, | 0,5,3, | 
(69)	0,0,0, | 1,5,3, | 
(69)	0,0,0, | 1,5,3, | 
(69)	0,0,0, | 1,5,3, | 
(69)	0,0,0, | 1,5,3, | 
(7845)	1,0,0, | 1,5,3, | 
(15621)	2,0,0, | 1,5,3, | 
(68)	0,0,0, | 1,5,2, | 
(5684)	0,4,2, | 1,5,2, | 
(1580)	0,1,1, | 1,5,2, | 
(1580)	0,1,1, | 1,5,2, | 
(1580)	0,1,1, | 1,5,2, | 
(1580)	0,1,1, | 1,5,2, | 
(1580)	0,1,1, | 1,5,2, | 
(28789)	3,4,1, | 1,4,1, | 
(11754)	1,3,0, | 2,3,0, | 
(14358)	1,5,0, | 2,5,0, | 
(11724)	1,3,0, | 1,4,0, | 
(11724)	1,3,0, | 1,4,0, | 
(11724)	1,3,0, | 1,4,0, | 
(13014)	1,4,0, | 1,3,0, | 
(22404)	2,5,1, | 4,2,0, | 
(13080)	1,4,0, | 3,2,0, | 
(11664)	1,3,0, | 0,0,0, | 
(11724)	1,3,0, | 1,4,0, | 
(13183)	1,4,1, | 0,1,1, | 
(13189)	1,4,1, | 0,2,1, | 
(14750)	1,5,2, | 1,4,2, | 
(14714)	1,5,2, | 0,4,2, | 
(14750)	1,5,2, | 1,4,2, | 
(13405)	1,4,2, | 0,2,1, | 
(13392)	1,4,2, | 0,0,0, | 
(13392)	1,4,2, | 0,0,0, | 
(13392)	1,4,2, | 0,0,0, | 
(13392)	1,4,2, | 0,0,0, | 
(7809)	1,0,0, | 0,5,3, | 
(7809)	1,0,0, | 0,5,3, | 
(69)	0,0,0, | 1,5,3, | 
(69)	0,0,0, | 1,5,3, | 
(69)	0,0,0, | 1,5,3, | 
(69)	0,0,0, | 1,5,3, | 
(7845)	1,0,0, | 1,5,3, | 
(15621)	2,0,0, | 1,5,3, | 
(68)	0,0,0, | 1,5,2, | 
(5684)	0,4,2, | 1,5,2, | 
(1580)	0,1,1, | 1,5,2, | 
(1580)	0,1,1, | 1,5,2, | 
(1580)	0,1,1, | 1,5,2, | 
(1580)	0,1,1, | 1,5,2, | 
(1580)	0,1,1, | 1,5,2, | 
(28789)	3,4,1, | 1,4,1, | 
(11730)	1,3,0, | 1,5,0, | 
(13092)	1,4,0, | 3,4,0, | 
(11724)	1,3,0, | 1,4,0, | 
(11730)	1,3,0, | 1,5,0, | 
(11724)	1,3,0, | 1,4,0, | 
(11731)	1,3,0, | 1,5,1, | 
(22332)	2,5,1, | 2,2,0, | 
(30163)	3,5,1, | 3,5,1, | 
(11664)	1,3,0, | 0,0,0, | 
(11694)	1,3,0, | 0,5,0, | 
(14641)	1,5,1, | 4,4,1, | 
(13212)	1,4,1, | 1,0,0, | 
(14724)	1,5,2, | 1,0,0, | 
(14737)	1,5,2, | 1,2,1, | 
(14721)	1,5,2, | 0,5,3, | 
(14760)	1,5,2, | 2,0,0, | 
(13441)	1,4,2, | 1,2,1, | 
(14905)	1,5,3, | 0,0,1, | 
(14904)	1,5,3, | 0,0,0, | 
(14904)	1,5,3, | 0,0,0, | 
(14904)	1,5,3, | 0,0,0, | 
(14904)	1,5,3, | 0,0,0, | 
(14904)	1,5,3, | 0,0,0, | 
(14904)	1,5,3, | 0,0,0, | 
(14905)	1,5,3, | 0,0,1, | 
(14904)	1,5,3, | 0,0,0, | 
(0)	0,0,0, | 0,0,0, | 
(15553)	2,0,0, | 0,0,1, | 
(4140)	0,3,1, | 1,0,0, | 
(3060)	0,2,2, | 1,0,0, | 
(1332)	0,1,0, | 1,0,0, | 
(41724)	5,2,1, | 1,0,0, | 
(13212)	1,4,1, | 1,0,0, | 
(36)	0,0,0, | 1,0,0, | 
(3060)	0,2,2, | 1,0,0, | 
(1332)	0,1,0, | 1,0,0, | 
(4212)	0,3,1, | 3,0,0, | 
(1404)	0,1,0, | 3,0,0, | 
(72)	0,0,0, | 2,0,0, | 
(1368)	0,1,0, | 2,0,0, | 
(1656)	0,1,1, | 4,0,0, | 
(6660)	0,5,0, | 5,0,0, | 
(3132)	0,2,2, | 3,0,0, | 
(144)	0,0,0, | 4,0,0, | 
(0)	0,0,0, | 0,0,0, | 
(15012)	1,5,3, | 3,0,0, | 
(15012)	1,5,3, | 3,0,0, | 
(14904)	1,5,3, | 0,0,0, | 
(14904)	1,5,3, | 0,0,0, | 
(14904)	1,5,3, | 0,0,0, | 
(15048)	1,5,3, | 4,0,0, | 
(15048)	1,5,3, | 4,0,0, | 
(15012)	1,5,3, | 3,0,0, | 
(14904)	1,5,3, | 0,0,0, | 
(14904)	1,5,3, | 0,0,0, | 
(14904)	1,5,3, | 0,0,0, | 
(14904)	1,5,3, | 0,0,0, | 
(14904)	1,5,3, | 0,0,0, | 
(7164)	0,5,3, | 1,0,0, | 
(7164)	0,5,3, | 1,0,0, | 
(7164)	0,5,3, | 1,0,0, | 
(49)	0,0,0, | 1,2,1, | 
(7825)	1,0,0, | 1,2,1, | 
(15601)	2,0,0, | 1,2,1, | 
(23377)	3,0,0, | 1,2,1, | 
(9337)	1,1,1, | 1,2,1, | 
(7393)	0,5,4, | 1,2,1, | 
(5232)	0,4,0, | 1,2,0, | 
(5232)	0,4,0, | 1,2,0, | 
(4165)	0,3,1, | 1,4,1, | 
(35269)	4,3,1, | 1,4,1, | 
(54)	0,0,0, | 1,3,0, | 
(10465)	1,2,0, | 2,4,1, | 
(10537)	1,2,0, | 4,4,1, | 
(11725)	1,3,0, | 1,4,1, | 
(19494)	2,3,0, | 1,3,0, | 
(11833)	1,3,0, | 4,4,1, | 
(14310)	1,5,0, | 1,3,0, | 
(9205)	1,1,0, | 3,4,1, | 
(22086)	2,5,0, | 1,3,0, | 
(9072)	1,1,0, | 0,0,0, | 
(14924)	1,5,3, | 0,3,2, | 
(14918)	1,5,3, | 0,2,2, | 
(14904)	1,5,3, | 0,0,0, | 
(14904)	1,5,3, | 0,0,0, | 
(14918)	1,5,3, | 0,2,2, | 
(14904)	1,5,3, | 0,0,0, | 
(14918)	1,5,3, | 0,2,2, | 
(14918)	1,5,3, | 0,2,2, | 
(14904)	1,5,3, | 0,0,0, | 
(14904)	1,5,3, | 0,0,0, | 
(14904)	1,5,3, | 0,0,0, | 
(14904)	1,5,3, | 0,0,0, | 
(14904)	1,5,3, | 0,0,0, | 
(7164)	0,5,3, | 1,0,0, | 
(62)	0,0,0, | 1,4,2, | 
(62)	0,0,0, | 1,4,2, | 
(62)	0,0,0, | 1,4,2, | 
(7838)	1,0,0, | 1,4,2, | 
(15614)	2,0,0, | 1,4,2, | 
(62)	0,0,0, | 1,4,2, | 
(68)	0,0,0, | 1,5,2, | 
(68)	0,0,0, | 1,5,2, | 
(13460)	1,4,2, | 1,5,2, | 
(6973)	0,5,2, | 1,4,1, | 
(4165)	0,3,1, | 1,4,1, | 
(35269)	4,3,1, | 1,4,1, | 
(54)	0,0,0, | 1,3,0, | 
(10465)	1,2,0, | 2,4,1, | 
(11761)	1,3,0, | 2,4,1, | 
(11725)	1,3,0, | 1,4,1, | 
(11797)	1,3,0, | 3,4,1, | 
(10471)	1,2,0, | 2,5,1, | 
(10579)	1,2,0, | 5,5,1, | 
(29983)	3,5,0, | 4,5,1, | 
(14526)	1,5,1, | 1,3,0, | 
(13309)	1,4,1, | 3,4,1, | 
(14695)	1,5,2, | 0,1,1, | 
(14695)	1,5,2, | 0,1,1, | 
(14695)	1,5,2, | 0,1,1, | 
(14688)	1,5,2, | 0,0,0, | 
(14695)	1,5,2, | 0,1,1, | 
(14750)	1,5,2, | 1,4,2, | 
(14695)	1,5,2, | 0,1,1, | 
(14924)	1,5,3, | 0,3,2, | 
(14904)	1,5,3, | 0,0,0, | 
(14904)	1,5,3, | 0,0,0, | 
(14904)	1,5,3, | 0,0,0, | 
(14904)	1,5,3, | 0,0,0, | 
(14904)	1,5,3, | 0,0,0, | 
(69)	0,0,0, | 1,5,3, | 
(69)	0,0,0, | 1,5,3, | 
(69)	0,0,0, | 1,5,3, | 
(69)	0,0,0, | 1,5,3, | 
(7845)	1,0,0, | 1,5,3, | 
(15621)	2,0,0, | 1,5,3, | 
(68)	0,0,0, | 1,5,2, | 
(68)	0,0,0, | 1,5,2, | 
(68)	0,0,0, | 1,5,2, | 
(13460)	1,4,2, | 1,5,2, | 
(6973)	0,5,2, | 1,4,1, | 
(4165)	0,3,1, | 1,4,1, | 
(35269)	4,3,1, | 1,4,1, | 
(54)	0,0,0, | 1,3,0, | 
(11761)	1,3,0, | 2,4,1, | 
(11797)	1,3,0, | 3,4,1, | 
(11761)	1,3,0, | 2,4,1, | 
(11725)	1,3,0, | 1,4,1, | 
(11869)	1,3,0, | 5,4,1, | 
(14346)	1,5,0, | 2,3,0, | 
(11731)	1,3,0, | 1,5,1, | 
(22099)	2,5,0, | 1,5,1, | 
(11664)	1,3,0, | 0,0,0, | 
(13202)	1,4,1, | 0,4,2, | 
(13195)	1,4,1, | 0,3,1, | 
(13176)	1,4,1, | 0,0,0, | 
(14688)	1,5,2, | 0,0,0, | 
(14714)	1,5,2, | 0,4,2, | 
(14688)	1,5,2, | 0,0,0, | 
(14688)	1,5,2, | 0,0,0, | 
(14947)	1,5,3, | 1,1,1, | 
(14904)	1,5,3, | 0,0,0, | 
(14904)	1,5,3, | 0,0,0, | 
(14904)	1,5,3, | 0,0,0, | 
(14904)	1,5,3, | 0,0,0, | 
(14904)	1,5,3, | 0,0,0, | 
(69)	0,0,0, | 1,5,3, | 
(69)	0,0,0, | 1,5,3, | 
(69)	0,0,0, | 1,5,3, | 
(69)	0,0,0, | 1,5,3, | 
(7845)	1,0,0, | 1,5,3, | 
(15621)	2,0,0, | 1,5,3, | 
(68)	0,0,0, | 1,5,2, | 
(68)	0,0,0, | 1,5,2, | 
(68)	0,0,0, | 1,5,2, | 
(68)	0,0,0, | 1,5,2, | 
(13460)	1,4,2, | 1,5,2, | 
(4165)	0,3,1, | 1,4,1, | 
(35269)	4,3,1, | 1,4,1, | 
(54)	0,0,0, | 1,3,0, | 
(11869)	1,3,0, | 5,4,1, | 
(11833)	1,3,0, | 4,4,1, | 
(11725)	1,3,0, | 1,4,1, | 
(11833)	1,3,0, | 4,4,1, | 
(11725)	1,3,0, | 1,4,1, | 
(14310)	1,5,0, | 1,3,0, | 
(11724)	1,3,0, | 1,4,0, | 
(11724)	1,3,0, | 1,4,0, | 
(11664)	1,3,0, | 0,0,0, | 
(14485)	1,5,1, | 0,2,1, | 
(14479)	1,5,1, | 0,1,1, | 
(14688)	1,5,2, | 0,0,0, | 
(14750)	1,5,2, | 1,4,2, | 
(14714)	1,5,2, | 0,4,2, | 
(14750)	1,5,2, | 1,4,2, | 
(14701)	1,5,2, | 0,2,1, | 
(14974)	1,5,3, | 1,5,4, | 
(14904)	1,5,3, | 0,0,0, | 
(14904)	1,5,3, | 0,0,0, | 
(14904)	1,5,3, | 0,0,0, | 
(14904)	1,5,3, | 0,0,0, | 
(7809)	1,0,0, | 0,5,3, | 
(69)	0,0,0, | 1,5,3, | 
(69)	0,0,0, | 1,5,3, | 
(69)	0,0,0, | 1,5,3, | 
(69)	0,0,0, | 1,5,3, | 
(7845)	1,0,0, | 1,5,3, | 
(15621)	2,0,0, | 1,5,3, | 
(68)	0,0,0, | 1,5,2, | 
(68)	0,0,0, | 1,5,2, | 
(68)	0,0,0, | 1,5,2, | 
(13460)	1,4,2, | 1,5,2, | 
(13460)	1,4,2, | 1,5,2, | 
(4165)	0,3,1, | 1,4,1, | 
(35269)	4,3,1, | 1,4,1, | 
(54)	0,0,0, | 1,3,0, | 
(11797)	1,3,0, | 3,4,1, | 
(11725)	1,3,0, | 1,4,1, | 
(11725)	1,3,0, | 1,4,1, | 
(11797)	1,3,0, | 3,4,1, | 
(19500)	2,3,0, | 1,4,0, | 
(14598)	1,5,1, | 3,3,0, | 
(11724)	1,3,0, | 1,4,0, | 
(11833)	1,3,0, | 4,4,1, | 
(11664)	1,3,0, | 0,0,0, | 
(14641)	1,5,1, | 4,4,1, | 
(14485)	1,5,1, | 0,2,1, | 
(14521)	1,5,1, | 1,2,1, | 
(14724)	1,5,2, | 1,0,0, | 
(14737)	1,5,2, | 1,2,1, | 
(14721)	1,5,2, | 0,5,3, | 
(14695)	1,5,2, | 0,1,1, | 
(14954)	1,5,3, | 1,2,2, | 
(14905)	1,5,3, | 0,0,1, | 
(14905)	1,5,3, | 0,0,1, | 
(14904)	1,5,3, | 0,0,0, | 
(14904)	1,5,3, | 0,0,0, | 
(14904)	1,5,3, | 0,0,0, | 
(14904)	1,5,3, | 0,0,0, | 
(14904)	1,5,3, | 0,0,0, | 
(14905)	1,5,3, | 0,0,1, | 
(14905)	1,5,3, | 0,0,1, | 
(0)	0,0,0, | 0,0,0, | 
(26353)	3,2,2, | 0,0,1, | 
(5868)	0,4,3, | 1,0,0, | 
(5868)	0,4,3, | 1,0,0, | 
(1548)	0,1,1, | 1,0,0, | 
(5868)	0,4,3, | 1,0,0, | 
(5436)	0,4,1, | 1,0,0, | 
(1548)	0,1,1, | 1,0,0, | 
(3060)	0,2,2, | 1,0,0, | 
(6516)	0,5,0, | 1,0,0, | 
(5940)	0,4,3, | 3,0,0, | 
(1620)	0,1,1, | 3,0,0, | 
(4212)	0,3,1, | 3,0,0, | 
(1584)	0,1,1, | 2,0,0, | 
(5976)	0,4,3, | 4,0,0, | 
(5508)	0,4,1, | 3,0,0, | 
(1476)	0,1,0, | 5,0,0, | 
(72)	0,0,0, | 2,0,0, | 
(0)	0,0,0, | 0,0,0, | 
(15012)	1,5,3, | 3,0,0, | 
(14904)	1,5,3, | 0,0,0, | 
(14904)	1,5,3, | 0,0,0, | 
(14904)	1,5,3, | 0,0,0, | 
(14904)	1,5,3, | 0,0,0, | 
(14904)	1,5,3, | 0,0,0, | 
(15048)	1,5,3, | 4,0,0, | 
(15012)	1,5,3, | 3,0,0, | 
(14904)	1,5,3, | 0,0,0, | 
(14904)	1,5,3, | 0,0,0, | 
(14904)	1,5,3, | 0,0,0, | 
(14904)	1,5,3, | 0,0,0, | 
(14904)	1,5,3, | 0,0,0, | 
(7164)	0,5,3, | 1,0,0, | 
(7164)	0,5,3, | 1,0,0, | 
(7164)	0,5,3, | 1,0,0, | 
(49)	0,0,0, | 1,2,1, | 
(7825)	1,0,0, | 1,2,1, | 
(15601)	2,0,0, | 1,2,1, | 
(7825)	1,0,0, | 1,2,1, | 
(3073)	0,2,2, | 1,2,1, | 
(7825)	1,0,0, | 1,2,1, | 
(11712)	1,3,0, | 1,2,0, | 
(6534)	0,5,0, | 1,3,0, | 
(13014)	1,4,0, | 1,3,0, | 
(13014)	1,4,0, | 1,3,0, | 
(54)	0,0,0, | 1,3,0, | 
(11760)	1,3,0, | 2,4,0, | 
(10543)	1,2,0, | 4,5,1, | 
(16915)	2,1,0, | 1,5,1, | 
(13014)	1,4,0, | 1,3,0, | 
(10471)	1,2,0, | 2,5,1, | 
(10471)	1,2,0, | 2,5,1, | 
(9139)	1,1,0, | 1,5,1, | 
(9139)	1,1,0, | 1,5,1, | 
(9072)	1,1,0, | 0,0,0, | 
(15084)	1,5,3, | 5,0,0, | 
(14918)	1,5,3, | 0,2,2, | 
(14904)	1,5,3, | 0,0,0, | 
(14918)	1,5,3, | 0,2,2, | 
(14918)	1,5,3, | 0,2,2, | 
(14904)	1,5,3, | 0,0,0, | 
(14976)	1,5,3, | 2,0,0, | 
(14918)	1,5,3, | 0,2,2, | 
(14904)	1,5,3, | 0,0,0, | 
(14904)	1,5,3, | 0,0,0, | 
(14904)	1,5,3, | 0,0,0, | 
(14904)	1,5,3, | 0,0,0, | 
(14904)	1,5,3, | 0,0,0, | 
(7164)	0,5,3, | 1,0,0, | 
(62)	0,0,0, | 1,4,2, | 
(62)	0,0,0, | 1,4,2, | 
(62)	0,0,0, | 1,4,2, | 
(7838)	1,0,0, | 1,4,2, | 
(19934)	2,3,2, | 1,4,2, | 
(4382)	0,3,2, | 1,4,2, | 
(5684)	0,4,2, | 1,5,2, | 
(5684)	0,4,2, | 1,5,2, | 
(38948)	5,0,0, | 1,5,2, | 
(13453)	1,4,2, | 1,4,1, | 
(1573)	0,1,1, | 1,4,1, | 
(26203)	3,2,1, | 1,5,1, | 
(54)	0,0,0, | 1,3,0, | 
(11796)	1,3,0, | 3,4,0, | 
(10435)	1,2,0, | 1,5,1, | 
(27282)	3,3,0, | 1,5,0, | 
(11790)	1,3,0, | 3,3,0, | 
(10471)	1,2,0, | 2,5,1, | 
(13014)	1,4,0, | 1,3,0, | 
(22207)	2,5,0, | 4,5,1, | 
(11790)	1,3,0, | 3,3,0, | 
(13309)	1,4,1, | 3,4,1, | 
(14695)	1,5,2, | 0,1,1, | 
(14695)	1,5,2, | 0,1,1, | 
(14695)	1,5,2, | 0,1,1, | 
(14695)	1,5,2, | 0,1,1, | 
(14695)	1,5,2, | 0,1,1, | 
(14721)	1,5,2, | 0,5,3, | 
(14688)	1,5,2, | 0,0,0, | 
(14924)	1,5,3, | 0,3,2, | 
(14904)	1,5,3, | 0,0,0, | 
(14904)	1,5,3, | 0,0,0, | 
(14904)	1,5,3, | 0,0,0, | 
(14904)	1,5,3, | 0,0,0, | 
(14904)	1,5,3, | 0,0,0, | 
(69)	0,0,0, | 1,5,3, | 
(69)	0,0,0, | 1,5,3, | 
(69)	0,0,0, | 1,5,3, | 
(69)	0,0,0, | 1,5,3, | 
(7845)	1,0,0, | 1,5,3, | 
(15621)	2,0,0, | 1,5,3, | 
(68)	0,0,0, | 1,5,2, | 
(5684)	0,4,2, | 1,5,2, | 
(5684)	0,4,2, | 1,5,2, | 
(38948)	5,0,0, | 1,5,2, | 
(13460)	1,4,2, | 1,5,2, | 
(1579)	0,1,1, | 1,5,1, | 
(26203)	3,2,1, | 1,5,1, | 
(54)	0,0,0, | 1,3,0, | 
(11724)	1,3,0, | 1,4,0, | 
(13122)	1,4,0, | 4,3,0, | 
(27348)	3,3,0, | 3,4,0, | 
(13027)	1,4,0, | 1,5,1, | 
(11766)	1,3,0, | 2,5,0, | 
(11766)	1,3,0, | 2,5,0, | 
(11731)	1,3,0, | 1,5,1, | 
(11731)	1,3,0, | 1,5,1, | 
(11664)	1,3,0, | 0,0,0, | 
(13202)	1,4,1, | 0,4,2, | 
(13195)	1,4,1, | 0,3,1, | 
(14773)	1,5,2, | 2,2,1, | 
(14881)	1,5,2, | 5,2,1, | 
(14688)	1,5,2, | 0,0,0, | 
(14688)	1,5,2, | 0,0,0, | 
(14786)	1,5,2, | 2,4,2, | 
(14947)	1,5,3, | 1,1,1, | 
(14904)	1,5,3, | 0,0,0, | 
(14904)	1,5,3, | 0,0,0, | 
(14904)	1,5,3, | 0,0,0, | 
(14904)	1,5,3, | 0,0,0, | 
(14904)	1,5,3, | 0,0,0, | 
(69)	0,0,0, | 1,5,3, | 
(69)	0,0,0, | 1,5,3, | 
(69)	0,0,0, | 1,5,3, | 
(69)	0,0,0, | 1,5,3, | 
(7845)	1,0,0, | 1,5,3, | 
(15621)	2,0,0, | 1,5,3, | 
(68)	0,0,0, | 1,5,2, | 
(5684)	0,4,2, | 1,5,2, | 
(5684)	0,4,2, | 1,5,2, | 
(13460)	1,4,2, | 1,5,2, | 
(13460)	1,4,2, | 1,5,2, | 
(1579)	0,1,1, | 1,5,1, | 
(26203)	3,2,1, | 1,5,1, | 
(54)	0,0,0, | 1,3,0, | 
(11766)	1,3,0, | 2,5,0, | 
(13063)	1,4,0, | 2,5,1, | 
(27282)	3,3,0, | 1,5,0, | 
(11790)	1,3,0, | 3,3,0, | 
(14683)	1,5,1, | 5,5,1, | 
(13014)	1,4,0, | 1,3,0, | 
(11724)	1,3,0, | 1,4,0, | 
(11724)	1,3,0, | 1,4,0, | 
(11664)	1,3,0, | 0,0,0, | 
(14485)	1,5,1, | 0,2,1, | 
(14479)	1,5,1, | 0,1,1, | 
(14757)	1,5,2, | 1,5,3, | 
(14688)	1,5,2, | 0,0,0, | 
(14714)	1,5,2, | 0,4,2, | 
(14750)	1,5,2, | 1,4,2, | 
(14757)	1,5,2, | 1,5,3, | 
(14974)	1,5,3, | 1,5,4, | 
(14904)	1,5,3, | 0,0,0, | 
(14904)	1,5,3, | 0,0,0, | 
(14904)	1,5,3, | 0,0,0, | 
(14904)	1,5,3, | 0,0,0, | 
(14904)	1,5,3, | 0,0,0, | 
(69)	0,0,0, | 1,5,3, | 
(69)	0,0,0, | 1,5,3, | 
(69)	0,0,0, | 1,5,3, | 
(69)	0,0,0, | 1,5,3, | 
(7845)	1,0,0, | 1,5,3, | 
(15621)	2,0,0, | 1,5,3, | 
(68)	0,0,0, | 1,5,2, | 
(5684)	0,4,2, | 1,5,2, | 
(5684)	0,4,2, | 1,5,2, | 
(38948)	5,0,0, | 1,5,2, | 
(13460)	1,4,2, | 1,5,2, | 
(1579)	0,1,1, | 1,5,1, | 
(26203)	3,2,1, | 1,5,1, | 
(54)	0,0,0, | 1,3,0, | 
(11730)	1,3,0, | 1,5,0, | 
(13086)	1,4,0, | 3,3,0, | 
(27312)	3,3,0, | 2,4,0, | 
(11790)	1,3,0, | 3,3,0, | 
(11724)	1,3,0, | 1,4,0, | 
(11731)	1,3,0, | 1,5,1, | 
(11724)	1,3,0, | 1,4,0, | 
(22200)	2,5,0, | 4,4,0, | 
(11664)	1,3,0, | 0,0,0, | 
(14479)	1,5,1, | 0,1,1, | 
(14641)	1,5,1, | 4,4,1, | 
(14472)	1,5,1, | 0,0,0, | 
(14688)	1,5,2, | 0,0,0, | 
(14737)	1,5,2, | 1,2,1, | 
(14721)	1,5,2, | 0,5,3, | 
(14760)	1,5,2, | 2,0,0, | 
(14954)	1,5,3, | 1,2,2, | 
(14905)	1,5,3, | 0,0,1, | 
(14905)	1,5,3, | 0,0,1, | 
(14904)	1,5,3, | 0,0,0, | 
(14904)	1,5,3, | 0,0,0, | 
(14904)	1,5,3, | 0,0,0, | 
(14904)	1,5,3, | 0,0,0, | 
(14904)	1,5,3, | 0,0,0, | 
(14904)	1,5,3, | 0,0,0, | 
(14904)	1,5,3, | 0,0,0, | 
(0)	0,0,0, | 0,0,0, | 
(1297)	0,1,0, | 0,0,1, | 
(21204)	2,4,2, | 1,0,0, | 
(36)	0,0,0, | 1,0,0, | 
(36)	0,0,0, | 1,0,0, | 
(6084)	0,4,4, | 1,0,0, | 
(21204)	2,4,2, | 1,0,0, | 
(36)	0,0,0, | 1,0,0, | 
(36)	0,0,0, | 1,0,0, | 
(36)	0,0,0, | 1,0,0, | 
(108)	0,0,0, | 3,0,0, | 
(2772)	0,2,0, | 5,0,0, | 
(19764)	2,3,1, | 3,0,0, | 
(108)	0,0,0, | 3,0,0, | 
(144)	0,0,0, | 4,0,0, | 
(108)	0,0,0, | 3,0,0, | 
(108)	0,0,0, | 3,0,0, | 
(1440)	0,1,0, | 4,0,0, | 
(0)	0,0,0, | 0,0,0, | 
(15084)	1,5,3, | 5,0,0, | 
(15012)	1,5,3, | 3,0,0, | 
(14904)	1,5,3, | 0,0,0, | 
(14904)	1,5,3, | 0,0,0, | 
(15084)	1,5,3, | 5,0,0, | 
(14904)	1,5,3, | 0,0,0, | 
(14904)	1,5,3, | 0,0,0, | 
(15012)	1,5,3, | 3,0,0, | 
(14904)	1,5,3, | 0,0,0, | 
(14904)	1,5,3, | 0,0,0, | 
(14904)	1,5,3, | 0,0,0, | 
(14904)	1,5,3, | 0,0,0, | 
(14904)	1,5,3, | 0,0,0, | 
(7164)	0,5,3, | 1,0,0, | 
(7164)	0,5,3, | 1,0,0, | 
(7164)	0,5,3, | 1,0,0, | 
(49)	0,0,0, | 1,2,1, | 
(7825)	1,0,0, | 1,2,1, | 
(22945)	2,5,4, | 1,2,1, | 
(7825)	1,0,0, | 1,2,1, | 
(49)	0,0,0, | 1,2,1, | 
(1561)	0,1,1, | 1,2,1, | 
(36342)	4,4,0, | 1,3,0, | 
(5238)	0,4,0, | 1,3,0, | 
(6534)	0,5,0, | 1,3,0, | 
(6534)	0,5,0, | 1,3,0, | 
(54)	0,0,0, | 1,3,0, | 
(9139)	1,1,0, | 1,5,1, | 
(10543)	1,2,0, | 4,5,1, | 
(9126)	1,1,0, | 1,3,0, | 
(10435)	1,2,0, | 1,5,1, | 
(13158)	1,4,0, | 5,3,0, | 
(9139)	1,1,0, | 1,5,1, | 
(27571)	3,3,1, | 3,5,1, | 
(27270)	3,3,0, | 1,3,0, | 
(9072)	1,1,0, | 0,0,0, | 
(14924)	1,5,3, | 0,3,2, | 
(14918)	1,5,3, | 0,2,2, | 
(14904)	1,5,3, | 0,0,0, | 
(14904)	1,5,3, | 0,0,0, | 
(14918)	1,5,3, | 0,2,2, | 
(14904)	1,5,3, | 0,0,0, | 
(14904)	1,5,3, | 0,0,0, | 
(14990)	1,5,3, | 2,2,2, | 
(14904)	1,5,3, | 0,0,0, | 
(14904)	1,5,3, | 0,0,0, | 
(14904)	1,5,3, | 0,0,0, | 
(14904)	1,5,3, | 0,0,0, | 
(14904)	1,5,3, | 0,0,0, | 
(7164)	0,5,3, | 1,0,0, | 
(7164)	0,5,3, | 1,0,0, | 
(62)	0,0,0, | 1,4,2, | 
(62)	0,0,0, | 1,4,2, | 
(7838)	1,0,0, | 1,4,2, | 
(22742)	2,5,3, | 1,4,2, | 
(5684)	0,4,2, | 1,5,2, | 
(5684)	0,4,2, | 1,5,2, | 
(10652)	1,2,1, | 1,5,2, | 
(7844)	1,0,0, | 1,5,2, | 
(4165)	0,3,1, | 1,4,1, | 
(2875)	0,2,1, | 1,5,1, | 
(36571)	4,4,1, | 1,5,1, | 
(54)	0,0,0, | 1,3,0, | 
(10422)	1,2,0, | 1,3,0, | 
(10435)	1,2,0, | 1,5,1, | 
(10471)	1,2,0, | 2,5,1, | 
(10471)	1,2,0, | 2,5,1, | 
(13099)	1,4,0, | 3,5,1, | 
(13014)	1,4,0, | 1,3,0, | 
(27318)	3,3,0, | 2,5,0, | 
(27342)	3,3,0, | 3,3,0, | 
(13309)	1,4,1, | 3,4,1, | 
(14695)	1,5,2, | 0,1,1, | 
(14695)	1,5,2, | 0,1,1, | 
(14695)	1,5,2, | 0,1,1, | 
(14688)	1,5,2, | 0,0,0, | 
(14695)	1,5,2, | 0,1,1, | 
(14750)	1,5,2, | 1,4,2, | 
(14695)	1,5,2, | 0,1,1, | 
(14924)	1,5,3, | 0,3,2, | 
(14904)	1,5,3, | 0,0,0, | 
(14904)	1,5,3, | 0,0,0, | 
(14904)	1,5,3, | 0,0,0, | 
(14904)	1,5,3, | 0,0,0, | 
(14904)	1,5,3, | 0,0,0, | 
(7164)	0,5,3, | 1,0,0, | 
(69)	0,0,0, | 1,5,3, | 
(69)	0,0,0, | 1,5,3, | 
(69)	0,0,0, | 1,5,3, | 
(7845)	1,0,0, | 1,5,3, | 
(22965)	2,5,4, | 1,5,3, | 
(10652)	1,2,1, | 1,5,2, | 
(5684)	0,4,2, | 1,5,2, | 
(10652)	1,2,1, | 1,5,2, | 
(7844)	1,0,0, | 1,5,2, | 
(67)	0,0,0, | 1,5,1, | 
(2875)	0,2,1, | 1,5,1, | 
(36571)	4,4,1, | 1,5,1, | 
(54)	0,0,0, | 1,3,0, | 
(13014)	1,4,0, | 1,3,0, | 
(13122)	1,4,0, | 4,3,0, | 
(11731)	1,3,0, | 1,5,1, | 
(13050)	1,4,0, | 2,3,0, | 
(11731)	1,3,0, | 1,5,1, | 
(13050)	1,4,0, | 2,3,0, | 
(19507)	2,3,0, | 1,5,1, | 
(27306)	3,3,0, | 2,3,0, | 
(11664)	1,3,0, | 0,0,0, | 
(13267)	1,4,1, | 2,3,1, | 
(13195)	1,4,1, | 0,3,1, | 
(14688)	1,5,2, | 0,0,0, | 
(14688)	1,5,2, | 0,0,0, | 
(14688)	1,5,2, | 0,0,0, | 
(14688)	1,5,2, | 0,0,0, | 
(14688)	1,5,2, | 0,0,0, | 
(14960)	1,5,3, | 1,3,2, | 
(14904)	1,5,3, | 0,0,0, | 
(14904)	1,5,3, | 0,0,0, | 
(14904)	1,5,3, | 0,0,0, | 
(14904)	1,5,3, | 0,0,0, | 
(14904)	1,5,3, | 0,0,0, | 
(69)	0,0,0, | 1,5,3, | 
(69)	0,0,0, | 1,5,3, | 
(69)	0,0,0, | 1,5,3, | 
(69)	0,0,0, | 1,5,3, | 
(7845)	1,0,0, | 1,5,3, | 
(22965)	2,5,4, | 1,5,3, | 
(5684)	0,4,2, | 1,5,2, | 
(5684)	0,4,2, | 1,5,2, | 
(10652)	1,2,1, | 1,5,2, | 
(5684)	0,4,2, | 1,5,2, | 
(67)	0,0,0, | 1,5,1, | 
(2875)	0,2,1, | 1,5,1, | 
(36571)	4,4,1, | 1,5,1, | 
(54)	0,0,0, | 1,3,0, | 
(13050)	1,4,0, | 2,3,0, | 
(13063)	1,4,0, | 2,5,1, | 
(27283)	3,3,0, | 1,5,1, | 
(13135)	1,4,0, | 4,5,1, | 
(30235)	3,5,1, | 5,5,1, | 
(13014)	1,4,0, | 1,3,0, | 
(27384)	3,3,0, | 4,4,0, | 
(22134)	2,5,0, | 2,5,0, | 
(11664)	1,3,0, | 0,0,0, | 
(14485)	1,5,1, | 0,2,1, | 
(14479)	1,5,1, | 0,1,1, | 
(14688)	1,5,2, | 0,0,0, | 
(14701)	1,5,2, | 0,2,1, | 
(14714)	1,5,2, | 0,4,2, | 
(14750)	1,5,2, | 1,4,2, | 
(14701)	1,5,2, | 0,2,1, | 
(15055)	1,5,3, | 4,1,1, | 
(14904)	1,5,3, | 0,0,0, | 
(14904)	1,5,3, | 0,0,0, | 
(14904)	1,5,3, | 0,0,0, | 
(14904)	1,5,3, | 0,0,0, | 
(14904)	1,5,3, | 0,0,0, | 
(69)	0,0,0, | 1,5,3, | 
(69)	0,0,0, | 1,5,3, | 
(69)	0,0,0, | 1,5,3, | 
(69)	0,0,0, | 1,5,3, | 
(7845)	1,0,0, | 1,5,3, | 
(15621)	2,0,0, | 1,5,3, | 
(10652)	1,2,1, | 1,5,2, | 
(5684)	0,4,2, | 1,5,2, | 
(10652)	1,2,1, | 1,5,2, | 
(7844)	1,0,0, | 1,5,2, | 
(67)	0,0,0, | 1,5,1, | 
(2875)	0,2,1, | 1,5,1, | 
(36571)	4,4,1, | 1,5,1, | 
(54)	0,0,0, | 1,3,0, | 
(13027)	1,4,0, | 1,5,1, | 
(13086)	1,4,0, | 3,3,0, | 
(30150)	3,5,1, | 3,3,0, | 
(13050)	1,4,0, | 2,3,0, | 
(13086)	1,4,0, | 3,3,0, | 
(11731)	1,3,0, | 1,5,1, | 
(27384)	3,3,0, | 4,4,0, | 
(14424)	1,5,0, | 4,4,0, | 
(11664)	1,3,0, | 0,0,0, | 
(14479)	1,5,1, | 0,1,1, | 
(14485)	1,5,1, | 0,2,1, | 
(14521)	1,5,1, | 1,2,1, | 
(14695)	1,5,2, | 0,1,1, | 
(14737)	1,5,2, | 1,2,1, | 
(14721)	1,5,2, | 0,5,3, | 
(14695)	1,5,2, | 0,1,1, | 
(14954)	1,5,3, | 1,2,2, | 
