1	0	
0.984808	0.173648	
0.939693	0.34202	
0.866025	0.5	
0.766044	0.642788	
0.642788	0.766044	
0.5	0.866025	
0.34202	0.939693	
0.173648	0.984808	
0	1	
-0.173648	0.984808	
-0.34202	0.939693	
-0.5	0.866025	
-0.642788	0.766044	
-0.766044	0.642788	
-0.866025	0.5	
-0.939693	0.34202	
-0.984808	0.173648	
-1	0	
-0.984808	-0.173648	
-0.939693	-0.34202	
-0.866025	-0.5	
-0.766044	-0.642788	
-0.642788	-0.766044	
-0.5	-0.866025	
-0.34202	-0.939693	
-0.173648	-0.984808	
0	-1	
0.173648	-0.984808	
0.34202	-0.939693	
0.5	-0.866025	
0.642788	-0.766044	
0.766044	-0.642788	
0.866025	-0.5	
0.939693	-0.34202	
0.984808	-0.173648	
