(0)	0, | 0, | 
(1)	0, | 1, | 
(2)	0, | 2, | 
(3)	0, | 3, | 
(4)	0, | 4, | 
(5)	0, | 5, | 
(6)	1, | 0, | 
(7)	1, | 1, | 
(8)	1, | 2, | 
(9)	1, | 3, | 
(10)	1, | 4, | 
(11)	1, | 5, | 
(12)	2, | 0, | 
(13)	2, | 1, | 
(14)	2, | 2, | 
(15)	2, | 3, | 
(16)	2, | 4, | 
(17)	2, | 5, | 
(18)	3, | 0, | 
(19)	3, | 1, | 
(20)	3, | 2, | 
(21)	3, | 3, | 
(22)	3, | 4, | 
(23)	3, | 5, | 
(24)	4, | 0, | 
(25)	4, | 1, | 
(26)	4, | 2, | 
(27)	4, | 3, | 
(28)	4, | 4, | 
(29)	4, | 5, | 
(30)	5, | 0, | 
(31)	5, | 1, | 
(32)	5, | 2, | 
(33)	5, | 3, | 
(34)	5, | 4, | 
(35)	5, | 5, | 
