0	(1,1,0),(0,5,2)
1	(1,2,1),(0,5,2)
2	(1,2,1),(0,5,2)
3	(1,2,1),(0,5,2)
4	(1,2,1),(0,5,2)
5	(1,0,0),(1,5,2)
6	(1,0,0),(1,5,2)
7	(1,0,0),(1,5,2)
8	(1,0,0),(1,5,2)
9	(1,0,0),(1,5,2)
10	(1,0,0),(1,5,2)
11	(1,0,0),(1,5,2)
12	(1,0,0),(1,5,2)
13	(1,0,0),(1,5,2)
14	(1,0,0),(1,5,2)
15	(1,0,0),(1,5,2)
16	(1,0,0),(1,5,2)
17	(1,0,0),(1,5,2)
18	(1,1,0),(1,5,2)
19	(1,1,0),(1,5,2)
20	(1,1,0),(1,5,2)
21	(1,1,0),(1,5,2)
22	(1,1,0),(1,5,2)
23	(1,1,0),(1,5,2)
24	(1,1,0),(1,5,2)
25	(1,1,0),(1,5,2)
26	(1,1,0),(1,5,2)
27	(1,1,0),(0,5,2)
28	(1,1,0),(0,5,2)
29	(1,1,0),(0,5,2)
30	(1,1,0),(0,5,2)
31	(1,1,0),(0,5,2)
32	(1,1,0),(0,5,2)
33	(1,1,0),(0,5,2)
34	(1,1,0),(0,5,2)
35	(1,1,0),(0,5,2)