0	0.68753,0.13500
1	0.68753,0.13500
2	0.79500,-0.00500
3	0.79500,-0.00500
4	0.77294,0.03320
5	0.33430,0.52030
6	0.07500,0.73787
7	0.07500,0.73787
8	0.07500,0.73787
9	0.07500,0.73787
10	0.07500,0.73787
11	0.07500,0.73787
12	-0.00500,0.79500
13	-0.00500,0.79500
14	-0.00500,0.79500
15	-0.00500,0.79500
16	-0.00500,0.79500
17	-0.00500,0.79500
18	0.16375,0.53540
19	0.18250,0.04750
20	0.19375,0.04500
21	0.16125,0.09375
22	0.17375,0.03875
23	0.15750,0.08250
24	0.09500,0.10000
25	0.09500,0.08000
26	0.12375,0.08750
27	0.13875,0.03500
28	0.79500,-0.00500
29	0.77624,0.02750
30	0.77624,0.02750
31	0.77624,0.02750
32	0.77624,0.02750
33	0.77624,0.02750
34	0.77624,0.02750
35	0.77624,0.02750