0	0.70990,0.10833
1	0.70990,0.10833
2	0.70990,0.10833
3	0.70990,0.10833
4	0.64697,0.18333
5	0.33430,0.52030
6	0.10833,0.70990
7	0.10833,0.70990
8	0.10833,0.70990
9	0.10833,0.70990
10	-0.00500,0.79500
11	-0.00500,0.79500
12	-0.00500,0.79500
13	-0.00500,0.79500
14	-0.00500,0.79500
15	-0.00500,0.79500
16	-0.00500,0.79500
17	-0.00500,0.79500
18	0.13042,0.60106
19	0.13542,0.12417
20	0.13042,0.11792
21	0.08042,0.13042
22	0.13042,0.11792
23	0.10542,0.13542
24	0.10542,0.13542
25	0.08042,0.14167
26	0.12917,0.14167
27	0.06167,0.13042
28	0.79500,-0.00500
29	0.79500,-0.00500
30	0.79500,-0.00500
31	0.79500,-0.00500
32	0.79500,-0.00500
33	0.79500,-0.00500
34	0.79500,-0.00500
35	0.79500,-0.00500