0	0.67503,0.13500
1	0.67503,0.13500
2	0.67503,0.13500
3	0.67503,0.13500
4	0.59951,0.22500
5	0.33430,0.52030
6	0.18500,0.64557
7	0.18500,0.64557
8	0.18500,0.64557
9	0.18500,0.64557
10	0.18500,0.64557
11	0.09000,0.72529
12	0.09000,0.72529
13	0.09000,0.72529
14	0.00750,0.78778
15	0.00750,0.78778
16	0.00750,0.78778
17	0.00750,0.78778
18	-0.00500,0.65033
19	0.01125,0.04375
20	0.01250,0.06375
21	-0.00000,0.04000
22	-0.00000,0.04000
23	-0.00000,0.04000
24	-0.00500,0.07000
25	-0.00500,0.07000
26	0.06750,0.04500
27	0.19500,0.03500
28	0.78250,-0.00500
29	0.76374,0.02750
30	0.76374,0.02750
31	0.76374,0.02750
32	0.76374,0.02750
33	0.76374,0.02750
34	0.76374,0.02750
35	0.76374,0.02750