0	0.64557,0.18500
1	0.64557,0.18500
2	0.64557,0.18500
3	0.64557,0.18500
4	0.77294,0.03320
5	0.33430,0.50780
6	0.12500,0.68342
7	0.12500,0.68342
8	0.12500,0.68342
9	0.12500,0.68342
10	0.01187,0.77276
11	0.01187,0.77276
12	0.01187,0.77276
13	0.01187,0.77276
14	0.01187,0.77276
15	0.01187,0.77276
16	0.01187,0.77276
17	0.01187,0.77276
18	0.03312,0.55844
19	0.05000,0.01125
20	0.04500,0.03250
21	0.05000,-0.00000
22	0.07937,0.01250
23	0.05000,-0.00000
24	0.05000,-0.00000
25	0.05000,-0.00000
26	0.05000,-0.00000
27	0.27187,-0.00500
28	0.78778,0.00750
29	0.78778,0.00750
30	0.78778,0.00750
31	0.78778,0.00750
32	0.72529,0.09000
33	0.72529,0.09000
34	0.72529,0.09000
35	0.64557,0.18500