0	0.68753,0.13500
1	0.68753,0.13500
2	0.68753,0.13500
3	0.68753,0.13500
4	0.61201,0.22500
5	0.33430,0.52030
6	0.13500,0.68753
7	0.13500,0.68753
8	0.13500,0.68753
9	0.13500,0.68753
10	0.02750,0.77624
11	0.02750,0.77624
12	0.02750,0.77624
13	0.02750,0.77624
14	0.02750,0.77624
15	0.02750,0.77624
16	0.02750,0.77624
17	-0.00500,0.79500
18	0.03500,0.64344
19	0.08000,0.04500
20	0.08000,0.03875
21	0.08250,0.09375
22	0.08250,0.08250
23	0.06750,0.08250
24	0.03500,0.08000
25	0.03875,0.08000
26	0.03875,0.08000
27	0.17250,0.03500
28	0.79500,-0.00500
29	0.77624,0.02750
30	0.77624,0.02750
31	0.77624,0.02750
32	0.77624,0.02750
33	0.77624,0.02750
34	0.77624,0.02750
35	0.77624,0.02750