0	0.64557,0.18500
1	0.64557,0.18500
2	0.64557,0.18500
3	0.79500,-0.00500
4	0.77294,0.03320
5	0.33430,0.50780
6	0.10833,0.69740
7	0.10833,0.69740
8	0.10833,0.69740
9	0.10833,0.69740
10	-0.00500,0.78250
11	-0.00500,0.78250
12	-0.00500,0.78250
13	-0.00500,0.78250
14	-0.00500,0.78250
15	-0.00500,0.78250
16	-0.00500,0.78250
17	-0.00500,0.78250
18	0.13042,0.60106
19	0.06667,0.01125
20	0.06167,0.03250
21	0.06667,-0.00000
22	0.07167,0.03625
23	0.06667,-0.00000
24	0.06667,-0.00000
25	0.06667,-0.00000
26	0.06667,-0.00000
27	0.26250,-0.00500
28	0.78778,0.00750
29	0.78778,0.00750
30	0.78778,0.00750
31	0.78778,0.00750
32	0.72529,0.09000
33	0.72529,0.09000
34	0.72529,0.09000
35	0.64557,0.18500