0	0.64557,0.18500
1	0.64557,0.18500
2	0.64557,0.18500
3	0.64557,0.18500
4	0.77294,0.03320
5	0.33430,0.50780
6	0.13500,0.67503
7	0.13500,0.67503
8	0.13500,0.67503
9	0.13500,0.67503
10	0.02750,0.76374
11	0.02750,0.76374
12	0.02750,0.76374
13	0.02750,0.76374
14	0.02750,0.76374
15	0.02750,0.76374
16	0.02750,0.76374
17	-0.00500,0.78250
18	0.03500,0.64344
19	0.04000,0.01125
20	0.03500,0.03250
21	0.04000,-0.00000
22	0.06375,0.01250
23	0.04000,-0.00000
24	0.04000,-0.00000
25	0.04000,-0.00000
26	0.04000,-0.00000
27	0.27750,-0.00500
28	0.78778,0.00750
29	0.78778,0.00750
30	0.78778,0.00750
31	0.78778,0.00750
32	0.72529,0.09000
33	0.72529,0.09000
34	0.72529,0.09000
35	0.64557,0.18500