0	0.73787,0.07500
1	0.73787,0.07500
2	0.73787,0.07500
3	0.73787,0.07500
4	0.69067,0.13125
5	0.33430,0.52030
6	0.07500,0.73787
7	0.07500,0.73787
8	0.07500,0.73787
9	0.07500,0.73787
10	0.07500,0.73787
11	0.07500,0.73787
12	0.02875,0.77551
13	-0.00500,0.79500
14	-0.00500,0.79500
15	-0.00500,0.79500
16	-0.00500,0.79500
17	-0.00500,0.79500
18	0.16375,0.53540
19	0.16125,0.10875
20	0.17375,0.09500
21	0.10500,0.16125
22	0.15750,0.15750
23	0.15750,0.15750
24	0.15750,0.18750
25	0.16125,0.18750
26	0.05125,0.16750
27	0.05125,0.16375
28	0.79500,-0.00500
29	0.79500,-0.00500
30	0.79500,-0.00500
31	0.79500,-0.00500
32	0.79500,-0.00500
33	0.77551,0.02875
34	0.73787,0.07500
35	0.73787,0.07500