0	0.68753,0.13500
1	0.68753,0.13500
2	0.68753,0.13500
3	0.68753,0.13500
4	0.61201,0.22500
5	0.33430,0.52030
6	0.12500,0.69592
7	0.12500,0.69592
8	0.12500,0.69592
9	0.12500,0.69592
10	0.01187,0.78526
11	0.01187,0.78526
12	0.01187,0.78526
13	0.01187,0.78526
14	0.01187,0.78526
15	0.01187,0.78526
16	0.01187,0.78526
17	0.01187,0.78526
18	0.03312,0.55844
19	0.09812,0.08250
20	0.08000,0.07000
21	0.08937,0.03500
22	0.10938,0.09375
23	0.08312,0.08250
24	0.08937,0.08250
25	0.04500,0.08000
26	0.08312,0.06750
27	0.16687,0.03500
28	0.79500,-0.00500
29	0.77624,0.02750
30	0.77624,0.02750
31	0.77624,0.02750
32	0.77624,0.02750
33	0.77624,0.02750
34	0.77624,0.02750
35	0.77624,0.02750