0	0.79500,-0.00500
1	0.79500,-0.00500
2	0.79500,-0.00500
3	0.79500,-0.00500
4	0.77294,0.03320
5	0.33430,0.50780
6	0.03320,0.76044
7	-0.00500,0.78250
8	-0.00500,0.78250
9	-0.00500,0.78250
10	-0.00500,0.78250
11	-0.00500,0.78250
12	-0.00500,0.78250
13	-0.00500,0.78250
14	-0.00500,0.78250
15	-0.00500,0.78250
16	-0.00500,0.78250
17	-0.00500,0.78250
18	0.20500,0.50079
19	0.20500,0.00625
20	0.20000,-0.00000
21	0.20500,-0.00500
22	0.20500,0.03625
23	0.20500,-0.00500
24	0.20500,-0.00500
25	0.20500,-0.00500
26	0.20500,-0.00500
27	0.27750,-0.00500
28	0.78778,0.00750
29	0.78778,0.00750
30	0.78778,0.00750
31	0.78778,0.00750
32	0.79500,-0.00500
33	0.79500,-0.00500
34	0.79500,-0.00500
35	0.79500,-0.00500