0	-0.17500,0.50000
1	-0.20000,0.65000
2	-0.20000,0.65000
3	-0.20000,0.65000
4	-0.20000,0.65000
5	-0.10000,0.55000
6	-0.10000,0.55000
7	-0.10000,0.55000
8	-0.10000,0.55000
9	-0.10000,0.55000
10	-0.10000,0.55000
11	-0.10000,0.55000
12	-0.10000,0.55000
13	-0.10000,0.55000
14	-0.10000,0.55000
15	-0.10000,0.55000
16	-0.10000,0.55000
17	-0.10000,0.55000
18	-0.17500,0.40000
19	-0.17500,0.40000
20	-0.17500,0.40000
21	-0.17500,0.40000
22	-0.17500,0.40000
23	-0.17500,0.40000
24	-0.17500,0.40000
25	-0.17500,0.40000
26	-0.17500,0.40000
27	-0.17500,0.50000
28	-0.17500,0.50000
29	-0.17500,0.50000
30	-0.17500,0.50000
31	-0.17500,0.50000
32	-0.17500,0.50000
33	-0.17500,0.50000
34	-0.17500,0.50000
35	-0.17500,0.50000