0	0.17500,-0.10000
1	0.17500,-0.10000
2	0.17500,-0.10000
3	0.17500,-0.10000
4	0.17500,-0.10000
5	-0.10000,0.17500
6	-0.10000,0.17500
7	-0.10000,0.17500
8	-0.10000,0.17500
9	-0.10000,0.17500
10	-0.10000,0.17500
11	-0.10000,0.17500
12	-0.10000,0.17500
13	-0.10000,0.17500
14	-0.10000,0.17500
15	-0.10000,0.17500
16	-0.10000,0.17500
17	-0.15833,-0.10000
18	-0.15833,-0.10000
19	-0.15833,-0.10000
20	-0.15833,-0.10000
21	-0.15833,-0.10000
22	-0.15833,-0.10000
23	-0.10000,-0.15833
24	-0.10000,-0.15833
25	-0.10000,-0.15833
26	-0.10000,-0.15833
27	-0.10000,-0.15833
28	-0.10000,-0.15833
29	0.17500,-0.10000
30	0.17500,-0.10000
31	0.17500,-0.10000
32	0.17500,-0.10000
33	0.17500,-0.10000
34	0.17500,-0.10000
35	0.17500,-0.10000