0	0.73250,-0.00500
1	0.73250,-0.00500
2	0.73250,-0.00500
3	0.73250,-0.00500
4	0.74250,-0.00500
5	-0.00500,0.80500
6	-0.00500,0.79500
7	-0.00500,0.79500
8	-0.00500,0.79500
9	-0.00500,0.79500
10	-0.00500,0.38500
11	-0.00500,0.38500
12	-0.00500,0.38500
13	-0.00500,0.38500
14	-0.00500,0.38500
15	-0.00500,0.38500
16	-0.00500,0.38500
17	-0.00500,0.38500
18	-0.15750,-0.20500
19	-0.41750,-0.35500
20	-0.34500,-0.30500
21	-0.38250,-0.16500
22	-0.46250,-0.40000
23	-0.35750,-0.35500
24	-0.38250,-0.35500
25	-0.20500,-0.34500
26	-0.35750,-0.29500
27	-0.24500,-0.16500
28	-0.36500,-0.00500
29	0.32250,-0.00500
30	0.32250,-0.00500
31	0.32250,-0.00500
32	0.32250,-0.00500
33	0.32250,-0.00500
34	0.32250,-0.00500
35	0.32250,-0.00500