0	-29.03000,-0.00500
1	-29.03000,-0.00500
2	-29.03000,-0.00500
3	-29.03000,-0.00500
4	-29.02000,-0.00500
5	-28.85500,-0.12500
6	-30.03500,0.79500
7	-30.03500,0.79500
8	-30.03500,0.79500
9	-30.03500,0.79500
10	-30.03500,0.79500
11	-30.03500,0.38500
12	-30.03500,0.38500
13	-30.03500,0.38500
14	-30.08500,-0.28500
15	-30.08500,-0.28500
16	-30.08500,-0.28500
17	-30.08500,-0.28500
18	-30.03500,-0.20500
19	-30.10000,-0.20000
20	-30.10500,-0.28000
21	-30.05500,-0.18500
22	-30.05500,-0.18500
23	-30.05500,-0.18500
24	-30.03500,-0.30500
25	-30.03500,-0.30500
26	-30.32500,-0.20500
27	-30.07500,-0.16500
28	-30.24000,-0.00500
29	-29.44000,-0.00500
30	-29.44000,-0.00500
31	-29.44000,-0.00500
32	-29.44000,-0.00500
33	-29.44000,-0.00500
34	-29.44000,-0.00500
35	-29.44000,-0.00500