0	0.62833,-0.00500
1	0.62833,-0.00500
2	0.62833,-0.00500
3	0.62833,-0.00500
4	-0.12500,0.92500
5	-0.00500,0.80500
6	-0.00500,0.79500
7	-0.00500,0.79500
8	-0.00500,0.79500
9	-0.00500,0.79500
10	-0.00500,0.38500
11	-0.00500,0.38500
12	-0.00500,0.38500
13	-0.00500,0.38500
14	-0.00500,0.38500
15	-0.00500,0.38500
16	-0.00500,0.38500
17	-0.00500,0.38500
18	-0.54667,-0.16500
19	-0.56667,-0.35500
20	-0.59167,-0.33000
21	-0.54667,-0.37500
22	-0.54667,-0.37500
23	-0.54667,-0.37500
24	-0.44667,-0.29500
25	-0.27167,-0.34500
26	-0.56667,-0.28000
27	-0.31167,-0.16500
28	-0.43167,-0.00500
29	0.21833,-0.00500
30	0.21833,-0.00500
31	0.21833,-0.00500
32	0.21833,-0.00500
33	0.21833,-0.00500
34	0.21833,-0.00500
35	0.21833,-0.00500