0	0.73250,-30.03500
1	0.73250,-30.03500
2	0.73250,-30.03500
3	0.73250,-30.03500
4	-0.12500,-28.85500
5	-0.00500,-29.02000
6	-0.00500,-29.03000
7	-0.00500,-29.03000
8	-0.00500,-29.03000
9	-0.00500,-29.03000
10	-0.00500,-29.44000
11	-0.00500,-29.44000
12	-0.00500,-29.44000
13	-0.00500,-29.44000
14	-0.00500,-29.44000
15	-0.00500,-29.44000
16	-0.00500,-29.44000
17	-0.00500,-29.44000
18	-0.15750,-30.07500
19	-0.22500,-30.10000
20	-0.20500,-30.18500
21	-0.22500,-30.05500
22	-0.34250,-30.10500
23	-0.22500,-30.05500
24	-0.22500,-30.05500
25	-0.22500,-30.05500
26	-0.22500,-30.05500
27	-0.24500,-30.03500
28	-0.32500,-30.08500
29	-0.32500,-30.08500
30	-0.32500,-30.08500
31	-0.32500,-30.08500
32	0.32250,-30.03500
33	0.32250,-30.03500
34	0.32250,-30.03500
35	0.73250,-30.03500