0	-0.12500,-28.85500
1	-0.12500,-28.85500
2	-0.12500,-28.85500
3	-0.12500,-28.85500
4	-0.12500,-28.85500
5	-0.00500,-29.02000
6	-0.00500,-29.03000
7	-0.00500,-29.03000
8	-0.00500,-29.03000
9	-0.00500,-29.03000
10	-0.00500,-29.03000
11	-0.00500,-29.03000
12	-0.00500,-29.44000
13	-0.00500,-29.44000
14	-0.00500,-29.44000
15	-0.00500,-29.44000
16	-0.00500,-29.44000
17	-0.00500,-29.44000
18	-0.68000,-30.03500
19	-0.42500,-30.10000
20	-0.44500,-30.13500
21	-0.44500,-30.03500
22	-0.44500,-30.20000
23	-0.44500,-30.03500
24	-0.44500,-30.03500
25	-0.44500,-30.03500
26	-0.44500,-30.03500
27	-0.44500,-30.03500
28	-0.52500,-30.08500
29	-0.52500,-30.08500
30	-0.52500,-30.08500
31	-0.52500,-30.08500
32	-0.52500,-30.08500
33	0.01000,-30.03500
34	0.01000,-30.03500
35	0.42000,-30.03500