0	-29.03000,-30.03500
1	-29.03000,-30.03500
2	-29.03000,-30.03500
3	-29.03000,-30.03500
4	-29.02000,-30.03500
5	-30.03500,-29.02000
6	-30.03500,-29.03000
7	-30.03500,-29.03000
8	-30.03500,-29.03000
9	-30.03500,-29.03000
10	-30.03500,-29.03000
11	-30.03500,-29.44000
12	-30.03500,-29.44000
13	-30.03500,-29.44000
14	-30.03500,-29.44000
15	-30.08500,-30.20000
16	-30.08500,-30.20000
17	-30.08500,-30.20000
18	-30.03500,-30.07500
19	-30.05500,-30.05500
20	-30.05500,-30.05500
21	-30.05500,-30.05500
22	-30.05500,-30.05500
23	-30.05500,-30.05500
24	-30.05500,-30.05500
25	-30.03500,-30.25000
26	-30.13500,-30.08500
27	-30.07500,-30.03500
28	-30.20000,-30.08500
29	-30.20000,-30.08500
30	-30.20000,-30.08500
31	-29.44000,-30.03500
32	-29.44000,-30.03500
33	-29.44000,-30.03500
34	-29.44000,-30.03500
35	-29.03000,-30.03500