0	0.10000,0.10000
1	0.10000,0.10000
2	0.10000,0.10000
3	0.10000,0.10000
4	0.10000,0.10000
5	0.10000,0.10000
6	0.10000,0.10000
7	0.10000,0.10000
8	0.10000,0.10000
9	0.10000,0.10000
10	0.10000,0.10000
11	0.10000,0.10000
12	-0.26000,0.05000
13	-0.26000,0.05000
14	-0.26000,0.05000
15	-0.26000,0.05000
16	-0.26000,0.05000
17	-0.26000,0.05000
18	-0.15000,-0.15000
19	-0.15000,-0.15000
20	-0.15000,-0.15000
21	-0.15000,-0.15000
22	-0.15000,-0.15000
23	-0.15000,-0.15000
24	-0.15000,-0.15000
25	-0.15000,-0.15000
26	-0.15000,-0.15000
27	-0.15000,-0.15000
28	0.05000,-0.26000
29	0.05000,-0.26000
30	0.05000,-0.26000
31	0.05000,-0.26000
32	0.05000,-0.26000
33	0.05000,-0.26000
34	0.10000,0.10000
35	0.10000,0.10000